601229 上海银行 日线 前复权
      日期	    开盘	    最高	    最低	    收盘	    成交量	    成交额
2016/11/16,16.02,19.30,16.02,19.30,508759,12969184.00
2016/11/17,21.27,21.27,21.27,21.27,1099737,30957596.00
2016/11/18,23.44,23.44,22.32,22.88,246810995,7470089728.00
2016/11/21,22.29,22.29,21.39,21.53,159712942,4598344192.00
2016/11/22,21.35,21.75,21.25,21.48,91567886,2596461568.00
2016/11/23,21.50,21.92,21.28,21.37,101282831,2897466368.00
2016/11/24,21.23,21.25,20.56,20.60,99105019,2727105280.00
2016/11/25,20.55,20.91,20.39,20.68,49581467,1353382528.00
2016/11/28,20.73,20.92,20.58,20.62,48896608,1342214400.00
2016/11/29,20.55,20.55,19.96,20.02,70872035,1895133952.00
2016/11/30,19.99,19.99,19.65,19.77,39478466,1032798208.00
2016/12/01,19.75,19.97,19.72,19.85,29738100,781716352.00
2016/12/02,19.82,19.82,19.40,19.42,39102765,1014259072.00
2016/12/05,19.29,19.54,19.21,19.46,23213946,596716864.00
2016/12/06,19.43,19.68,19.38,19.52,24851316,644333376.00
2016/12/07,19.45,19.62,19.33,19.61,21562393,556258304.00
2016/12/08,19.60,19.98,19.56,19.81,46898778,1232205312.00
2016/12/09,19.73,19.96,19.61,19.77,44288000,1164178688.00
2016/12/12,19.68,19.88,18.81,18.83,50174800,1281228672.00
2016/12/13,18.82,18.83,18.32,18.50,31777792,781193664.00
2016/12/14,18.46,18.73,18.42,18.48,21921676,539646848.00
2016/12/15,18.43,18.56,18.32,18.42,24357169,595863104.00
2016/12/16,18.35,18.45,18.24,18.32,23744991,578022976.00
2016/12/19,18.29,18.30,17.88,17.92,27815401,666679296.00
2016/12/20,17.88,18.02,17.81,17.92,18909435,449385952.00
2016/12/21,17.96,18.41,17.90,18.25,30951982,745611264.00
2016/12/22,18.10,18.19,17.99,18.08,17537927,420802496.00
2016/12/23,18.07,18.07,17.72,17.72,20528949,486712800.00
2016/12/26,17.61,17.81,17.38,17.77,19761336,460557472.00
2016/12/27,17.69,17.75,17.58,17.60,12879870,301868896.00
2016/12/28,17.62,17.65,17.42,17.45,12545470,291990560.00
2016/12/29,17.47,17.68,17.46,17.49,14914778,347759072.00
2016/12/30,17.50,17.60,17.48,17.52,10993894,256020560.00
2017/01/03,17.56,17.91,17.55,17.76,20644985,487160256.00
2017/01/04,17.76,17.92,17.73,17.86,17730203,420003584.00
2017/01/05,17.88,17.89,17.67,17.69,17999621,424105632.00
2017/01/06,17.65,17.74,17.40,17.43,20938854,487582624.00
2017/01/09,17.40,17.54,17.37,17.49,12181330,282702144.00
2017/01/10,17.48,17.48,17.28,17.29,17279654,398376704.00
2017/01/11,17.24,17.26,16.88,16.95,25752050,584142784.00
2017/01/12,16.91,17.01,16.75,16.76,15848049,356016992.00
2017/01/13,16.73,16.77,16.46,16.57,23061966,509384096.00
2017/01/16,16.58,17.03,16.45,16.86,40341635,897626880.00
2017/01/17,16.72,16.96,16.60,16.88,22655072,504887168.00
2017/01/18,16.84,16.89,16.74,16.76,16158086,361233600.00
2017/01/19,16.72,17.10,16.63,16.96,25788922,579872384.00
2017/01/20,16.91,17.34,16.88,17.26,34557897,790232064.00
2017/01/23,17.24,17.52,17.23,17.33,27194865,628655488.00
2017/01/24,17.34,17.35,17.22,17.27,11467673,263375824.00
2017/01/25,17.22,17.38,17.16,17.32,10965625,252059104.00
2017/01/26,17.35,17.53,17.35,17.52,17483967,406064992.00
2017/02/03,17.52,17.55,17.23,17.25,11711785,269811840.00
2017/02/06,17.28,17.40,17.22,17.34,11601200,266738480.00
2017/02/07,17.33,17.34,17.08,17.15,14345570,327877216.00
2017/02/08,17.15,17.33,17.00,17.32,16727735,381422816.00
2017/02/09,17.29,17.48,17.25,17.40,21611436,499250144.00
2017/02/10,17.42,17.84,17.38,17.65,41010267,963866880.00
2017/02/13,17.66,18.53,17.66,18.17,64067244,1544644992.00
2017/02/14,18.20,18.26,17.82,17.98,29441049,702297728.00
2017/02/15,17.96,18.51,17.89,18.17,55659934,1350743552.00
2017/02/16,18.12,18.35,17.95,18.22,39384956,948900672.00
2017/02/17,18.08,18.35,17.84,17.85,35575002,853864640.00
2017/02/20,17.81,19.04,17.78,18.78,83268861,2045654656.00
2017/02/21,18.69,18.82,18.43,18.51,44536471,1095299456.00
2017/02/22,18.46,18.49,18.15,18.29,37529788,910207680.00
2017/02/23,18.23,18.44,18.16,18.28,24552943,595987584.00
2017/02/24,18.29,18.40,18.12,18.30,21864194,529317152.00
2017/02/27,18.22,18.25,18.02,18.04,19457180,468436416.00
2017/02/28,18.01,18.60,17.98,18.45,47372415,1157458432.00
2017/03/01,18.38,18.56,18.18,18.25,32510598,790754112.00
2017/03/02,18.27,18.50,18.22,18.35,35796363,872818240.00
2017/03/03,18.28,18.28,18.05,18.11,23847825,574134912.00
2017/03/06,18.12,18.23,17.99,18.17,19772842,475436864.00
2017/03/07,18.14,18.25,18.05,18.19,21176818,509831008.00
2017/03/08,18.18,18.22,18.02,18.05,22774958,547690944.00
2017/03/09,17.99,18.07,17.81,17.82,22679857,539781760.00
2017/03/10,17.78,17.89,17.78,17.80,11853692,280557696.00
2017/03/13,17.76,17.79,17.58,17.77,17704089,415681376.00
2017/03/14,17.82,18.08,17.78,17.95,23093152,550973568.00
2017/03/15,17.86,18.03,17.85,17.96,12988607,309482976.00
2017/03/16,17.99,18.41,17.99,18.32,45026096,1092374912.00
2017/03/17,18.33,18.33,18.08,18.12,29893418,721995968.00
2017/03/20,18.12,18.43,18.12,18.30,23653561,574084416.00
2017/03/21,18.31,18.37,18.12,18.19,16158349,389918336.00
2017/03/22,18.09,18.11,17.84,17.87,22572872,537702528.00
2017/03/23,17.85,18.03,17.78,17.90,15017876,357154624.00
2017/03/24,17.92,17.98,17.81,17.98,14627321,347316864.00
2017/03/27,17.97,18.31,17.94,18.18,26496396,638924928.00
2017/03/28,18.18,18.19,17.99,18.02,15850158,380129216.00
2017/03/29,18.06,18.12,17.71,17.77,18957905,450842176.00
2017/03/30,17.78,17.83,17.35,17.37,23027728,535689088.00
2017/03/31,17.38,18.29,17.38,18.06,53838040,1293068160.00
2017/04/05,17.85,17.97,17.63,17.95,25780279,610453376.00
2017/04/06,17.95,17.96,17.82,17.92,17760183,421767648.00
2017/04/07,17.90,18.06,17.85,17.95,19161147,456594176.00
2017/04/10,17.92,17.93,17.72,17.76,18771515,443683296.00
2017/04/11,17.73,17.88,17.60,17.88,19356286,456316864.00
2017/04/12,17.84,17.84,17.63,17.67,15527781,365392032.00
2017/04/13,17.65,17.75,17.55,17.58,11239282,263361616.00
2017/04/14,17.58,17.62,17.37,17.38,13745996,318860384.00
2017/04/17,17.32,17.32,17.01,17.14,15339465,349789216.00
2017/04/18,17.14,17.20,16.97,16.98,7503200,170683088.00
2017/04/19,16.98,17.18,16.92,17.09,13996555,317325088.00
2017/04/20,17.05,17.09,16.77,16.89,11822102,266095568.00
2017/04/21,16.90,17.09,16.90,16.98,9029613,203996576.00
2017/04/24,17.12,17.23,16.85,17.08,16541212,374998496.00
2017/04/25,17.08,17.35,17.03,17.23,14655698,335030560.00
2017/04/26,17.25,17.39,17.17,17.22,13527304,310618720.00
2017/04/27,17.13,17.14,16.88,17.10,15102852,341441760.00
2017/04/28,17.03,17.10,16.97,17.07,9598042,217327504.00
2017/05/02,17.07,17.08,16.79,16.81,14766776,331845152.00
2017/05/03,16.82,16.95,16.81,16.92,8550440,191951408.00
2017/05/04,16.85,17.06,16.79,16.91,10479845,235914256.00
2017/05/05,16.85,16.85,16.62,16.68,11696921,260332528.00
2017/05/08,16.67,16.75,16.62,16.65,8671629,192331200.00
2017/05/09,16.62,17.15,16.62,17.06,24654563,556387392.00
2017/05/10,16.99,17.58,16.92,17.18,40007423,919119040.00
2017/05/11,17.01,17.15,16.77,17.06,23677433,534608800.00
2017/05/12,17.00,17.50,16.99,17.43,38551949,889360960.00
2017/05/15,17.42,17.55,17.25,17.45,23576846,544832000.00
2017/05/16,17.38,17.43,17.18,17.42,20604915,473593792.00
2017/05/17,17.41,17.58,17.27,17.54,24665197,571121856.00
2017/05/18,17.37,17.49,17.24,17.34,19440854,448115360.00
2017/05/19,17.29,17.38,17.23,17.28,10134862,232754464.00
2017/05/22,17.24,17.32,16.99,17.00,12129294,276750304.00
2017/05/23,16.98,17.36,16.91,17.16,20371528,464619584.00
2017/05/24,17.11,17.12,16.69,16.98,14624193,328556128.00
2017/05/25,16.92,17.68,16.92,17.65,47950950,1112737920.00
2017/05/26,17.56,17.75,17.48,17.73,30907052,724727296.00
2017/05/31,17.91,18.38,17.78,18.00,47374560,1139626880.00
2017/06/01,17.93,18.54,17.90,18.42,63903353,1557685120.00
2017/06/02,18.45,18.81,18.36,18.64,67554828,1667346304.00
2017/06/05,18.39,18.56,18.24,18.32,28445570,694113664.00
2017/06/06,18.24,18.51,18.11,18.49,27251780,662649280.00
2017/06/07,18.40,18.67,18.37,18.52,29979389,735675328.00
2017/06/08,18.45,18.90,18.25,18.84,39627575,979873792.00
2017/06/09,18.80,18.95,18.66,18.90,34056520,851835712.00
2017/06/12,18.75,18.98,18.51,18.52,22590782,562340416.00
2017/06/13,18.48,18.63,18.35,18.56,12375576,303984800.00
2017/06/14,18.50,18.55,18.20,18.20,17590940,427703968.00
2017/06/15,18.19,18.40,18.15,18.31,12132301,294291648.00
2017/06/16,18.24,18.35,18.22,18.25,7491640,181803360.00
2017/06/19,18.25,18.51,18.23,18.46,11370745,278079552.00
2017/06/20,18.55,18.55,18.32,18.38,8793565,214478880.00
2017/06/21,18.46,18.73,18.35,18.72,19859297,489784864.00
2017/06/22,18.69,19.52,18.65,19.10,55200612,1406945408.00
2017/06/23,19.04,19.31,18.90,19.29,28561889,723555584.00
2017/06/26,19.22,19.42,19.15,19.19,23208300,592937792.00
2017/06/27,19.15,19.42,19.12,19.36,17454462,446815232.00
2017/06/28,19.35,19.44,19.11,19.13,17545387,448139328.00
2017/06/29,19.12,19.42,19.08,19.33,14963023,382230880.00
2017/06/30,19.23,19.34,19.13,19.26,10596350,270177760.00
2017/07/03,19.21,19.29,19.12,19.18,11908022,302779680.00
2017/07/04,19.15,19.18,18.86,18.88,14847215,373560384.00
2017/07/05,18.85,19.16,18.85,19.15,11405097,287778528.00
2017/07/06,19.12,19.15,18.90,19.00,10238759,258178512.00
2017/07/07,18.96,19.05,18.88,19.02,7643107,192407584.00
2017/07/10,19.02,19.02,18.73,18.85,12382102,309431808.00
2017/07/11,18.78,19.30,18.78,19.10,20686617,524687808.00
2017/07/12,19.19,19.58,19.17,19.52,29331039,755625728.00
2017/07/13,19.42,19.74,19.36,19.71,19756789,511875296.00
2017/07/14,19.68,19.80,19.52,19.67,14158028,368731904.00
2017/07/17,19.71,20.30,19.19,19.85,36752378,970069632.00
2017/07/18,19.65,20.12,19.60,20.10,20817079,547141952.00
2017/07/19,20.10,20.69,20.02,20.55,33639147,909707392.00
2017/07/20,20.68,20.71,20.30,20.45,15586214,318734080.00
2017/07/21,20.25,20.25,19.91,19.95,24642456,493181248.00
2017/07/24,19.88,20.80,19.65,20.34,32155677,647872320.00
2017/07/25,20.25,20.36,19.91,19.94,13902018,279659616.00
2017/07/26,19.83,20.15,19.67,19.75,13092009,259498512.00
2017/07/27,19.76,19.81,19.50,19.80,12060540,237131664.00
2017/07/28,19.73,20.37,19.63,19.80,20240300,403387680.00
2017/08/02,19.81,19.81,19.81,19.81,0,0.00
数据来源:通达信
