600074 保千里 日线 前复权
      日期	    开盘	    最高	    最低	    收盘	    成交量	    成交额
2010/10/08,3.79,3.97,3.76,3.86,42681268,224035408.00
2010/10/11,3.80,4.08,3.73,3.99,48326826,257382352.00
2010/10/12,3.91,4.01,3.84,3.91,29939422,158458896.00
2010/10/13,4.02,4.20,3.95,3.97,41555329,227982288.00
2010/10/14,3.99,3.99,3.73,3.74,34849997,180026048.00
2010/10/15,3.75,3.79,3.62,3.68,25664519,128502192.00
2010/10/18,3.67,3.80,3.59,3.73,23338303,117281056.00
2010/10/19,3.72,3.79,3.66,3.76,16602411,83797400.00
2010/10/20,3.69,3.79,3.66,3.71,19574792,98364776.00
2010/10/21,3.69,3.71,3.59,3.64,20756031,102149584.00
2010/10/22,3.64,3.89,3.62,3.85,38337537,197756752.00
2010/10/25,3.82,3.90,3.71,3.85,30047201,154715072.00
2010/10/26,3.85,3.85,3.70,3.78,21787306,111304072.00
2010/10/27,3.76,3.97,3.71,3.86,36131065,188314224.00
2010/10/28,3.85,3.89,3.73,3.76,19032147,97456464.00
2010/10/29,3.76,3.78,3.68,3.70,16547088,83147896.00
2010/11/01,3.69,3.77,3.67,3.73,18274913,92105968.00
2010/11/02,3.73,4.02,3.69,3.93,54036768,286371200.00
2010/11/03,3.90,3.92,3.81,3.84,20445121,106748480.00
2010/11/04,3.84,3.91,3.79,3.85,17662714,91846640.00
2010/11/05,3.90,3.98,3.85,3.87,20708566,109403744.00
2010/11/08,3.89,4.08,3.84,4.07,42047525,228401232.00
2010/11/09,4.03,4.04,3.92,4.02,24509092,132080720.00
2010/11/10,4.01,4.43,3.95,4.43,61843038,359027776.00
2010/11/11,4.51,4.77,4.43,4.44,98456699,613540416.00
2010/11/12,4.42,4.58,4.04,4.08,54711993,321460256.00
2010/11/15,4.08,4.24,3.90,4.23,27172369,149535888.00
2010/11/16,4.24,4.40,4.10,4.24,36268921,208257344.00
2010/11/17,4.18,4.39,4.01,4.10,29733554,171210288.00
2010/11/18,4.09,4.21,3.71,3.90,26763955,142053888.00
2010/11/19,3.91,3.98,3.79,3.96,17204841,90283464.00
2010/11/22,3.91,3.99,3.85,3.96,14239034,75740904.00
2010/11/23,3.95,3.95,3.76,3.79,13206887,68245312.00
2010/11/24,3.77,3.87,3.76,3.85,12297205,63547364.00
2010/11/25,3.86,4.19,3.83,4.08,29978275,164012064.00
2010/11/26,4.07,4.27,4.01,4.11,27420945,153719520.00
2010/11/29,4.05,4.13,3.91,4.04,13073276,71161232.00
2010/11/30,4.05,4.08,3.76,3.86,15314990,80752224.00
2010/12/01,3.86,3.95,3.81,3.90,8794535,46097576.00
2010/12/02,3.94,3.96,3.85,3.87,9884256,52241760.00
2010/12/03,3.86,3.90,3.76,3.82,9003657,46431764.00
2010/12/06,3.82,3.85,3.74,3.77,6411697,32822012.00
2010/12/07,3.76,3.79,3.62,3.79,8925015,44727816.00
2010/12/08,3.78,3.80,3.69,3.70,8095145,40938716.00
2010/12/09,3.70,3.70,3.55,3.56,9981283,48843336.00
2010/12/10,3.54,3.64,3.46,3.60,6486201,31220960.00
2010/12/13,3.60,3.70,3.60,3.70,6816785,33831876.00
2010/12/14,3.72,3.79,3.68,3.76,7594407,38555820.00
2010/12/15,3.74,3.75,3.65,3.68,7662316,38371296.00
2010/12/16,3.66,3.70,3.62,3.64,6378553,31599932.00
2010/12/17,3.63,3.69,3.62,3.64,5503745,27240264.00
2010/12/20,3.65,3.68,3.47,3.54,9234941,44435680.00
2010/12/21,3.54,3.58,3.47,3.56,7833646,37404636.00
2010/12/22,3.56,3.58,3.50,3.51,6745788,32265916.00
2010/12/23,3.51,3.52,3.42,3.42,7415862,34782680.00
2010/12/24,3.42,3.42,3.31,3.32,8887908,40309676.00
2010/12/27,3.31,3.37,3.10,3.19,7310300,32568828.00
2010/12/28,3.18,3.18,3.08,3.11,6935179,29367884.00
2010/12/29,3.12,3.18,3.11,3.17,4192627,17895818.00
2010/12/30,3.17,3.18,3.10,3.16,8401869,35672472.00
2010/12/31,3.19,3.48,3.17,3.48,21955157,100832632.00
2011/01/04,3.51,3.51,3.41,3.48,26232263,123120960.00
2011/01/05,3.44,3.50,3.41,3.45,10587210,49464728.00
2011/01/06,3.42,3.67,3.42,3.54,16913343,81300472.00
2011/01/07,3.50,3.59,3.48,3.51,9268527,44197440.00
2011/01/10,3.52,3.54,3.33,3.34,8289726,38452328.00
2011/01/11,3.33,3.37,3.25,3.36,6063938,27073766.00
2011/01/12,3.36,3.39,3.31,3.39,4469330,20303278.00
2011/01/13,3.38,3.47,3.37,3.42,4691157,21785296.00
2011/01/14,3.42,3.42,3.30,3.31,4244146,19122064.00
2011/01/17,3.25,3.28,3.14,3.15,5778836,25055036.00
2011/01/18,3.11,3.19,3.11,3.18,3028626,12955514.00
2011/01/19,3.20,3.50,3.20,3.50,14258605,67041388.00
2011/01/20,3.55,3.66,3.45,3.48,33478322,162260576.00
2011/01/21,3.48,3.63,3.41,3.54,21105256,100933224.00
2011/01/24,3.51,3.58,3.45,3.57,11793443,55891108.00
2011/01/25,3.54,3.54,3.28,3.34,11263859,51504648.00
2011/01/26,3.31,3.39,3.29,3.39,6243872,28330612.00
2011/01/27,3.38,3.43,3.30,3.39,8368021,38148456.00
2011/01/28,3.38,3.39,3.28,3.34,9261751,41704176.00
2011/01/31,3.31,3.51,3.29,3.47,12310250,57222168.00
2011/02/01,3.45,3.56,3.40,3.48,10549848,49996272.00
2011/02/09,3.46,3.63,3.42,3.57,12139266,58377852.00
2011/02/10,3.54,3.62,3.53,3.62,14218201,69000392.00
2011/02/11,3.60,3.79,3.56,3.73,22527415,112274656.00
2011/02/14,3.69,3.79,3.68,3.74,18513784,93585056.00
2011/02/15,3.74,3.90,3.70,3.79,23179022,119111096.00
2011/02/16,3.79,3.83,3.74,3.81,12533937,64250560.00
2011/02/17,3.78,3.80,3.66,3.74,18923196,95627624.00
2011/02/18,3.69,3.77,3.69,3.70,11349464,57355508.00
2011/02/21,3.70,3.80,3.69,3.79,15216412,77161016.00
2011/02/22,3.79,3.86,3.66,3.68,17642983,89540248.00
2011/02/23,3.65,3.71,3.62,3.68,10226124,50774100.00
2011/02/24,3.68,3.76,3.63,3.75,12610094,63655980.00
2011/02/25,3.76,3.96,3.75,3.86,33668517,177090672.00
2011/02/28,3.83,3.90,3.79,3.86,13594300,70938584.00
2011/03/01,3.87,3.94,3.82,3.87,13480241,70773088.00
2011/03/02,3.86,3.87,3.76,3.83,11947897,61701608.00
2011/03/03,3.82,3.90,3.73,3.75,14452689,74688240.00
2011/03/04,3.73,3.86,3.71,3.84,11855107,61050000.00
2011/03/07,3.85,3.90,3.83,3.88,14865720,77860768.00
2011/03/08,3.88,4.24,3.87,4.05,35680941,197157440.00
2011/03/09,4.01,4.09,3.95,4.06,17848164,96946936.00
2011/03/10,4.05,4.05,3.96,3.98,11584657,62646304.00
2011/03/11,3.96,4.01,3.91,3.95,11251568,60494720.00
2011/03/14,3.92,4.16,3.89,4.13,27915203,153592992.00
2011/03/15,4.13,4.13,3.90,4.04,21793440,118553120.00
2011/03/16,4.02,4.07,4.01,4.04,14059975,77057456.00
2011/03/17,4.02,4.02,3.85,3.88,16834069,89756296.00
2011/03/18,3.92,3.96,3.89,3.94,8283860,44108704.00
2011/03/21,3.91,3.97,3.82,3.84,10700322,56343896.00
2011/03/22,3.85,3.87,3.70,3.79,10384252,53047320.00
2011/03/23,3.77,3.93,3.76,3.92,9830526,51181836.00
2011/03/24,3.90,4.01,3.87,3.91,13251569,70846664.00
2011/03/25,3.91,3.96,3.87,3.92,10768129,57138116.00
2011/03/28,3.88,4.24,3.87,4.11,37246286,203292224.00
2011/03/29,4.07,4.22,3.99,4.03,39353544,218642272.00
2011/03/30,4.02,4.13,3.94,3.96,17284461,93658544.00
2011/03/31,3.96,3.97,3.69,3.73,14503620,76097816.00
2011/04/01,3.78,3.88,3.78,3.85,9584049,49730728.00
2011/04/06,3.81,3.93,3.79,3.90,9475088,49928776.00
2011/04/07,3.90,3.98,3.83,3.92,8668553,45789860.00
2011/04/08,3.89,4.00,3.88,3.93,11431181,60888036.00
2011/04/11,3.93,4.02,3.89,3.97,15094779,81088072.00
2011/04/12,3.99,4.01,3.89,3.92,14702824,78563736.00
2011/04/13,3.90,3.93,3.81,3.93,12831142,67221152.00
2011/04/14,3.91,3.92,3.85,3.88,9574702,50396352.00
2011/04/15,3.86,4.02,3.83,4.00,24058594,128138152.00
2011/04/18,3.96,4.05,3.95,4.04,25320156,137159328.00
2011/04/19,3.99,4.11,3.95,4.04,25565859,139692256.00
2011/04/20,4.02,4.13,3.99,4.05,20850676,114824120.00
2011/04/21,4.05,4.27,4.04,4.20,44286865,249890240.00
2011/04/22,4.17,4.21,4.01,4.04,29478177,163733152.00
2011/04/26,3.84,3.84,3.84,3.84,1342900,6983080.00
2011/04/27,3.65,3.78,3.65,3.65,53014066,263280464.00
2011/04/28,3.62,3.72,3.46,3.47,29467678,141753136.00
2011/04/29,3.47,3.56,3.42,3.53,11755809,55546664.00
2011/05/03,3.50,3.57,3.46,3.55,12641747,60416384.00
2011/05/04,3.55,3.61,3.47,3.48,12840468,61356500.00
2011/05/05,3.48,3.53,3.48,3.50,6295628,29891424.00
2011/05/06,3.48,3.64,3.44,3.62,14446286,69551448.00
2011/05/09,3.59,3.62,3.56,3.59,13673842,66589028.00
2011/05/10,3.59,3.62,3.54,3.60,7485513,36282160.00
2011/05/11,3.59,3.60,3.50,3.54,10780268,51803432.00
2011/05/12,3.51,3.58,3.49,3.50,10410258,49832184.00
2011/05/13,3.50,3.53,3.44,3.51,11674735,55195460.00
2011/05/16,3.48,3.51,3.47,3.48,9521958,44999144.00
2011/05/18,3.45,3.50,3.42,3.48,9403364,44178156.00
2011/05/19,3.48,3.56,3.48,3.48,10612304,50526720.00
2011/05/20,3.50,3.58,3.41,3.57,13302145,62916916.00
2011/05/23,3.53,3.55,3.39,3.39,16390837,77066040.00
2011/05/24,3.34,3.39,3.23,3.34,9198715,41004504.00
2011/05/25,3.31,3.51,3.28,3.48,15016179,69724120.00
2011/05/26,3.51,3.64,3.46,3.47,18183941,86312136.00
2011/05/27,3.44,3.47,3.30,3.30,10454285,47756848.00
2011/05/30,3.27,3.28,3.14,3.14,9458360,40656652.00
2011/05/31,3.11,3.17,3.00,3.14,8844251,37096624.00
2011/06/01,3.14,3.18,3.11,3.16,4560848,19474464.00
2011/06/02,3.11,3.15,3.03,3.06,5922557,24728752.00
2011/06/03,3.08,3.15,3.06,3.14,4726268,19995920.00
2011/06/07,3.13,3.19,3.11,3.17,4570896,19548872.00
2011/06/08,3.17,3.19,3.08,3.17,4717865,20048188.00
2011/06/09,3.17,3.19,3.10,3.10,4279561,18225812.00
2011/06/10,3.10,3.14,3.05,3.10,3970249,16631799.00
2011/06/13,3.09,3.11,3.03,3.11,2782547,11620046.00
2011/06/14,3.11,3.18,3.08,3.17,6063258,25854400.00
2011/06/15,3.16,3.17,3.11,3.12,3854008,16410653.00
2011/06/16,3.08,3.11,3.03,3.03,5356870,22249976.00
2011/06/17,3.03,3.08,3.03,3.04,3042120,12581090.00
2011/06/20,3.04,3.07,2.93,2.95,4611636,18609332.00
2011/06/21,2.96,3.02,2.94,3.01,3822289,15447684.00
2011/06/22,3.01,3.16,3.01,3.16,18737785,79965256.00
2011/06/23,3.16,3.31,3.13,3.21,19130677,83829672.00
2011/06/24,3.21,3.29,3.17,3.26,8395699,36893132.00
2011/06/27,3.25,3.42,3.25,3.39,11056033,50548440.00
2011/06/28,3.39,3.56,3.35,3.56,23744598,113713328.00
2011/06/29,3.58,3.70,3.52,3.56,20340789,99815632.00
2011/06/30,3.56,3.74,3.56,3.74,15664815,78354512.00
2011/07/01,3.69,3.93,3.69,3.91,33093394,174102336.00
2011/07/04,3.90,4.07,3.82,3.91,27294884,145712608.00
2011/07/05,3.91,4.04,3.82,4.04,18880820,100595160.00
2011/07/06,3.99,4.10,3.96,3.96,19253043,104927752.00
2011/07/07,3.91,3.99,3.85,3.87,13704902,72448720.00
2011/07/08,3.89,3.97,3.86,3.89,7199384,38012844.00
2011/07/11,3.91,4.08,3.89,4.08,13983012,76110360.00
2011/07/12,4.06,4.21,4.02,4.11,16920019,94914312.00
2011/07/13,4.10,4.25,4.10,4.21,12326402,70049952.00
2011/07/14,4.21,4.43,4.20,4.43,22670332,134833248.00
2011/07/15,4.49,4.58,4.37,4.47,22980800,139123472.00
2011/07/18,4.52,4.69,4.40,4.66,27762528,171973008.00
2011/07/19,4.66,4.90,4.60,4.90,29514058,192387760.00
2011/07/21,4.66,4.66,4.66,4.66,3764900,23756520.00
2011/07/22,4.42,4.42,4.42,4.42,2845500,17044544.00
2011/07/25,4.23,4.56,4.21,4.23,49241179,289814176.00
2011/07/26,4.13,4.44,4.12,4.44,23918770,138548240.00
2011/07/27,4.48,4.66,4.43,4.66,31000904,193987808.00
2011/07/28,4.69,4.90,4.64,4.90,26278106,171037536.00
2011/07/29,4.66,4.66,4.66,4.66,5158300,32548884.00
2011/08/01,4.42,4.42,4.42,4.42,1727800,10349522.00
2011/08/02,4.24,4.56,4.24,4.52,39619453,237156912.00
2011/08/03,4.36,4.46,4.30,4.31,24576169,145043920.00
2011/08/04,4.31,4.41,4.22,4.35,13746549,80295616.00
2011/08/05,4.28,4.38,4.17,4.34,10206496,59453056.00
2011/08/08,4.41,4.41,4.13,4.21,23994993,136342016.00
2011/08/09,4.13,4.22,4.00,4.17,18782064,104707280.00
2011/08/10,4.22,4.34,4.11,4.13,11363679,64645308.00
2011/08/11,4.04,4.11,3.92,4.05,20344700,110654184.00
2011/08/12,4.07,4.13,4.02,4.05,9611037,52952748.00
2011/08/15,4.09,4.25,4.04,4.25,13263730,74921960.00
2011/08/16,4.24,4.42,4.19,4.37,20831117,121764736.00
2011/08/17,4.43,4.43,4.28,4.33,7691037,45252232.00
2011/08/18,4.33,4.37,4.21,4.21,8643993,50389808.00
2011/08/19,4.13,4.26,4.10,4.24,9764738,55580916.00
2011/08/22,4.25,4.32,4.18,4.24,6621226,38195480.00
2011/08/23,4.23,4.28,4.12,4.18,7441009,42028944.00
2011/08/24,4.22,4.30,4.15,4.27,7853931,45037728.00
2011/08/25,4.27,4.39,4.24,4.32,9679965,56807952.00
2011/08/26,4.30,4.34,4.27,4.30,6879387,40068472.00
2011/08/29,4.31,4.31,4.16,4.21,7790217,44599624.00
2011/08/30,4.24,4.28,4.10,4.12,5845544,33049540.00
2011/08/31,4.16,4.17,4.08,4.12,3625772,20229792.00
2011/09/01,4.14,4.16,4.03,4.04,6267530,34693784.00
2011/09/02,4.03,4.11,3.84,3.85,15742687,83123496.00
2011/09/05,3.83,3.87,3.72,3.85,11398907,58553000.00
2011/09/06,3.82,3.87,3.77,3.85,3402666,17666102.00
2011/09/07,3.85,3.91,3.79,3.90,9633772,50348720.00
2011/09/08,3.90,4.06,3.87,4.01,11198946,60750096.00
2011/09/09,4.00,4.06,3.95,4.01,6067183,32882116.00
2011/09/13,3.95,3.96,3.82,3.94,5868065,30907684.00
2011/09/14,3.96,4.01,3.91,4.00,6362827,34201740.00
2011/09/15,4.00,4.07,3.93,3.95,5974800,32371296.00
2011/09/16,3.96,3.98,3.89,3.90,3761818,20011724.00
2011/09/19,3.94,3.95,3.84,3.90,4629062,24374720.00
2011/09/20,3.90,3.95,3.84,3.88,8516156,45033000.00
2011/09/21,3.90,4.04,3.85,4.03,7740012,41576248.00
2011/09/22,3.99,4.01,3.90,3.96,6755340,36258580.00
2011/09/23,3.93,3.96,3.84,3.96,6293190,33357244.00
2011/09/26,3.96,3.99,3.89,3.95,3789460,20209956.00
2011/09/27,3.95,4.15,3.92,4.15,26798345,150088016.00
2011/09/28,4.15,4.27,4.13,4.16,14808542,83938320.00
2011/09/29,4.16,4.17,4.04,4.10,8785526,48736832.00
2011/09/30,4.09,4.13,3.89,4.07,7610102,41410324.00
2011/10/10,4.08,4.14,3.98,4.07,5299721,29137216.00
2011/10/11,4.10,4.20,4.04,4.11,11767117,65767992.00
2011/10/12,4.09,4.18,4.08,4.16,8540458,47990192.00
2011/10/13,4.16,4.16,4.04,4.12,10971577,60942744.00
2011/10/14,4.11,4.12,3.99,4.08,7239128,39735220.00
2011/10/17,4.08,4.18,4.03,4.16,8025524,44843544.00
2011/10/18,4.13,4.16,4.07,4.10,3878358,21560376.00
2011/10/19,4.12,4.16,3.98,4.06,9845835,54015352.00
2011/10/20,4.02,4.02,3.92,3.99,4954366,26619464.00
2011/10/21,3.98,4.02,3.90,4.01,4090109,21967804.00
2011/10/24,3.98,4.04,3.91,4.01,6333916,34258304.00
2011/10/25,4.02,4.21,4.01,4.21,19568710,111027568.00
2011/10/26,4.26,4.31,4.16,4.24,11851932,67934840.00
2011/10/27,4.21,4.41,4.20,4.41,11464578,67218304.00
2011/10/28,4.49,4.56,4.41,4.55,15096608,91694632.00
2011/10/31,4.48,4.61,4.46,4.51,11467373,70608152.00
2011/11/01,4.46,4.61,4.45,4.55,8811873,53994244.00
2011/11/02,4.47,4.54,4.46,4.49,5975412,36462288.00
2011/11/03,4.50,4.55,4.36,4.49,15773654,94816296.00
2011/11/04,4.46,4.58,4.43,4.50,9679262,59376280.00
2011/11/07,4.52,4.55,4.46,4.52,4552332,27770684.00
2011/11/08,4.52,4.58,4.48,4.56,8557642,52637652.00
2011/11/09,4.55,4.61,4.53,4.56,5440040,33608848.00
2011/11/10,4.53,4.58,4.43,4.44,7916550,48099796.00
2011/11/11,4.45,4.47,4.34,4.38,8279569,49117448.00
2011/11/14,4.39,4.58,4.38,4.51,7724746,47049832.00
2011/11/15,4.53,4.56,4.45,4.47,5779724,35196916.00
2011/11/16,4.45,4.50,4.27,4.30,9230025,54637416.00
2011/11/17,4.28,4.38,4.19,4.37,8678322,50477000.00
2011/11/18,4.33,4.34,4.15,4.15,8433800,48043884.00
2011/11/21,4.10,4.17,3.94,3.94,13654570,73925144.00
2011/11/22,3.74,3.74,3.74,3.74,5571300,28246492.00
2011/11/23,3.58,3.68,3.56,3.56,24313491,117972656.00
2011/11/24,3.47,3.53,3.38,3.38,25914544,119701392.00
2011/11/25,3.29,3.37,3.21,3.23,24578367,108920096.00
2011/11/28,3.23,3.25,3.07,3.08,24289118,103021560.00
2011/11/29,3.08,3.22,3.00,3.17,25059284,105643440.00
2011/11/30,3.14,3.23,3.05,3.21,20884537,89045768.00
2011/12/01,3.26,3.30,3.20,3.21,14562315,63941620.00
2011/12/02,3.20,3.20,3.07,3.10,6185987,26124766.00
2011/12/05,3.08,3.09,2.94,2.94,7495453,30467144.00
2011/12/06,2.92,2.93,2.80,2.80,7157300,27208530.00
2011/12/07,2.69,2.73,2.66,2.67,21053266,76354976.00
2011/12/08,2.55,2.66,2.54,2.59,25700875,89703680.00
2011/12/09,2.56,2.63,2.46,2.49,14102503,48808796.00
2011/12/12,2.49,2.55,2.45,2.49,7725851,26192726.00
2011/12/13,2.49,2.52,2.37,2.37,8791304,28721224.00
2011/12/14,2.32,2.35,2.25,2.25,12915643,39610912.00
2011/12/15,2.15,2.18,2.14,2.14,8824176,25613896.00
2011/12/16,2.14,2.16,2.04,2.13,16844658,47256164.00
2011/12/19,2.08,2.10,2.02,2.07,16028649,44278228.00
2011/12/20,2.04,2.18,2.04,2.16,10715800,31295102.00
2011/12/21,2.18,2.27,2.13,2.17,20187089,60168600.00
2011/12/22,2.13,2.13,2.06,2.06,11511459,32338608.00
2011/12/23,2.04,2.16,2.03,2.16,14533878,42051760.00
2011/12/26,2.16,2.23,2.15,2.18,12886765,38375468.00
2011/12/27,2.17,2.22,2.14,2.17,4978758,14696276.00
2011/12/28,2.16,2.20,2.06,2.19,10545272,29889376.00
2011/12/29,2.16,2.24,2.13,2.19,7019461,20793366.00
2011/12/30,2.22,2.22,2.16,2.19,8113247,24008830.00
2012/01/04,2.21,2.26,2.17,2.17,8821395,26480302.00
2012/01/05,2.11,2.13,2.06,2.06,7308365,20583844.00
2012/01/06,2.06,2.07,1.97,2.06,5594826,15285764.00
2012/01/09,2.05,2.16,2.05,2.14,5801815,16635583.00
2012/01/10,2.13,2.22,2.13,2.22,8405284,24879156.00
2012/01/11,2.22,2.25,2.17,2.23,7731576,23134336.00
2012/01/12,2.21,2.25,2.20,2.21,4216768,12683469.00
2012/01/13,2.20,2.21,2.10,2.10,7507790,21580238.00
2012/01/16,2.07,2.10,2.01,2.04,3110215,8673045.00
2012/01/17,2.03,2.14,2.03,2.14,5453166,15655654.00
2012/01/18,2.16,2.24,2.11,2.20,9556433,28280896.00
2012/01/19,2.21,2.26,2.19,2.21,5412970,16258667.00
2012/01/20,2.23,2.24,2.16,2.21,4032165,12034386.00
2012/01/30,2.32,2.32,2.32,2.32,2014623,6346062.00
2012/01/31,2.44,2.44,2.44,2.44,1333544,4414031.00
2012/02/01,2.57,2.57,2.57,2.57,1858661,6468140.00
2012/02/02,2.69,2.69,2.50,2.57,23892965,83904824.00
2012/02/03,2.60,2.69,2.60,2.69,7892096,28652856.00
2012/02/06,2.81,2.83,2.77,2.83,5616834,21459216.00
2012/02/07,2.79,2.80,2.69,2.72,26796839,98508992.00
2012/02/08,2.70,2.75,2.59,2.70,14709170,53209780.00
2012/02/09,2.69,2.73,2.63,2.65,11472464,41564188.00
2012/02/10,2.65,2.78,2.65,2.78,16399745,61048268.00
2012/02/13,2.82,2.86,2.73,2.75,19234044,72624288.00
2012/02/14,2.73,2.84,2.73,2.80,11620859,43745256.00
2012/02/15,2.81,2.94,2.77,2.88,22078653,86216656.00
2012/02/16,2.88,2.88,2.74,2.79,16119371,60982888.00
2012/02/17,2.77,2.80,2.65,2.69,12292824,44929720.00
2012/02/20,2.72,2.74,2.66,2.69,7721076,28170076.00
2012/02/21,2.69,2.72,2.65,2.70,7074775,25745002.00
2012/02/22,2.70,2.78,2.66,2.74,9346406,34679388.00
2012/02/23,2.73,2.76,2.69,2.72,8066423,29665294.00
2012/02/24,2.75,2.85,2.72,2.80,15110993,57278576.00
2012/02/27,2.83,2.84,2.78,2.80,9731323,37032624.00
2012/02/28,2.80,2.80,2.66,2.70,12262886,45049984.00
2012/02/29,2.70,2.72,2.62,2.69,7301245,26469624.00
2012/03/01,2.68,2.72,2.66,2.69,3617738,13167722.00
2012/03/02,2.69,2.73,2.69,2.72,4675091,17155372.00
2012/03/05,2.72,2.77,2.71,2.75,6467268,24022812.00
2012/03/06,2.75,2.75,2.66,2.69,4551379,16638233.00
2012/03/07,2.66,2.72,2.64,2.68,4676467,16998688.00
2012/03/08,2.68,2.72,2.67,2.70,4184468,15275496.00
2012/03/09,2.69,2.76,2.69,2.74,6639363,24570896.00
2012/03/12,2.73,2.79,2.72,2.75,5394862,20170850.00
2012/03/13,2.74,2.79,2.74,2.78,6632442,24898154.00
2012/03/14,2.79,2.81,2.64,2.64,11257922,41387648.00
2012/03/15,2.62,2.66,2.51,2.52,8769681,30315276.00
2012/03/16,2.51,2.55,2.49,2.55,4725732,16192278.00
2012/03/19,2.56,2.56,2.52,2.55,4470108,15414686.00
2012/03/20,2.55,2.55,2.46,2.48,5402625,18286686.00
2012/03/21,2.49,2.51,2.39,2.43,4451887,14791735.00
2012/03/22,2.42,2.46,2.38,2.45,3442455,11249850.00
2012/03/23,2.44,2.50,2.40,2.46,5371637,17878404.00
2012/03/26,2.46,2.46,2.38,2.41,3381042,11139812.00
2012/03/27,2.40,2.44,2.40,2.41,2610040,8540580.00
2012/03/28,2.41,2.41,2.30,2.30,4688190,14690243.00
2012/03/29,2.26,2.26,2.18,2.21,4842822,14468338.00
2012/03/30,2.20,2.24,2.19,2.21,2554896,7661375.00
2012/04/05,2.22,2.32,2.22,2.32,2764631,8665303.00
2012/04/06,2.39,2.44,2.36,2.44,6592299,21555074.00
2012/04/09,2.51,2.57,2.45,2.49,13484632,46238424.00
2012/04/10,2.49,2.49,2.36,2.46,10059189,32506796.00
2012/04/11,2.42,2.44,2.36,2.41,5012347,16325657.00
2012/04/12,2.41,2.49,2.40,2.48,4586916,15311124.00
2012/04/13,2.46,2.55,2.46,2.48,4394273,14849501.00
2012/04/16,2.48,2.52,2.44,2.51,4258547,14378887.00
2012/04/17,2.49,2.53,2.46,2.47,3015018,10151066.00
2012/04/18,2.47,2.52,2.45,2.52,4161500,14043810.00
2012/04/19,2.51,2.64,2.49,2.64,13748036,48605084.00
2012/04/20,2.62,2.65,2.60,2.63,5878132,20899180.00
2012/04/23,2.63,2.71,2.49,2.51,6930674,24357004.00
2012/04/24,2.49,2.49,2.38,2.42,9643139,31442032.00
2012/04/25,2.41,2.47,2.38,2.47,4923226,16274814.00
2012/04/26,2.47,2.51,2.44,2.47,4196663,14010814.00
2012/04/27,2.47,2.60,2.46,2.57,8103355,28046220.00
2012/05/02,2.44,2.49,2.44,2.44,5736800,19009974.00
2012/05/03,2.32,2.35,2.32,2.32,3570200,11225102.00
2012/05/04,2.20,2.35,2.20,2.30,10041262,30864408.00
2012/05/07,2.23,2.32,2.23,2.25,6599831,20224470.00
2012/05/08,2.26,2.32,2.23,2.30,5211218,16137384.00
2012/05/09,2.30,2.30,2.22,2.27,3924628,11971568.00
2012/05/10,2.27,2.29,2.24,2.26,3356259,10289894.00
2012/05/11,2.25,2.31,2.25,2.31,4766535,14794193.00
2012/05/14,2.32,2.32,2.26,2.27,4971130,15382264.00
2012/05/15,2.25,2.27,2.21,2.26,2445499,7439780.00
2012/05/16,2.26,2.26,2.23,2.23,3154168,9571064.00
2012/05/17,2.24,2.26,2.22,2.26,2506038,7621826.00
2012/05/18,2.25,2.27,2.22,2.23,2265006,6872343.00
2012/05/21,2.21,2.26,2.20,2.21,2117101,6352794.00
2012/05/22,2.21,2.25,2.21,2.23,1611561,4865666.00
2012/05/23,2.23,2.23,2.20,2.21,2291050,6868181.00
2012/05/24,2.22,2.22,2.15,2.16,3322835,9798755.00
2012/05/25,2.16,2.16,2.04,2.10,3941988,11161396.00
2012/05/28,2.08,2.15,2.04,2.13,3436599,9822764.00
2012/05/29,2.13,2.21,2.13,2.21,3853073,11358884.00
2012/05/30,2.21,2.21,2.19,2.20,2715556,8098835.00
2012/05/31,2.20,2.24,2.18,2.22,2145607,6458801.00
2012/06/01,2.24,2.27,2.23,2.24,2928744,8923165.00
2012/06/04,2.19,2.21,2.14,2.14,2542326,7476071.00
2012/06/05,2.13,2.17,2.13,2.15,2428043,7059480.00
2012/06/06,2.16,2.16,2.12,2.14,2183413,6324468.00
2012/06/07,2.15,2.18,2.14,2.16,2455091,7201746.00
2012/06/12,2.27,2.27,2.27,2.27,1223931,3757468.00
2012/06/13,2.38,2.38,2.38,2.38,3345653,10773003.00
2012/06/14,2.46,2.46,2.32,2.32,12571352,40722676.00
2012/06/15,2.31,2.35,2.28,2.33,5524235,17363124.00
2012/06/18,2.31,2.33,2.28,2.30,4067310,12680387.00
2012/06/19,2.30,2.37,2.27,2.32,4143701,13042441.00
2012/06/20,2.32,2.35,2.30,2.31,2494510,7841902.00
2012/06/25,2.29,2.29,2.19,2.19,3715600,11236291.00
2012/06/26,2.15,2.27,2.15,2.24,3084023,9288072.00
2012/06/27,2.24,2.27,2.20,2.21,1593900,4801575.00
2012/06/28,2.21,2.23,2.18,2.18,1470011,4370925.00
2012/06/29,2.16,2.21,2.15,2.18,2144410,6340415.00
2012/07/02,2.23,2.23,2.19,2.21,2029021,6056266.00
2012/07/03,2.21,2.32,2.19,2.31,6992904,21815300.00
2012/07/04,2.33,2.35,2.27,2.33,4740045,14820251.00
2012/07/05,2.32,2.32,2.27,2.30,2338879,7263523.00
2012/07/06,2.29,2.35,2.27,2.34,2536414,7955811.00
2012/07/09,2.34,2.35,2.30,2.32,2449798,7702058.00
2012/07/10,2.32,2.32,2.26,2.31,1793043,5560348.00
2012/07/11,2.27,2.33,2.27,2.32,1677805,5221052.00
2012/07/12,2.33,2.34,2.30,2.32,1846024,5801693.00
2012/07/13,2.32,2.44,2.30,2.39,5281483,17144448.00
2012/07/16,2.37,2.46,2.33,2.37,5798148,18906072.00
2012/07/17,2.37,2.40,2.31,2.38,3089982,9842674.00
2012/07/18,2.38,2.44,2.36,2.43,3806493,12379374.00
2012/07/19,2.43,2.48,2.41,2.42,4037372,13407041.00
2012/07/20,2.43,2.46,2.40,2.43,1950351,6393090.00
2012/07/23,2.41,2.43,2.35,2.39,2136602,6900888.00
2012/07/24,2.36,2.43,2.36,2.42,2461994,8005783.00
2012/07/25,2.41,2.46,2.38,2.41,1907550,6237911.00
2012/07/26,2.42,2.42,2.36,2.39,1283324,4149022.00
2012/07/27,2.39,2.40,2.35,2.38,1610468,5182128.00
2012/07/30,2.27,2.27,2.27,2.27,855800,2627306.00
2012/07/31,2.16,2.16,2.16,2.16,1017100,2969932.00
2012/08/01,2.04,2.04,2.04,2.04,2325300,6441081.00
2012/08/02,1.94,2.04,1.94,1.94,7656801,20267488.00
2012/08/03,1.92,1.96,1.91,1.95,3139615,8273156.00
2012/08/06,1.96,2.04,1.96,2.04,4565804,12388964.00
2012/08/07,2.07,2.08,2.01,2.04,3604967,9960395.00
2012/08/08,2.07,2.07,1.99,2.04,2979656,8160472.00
2012/08/09,2.00,2.04,1.99,2.03,2418347,6619751.00
2012/08/10,2.03,2.05,2.01,2.03,1443565,3982471.00
2012/08/13,2.03,2.03,1.96,1.98,2257000,6080398.00
2012/08/14,1.99,2.01,1.93,1.99,1681534,4484363.00
2012/08/15,1.99,2.03,1.96,1.99,1151351,3104737.00
2012/08/16,1.99,2.08,1.97,2.04,5347029,14814531.00
2012/08/17,2.05,2.06,1.99,2.00,2920621,7943978.00
2012/08/20,1.99,2.03,1.96,2.02,1699091,4617784.00
2012/08/21,2.13,2.13,2.13,2.13,1810382,5213900.00
2012/08/22,2.23,2.23,2.23,2.23,1831603,5531441.00
2012/08/23,2.34,2.34,2.34,2.34,4512183,14303620.00
2012/08/24,2.44,2.44,2.22,2.26,15728690,48165576.00
2012/08/27,2.37,2.37,2.37,2.37,3807936,12223475.00
2012/08/28,2.37,2.49,2.30,2.49,28057530,92593856.00
2012/08/29,2.43,2.57,2.41,2.55,19863534,67307656.00
2012/08/30,2.50,2.52,2.42,2.42,11385589,37586424.00
2012/09/04,2.47,2.61,2.42,2.44,30647452,103430240.00
2012/09/05,2.38,2.40,2.25,2.34,16045317,50397312.00
2012/09/06,2.30,2.38,2.28,2.32,8379314,26312336.00
2012/09/07,2.32,2.40,2.28,2.35,14068493,44675372.00
2012/09/10,2.34,2.37,2.32,2.35,9467263,30044600.00
2012/09/11,2.35,2.48,2.32,2.43,13396269,43955156.00
2012/09/12,2.43,2.47,2.38,2.45,8468519,27732456.00
2012/09/13,2.44,2.47,2.35,2.35,7599513,24839496.00
2012/09/14,2.33,2.37,2.31,2.33,4946034,15683683.00
2012/09/17,2.34,2.37,2.24,2.25,4852699,15072234.00
2012/09/18,2.25,2.32,2.23,2.27,3049999,9417922.00
2012/09/19,2.27,2.31,2.27,2.30,2815922,8747425.00
2012/09/20,2.30,2.30,2.18,2.21,4980570,15074946.00
2012/09/21,2.21,2.27,2.17,2.18,3261811,9797221.00
2012/09/24,2.18,2.23,2.15,2.18,2535655,7539920.00
2012/09/25,2.18,2.26,2.18,2.24,2662196,8031374.00
2012/09/26,2.23,2.46,2.22,2.46,16062605,53166640.00
2012/11/19,2.70,2.70,2.48,2.55,33351540,118069840.00
2012/11/20,2.49,2.81,2.44,2.81,16496065,60258252.00
2012/11/21,2.94,3.09,2.89,3.09,56398264,232226848.00
2012/11/22,3.09,3.18,2.95,3.06,41975658,173967952.00
2012/11/23,2.99,3.03,2.79,2.80,34971659,137242368.00
2012/11/26,2.75,3.08,2.75,3.08,30729646,123594792.00
2012/11/27,3.21,3.38,2.91,2.97,53459930,228361568.00
2012/11/28,2.81,2.94,2.68,2.91,34128613,129415520.00
2012/11/29,2.87,3.20,2.81,3.12,67859094,285805376.00
2012/11/30,3.03,3.16,2.86,2.98,48996452,199716528.00
2012/12/03,2.87,2.97,2.77,2.89,28527303,111626832.00
2012/12/04,2.83,2.99,2.69,2.86,27737129,106702280.00
2012/12/05,2.85,3.15,2.78,3.05,49919460,204245856.00
2012/12/06,2.99,3.06,2.86,2.89,32381149,129524832.00
2012/12/07,2.86,3.14,2.83,3.05,37379439,151638256.00
2012/12/10,3.03,3.35,2.98,3.35,51862544,229090176.00
2012/12/11,3.47,3.54,3.17,3.25,62735650,282895296.00
2012/12/12,3.17,3.25,3.06,3.23,35565676,151826496.00
2012/12/13,3.19,3.20,3.06,3.08,20573751,87207688.00
2012/12/14,3.03,3.26,3.03,3.15,28251011,121035448.00
2012/12/17,3.11,3.19,3.08,3.13,21505231,91195872.00
2012/12/18,3.14,3.16,2.94,2.98,26409343,109257184.00
2012/12/19,2.98,3.00,2.89,2.97,17330565,69151304.00
2012/12/20,2.94,2.97,2.89,2.95,12866564,51056668.00
2012/12/21,2.95,2.99,2.90,2.97,12031141,48140200.00
2012/12/24,2.96,3.17,2.95,3.08,24700604,103878032.00
2012/12/25,3.05,3.11,3.01,3.11,18153697,75574320.00
2012/12/26,3.10,3.11,3.04,3.08,12842799,53504932.00
2012/12/27,3.06,3.08,2.92,2.97,20749779,83767896.00
2012/12/28,2.94,2.99,2.92,2.96,10973817,43964128.00
2012/12/31,2.96,3.03,2.95,2.98,8624480,34870716.00
2013/01/04,2.99,3.01,2.92,2.95,8794519,35133464.00
2013/01/07,2.94,3.08,2.92,3.03,15078151,61590776.00
2013/01/08,3.03,3.03,2.95,3.00,9046400,36629652.00
2013/01/09,2.99,3.04,2.97,3.01,9319024,37931748.00
2013/01/10,3.00,3.01,2.97,3.00,8357613,33834568.00
2013/01/11,2.99,3.00,2.83,2.85,11343233,44897456.00
2013/01/14,2.82,2.93,2.82,2.92,8715025,34171304.00
2013/01/15,2.89,2.98,2.89,2.96,7806967,31071832.00
2013/01/16,2.95,2.98,2.89,2.93,7553811,30059088.00
2013/01/17,2.94,3.23,2.94,3.23,19381053,83293208.00
2013/01/18,3.31,3.54,3.24,3.36,53057440,242939200.00
2013/01/21,3.25,3.31,3.17,3.20,29619103,128980184.00
2013/01/22,3.13,3.18,3.06,3.10,18608156,78159720.00
2013/01/23,3.07,3.13,3.06,3.10,10765747,45113748.00
2013/01/24,3.11,3.12,2.95,2.97,14293586,58609104.00
2013/01/25,2.97,3.00,2.95,2.99,5818955,23498284.00
2013/01/28,2.99,3.05,2.96,3.04,8212353,33435606.00
2013/01/29,3.01,3.07,3.00,3.06,8047885,33245576.00
2013/01/30,3.06,3.06,2.99,3.03,6010569,24605932.00
2013/01/31,3.01,3.02,2.99,3.00,5318937,21610336.00
2013/02/01,2.98,3.24,2.98,3.07,14334774,60619320.00
2013/02/04,3.06,3.10,3.04,3.06,7137104,29674864.00
2013/02/05,3.04,3.07,2.97,3.04,6207405,25405364.00
2013/02/06,3.04,3.14,3.01,3.11,7943676,33075976.00
2013/02/07,3.10,3.11,3.06,3.09,5802341,24285456.00
2013/02/08,3.09,3.13,3.08,3.12,4907588,20619064.00
2013/02/18,3.17,3.29,3.16,3.19,13226145,57796344.00
2013/02/19,3.19,3.19,3.08,3.10,6273256,26510306.00
2013/02/20,3.10,3.14,3.08,3.13,5133793,21647640.00
2013/02/21,3.13,3.13,3.03,3.07,6150036,25594040.00
2013/02/22,3.08,3.11,3.05,3.07,3522686,14749423.00
2013/02/25,3.06,3.12,3.06,3.08,4156923,17356842.00
2013/02/26,3.09,3.23,3.06,3.11,9579783,40856280.00
2013/02/27,3.08,3.16,3.07,3.09,4863705,20442208.00
2013/02/28,3.09,3.12,3.01,3.11,7013958,29226096.00
2013/03/01,3.14,3.21,3.08,3.17,10865049,46456488.00
2013/03/04,3.17,3.49,3.14,3.31,33116525,149753120.00
2013/03/05,3.29,3.41,3.20,3.36,20068728,90469056.00
2013/03/06,3.33,3.42,3.29,3.34,12351487,55937332.00
2013/03/07,3.34,3.38,3.21,3.24,11186173,49563712.00
2013/03/08,3.17,3.34,3.17,3.29,8983586,39758244.00
2013/03/11,3.28,3.37,3.24,3.32,8570051,38581960.00
2013/03/12,3.31,3.37,3.18,3.25,8703934,38521632.00
2013/03/13,3.23,3.28,3.12,3.13,6822444,29397884.00
2013/03/14,3.13,3.17,3.08,3.09,5884616,24856432.00
2013/03/15,3.11,3.17,3.04,3.11,5365238,22577984.00
2013/03/18,3.08,3.14,3.05,3.07,4744930,19863528.00
2013/03/19,3.07,3.07,3.01,3.05,4327227,17831560.00
2013/03/20,3.06,3.14,3.05,3.11,5158280,21634868.00
2013/03/21,3.13,3.15,3.08,3.11,4532762,19163564.00
2013/03/22,3.11,3.20,3.10,3.17,6897352,29461794.00
2013/03/25,3.20,3.23,3.13,3.17,4729379,20331540.00
2013/03/26,3.17,3.20,3.08,3.11,5673061,23987576.00
2013/03/27,3.11,3.14,3.04,3.12,4959126,20749064.00
2013/03/28,3.10,3.11,3.01,3.04,4207340,17417434.00
2013/03/29,3.03,3.10,3.03,3.05,2777935,11526974.00
2013/04/01,3.05,3.08,3.04,3.08,2703089,11213289.00
2013/04/02,3.09,3.10,2.98,3.00,4666892,19152580.00
2013/04/03,2.99,3.08,2.95,3.03,3713447,15212919.00
2013/04/08,3.03,3.08,3.00,3.05,2686119,11074701.00
2013/04/09,3.06,3.07,3.03,3.05,3017423,12432066.00
2013/04/10,3.02,3.05,2.97,3.00,3759176,15230614.00
2013/04/11,3.00,3.02,2.97,3.00,2031377,8237473.00
2013/04/12,3.00,3.02,2.96,2.96,2162901,8737025.00
2013/04/15,2.96,3.00,2.94,2.96,1852643,7439690.00
2013/04/16,2.96,2.96,2.83,2.96,3289530,12936215.00
2013/04/17,2.96,2.97,2.92,2.97,2285416,9127673.00
2013/04/18,2.97,3.00,2.93,3.00,2423305,9766820.00
2013/04/19,2.99,3.06,2.99,3.06,2945559,12142538.00
2013/04/22,3.03,3.05,3.00,3.02,2345570,9592479.00
2013/04/23,3.01,3.03,2.93,2.95,3723298,14955197.00
2013/04/24,2.96,3.00,2.94,3.00,2943805,11852520.00
2013/04/25,2.97,3.01,2.92,2.92,3572036,14295082.00
2013/05/03,2.77,2.77,2.77,2.77,3328000,12513280.00
2013/05/06,2.63,2.63,2.63,2.63,3685200,13156164.00
2013/05/07,2.52,2.77,2.52,2.75,17369257,62795484.00
2013/05/08,2.70,2.76,2.69,2.71,6285071,23204374.00
2013/05/09,2.71,2.75,2.70,2.74,4912871,18130864.00
2013/05/10,2.77,2.87,2.72,2.85,5264707,19990586.00
2013/05/13,2.86,2.98,2.85,2.98,6053349,24195122.00
2013/05/14,2.96,3.07,2.94,2.96,5860653,23800196.00
2013/05/15,3.00,3.00,2.94,2.95,2346842,9457077.00
2013/05/16,2.94,3.01,2.93,3.00,4184246,16804372.00
2013/05/17,3.00,3.00,2.94,2.95,4360381,17510672.00
2013/05/20,2.95,3.10,2.95,3.02,4924927,20271676.00
2013/05/21,3.04,3.07,3.00,3.03,3585575,14720402.00
2013/05/22,3.03,3.06,2.97,2.98,3470822,14052495.00
2013/05/23,2.98,3.02,2.97,3.00,4218723,17166596.00
2013/05/24,3.02,3.06,3.00,3.01,4802315,19717960.00
2013/05/27,3.02,3.10,3.01,3.08,7443926,30957182.00
2013/05/28,3.10,3.16,3.05,3.08,6954592,29130032.00
2013/05/29,3.10,3.13,2.93,2.94,16712197,68142824.00
2013/05/30,2.97,3.08,2.88,3.06,22423445,91352536.00
2014/05/27,3.37,3.37,3.37,3.37,52614,177309.00
2014/05/28,3.71,3.71,3.71,3.71,24943,92539.00
2014/05/29,4.08,4.08,4.08,4.08,42902,175040.00
2014/05/30,4.49,4.49,4.49,4.49,111511,500684.00
2014/06/03,4.94,4.94,4.94,4.94,295954,1462013.00
2014/06/04,5.43,5.43,5.43,5.43,3900773,21181196.00
2014/06/05,5.97,5.97,5.90,5.97,85838418,512024032.00
2014/06/06,5.77,5.86,5.45,5.51,68238140,386343680.00
2014/06/09,5.50,5.56,5.23,5.37,38507307,205990272.00
2014/06/10,5.34,5.60,5.23,5.49,35968674,196251168.00
2014/06/11,5.43,5.59,5.37,5.46,22397878,122653968.00
2014/06/12,5.30,6.01,5.25,6.00,84903152,497513248.00
2014/06/13,5.79,5.95,5.70,5.81,46515606,270382016.00
2014/06/16,5.80,6.22,5.73,5.93,50255735,300386720.00
2014/06/17,5.88,6.09,5.82,5.87,30074734,178926512.00
2014/06/18,5.84,5.89,5.45,5.52,34104555,191905584.00
2014/06/19,5.51,5.64,5.25,5.36,22073384,120096224.00
2014/06/20,5.36,5.54,5.36,5.54,12210988,66535192.00
2014/06/23,5.52,5.63,5.47,5.59,12928750,72021640.00
2014/06/24,5.57,5.60,5.45,5.57,12227370,67496952.00
2014/06/25,5.60,6.00,5.57,5.80,29390388,170795504.00
2014/06/26,5.70,6.05,5.62,5.92,39426279,232059168.00
2014/06/27,5.82,6.03,5.73,5.75,36051521,210281648.00
2014/06/30,5.74,5.75,5.51,5.54,31174876,173840128.00
2014/07/01,5.51,5.66,5.43,5.61,19817549,110046688.00
2014/07/02,5.57,5.92,5.45,5.83,32358759,183137696.00
2014/07/03,5.86,5.89,5.71,5.75,27234795,157510704.00
2014/07/04,5.75,6.12,5.55,5.78,46533204,272586432.00
2014/07/07,5.65,5.74,5.58,5.64,21085743,119032640.00
2014/07/08,5.65,5.94,5.54,5.87,34742176,201437104.00
2014/07/09,5.82,5.98,5.67,5.69,35136157,205555424.00
2014/07/10,5.70,5.91,5.64,5.82,29372674,170349344.00
2014/07/11,5.88,5.95,5.66,5.75,33045557,191834176.00
2014/07/14,5.66,5.74,5.51,5.65,29846528,167298816.00
2014/07/15,5.63,5.63,5.44,5.46,25811980,142588448.00
2014/07/16,5.40,5.50,5.40,5.46,11409744,62229212.00
2014/07/17,5.46,5.57,5.43,5.47,9066568,49709076.00
2014/07/18,5.49,5.51,5.33,5.36,8114045,44293144.00
2014/07/21,5.40,5.48,5.32,5.45,7677975,41634136.00
2014/07/22,5.44,5.51,5.38,5.48,8894954,48568884.00
2014/07/23,5.45,5.52,5.34,5.39,12080455,65162604.00
2014/07/24,5.39,5.42,4.95,5.15,19841619,102124496.00
2014/07/25,5.15,5.25,5.10,5.24,8825015,45709724.00
2014/07/28,5.29,5.44,5.23,5.39,16340520,87618840.00
2014/07/29,5.39,5.49,5.35,5.42,10655147,57804832.00
2014/07/30,5.38,5.44,5.36,5.42,10923406,58910840.00
2014/07/31,5.40,5.54,5.39,5.49,9385631,51307668.00
2014/08/01,5.48,5.55,5.44,5.50,9725447,53324612.00
2014/08/04,5.49,5.64,5.36,5.60,25882433,142320672.00
2014/08/05,5.57,5.81,5.54,5.76,40192414,229240000.00
2014/08/06,5.70,5.70,5.60,5.66,18082855,102143016.00
2014/08/07,5.66,5.69,5.51,5.51,13018804,72717464.00
2014/08/08,5.51,5.72,5.49,5.67,15840569,88688272.00
2014/08/11,5.69,5.74,5.61,5.68,17909625,101186928.00
2014/08/12,5.65,5.72,5.62,5.64,29963002,169677360.00
2014/08/13,5.62,5.70,5.56,5.60,17589743,98770712.00
2014/08/14,5.58,5.60,5.43,5.45,19544694,107620064.00
2014/08/15,5.44,5.56,5.40,5.55,14298132,78445600.00
2014/08/18,5.63,5.85,5.56,5.79,28758136,163746752.00
2014/08/19,5.81,5.96,5.73,5.83,33778476,197387104.00
2014/08/20,5.82,6.05,5.77,5.89,43825636,260092464.00
2014/08/21,5.88,5.92,5.76,5.88,20579427,120002056.00
2014/08/22,5.88,5.91,5.80,5.85,20142329,117692992.00
2014/08/25,5.81,5.82,5.62,5.66,23282763,132516448.00
2014/08/26,5.61,5.68,5.41,5.49,20882639,115721200.00
2014/08/27,5.49,5.54,5.46,5.52,8243690,45344412.00
2014/08/28,5.59,5.60,5.38,5.40,11885121,64689052.00
2014/08/29,5.35,5.57,5.35,5.56,10310752,56246580.00
2014/09/01,5.58,5.59,5.51,5.57,8530109,47350456.00
2014/09/02,5.58,5.71,5.53,5.65,17051574,96075608.00
2014/09/03,5.69,5.72,5.63,5.67,12973257,73472704.00
2014/09/04,5.70,6.24,5.69,6.24,34548889,212862304.00
2014/09/05,6.54,6.76,6.31,6.62,116490592,761249728.00
2014/09/09,6.55,6.99,6.50,6.76,75248875,510675488.00
2014/09/10,6.64,6.74,6.50,6.68,39205562,259682000.00
2014/09/11,6.65,6.80,6.42,6.48,39354929,258877040.00
2014/09/12,6.42,6.56,6.39,6.53,21827648,141542000.00
2014/09/15,6.48,6.69,6.44,6.65,27774196,182861968.00
2014/09/16,6.62,6.74,6.25,6.33,29344387,191213536.00
2014/09/17,6.34,6.42,6.23,6.34,20233404,127941472.00
2014/09/18,6.31,6.60,6.30,6.59,22913692,147569552.00
2014/09/19,6.55,6.71,6.51,6.61,20344813,134664912.00
2014/09/22,6.58,6.58,6.36,6.47,17540858,112826152.00
2014/09/23,6.41,6.51,6.40,6.46,9804102,63249408.00
2014/09/24,6.41,6.72,6.40,6.62,21055837,139134320.00
2014/09/25,6.69,6.72,6.50,6.56,15508553,102255056.00
2014/09/26,6.53,6.60,6.46,6.57,10690467,69629368.00
2014/09/29,6.66,6.73,6.47,6.51,21443108,141012640.00
2014/09/30,6.52,6.59,6.48,6.57,12381893,80991928.00
2014/10/08,6.57,6.76,6.47,6.69,22243206,147470384.00
2014/10/09,6.73,6.78,6.55,6.63,19037611,126361520.00
2014/10/10,6.64,6.65,6.48,6.52,18600110,121872952.00
2014/10/13,6.48,6.50,6.30,6.47,16758433,107326312.00
2014/10/14,6.46,6.52,6.41,6.48,10454544,67593024.00
2014/10/15,6.50,6.51,6.37,6.41,9148929,58846808.00
2014/10/16,6.38,6.49,6.26,6.29,11475898,73212472.00
2014/10/17,6.23,6.30,6.07,6.20,11784408,72918008.00
2014/10/20,6.20,6.43,6.16,6.39,12191003,77275792.00
2014/10/21,6.40,6.49,6.30,6.31,9465013,60619744.00
2014/10/22,6.35,6.41,6.28,6.32,7602106,48264208.00
2014/10/23,6.31,6.35,6.10,6.21,7808410,48635820.00
2014/10/24,6.21,6.29,6.17,6.19,6266211,39017100.00
2014/10/27,6.33,6.42,6.27,6.32,8462120,53572248.00
2014/10/28,6.30,6.51,6.29,6.48,11198877,72169728.00
2014/10/29,6.45,6.59,6.45,6.49,14579329,94895184.00
2014/10/30,6.57,6.71,6.38,6.44,27442291,179484944.00
2014/10/31,6.44,6.48,6.28,6.41,17056245,108143120.00
2014/11/03,6.41,6.43,6.28,6.35,15154899,96048160.00
2014/11/04,6.32,6.38,6.31,6.36,9512629,60341260.00
2014/11/05,6.36,6.51,6.31,6.46,13127686,84205832.00
2014/11/06,6.45,6.49,6.34,6.38,9876386,63182404.00
2014/11/07,6.38,6.40,6.31,6.36,9134182,57976584.00
2014/11/10,6.35,6.40,6.31,6.39,8234387,52239272.00
2014/11/11,6.39,6.43,6.11,6.20,14170605,88964744.00
2014/11/12,6.18,6.29,6.16,6.28,5777281,36082072.00
2014/11/13,6.28,6.57,6.27,6.54,26928167,174873008.00
2014/11/14,6.58,6.58,6.42,6.43,10576931,68431808.00
2014/11/17,6.43,6.49,6.28,6.35,10783877,68514424.00
2014/11/18,6.35,6.42,6.29,6.41,7383271,46902820.00
2014/11/19,6.43,6.44,6.33,6.35,8052851,51411668.00
2014/11/20,6.34,6.47,6.32,6.46,12083532,77223904.00
2014/11/21,6.42,6.49,6.39,6.45,10926140,70300576.00
2014/11/24,6.45,6.75,6.40,6.66,28546361,186174480.00
2014/11/25,6.64,6.64,6.53,6.58,16673989,109862344.00
2014/11/26,6.58,6.71,6.56,6.67,19346531,128367472.00
2014/11/27,6.54,6.70,6.26,6.43,54158830,346823776.00
2014/11/28,6.38,6.39,6.31,6.35,17568940,111469800.00
2014/12/01,6.33,6.33,6.19,6.20,23238801,145379648.00
2014/12/02,6.23,6.25,6.19,6.21,27014360,167565936.00
2014/12/03,6.21,6.35,6.14,6.34,25118813,156600192.00
2014/12/04,6.33,6.36,6.29,6.31,22347714,141361184.00
2014/12/05,6.31,6.32,5.96,6.24,26376737,162077888.00
2014/12/08,6.24,6.24,6.11,6.14,16566115,101998472.00
2014/12/09,6.15,6.18,5.73,5.79,23236922,139272816.00
2014/12/10,5.78,5.95,5.55,5.89,16222344,93181704.00
2014/12/11,5.82,5.92,5.81,5.90,8868916,52051232.00
2014/12/12,5.88,6.10,5.87,6.04,14844288,89344560.00
2014/12/15,6.00,6.01,5.90,6.00,10725558,63866576.00
2014/12/16,6.00,6.00,5.90,5.92,9331536,55357320.00
2014/12/17,5.92,5.92,5.69,5.71,15409831,88672344.00
2014/12/18,5.70,5.82,5.68,5.75,8041279,46376784.00
2014/12/19,5.78,5.79,5.55,5.66,12145935,68414520.00
2014/12/22,5.60,5.64,5.16,5.24,14471307,77110648.00
2014/12/23,5.30,5.51,5.26,5.37,9754026,52489640.00
2014/12/24,5.44,5.91,5.44,5.91,22235005,130096288.00
2014/12/25,6.11,6.30,5.98,6.13,37373281,229723184.00
2014/12/26,6.13,6.13,5.91,5.98,15713044,93898560.00
2014/12/29,5.94,6.09,5.91,5.97,10787155,64683040.00
2014/12/30,5.98,6.10,5.80,5.82,9586407,56776520.00
2014/12/31,5.80,5.85,5.62,5.83,7825036,44796408.00
2015/01/05,5.84,5.89,5.71,5.77,10998556,63304300.00
2015/01/06,5.74,5.83,5.71,5.81,8658174,49922264.00
2015/01/07,5.80,5.86,5.75,5.82,6474347,37613996.00
2015/01/08,5.80,6.23,5.76,5.99,17800628,107899664.00
2015/01/09,5.94,6.08,5.91,5.92,10080148,60339808.00
2015/01/12,5.85,6.06,5.75,5.96,12031247,71392688.00
2015/01/13,5.92,6.11,5.92,6.11,11714321,70953144.00
2015/01/14,6.10,6.23,5.96,6.13,14855539,90883648.00
2015/01/27,6.74,6.74,6.74,6.74,6714819,45257880.00
2015/01/28,7.09,7.10,6.43,6.44,61326735,414232832.00
2015/01/29,6.34,6.54,6.19,6.41,21743126,138143808.00
2015/01/30,6.41,6.50,6.22,6.24,12790681,81142784.00
2015/02/02,6.17,6.32,6.11,6.23,9512754,59443676.00
2015/02/03,6.28,6.53,5.95,6.40,16710531,105688848.00
2015/02/04,6.39,6.71,6.34,6.48,21429094,140589280.00
2015/02/05,6.50,6.59,6.35,6.37,9664016,62460896.00
2015/02/06,6.41,6.50,6.30,6.35,10264504,65820212.00
2015/02/09,6.36,6.42,6.17,6.18,8548551,53547060.00
2015/02/10,6.18,6.27,6.18,6.26,5327948,33156352.00
2015/02/11,6.27,6.28,6.17,6.22,5577218,34624004.00
2015/02/12,6.22,6.22,6.16,6.20,6129901,37898072.00
2015/02/13,6.21,6.35,6.20,6.29,8424496,52857968.00
2015/02/16,6.28,6.45,6.26,6.44,10473253,66929912.00
2015/02/17,6.48,6.56,6.43,6.48,9334400,60588024.00
2015/02/25,6.51,6.62,6.44,6.57,12597786,82348592.00
2015/02/26,6.74,7.19,6.62,6.74,29651217,202578448.00
2015/02/27,6.86,6.98,6.72,6.94,29343003,201276704.00
2015/03/02,6.98,7.04,6.86,7.02,27688777,192983440.00
2015/03/03,7.05,7.08,6.75,6.79,25790317,178036320.00
2015/03/04,6.76,6.89,6.64,6.86,19770010,134184832.00
2015/03/05,6.80,7.05,6.79,6.97,23224045,160902272.00
2015/03/06,6.99,7.67,6.99,7.67,34047301,253395696.00
2015/03/09,8.20,8.44,7.90,8.44,117593302,978959040.00
2015/03/10,9.04,9.28,8.88,9.28,69054099,633330880.00
2015/03/11,10.21,10.21,10.21,10.21,15729901,160602288.00
2015/03/12,11.00,11.00,9.30,9.42,171038607,1703208192.00
2015/03/13,9.67,10.20,9.36,9.98,126659311,1242830080.00
2015/03/16,9.84,10.50,9.51,10.41,117908882,1189113344.00
2015/03/17,10.20,10.58,10.14,10.22,75509525,774935424.00
2015/03/18,10.10,10.22,9.90,10.21,69415021,696442304.00
2015/03/19,10.40,11.23,10.31,11.23,139468822,1536416896.00
2015/03/20,11.23,11.35,10.83,11.00,90489325,996566848.00
2015/03/23,10.90,11.30,10.80,11.23,70821209,781560832.00
2015/03/24,11.16,11.22,10.51,10.90,61292363,670600256.00
2015/03/25,10.91,11.99,10.80,11.99,97317014,1146612864.00
2015/03/26,11.86,11.87,11.38,11.51,65589595,759867392.00
2015/03/27,11.31,12.58,11.31,11.86,56194755,678489792.00
2015/03/30,11.84,12.46,11.63,11.81,46421400,555950528.00
2015/03/31,11.77,11.78,11.30,11.55,63421118,728949632.00
2015/04/01,11.45,11.88,11.45,11.58,36867451,429656928.00
2015/04/02,11.48,11.74,11.31,11.63,45142149,518237920.00
2015/04/03,11.63,12.10,11.50,11.91,45667600,541660992.00
2015/04/07,12.08,13.08,12.07,12.80,62309582,781198080.00
2015/04/08,12.83,13.48,12.21,13.31,66247203,851044672.00
2015/04/09,13.25,13.25,12.48,12.67,50391358,642717312.00
2015/04/10,12.60,12.95,12.41,12.67,34755777,441705248.00
2015/04/13,12.67,12.81,12.52,12.58,40646589,514205472.00
2015/04/14,12.57,12.57,12.01,12.10,50254020,612058880.00
2015/04/15,12.10,12.10,11.00,11.21,41757926,482550656.00
2015/04/16,11.00,12.04,10.63,11.75,35313869,403067360.00
2015/04/17,11.78,12.09,11.58,11.61,31559551,370903360.00
2015/04/20,11.48,11.48,10.90,10.91,40867673,457193152.00
2015/04/21,11.00,11.85,11.00,11.79,38863339,452128064.00
2015/04/22,11.85,12.88,11.85,12.49,46595196,581401408.00
2015/04/23,12.60,12.80,12.24,12.56,41602867,517797536.00
2015/04/24,12.31,13.68,12.08,13.05,62540595,809309504.00
2015/04/27,13.18,13.65,12.79,13.06,57929904,763961792.00
2015/04/28,13.00,13.27,12.27,12.45,39787207,507979072.00
2015/04/29,12.70,13.17,12.70,12.81,29455780,378762784.00
2015/04/30,13.10,13.19,12.68,12.98,34142751,441871680.00
2015/05/04,13.00,14.28,13.00,14.28,60388929,839671168.00
2015/05/05,14.90,14.90,13.05,13.09,76009588,1046818752.00
2015/05/06,13.01,13.37,12.29,12.41,40276950,516370688.00
2015/05/07,12.39,12.39,11.28,11.34,36409637,429202816.00
2015/05/08,11.60,11.87,11.41,11.85,32529879,379269024.00
2015/05/11,11.95,13.04,11.93,13.04,49785517,638135872.00
2015/05/12,13.60,13.77,13.19,13.56,67048500,905419712.00
2015/05/13,13.57,14.38,13.00,13.86,62163883,855539968.00
2015/05/14,13.70,15.19,13.68,14.88,72837198,1068054720.00
2015/05/15,14.80,14.90,13.91,14.53,58942313,845873728.00
2015/05/18,14.28,14.78,14.20,14.25,39980142,579041728.00
2015/05/19,14.25,14.59,13.88,14.43,45247696,642971840.00
2015/05/20,14.45,15.87,14.35,15.25,63415678,978584256.00
2015/05/21,15.47,16.42,15.47,16.21,49317900,791449088.00
2015/05/22,16.55,17.01,15.80,16.66,68535213,1132638336.00
2015/05/25,16.36,17.25,16.10,16.97,55277362,935040832.00
2015/05/26,17.15,17.70,16.61,17.44,61986017,1054921920.00
2015/05/27,17.45,17.45,16.77,16.87,49269411,835680576.00
2015/05/28,16.88,17.04,15.51,15.57,65793453,1077495552.00
2015/05/29,15.40,16.27,14.55,15.79,48179797,750150336.00
2015/06/01,15.82,16.85,15.82,16.55,39140447,642840832.00
2015/06/02,16.85,17.30,16.45,17.04,55630918,941476224.00
2015/06/03,17.50,18.74,17.00,18.74,78812534,1404378240.00
2015/06/04,18.91,20.61,17.50,20.61,113757744,2243041792.00
2015/06/05,22.00,22.67,21.15,22.67,120435580,2692449024.00
2015/06/08,23.40,23.50,21.68,21.92,145926328,3284667392.00
2015/06/09,21.30,24.11,21.01,24.11,78110900,1817153664.00
2015/06/10,25.00,26.52,24.60,26.52,44678051,1156849024.00
2015/06/11,28.80,29.17,26.96,27.99,132514100,3708761600.00
2015/06/12,27.02,29.89,26.00,28.72,113367418,3089703936.00
2015/06/15,27.50,28.24,26.50,26.56,67326452,1832459648.00
2015/06/16,25.84,26.00,23.95,24.06,73381985,1820364160.00
2015/06/17,24.05,25.79,23.89,25.21,57087841,1425471360.00
2015/06/18,25.14,25.14,23.03,23.34,44805674,1088027776.00
2015/06/19,22.90,22.91,21.38,21.96,48560418,1077240576.00
2015/06/23,21.93,22.78,20.22,22.19,48673728,1054460160.00
2015/06/24,22.50,24.25,22.50,23.06,56240690,1306337280.00
2015/06/25,23.06,23.06,20.75,20.92,51429225,1129123840.00
2015/09/25,18.83,18.83,18.83,18.83,527500,9932825.00
2015/09/28,16.95,16.95,16.95,16.95,413000,7000350.00
2015/09/29,15.26,15.26,15.26,15.26,371700,5672142.00
2015/09/30,13.73,13.73,13.73,13.73,2022500,27768924.00
2015/10/08,12.42,13.58,12.42,12.99,120384446,1549752192.00
2015/10/09,12.46,12.99,12.46,12.97,64220732,814545984.00
2015/10/12,13.22,14.00,13.22,13.61,68626021,930300352.00
2015/10/13,13.45,14.97,13.40,14.79,68585953,994643840.00
2015/10/14,14.69,14.69,14.05,14.17,55344955,792195200.00
2015/10/15,13.97,14.68,13.94,14.48,49130973,710017152.00
2015/10/16,14.74,14.85,14.14,14.41,48654976,702040320.00
2015/10/19,14.40,14.87,14.19,14.83,52769059,764106816.00
2015/10/20,14.53,15.76,14.53,15.49,59302586,906713152.00
2015/10/21,15.30,15.40,13.94,13.94,66434860,972416128.00
2015/10/22,13.63,14.30,13.28,14.19,48682727,677806592.00
2015/10/23,14.13,14.33,13.71,14.18,42513117,597239424.00
2015/10/26,14.55,15.00,14.11,14.75,52277849,763132416.00
2015/10/27,14.68,16.23,14.20,16.23,96745287,1492035968.00
2015/10/28,16.83,16.83,15.75,15.91,89209358,1458019200.00
2015/10/29,15.86,16.21,15.38,16.17,48396101,768772352.00
2015/10/30,15.92,16.20,15.50,15.71,35091986,556904128.00
2015/11/09,16.50,17.28,16.11,16.79,63635714,1069430656.00
2015/11/10,16.50,16.70,16.15,16.35,44540231,730837248.00
2015/11/11,16.21,16.40,15.80,16.37,39804277,640783744.00
2015/11/12,16.45,17.20,16.31,16.55,43461022,726046592.00
2015/11/13,16.50,16.50,15.81,15.89,29361191,471831488.00
2015/11/16,15.90,16.72,15.90,16.61,40945883,671230720.00
2015/11/17,16.55,16.79,16.05,16.16,40517178,664577920.00
2015/11/18,16.28,16.28,15.58,15.65,25767570,410455232.00
2015/11/19,15.78,16.00,15.34,15.97,29769488,465437312.00
2015/11/20,15.88,16.25,15.65,16.18,34540581,551378624.00
2015/11/23,16.21,17.80,16.21,17.59,105892826,1850791168.00
2015/11/24,17.35,17.95,16.75,17.44,77120038,1333454592.00
2015/11/25,17.45,18.29,17.11,17.79,55354977,989893248.00
2015/11/26,18.00,18.15,17.35,17.40,44146283,780426240.00
2015/11/27,17.15,17.80,16.00,16.21,46486109,790780352.00
2015/11/30,16.11,16.43,14.59,15.52,52833377,814298240.00
2015/12/01,15.52,15.53,14.80,15.15,33638987,508065280.00
2015/12/02,15.38,15.59,14.00,14.97,32009500,478244576.00
2015/12/03,15.07,15.49,14.92,15.41,25753581,391485760.00
2015/12/04,15.35,15.80,15.15,15.50,27595117,427217408.00
2015/12/07,15.46,15.60,15.27,15.50,20816470,321567488.00
2015/12/08,15.52,15.55,15.00,15.06,21244580,322688480.00
2015/12/09,14.80,15.53,14.69,15.02,26856925,407070272.00
2015/12/10,15.05,15.32,14.88,14.91,19885825,298734144.00
2015/12/11,14.91,15.23,14.71,14.72,16554338,246894112.00
2015/12/14,14.60,14.88,14.41,14.86,16109388,235686672.00
2015/12/15,15.00,16.35,14.96,16.35,70725674,1136470656.00
2015/12/16,16.68,17.17,16.25,16.67,73268899,1229782016.00
2015/12/17,16.90,17.46,16.45,17.26,65259031,1105099008.00
2015/12/18,17.02,17.43,16.67,16.78,48627057,825498048.00
2015/12/21,16.74,16.74,16.12,16.30,39293252,640284224.00
2015/12/22,16.35,16.72,16.28,16.62,28197242,465361920.00
2015/12/23,16.65,16.75,16.01,16.12,31232292,507787648.00
2015/12/24,16.01,16.06,15.50,15.83,21271702,334297824.00
2015/12/25,15.78,16.44,15.50,16.28,31303600,498600960.00
2015/12/28,16.30,17.70,16.30,16.67,73491809,1257507584.00
2015/12/29,17.00,17.18,16.30,16.72,44551018,744624704.00
2015/12/30,16.98,17.43,16.78,17.19,55959985,962475840.00
2015/12/31,17.14,17.30,16.45,16.47,36006093,603588736.00
2016/01/04,16.36,16.50,14.82,14.82,31155314,481036736.00
2016/01/05,13.75,14.75,13.40,13.89,39519305,554099648.00
2016/01/06,14.10,14.35,13.88,14.29,25111463,354829184.00
2016/01/07,14.10,14.10,12.86,12.86,9035199,119616392.00
2016/01/08,13.16,13.45,11.71,13.24,34997308,454040800.00
2016/01/11,12.82,12.99,11.92,11.92,23215251,287000320.00
2016/01/12,11.86,12.10,11.13,11.49,21777304,251541168.00
2016/01/13,11.66,11.80,10.45,10.47,20642459,231653952.00
2016/01/14,10.15,10.86,9.70,10.78,29757986,306067968.00
2016/01/15,10.58,10.63,9.70,9.78,28930186,293640448.00
2016/01/18,9.30,10.28,9.27,9.98,26811167,265400416.00
2016/01/19,9.96,10.59,9.90,10.58,31799813,328290400.00
2016/01/20,10.46,11.64,10.40,11.64,68567198,784787200.00
2016/01/21,11.40,11.59,10.48,10.51,47080046,525450656.00
2016/01/22,10.58,11.56,10.58,11.56,76260516,867287360.00
2016/01/25,11.58,12.70,11.46,12.37,77280666,940117696.00
2016/01/26,12.02,13.56,11.81,12.52,83057039,1053965504.00
2016/01/27,12.60,13.30,11.77,13.29,74476829,947376256.00
2016/01/28,12.83,13.00,11.96,11.96,52309168,646357888.00
2016/01/29,11.85,12.80,11.76,12.11,57795467,705328832.00
2016/02/01,11.85,12.19,11.16,11.46,36537572,428736160.00
2016/02/02,11.50,12.61,11.50,12.61,42456903,523381632.00
2016/02/03,12.66,13.48,12.55,13.26,73063310,947411584.00
2016/02/04,12.97,13.68,12.92,13.63,63392099,843410752.00
2016/02/05,13.40,13.58,12.86,13.04,41342332,542567232.00
2016/02/15,12.49,14.30,12.49,13.72,58179657,789815680.00
2016/02/16,13.70,14.13,13.55,14.06,58588898,813086272.00
2016/02/17,13.77,14.33,13.53,14.25,52574269,729695040.00
2016/02/18,14.28,14.56,13.88,13.91,44883951,634422208.00
2016/02/19,14.00,14.82,14.00,14.39,57285031,823407616.00
2016/02/22,14.66,14.66,14.21,14.51,46977685,677507712.00
2016/02/23,14.52,14.65,13.93,14.31,40368231,575187584.00
2016/02/24,14.18,14.42,13.60,14.09,34934678,488936032.00
2016/02/25,14.15,14.62,12.74,13.25,62110041,861233728.00
2016/02/26,13.35,13.69,12.50,13.06,38024821,497598176.00
2016/02/29,12.69,12.73,11.75,11.75,36461540,436447904.00
2016/03/01,11.74,12.33,11.16,12.07,33043295,388335296.00
2016/03/02,12.10,13.24,11.96,13.01,37698002,474821152.00
2016/03/03,12.93,14.05,12.78,13.19,45533286,612319360.00
2016/03/04,13.14,13.35,12.30,12.32,37139478,474063616.00
2016/03/07,12.32,12.94,12.32,12.52,20870307,263132096.00
2016/03/08,12.20,13.24,11.60,12.94,36787345,455848448.00
2016/03/09,12.58,13.20,12.42,12.73,27883743,358527776.00
2016/03/10,12.90,13.13,12.65,12.70,41994305,542686976.00
2016/03/11,12.21,13.09,12.00,12.73,31491210,393280960.00
2016/03/14,12.90,13.53,12.77,13.25,43744096,579513664.00
2016/03/15,13.26,13.60,13.11,13.16,35820552,477517344.00
2016/03/16,13.29,13.34,12.53,12.64,35062102,449526112.00
2016/03/17,12.84,13.89,12.80,13.68,65010778,864446400.00
2016/03/18,13.68,15.00,13.50,14.91,94518048,1363067648.00
2016/03/21,15.15,15.55,14.75,15.23,95480405,1444766336.00
2016/03/22,15.00,15.90,14.85,14.94,81862672,1252780800.00
2016/03/23,14.90,15.62,14.76,15.35,82498651,1253773568.00
2016/03/24,15.00,16.46,14.75,15.11,114361248,1787597952.00
2016/03/25,15.00,15.35,14.64,15.15,61536102,921142784.00
2016/03/28,15.32,15.46,14.83,14.89,47011263,710600896.00
2016/03/29,14.90,15.90,14.65,15.85,96792089,1481760512.00
2016/03/30,16.04,16.38,15.61,16.26,109402284,1745929216.00
2016/03/31,16.10,16.59,16.00,16.10,84669702,1376006656.00
2016/04/01,16.00,16.71,15.91,16.56,96226088,1583056256.00
2016/04/05,16.78,17.16,16.30,16.79,82591552,1380398464.00
2016/04/06,16.60,17.19,16.35,16.55,70463242,1179752960.00
2016/04/07,16.55,16.92,16.04,16.24,75375402,1237520896.00
2016/04/08,16.15,16.44,15.19,15.67,66407054,1052667072.00
2016/04/11,15.93,16.48,15.77,16.08,50575717,817089344.00
2016/04/12,15.98,15.98,15.45,15.70,40438514,632979712.00
2016/04/13,15.83,16.30,15.83,15.87,45395380,727163072.00
2016/04/14,15.96,16.19,15.90,16.11,32417830,519502016.00
2016/04/15,16.11,16.68,15.99,16.42,69316080,1140322432.00
2016/04/18,16.19,16.98,15.68,16.49,72163724,1175943040.00
2016/04/19,16.46,16.55,16.03,16.29,41530312,677711616.00
2016/04/20,16.35,16.47,14.71,15.19,60457816,938829632.00
2016/04/21,14.95,15.24,14.41,14.49,38007528,566226752.00
2016/04/22,14.36,14.72,14.20,14.65,26155701,378926848.00
2016/04/25,14.63,14.63,14.04,14.39,23534835,337288096.00
2016/04/26,14.46,14.74,14.30,14.68,23622573,343537632.00
2016/04/27,14.78,14.84,14.43,14.49,20853583,305120896.00
2016/04/28,14.60,14.64,14.04,14.39,22233324,318002464.00
2016/04/29,14.30,14.47,14.19,14.27,14605704,209590512.00
2016/05/03,14.44,15.00,14.35,14.95,33531922,495667296.00
2016/05/04,14.85,15.35,14.82,15.09,34175241,517338368.00
2016/05/05,15.02,15.10,14.81,15.00,22001196,328674464.00
2016/05/06,15.08,15.16,14.11,14.15,32581746,474892192.00
2016/05/09,13.92,14.45,13.52,13.88,33551332,469713280.00
2016/05/10,13.96,14.19,13.68,13.84,16839425,234100576.00
2016/05/11,14.01,14.11,13.41,13.52,20524016,280989568.00
2016/05/12,13.30,13.63,12.95,13.54,20614082,274369280.00
2016/05/13,13.55,13.63,13.27,13.38,16082210,217131168.00
2016/05/16,13.32,13.66,13.14,13.65,18277785,246386144.00
2016/05/17,13.69,13.75,13.40,13.51,17348299,234942192.00
2016/05/18,13.40,13.78,13.01,13.19,23266558,312149856.00
2016/05/19,13.19,13.52,13.14,13.31,19537129,261262080.00
2016/05/20,13.16,13.50,13.10,13.44,14616218,195523920.00
2016/05/23,13.55,13.98,13.45,13.90,25414143,351397056.00
2016/05/24,13.84,13.88,13.43,13.56,17592985,239730784.00
2016/05/25,13.70,13.89,13.48,13.54,17686218,242193056.00
2016/05/26,13.46,13.88,13.32,13.78,19593037,266456992.00
2016/05/27,13.75,13.93,13.65,13.68,17537439,241960448.00
2016/05/30,13.45,13.69,13.36,13.47,10082781,136285088.00
2016/05/31,13.43,14.09,13.43,14.06,28985904,402296064.00
2016/06/01,14.08,14.43,14.02,14.04,29455619,416972064.00
2016/06/02,14.00,14.25,13.95,14.13,24522489,345207584.00
2016/06/03,14.16,14.25,13.92,14.11,29458232,415050784.00
2016/06/06,14.19,14.34,14.12,14.22,26601957,378739232.00
2016/06/07,14.22,14.34,14.07,14.26,19199708,272531488.00
2016/06/08,14.41,15.60,14.41,15.24,78153972,1181675264.00
2016/06/13,14.95,15.50,14.80,14.84,62601004,948975616.00
2016/06/14,14.60,15.50,14.55,15.45,50841686,768317312.00
2016/06/15,15.47,16.26,15.47,15.98,83743668,1331167744.00
2016/06/16,15.79,16.18,15.60,15.79,54380551,860828800.00
2016/06/17,15.81,15.97,15.13,15.23,48162022,745765248.00
2016/06/20,15.15,15.67,15.15,15.59,37795258,586160320.00
2016/06/21,15.87,15.93,14.75,14.85,43284357,661596672.00
2016/06/22,14.88,15.17,14.72,15.15,23894101,357904096.00
2016/06/23,15.27,15.28,14.90,15.04,23178762,349661856.00
2016/06/24,15.00,15.27,14.03,14.96,36705105,547584000.00
2016/06/27,14.81,15.34,14.76,15.26,25140034,380566784.00
2016/06/28,15.21,15.48,15.16,15.31,28484187,436278368.00
2016/06/29,15.35,15.44,15.16,15.21,23903613,365168864.00
2016/06/30,15.25,15.30,14.85,14.92,26700078,400132224.00
2016/07/01,14.92,15.30,14.90,14.90,21784270,328648672.00
2016/07/04,14.66,15.26,14.60,15.20,31425515,472825312.00
2016/07/05,15.20,15.25,15.02,15.17,20352618,307908768.00
2016/07/06,15.12,15.17,14.92,14.99,18948146,284409056.00
2016/07/07,14.96,15.00,14.75,14.93,18554775,276000384.00
2016/07/08,14.98,14.98,14.70,14.78,20467470,302869184.00
2016/07/11,14.78,15.06,14.78,14.87,20816247,311092192.00
2016/07/12,14.87,14.96,14.50,14.89,17430511,257056304.00
2016/07/13,14.85,15.23,14.85,15.20,27575141,414414496.00
2016/07/14,15.25,15.25,15.05,15.16,22313046,338192512.00
2016/07/15,15.19,15.59,15.09,15.55,39960664,613692160.00
2016/07/18,15.53,15.88,15.35,15.37,31291201,487246624.00
2016/07/19,15.44,15.71,15.12,15.69,33763573,520114688.00
2016/07/20,16.22,16.33,15.70,15.74,48430776,772124480.00
2016/07/21,15.76,15.94,15.51,15.73,28284791,444749696.00
2016/07/22,15.71,16.08,15.52,15.86,42486981,674833088.00
2016/07/25,15.80,16.45,15.77,16.40,52656960,856498240.00
2016/07/26,16.39,16.53,16.17,16.39,31119861,508166912.00
2016/07/27,16.39,16.45,15.12,15.54,47711555,751396864.00
2016/07/28,15.46,15.59,14.80,15.19,23348571,355425440.00
2016/07/29,15.37,15.50,15.14,15.27,17058342,261554240.00
2016/08/01,15.07,15.25,14.38,14.81,26014128,383245024.00
2016/08/02,14.73,14.95,14.70,14.92,9766416,144620224.00
2016/08/03,14.85,15.00,14.67,14.93,12210096,181145856.00
2016/08/04,14.95,15.28,14.88,15.15,15440278,233555728.00
2016/08/05,15.11,15.14,14.95,14.96,9422727,141616304.00
2016/08/08,14.92,15.10,14.72,15.03,7851575,117358888.00
2016/08/09,15.00,15.15,14.97,15.11,8392242,126480240.00
2016/08/10,15.13,15.14,14.95,14.96,8721837,131078032.00
2016/08/11,14.91,15.00,14.66,14.78,12704026,188444320.00
2016/08/12,14.72,14.75,14.39,14.71,17334655,252613872.00
2016/08/15,14.63,15.14,14.63,15.01,17390865,259814400.00
2016/08/16,15.06,15.19,14.94,15.06,13217951,198871504.00
2016/08/17,15.07,15.23,14.91,15.17,13899540,209340240.00
2016/08/18,15.17,15.17,14.98,15.00,9955489,149524672.00
2016/08/19,15.05,15.08,14.90,14.96,8701663,130412944.00
2016/08/22,14.99,16.24,14.95,15.80,55684167,871799360.00
2016/08/23,15.60,15.93,15.53,15.70,30893438,485731136.00
2016/08/24,15.74,16.24,15.50,15.71,32455069,514842784.00
2016/08/25,15.66,16.20,15.35,16.04,56133382,896170816.00
2016/08/26,16.13,16.39,15.62,15.77,45618285,730693248.00
2016/08/29,15.61,15.90,15.43,15.51,22652049,353885632.00
2016/08/30,15.55,15.98,15.52,15.64,26138839,411762496.00
2016/08/31,15.65,15.96,15.59,15.86,19543914,308193056.00
2016/09/01,15.85,15.93,15.50,15.53,20921381,327723584.00
2016/09/02,15.64,16.16,15.61,15.74,39143398,620673728.00
2016/09/05,15.81,15.89,15.38,15.46,26845344,417816640.00
2016/09/06,15.52,15.73,15.16,15.72,28447009,439820864.00
2016/09/07,15.72,15.77,15.48,15.54,19621027,306769440.00
2016/09/08,15.53,15.74,15.40,15.60,16142326,251421456.00
2016/09/09,15.54,15.86,15.52,15.58,17088194,268415776.00
2016/09/12,15.30,15.48,15.05,15.08,18235622,277394368.00
2016/09/13,15.15,15.21,15.01,15.06,10240574,154358720.00
2016/09/14,14.98,15.13,14.88,14.89,9650979,144512768.00
2016/09/19,14.93,15.15,14.93,15.04,9565780,144083920.00
2016/09/20,15.91,16.38,15.58,16.14,88067881,1411586432.00
2016/09/21,15.99,16.27,15.87,16.05,45097403,724414784.00
2016/09/22,16.16,16.27,15.92,16.05,34460972,554524800.00
2016/09/23,16.07,16.15,15.55,15.60,34604617,545602496.00
2016/09/26,15.65,16.07,15.51,15.89,40088820,635044352.00
2016/09/27,15.93,15.95,15.34,15.66,25992128,406342528.00
2016/09/28,15.81,16.15,15.72,15.76,28448263,453010752.00
2016/09/29,15.72,16.20,15.65,16.10,39588325,634552704.00
2016/09/30,16.05,16.32,15.92,16.06,29162195,470789536.00
2016/10/10,16.40,16.58,16.11,16.45,37372700,611682176.00
2016/10/11,16.38,16.46,16.18,16.31,26080690,425086816.00
2016/10/12,16.29,16.88,16.21,16.50,37404405,621457344.00
2016/10/13,16.41,16.64,16.23,16.35,25788826,421436832.00
2016/10/14,16.41,16.54,16.15,16.45,17764708,289874752.00
2016/10/17,16.55,17.38,16.43,17.15,72984452,1243077888.00
2016/10/18,17.16,17.34,16.88,17.24,36733646,628582784.00
2016/10/19,17.24,17.40,17.00,17.37,32813023,564558400.00
2016/10/20,17.37,17.50,17.00,17.09,29336290,505011296.00
2016/10/21,17.09,17.35,16.81,17.24,32738348,559172416.00
2016/10/24,17.20,17.24,16.53,16.68,48090652,812324928.00
2016/10/25,16.82,16.87,16.07,16.17,67700425,1106532352.00
2016/10/26,16.17,16.33,16.06,16.21,29898228,483978720.00
2016/10/27,16.22,16.34,15.83,15.95,34308940,548181376.00
2016/10/28,15.95,16.05,15.86,15.91,19593862,312776352.00
2016/10/31,15.82,16.08,15.73,16.04,15503966,247597312.00
2016/11/01,16.07,16.16,15.97,16.11,18506156,297307936.00
2016/11/02,16.15,16.15,15.76,15.77,24430291,388492960.00
2016/11/03,15.73,16.02,15.60,15.90,23850519,377241472.00
2016/11/04,15.78,15.90,15.54,15.61,18010188,282983392.00
2016/11/07,15.62,15.71,15.39,15.67,18140786,282032352.00
2016/11/08,15.75,15.86,15.64,15.76,14301798,225423936.00
2016/11/09,15.77,15.80,15.25,15.43,21001887,325078048.00
2016/11/10,15.56,15.72,15.50,15.58,13909435,216914464.00
2016/11/11,15.61,15.63,15.34,15.57,16219453,250554640.00
2016/11/14,15.56,15.70,15.48,15.69,16461977,256768192.00
2016/11/15,15.67,15.87,15.67,15.84,17396135,274737280.00
2016/11/16,15.86,15.95,15.80,15.85,14435456,228857168.00
2016/11/17,15.93,15.94,15.61,15.66,13106522,205979056.00
2016/11/18,15.62,15.64,15.44,15.49,13800503,214025200.00
2016/11/21,15.48,15.56,15.34,15.42,13813063,213209296.00
2016/11/22,15.41,15.53,15.41,15.52,11005154,170233360.00
2016/11/23,15.59,15.59,15.40,15.43,11620966,179692128.00
2016/11/24,15.50,15.53,15.21,15.29,12390409,190621088.00
2016/11/25,15.27,15.29,14.98,15.22,18397601,277640064.00
2016/11/28,15.25,15.30,15.18,15.24,11081344,168662864.00
2016/11/29,15.22,15.25,15.00,15.02,16903103,254906144.00
2016/11/30,15.03,15.45,15.02,15.31,22784543,349081440.00
2016/12/01,15.38,15.48,15.22,15.40,13973806,214863712.00
2016/12/02,15.36,15.46,14.97,14.99,16692701,252624624.00
2016/12/05,14.90,14.95,14.54,14.66,14776058,217673824.00
2016/12/06,14.66,14.77,14.58,14.71,8004789,117708632.00
2016/12/07,14.71,14.81,14.61,14.77,7652027,112668856.00
2016/12/08,14.79,14.89,14.64,14.65,7648052,112969288.00
2016/12/09,14.65,14.78,14.52,14.54,8319800,121795248.00
2016/12/12,14.60,14.68,13.41,13.49,22657200,316508384.00
2016/12/13,13.47,13.81,13.13,13.59,15455357,209934816.00
2016/12/14,13.64,14.10,13.43,14.01,14328292,196389872.00
2016/12/15,13.90,14.20,13.81,14.06,12761810,178238144.00
2016/12/16,14.00,14.18,13.87,14.09,11738332,164701424.00
2016/12/19,14.08,14.08,13.71,13.73,9403867,130299968.00
2016/12/20,13.72,13.74,13.48,13.58,10122099,137196272.00
2016/12/21,13.60,13.74,13.59,13.66,7802549,106566520.00
2016/12/22,13.60,13.98,13.55,13.94,14473589,199490656.00
2016/12/23,14.08,14.48,14.04,14.21,25087595,358862176.00
2016/12/26,14.17,14.19,13.85,14.05,12481189,174760816.00
2016/12/27,14.06,14.13,13.85,13.86,10016275,139678640.00
2016/12/28,13.92,13.99,13.58,13.97,14587540,200428800.00
2016/12/29,13.00,13.25,12.57,12.57,57860616,735482752.00
2016/12/30,12.35,13.40,12.32,13.24,39084019,501233056.00
2017/01/03,13.22,13.38,12.89,13.29,28466797,374052288.00
2017/01/04,13.30,13.38,13.10,13.34,19997986,264736544.00
2017/01/05,13.27,13.45,13.14,13.15,13008791,172849136.00
2017/01/06,13.21,13.29,12.94,13.15,18647975,244373872.00
2017/01/09,13.15,13.19,13.03,13.08,11409931,149504752.00
2017/01/10,13.04,13.14,12.85,13.05,14904130,193851104.00
2017/01/11,13.05,13.05,12.83,12.85,8182551,105741344.00
2017/01/12,12.81,12.94,12.61,12.80,10507477,134219136.00
2017/01/13,12.76,13.30,12.72,12.98,18896829,246289184.00
2017/01/16,12.96,13.18,12.38,13.15,21868638,283620864.00
2017/01/17,13.09,13.14,12.81,13.10,9930582,129100240.00
2017/01/18,13.10,13.15,12.95,12.97,7576796,98676904.00
2017/01/19,12.90,13.15,12.78,13.08,8509583,109637528.00
2017/01/20,12.94,13.20,12.92,13.18,10425692,136781712.00
2017/01/23,13.14,13.25,13.10,13.14,10639947,140001664.00
2017/01/24,13.13,13.14,12.95,12.98,8718483,113525792.00
2017/01/25,12.91,13.03,12.90,12.96,7611594,98580720.00
2017/01/26,12.90,14.06,12.90,13.54,10344195,136445296.00
2017/02/03,13.21,13.48,13.16,13.33,8737160,116308392.00
2017/02/06,13.33,13.38,13.18,13.28,8600511,113944408.00
2017/02/07,13.29,13.32,13.21,13.25,7206858,95523192.00
2017/02/08,13.25,13.32,13.18,13.29,9059602,120041576.00
2017/02/09,13.34,13.68,13.29,13.59,23545130,318297344.00
2017/02/10,13.61,13.69,13.47,13.63,15060748,204178768.00
2017/02/13,13.63,13.66,13.48,13.54,15796332,213661040.00
2017/02/14,13.55,13.60,13.52,13.56,7564354,102538736.00
2017/02/15,13.56,13.56,13.26,13.34,11894126,159190384.00
2017/02/16,13.30,13.39,13.20,13.32,7001508,93015824.00
2017/02/17,13.29,14.10,13.27,13.41,22796233,310033728.00
2017/02/20,13.39,13.63,13.32,13.53,10859782,146296864.00
2017/02/21,13.57,13.58,13.47,13.53,9190348,124220344.00
2017/02/22,13.54,13.62,13.46,13.57,9068542,122826168.00
2017/02/23,13.59,13.59,13.36,13.44,9780586,131464776.00
2017/02/24,13.41,13.49,13.37,13.47,7254708,97430336.00
2017/02/27,13.39,13.60,13.21,13.45,18688235,250662016.00
2017/02/28,13.40,13.49,13.37,13.44,6409048,86114368.00
2017/03/01,13.40,13.54,13.35,13.42,8496582,114234752.00
2017/03/02,13.41,13.48,13.11,13.12,14729921,195034320.00
2017/03/03,13.13,13.40,13.12,13.33,10623676,140655568.00
2017/03/06,13.30,13.39,13.22,13.37,8181890,109200720.00
2017/03/07,13.39,13.58,13.34,13.52,13975030,188437712.00
2017/03/08,13.53,13.56,13.38,13.41,7402074,99542208.00
2017/03/09,13.39,13.54,13.25,13.49,12198119,163272736.00
2017/03/10,13.49,13.69,13.47,13.59,21616210,293893600.00
2017/03/13,13.55,13.76,13.46,13.71,19361636,263935312.00
2017/03/14,13.98,14.10,13.80,13.83,26466198,368269408.00
2017/03/15,13.82,13.99,13.60,13.86,21585459,299159168.00
2017/03/16,13.81,13.96,13.76,13.94,17321249,240225008.00
2017/03/17,13.94,14.00,13.75,13.77,13377283,185507248.00
2017/03/20,13.73,13.77,13.56,13.67,9547897,130160520.00
2017/03/21,13.67,13.84,13.60,13.79,10259814,140852832.00
2017/03/22,13.70,13.70,13.53,13.58,9844611,133763656.00
2017/03/23,13.56,13.63,13.36,13.36,12673537,170483936.00
2017/03/24,13.36,13.42,13.25,13.39,17772245,237132448.00
2017/03/27,13.38,13.65,13.30,13.55,15354112,207139648.00
2017/03/28,13.55,13.63,13.37,13.41,8467804,114180704.00
2017/03/29,13.44,13.50,13.17,13.18,10572464,140713952.00
2017/03/30,13.17,13.17,12.80,12.92,18181214,234560000.00
2017/03/31,12.85,12.97,12.82,12.90,6623362,85349760.00
2017/04/05,12.90,13.16,12.90,13.12,8776997,114776160.00
2017/04/06,13.10,13.18,13.03,13.10,6373217,83533744.00
2017/04/07,13.12,13.15,12.97,13.01,7268294,94709696.00
2017/04/10,13.07,13.18,12.81,13.11,16743425,217531840.00
2017/04/11,13.08,13.32,12.99,13.29,15739023,207548704.00
2017/04/12,13.29,13.40,13.21,13.22,11322572,150459360.00
2017/04/13,13.17,13.24,13.10,13.23,7788281,102734064.00
2017/04/14,13.23,13.23,13.00,13.01,7777690,101805720.00
2017/04/17,13.00,13.25,12.83,13.19,12139346,159044928.00
2017/04/18,13.19,13.48,13.17,13.33,17333213,231552960.00
2017/04/19,13.23,13.36,13.04,13.09,9193885,120767880.00
2017/04/20,12.81,13.24,12.81,13.19,13010331,169664704.00
2017/04/21,13.18,13.23,12.97,13.02,6108232,80084088.00
2017/04/24,13.02,13.06,12.44,12.54,11295189,142959856.00
2017/04/25,12.48,12.64,12.30,12.48,11416073,142305856.00
2017/04/26,12.42,12.66,12.35,12.64,16394500,204767136.00
2017/04/27,12.66,12.66,12.36,12.56,6533251,81673784.00
2017/04/28,12.51,12.62,12.37,12.57,7094390,88632304.00
2017/05/02,12.57,12.65,12.46,12.60,11072441,139091408.00
2017/05/03,12.55,12.71,12.55,12.61,7359310,92812208.00
2017/05/04,12.56,12.64,12.52,12.54,7918455,99665944.00
2017/05/05,12.50,12.57,12.01,12.48,12224365,150636224.00
2017/05/08,12.35,12.50,12.26,12.42,7799076,96561032.00
2017/05/09,12.36,12.54,12.28,12.47,6100925,75689136.00
2017/05/10,12.51,12.51,12.22,12.26,8359900,103735664.00
2017/05/11,12.16,12.24,11.36,12.07,13830916,164352080.00
2017/05/12,11.90,12.15,11.58,12.09,16683515,197958144.00
2017/05/15,12.01,12.53,11.96,12.47,13292334,162253712.00
2017/05/16,12.37,12.83,12.26,12.78,13002295,163999744.00
2017/05/17,12.73,12.97,12.66,12.77,8712581,111524152.00
2017/05/18,12.70,12.95,12.62,12.79,7774456,99654168.00
2017/05/19,12.77,12.86,12.60,12.77,7380185,93951120.00
2017/05/22,12.70,12.75,12.48,12.51,5853681,73609224.00
2017/05/23,12.59,12.59,11.96,12.07,9405973,115714680.00
2017/05/24,12.03,12.38,12.02,12.22,8118090,98550520.00
2017/05/25,12.15,12.28,11.97,12.16,10760900,130428592.00
2017/05/26,12.20,12.33,12.15,12.25,5651745,69041456.00
2017/05/31,12.32,12.36,12.15,12.16,4702401,57733848.00
2017/06/01,12.14,12.17,11.80,11.85,6388301,76521416.00
2017/06/02,11.85,12.10,11.78,12.08,6390793,76394096.00
2017/06/05,12.11,12.12,12.02,12.06,4961517,59929096.00
2017/06/06,12.05,12.10,12.00,12.06,4925813,59350640.00
2017/06/07,12.06,12.20,12.03,12.18,7749973,94068120.00
2017/06/08,12.08,12.19,12.08,12.11,7206654,87343736.00
2017/06/09,12.15,12.15,11.92,12.06,8886611,106621032.00
2017/06/12,11.93,12.02,11.71,11.77,9311635,110644456.00
2017/06/13,11.72,11.97,11.72,11.92,8370845,99441888.00
2017/06/14,11.95,11.95,11.79,11.80,4551644,53876552.00
2017/06/15,11.85,11.96,11.80,11.94,6500010,77220512.00
2017/06/16,11.94,11.97,11.83,11.93,5001361,59397708.00
2017/06/19,11.93,11.94,11.84,11.90,4908737,58365272.00
2017/06/20,11.90,12.03,11.86,12.02,9088378,108766824.00
2017/06/21,12.18,12.22,11.96,12.07,9078517,109651600.00
2017/06/22,12.03,13.09,12.00,12.69,38949389,491411840.00
2017/06/23,12.62,13.18,12.52,13.13,32178694,414302624.00
2017/06/26,13.02,13.19,12.91,13.11,19963431,260787344.00
2017/06/27,13.02,13.08,12.81,12.84,16031107,206627760.00
2017/06/28,12.85,12.85,12.58,12.65,10482756,132768592.00
2017/06/29,12.73,12.94,12.65,12.78,9718455,124451384.00
2017/06/30,12.66,12.99,12.65,12.81,9352557,120355840.00
2017/07/03,12.82,13.24,12.71,13.21,23294238,303845984.00
2017/07/04,13.24,13.33,13.08,13.17,19634454,259211632.00
2017/07/05,13.08,13.44,13.07,13.37,20354525,270965952.00
2017/07/06,13.30,13.46,13.15,13.23,14857067,197200784.00
2017/07/07,13.29,13.38,13.12,13.16,9851922,129948272.00
2017/07/10,13.16,13.23,12.88,12.92,11632372,151139376.00
2017/07/11,12.85,13.12,12.85,12.93,7925191,102816104.00
2017/07/12,13.00,13.34,13.00,13.19,17865680,235592400.00
2017/07/13,13.00,13.00,12.00,12.58,24394053,305409792.00
2017/07/14,12.52,12.81,12.31,12.72,13077399,164827264.00
2017/07/17,12.51,12.58,11.70,11.86,15149835,183629216.00
2017/07/18,11.94,11.94,11.70,11.80,6505344,76776144.00
2017/07/19,11.79,11.86,11.66,11.84,11543661,135486800.00
2017/07/20,11.84,11.84,11.46,11.48,17018799,198304704.00
2017/07/21,11.60,11.77,11.48,11.54,12848477,148963040.00
2017/07/24,11.08,11.08,10.39,10.39,42133963,441462656.00
2017/08/02,10.39,10.39,10.39,10.39,0,0.00
数据来源:通达信
