600719 大连热电 日线 前复权
      日期	    开盘	    最高	    最低	    收盘	    成交量	    成交额
2010/10/08,4.25,4.35,4.23,4.26,5793076,49902308.00
2010/10/11,4.26,4.30,4.21,4.28,6546611,56395876.00
2010/10/12,4.30,4.50,4.24,4.42,7618672,67298616.00
2010/10/13,4.38,4.40,4.32,4.38,4853573,42727920.00
2010/10/14,4.36,4.39,4.10,4.11,5557611,47448560.00
2010/10/15,4.10,4.31,4.10,4.14,3686881,31213724.00
2010/10/18,4.15,4.20,4.05,4.12,3525836,29362374.00
2010/10/19,4.11,4.22,4.07,4.19,2823499,23843284.00
2010/10/20,4.15,4.22,4.09,4.20,3697977,31106712.00
2010/10/21,4.20,4.34,4.20,4.27,4457396,38622612.00
2010/10/22,4.28,4.42,4.28,4.32,5099767,44918604.00
2010/10/25,4.35,4.39,4.28,4.35,5054967,44274240.00
2010/10/26,4.33,4.33,4.21,4.30,5466331,47021472.00
2010/10/27,4.28,4.45,4.23,4.36,7880006,69208848.00
2010/10/28,4.40,4.62,4.40,4.53,11409181,104414288.00
2010/10/29,4.56,4.58,4.43,4.47,5265514,47576916.00
2010/11/01,4.54,4.75,4.54,4.70,10872174,102507456.00
2010/11/02,4.71,4.74,4.59,4.68,7941056,74893136.00
2010/11/03,4.68,4.77,4.59,4.59,6829295,64417908.00
2010/11/04,4.58,4.65,4.53,4.63,5052819,46791260.00
2010/11/05,4.62,4.69,4.56,4.65,5844829,54589192.00
2010/11/08,4.65,4.83,4.57,4.81,9005109,85520792.00
2010/11/09,4.80,5.10,4.72,4.92,10074361,100810048.00
2010/11/10,4.99,5.09,4.89,4.97,7348442,73873648.00
2010/11/11,4.96,5.46,4.94,5.21,15832398,167470112.00
2010/11/12,5.17,5.39,4.83,4.91,13215646,136754608.00
2010/11/15,4.93,5.34,4.93,5.32,12241366,127287448.00
2010/11/16,5.24,5.78,5.17,5.53,21950175,242636048.00
2010/11/17,5.40,5.40,4.97,4.97,10045259,103276160.00
2010/11/18,4.97,5.24,4.56,5.12,12913204,127682432.00
2010/11/19,5.20,5.44,5.12,5.35,15686820,167932672.00
2010/11/22,5.37,5.58,5.26,5.40,13703497,149793600.00
2010/11/23,5.41,5.55,5.25,5.43,11345408,123774888.00
2010/11/24,5.37,5.68,5.33,5.62,12189728,135785200.00
2010/11/25,5.64,5.78,5.50,5.61,12661134,143934336.00
2010/11/26,5.62,5.81,5.56,5.79,11812187,135018496.00
2010/11/29,5.80,6.10,5.74,5.98,13916739,165353776.00
2010/11/30,5.99,6.05,5.52,5.88,14301842,168461424.00
2010/12/01,5.85,6.48,5.76,6.48,20816167,261549968.00
2010/12/02,6.45,6.95,6.19,6.22,34181980,447510496.00
2010/12/03,6.15,6.15,5.70,5.85,16958877,201547904.00
2010/12/06,5.78,5.87,5.61,5.62,10445190,120013192.00
2010/12/07,5.59,5.76,5.54,5.74,8930986,102227784.00
2010/12/08,5.67,5.70,5.45,5.50,14450575,161300832.00
2010/12/09,5.43,5.44,5.18,5.20,11157105,119213504.00
2010/12/10,5.20,5.27,5.08,5.27,7495386,78814160.00
2010/12/13,5.28,5.38,5.18,5.36,7981402,85556872.00
2010/12/14,5.36,5.52,5.26,5.50,10608046,115540872.00
2010/12/15,5.48,5.78,5.38,5.76,15879094,180218608.00
2010/12/16,5.79,5.81,5.55,5.62,9322696,106432840.00
2010/12/17,5.63,5.63,5.40,5.51,6004605,66573508.00
2010/12/20,5.49,5.55,5.13,5.26,6954932,74797456.00
2010/12/21,5.25,5.35,5.20,5.35,4617358,49274992.00
2010/12/22,5.34,5.34,5.20,5.22,3521017,37326868.00
2010/12/23,5.18,5.32,5.05,5.07,5076461,53168084.00
2010/12/24,5.06,5.07,4.73,4.79,5637461,55373744.00
2010/12/27,4.77,4.86,4.45,4.50,5124675,48429984.00
2010/12/28,4.64,4.96,4.63,4.96,9135062,89443360.00
2010/12/29,5.20,5.46,5.06,5.46,19195196,208829232.00
2010/12/30,5.70,5.95,5.50,5.85,29994385,349689792.00
2010/12/31,5.73,5.86,5.64,5.82,22251775,257665952.00
2011/01/04,5.75,5.95,5.66,5.94,23073464,271186400.00
2011/01/05,5.83,5.89,5.62,5.65,14993819,172742096.00
2011/01/06,5.62,5.81,5.61,5.66,10118812,116228248.00
2011/01/07,5.61,5.67,5.40,5.48,13448432,148984096.00
2011/01/10,5.47,5.48,5.21,5.32,9880703,106230336.00
2011/01/11,5.30,5.35,5.09,5.19,8419090,88565928.00
2011/01/12,5.24,5.29,4.99,5.24,7302531,76456808.00
2011/01/13,5.24,5.28,5.00,5.07,5406090,56193296.00
2011/01/14,5.03,5.08,4.79,4.90,8609896,85200896.00
2011/01/17,4.80,5.03,4.72,4.92,9105107,89928640.00
2011/01/18,4.86,4.92,4.79,4.90,4117170,40359144.00
2011/01/19,4.79,5.14,4.75,5.09,9839640,99440408.00
2011/01/20,5.00,5.03,4.72,4.74,6947385,68333264.00
2011/01/21,4.71,4.80,4.59,4.73,4787575,45496804.00
2011/01/24,4.72,4.72,4.46,4.48,4098914,37934676.00
2011/01/25,4.46,4.58,4.36,4.46,3028830,27240072.00
2011/01/26,4.47,4.57,4.46,4.50,2444138,22275548.00
2011/01/27,4.50,4.60,4.38,4.58,4384249,39895880.00
2011/01/28,4.52,4.66,4.49,4.63,4173432,38614360.00
2011/01/31,4.58,4.71,4.58,4.66,3979734,37421832.00
2011/02/01,4.69,4.80,4.63,4.65,5215430,49593048.00
2011/02/09,4.60,4.66,4.50,4.51,3600532,33225008.00
2011/02/10,4.51,4.80,4.48,4.79,6568965,62147152.00
2011/02/11,4.79,4.79,4.69,4.75,4978277,47690456.00
2011/02/14,4.76,4.93,4.74,4.86,6018856,58588972.00
2011/02/15,4.86,4.92,4.79,4.81,6311923,61866048.00
2011/02/16,4.80,4.92,4.77,4.90,4604485,45124432.00
2011/02/17,4.97,5.03,4.86,4.95,6620914,65938560.00
2011/02/18,4.95,5.18,4.85,5.09,10649958,107509016.00
2011/02/21,5.09,5.30,5.09,5.14,12385374,128820280.00
2011/02/22,5.12,5.12,4.90,5.02,8742947,88293560.00
2011/02/23,5.02,5.18,4.97,5.09,7662203,78653952.00
2011/02/24,5.08,5.09,4.94,4.98,5539295,55775460.00
2011/02/25,4.96,5.00,4.84,4.92,4312693,42764304.00
2011/02/28,4.91,4.99,4.82,4.97,4017083,39942904.00
2011/03/01,4.95,5.47,4.91,5.47,27505846,297072032.00
2011/03/02,5.43,5.56,5.36,5.56,29515237,326018240.00
2011/03/03,5.50,5.70,5.38,5.62,24830263,278071296.00
2011/03/04,5.56,5.62,5.47,5.58,12438421,139222784.00
2011/03/07,5.58,6.10,5.52,6.06,33038810,390431520.00
2011/03/08,6.04,6.35,5.87,6.28,37425342,458937504.00
2011/03/09,6.20,6.30,6.11,6.18,23536416,293563712.00
2011/03/10,6.15,6.28,6.00,6.25,20606534,256321024.00
2011/03/11,6.30,6.42,5.81,5.92,22459453,276753760.00
2011/03/14,5.86,5.88,5.62,5.69,15894489,183559488.00
2011/03/15,5.68,5.82,5.55,5.81,13111822,151071440.00
2011/03/16,5.79,5.88,5.67,5.81,10263494,119320040.00
2011/03/17,5.73,5.90,5.62,5.63,10565329,122782760.00
2011/03/18,5.66,5.73,5.57,5.61,6375786,72400936.00
2011/03/21,5.63,5.85,5.61,5.83,10119305,117344048.00
2011/03/22,5.84,5.89,5.74,5.79,6883296,80549328.00
2011/03/23,5.77,5.81,5.61,5.80,6963904,80081632.00
2011/03/24,5.69,5.69,5.41,5.47,18850677,209377088.00
2011/03/25,5.43,5.45,5.34,5.39,10826544,117975368.00
2011/03/28,5.38,5.48,5.38,5.42,8255006,90483712.00
2011/03/29,5.41,5.42,5.27,5.28,7133853,76753320.00
2011/03/30,5.28,5.39,5.28,5.34,5334386,57467928.00
2011/03/31,5.40,5.49,5.25,5.26,7403947,80705424.00
2011/04/01,5.26,5.38,5.18,5.38,5255425,56181820.00
2011/04/06,5.31,5.42,5.20,5.33,4320082,46181708.00
2011/04/07,5.33,5.54,5.26,5.48,8314481,90973984.00
2011/04/08,5.45,5.51,5.41,5.45,4884777,53744780.00
2011/04/11,5.43,5.87,5.43,5.72,19110509,218967616.00
2011/04/12,5.68,6.14,5.60,6.05,23320478,274118624.00
2011/04/13,5.97,6.05,5.87,6.03,11840794,142229168.00
2011/04/14,6.01,6.01,5.75,5.80,9472893,111739264.00
2011/04/15,5.80,5.88,5.56,5.70,7661518,88091472.00
2011/04/18,5.69,5.76,5.57,5.75,6021645,68555504.00
2011/04/19,5.71,5.74,5.60,5.66,4416242,50426816.00
2011/04/20,5.66,5.94,5.66,5.87,8404605,99012664.00
2011/04/21,5.88,6.05,5.80,6.00,9096873,108250960.00
2011/04/22,5.90,6.11,5.89,6.02,11584196,140225440.00
2011/04/25,5.93,5.93,5.67,5.71,6755811,78318232.00
2011/04/26,5.68,5.68,5.40,5.41,5363216,59962144.00
2011/04/28,5.41,5.51,5.02,5.04,4954744,52408116.00
2011/04/29,5.05,5.28,5.05,5.24,2697952,28226622.00
2011/05/03,5.30,5.36,5.21,5.29,3241114,34683540.00
2011/05/04,5.29,5.29,5.00,5.04,3078709,31892460.00
2011/05/05,5.05,5.10,4.99,5.07,2105018,21461480.00
2011/05/06,5.05,5.16,4.95,5.15,3045528,31167498.00
2011/05/09,5.30,5.52,5.25,5.49,7405556,80953768.00
2011/05/10,5.45,5.59,5.40,5.55,7325265,81243000.00
2011/05/11,5.48,5.80,5.48,5.55,6180032,70174912.00
2011/05/12,5.50,5.74,5.37,5.65,7636084,86303808.00
2011/05/13,5.65,5.70,5.35,5.57,5531425,61703768.00
2011/05/16,5.50,5.73,5.50,5.71,6996625,79957832.00
2011/05/17,5.71,5.83,5.55,5.63,6515916,74908448.00
2011/05/18,5.63,5.84,5.58,5.82,8235071,95408192.00
2011/05/19,5.78,5.85,5.65,5.68,5179753,59837396.00
2011/05/20,5.65,6.01,5.64,5.89,12603272,149809968.00
2011/05/23,5.85,5.88,5.42,5.48,8792413,99960824.00
2011/05/24,5.40,5.59,5.36,5.51,5101360,56644492.00
2011/05/25,5.50,5.51,5.20,5.22,5656631,60424716.00
2011/05/26,5.25,5.74,5.25,5.74,8851661,99021440.00
2011/05/27,5.99,6.10,5.44,5.51,18810671,219326192.00
2011/05/30,5.11,5.20,4.95,4.96,11632698,117548264.00
2011/05/31,4.92,5.19,4.89,5.13,6286755,64484492.00
2011/06/01,5.10,5.33,5.01,5.28,6130125,64569976.00
2011/06/02,5.18,5.21,4.96,5.12,4679653,48180760.00
2011/06/03,5.12,5.33,5.09,5.26,4596969,48639488.00
2011/06/07,5.26,5.35,5.20,5.29,4123968,43824116.00
2011/06/08,5.27,5.42,5.15,5.41,4598814,48944392.00
2011/06/09,5.33,5.73,5.32,5.42,7787908,86830760.00
2011/06/10,5.33,5.49,4.95,5.37,5599188,59265636.00
2011/06/13,5.38,5.38,5.19,5.36,2699855,28841208.00
2011/06/14,5.34,5.73,5.30,5.53,7823345,88162200.00
2011/06/15,5.53,5.64,5.48,5.55,5042700,56515972.00
2011/06/16,5.45,5.75,5.39,5.40,8061600,90675400.00
2011/06/17,5.25,5.39,5.09,5.10,5749275,60575760.00
2011/06/20,5.10,5.18,5.03,5.13,2566095,26495524.00
2011/06/21,5.18,5.26,5.10,5.22,2163735,22672500.00
2011/06/22,5.25,5.25,5.08,5.09,2595358,26962990.00
2011/06/23,5.04,5.28,5.00,5.22,3138052,32721210.00
2011/06/24,5.18,5.38,5.18,5.34,4674915,49961872.00
2011/06/27,5.33,5.52,5.29,5.49,5206517,56779216.00
2011/06/28,5.50,5.50,5.32,5.43,3840975,41666464.00
2011/06/29,5.41,5.71,5.33,5.35,10123941,113104328.00
2011/06/30,5.26,5.51,5.25,5.49,6330954,69034392.00
2011/07/01,5.51,5.64,5.43,5.45,7724951,86104584.00
2011/07/04,5.33,5.68,5.30,5.65,11495130,127096480.00
2011/07/05,5.59,5.71,5.53,5.65,8961326,101478640.00
2011/07/06,5.61,5.65,5.52,5.62,7242981,81602888.00
2011/07/07,5.67,5.87,5.61,5.63,13497956,155917200.00
2011/07/08,5.59,5.85,5.55,5.67,8987531,103204592.00
2011/07/11,5.64,5.90,5.59,5.80,11359968,132573784.00
2011/07/12,5.73,5.82,5.66,5.72,7305602,84344032.00
2011/07/13,5.71,5.98,5.70,5.90,11837798,139690608.00
2011/07/14,5.88,5.93,5.79,5.92,9259165,109542416.00
2011/07/15,5.87,5.98,5.79,5.86,9744442,115750104.00
2011/07/18,5.84,5.95,5.78,5.80,6376137,74915424.00
2011/07/19,5.77,5.94,5.75,5.92,10855169,128048512.00
2011/07/20,5.90,6.13,5.89,5.91,20220654,244681824.00
2011/07/21,5.81,5.94,5.62,5.66,11705472,135381264.00
2011/07/22,5.63,5.74,5.61,5.68,4645871,53127200.00
2011/07/25,5.66,5.70,5.11,5.27,9196491,99553208.00
2011/07/26,5.23,5.28,5.10,5.23,4184119,43722800.00
2011/07/27,5.22,5.37,5.15,5.35,5035671,53875112.00
2011/07/28,5.30,5.40,5.26,5.37,3702032,39945760.00
2011/07/29,5.36,5.41,5.29,5.34,3479443,37561656.00
2011/08/01,5.34,5.78,5.30,5.65,11994798,132875000.00
2011/08/02,5.65,5.74,5.47,5.58,10564816,118196688.00
2011/08/03,5.48,5.53,5.37,5.42,4518233,49501312.00
2011/08/04,5.40,5.47,5.34,5.39,2557932,27831472.00
2011/08/05,5.22,5.28,5.13,5.19,3689756,38854896.00
2011/08/08,5.13,5.13,4.73,4.80,5052433,50230380.00
2011/08/09,4.69,4.74,4.32,4.64,4551156,41936156.00
2011/08/11,4.55,4.80,4.46,4.73,4230341,40050544.00
2011/08/12,4.75,4.85,4.75,4.82,3618738,35078976.00
2011/08/15,4.81,5.02,4.81,5.00,4184609,41742856.00
2011/08/16,5.08,5.08,4.88,4.90,3142684,31332098.00
2011/08/17,4.88,4.94,4.76,4.78,2326095,22713766.00
2011/08/18,4.85,4.85,4.66,4.67,1981347,18877988.00
2011/08/19,4.54,4.59,4.43,4.59,2273060,20823612.00
2011/08/22,4.58,4.64,4.50,4.52,1965290,18085100.00
2011/08/23,4.53,4.75,4.53,4.74,3445103,32454988.00
2011/08/24,4.76,5.21,4.74,5.15,10095460,100663704.00
2011/08/25,5.05,5.19,5.03,5.13,12268124,125100376.00
2011/08/26,5.06,5.11,4.97,5.00,6105693,61685392.00
2011/08/29,4.91,4.92,4.82,4.83,3096576,30329752.00
2011/08/30,4.91,4.93,4.81,4.81,2121238,20819464.00
2011/08/31,4.80,4.85,4.74,4.80,1236365,11931244.00
2011/09/01,4.87,5.03,4.85,4.87,3282779,32672024.00
2011/09/02,4.83,4.84,4.71,4.74,1845677,17717722.00
2011/09/05,4.66,4.69,4.57,4.58,1576363,14684401.00
2011/09/06,4.46,4.63,4.46,4.60,1037001,9571915.00
2011/09/07,4.66,4.69,4.60,4.69,1624563,15257546.00
2011/09/08,4.70,4.72,4.59,4.60,1639232,15355856.00
2011/09/09,4.61,4.64,4.55,4.56,1025525,9485710.00
2011/09/13,4.52,4.67,4.46,4.60,1542801,14210583.00
2011/09/14,4.61,4.67,4.53,4.64,1147170,10621049.00
2011/09/15,4.64,4.68,4.58,4.59,1230184,11515300.00
2011/09/16,4.62,4.66,4.56,4.57,843964,7845841.00
2011/09/19,4.58,4.60,4.49,4.49,1070470,9792367.00
2011/09/20,4.49,4.57,4.49,4.55,875947,8022089.00
2011/09/21,4.51,4.70,4.51,4.66,2180155,20358018.00
2011/09/22,4.65,4.65,4.48,4.50,1514786,13959737.00
2011/09/23,4.45,4.49,4.37,4.43,1686224,15067330.00
2011/09/26,4.43,4.49,4.34,4.35,876937,7791715.00
2011/09/27,4.40,4.46,4.35,4.38,724799,6429432.00
2011/09/28,4.42,4.42,4.24,4.26,1281179,11207756.00
2011/09/29,4.23,4.23,4.02,4.03,1945742,16093066.00
2011/09/30,4.05,4.10,3.98,4.07,883689,7222251.00
2011/10/10,4.04,4.09,4.01,4.03,836119,6837645.00
2011/10/11,4.09,4.16,3.99,4.05,920700,7575084.00
2011/10/12,4.05,4.19,3.96,4.17,2048199,17062794.00
2011/10/13,4.21,4.26,4.14,4.19,2558790,21631604.00
2011/10/14,4.17,4.26,4.15,4.23,1900005,16183651.00
2011/10/17,4.31,4.31,4.20,4.22,973910,8331286.00
2011/10/18,4.22,4.22,4.00,4.03,1386262,11436805.00
2011/10/19,4.06,4.07,4.00,4.02,670130,5459768.00
2011/10/20,3.98,4.01,3.77,3.79,1753480,13758330.00
2011/10/21,3.80,3.82,3.71,3.78,1228272,9353117.00
2011/10/24,3.77,3.88,3.77,3.87,1772457,13742714.00
2011/10/25,3.86,4.20,3.81,4.17,3041985,24596392.00
2011/10/26,4.12,4.22,4.03,4.08,6114718,50611496.00
2011/10/27,4.03,4.10,3.98,4.01,3002561,24419564.00
2011/10/28,4.05,4.09,4.00,4.06,2150427,17571486.00
2011/10/31,4.04,4.08,4.01,4.05,1378949,11271852.00
2011/11/01,4.01,4.07,3.98,4.04,1431536,11691572.00
2011/11/02,3.98,4.04,3.86,4.02,3000537,23837292.00
2011/11/03,4.04,4.28,4.04,4.15,6565237,55023600.00
2011/11/04,4.14,4.19,4.11,4.16,2952250,24695284.00
2011/11/07,4.16,4.16,4.08,4.10,1660116,13807149.00
2011/11/08,4.11,4.18,4.09,4.12,1897560,15845876.00
2011/11/09,4.14,4.17,4.07,4.15,1616294,13481211.00
2011/11/10,4.11,4.18,4.08,4.13,2895683,24206758.00
2011/11/11,4.15,4.16,3.99,4.02,2150459,17747036.00
2011/11/14,4.05,4.18,4.05,4.17,2897305,24133064.00
2011/11/15,4.17,4.30,4.15,4.23,4486505,38381640.00
2011/11/16,4.28,4.28,4.11,4.19,4756690,40146024.00
2011/11/17,4.18,4.43,4.18,4.35,8449555,73766016.00
2011/11/18,4.30,4.42,4.24,4.31,5256387,45885032.00
2011/11/21,4.29,4.74,4.28,4.74,22189442,208578656.00
2011/11/22,4.68,4.99,4.60,4.75,25213792,242072048.00
2011/11/23,4.69,4.77,4.51,4.51,14655386,136055792.00
2011/11/24,4.40,4.42,4.26,4.33,9295097,81161392.00
2011/11/25,4.31,4.37,4.16,4.17,6755356,58152248.00
2011/11/28,4.18,4.21,4.04,4.10,5345377,44212880.00
2011/11/29,4.15,4.22,4.10,4.20,4490494,37685712.00
2011/11/30,4.18,4.38,4.14,4.27,10061137,86632104.00
2011/12/01,4.41,4.46,4.22,4.34,8023269,70018440.00
2011/12/02,4.27,4.32,4.05,4.08,4976909,41568736.00
2011/12/05,4.06,4.08,3.83,3.84,3532735,27749700.00
2011/12/06,3.83,3.83,3.67,3.77,2977867,22519416.00
2011/12/07,3.76,3.78,3.71,3.76,1492600,11319831.00
2011/12/08,3.75,3.79,3.65,3.73,2333876,17549284.00
2011/12/09,3.69,3.72,3.63,3.64,1488140,11066244.00
2011/12/12,3.63,3.67,3.49,3.49,1575099,11427749.00
2011/12/13,3.49,3.51,3.25,3.26,2866776,19291772.00
2011/12/14,3.26,3.38,3.25,3.29,1815743,12173340.00
2011/12/15,3.26,3.27,3.11,3.18,2333500,15042495.00
2011/12/16,3.21,3.37,3.16,3.36,2193960,14490289.00
2011/12/19,3.32,3.40,3.24,3.37,1636175,10996415.00
2011/12/20,3.33,3.47,3.32,3.37,1765668,12149323.00
2011/12/21,3.38,3.44,3.17,3.18,1429602,9607458.00
2011/12/22,3.17,3.17,2.86,2.95,3271989,19659288.00
2011/12/23,3.04,3.15,2.98,3.00,2621573,16233898.00
2011/12/26,2.98,3.03,2.93,2.94,1624545,9834866.00
2011/12/27,2.94,2.96,2.81,2.84,1215037,7099688.00
2011/12/28,2.84,2.84,2.76,2.82,1260121,7155195.00
2011/12/29,2.82,2.87,2.79,2.82,1244870,7175625.00
2011/12/30,2.83,2.95,2.83,2.89,1319784,7746173.00
2012/01/04,2.92,2.94,2.83,2.83,968594,5694682.00
2012/01/05,2.84,2.84,2.64,2.68,1333644,7402370.00
2012/01/06,2.67,2.72,2.60,2.70,1185665,6387319.00
2012/01/09,2.69,2.85,2.63,2.83,1949825,10987615.00
2012/01/10,2.83,3.01,2.82,2.97,2908453,17353610.00
2012/01/11,2.97,2.99,2.90,2.93,2522229,15056878.00
2012/01/12,2.90,2.99,2.89,2.95,1843219,11072489.00
2012/01/16,2.84,2.84,2.73,2.74,1179311,6651431.00
2012/01/17,2.74,2.93,2.73,2.89,1690665,9793386.00
2012/01/18,2.92,2.96,2.83,2.85,1428800,8384419.00
2012/01/19,2.85,2.90,2.81,2.85,1087349,6300246.00
2012/01/20,2.85,2.90,2.84,2.88,944664,5523852.00
2012/01/30,2.83,2.95,2.83,2.94,1981345,11669542.00
2012/01/31,2.91,3.05,2.91,3.00,3111003,18889644.00
2012/02/01,3.02,3.30,3.01,3.30,5030663,32981992.00
2012/02/02,3.46,3.46,3.21,3.35,9317448,62654852.00
2012/02/03,3.29,3.35,3.27,3.32,5075156,34052504.00
2012/02/06,3.33,3.44,3.24,3.30,5498018,36958884.00
2012/02/07,3.26,3.26,3.15,3.20,3918484,25303752.00
2012/02/08,3.20,3.30,3.16,3.25,4061160,26502696.00
2012/02/09,3.23,3.33,3.22,3.29,4635610,30800736.00
2012/02/10,3.28,3.32,3.22,3.27,3208061,21237048.00
2012/02/13,3.24,3.33,3.21,3.30,3115370,20693780.00
2012/02/14,3.28,3.31,3.23,3.28,2313819,15326664.00
2012/02/15,3.28,3.38,3.27,3.34,4941642,33447754.00
2012/02/16,3.34,3.51,3.32,3.49,7474103,51932680.00
2012/02/17,3.48,3.48,3.33,3.37,4503403,31046528.00
2012/02/20,3.41,3.44,3.32,3.35,2769232,18907874.00
2012/02/21,3.32,3.38,3.28,3.36,2178646,14710669.00
2012/02/22,3.38,3.41,3.34,3.40,2736903,18771808.00
2012/02/23,3.45,3.70,3.44,3.56,9449549,68433912.00
2012/02/24,3.51,3.54,3.46,3.54,4766499,33836268.00
2012/02/27,3.53,3.57,3.51,3.51,4651036,33260056.00
2012/02/28,3.51,3.51,3.41,3.48,3015940,21138856.00
2012/02/29,3.44,3.55,3.43,3.52,3408981,24159912.00
2012/03/01,3.50,3.54,3.47,3.49,2025288,14355415.00
2012/03/02,3.46,3.53,3.46,3.52,2140018,15204520.00
2012/03/05,3.60,3.64,3.52,3.54,3064019,22084410.00
2012/03/06,3.51,3.54,3.40,3.46,2796324,19515794.00
2012/03/07,3.42,3.50,3.39,3.42,1929076,13426270.00
2012/03/08,3.42,3.49,3.42,3.45,1927706,13507222.00
2012/03/09,3.48,3.54,3.45,3.53,2705927,19200832.00
2012/03/12,3.52,3.59,3.52,3.58,3006959,21644856.00
2012/03/13,3.59,3.60,3.54,3.60,3042004,22005406.00
2012/03/14,3.60,3.65,3.34,3.38,5453590,38782456.00
2012/03/15,3.37,3.40,3.22,3.29,2766563,18468558.00
2012/03/16,3.26,3.37,3.25,3.36,2383954,15949345.00
2012/03/19,3.35,3.42,3.27,3.40,2284689,15469177.00
2012/03/20,3.38,3.44,3.31,3.32,2784244,19059698.00
2012/03/21,3.32,3.45,3.29,3.41,2647276,18059638.00
2012/03/22,3.39,3.45,3.36,3.39,2473997,17066476.00
2012/03/23,3.36,3.38,3.22,3.26,2257578,15058990.00
2012/03/26,3.26,3.28,3.17,3.21,1530109,9968123.00
2012/03/27,3.21,3.26,3.18,3.19,815746,5322446.00
2012/03/28,3.21,3.21,3.03,3.04,2007810,12596484.00
2012/03/29,3.03,3.03,2.95,2.96,1428195,8638426.00
2012/03/30,2.96,2.99,2.91,2.94,879310,5267825.00
2012/04/05,2.94,3.04,2.94,3.02,1410330,8601613.00
2012/04/06,3.02,3.10,3.01,3.06,1524213,9469327.00
2012/04/09,3.03,3.09,3.01,3.02,905947,5601804.00
2012/04/10,3.03,3.05,2.95,3.05,1085302,6598827.00
2012/04/11,3.02,3.10,3.00,3.10,1812440,11266067.00
2012/04/12,3.08,3.18,3.08,3.16,2198381,13956832.00
2012/04/16,3.15,3.29,3.12,3.28,2619910,17071200.00
2012/04/17,3.26,3.35,3.18,3.23,2839500,18732852.00
2012/04/18,3.20,3.34,3.19,3.30,2296068,15307604.00
2012/04/19,3.28,3.41,3.27,3.40,3237510,21952700.00
2012/04/20,3.44,3.48,3.35,3.36,3903708,26750252.00
2012/04/23,3.41,3.44,3.32,3.36,3524388,24131588.00
2012/04/24,3.32,3.39,3.11,3.26,3669341,24127136.00
2012/04/25,3.27,3.47,3.23,3.46,5749090,39398288.00
2012/04/26,3.47,3.48,3.37,3.39,3619523,25159472.00
2012/04/27,3.39,3.68,3.39,3.50,10973370,79412792.00
2012/05/02,3.53,3.85,3.45,3.85,17303875,130912624.00
2012/05/03,3.81,3.95,3.78,3.83,13225583,103595320.00
2012/05/04,3.82,3.93,3.75,3.86,9271735,71755136.00
2012/05/07,3.81,4.16,3.80,4.04,11146998,89723352.00
2012/05/08,4.00,4.06,3.90,3.96,7705707,61719944.00
2012/05/09,3.95,3.95,3.76,3.87,6274321,48610848.00
2012/05/10,3.82,3.88,3.80,3.86,3924501,30534556.00
2012/05/11,3.85,3.90,3.76,3.76,3966891,30732304.00
2012/05/14,3.81,3.85,3.69,3.76,3912196,29985048.00
2012/05/15,3.72,3.89,3.71,3.88,4500772,34594176.00
2012/05/16,3.87,3.92,3.78,3.78,3304784,25508734.00
2012/05/17,3.80,3.84,3.72,3.82,3418348,26229866.00
2012/05/18,3.78,4.06,3.76,3.82,8157021,64294756.00
2012/05/21,3.83,3.83,3.59,3.65,5352104,39736528.00
2012/05/22,3.65,3.69,3.62,3.69,3257219,24058268.00
2012/05/23,3.65,3.70,3.58,3.68,3391705,24931216.00
2012/05/24,3.65,3.85,3.65,3.72,4934526,37515168.00
2012/05/25,3.72,3.72,3.57,3.59,2982432,21977652.00
2012/05/28,3.59,3.68,3.50,3.67,2605786,18937026.00
2012/05/29,3.66,3.76,3.64,3.72,3810836,28714120.00
2012/05/30,3.73,3.80,3.71,3.73,2992908,22670172.00
2012/05/31,3.70,3.77,3.67,3.75,2473673,18698336.00
2012/06/01,3.86,4.09,3.81,3.88,9892630,78630752.00
2012/06/04,3.76,3.84,3.72,3.72,4680471,35775320.00
2012/06/05,3.69,3.82,3.61,3.71,3700322,27846660.00
2012/06/06,3.70,3.78,3.69,3.76,3016653,22812574.00
2012/06/07,3.81,3.95,3.78,3.82,6672216,52113060.00
2012/06/08,3.87,3.95,3.81,3.91,7506705,59275568.00
2012/06/11,3.92,4.12,3.92,4.11,11143038,91028808.00
2012/06/12,4.11,4.11,3.98,3.99,6394840,51929052.00
2012/06/13,4.00,4.25,4.00,4.23,9951958,82717320.00
2012/06/14,4.18,4.29,4.14,4.15,8392368,71328328.00
2012/06/15,4.20,4.23,3.99,4.03,7240141,59530608.00
2012/06/18,4.04,4.08,3.98,4.04,3642583,29671164.00
2012/06/19,4.01,4.14,3.98,4.05,4720788,38860172.00
2012/06/20,4.06,4.07,3.92,3.93,4262884,34241928.00
2012/06/21,3.92,3.99,3.84,3.97,3734694,29456496.00
2012/06/25,3.96,4.05,3.92,3.95,3554111,28732160.00
2012/06/26,3.93,3.93,3.76,3.81,2942835,22734624.00
2012/06/27,3.81,3.83,3.72,3.74,1978427,15157769.00
2012/06/28,3.74,3.82,3.72,3.73,1997307,15214026.00
2012/06/29,3.74,3.81,3.71,3.80,2229920,17039588.00
2012/07/02,3.86,3.87,3.78,3.85,2077781,16096853.00
2012/07/03,3.81,3.87,3.75,3.77,2830946,21869074.00
2012/07/04,3.77,3.87,3.76,3.81,2240215,17306844.00
2012/07/05,3.81,3.81,3.73,3.76,1709650,13004138.00
2012/07/06,3.76,3.88,3.73,3.87,2223947,17166278.00
2012/07/09,3.83,3.90,3.80,3.80,2115658,16396590.00
2012/07/10,3.76,3.84,3.75,3.83,1517636,11669425.00
2012/07/11,3.66,3.66,3.45,3.45,1958973,13767383.00
2012/07/12,3.10,3.33,3.10,3.30,6844860,44343824.00
2012/07/13,3.16,3.24,3.13,3.14,3783065,24326666.00
2012/07/16,3.11,3.13,2.92,2.98,2028699,12496372.00
2012/07/17,2.96,3.07,2.96,3.05,1691969,10431439.00
2012/07/18,3.05,3.07,3.01,3.06,1340227,8268341.00
2012/07/19,3.08,3.17,3.05,3.12,2161887,13681789.00
2012/07/20,3.13,3.18,3.13,3.14,1659072,10603228.00
2012/07/23,3.14,3.14,3.04,3.07,1309499,8160516.00
2012/07/24,3.07,3.11,3.03,3.10,1059611,6618628.00
2012/07/25,3.10,3.12,3.03,3.04,1052798,6561265.00
2012/07/26,3.03,3.08,3.03,3.04,915963,5665209.00
2012/07/27,3.06,3.10,3.04,3.06,899514,5603658.00
2012/07/30,3.06,3.08,2.98,3.00,989350,6090685.00
2012/07/31,3.03,3.03,2.86,2.88,1480136,8715927.00
2012/08/01,2.86,2.94,2.83,2.93,705652,4172259.00
2012/08/02,2.93,2.96,2.88,2.89,775383,4578430.00
2012/08/03,2.89,2.94,2.85,2.93,773430,4556207.00
2012/08/06,2.93,3.05,2.93,3.03,1418864,8656654.00
2012/08/07,3.03,3.08,3.01,3.07,1478084,9148828.00
2012/08/08,3.06,3.07,3.02,3.03,939164,5804327.00
2012/08/09,3.02,3.10,3.00,3.08,1451811,9019836.00
2012/08/10,3.07,3.12,3.07,3.12,1414807,8894060.00
2012/08/13,3.12,3.12,3.01,3.02,1196370,7406012.00
2012/08/14,3.03,3.04,2.98,3.03,1155352,7030402.00
2012/08/15,3.06,3.06,2.97,2.97,1049444,6392944.00
2012/08/16,2.95,3.00,2.95,2.96,638929,3846559.00
2012/08/17,2.97,2.98,2.94,2.98,472080,2839585.00
2012/08/20,2.97,2.97,2.91,2.94,781232,4642223.00
2012/08/21,2.93,3.00,2.93,2.99,976983,5908457.00
2012/08/22,2.99,3.01,2.96,2.97,822409,4986479.00
2012/08/23,2.97,3.05,2.97,3.04,1525008,9342419.00
2012/08/24,3.05,3.05,2.98,2.99,964705,5878450.00
2012/08/27,2.98,3.14,2.96,2.98,2435100,15005544.00
2012/08/28,2.95,3.03,2.94,3.00,678086,4104336.00
2012/08/29,2.97,3.03,2.97,3.02,1028915,6283149.00
2012/08/30,3.03,3.06,2.92,2.98,998250,6040636.00
2012/08/31,3.00,3.03,2.92,3.03,1272856,7657932.00
2012/09/03,3.00,3.07,2.99,3.06,1542952,9536998.00
2012/09/04,3.05,3.07,3.02,3.03,820448,5055511.00
2012/09/05,3.05,3.08,3.01,3.06,1420653,8765161.00
2012/09/06,3.08,3.12,3.06,3.10,2357690,14754780.00
2012/09/07,3.11,3.26,3.08,3.23,4662574,29993632.00
2012/09/10,3.20,3.22,3.15,3.19,2232386,14400175.00
2012/09/11,3.19,3.22,3.15,3.21,1835067,11863899.00
2012/09/12,3.22,3.23,3.13,3.17,1411960,9097176.00
2012/09/13,3.18,3.21,3.14,3.15,1420373,9134492.00
2012/09/14,3.18,3.18,3.10,3.13,1245958,7917652.00
2012/09/17,3.12,3.15,3.02,3.02,1097076,6848367.00
2012/09/18,3.02,3.06,3.00,3.02,976800,5994446.00
2012/09/19,3.03,3.04,3.01,3.02,593522,3640531.00
2012/09/20,3.01,3.02,2.92,2.92,1102401,6610584.00
2012/09/21,2.92,3.00,2.92,2.95,1152995,6922843.00
2012/09/24,2.93,2.97,2.90,2.96,574265,3418732.00
2012/09/25,2.96,2.98,2.91,2.93,862380,5141917.00
2012/09/26,2.91,2.95,2.86,2.86,828968,4864156.00
2012/09/27,2.86,2.97,2.83,2.95,778491,4616310.00
2012/09/28,2.92,2.99,2.92,2.96,1081742,6518626.00
2012/10/08,2.97,3.02,2.93,2.98,770829,4640826.00
2012/10/09,2.99,3.28,2.99,3.28,6090494,39471004.00
2012/10/10,3.28,3.30,3.19,3.21,4459720,29061500.00
2012/10/11,3.21,3.21,3.12,3.16,2403727,15341536.00
2012/10/12,3.15,3.19,3.08,3.16,1988112,12607366.00
2012/10/15,3.15,3.17,3.08,3.10,1427598,9047598.00
2012/10/16,3.10,3.14,3.07,3.10,1508111,9478713.00
2012/10/17,3.11,3.15,3.09,3.14,1195776,7569710.00
2012/10/18,3.15,3.19,3.14,3.17,1991364,12775902.00
2012/10/19,3.18,3.18,3.10,3.12,1640413,10414382.00
2012/10/22,3.09,3.14,3.06,3.13,757751,4778866.00
2012/10/23,3.14,3.15,3.09,3.09,857067,5421831.00
2012/10/24,3.09,3.13,3.07,3.10,865445,5444141.00
2012/10/25,3.10,3.20,3.07,3.20,2974320,18927724.00
2012/10/26,3.16,3.19,3.08,3.09,2024408,12794837.00
2012/10/29,3.09,3.11,3.03,3.05,947564,5886547.00
2012/10/30,3.08,3.09,3.03,3.06,609941,3787181.00
2012/10/31,3.08,3.18,3.04,3.15,1253787,7901836.00
2012/11/01,3.20,3.21,3.13,3.13,2384238,15293619.00
2012/11/02,3.14,3.19,3.14,3.18,1667066,10689250.00
2012/11/05,3.19,3.44,3.19,3.31,5705555,38609348.00
2012/11/06,3.27,3.29,3.18,3.24,2690198,17630668.00
2012/11/07,3.22,3.45,3.19,3.33,4926399,33515452.00
2012/11/08,3.27,3.30,3.21,3.23,2668615,17524628.00
2012/11/09,3.21,3.44,3.20,3.36,3737283,25071416.00
2012/11/12,3.33,3.54,3.33,3.53,5135025,35709708.00
2012/11/13,3.54,3.54,3.38,3.39,4654081,32469588.00
2012/11/14,3.38,3.39,3.24,3.32,3037375,20268172.00
2012/11/15,3.30,3.36,3.23,3.25,1804685,12089918.00
2012/11/16,3.25,3.32,3.23,3.27,1456479,9682214.00
2012/11/19,3.27,3.28,3.13,3.19,1686230,10922273.00
2012/11/20,3.23,3.24,3.17,3.17,887178,5750813.00
2012/11/21,3.17,3.23,3.15,3.22,1017639,6582069.00
2012/11/22,3.22,3.27,3.17,3.23,1265652,8276061.00
2012/11/23,3.22,3.32,3.21,3.28,1712691,11300599.00
2012/11/26,3.26,3.32,3.26,3.28,1134060,7540362.00
2012/11/27,3.26,3.26,3.14,3.15,1474780,9533652.00
2012/11/28,3.11,3.14,3.00,3.04,1443340,8929757.00
2012/11/29,3.06,3.06,2.95,2.95,1162816,7048947.00
2012/11/30,2.96,3.02,2.96,2.99,755317,4578964.00
2012/12/03,3.00,3.01,2.94,2.94,568800,3429499.00
2012/12/04,2.94,3.00,2.91,3.00,696512,4178571.00
2012/12/05,2.97,3.12,2.97,3.09,1046838,6511386.00
2012/12/06,3.09,3.09,3.02,3.04,1027710,6340686.00
2012/12/07,3.02,3.09,3.01,3.08,1370591,8526737.00
2012/12/10,3.08,3.13,3.07,3.11,1334834,8401576.00
2012/12/11,3.11,3.13,3.07,3.09,1141722,7158480.00
2012/12/12,3.09,3.12,3.02,3.08,1125129,6983280.00
2012/12/13,3.06,3.08,3.03,3.04,655914,4052116.00
2012/12/14,3.01,3.14,3.01,3.13,2010605,12671918.00
2012/12/17,3.13,3.17,3.10,3.15,1366915,8692629.00
2012/12/18,3.17,3.18,3.11,3.13,1580225,10087138.00
2012/12/19,3.11,3.23,3.11,3.22,1545771,9931957.00
2012/12/20,3.21,3.25,3.18,3.23,1888301,12308522.00
2012/12/21,3.24,3.25,3.16,3.20,1592726,10343792.00
2012/12/24,3.25,3.43,3.25,3.35,4474792,30479476.00
2012/12/25,3.33,3.42,3.30,3.36,2576990,17493512.00
2012/12/26,3.32,3.37,3.30,3.34,1803606,12163522.00
2012/12/27,3.36,3.37,3.27,3.28,1770953,11851649.00
2012/12/28,3.28,3.30,3.23,3.28,1945417,12848874.00
2012/12/31,3.29,3.30,3.26,3.28,1544018,10248417.00
2013/01/04,3.30,3.33,3.27,3.30,1454981,9716655.00
2013/01/07,3.30,3.30,3.26,3.30,1321430,8782951.00
2013/01/08,3.30,3.37,3.30,3.33,2044596,13781039.00
2013/01/09,3.34,3.42,3.32,3.36,2658927,18213816.00
2013/01/10,3.36,3.36,3.29,3.32,1789787,12061563.00
2013/01/11,3.32,3.33,3.21,3.22,1709540,11332249.00
2013/01/14,3.21,3.36,3.20,3.33,1724540,11492641.00
2013/01/15,3.33,3.45,3.31,3.44,2775375,19004794.00
2013/01/16,3.44,3.44,3.36,3.38,2590253,17795166.00
2013/01/17,3.37,3.51,3.37,3.44,2957627,20700590.00
2013/01/18,3.42,3.46,3.41,3.45,1714331,11948973.00
2013/01/21,3.47,3.50,3.42,3.47,1735831,12132421.00
2013/01/22,3.46,3.48,3.36,3.38,1835849,12643479.00
2013/01/23,3.37,3.40,3.32,3.35,1212899,8231623.00
2013/01/24,3.38,3.47,3.36,3.43,3051615,21146764.00
2013/01/25,3.41,3.41,3.26,3.35,1381737,9313624.00
2013/01/28,3.36,3.39,3.32,3.38,1343417,9157710.00
2013/01/29,3.38,3.45,3.36,3.41,1373400,9464981.00
2013/01/30,3.40,3.44,3.40,3.43,1705641,11811879.00
2013/01/31,3.42,3.49,3.39,3.48,2178268,15216508.00
2013/02/01,3.49,3.49,3.42,3.44,1455452,10163128.00
2013/02/04,3.44,3.65,3.41,3.60,4710234,33898648.00
2013/02/05,3.60,3.74,3.55,3.67,4948513,36790120.00
2013/02/06,3.70,3.71,3.62,3.70,1671937,12392411.00
2013/02/07,3.70,3.81,3.68,3.76,2625187,20013536.00
2013/02/08,3.78,3.80,3.75,3.77,1493957,11385544.00
2013/05/21,4.15,4.15,4.15,4.15,3973572,33338268.00
2013/05/22,4.30,4.30,3.94,3.96,14124961,115582296.00
2013/05/23,3.88,4.03,3.84,3.88,6931453,55093508.00
2013/05/24,3.88,3.89,3.78,3.85,4853070,37513348.00
2013/05/27,3.83,3.86,3.71,3.75,6041997,45858872.00
2013/05/28,3.76,3.79,3.72,3.78,3390684,25770592.00
2013/05/29,3.77,3.86,3.69,3.83,6445529,49118668.00
2013/05/30,3.86,3.86,3.76,3.78,4698045,36213712.00
2013/05/31,3.75,3.82,3.74,3.75,3533706,27013184.00
2013/06/03,3.73,3.85,3.73,3.74,2960691,22594034.00
2013/06/04,3.74,3.78,3.63,3.70,3309375,24616904.00
2013/06/05,3.76,3.78,3.66,3.69,2748121,20685222.00
2013/06/06,3.65,3.67,3.54,3.55,2338239,17019544.00
2013/06/07,3.56,3.62,3.49,3.50,1814147,13049298.00
2013/06/13,3.43,3.43,3.29,3.32,1748033,11778177.00
2013/06/14,3.31,3.47,3.31,3.43,3232500,22282666.00
2013/06/17,3.47,3.48,3.40,3.45,2492351,17345550.00
2013/06/18,3.51,3.56,3.44,3.46,3282380,23251508.00
2013/06/19,3.49,3.49,3.36,3.44,2432702,16866068.00
2013/06/20,3.54,3.67,3.50,3.53,6634607,47984312.00
2013/06/21,3.43,3.43,3.21,3.31,3030266,20343040.00
2013/06/24,3.30,3.30,2.99,3.02,3391340,21346146.00
2013/06/25,2.99,3.02,2.72,3.00,3182183,18687024.00
2013/06/26,2.99,3.04,2.92,3.04,1479670,8996595.00
2013/06/27,3.04,3.08,2.96,2.96,1873850,11502917.00
2013/06/28,2.93,3.00,2.89,2.97,1582359,9468774.00
2013/07/01,2.96,3.07,2.94,3.05,2190677,13434705.00
2013/07/02,3.11,3.16,3.08,3.10,3145914,19843742.00
2013/07/03,3.07,3.12,3.01,3.06,2216704,13734137.00
2013/07/04,3.06,3.16,3.01,3.08,2244861,14132593.00
2013/07/05,3.12,3.14,3.04,3.05,2441920,15288072.00
2013/07/08,3.01,3.01,2.87,2.89,1513584,8978775.00
2013/07/09,2.96,2.96,2.87,2.90,1283639,7588217.00
2013/07/10,2.90,2.97,2.89,2.96,1515804,9013672.00
2013/07/11,2.96,3.08,2.95,3.05,2722902,16721041.00
2013/07/12,3.06,3.08,2.99,3.04,1914237,11788475.00
2013/07/15,3.04,3.08,3.02,3.07,1476495,9145003.00
2013/07/16,3.10,3.10,3.04,3.09,1512156,9406169.00
2013/07/17,3.09,3.10,3.02,3.03,1481681,9199975.00
2013/07/18,3.03,3.19,2.95,3.15,4464241,28047088.00
2013/07/19,3.10,3.15,2.99,2.99,2349872,14664950.00
2013/07/22,2.98,3.02,2.94,2.99,1127918,6834580.00
2013/07/23,3.01,3.07,2.99,3.06,1698412,10480926.00
2013/07/24,3.05,3.09,3.03,3.08,2263025,14056798.00
2013/07/25,3.10,3.10,3.02,3.03,1269139,7851799.00
2013/07/26,3.03,3.04,2.97,3.01,1423158,8645308.00
2013/07/29,2.97,2.99,2.92,2.93,1339399,8013694.00
2013/07/30,2.93,2.97,2.91,2.94,1067342,6371515.00
2013/07/31,2.96,2.97,2.91,2.94,1011302,6047907.00
2013/08/01,2.96,3.01,2.95,3.01,1399988,8458314.00
2013/08/02,3.03,3.09,2.99,3.06,2760192,17055294.00
2013/08/05,3.05,3.09,3.04,3.08,1811253,11249612.00
2013/08/06,3.08,3.09,3.04,3.08,1968063,12272801.00
2013/08/07,3.08,3.17,3.07,3.15,4151793,26312578.00
2013/08/08,3.11,3.11,3.04,3.06,3369100,20970280.00
2013/08/09,3.06,3.09,3.03,3.08,1836435,11393301.00
2013/08/12,3.06,3.15,3.06,3.14,4031281,25517668.00
2013/08/13,3.13,3.18,3.10,3.16,3530534,22515310.00
2013/08/14,3.15,3.16,3.11,3.12,2029738,12893434.00
2013/08/15,3.11,3.15,3.10,3.10,1606446,10184831.00
2013/08/16,3.09,3.16,3.03,3.03,2237278,14019409.00
2013/08/19,3.03,3.10,2.99,3.09,1137484,7052703.00
2013/08/20,3.09,3.10,3.05,3.06,1318516,8212832.00
2013/08/21,3.06,3.12,3.04,3.12,1317564,8260022.00
2013/08/22,3.11,3.15,3.08,3.14,2098519,13300756.00
2013/08/23,3.15,3.33,3.12,3.30,10058988,66095732.00
2013/08/26,3.27,3.30,3.23,3.30,3844453,25470764.00
2013/08/27,3.27,3.54,3.25,3.50,14108252,98839984.00
2013/08/28,3.41,3.44,3.32,3.38,5843425,40033144.00
2013/08/29,3.37,3.38,3.26,3.29,3548385,23710296.00
2013/08/30,3.28,3.35,3.21,3.21,3430228,22812148.00
2013/09/02,3.22,3.28,3.16,3.28,2394559,15710463.00
2013/09/03,3.28,3.31,3.22,3.30,2145464,14243952.00
2013/09/04,3.26,3.33,3.24,3.25,1986486,13153843.00
2013/09/05,3.24,3.30,3.23,3.26,1631083,10799099.00
2013/09/06,3.23,3.28,3.22,3.25,1847312,12152179.00
2013/09/09,3.23,3.30,3.21,3.29,3489008,23050548.00
2013/09/10,3.29,3.35,3.25,3.34,4999945,33325552.00
2013/09/11,3.33,3.34,3.29,3.31,3323387,22309332.00
2013/09/12,3.30,3.34,3.30,3.33,2736241,18422172.00
2013/09/13,3.33,3.36,3.30,3.34,2339100,15749094.00
2013/09/16,3.34,3.38,3.31,3.31,1811565,12212257.00
2013/09/17,3.31,3.32,3.18,3.18,2670123,17597460.00
2013/09/18,3.20,3.24,3.19,3.21,1567710,10209918.00
2013/09/23,3.22,3.28,3.21,3.27,1375295,9044078.00
2013/09/24,3.28,3.28,3.24,3.27,1502750,9928950.00
2013/09/25,3.27,3.28,3.24,3.24,1662667,10974285.00
2013/09/26,3.25,3.25,3.16,3.18,1587030,10293719.00
2013/09/27,3.17,3.20,3.16,3.18,967900,6250621.00
2013/09/30,3.18,3.22,3.17,3.22,773448,5008058.00
2013/10/08,3.21,3.28,3.19,3.28,1254486,8259517.00
2013/10/09,3.27,3.30,3.26,3.29,1444379,9605130.00
2013/10/10,3.29,3.32,3.28,3.29,1625740,10852367.00
2013/10/11,3.30,3.36,3.28,3.35,2969052,20052588.00
2013/10/14,3.33,3.40,3.31,3.38,3741106,25471256.00
2013/10/15,3.38,3.40,3.35,3.39,2409720,16452209.00
2013/10/16,3.38,3.38,3.30,3.32,2349593,15834802.00
2013/10/17,3.32,3.41,3.30,3.37,3736631,25553664.00
2013/10/18,3.36,3.43,3.31,3.34,2800421,18999160.00
2013/10/21,3.35,3.39,3.32,3.38,2636528,17944944.00
2013/10/22,3.41,3.48,3.39,3.40,5325645,36981768.00
2013/10/23,3.36,3.38,3.29,3.29,2646561,17875120.00
2013/10/24,3.28,3.31,3.23,3.26,1672226,11055285.00
2013/10/25,3.22,3.24,3.12,3.15,3437778,22073968.00
2013/10/28,3.08,3.17,3.08,3.14,1323916,8405764.00
2013/10/29,3.12,3.16,3.02,3.06,2130970,13377915.00
2013/10/30,3.06,3.22,3.06,3.15,1317597,8385304.00
2013/10/31,3.13,3.18,3.11,3.17,1365045,8700043.00
2013/11/01,3.17,3.17,3.09,3.12,1084122,6868340.00
2013/11/04,3.12,3.15,3.10,3.14,797884,5053976.00
2013/11/05,3.14,3.19,3.10,3.18,1386852,8841997.00
2013/11/06,3.16,3.18,3.11,3.12,1359068,8662449.00
2013/11/07,3.13,3.15,3.07,3.08,1220087,7676793.00
2013/11/08,3.08,3.11,3.02,3.05,1003837,6226349.00
2013/11/11,3.04,3.08,3.01,3.08,403045,2494685.00
2013/11/12,3.08,3.10,3.07,3.09,652350,4084950.00
2013/11/13,3.10,3.10,3.03,3.05,538331,3335087.00
2013/11/14,3.04,3.06,3.01,3.06,685567,4219801.00
2013/11/15,3.06,3.12,3.03,3.11,1277837,8026528.00
2013/11/18,3.11,3.23,3.11,3.18,2304254,14840307.00
2013/11/19,3.18,3.20,3.15,3.17,1231176,7900987.00
2013/11/20,3.22,3.31,3.19,3.20,2039432,13345518.00
2013/11/21,3.16,3.21,3.16,3.19,1176872,7590216.00
2013/11/22,3.19,3.22,3.18,3.19,785413,5085554.00
2013/11/25,3.18,3.20,3.16,3.18,784698,5069883.00
2013/11/26,3.17,3.19,3.16,3.18,913425,5872604.00
2013/11/27,3.17,3.19,3.16,3.19,835196,5381052.00
2013/11/28,3.19,3.22,3.18,3.20,1165732,7563673.00
2013/11/29,3.19,3.31,3.19,3.30,3557455,23494512.00
2013/12/02,3.30,3.48,3.26,3.37,10727337,73468544.00
2013/12/03,3.31,3.50,3.29,3.48,7632181,52830968.00
2013/12/04,3.56,3.83,3.50,3.83,23664632,178210688.00
2013/12/05,3.77,3.95,3.72,3.81,21969334,170307088.00
2013/12/06,3.78,3.83,3.51,3.63,16016582,117215752.00
2013/12/09,3.55,3.71,3.54,3.68,10333417,75753928.00
2013/12/10,3.61,3.88,3.56,3.78,18625898,140812272.00
2013/12/11,3.77,4.03,3.65,3.96,26658735,209624608.00
2013/12/12,3.91,3.98,3.79,3.90,18537435,144577792.00
2013/12/13,3.98,3.98,3.67,3.73,16421891,125070824.00
2013/12/16,3.66,3.82,3.61,3.82,13848477,104300848.00
2013/12/17,3.78,3.91,3.70,3.86,20873466,161649296.00
2013/12/18,3.87,3.88,3.76,3.81,11527428,89300880.00
2013/12/19,3.83,3.85,3.70,3.71,4796653,36500500.00
2013/12/20,3.71,3.73,3.62,3.73,8684426,64663408.00
2013/12/23,3.69,4.10,3.69,4.10,33033126,266287600.00
2013/12/24,4.04,4.13,3.95,4.11,32069954,263920304.00
2013/12/25,4.03,4.09,3.96,3.98,25987585,210166912.00
2013/12/26,3.95,4.07,3.87,4.04,26029685,210050864.00
2013/12/27,4.01,4.11,3.95,4.00,21465329,174557200.00
2013/12/30,4.01,4.06,3.72,3.87,21758635,169264944.00
2013/12/31,3.83,3.91,3.71,3.76,14133469,108513920.00
2014/01/02,3.83,3.83,3.50,3.58,15910757,116817408.00
2014/01/03,3.56,3.56,3.44,3.46,8698490,61109072.00
2014/01/06,3.46,3.49,3.30,3.31,5882439,40334384.00
2014/01/07,3.30,3.34,3.27,3.33,5016113,33624768.00
2014/01/08,3.32,3.34,3.20,3.21,6210089,40990328.00
2014/01/09,3.22,3.23,3.10,3.12,4741857,30442188.00
2014/01/10,3.12,3.12,3.02,3.07,4016297,24911240.00
2014/01/13,3.05,3.10,3.05,3.07,2429267,15182493.00
2014/01/14,3.08,3.18,3.06,3.16,3215041,20392566.00
2014/01/15,3.16,3.19,3.13,3.16,2382907,15212517.00
2014/01/16,3.14,3.16,3.10,3.13,2341652,14850033.00
2014/01/17,3.13,3.13,3.01,3.02,3113802,19214978.00
2014/01/20,3.03,3.03,2.93,2.94,2362250,14238467.00
2014/01/21,2.94,2.99,2.94,2.98,1646672,9924136.00
2014/01/22,2.98,3.06,2.97,3.05,2609159,16011133.00
2014/01/23,3.06,3.09,3.03,3.05,2404203,14898394.00
2014/01/24,3.03,3.09,3.02,3.08,2070072,12883701.00
2014/01/27,3.06,3.12,3.06,3.08,2288549,14345750.00
2014/01/28,3.10,3.10,3.03,3.05,1764381,10936338.00
2014/01/29,3.08,3.08,3.03,3.04,1743768,10756170.00
2014/01/30,3.05,3.05,2.97,3.00,1981836,12040191.00
2014/02/07,2.97,3.05,2.96,3.04,1481365,9046313.00
2014/02/10,3.04,3.27,3.04,3.15,4773207,30409224.00
2014/02/11,3.15,3.18,3.11,3.15,3726722,23727894.00
2014/02/12,3.16,3.21,3.13,3.21,3696384,23739076.00
2014/02/13,3.19,3.24,3.14,3.15,3976123,25752156.00
2014/02/14,3.15,3.23,3.13,3.21,3086266,19936004.00
2014/02/17,3.22,3.26,3.22,3.24,3274277,21503076.00
2014/02/18,3.26,3.26,3.22,3.24,2841622,18622652.00
2014/02/19,3.24,3.32,3.22,3.29,3870938,25578824.00
2014/02/20,3.28,3.31,3.20,3.20,3150403,20716212.00
2014/02/21,3.20,3.22,3.14,3.16,2600741,16758113.00
2014/02/24,3.16,3.19,3.14,3.17,2345626,15039247.00
2014/02/25,3.17,3.19,2.99,3.01,3410175,21444828.00
2014/02/26,3.01,3.03,2.96,3.03,2207340,13422231.00
2014/02/27,3.03,3.07,3.01,3.03,2350676,14492411.00
2014/02/28,3.04,3.30,3.04,3.27,9035792,58772140.00
2014/03/03,3.25,3.34,3.21,3.29,7286186,48379756.00
2014/03/04,3.26,3.27,3.21,3.24,3267397,21410828.00
2014/03/05,3.23,3.28,3.17,3.20,3239567,21169806.00
2014/03/06,3.18,3.22,3.16,3.19,1842598,11889368.00
2014/03/07,3.18,3.24,3.12,3.15,2315185,14905965.00
2014/03/10,3.10,3.10,3.01,3.02,2457842,15158803.00
2014/03/11,3.01,3.07,3.01,3.05,1191452,7341624.00
2014/03/12,3.05,3.13,3.04,3.13,2050820,12770660.00
2014/03/13,3.13,3.15,3.09,3.12,1486176,9398715.00
2014/03/14,3.11,3.11,3.04,3.06,2332291,14479193.00
2014/03/17,3.07,3.10,3.03,3.10,1478209,9215825.00
2014/03/18,3.11,3.17,3.09,3.12,2274374,14420889.00
2014/03/19,3.12,3.17,3.11,3.16,2157933,13754532.00
2014/03/20,3.16,3.17,3.04,3.06,1930754,12233301.00
2014/03/21,3.07,3.16,3.05,3.14,1911964,12059164.00
2014/03/24,3.15,3.20,3.14,3.18,2434736,15623976.00
2014/03/25,3.17,3.24,3.15,3.22,3246055,21127880.00
2014/03/26,3.21,3.22,3.16,3.20,1422380,9187923.00
2014/03/27,3.20,3.20,3.15,3.16,1212119,7798460.00
2014/03/28,3.16,3.18,3.09,3.10,1781829,11330554.00
2014/03/31,3.13,3.13,3.06,3.10,1366278,8576005.00
2014/04/01,3.10,3.17,3.08,3.17,1462267,9287471.00
2014/04/02,3.17,3.19,3.15,3.16,1345120,8628036.00
2014/04/03,3.16,3.18,3.13,3.16,1290982,8272838.00
2014/04/04,3.17,3.25,3.16,3.20,2279888,14821326.00
2014/04/08,3.20,3.23,3.18,3.23,1926906,12536154.00
2014/04/09,3.23,3.24,3.20,3.22,2004552,13059177.00
2014/04/10,3.22,3.23,3.20,3.22,1782412,11614758.00
2014/04/11,3.21,3.23,3.19,3.23,2027846,13175080.00
2014/04/14,3.23,3.29,3.21,3.27,2661560,17537666.00
2014/04/15,3.27,3.39,3.27,3.35,7086188,47786420.00
2014/04/16,3.34,3.56,3.31,3.52,10536665,73855344.00
2014/04/17,3.52,3.52,3.39,3.40,6575522,45832648.00
2014/04/18,3.38,3.48,3.35,3.41,3999146,27754820.00
2014/04/21,3.41,3.48,3.27,3.31,4066000,27793284.00
2014/04/22,3.31,3.33,3.24,3.32,2839816,18881982.00
2014/04/23,3.33,3.37,3.29,3.34,1712184,11547766.00
2014/04/24,3.32,3.37,3.30,3.35,2874786,19469152.00
2014/04/25,3.33,3.34,3.10,3.11,3685351,24023752.00
2014/04/28,3.11,3.13,3.01,3.09,2543704,15900947.00
2014/04/29,3.09,3.15,3.08,3.15,1586802,10023705.00
2014/04/30,3.14,3.18,3.12,3.17,987108,6304499.00
2014/05/05,3.14,3.20,3.12,3.18,1698167,10852161.00
2014/05/06,3.17,3.21,3.16,3.20,1709293,11031933.00
2014/05/07,3.19,3.19,3.10,3.11,1819865,11594864.00
2014/05/08,3.10,3.17,3.10,3.12,1376358,8748693.00
2014/05/09,3.14,3.15,3.10,3.14,1254921,7940124.00
2014/05/12,3.16,3.22,3.15,3.20,2120707,13745485.00
2014/05/13,3.21,3.23,3.19,3.21,1830386,11890873.00
2014/05/14,3.20,3.24,3.19,3.22,1292214,8411444.00
2014/05/15,3.22,3.23,3.15,3.16,1521100,9830616.00
2014/05/16,3.15,3.16,3.10,3.14,1594695,10111896.00
2014/05/19,3.13,3.17,3.10,3.16,1021146,6475244.00
2014/05/20,3.18,3.20,3.16,3.17,824392,5311283.00
2014/05/21,3.17,3.20,3.12,3.20,864313,5560614.00
2014/05/22,3.19,3.35,3.19,3.25,5973805,39757320.00
2014/05/23,3.22,3.27,3.22,3.27,2808054,18443012.00
2014/05/26,3.27,3.29,3.24,3.27,1758616,11607983.00
2014/05/27,3.27,3.28,3.24,3.25,1999299,13200817.00
2014/05/28,3.24,3.27,3.21,3.27,1637674,10775337.00
2014/05/29,3.27,3.28,3.22,3.23,1674710,10989818.00
2014/05/30,3.21,3.28,3.21,3.24,1607632,10598530.00
2014/06/03,3.24,3.28,3.21,3.24,1718967,11339459.00
2014/06/04,3.23,3.25,3.17,3.19,1560387,10116711.00
2014/06/05,3.18,3.23,3.16,3.22,1687234,10938694.00
2014/06/06,3.22,3.25,3.19,3.23,1481633,9664685.00
2014/06/09,3.23,3.25,3.20,3.21,933927,6120440.00
2014/06/10,3.21,3.26,3.20,3.25,1832593,12024914.00
2014/06/11,3.25,3.29,3.24,3.29,2073443,13740517.00
2014/06/12,3.29,3.29,3.26,3.29,1560615,10344999.00
2014/06/13,3.29,3.31,3.27,3.30,2394801,15966602.00
2014/06/16,3.30,3.33,3.29,3.30,1983730,13281545.00
2014/06/17,3.30,3.30,3.26,3.27,1594880,10569513.00
2014/06/18,3.28,3.28,3.21,3.22,1607747,10550035.00
2014/06/19,3.21,3.23,3.11,3.13,1846778,11878588.00
2014/06/20,3.14,3.17,3.13,3.16,898482,5736552.00
2014/06/23,3.16,3.19,3.16,3.18,886764,5704007.00
2014/06/24,3.17,3.22,3.17,3.20,939801,6079963.00
2014/06/25,3.21,3.22,3.19,3.20,996687,6464233.00
2014/06/26,3.20,3.26,3.20,3.25,2002434,13180859.00
2014/06/27,3.24,3.28,3.23,3.27,1789488,11856990.00
2014/06/30,3.28,3.29,3.26,3.28,2034584,13505237.00
2014/07/01,3.28,3.34,3.28,3.30,2881936,19290856.00
2014/07/02,3.32,3.34,3.27,3.33,3057484,20439848.00
2014/07/03,3.36,3.66,3.36,3.51,15024465,107809496.00
2014/07/04,3.44,3.45,3.35,3.39,7083816,48607748.00
2014/07/07,3.41,3.53,3.41,3.51,8477636,59772444.00
2014/07/08,3.48,3.50,3.42,3.48,4072081,28496088.00
2014/07/09,3.47,3.47,3.37,3.38,4033892,27880760.00
2014/07/10,3.38,3.44,3.37,3.41,2753229,18961852.00
2014/07/11,3.42,3.49,3.42,3.48,4090855,28658102.00
2014/07/14,3.48,3.53,3.45,3.51,3805375,26938860.00
2014/07/15,3.51,3.52,3.44,3.47,3103132,21788516.00
2014/07/16,3.47,3.50,3.45,3.47,2693703,18916352.00
2014/07/17,3.48,3.49,3.42,3.44,2349617,16386119.00
2014/07/18,3.41,3.46,3.41,3.44,1843008,12826022.00
2014/07/21,3.42,3.46,3.41,3.42,1631770,11323263.00
2014/07/22,3.42,3.46,3.41,3.45,1857287,12913858.00
2014/07/23,3.45,3.54,3.44,3.53,5617032,39739924.00
2014/07/24,3.52,3.52,3.46,3.49,3772560,26600212.00
2014/07/25,3.50,3.53,3.48,3.52,2652318,18801392.00
2014/07/28,3.53,3.56,3.52,3.55,4457053,31908172.00
2014/07/29,3.55,3.68,3.52,3.63,7226141,52468380.00
2014/07/30,3.60,3.64,3.59,3.60,3881104,28280626.00
2014/07/31,3.61,3.61,3.57,3.61,2664941,19367890.00
2014/08/01,3.61,3.65,3.58,3.59,5602111,40957132.00
2014/08/04,3.59,3.62,3.56,3.62,2937447,21323810.00
2014/08/05,3.61,3.63,3.60,3.62,2661265,19439792.00
2014/08/06,3.61,3.66,3.59,3.66,3308392,24307098.00
2014/08/07,3.66,3.67,3.56,3.56,3469925,25328498.00
2014/08/08,3.59,3.59,3.55,3.57,3087424,22241460.00
2014/08/11,3.58,3.63,3.56,3.61,2747094,20002120.00
2014/08/12,3.61,3.67,3.60,3.64,3065267,22553056.00
2014/08/13,3.66,3.66,3.59,3.63,2824871,20663748.00
2014/08/14,3.62,3.66,3.62,3.63,3355672,24685936.00
2014/08/15,3.62,3.70,3.62,3.68,3764746,27910168.00
2014/08/18,3.69,3.80,3.67,3.79,5385137,40787528.00
2014/08/19,3.79,3.80,3.71,3.75,4041791,30617128.00
2014/08/20,3.77,3.81,3.74,3.75,3305331,25208628.00
2014/08/21,3.75,3.78,3.68,3.77,3368703,25425160.00
2014/08/22,3.77,3.83,3.76,3.80,2779927,21329868.00
2014/08/25,3.81,3.85,3.75,3.80,2895509,22187910.00
2014/08/26,3.78,3.92,3.76,3.78,6357982,49371080.00
2014/08/27,3.76,3.93,3.75,3.92,7907753,61862688.00
2014/08/28,3.92,3.92,3.69,3.72,6492186,49655040.00
2014/08/29,3.72,3.75,3.68,3.75,2560480,19216830.00
2014/09/01,3.74,3.87,3.74,3.85,3051270,23536076.00
2014/09/02,3.85,3.88,3.83,3.86,4983232,38824384.00
2014/09/03,3.87,3.90,3.84,3.89,4402713,34450344.00
2014/09/04,3.90,3.99,3.86,3.96,6015746,47665276.00
2014/09/05,3.97,3.97,3.91,3.95,4571088,36356812.00
2014/09/09,3.95,3.97,3.92,3.96,3620437,28903512.00
2014/09/10,3.96,4.05,3.92,4.04,4329792,34909972.00
2014/09/11,4.03,4.11,4.01,4.04,5764580,47305332.00
2014/09/12,4.06,4.16,4.02,4.16,5548211,45996828.00
2014/09/15,4.21,4.49,4.21,4.32,9408232,82451544.00
2014/09/16,4.31,4.37,4.13,4.16,7612346,65749316.00
2014/09/17,4.18,4.21,4.01,4.15,5297113,43867828.00
2014/09/18,4.13,4.31,4.10,4.29,4948958,42113624.00
2014/09/19,4.30,4.34,4.23,4.31,4307192,37259216.00
2014/09/22,4.28,4.30,4.17,4.19,4510447,38502264.00
2014/09/23,4.19,4.30,4.18,4.29,4060814,34901884.00
2014/09/24,4.29,4.37,4.28,4.36,4382872,38351896.00
2014/09/25,4.39,4.49,4.31,4.32,6618504,59014468.00
2014/09/26,4.31,4.43,4.30,4.37,3226182,28400982.00
2014/09/29,4.42,4.44,4.36,4.42,3693348,32765372.00
2014/09/30,4.42,4.48,4.42,4.45,3390193,30380672.00
2014/10/08,4.48,4.54,4.44,4.53,3554835,32191860.00
2014/10/09,4.56,4.56,4.41,4.47,4653543,41941064.00
2014/10/10,4.46,4.48,4.36,4.41,3534441,31488608.00
2014/10/13,4.39,4.39,4.28,4.38,3396403,29713872.00
2014/10/14,4.38,4.41,4.32,4.38,3057869,26955676.00
2014/10/15,4.38,4.42,4.32,4.41,3252258,28677844.00
2014/10/16,4.42,4.43,4.34,4.37,3872135,34283792.00
2014/10/17,4.34,4.38,4.11,4.20,4966359,42388456.00
2014/10/20,4.21,4.26,4.18,4.24,2428534,20670802.00
2014/10/21,4.24,4.30,4.22,4.24,2025079,17412224.00
2014/10/22,4.25,4.26,4.17,4.18,2470749,21037342.00
2014/10/23,4.17,4.17,4.02,4.06,3678235,30235060.00
2014/10/24,4.06,4.08,4.02,4.06,1753322,14362323.00
2014/10/27,4.04,4.09,4.00,4.09,2051894,16806472.00
2014/10/28,4.08,4.25,4.08,4.25,3151792,26596208.00
2014/10/29,4.25,4.32,4.24,4.30,4047293,34983824.00
2014/10/30,4.31,4.43,4.27,4.35,4325281,37871864.00
2014/10/31,4.35,4.42,4.32,4.40,5947377,52669236.00
2014/11/03,4.40,4.51,4.37,4.50,4944224,44362136.00
2014/11/04,4.50,4.50,4.40,4.44,2937575,26379756.00
2014/11/05,4.44,4.50,4.42,4.44,2785792,25050368.00
2014/11/06,4.43,4.45,4.36,4.41,2058635,18240320.00
2014/11/07,4.41,4.50,4.38,4.42,2693480,24164304.00
2014/11/10,4.42,4.49,4.37,4.43,2813199,25074086.00
2014/11/11,4.44,4.45,4.16,4.21,4523998,39126736.00
2014/11/12,4.22,4.28,4.21,4.28,1802684,15471857.00
2014/11/13,4.29,4.29,4.17,4.25,2296019,19523952.00
2014/11/14,4.21,4.24,4.12,4.18,2051024,17290458.00
2014/11/17,4.18,4.28,4.16,4.23,2236238,19083656.00
2014/11/18,4.20,4.36,4.20,4.36,2487957,21593972.00
2014/11/19,4.36,4.44,4.33,4.37,2518626,22232776.00
2014/11/20,4.32,4.38,4.32,4.38,1769508,15547428.00
2014/11/21,4.38,4.48,4.32,4.45,3788498,33961996.00
2014/11/24,4.46,4.50,4.42,4.50,3725777,33556384.00
2014/11/25,4.49,4.55,4.45,4.53,3251882,29644272.00
2014/11/26,4.54,4.56,4.46,4.52,3627130,33001928.00
2014/11/27,4.53,4.55,4.46,4.48,4412504,40057024.00
2014/11/28,4.48,4.49,4.39,4.45,3468784,31144384.00
2014/12/01,4.46,4.52,4.42,4.50,4674533,42160280.00
2014/12/02,4.53,4.81,4.49,4.70,9091785,85868608.00
2014/12/03,4.66,4.69,4.55,4.66,4825639,44902484.00
2014/12/04,4.64,4.75,4.61,4.66,4445062,41869448.00
2014/12/05,4.66,4.68,4.22,4.38,6121192,55030644.00
2014/12/08,4.34,4.43,4.25,4.34,4535962,39755136.00
2014/12/09,4.32,4.74,4.14,4.58,14099811,126393552.00
2014/12/10,4.49,4.89,4.47,4.89,16595068,159279232.00
2014/12/11,5.10,5.31,4.92,5.01,20882403,214451504.00
2014/12/12,4.94,4.94,4.79,4.87,10083748,98552864.00
2014/12/15,4.81,5.09,4.74,5.05,12339120,122155232.00
2014/12/16,5.00,5.00,4.84,4.88,9875396,97504864.00
2014/12/17,4.78,4.78,4.39,4.62,10895776,101425736.00
2014/12/18,4.62,4.65,4.54,4.55,4926926,45510648.00
2014/12/19,4.55,4.63,4.47,4.58,5888649,53954016.00
2014/12/22,4.58,4.65,4.32,4.33,7753780,69686608.00
2014/12/23,4.31,4.39,4.22,4.32,3274589,28520888.00
2014/12/24,4.34,4.43,4.30,4.39,4022645,35420856.00
2014/12/25,4.41,4.41,4.31,4.36,6200077,54362680.00
2014/12/26,4.36,4.51,4.33,4.48,9194907,82120496.00
2014/12/29,4.46,4.60,4.43,4.52,9394117,85961344.00
2014/12/30,4.52,4.54,4.31,4.32,5384238,47529912.00
2014/12/31,4.30,4.32,4.16,4.29,5161901,44082324.00
2015/01/05,4.26,4.34,4.13,4.32,5310171,45398808.00
2015/01/06,4.31,4.35,4.23,4.33,4097900,35443028.00
2015/01/07,4.32,4.36,4.28,4.33,3106131,27007344.00
2015/01/08,4.31,4.55,4.28,4.41,8021769,71453664.00
2015/01/09,4.39,4.45,4.31,4.31,4780680,42209416.00
2015/01/12,4.29,4.29,4.12,4.14,4088528,34441852.00
2015/01/13,4.14,4.19,4.13,4.19,1847167,15530209.00
2015/01/14,4.19,4.19,4.13,4.14,1947050,16327268.00
2015/01/15,4.14,4.17,4.13,4.16,1861552,15577182.00
2015/01/16,4.17,4.20,4.15,4.18,2524316,21272820.00
2015/01/19,4.11,4.16,3.91,4.01,3265564,26878496.00
2015/01/20,4.00,4.10,4.00,4.10,4422556,36084008.00
2015/01/21,4.08,4.20,4.07,4.18,5351400,44933448.00
2015/01/22,4.19,4.27,4.17,4.27,4783714,40863160.00
2015/01/23,4.26,4.28,4.19,4.21,3864100,32906368.00
2015/01/26,4.21,4.32,4.19,4.32,5274398,45493948.00
2015/01/27,4.37,4.38,4.27,4.37,6711612,58665908.00
2015/01/28,4.37,4.64,4.35,4.61,8755364,78712920.00
2015/01/29,4.51,4.70,4.47,4.62,12770717,118653968.00
2015/01/30,4.64,4.64,4.45,4.48,6537270,59723016.00
2015/02/02,4.49,4.75,4.45,4.71,13623431,127852832.00
2015/02/03,4.70,4.76,4.63,4.73,8295150,78607944.00
2015/02/04,4.73,4.74,4.52,4.57,6450662,60354568.00
2015/02/05,4.63,4.64,4.46,4.48,6792442,61818456.00
2015/02/06,4.43,4.57,4.37,4.54,6226210,56251776.00
2015/02/09,4.52,4.60,4.46,4.49,4747701,43219996.00
2015/02/10,4.42,4.54,4.42,4.44,3226103,29016144.00
2015/02/11,4.44,4.51,4.36,4.39,5682430,50755140.00
2015/02/12,4.38,4.49,4.36,4.48,7902139,70143064.00
2015/02/13,4.48,4.59,4.46,4.54,6780778,61817804.00
2015/02/16,4.54,4.60,4.50,4.58,5521466,50682080.00
2015/02/17,4.57,4.63,4.54,4.60,4300400,39809668.00
2015/02/25,4.56,4.64,4.56,4.61,4846611,44930764.00
2015/02/26,4.59,4.63,4.58,4.62,3697363,34339344.00
2015/02/27,4.63,4.68,4.60,4.65,4942233,46215136.00
2015/03/02,4.68,4.69,4.61,4.69,6532719,61286696.00
2015/03/03,4.68,4.74,4.62,4.69,7837806,73936000.00
2015/03/04,4.68,4.88,4.66,4.84,11117267,107681616.00
2015/03/05,4.81,4.86,4.74,4.85,7134692,69030008.00
2015/03/06,4.87,4.90,4.81,4.85,7797362,76236736.00
2015/03/09,4.84,4.92,4.74,4.91,6860880,66839136.00
2015/03/10,4.91,5.03,4.87,4.92,7016827,69981216.00
2015/03/11,4.90,4.90,4.80,4.83,6262302,61181664.00
2015/03/12,4.83,4.89,4.74,4.80,5009886,48606672.00
2015/03/13,4.79,4.86,4.79,4.85,3559032,34619108.00
2015/03/16,4.88,5.04,4.87,5.02,7975090,80183888.00
2015/03/17,5.01,5.09,4.96,5.02,7629792,77185008.00
2015/03/18,5.02,5.10,5.00,5.09,5860155,59874312.00
2015/03/19,5.06,5.22,5.02,5.13,7765501,79536656.00
2015/03/20,5.11,5.19,5.08,5.13,6393822,66031840.00
2015/03/23,5.14,5.31,5.14,5.28,8870379,93315256.00
2015/03/24,5.28,5.28,5.03,5.19,9920622,103377928.00
2015/03/25,5.17,5.41,5.17,5.36,10406255,111324896.00
2015/10/15,5.40,5.90,5.40,5.90,35959753,416975104.00
2015/10/16,6.20,6.42,5.91,6.13,56288082,693859776.00
2015/10/19,6.06,6.10,5.74,5.83,31444383,374346176.00
2015/10/20,5.85,6.20,5.84,5.93,27647258,332639040.00
2015/10/21,5.84,5.96,5.33,5.33,26967935,306697312.00
2015/10/22,5.34,5.67,5.26,5.60,21937241,242080032.00
2015/10/23,5.62,5.85,5.51,5.76,17510137,198909136.00
2015/10/26,5.86,6.03,5.73,5.88,18715236,221002256.00
2015/10/27,5.86,6.47,5.79,6.47,30275971,374539808.00
2015/10/28,6.48,6.64,6.05,6.14,24341614,310928128.00
2015/10/29,6.15,6.51,6.14,6.29,18081880,228909040.00
2015/10/30,6.25,6.40,6.04,6.28,12380248,154499680.00
2015/11/02,6.04,6.74,5.97,6.45,21114336,270185056.00
2015/11/03,6.40,6.65,6.23,6.55,15405016,199843216.00
2015/11/04,6.63,7.02,6.52,6.95,20876922,282839456.00
2015/11/05,6.86,7.21,6.72,6.81,21554561,299600928.00
2015/11/06,6.80,7.36,6.78,7.26,19338859,274357440.00
2015/11/09,7.23,7.37,6.98,7.14,17870092,256025392.00
2015/11/10,7.03,7.19,6.88,7.06,14081665,198229520.00
2015/11/11,7.08,7.37,6.95,7.21,11267857,160894192.00
2015/11/12,7.15,7.22,6.93,7.05,12373403,174628208.00
2015/11/13,6.89,6.97,6.65,6.70,13943052,190464048.00
2015/11/16,6.69,7.07,6.62,7.06,11026037,152886112.00
2015/11/17,7.15,7.20,6.98,7.12,12472447,177067424.00
2015/11/18,7.12,7.61,7.09,7.33,17819163,263919872.00
2015/11/19,7.32,7.51,7.15,7.48,11528767,169354048.00
2015/11/20,7.60,8.23,7.48,8.03,22994500,363453440.00
2015/11/23,7.90,8.12,7.80,7.93,14395990,229473776.00
2015/11/24,7.80,7.92,7.43,7.63,17324409,263894032.00
2015/11/25,7.60,8.11,7.54,8.08,14791580,233891008.00
2015/11/26,8.15,8.27,7.93,8.07,14277699,230904544.00
2015/11/27,8.07,8.11,7.42,7.59,19477951,303580288.00
2015/11/30,7.57,7.89,6.96,7.62,22075752,166544608.00
2015/12/01,7.38,8.28,7.28,7.97,61429214,485293664.00
2015/12/02,7.81,7.88,7.17,7.53,40889057,308037888.00
2015/12/03,7.53,8.29,7.43,8.29,44266865,351635712.00
2015/12/04,8.38,9.12,8.29,8.76,111814795,988962176.00
2015/12/07,8.63,8.76,8.24,8.54,63419073,537583168.00
2015/12/08,8.40,8.42,8.06,8.10,40242291,332532320.00
2015/12/09,8.02,8.33,7.76,7.90,33527849,269712768.00
2015/12/10,7.98,8.03,7.62,7.66,32177462,250249440.00
2015/12/11,7.68,7.81,7.54,7.73,19029796,146492864.00
2015/12/14,7.66,7.67,7.38,7.64,23895347,180062160.00
2015/12/15,7.68,7.88,7.43,7.80,22676779,175412320.00
2015/12/16,7.80,7.95,7.75,7.80,22105734,173641568.00
2015/12/17,7.86,8.12,7.80,8.02,24143948,193010384.00
2015/12/18,7.98,8.01,7.79,7.86,21469923,169786224.00
2015/12/21,7.83,8.13,7.75,8.12,22762746,181942864.00
2015/12/22,8.15,8.15,7.97,8.09,19312924,155827328.00
2015/12/23,8.10,8.18,7.99,8.04,20618272,166745136.00
2015/12/24,8.00,8.11,7.94,8.07,13856548,111490856.00
2015/12/25,8.05,8.35,8.02,8.19,21840700,180476592.00
2015/12/28,8.20,8.26,7.68,7.80,21406492,172845328.00
2015/12/29,7.80,8.03,7.80,7.97,12601309,100118944.00
2015/12/30,7.96,8.10,7.92,8.02,12348942,99163880.00
2015/12/31,8.12,8.18,7.88,7.89,13130887,105604408.00
2016/01/04,7.88,7.89,7.10,7.10,14078923,105416560.00
2016/01/05,6.60,7.09,6.47,6.81,17698464,120514056.00
2016/01/06,6.82,7.08,6.82,7.08,11093262,77506624.00
2016/01/07,7.02,7.02,6.37,6.39,3150700,21031838.00
2016/01/08,6.54,6.66,5.99,6.37,15878392,101837136.00
2016/01/11,6.26,6.31,5.73,5.73,13521658,81821056.00
2016/01/12,5.83,5.92,5.49,5.77,9110570,52788692.00
2016/01/13,5.85,5.91,5.54,5.57,7222668,41728784.00
2016/01/14,5.43,5.75,5.29,5.74,9989034,55900704.00
2016/01/15,5.66,5.82,5.49,5.58,8472261,48384968.00
2016/01/18,5.48,5.77,5.43,5.67,6810078,38644856.00
2016/01/19,5.67,5.98,5.65,5.93,10653934,62542016.00
2016/01/20,5.91,6.28,5.90,6.10,16604010,101766976.00
2016/01/21,6.02,6.15,5.68,5.72,11824524,70932784.00
2016/01/22,5.78,5.86,5.55,5.81,8693023,50052044.00
2016/01/25,5.90,6.01,5.85,5.90,7586109,45201824.00
2016/01/26,5.88,5.88,5.39,5.43,9572772,54202520.00
2016/01/27,5.43,5.55,5.14,5.43,12032086,64703276.00
2016/01/28,5.36,5.48,5.10,5.18,6540273,34919192.00
2016/01/29,5.16,5.39,5.03,5.31,9836288,51715944.00
2016/02/01,5.30,5.42,5.10,5.20,7805673,41280520.00
2016/02/02,5.20,5.45,5.20,5.37,5622252,30280350.00
2016/02/03,5.31,5.47,5.27,5.43,5115363,27548618.00
2016/02/04,5.42,5.69,5.41,5.64,7250210,40756048.00
2016/02/05,5.69,6.06,5.69,5.87,16004394,94809456.00
2016/02/15,5.63,5.82,5.53,5.80,7776599,44238756.00
2016/02/16,5.78,6.07,5.78,6.04,10187230,60888888.00
2016/02/17,6.04,6.14,5.98,6.12,8667323,52599408.00
2016/02/18,6.12,6.19,6.00,6.05,9050754,55348792.00
2016/02/19,6.05,6.07,5.95,6.02,6781707,40965152.00
2016/02/22,6.07,6.18,6.05,6.14,7719021,47388468.00
2016/02/23,6.15,6.23,6.05,6.21,7591407,46923612.00
2016/02/24,6.20,6.26,6.11,6.22,8650425,53520516.00
2016/02/25,6.24,6.27,5.60,5.60,12712467,74808208.00
2016/02/26,5.62,5.76,5.54,5.62,7185985,40701240.00
2016/02/29,5.61,5.61,5.17,5.29,8853181,47294520.00
2016/03/01,5.34,5.44,5.20,5.41,6221301,33393640.00
2016/03/02,5.39,5.79,5.39,5.75,8811040,49982216.00
2016/03/03,5.75,5.86,5.70,5.83,6142050,35864600.00
2016/03/04,5.85,6.02,5.60,5.75,8454834,49522216.00
2016/03/07,5.81,5.95,5.75,5.84,6372982,37452992.00
2016/03/08,5.84,5.94,5.63,5.90,8657758,50139980.00
2016/03/09,5.79,5.84,5.70,5.80,3940285,22852180.00
2016/03/10,5.77,5.86,5.68,5.70,4406866,25515878.00
2016/03/11,5.68,5.77,5.64,5.73,3019840,17305512.00
2016/03/14,5.78,6.02,5.78,5.92,7885906,46923596.00
2016/03/15,5.93,6.03,5.87,5.94,6462076,38668588.00
2016/03/16,6.14,6.23,5.92,6.00,10165370,62166296.00
2016/03/17,6.01,6.21,5.95,6.16,9699527,59246896.00
2016/03/18,6.18,6.46,6.14,6.37,16718167,105953024.00
2016/03/21,6.45,6.51,6.32,6.44,13701360,88141272.00
2016/03/22,6.43,6.86,6.36,6.72,21064432,141088288.00
2016/03/23,6.64,6.80,6.60,6.68,11927739,80156168.00
2016/03/24,6.65,6.91,6.53,6.75,15307965,103243232.00
2016/03/25,6.71,6.82,6.66,6.80,6704563,45299264.00
2016/03/28,6.83,6.90,6.58,6.64,11104071,75228048.00
2016/03/29,6.59,6.71,6.28,6.55,12558970,81864672.00
2016/03/30,6.56,6.85,6.56,6.83,12108548,81487296.00
2016/03/31,6.97,7.27,6.93,7.08,22965947,163497792.00
2016/04/01,7.01,7.22,6.99,7.18,12627569,90050136.00
2016/04/05,7.30,7.55,7.23,7.49,18301710,135389216.00
2016/04/06,7.38,7.67,7.36,7.50,13019482,98826904.00
2016/04/07,7.50,7.58,7.27,7.36,11212874,83300256.00
2016/04/08,7.33,7.45,7.13,7.43,13009784,94911072.00
2016/04/11,7.47,7.79,7.47,7.77,16711669,128898872.00
2016/04/12,7.81,7.81,7.54,7.67,9912093,75750208.00
2016/04/13,7.68,7.72,7.60,7.70,13319608,102386048.00
2016/04/14,7.67,7.95,7.67,7.84,13172515,103376760.00
2016/04/15,7.87,7.94,7.71,7.87,10042257,78967432.00
2016/04/18,7.84,7.84,7.57,7.64,9667661,74207424.00
2016/04/19,7.66,7.75,7.54,7.69,8268750,63503260.00
2016/04/20,7.70,7.84,6.92,7.24,18842107,138770432.00
2016/04/21,7.16,7.40,6.90,7.00,13606184,97900352.00
2016/04/22,6.95,7.10,6.90,7.09,8261392,58205316.00
2016/04/25,7.06,7.34,6.99,7.26,9373408,67819816.00
2016/04/26,7.27,7.33,7.16,7.33,5996945,43586976.00
2016/04/27,7.34,7.54,7.33,7.44,8711125,65104804.00
2016/04/28,7.44,7.47,7.14,7.44,7685871,56513464.00
2016/04/29,7.43,7.64,7.38,7.59,8090031,61412456.00
2016/05/03,7.58,7.86,7.53,7.78,9101876,70648416.00
2016/05/04,7.78,7.95,7.61,7.68,11650103,91174480.00
2016/05/05,7.66,7.86,7.60,7.76,6641008,51521568.00
2016/05/06,7.78,7.82,7.16,7.19,13337108,99270024.00
2016/05/09,7.06,7.13,6.48,6.61,13459608,91768856.00
2016/05/10,6.62,6.75,6.57,6.62,6730919,44870760.00
2016/05/11,6.67,6.70,6.47,6.49,7099827,46690284.00
2016/05/12,6.41,6.63,6.15,6.60,8862205,56413196.00
2016/05/13,6.53,6.68,6.30,6.37,6529131,42725344.00
2016/05/16,6.35,6.66,6.35,6.65,6589221,43077044.00
2016/05/17,6.68,6.82,6.59,6.72,7391055,49738636.00
2016/05/18,6.61,6.71,6.31,6.43,6035242,39207816.00
2016/05/19,6.46,6.68,6.43,6.52,8370185,55335436.00
2016/05/20,6.52,6.73,6.39,6.72,6945237,46190040.00
2016/05/23,6.72,6.82,6.69,6.76,5288900,35867736.00
2016/05/24,6.80,6.81,6.59,6.67,5309639,35499252.00
2016/05/25,6.70,6.75,6.59,6.63,3951434,26453060.00
2016/05/26,6.63,6.67,6.41,6.64,5451127,35627116.00
2016/05/27,6.59,6.77,6.59,6.74,5749179,38767320.00
2016/05/30,6.74,6.94,6.56,6.84,7409202,50733672.00
2016/05/31,6.83,7.53,6.79,7.53,15770052,116261176.00
2016/06/01,7.77,7.77,7.49,7.54,24539262,187180384.00
2016/06/02,7.56,7.74,7.44,7.69,14882812,113764032.00
2016/06/03,7.63,7.84,7.61,7.69,12016069,92796344.00
2016/06/06,7.70,7.84,7.50,7.61,9638627,74205944.00
2016/06/07,7.61,7.74,7.56,7.68,6128557,46982428.00
2016/06/08,7.65,8.12,7.60,7.96,17156925,135611856.00
2016/06/13,7.84,7.85,7.17,7.22,14185652,108434448.00
2016/06/14,7.18,7.33,7.01,7.32,11181844,80707704.00
2016/06/15,7.21,7.63,7.15,7.52,9534510,71530592.00
2016/06/16,7.54,7.64,7.39,7.46,6721520,50537052.00
2016/06/17,7.49,8.14,7.46,7.77,17881616,140392528.00
2016/06/20,7.66,7.88,7.58,7.83,9485039,73452736.00
2016/06/21,7.87,8.04,7.39,7.51,14947898,115953528.00
2016/06/22,7.45,7.61,7.31,7.59,8053620,60316216.00
2016/06/23,7.60,7.61,7.36,7.42,6579000,49195624.00
2016/06/24,7.44,7.55,7.05,7.29,8838982,64952396.00
2016/06/27,7.19,7.46,7.15,7.46,6165413,45469192.00
2016/06/28,7.39,7.55,7.36,7.54,6918076,51600124.00
2016/06/29,7.55,7.60,7.45,7.50,9498402,71537488.00
2016/06/30,7.51,7.54,7.38,7.43,6249453,46493360.00
2016/07/01,7.48,7.54,7.37,7.45,5450675,40649192.00
2016/07/04,7.39,7.56,7.39,7.53,6944511,52187864.00
2016/07/05,7.54,7.71,7.46,7.66,10465379,79652800.00
2016/07/06,7.59,7.74,7.53,7.65,8098423,61773776.00
2016/07/07,7.65,7.72,7.51,7.56,7810213,59360296.00
2016/07/08,7.57,7.72,7.47,7.69,10278201,78388296.00
2016/07/11,7.74,7.89,7.59,7.65,12129158,94224744.00
2016/07/12,7.60,7.68,7.42,7.60,11021205,83343440.00
2016/07/13,7.60,7.71,7.56,7.64,9218663,70646536.00
2016/07/14,7.59,7.77,7.57,7.66,9872565,75945184.00
2016/07/15,7.60,7.73,7.60,7.69,6733726,51671364.00
2016/07/18,7.68,7.68,7.51,7.55,8084055,61326152.00
2016/07/19,7.53,7.66,7.53,7.63,5976823,45498212.00
2016/07/20,7.64,7.69,7.57,7.64,6838556,52335892.00
2016/07/21,7.68,7.72,7.59,7.64,7203804,55150444.00
2016/07/22,7.64,7.64,7.45,7.47,8000080,60267912.00
2016/07/25,7.44,7.53,7.41,7.49,5826064,43628020.00
2016/07/26,7.50,7.58,7.47,7.56,5758875,43475304.00
2016/07/27,7.56,7.59,6.94,7.13,11186390,81474672.00
2016/07/28,7.11,7.22,7.01,7.17,7163280,51087772.00
2016/07/29,7.22,7.23,7.09,7.16,5069374,36420992.00
2016/08/01,7.14,7.24,6.96,7.22,6512686,46233256.00
2016/08/02,7.14,7.26,7.14,7.23,4480957,32366230.00
2016/08/03,7.23,7.25,7.16,7.21,3250156,23470748.00
2016/08/04,7.21,7.21,7.09,7.15,3617643,25860144.00
2016/08/05,7.15,7.19,7.13,7.13,2899035,20785068.00
2016/08/08,7.13,7.25,7.10,7.20,3115469,22431860.00
2016/08/09,7.24,7.34,7.19,7.32,3943935,28681644.00
2016/08/10,7.32,7.38,7.27,7.29,3212820,23588328.00
2016/08/11,7.25,7.34,7.13,7.13,2865168,20688464.00
2016/08/12,7.13,7.21,7.10,7.17,3635431,26041612.00
2016/08/15,7.19,7.41,7.17,7.41,7294449,53685568.00
2016/08/16,7.41,7.43,7.33,7.38,6990845,51659156.00
2016/08/17,7.38,7.46,7.32,7.39,5298602,39167600.00
2016/08/18,7.36,7.43,7.34,7.35,4229912,31282224.00
2016/08/19,7.38,7.39,7.34,7.36,3363135,24790960.00
2016/08/22,7.37,7.48,7.34,7.36,6116401,45315480.00
2016/08/23,7.30,7.39,7.22,7.30,4187441,30685364.00
2016/08/24,7.30,7.48,7.30,7.43,7385516,54724360.00
2016/08/25,7.37,7.43,7.20,7.32,4882387,35617968.00
2016/08/26,7.32,7.35,7.27,7.30,4177807,30598024.00
2016/08/29,7.31,7.39,7.28,7.35,3745169,27536554.00
2016/08/30,7.35,7.43,7.31,7.41,6257234,46263676.00
2016/08/31,7.39,7.47,7.35,7.43,4364353,32401306.00
2016/09/01,7.40,7.45,7.29,7.32,5486453,40516420.00
2016/09/02,7.31,7.36,7.21,7.31,5221388,38138268.00
2016/09/05,7.30,7.46,7.28,7.40,5229869,38648088.00
2016/09/06,7.40,7.57,7.36,7.55,9154391,68665472.00
2016/09/07,7.57,7.61,7.49,7.50,7026286,53127136.00
2016/09/08,7.55,7.61,7.50,7.59,6211876,47072884.00
2016/09/09,7.60,7.67,7.55,7.58,6860102,52329536.00
2016/09/12,7.35,7.44,7.16,7.23,7645534,55901440.00
2016/09/13,7.28,7.34,7.23,7.29,3881096,28297328.00
2016/09/14,7.31,7.38,7.21,7.31,4247604,31052052.00
2016/09/19,7.30,7.48,7.28,7.43,3793015,28120852.00
2016/09/20,7.44,7.58,7.42,7.50,4596044,34506652.00
2016/09/21,7.53,7.61,7.47,7.54,5502226,41609568.00
2016/09/22,7.57,7.62,7.50,7.53,5251756,39777048.00
2016/09/23,7.57,7.63,7.48,7.56,7644041,57943892.00
2016/09/26,7.57,7.60,7.36,7.42,6115779,45870056.00
2016/09/27,7.39,7.46,7.21,7.38,4987945,36707512.00
2016/09/28,7.38,7.47,7.33,7.40,4800278,35550888.00
2016/09/29,7.43,7.52,7.41,7.47,5116622,38260616.00
2016/09/30,7.47,7.63,7.47,7.60,5613709,42554616.00
2016/10/10,7.62,7.73,7.56,7.66,7324312,55976128.00
2016/10/11,7.65,7.93,7.65,7.85,13659786,106962392.00
2016/10/12,7.79,7.93,7.75,7.79,9479000,74506528.00
2016/10/13,7.79,7.94,7.78,7.80,7574965,59582108.00
2016/10/14,7.80,7.84,7.67,7.78,6722431,52082044.00
2016/10/17,7.78,7.87,7.58,7.60,8177652,63284708.00
2016/10/18,7.67,7.79,7.59,7.77,5962911,45911744.00
2016/10/19,7.81,7.83,7.74,7.80,8790161,68484968.00
2016/10/20,7.83,7.83,7.74,7.76,5139107,39986724.00
2016/10/21,7.79,7.93,7.73,7.92,12644357,99228960.00
2016/10/24,7.92,8.03,7.84,7.85,10955341,86879088.00
2016/10/25,7.86,7.95,7.82,7.91,6707929,52925128.00
2016/10/26,7.88,8.14,7.86,8.05,17170992,138052736.00
2016/10/27,8.02,8.19,7.88,8.18,16092119,128956000.00
2016/10/28,8.11,8.13,7.99,8.07,12460696,100658544.00
2016/10/31,8.00,8.03,7.80,7.85,10667489,83913824.00
2016/11/01,7.85,7.91,7.81,7.89,9879354,77709080.00
2016/11/02,7.86,7.89,7.66,7.69,10668308,83249824.00
2016/11/03,7.71,7.85,7.66,7.76,10512278,81648824.00
2016/11/04,7.77,7.86,7.67,7.77,8999219,69832416.00
2016/11/07,7.75,7.81,7.70,7.75,5833601,45282688.00
2016/11/08,7.79,7.92,7.75,7.89,10187628,80088128.00
2016/11/09,7.88,8.01,7.76,7.92,12386123,98192400.00
2016/11/10,7.97,8.16,7.93,8.08,15605123,125987648.00
2016/11/11,8.03,8.17,8.03,8.11,12153937,98639424.00
2016/11/14,8.15,8.16,8.06,8.14,10312573,83702680.00
2016/11/15,8.15,8.38,8.11,8.36,16026439,132400600.00
2016/11/16,8.34,8.57,8.19,8.24,15320884,127666608.00
2016/11/17,8.27,8.34,8.16,8.24,10268439,84737440.00
2016/11/18,8.23,8.37,8.14,8.18,8161278,67523264.00
2016/11/21,8.16,8.31,8.14,8.20,9384209,77328592.00
2016/11/22,8.24,8.44,8.22,8.42,11785811,98425496.00
2016/11/23,8.46,9.26,8.34,9.26,28716002,256285856.00
2016/11/24,9.26,9.69,9.10,9.51,46198040,435134208.00
2016/11/25,9.28,9.38,8.87,9.11,24647629,225119248.00
2016/11/28,9.11,9.11,8.80,8.92,18895862,168667696.00
2016/11/29,8.81,9.04,8.67,8.79,18010318,159019264.00
2016/11/30,8.72,8.79,8.41,8.51,14496481,124247440.00
2016/12/01,8.49,8.64,8.45,8.56,8380410,71710592.00
2016/12/02,8.57,8.59,8.06,8.12,13445075,111928816.00
2016/12/05,8.04,8.26,7.99,8.09,6847655,55484360.00
2016/12/06,8.11,8.25,8.11,8.22,6412563,52738336.00
2016/12/07,8.22,8.32,8.14,8.28,6875530,56735952.00
2016/12/08,8.29,8.33,8.15,8.19,5556815,45819368.00
2016/12/09,8.16,8.28,8.09,8.26,6019000,49313052.00
2016/12/12,8.19,8.25,7.74,7.78,10042000,79841000.00
2016/12/13,7.73,7.83,7.57,7.78,5890040,45588220.00
2016/12/14,7.78,7.86,7.70,7.72,4746563,36935628.00
2016/12/15,7.69,8.14,7.67,7.95,9524000,75933432.00
2016/12/16,7.89,8.07,7.89,7.96,6633544,52946416.00
2016/12/19,7.98,8.25,7.97,8.15,8310211,67708104.00
2016/12/20,8.18,8.25,8.07,8.17,5111437,41707368.00
2016/12/21,8.13,8.24,8.04,8.12,9941766,80890584.00
2016/12/22,8.17,8.17,7.97,7.98,7566915,60925848.00
2016/12/23,7.99,7.99,7.73,7.79,9103398,71311440.00
2016/12/26,7.81,7.93,7.64,7.92,6057774,47315040.00
2016/12/27,7.92,8.20,7.91,8.11,7776659,62900632.00
2016/12/28,8.13,8.23,8.02,8.04,7666582,62526976.00
2016/12/29,8.04,8.20,8.00,8.14,6521771,53047488.00
2016/12/30,8.17,8.26,8.12,8.13,6445270,52761196.00
2017/01/03,8.19,8.38,8.14,8.36,8811677,72909840.00
2017/01/04,8.34,8.47,8.32,8.35,8370431,70229472.00
2017/01/05,8.36,8.56,8.33,8.41,9548247,80744200.00
2017/01/06,8.37,8.45,8.29,8.35,7020226,58766616.00
2017/01/09,8.30,8.63,8.23,8.59,14174952,120011128.00
2017/01/10,8.61,8.64,8.46,8.49,8471361,72445248.00
2017/01/11,8.46,8.55,8.38,8.41,7813301,66180020.00
2017/01/12,8.41,8.83,8.39,8.58,14807698,127974256.00
2017/01/13,8.57,8.66,8.22,8.29,8887345,74891168.00
2017/01/16,8.30,8.30,7.51,7.79,11789815,93691496.00
2017/01/17,7.73,7.84,7.60,7.83,6049132,46860940.00
2017/01/18,7.78,7.84,7.71,7.75,4292351,33368664.00
2017/01/19,7.71,7.76,7.61,7.63,3083108,23753802.00
2017/01/20,7.69,7.81,7.60,7.78,3834786,29788564.00
2017/01/23,7.74,8.35,7.73,8.27,11968709,97270200.00
2017/01/24,8.17,8.32,8.11,8.32,5652030,46540516.00
2017/01/25,8.29,8.38,8.23,8.27,3407363,28316960.00
2017/01/26,8.29,8.39,8.23,8.36,3814437,31753586.00
2017/02/03,8.29,8.43,8.27,8.40,4150189,34710052.00
2017/02/06,8.36,8.61,8.25,8.51,7006067,59031248.00
2017/02/07,8.51,8.59,8.34,8.40,4469219,37810564.00
2017/02/08,8.40,8.44,8.32,8.42,4430255,37151744.00
2017/02/09,8.42,8.73,8.37,8.62,8221167,70516296.00
2017/02/10,8.61,8.64,8.44,8.47,7181766,61302928.00
2017/02/13,8.44,8.49,8.33,8.47,8318815,69860424.00
2017/02/14,8.45,8.45,8.35,8.38,4251281,35678048.00
2017/02/15,8.38,8.45,8.19,8.20,7119685,59408808.00
2017/02/16,8.18,8.48,8.14,8.45,8321110,69381384.00
2017/02/17,8.44,8.58,8.34,8.40,6804351,57520000.00
2017/02/20,8.39,8.44,8.26,8.37,5954405,49736848.00
2017/02/21,8.40,8.47,8.33,8.45,4790242,40319104.00
2017/02/22,8.45,8.64,8.43,8.45,7602180,64839120.00
2017/02/23,8.43,8.58,8.42,8.58,7360471,62695376.00
2017/02/24,8.59,8.67,8.53,8.57,6407322,55044980.00
2017/02/27,8.55,8.55,8.43,8.48,6915502,58716960.00
2017/02/28,8.49,8.63,8.33,8.54,5979905,50645488.00
2017/03/01,8.50,8.63,8.47,8.59,5158850,44250652.00
2017/03/02,8.59,8.97,8.59,8.65,17783102,155556496.00
2017/03/03,8.59,8.72,8.49,8.59,8653350,74371168.00
2017/03/06,8.55,8.99,8.54,8.88,10534709,92767304.00
2017/03/07,8.89,8.90,8.77,8.80,5036123,44407648.00
2017/03/08,8.83,8.95,8.72,8.80,5973844,52772544.00
2017/03/09,8.78,8.79,8.59,8.66,4947702,42911856.00
2017/03/10,8.59,8.69,8.55,8.64,4937155,42568816.00
2017/03/13,8.68,8.68,8.44,8.49,6024887,51364296.00
2017/03/14,8.48,8.63,8.42,8.59,6521265,55968672.00
2017/03/15,8.59,8.61,8.48,8.54,3498362,29914922.00
2017/03/16,8.54,8.64,8.53,8.63,3628586,31244990.00
2017/03/17,8.64,8.70,8.38,8.55,7429813,63667256.00
2017/03/20,8.49,8.57,8.45,8.52,3672861,31278228.00
2017/03/21,8.52,8.54,8.47,8.52,3702248,31500324.00
2017/03/22,8.50,8.51,8.34,8.39,5782683,48663312.00
2017/03/23,8.49,8.77,8.49,8.66,14540268,125896496.00
2017/03/24,8.57,8.74,8.50,8.70,9841888,84783792.00
2017/03/27,8.73,9.57,8.72,9.08,52310037,488681760.00
2017/03/28,9.02,9.33,8.79,9.20,32241325,291479200.00
2017/03/29,9.09,9.31,8.99,9.00,17967821,164059104.00
2017/03/30,8.94,9.18,8.77,9.15,20618879,185091088.00
2017/03/31,9.17,10.07,9.17,9.41,35501209,342283648.00
2017/04/05,9.43,9.86,9.09,9.77,26817420,254109616.00
2017/04/06,9.63,10.49,9.57,10.17,38366924,387978176.00
2017/04/07,9.99,10.38,9.97,10.01,21812644,220482992.00
2017/04/10,9.95,10.19,9.71,10.17,19521577,193145616.00
2017/04/11,10.09,10.25,9.89,10.04,16745458,168458624.00
2017/04/12,9.92,10.02,9.54,9.61,14314287,140356032.00
2017/04/13,9.61,9.84,9.49,9.66,12582173,122220424.00
2017/04/14,9.59,9.63,9.33,9.40,11993646,113379840.00
2017/04/17,9.40,9.60,9.32,9.46,11424783,108271528.00
2017/04/18,9.50,9.54,9.28,9.29,8864497,83513912.00
2017/04/19,9.19,9.20,8.73,8.89,14692083,130784408.00
2017/04/20,8.95,8.99,8.61,8.69,9198364,80883360.00
2017/04/21,8.72,8.97,8.63,8.76,7201234,63595820.00
2017/04/24,8.84,8.87,8.24,8.36,8999076,76174200.00
2017/04/25,8.54,8.98,8.49,8.93,14797191,129236592.00
2017/04/26,8.94,9.12,8.81,8.84,13599041,121924840.00
2017/04/27,8.83,9.31,8.74,9.19,19525174,178067904.00
2017/04/28,9.19,9.27,9.02,9.26,12356965,113238032.00
2017/05/02,9.23,9.41,9.19,9.29,9192041,85379552.00
2017/05/03,9.25,9.28,9.00,9.01,10177380,92898728.00
2017/05/04,8.95,9.14,8.90,9.00,7463172,67554896.00
2017/05/05,8.91,8.97,8.69,8.72,9897627,87122312.00
2017/05/08,8.61,8.87,8.51,8.72,7106672,61860400.00
2017/05/09,8.64,9.02,8.61,9.01,8723630,77633408.00
2017/05/10,8.95,9.12,8.65,8.66,8490471,75902392.00
2017/05/11,8.66,8.88,8.45,8.87,10415583,90658576.00
2017/05/12,8.94,8.99,8.76,8.93,8241983,73248560.00
2017/05/15,8.93,8.96,8.74,8.77,5982902,52803704.00
2017/05/16,8.77,8.99,8.63,8.93,10359548,91742120.00
2017/05/17,8.90,9.14,8.89,9.01,14765279,133652104.00
2017/05/18,8.97,8.97,8.74,8.76,9606960,84945176.00
2017/05/19,8.76,8.81,8.65,8.70,5245200,45798508.00
2017/05/22,8.69,8.73,8.44,8.47,5954782,51223312.00
2017/05/23,8.42,8.60,8.32,8.37,7147402,60376884.00
2017/05/24,8.32,8.53,8.24,8.49,5745797,48303208.00
2017/05/25,8.44,8.59,8.31,8.50,7345004,62300688.00
2017/05/26,8.48,8.58,8.10,8.13,11419457,95179088.00
2017/05/31,8.21,8.29,8.01,8.09,6798463,55437336.00
2017/06/01,8.08,8.14,7.81,8.08,6046803,48698272.00
2017/06/02,8.12,8.13,7.91,8.11,5435357,43814204.00
2017/06/05,8.11,8.16,8.04,8.10,3811000,30941432.00
2017/06/06,8.10,8.16,7.93,7.99,4308438,34723048.00
2017/06/07,8.08,8.21,8.00,8.19,8188474,66563964.00
2017/06/08,8.19,8.24,8.07,8.09,5404773,44073744.00
2017/06/09,8.09,8.12,7.95,8.06,4146765,33237620.00
2017/06/12,8.07,8.07,7.60,7.83,8939222,69798816.00
2017/06/13,7.78,7.88,7.72,7.84,4581508,35885284.00
2017/06/14,7.81,7.99,7.78,7.91,5086803,40224444.00
2017/06/15,7.87,8.03,7.85,7.96,3709145,29531192.00
2017/06/16,7.96,7.99,7.88,7.93,2894142,22888264.00
2017/06/19,7.93,8.04,7.85,8.00,3634524,28968252.00
2017/06/20,8.06,8.06,7.95,7.99,3279684,26221404.00
2017/06/21,7.99,8.02,7.84,7.91,3725985,29529722.00
2017/06/22,7.89,7.97,7.74,7.76,4311837,33872824.00
2017/06/23,7.76,7.84,7.63,7.79,3030600,23469156.00
2017/06/26,7.81,7.86,7.77,7.83,3381639,26420624.00
2017/06/27,7.83,7.87,7.77,7.82,2780810,21767268.00
2017/06/28,7.83,7.86,7.69,7.71,3839082,29682848.00
2017/06/29,7.71,7.75,7.67,7.69,3469385,26722704.00
2017/06/30,7.73,7.90,7.70,7.89,6201071,48496656.00
2017/07/03,7.89,7.95,7.84,7.92,3924602,30994092.00
2017/07/04,7.90,7.92,7.81,7.86,2831553,22261876.00
2017/07/05,7.84,7.87,7.74,7.87,3878522,30282792.00
2017/07/06,7.84,7.86,7.76,7.81,3214186,25094296.00
2017/07/07,7.81,7.87,7.72,7.86,3059899,23944464.00
2017/07/10,7.85,7.85,7.74,7.79,3217212,25081952.00
2017/07/11,7.77,7.82,7.73,7.75,2640900,20541752.00
2017/07/12,7.75,7.78,7.50,7.60,5575900,42332232.00
2017/07/13,7.60,7.60,7.51,7.56,2658571,20072356.00
2017/07/14,7.55,7.73,7.55,7.63,2935001,22441868.00
2017/07/17,7.63,7.63,6.87,6.99,8840359,63340900.00
2017/07/18,6.90,7.05,6.87,6.99,3221566,22404600.00
2017/07/19,7.00,7.16,6.90,7.07,4637337,32624758.00
2017/07/20,7.05,7.18,7.01,7.14,4628628,32959594.00
2017/07/21,7.10,7.15,7.04,7.11,3477484,24648426.00
2017/07/24,7.12,7.24,7.07,7.21,3896769,27949424.00
2017/07/25,7.18,7.25,7.12,7.20,2577605,18454126.00
2017/07/26,7.20,7.23,7.10,7.12,2222768,15855334.00
2017/07/27,7.11,7.21,7.08,7.19,3273115,23462798.00
2017/07/28,7.19,7.33,7.19,7.30,3756100,27365532.00
2017/08/02,7.24,7.24,7.24,7.24,0,0.00
数据来源:通达信
