601872 招商轮船 日线 前复权
      日期	    开盘	    最高	    最低	    收盘	    成交量	    成交额
2010/10/08,3.91,4.03,3.91,4.00,18286369,85049024.00
2010/10/11,4.00,4.16,3.96,4.09,30848743,146344960.00
2010/10/12,4.10,4.21,4.06,4.19,29434822,142171216.00
2010/10/13,4.19,4.19,4.12,4.18,20108083,97020456.00
2010/10/14,4.18,4.34,4.13,4.14,28088919,137751616.00
2010/10/15,4.12,4.31,4.08,4.28,29060556,142733472.00
2010/10/18,4.30,4.42,4.27,4.28,35827180,180521232.00
2010/10/19,4.28,4.33,4.22,4.32,16587140,82235600.00
2010/10/20,4.24,4.29,4.18,4.22,20653901,101559808.00
2010/10/21,4.22,4.26,4.14,4.19,13010929,63315408.00
2010/10/22,4.18,4.25,4.14,4.18,10545453,51228440.00
2010/10/25,4.18,4.27,4.15,4.25,15425755,75519232.00
2010/10/26,4.23,4.28,4.17,4.20,17562974,86385736.00
2010/10/27,4.19,4.25,4.15,4.17,13343411,65063360.00
2010/10/28,4.16,4.20,4.11,4.17,10942658,52774072.00
2010/10/29,4.17,4.17,4.09,4.13,9848480,47207704.00
2010/11/02,4.25,4.49,4.19,4.35,53065018,267341984.00
2010/11/03,4.31,4.37,4.25,4.26,19332239,96670720.00
2010/11/04,4.26,4.42,4.26,4.38,28271019,142305152.00
2010/11/05,4.39,4.42,4.33,4.38,16607851,83995320.00
2010/11/08,4.39,4.43,4.37,4.42,19931934,101605000.00
2010/11/09,4.42,4.44,4.30,4.33,18375515,92764216.00
2010/11/10,4.32,4.32,4.21,4.23,16759730,82648560.00
2010/11/11,4.22,4.31,4.20,4.26,14804601,73361184.00
2010/11/12,4.25,4.25,3.98,4.00,19293189,92475728.00
2010/11/15,4.00,4.06,3.98,4.04,9049810,42354964.00
2010/11/16,4.05,4.06,3.83,3.85,14370167,65653256.00
2010/11/17,3.86,3.88,3.77,3.80,10425234,46615264.00
2010/11/18,3.81,3.86,3.76,3.80,11045408,49048784.00
2010/11/19,3.82,3.83,3.65,3.78,17514580,76667680.00
2010/11/22,3.77,3.81,3.72,3.75,14214053,62479144.00
2010/11/23,3.73,3.75,3.60,3.67,11196335,47951064.00
2010/11/24,3.65,3.72,3.63,3.71,7349394,31784582.00
2010/11/25,3.73,3.78,3.70,3.78,9667042,42329008.00
2010/11/26,3.77,3.78,3.69,3.73,6921945,30173700.00
2010/11/29,3.72,3.75,3.68,3.73,5505652,23894996.00
2010/11/30,3.73,3.75,3.58,3.65,11584312,49427664.00
2010/12/01,3.63,3.68,3.61,3.66,4508405,19268702.00
2010/12/02,3.69,3.72,3.68,3.69,5883300,25475576.00
2010/12/03,3.71,3.73,3.66,3.71,5857277,25389414.00
2010/12/06,3.70,3.73,3.66,3.68,5291657,22866372.00
2010/12/07,3.65,3.70,3.60,3.68,5166893,22047764.00
2010/12/08,3.67,3.71,3.66,3.67,4756439,20510264.00
2010/12/09,3.66,3.71,3.61,3.68,5854533,25191632.00
2010/12/10,3.68,3.71,3.65,3.70,5083264,21906320.00
2010/12/13,3.71,3.79,3.69,3.79,11993656,52716936.00
2010/12/14,3.79,3.87,3.77,3.78,11348430,50410464.00
2010/12/15,3.78,3.82,3.74,3.76,11862586,52477220.00
2010/12/16,3.77,3.78,3.68,3.70,9172171,39902680.00
2010/12/17,3.70,3.72,3.67,3.69,7450645,32131282.00
2010/12/20,3.71,3.71,3.57,3.62,12620449,53554524.00
2010/12/21,3.64,3.68,3.60,3.68,8272292,35316612.00
2010/12/22,3.68,3.74,3.64,3.65,11808109,51003992.00
2010/12/23,3.67,3.67,3.61,3.61,6256282,26598960.00
2010/12/24,3.60,3.62,3.56,3.58,7952453,33430212.00
2010/12/27,3.58,3.61,3.50,3.51,9887151,41301000.00
2010/12/28,3.49,3.55,3.46,3.48,8490087,34836704.00
2010/12/29,3.48,3.51,3.46,3.51,4866068,19922316.00
2010/12/30,3.51,3.53,3.47,3.48,9397474,38503596.00
2010/12/31,3.48,3.51,3.44,3.50,12190893,49805712.00
2011/01/04,3.52,3.58,3.46,3.58,13998037,57893192.00
2011/01/05,3.56,3.64,3.53,3.62,13582999,57165148.00
2011/01/06,3.60,3.63,3.56,3.56,8633325,36184324.00
2011/01/07,3.58,3.64,3.56,3.58,9006799,37952400.00
2011/01/10,3.58,3.60,3.52,3.53,6405047,26742084.00
2011/01/11,3.53,3.71,3.49,3.65,15181120,64202940.00
2011/01/12,3.62,3.69,3.59,3.65,9279055,39515168.00
2011/01/13,3.67,3.70,3.64,3.66,11097421,47640288.00
2011/01/14,3.64,3.66,3.57,3.58,7109894,29976324.00
2011/01/17,3.55,3.58,3.47,3.48,7804842,32135888.00
2011/01/18,3.48,3.53,3.48,3.52,5206203,21391444.00
2011/01/19,3.50,3.67,3.50,3.63,9345572,39442332.00
2011/01/20,3.62,3.64,3.56,3.57,9279111,39061248.00
2011/01/21,3.58,3.74,3.56,3.71,20413272,87863448.00
2011/01/24,3.68,3.78,3.68,3.69,17512305,76171496.00
2011/01/25,3.68,3.74,3.64,3.65,10003573,42959912.00
2011/01/26,3.66,3.73,3.65,3.73,8954256,38696512.00
2011/01/27,3.71,3.84,3.67,3.79,24054007,106117648.00
2011/01/28,3.78,3.80,3.73,3.75,12137289,53358208.00
2011/01/31,3.76,3.81,3.73,3.78,14953385,65772148.00
2011/02/01,3.78,3.78,3.71,3.73,8959823,39041512.00
2011/02/09,3.69,3.78,3.68,3.73,10562859,46009304.00
2011/02/10,3.70,3.78,3.69,3.78,11121304,48721880.00
2011/02/11,3.79,3.93,3.73,3.86,26559247,119383672.00
2011/02/14,3.86,3.93,3.86,3.92,20237236,91987496.00
2011/02/15,3.91,4.03,3.88,3.90,25669815,118718824.00
2011/02/16,3.88,3.94,3.87,3.94,12367363,56276744.00
2011/02/17,3.94,3.96,3.86,3.90,13371923,60775056.00
2011/02/18,3.88,3.88,3.81,3.84,10133198,45508372.00
2011/02/21,3.82,3.95,3.81,3.94,15469945,70462848.00
2011/02/22,3.94,3.95,3.78,3.81,11676602,52472296.00
2011/02/23,3.78,3.82,3.77,3.78,7728842,34210832.00
2011/02/24,3.78,3.80,3.75,3.79,7226221,31913888.00
2011/02/25,3.79,3.80,3.70,3.76,13253076,57976460.00
2011/02/28,3.75,3.80,3.72,3.80,8531686,37580824.00
2011/03/01,3.80,3.83,3.77,3.80,9452205,42002736.00
2011/03/02,3.78,3.86,3.78,3.85,14436655,64446684.00
2011/03/03,3.85,3.86,3.79,3.80,10269459,45885524.00
2011/03/04,3.81,3.88,3.80,3.87,9847201,44126192.00
2011/03/07,3.87,3.90,3.87,3.89,16703943,75748576.00
2011/03/08,3.89,3.90,3.85,3.88,10132727,45728260.00
2011/03/09,3.89,3.90,3.86,3.88,9997060,45227900.00
2011/03/10,3.88,3.88,3.78,3.80,10514801,46918328.00
2011/03/11,3.78,3.80,3.76,3.77,8292610,36612296.00
2011/03/14,3.76,3.78,3.73,3.78,7945156,34889700.00
2011/03/15,3.76,3.77,3.63,3.68,12998838,55972944.00
2011/03/16,3.67,3.71,3.65,3.71,9647434,41534768.00
2011/03/17,3.68,3.70,3.64,3.66,7486171,32115032.00
2011/03/18,3.67,3.69,3.66,3.68,5984169,25733034.00
2011/03/21,3.67,3.69,3.64,3.66,5967362,25597452.00
2011/03/22,3.68,3.69,3.64,3.68,4616049,19805408.00
2011/03/23,3.68,3.72,3.66,3.71,7047687,30437844.00
2011/03/24,3.72,3.72,3.68,3.71,5398946,23369814.00
2011/03/25,3.71,3.75,3.69,3.73,8412338,36635804.00
2011/03/28,3.74,3.75,3.71,3.72,9252898,40365996.00
2011/03/29,3.72,3.75,3.67,3.70,11632023,50478440.00
2011/03/30,3.70,3.73,3.68,3.68,9102048,39375596.00
2011/03/31,3.68,3.71,3.64,3.66,7119821,30570048.00
2011/04/01,3.64,3.69,3.64,3.69,5514052,23653422.00
2011/04/06,3.72,3.74,3.68,3.74,10026003,43584880.00
2011/04/07,3.74,3.78,3.72,3.76,10001305,43860140.00
2011/04/08,3.75,3.77,3.72,3.77,8094655,35459684.00
2011/04/11,3.77,3.79,3.74,3.75,11360641,49978368.00
2011/04/12,3.74,3.85,3.73,3.82,19216520,85316944.00
2011/04/13,3.81,3.88,3.79,3.86,17212659,77237288.00
2011/04/14,3.85,3.88,3.80,3.83,14135226,63242180.00
2011/04/15,3.81,3.86,3.79,3.85,11633872,51981424.00
2011/04/18,3.83,3.88,3.81,3.85,14089419,63233572.00
2011/04/19,3.83,3.83,3.77,3.78,15323689,67788328.00
2011/04/20,3.77,3.79,3.76,3.77,11281768,49700316.00
2011/04/21,3.78,3.80,3.78,3.78,9993158,44222348.00
2011/04/22,3.79,3.84,3.76,3.81,16896103,75183544.00
2011/04/25,3.80,3.82,3.73,3.73,11969600,52585956.00
2011/04/26,3.72,3.73,3.66,3.67,8943767,38542108.00
2011/04/27,3.68,3.70,3.62,3.65,6759760,28971872.00
2011/04/28,3.67,3.68,3.51,3.52,9537049,40147080.00
2011/04/29,3.54,3.58,3.51,3.57,8336119,34621928.00
2011/05/03,3.57,3.62,3.54,3.62,7291855,30709142.00
2011/05/04,3.60,3.65,3.55,3.58,9177812,38729928.00
2011/05/05,3.58,3.69,3.58,3.66,9056296,38723792.00
2011/05/06,3.60,3.67,3.60,3.64,5985539,25470872.00
2011/05/09,3.64,3.67,3.62,3.64,4650014,19797532.00
2011/05/10,3.64,3.66,3.61,3.62,4276173,18149052.00
2011/05/11,3.63,3.65,3.60,3.63,4845474,20561008.00
2011/05/12,3.62,3.62,3.55,3.56,6297309,26552208.00
2011/05/13,3.56,3.59,3.55,3.59,4312788,18033560.00
2011/05/16,3.59,3.60,3.57,3.58,3505292,14714746.00
2011/05/17,3.58,3.59,3.53,3.57,5725740,23955848.00
2011/05/18,3.57,3.63,3.57,3.61,5533663,23293422.00
2011/05/19,3.61,3.61,3.56,3.56,3696737,15533778.00
2011/05/20,3.58,3.60,3.56,3.58,3662653,15345278.00
2011/05/23,3.58,3.59,3.46,3.48,7271300,29957318.00
2011/05/24,3.48,3.48,3.43,3.48,4912695,19938816.00
2011/05/26,3.48,3.48,3.43,3.44,4648599,18872544.00
2011/05/27,3.43,3.46,3.39,3.41,5853719,23506518.00
2011/05/30,3.41,3.41,3.37,3.38,3879003,15443413.00
2011/05/31,3.40,3.42,3.37,3.41,3194277,12741531.00
2011/06/01,3.42,3.48,3.40,3.43,5932187,23973932.00
2011/06/02,3.42,3.42,3.35,3.38,4691391,18645768.00
2011/06/03,3.37,3.41,3.37,3.40,2658729,10602749.00
2011/06/07,3.40,3.42,3.38,3.41,2913435,11649600.00
2011/06/08,3.41,3.42,3.37,3.42,3270011,13046326.00
2011/06/09,3.40,3.44,3.36,3.36,3287452,13130631.00
2011/06/10,3.36,3.38,3.34,3.38,3728031,14715274.00
2011/06/13,3.37,3.37,3.28,3.32,4083712,15943133.00
2011/06/14,3.31,3.36,3.30,3.34,5292589,20799764.00
2011/06/15,3.34,3.34,3.30,3.31,4771265,18663948.00
2011/06/16,3.29,3.31,3.20,3.22,8260926,31632864.00
2011/06/17,3.23,3.24,3.15,3.17,6341558,23909064.00
2011/06/20,3.17,3.17,3.09,3.13,5367618,19863564.00
2011/06/21,3.14,3.16,3.08,3.15,6444588,23782132.00
2011/06/22,3.13,3.16,3.12,3.14,3139681,11646211.00
2011/06/23,3.13,3.18,3.10,3.18,5112037,19029016.00
2011/06/24,3.18,3.28,3.17,3.28,10032689,38285800.00
2011/06/27,3.29,3.31,3.24,3.28,5487888,20954808.00
2011/06/28,3.28,3.29,3.25,3.29,3137062,11948897.00
2011/06/29,3.30,3.32,3.25,3.26,6867258,26344660.00
2011/06/30,3.26,3.31,3.26,3.29,3873660,14825313.00
2011/07/01,3.29,3.31,3.27,3.29,3329610,12755822.00
2011/07/04,3.29,3.36,3.29,3.35,7327287,28419680.00
2011/07/05,3.36,3.37,3.31,3.34,7038679,27280878.00
2011/07/06,3.32,3.33,3.28,3.32,6389088,24579908.00
2011/07/07,3.32,3.34,3.29,3.30,5156577,19895560.00
2011/07/08,3.31,3.32,3.29,3.30,3552919,13653718.00
2011/07/11,3.30,3.32,3.26,3.31,4451010,17068504.00
2011/07/12,3.28,3.28,3.22,3.22,6466408,24482240.00
2011/07/13,3.23,3.27,3.22,3.26,4149404,15724434.00
2011/07/14,3.27,3.29,3.23,3.29,6004900,22880404.00
2011/07/15,3.29,3.30,3.25,3.28,5991685,22877130.00
2011/07/18,3.29,3.30,3.26,3.29,4961809,18960376.00
2011/07/19,3.27,3.27,3.22,3.23,4208223,15922025.00
2011/07/20,3.27,3.29,3.23,3.24,4232528,16054374.00
2011/07/21,3.25,3.26,3.19,3.20,5663806,21201194.00
2011/07/22,3.22,3.22,3.19,3.21,2729800,10216811.00
2011/07/25,3.20,3.20,3.10,3.11,7555033,27680782.00
2011/07/26,3.11,3.12,3.09,3.12,4583237,16626076.00
2011/07/27,3.12,3.12,3.08,3.12,5505194,19991768.00
2011/07/28,3.11,3.11,3.08,3.10,4419171,15948112.00
2011/07/29,3.11,3.12,3.06,3.10,5953683,21463468.00
2011/08/01,3.08,3.11,3.06,3.10,2970911,10719967.00
2011/08/02,3.09,3.10,3.02,3.05,4276136,15229322.00
2011/08/03,3.02,3.05,3.00,3.04,2981759,10571962.00
2011/08/04,3.04,3.06,3.03,3.05,2283889,8145488.00
2011/08/05,2.98,2.99,2.93,2.97,4573529,15917315.00
2011/08/08,2.94,2.95,2.76,2.83,8858246,29670772.00
2011/08/09,2.77,2.82,2.72,2.80,8928014,28981432.00
2011/08/10,2.83,2.86,2.82,2.83,4966736,16569524.00
2011/08/11,2.79,2.86,2.75,2.85,5492153,18205860.00
2011/08/12,2.86,3.04,2.84,2.96,12976880,45238024.00
2011/08/26,3.08,3.16,2.97,3.05,19472219,70629680.00
2011/08/29,2.99,3.02,2.97,2.98,6569782,22985168.00
2011/08/30,3.00,3.08,2.98,2.99,5311348,18775988.00
2011/08/31,2.98,2.99,2.92,2.95,3243300,11239415.00
2011/09/01,2.96,3.05,2.96,2.98,6615101,23295428.00
2011/09/02,2.98,3.02,2.94,2.95,3293904,11461650.00
2011/09/05,2.92,2.94,2.85,2.87,3030058,10254129.00
2011/09/06,2.85,2.89,2.84,2.86,1805056,6077734.00
2011/09/07,2.87,2.95,2.84,2.94,4131158,14098683.00
2011/09/08,2.94,2.96,2.91,2.92,2415000,8312135.00
2011/09/09,2.92,2.97,2.91,2.93,2023339,6962457.00
2011/09/13,2.90,2.91,2.86,2.89,2320595,7866460.00
2011/09/14,2.89,2.96,2.89,2.96,3751940,12882993.00
2011/09/15,2.96,2.97,2.95,2.96,1942775,6746696.00
2011/09/16,2.96,2.99,2.94,2.95,2070190,7196514.00
2011/09/19,2.92,2.93,2.88,2.89,1901750,6455925.00
2011/09/20,2.89,2.95,2.87,2.94,2724025,9288508.00
2011/09/21,2.93,3.02,2.91,3.01,4740091,16606608.00
2011/09/22,2.98,3.00,2.89,2.89,5046732,17387590.00
2011/09/23,2.87,2.90,2.84,2.87,3300880,11087484.00
2011/09/26,2.87,2.94,2.86,2.87,3217817,10941828.00
2011/09/27,2.90,2.91,2.87,2.90,1635274,5551705.00
2011/09/28,2.91,2.92,2.85,2.86,2133847,7201989.00
2011/09/29,2.85,2.85,2.79,2.80,3368113,11162425.00
2011/09/30,2.80,2.82,2.77,2.81,1692336,5576817.00
2011/10/10,2.82,2.83,2.80,2.82,1645580,5441521.00
2011/10/11,2.86,2.90,2.81,2.84,2238484,7514397.00
2011/10/12,2.82,2.96,2.82,2.95,5730133,19604976.00
2011/10/13,2.94,3.05,2.92,3.01,8249093,28913600.00
2011/10/14,3.00,3.01,2.95,2.99,3535194,12323829.00
2011/10/17,2.99,3.01,2.94,2.97,2729740,9505037.00
2011/10/18,2.95,2.95,2.88,2.89,3515384,12001796.00
2011/10/19,2.90,2.93,2.89,2.92,2105370,7187070.00
2011/10/20,2.90,2.91,2.82,2.84,3179675,10632054.00
2011/10/24,2.85,2.92,2.78,2.91,4027064,13465908.00
2011/10/25,2.91,2.99,2.86,2.95,5045087,17348788.00
2011/10/26,2.92,2.98,2.92,2.95,5915115,20496660.00
2011/10/27,2.98,3.02,2.96,2.97,4468317,15610798.00
2011/10/28,3.02,3.03,2.99,3.01,6817654,24017420.00
2011/10/31,3.00,3.02,2.96,3.00,4453279,15573293.00
2011/11/01,2.98,3.02,2.95,3.02,5261081,18457730.00
2011/11/02,2.98,3.03,2.94,3.03,6128449,21441596.00
2011/11/03,3.03,3.10,3.02,3.08,11962304,42831056.00
2011/11/04,3.09,3.11,3.04,3.05,7863794,28263550.00
2011/11/07,3.04,3.07,3.02,3.02,4738541,16872806.00
2011/11/08,3.02,3.05,3.01,3.02,3871366,13716452.00
2011/11/09,3.02,3.04,2.99,3.02,3429349,12092796.00
2011/11/10,3.01,3.01,2.95,2.95,4196858,14609618.00
2011/11/11,2.96,2.99,2.92,2.94,3559290,12344929.00
2011/11/14,2.97,3.00,2.95,3.00,3891756,13587959.00
2011/11/15,2.99,3.02,2.97,3.02,4483228,15780845.00
2011/11/16,3.02,3.02,2.92,2.92,3720750,12913706.00
2011/11/17,2.92,2.94,2.91,2.92,3289184,11292851.00
2011/11/18,2.90,2.92,2.84,2.87,4517403,15232344.00
2011/11/21,2.87,2.88,2.83,2.87,2291926,7673323.00
2011/11/22,2.85,2.86,2.83,2.86,1494503,4997820.00
2011/11/23,2.86,2.86,2.83,2.84,1048834,3505906.00
2011/11/24,2.84,2.85,2.81,2.84,1936116,6442602.00
2011/11/25,2.84,2.86,2.83,2.83,1659501,5544676.00
2011/11/28,2.83,2.85,2.81,2.82,2165239,7183505.00
2011/11/29,2.83,2.87,2.82,2.86,3271164,10937624.00
2011/11/30,2.86,2.87,2.72,2.73,5148237,16815028.00
2011/12/01,2.79,2.83,2.76,2.76,3881131,12759322.00
2011/12/02,2.78,2.78,2.72,2.72,2314072,7464758.00
2011/12/05,2.73,2.74,2.66,2.66,3748874,11856261.00
2011/12/06,2.66,2.70,2.64,2.67,2377726,7481432.00
2011/12/07,2.67,2.70,2.66,2.66,1562078,4923153.00
2011/12/08,2.66,2.69,2.64,2.67,2316941,7278594.00
2011/12/09,2.65,2.66,2.63,2.65,1588506,4962806.00
2011/12/12,2.66,2.66,2.61,2.62,2320390,7207719.00
2011/12/13,2.61,2.61,2.54,2.56,3224429,9776211.00
2011/12/14,2.53,2.57,2.52,2.52,2343481,7046632.00
2011/12/15,2.50,2.52,2.43,2.44,5194498,15209939.00
2011/12/16,2.44,2.50,2.44,2.50,2703600,7898090.00
2011/12/19,2.48,2.49,2.42,2.46,2677758,7785366.00
2011/12/20,2.46,2.49,2.45,2.47,1875561,5498195.00
2011/12/21,2.50,2.50,2.44,2.45,1314580,3855226.00
2011/12/22,2.44,2.44,2.36,2.40,2662221,7611890.00
2011/12/23,2.40,2.46,2.39,2.43,1971803,5682296.00
2011/12/26,2.43,2.48,2.41,2.42,1605770,4663755.00
2011/12/27,2.43,2.44,2.40,2.41,1853810,5331527.00
2011/12/28,2.42,2.42,2.36,2.40,1813633,5134176.00
2011/12/29,2.40,2.41,2.38,2.39,1285289,3662366.00
2011/12/30,2.40,2.44,2.40,2.43,1656314,4774812.00
2012/01/04,2.46,2.46,2.40,2.40,1633409,4709429.00
2012/01/05,2.40,2.42,2.34,2.34,2488544,7038947.00
2012/01/06,2.35,2.38,2.33,2.37,1948659,5459008.00
2012/01/09,2.38,2.44,2.36,2.44,2382430,6831038.00
2012/01/10,2.44,2.56,2.43,2.52,5309722,15749103.00
2012/01/11,2.53,2.53,2.49,2.51,3381259,10049950.00
2012/01/12,2.50,2.52,2.48,2.51,3576450,10588377.00
2012/01/13,2.50,2.51,2.42,2.45,3341222,9742572.00
2012/01/16,2.44,2.44,2.40,2.40,1695508,4876871.00
2012/01/17,2.42,2.66,2.40,2.66,12627152,39093988.00
2012/01/18,2.79,2.86,2.62,2.62,28684341,93161376.00
2012/01/19,2.55,2.70,2.55,2.62,12324658,38022968.00
2012/01/20,2.62,2.67,2.60,2.63,6223139,19407054.00
2012/01/30,2.65,2.79,2.62,2.67,9995454,31921330.00
2012/01/31,2.64,2.70,2.63,2.67,3729328,11719870.00
2012/02/01,2.67,2.73,2.62,2.64,5244076,16573159.00
2012/02/02,2.65,2.70,2.61,2.69,4955886,15546785.00
2012/02/03,2.67,2.70,2.62,2.68,5113454,16095455.00
2012/02/06,2.67,2.68,2.64,2.66,4515376,14154154.00
2012/02/07,2.64,2.64,2.58,2.60,4186325,12906682.00
2012/02/08,2.59,2.66,2.59,2.64,3832373,11893507.00
2012/02/09,2.65,2.70,2.63,2.65,5162268,16246547.00
2012/02/10,2.65,2.72,2.65,2.67,5011084,15857743.00
2012/02/13,2.66,2.68,2.60,2.67,4340860,13551042.00
2012/02/14,2.67,2.68,2.64,2.66,2288111,7169854.00
2012/02/15,2.65,2.80,2.65,2.73,12273798,39537876.00
2012/02/16,2.71,2.77,2.68,2.74,9432728,30226670.00
2012/02/17,2.74,2.77,2.72,2.73,4441869,14353794.00
2012/02/20,2.77,2.79,2.74,2.75,7786281,25336310.00
2012/02/21,2.75,2.77,2.72,2.76,3838342,12412189.00
2012/02/22,2.75,2.78,2.74,2.78,4181847,13605493.00
2012/02/23,2.78,2.83,2.77,2.79,6242394,20572924.00
2012/02/24,2.79,2.82,2.78,2.82,5557353,18327408.00
2012/02/27,2.82,2.87,2.81,2.84,8170777,27370656.00
2012/02/28,2.84,2.89,2.82,2.84,6780617,22711560.00
2012/02/29,2.84,2.84,2.77,2.78,5533900,18226386.00
2012/03/01,2.78,2.82,2.76,2.78,4497926,14761626.00
2012/03/02,2.78,2.82,2.77,2.82,4106816,13497196.00
2012/03/05,2.82,2.85,2.79,2.80,3949089,13063107.00
2012/03/06,2.79,2.79,2.73,2.74,3812753,12366481.00
2012/03/07,2.72,2.76,2.71,2.73,2534019,8164239.00
2012/03/08,2.73,2.77,2.73,2.75,3792737,12298546.00
2012/03/09,2.76,2.77,2.73,2.76,3418147,11068014.00
2012/03/12,2.78,2.78,2.73,2.74,2650802,8584116.00
2012/03/13,2.74,2.78,2.73,2.77,3900248,12638617.00
2012/03/14,2.77,2.79,2.62,2.64,11404966,36429212.00
2012/03/15,2.64,2.68,2.59,2.62,6439714,19970924.00
2012/03/16,2.62,2.66,2.61,2.65,3597470,11186279.00
2012/03/19,2.64,2.65,2.62,2.65,2977759,9271267.00
2012/03/20,2.64,2.64,2.59,2.59,3947326,12167742.00
2012/03/21,2.61,2.70,2.59,2.63,5271396,16399473.00
2012/03/22,2.62,2.63,2.60,2.61,2849501,8795097.00
2012/03/23,2.61,2.61,2.57,2.57,2788969,8522233.00
2012/03/26,2.57,2.59,2.55,2.57,1767173,5366261.00
2012/03/27,2.58,2.59,2.56,2.58,1685670,5133227.00
2012/03/28,2.55,2.59,2.48,2.51,4517041,13591699.00
2012/03/29,2.50,2.52,2.46,2.47,3052796,9003734.00
2012/03/30,2.47,2.51,2.46,2.50,2392879,7018428.00
2012/04/05,2.49,2.62,2.48,2.60,5520717,16808552.00
2012/04/06,2.58,2.61,2.56,2.58,2732740,8336098.00
2012/04/09,2.57,2.58,2.54,2.56,1693581,5136887.00
2012/04/10,2.55,2.58,2.51,2.57,2928778,8807887.00
2012/04/11,2.55,2.62,2.54,2.60,4209356,12879537.00
2012/04/12,2.60,2.62,2.59,2.62,3333316,10262281.00
2012/04/13,2.62,2.63,2.60,2.62,2699031,8331606.00
2012/04/16,2.61,2.62,2.59,2.61,2083552,6404004.00
2012/04/17,2.61,2.64,2.60,2.62,5198904,16128678.00
2012/04/18,2.62,2.67,2.61,2.66,5091645,15904781.00
2012/04/19,2.66,2.67,2.62,2.63,2898353,9031960.00
2012/04/20,2.63,2.69,2.62,2.68,6269247,19713352.00
2012/04/23,2.68,2.77,2.66,2.69,7862743,25169620.00
2012/04/24,2.67,2.75,2.65,2.75,10905931,34875376.00
2012/04/25,2.75,2.77,2.72,2.74,6259933,20249838.00
2012/04/26,2.73,2.75,2.72,2.73,4125008,13290281.00
2012/04/27,2.73,2.73,2.66,2.69,3412137,10836879.00
2012/05/02,2.71,2.73,2.69,2.71,7375866,23549726.00
2012/05/03,2.71,2.72,2.68,2.71,3146716,10018333.00
2012/05/04,2.70,2.73,2.68,2.72,4888287,15602071.00
2012/05/07,2.71,2.73,2.68,2.73,4580330,14577880.00
2012/05/08,2.73,2.77,2.72,2.74,8198979,26533454.00
2012/05/09,2.72,2.73,2.69,2.69,4438115,14155293.00
2012/05/10,2.68,2.71,2.67,2.68,3093319,9793492.00
2012/05/11,2.67,2.69,2.65,2.67,2279628,7177945.00
2012/05/14,2.68,2.70,2.64,2.67,3038743,9556385.00
2012/05/15,2.65,2.74,2.61,2.72,5095691,16031951.00
2012/05/16,2.72,2.72,2.65,2.65,2681473,8496275.00
2012/05/17,2.66,2.93,2.66,2.81,28353734,95030552.00
2012/05/18,2.77,2.86,2.76,2.80,12008542,39646792.00
2012/05/21,2.80,2.88,2.76,2.77,5940520,19710652.00
2012/05/23,2.78,2.82,2.72,2.75,6670420,21701754.00
2012/05/24,2.74,2.81,2.70,2.80,5719130,18506484.00
2012/05/25,2.80,2.80,2.74,2.77,4953271,16184796.00
2012/05/28,2.75,2.82,2.72,2.82,4820697,15733252.00
2012/05/29,2.80,3.12,2.79,2.98,30835665,108605272.00
2012/05/30,2.94,2.99,2.89,2.97,15363684,52809208.00
2012/05/31,2.93,2.98,2.92,2.96,6791412,23512232.00
2012/06/01,2.95,2.99,2.93,2.97,3579146,12422574.00
2012/06/04,2.93,2.93,2.82,2.82,5538500,18710978.00
2012/06/05,2.82,3.05,2.82,2.91,6704685,22941138.00
2012/06/06,2.90,2.93,2.85,2.86,4245010,14359832.00
2012/06/07,2.89,2.92,2.85,2.86,3321102,11248739.00
2012/06/08,2.91,2.91,2.80,2.80,4589952,15278768.00
2012/06/11,2.81,2.83,2.74,2.81,9676450,31719556.00
2012/06/12,2.77,2.80,2.74,2.75,2437697,7929615.00
2012/06/13,2.77,2.89,2.72,2.81,6255117,20546510.00
2012/06/14,2.79,2.81,2.73,2.74,4824927,15695818.00
2012/06/15,2.75,2.78,2.72,2.77,2573681,8334850.00
2012/06/18,2.78,2.80,2.76,2.78,2964595,9690630.00
2012/06/19,2.78,2.79,2.74,2.75,1632925,5301303.00
2012/06/20,2.76,2.78,2.74,2.75,1066176,3463146.00
2012/06/21,2.77,2.86,2.75,2.77,7229756,23812240.00
2012/06/25,2.81,2.90,2.76,2.78,9296565,30847768.00
2012/06/26,2.76,2.78,2.68,2.72,3779689,12067050.00
2012/06/27,2.71,2.78,2.71,2.74,2391756,7706309.00
2012/06/28,2.74,2.76,2.70,2.72,3010338,9626028.00
2012/06/29,2.71,2.74,2.69,2.74,1704591,5441490.00
2012/07/02,2.74,2.81,2.74,2.76,3272876,10634150.00
2012/07/03,2.75,2.86,2.74,2.80,8800292,28764728.00
2012/07/04,2.79,2.79,2.72,2.73,4538149,14629400.00
2012/07/05,2.72,2.73,2.63,2.65,5457810,17137924.00
2012/07/06,2.67,2.68,2.54,2.61,16649402,50959608.00
2012/07/09,2.60,2.61,2.53,2.54,4246200,12850743.00
2012/07/10,2.53,2.56,2.51,2.54,2878319,8585848.00
2012/07/11,2.55,2.57,2.53,2.56,1539729,4638584.00
2012/07/12,2.56,2.59,2.52,2.57,2362722,7110832.00
2012/07/13,2.58,2.58,2.37,2.48,17899796,52086724.00
2012/07/16,2.43,2.44,2.39,2.42,4128331,11810654.00
2012/07/17,2.42,2.44,2.40,2.44,2100911,6019996.00
2012/07/18,2.44,2.44,2.36,2.43,3710869,10541258.00
2012/07/19,2.42,2.47,2.41,2.44,6186676,17905900.00
2012/07/20,2.43,2.43,2.37,2.41,6032679,17135846.00
2012/07/23,2.38,2.39,2.32,2.36,4743200,13209285.00
2012/07/24,2.33,2.39,2.33,2.38,2385148,6685380.00
2012/07/25,2.37,2.39,2.35,2.36,1755300,4939706.00
2012/07/26,2.36,2.38,2.32,2.34,3678528,10220241.00
2012/07/27,2.35,2.37,2.33,2.35,3082920,8610169.00
2012/07/30,2.34,2.37,2.30,2.31,3225714,8908285.00
2012/07/31,2.31,2.32,2.25,2.28,2307499,6254667.00
2012/08/01,2.27,2.32,2.26,2.31,1310423,3591433.00
2012/08/02,2.32,2.33,2.30,2.32,1576380,4335240.00
2012/08/03,2.32,2.36,2.32,2.35,3304896,9181536.00
2012/08/06,2.34,2.39,2.32,2.38,3863977,10813599.00
2012/08/07,2.36,2.44,2.36,2.39,4319888,12221311.00
2012/08/08,2.39,2.39,2.36,2.39,2635908,7425743.00
2012/08/09,2.38,2.40,2.36,2.39,2138372,6030449.00
2012/08/10,2.39,2.41,2.36,2.39,3654018,10333636.00
2012/08/13,2.39,2.40,2.34,2.34,4624400,13028108.00
2012/08/14,2.32,2.36,2.32,2.34,3225290,8936891.00
2012/08/15,2.33,2.35,2.32,2.32,1692449,4693977.00
2012/08/16,2.33,2.34,2.31,2.32,1468300,4049144.00
2012/08/17,2.31,2.33,2.29,2.31,1718120,4713672.00
2012/08/20,2.31,2.33,2.26,2.31,2230837,6099840.00
2012/08/21,2.31,2.33,2.30,2.32,1960382,5391544.00
2012/08/22,2.33,2.34,2.28,2.30,2211522,6078466.00
2012/08/23,2.30,2.32,2.29,2.30,1759122,4805499.00
2012/08/24,2.30,2.31,2.27,2.28,1659812,4502244.00
2012/08/27,2.28,2.28,2.22,2.23,2978879,7976879.00
2012/08/28,2.23,2.26,2.21,2.25,3099993,8250130.00
2012/08/29,2.34,2.42,2.25,2.27,13599977,37676504.00
2012/08/30,2.25,2.25,2.18,2.20,7671371,20169028.00
2012/08/31,2.19,2.22,2.16,2.18,4693138,12232401.00
2012/09/03,2.18,2.19,2.15,2.16,4175640,10825856.00
2012/09/04,2.16,2.18,2.12,2.13,4192210,10724801.00
2012/09/05,2.12,2.13,2.10,2.11,3104388,7832607.00
2012/09/06,2.11,2.20,2.10,2.14,5569583,14307608.00
2012/09/07,2.15,2.28,2.15,2.25,11782456,31231032.00
2012/09/10,2.23,2.26,2.21,2.24,5593911,14843133.00
2012/09/11,2.22,2.23,2.21,2.22,3480430,9204517.00
2012/09/12,2.22,2.24,2.20,2.22,3487392,9211486.00
2012/09/13,2.22,2.29,2.22,2.23,5618047,15018299.00
2012/09/14,2.23,2.26,2.22,2.24,3887244,10350594.00
2012/09/17,2.24,2.24,2.16,2.16,4101422,10693811.00
2012/09/18,2.17,2.18,2.13,2.14,1504199,3868460.00
2012/09/19,2.16,2.18,2.12,2.14,2893427,7437351.00
2012/09/20,2.14,2.14,2.09,2.09,3117995,7870963.00
2012/09/21,2.08,2.19,2.08,2.12,3845220,9841631.00
2012/09/24,2.11,2.11,2.04,2.10,3744334,9318435.00
2012/09/25,2.10,2.11,2.07,2.08,1686905,4212254.00
2012/09/26,2.08,2.12,2.05,2.06,5230688,13067695.00
2012/09/27,2.04,2.17,2.03,2.12,7193247,18048914.00
2012/09/28,2.09,2.13,2.08,2.13,4580655,11567412.00
2012/10/08,2.14,2.17,2.12,2.12,3871716,9909392.00
2012/10/09,2.12,2.19,2.12,2.18,4877561,12618594.00
2012/10/10,2.17,2.25,2.16,2.23,9770865,25786516.00
2012/10/11,2.22,2.22,2.17,2.18,4284331,11215394.00
2012/10/12,2.20,2.22,2.17,2.19,3441031,8976651.00
2012/10/15,2.19,2.20,2.15,2.17,2339464,6051329.00
2012/10/16,2.17,2.20,2.16,2.18,2291036,5963636.00
2012/10/17,2.18,2.20,2.15,2.17,2622309,6786177.00
2012/10/18,2.18,2.35,2.17,2.24,8907435,23889636.00
2012/10/19,2.22,2.24,2.22,2.22,3890786,10324941.00
2012/10/22,2.22,2.25,2.21,2.24,2665401,7084127.00
2012/10/23,2.24,2.29,2.23,2.24,5264378,14108094.00
2012/10/24,2.22,2.28,2.22,2.27,5036673,13563530.00
2012/10/25,2.27,2.34,2.26,2.29,9066588,24817064.00
2012/10/26,2.28,2.30,2.20,2.22,5296728,14070188.00
2012/10/29,2.21,2.22,2.19,2.20,1852115,4856976.00
2012/10/30,2.21,2.24,2.19,2.22,2699011,7123838.00
2012/10/31,2.22,2.22,2.19,2.22,1903780,4995022.00
2012/11/01,2.21,2.27,2.21,2.25,3711136,9937275.00
2012/11/02,2.25,2.29,2.24,2.27,3129339,8428034.00
2012/11/05,2.26,2.30,2.24,2.28,3535283,9537102.00
2012/11/06,2.27,2.28,2.23,2.26,2685847,7196550.00
2012/11/07,2.25,2.28,2.23,2.25,1480859,3968054.00
2012/11/08,2.24,2.24,2.18,2.19,2339293,6171997.00
2012/11/09,2.19,2.21,2.16,2.18,1611414,4195021.00
2012/11/12,2.19,2.21,2.17,2.21,1690030,4407029.00
2012/11/13,2.21,2.21,2.15,2.16,2183576,5664639.00
2012/11/14,2.16,2.20,2.15,2.19,1767482,4586626.00
2012/11/15,2.17,2.19,2.14,2.15,1560789,4036918.00
2012/11/16,2.15,2.16,2.10,2.12,2155618,5469616.00
2012/11/19,2.12,2.13,2.10,2.12,1078471,2730782.00
2012/11/20,2.14,2.16,2.12,2.16,1847686,4727570.00
2012/11/21,2.16,2.26,2.15,2.24,4422638,11659332.00
2012/11/22,2.22,2.22,2.20,2.22,2528552,6663364.00
2012/11/23,2.21,2.25,2.20,2.22,3519352,9339014.00
2012/11/26,2.21,2.31,2.20,2.22,3485139,8462037.00
2012/11/27,2.23,2.23,2.14,2.15,3275978,7663336.00
2012/11/28,2.14,2.15,2.11,2.12,1913703,4406212.00
2012/11/29,2.12,2.16,2.11,2.12,1620575,3740682.00
2012/11/30,2.12,2.18,2.11,2.15,1889199,4391019.00
2012/12/03,2.15,2.19,2.11,2.14,2175393,5065056.00
2012/12/04,2.12,2.18,2.11,2.16,2818530,6535618.00
2012/12/05,2.16,2.29,2.15,2.22,5744695,13823629.00
2012/12/06,2.22,2.24,2.20,2.23,2421777,5816313.00
2012/12/07,2.23,2.26,2.19,2.26,6287802,15216975.00
2012/12/10,2.26,2.28,2.23,2.27,7095945,17308730.00
2012/12/11,2.26,2.26,2.23,2.24,3304317,8012028.00
2012/12/12,2.24,2.25,2.22,2.24,2488511,5999261.00
2012/12/13,2.23,2.24,2.21,2.21,2867622,6894606.00
2012/12/14,2.21,2.30,2.20,2.30,9842928,24188740.00
2012/12/17,2.30,2.40,2.29,2.32,10610556,26634784.00
2012/12/18,2.31,2.35,2.30,2.31,6662494,16648344.00
2012/12/19,2.31,2.32,2.30,2.31,2445854,6096127.00
2012/12/20,2.30,2.32,2.27,2.31,4303249,10626452.00
2012/12/21,2.30,2.36,2.26,2.30,7401753,18473000.00
2012/12/24,2.29,2.30,2.27,2.29,3746363,9235184.00
2012/12/25,2.28,2.34,2.27,2.33,9722741,24334356.00
2012/12/26,2.33,2.36,2.32,2.35,7022793,17722468.00
2012/12/27,2.36,2.37,2.32,2.35,6693657,16904248.00
2012/12/28,2.34,2.36,2.33,2.35,6378367,16112099.00
2012/12/31,2.36,2.39,2.35,2.38,6726034,17150284.00
2013/01/04,2.39,2.45,2.38,2.40,12654966,32791620.00
2013/01/07,2.42,2.43,2.39,2.41,6273401,16229963.00
2013/01/08,2.41,2.41,2.37,2.38,8043744,20619488.00
2013/01/09,2.38,2.41,2.36,2.38,6683547,17118540.00
2013/01/10,2.37,2.43,2.37,2.41,7759662,20067292.00
2013/01/11,2.40,2.40,2.33,2.33,6779930,17248520.00
2013/01/14,2.33,2.39,2.33,2.38,6736899,17169394.00
2013/01/15,2.39,2.42,2.37,2.41,9103582,23396518.00
2013/01/16,2.41,2.41,2.36,2.40,8009731,20553656.00
2013/01/17,2.39,2.44,2.37,2.39,8012106,20681944.00
2013/01/18,2.39,2.42,2.37,2.41,7391770,19053108.00
2013/01/21,2.42,2.53,2.41,2.48,20866681,55445812.00
2013/01/22,2.46,2.47,2.40,2.42,10712405,28012116.00
2013/01/23,2.43,2.43,2.38,2.42,6418633,16587024.00
2013/01/24,2.41,2.46,2.37,2.39,9567329,24864626.00
2013/01/25,2.38,2.39,2.36,2.38,3695510,9447631.00
2013/01/28,2.37,2.42,2.37,2.41,4548598,11708206.00
2013/01/29,2.40,2.42,2.38,2.41,6780010,17465904.00
2013/01/30,2.42,2.44,2.37,2.42,9164448,23748612.00
2013/01/31,2.42,2.44,2.40,2.43,7466294,19443506.00
2013/02/01,2.42,2.46,2.41,2.44,9005791,23525692.00
2013/02/04,2.45,2.49,2.43,2.47,9389028,24784586.00
2013/02/05,2.45,2.55,2.44,2.52,13975585,37446556.00
2013/02/06,2.53,2.53,2.47,2.50,8676280,23203596.00
2013/02/07,2.50,2.50,2.45,2.47,6783501,17940684.00
2013/02/08,2.47,2.50,2.45,2.49,5337788,14205124.00
2013/02/18,2.46,2.50,2.46,2.48,5510451,14650400.00
2013/02/19,2.47,2.51,2.45,2.47,8847062,23515328.00
2013/02/20,2.47,2.51,2.47,2.51,6669410,17830846.00
2013/02/21,2.50,2.50,2.42,2.45,7342374,19347452.00
2013/02/22,2.44,2.45,2.42,2.43,3334089,8717183.00
2013/02/25,2.44,2.44,2.42,2.43,2279364,5953305.00
2013/02/26,2.42,2.43,2.38,2.38,3749039,9675324.00
2013/02/27,2.38,2.41,2.36,2.39,2660550,6816344.00
2013/02/28,2.39,2.42,2.37,2.42,4021897,10391561.00
2013/03/01,2.42,2.42,2.39,2.41,3207024,8292697.00
2013/03/04,2.40,2.40,2.31,2.35,7799409,19791468.00
2013/03/05,2.34,2.37,2.31,2.36,6082114,15328426.00
2013/03/06,2.36,2.40,2.35,2.39,5203977,13300007.00
2013/03/07,2.38,2.42,2.36,2.39,6447113,16613755.00
2013/03/08,2.38,2.40,2.37,2.37,3106601,7955851.00
2013/03/11,2.38,2.40,2.36,2.38,2150270,5509243.00
2013/03/12,2.39,2.41,2.32,2.35,5396497,13747178.00
2013/03/13,2.34,2.35,2.30,2.32,3644570,9122227.00
2013/03/14,2.32,2.33,2.30,2.32,2691790,6714570.00
2013/03/15,2.32,2.36,2.32,2.34,3706527,9348034.00
2013/03/18,2.33,2.34,2.29,2.31,3520082,8766263.00
2013/03/19,2.30,2.33,2.29,2.32,2470288,6154662.00
2013/03/20,2.33,2.36,2.31,2.35,3067121,7747276.00
2013/03/21,2.35,2.37,2.34,2.35,3823332,9674163.00
2013/03/22,2.35,2.39,2.34,2.38,6012639,15347374.00
2013/03/25,2.37,2.41,2.36,2.41,5250991,13469277.00
2013/03/26,2.38,2.40,2.36,2.38,4509141,11540510.00
2013/03/27,2.36,2.41,2.36,2.37,2388138,6117716.00
2013/03/28,2.36,2.36,2.30,2.31,4736510,11841076.00
2013/03/29,2.31,2.32,2.30,2.30,1943800,4832907.00
2013/04/01,2.30,2.30,2.27,2.29,2743775,6758266.00
2013/04/02,2.28,2.32,2.27,2.28,2507438,6193359.00
2013/04/03,2.28,2.30,2.26,2.28,2058522,5058525.00
2013/04/08,2.27,2.27,2.23,2.25,2467581,5978728.00
2013/04/09,2.25,2.27,2.22,2.24,10483437,25356308.00
2013/04/10,2.23,2.26,2.23,2.25,4156565,10072815.00
2013/04/11,2.25,2.28,2.24,2.26,4279755,10446275.00
2013/04/12,2.26,2.26,2.22,2.22,2891732,6970469.00
2013/04/15,2.21,2.22,2.16,2.17,2850600,6730408.00
2013/04/16,2.15,2.23,2.14,2.20,4856024,11502438.00
2013/04/17,2.19,2.20,2.14,2.15,9059363,21187388.00
2013/04/18,2.14,2.18,2.14,2.15,8591122,20094982.00
2013/04/19,2.15,2.20,2.15,2.18,8688128,20460924.00
2013/04/22,2.17,2.19,2.16,2.18,7516653,17696060.00
2013/04/23,2.17,2.17,2.11,2.13,7377776,17077254.00
2013/04/24,2.13,2.16,2.12,2.16,4789694,11132734.00
2013/04/25,2.15,2.16,2.12,2.12,3851616,8922532.00
2013/04/26,2.12,2.14,2.10,2.10,3556617,8154317.00
2013/05/02,2.10,2.10,2.06,2.08,5425350,12252657.00
2013/05/03,2.07,2.10,2.06,2.09,18806474,42505312.00
2013/05/06,2.09,2.12,2.07,2.11,15713775,35664736.00
2013/05/07,2.09,2.10,2.08,2.09,7687343,17458968.00
2013/05/08,2.10,2.11,2.08,2.10,6838201,15556913.00
2013/05/09,2.10,2.10,2.07,2.09,7073510,15981508.00
2013/05/10,2.09,2.09,2.06,2.09,10723234,24203460.00
2013/05/13,2.08,2.09,2.06,2.08,13339378,29992680.00
2013/05/14,2.07,2.07,2.04,2.06,6864561,15325800.00
2013/05/15,2.06,2.08,2.05,2.07,5042075,11322251.00
2013/05/16,2.07,2.09,2.05,2.07,12360441,27825402.00
2013/05/17,2.08,2.10,2.06,2.09,12270718,27773184.00
2013/05/20,2.10,2.12,2.09,2.11,13949173,31944204.00
2013/05/21,2.11,2.11,2.09,2.11,9227796,21059356.00
2013/05/22,2.11,2.12,2.09,2.11,13374348,30563548.00
2013/05/23,2.12,2.14,2.09,2.10,12465419,28583076.00
2013/05/24,2.09,2.11,2.09,2.11,6989524,15943812.00
2013/05/27,2.10,2.11,2.08,2.09,6603631,15029300.00
2013/05/28,2.10,2.13,2.09,2.13,9660498,22104398.00
2013/05/29,2.12,2.14,2.11,2.13,12233916,28236536.00
2013/05/30,2.12,2.14,2.11,2.14,9156844,21135800.00
2013/05/31,2.13,2.14,2.12,2.12,8050147,18596144.00
2013/06/03,2.12,2.13,2.10,2.11,6744993,15440721.00
2013/06/04,2.10,2.11,2.07,2.08,8412573,19064680.00
2013/06/05,2.08,2.09,2.07,2.09,2976031,6731105.00
2013/06/06,2.09,2.09,2.06,2.06,3903451,8783276.00
2013/06/07,2.06,2.08,2.03,2.04,6909245,15403607.00
2013/06/13,2.02,2.03,1.92,1.94,9939736,21206640.00
2013/06/14,1.94,1.95,1.93,1.95,4093029,8688498.00
2013/06/17,1.95,1.99,1.94,1.98,6391030,13712305.00
2013/06/18,1.98,2.00,1.93,1.99,5618388,12024915.00
2013/06/19,1.98,2.04,1.97,2.00,7081190,15476696.00
2013/06/20,1.99,1.99,1.92,1.93,12341588,26284086.00
2013/06/21,1.93,1.93,1.88,1.90,10817916,22442142.00
2013/06/24,1.89,1.90,1.80,1.81,11059141,22364204.00
2013/06/25,1.81,1.83,1.70,1.80,11213139,21801880.00
2013/06/26,1.79,1.80,1.76,1.79,5082649,9950207.00
2013/06/27,1.80,1.81,1.75,1.75,6775089,13305988.00
2013/06/28,1.74,1.81,1.73,1.77,12564970,24431864.00
2013/07/01,1.78,1.78,1.75,1.78,4890193,9518464.00
2013/07/02,1.78,1.79,1.73,1.77,5565576,10788465.00
2013/07/03,1.77,1.81,1.74,1.77,11723366,22982872.00
2013/07/04,1.76,1.80,1.74,1.77,6672049,13035727.00
2013/07/05,1.77,1.80,1.76,1.78,5882804,11515902.00
2013/07/08,1.77,1.78,1.72,1.73,5567300,10691943.00
2013/07/09,1.73,1.75,1.73,1.74,3143206,6024989.00
2013/07/10,1.74,1.77,1.72,1.77,5747717,11062713.00
2013/07/11,1.77,1.85,1.76,1.83,14155134,28127944.00
2013/07/12,1.83,1.83,1.78,1.78,7559191,14961165.00
2013/07/15,1.79,1.81,1.78,1.80,4691745,9260034.00
2013/07/16,1.80,1.81,1.78,1.80,4907294,9673564.00
2013/07/17,1.79,1.83,1.78,1.79,6647215,13203174.00
2013/07/18,1.79,1.79,1.75,1.76,5690305,11080843.00
2013/07/19,1.76,1.76,1.72,1.72,3926086,7529753.00
2013/07/22,1.72,1.74,1.71,1.73,4361457,8284399.00
2013/07/23,1.74,1.77,1.72,1.77,4502250,8720710.00
2013/07/24,1.76,1.77,1.74,1.76,3972039,7676149.00
2013/07/25,1.77,1.79,1.74,1.76,4662410,9078534.00
2013/07/26,1.75,1.76,1.73,1.74,3315432,6379153.00
2013/07/29,1.73,1.74,1.71,1.72,3696875,7040155.00
2013/07/30,1.72,1.74,1.71,1.72,3284362,6254368.00
2013/07/31,1.72,1.74,1.72,1.73,2580879,4925361.00
2013/08/01,1.72,1.75,1.72,1.75,3329049,6396445.00
2013/08/02,1.75,1.76,1.74,1.75,3549619,6854734.00
2013/08/05,1.75,1.83,1.74,1.80,14054889,27773326.00
2013/08/06,1.79,1.81,1.77,1.79,9948818,19523054.00
2013/08/07,1.79,1.82,1.79,1.79,5832265,11565999.00
2013/08/08,1.79,1.81,1.77,1.78,5633597,11102528.00
2013/08/09,1.76,1.80,1.76,1.79,4370698,8573937.00
2013/08/12,1.78,1.83,1.77,1.83,7932841,15762901.00
2013/08/13,1.82,1.85,1.81,1.84,7097676,14283199.00
2013/08/14,1.84,1.87,1.81,1.82,10270082,20751552.00
2013/08/15,1.82,1.85,1.81,1.83,5258493,10561313.00
2013/08/16,1.82,1.87,1.80,1.82,10646612,21420112.00
2013/08/19,1.81,1.83,1.79,1.83,6827114,13594703.00
2013/08/20,1.82,1.83,1.79,1.81,5069870,10094747.00
2013/08/21,1.81,1.81,1.79,1.80,5105255,10098043.00
2013/08/22,1.80,1.81,1.79,1.79,3365504,6654576.00
2013/08/23,1.80,1.83,1.79,1.81,6289261,12507125.00
2013/08/26,1.81,1.95,1.79,1.90,28015372,57864920.00
2013/08/27,1.90,1.98,1.88,1.92,24854935,52496284.00
2013/08/28,1.90,2.13,1.89,2.13,60256288,134438944.00
2013/08/29,2.18,2.23,2.08,2.13,57602168,134172800.00
2013/08/30,2.09,2.31,2.08,2.20,68536725,164251392.00
2013/09/02,2.19,2.24,1.97,2.04,52127428,117115496.00
2013/09/03,2.04,2.04,1.98,2.02,19102506,41834852.00
2013/09/04,2.01,2.10,2.00,2.04,15704955,34998612.00
2013/09/05,2.04,2.08,1.97,2.03,20796213,45878076.00
2013/09/06,2.03,2.25,2.02,2.25,68892822,162517552.00
2013/09/09,2.32,2.49,2.25,2.49,48600232,126595384.00
2013/09/10,2.61,2.76,2.58,2.76,70278230,204110016.00
2013/09/11,3.05,3.05,2.87,3.05,235494207,747679744.00
2013/09/12,2.90,3.01,2.79,2.92,130864231,404437184.00
2013/09/13,2.84,2.87,2.61,2.65,97817501,282501536.00
2013/09/16,2.65,2.71,2.61,2.64,44856582,126976248.00
2013/09/17,2.65,2.67,2.49,2.52,49537244,135746352.00
2013/09/18,2.54,2.64,2.52,2.56,40352978,111212544.00
2013/09/23,2.67,2.67,2.57,2.60,39942871,111673296.00
2013/09/24,2.60,2.70,2.49,2.65,64895208,179801120.00
2013/09/25,2.61,2.69,2.52,2.55,55748337,155087760.00
2013/09/26,2.52,2.54,2.33,2.35,51878228,134673504.00
2013/09/27,2.37,2.39,2.30,2.37,27966812,70958624.00
2013/09/30,2.39,2.40,2.35,2.36,15200872,38760080.00
2013/10/08,2.37,2.45,2.36,2.42,24550667,63762252.00
2013/10/09,2.40,2.68,2.40,2.68,89643776,253107056.00
2013/10/10,2.68,2.68,2.51,2.51,74361548,204625616.00
2013/10/11,2.52,2.61,2.48,2.59,38973891,106876400.00
2013/10/14,2.57,2.59,2.50,2.50,30702164,83000448.00
2013/10/15,2.50,2.54,2.45,2.51,20026546,53663768.00
2013/10/16,2.49,2.50,2.33,2.37,26784333,69175520.00
2013/10/17,2.39,2.42,2.36,2.39,13419939,34404372.00
2013/10/18,2.33,2.46,2.32,2.37,18357490,47472024.00
2013/10/21,2.35,2.38,2.28,2.38,20177469,50784120.00
2013/10/22,2.36,2.39,2.33,2.35,14837871,37530472.00
2013/10/23,2.33,2.37,2.26,2.27,16852525,41873816.00
2013/10/24,2.27,2.29,2.27,2.29,8465855,20814838.00
2013/10/25,2.29,2.30,2.20,2.22,12007951,29014448.00
2013/10/28,2.21,2.30,2.20,2.29,15294926,37329168.00
2013/10/29,2.28,2.28,2.13,2.23,16985386,40682312.00
2013/10/30,2.21,2.28,2.19,2.28,12296147,29851104.00
2013/10/31,2.27,2.28,2.23,2.24,7796561,18933764.00
2013/11/01,2.23,2.27,2.18,2.24,8006680,19239752.00
2013/11/04,2.25,2.29,2.22,2.25,9314172,22727196.00
2013/11/05,2.23,2.27,2.23,2.27,6890045,16761867.00
2013/11/06,2.27,2.27,2.21,2.21,8385296,20288340.00
2013/11/07,2.20,2.21,2.16,2.17,8877185,20911128.00
2013/11/08,2.15,2.16,2.10,2.12,10482654,24240708.00
2013/11/11,2.11,2.14,2.05,2.12,10934549,24850156.00
2013/11/12,2.10,2.14,2.10,2.12,6728743,15487853.00
2013/11/13,2.12,2.32,2.08,2.15,17590051,41319320.00
2013/11/14,2.12,2.17,2.09,2.16,9831778,22743440.00
2013/11/15,2.16,2.25,2.15,2.20,13088828,31227376.00
2013/11/18,2.22,2.25,2.19,2.25,13462292,32456912.00
2013/11/19,2.25,2.26,2.22,2.23,9812425,23738690.00
2013/11/20,2.23,2.26,2.20,2.26,10189900,24588016.00
2013/11/21,2.24,2.32,2.20,2.26,21820916,53536364.00
2013/11/22,2.26,2.27,2.22,2.23,10310839,24958848.00
2013/11/25,2.24,2.28,2.24,2.24,13972413,34132960.00
2013/11/26,2.24,2.34,2.22,2.30,24748031,61359260.00
2013/11/27,2.30,2.30,2.25,2.27,14910150,36565292.00
2013/11/28,2.28,2.30,2.25,2.27,12747636,31355976.00
2013/11/29,2.30,2.33,2.28,2.31,15906944,39609552.00
2013/12/02,2.28,2.30,2.15,2.21,21696829,52125464.00
2013/12/03,2.18,2.24,2.18,2.24,8238997,19734656.00
2013/12/04,2.23,2.48,2.23,2.48,38760122,100782288.00
2013/12/05,2.53,2.55,2.38,2.43,51328907,135598384.00
2013/12/06,2.40,2.48,2.39,2.42,20728255,54156184.00
2013/12/09,2.44,2.46,2.40,2.41,15838170,41226720.00
2013/12/10,2.40,2.47,2.39,2.40,13180293,34348776.00
2013/12/11,2.40,2.42,2.32,2.34,12890685,32665388.00
2013/12/12,2.33,2.37,2.33,2.35,7729114,19563416.00
2013/12/13,2.35,2.51,2.35,2.41,18618894,48565004.00
2013/12/16,2.37,2.38,2.28,2.31,13761000,34581992.00
2013/12/17,2.29,2.33,2.27,2.30,5656992,14000731.00
2013/12/18,2.29,2.31,2.27,2.28,4282861,10577973.00
2013/12/19,2.29,2.30,2.22,2.24,6061019,14760777.00
2013/12/20,2.24,2.26,2.19,2.21,6149798,14752342.00
2013/12/23,2.20,2.22,2.17,2.19,5511394,13090889.00
2013/12/24,2.20,2.26,2.19,2.22,5175001,12426020.00
2013/12/25,2.23,2.25,2.20,2.23,5378317,12937771.00
2013/12/26,2.23,2.24,2.16,2.18,7303269,17389700.00
2013/12/27,2.19,2.25,2.16,2.23,7517021,17979220.00
2013/12/30,2.21,2.24,2.21,2.21,4305095,10334692.00
2013/12/31,2.20,2.26,2.19,2.24,6291660,15180705.00
2014/01/02,2.23,2.25,2.21,2.22,4465517,10746601.00
2014/01/03,2.21,2.21,2.16,2.19,6654433,15691677.00
2014/01/06,2.19,2.19,2.10,2.10,8061730,18601190.00
2014/01/07,2.08,2.16,2.06,2.13,3915684,9021372.00
2014/01/08,2.12,2.14,2.06,2.08,5322980,12154469.00
2014/01/09,2.09,2.10,2.05,2.06,6188059,13983368.00
2014/01/10,2.06,2.06,2.01,2.04,6287079,13891980.00
2014/01/13,2.03,2.07,2.02,2.03,3299628,7308344.00
2014/01/14,2.03,2.07,2.03,2.07,3589007,8014090.00
2014/01/15,2.07,2.07,2.01,2.03,5187981,11489007.00
2014/01/16,2.02,2.06,2.02,2.04,3227613,7163586.00
2014/01/17,2.04,2.06,2.02,2.02,2907294,6452283.00
2014/01/20,2.02,2.04,2.00,2.01,2945609,6467473.00
2014/01/21,2.00,2.04,2.00,2.03,2949307,6506741.00
2014/01/22,2.03,2.08,2.02,2.08,4675585,10481306.00
2014/01/23,2.07,2.09,2.06,2.07,2970559,6691252.00
2014/01/24,2.07,2.10,2.05,2.08,5766242,13013137.00
2014/01/27,2.07,2.08,2.03,2.06,4477841,10022258.00
2014/01/28,2.06,2.08,2.05,2.07,3118798,6998999.00
2014/01/29,2.08,2.08,2.05,2.07,3445289,7735626.00
2014/01/30,2.05,2.06,2.01,2.04,4149478,9173902.00
2014/02/07,2.02,2.06,2.02,2.05,5094653,11309493.00
2014/02/10,2.05,2.15,2.04,2.13,10516166,24128768.00
2014/02/11,2.13,2.17,2.11,2.13,7232150,16800536.00
2014/02/12,2.13,2.16,2.11,2.15,7971230,18480164.00
2014/02/13,2.15,2.18,2.12,2.14,8903646,20757804.00
2014/02/14,2.14,2.18,2.13,2.17,5779470,13536121.00
2014/02/17,2.17,2.18,2.14,2.17,8051357,18795860.00
2014/02/18,2.17,2.17,2.12,2.14,7365026,17080860.00
2014/02/19,2.15,2.18,2.12,2.18,11969378,28112788.00
2014/02/20,2.18,2.35,2.16,2.24,23254755,56254884.00
2014/02/21,2.24,2.24,2.15,2.16,10619689,25093760.00
2014/02/24,2.15,2.15,2.08,2.09,8896579,20365500.00
2014/02/25,2.09,2.11,2.04,2.05,7505457,16944820.00
2014/02/26,2.05,2.08,2.04,2.06,8348708,18666778.00
2014/02/27,2.07,2.08,2.04,2.05,6156744,13804931.00
2014/02/28,2.05,2.08,2.03,2.07,6096156,13630390.00
2014/03/03,2.07,2.11,2.05,2.10,6188673,14009762.00
2014/03/04,2.08,2.10,2.06,2.08,4749496,10739386.00
2014/03/05,2.09,2.11,2.07,2.08,4920134,11164227.00
2014/03/06,2.08,2.11,2.07,2.10,6018763,13673179.00
2014/03/07,2.09,2.11,2.08,2.10,6077984,13840842.00
2014/03/10,2.10,2.10,2.01,2.02,8168857,18126816.00
2014/03/11,2.02,2.04,2.01,2.03,4242770,9348195.00
2014/03/12,2.04,2.04,2.01,2.03,5499858,12106121.00
2014/03/13,2.03,2.05,2.02,2.03,3218096,7130674.00
2014/03/14,2.03,2.08,2.02,2.05,6418218,14363768.00
2014/03/17,2.05,2.07,2.04,2.06,4178240,9331401.00
2014/03/18,2.07,2.08,2.05,2.06,2747591,6160947.00
2014/03/19,2.05,2.06,2.03,2.06,3447515,7669084.00
2014/03/20,2.06,2.08,2.03,2.04,4816417,10787905.00
2014/03/21,2.03,2.17,2.03,2.11,11941269,27304478.00
2014/03/24,2.11,2.20,2.09,2.19,14835506,34863648.00
2014/03/25,2.21,2.30,2.19,2.24,22086499,53700672.00
2014/03/26,2.25,2.26,2.17,2.20,10479457,24942158.00
2014/03/27,2.20,2.23,2.16,2.21,8908247,21123974.00
2014/03/28,2.21,2.29,2.19,2.21,11830942,28641840.00
2014/03/31,2.22,2.23,2.15,2.17,8955986,21153492.00
2014/04/01,2.17,2.26,2.15,2.24,12463635,29906924.00
2014/04/02,2.22,2.26,2.20,2.26,10003185,24181088.00
2014/04/03,2.25,2.28,2.22,2.23,8268051,20024740.00
2014/04/04,2.23,2.26,2.22,2.24,6283832,15198798.00
2014/04/08,2.23,2.27,2.23,2.27,9020181,21947808.00
2014/04/09,2.27,2.32,2.27,2.29,13146206,32530504.00
2014/04/10,2.30,2.40,2.28,2.34,31553302,79273144.00
2014/04/11,2.32,2.34,2.29,2.32,13584262,33808984.00
2014/04/14,2.32,2.33,2.28,2.30,11916529,29470336.00
2014/04/15,2.30,2.30,2.24,2.24,7639337,18723324.00
2014/04/16,2.24,2.26,2.23,2.25,7192691,17447768.00
2014/04/17,2.26,2.27,2.24,2.26,4771886,11632109.00
2014/04/18,2.26,2.30,2.24,2.30,9268711,22885492.00
2014/04/21,2.28,2.31,2.23,2.24,6431381,15741359.00
2014/04/22,2.23,2.26,2.20,2.23,6196794,14908687.00
2014/04/23,2.23,2.24,2.20,2.22,3660069,8757463.00
2014/04/24,2.24,2.24,2.19,2.19,3591495,8567402.00
2014/04/25,2.19,2.21,2.16,2.17,4943013,11665232.00
2014/04/28,2.16,2.18,2.10,2.10,6875400,15828824.00
2014/04/29,2.10,2.15,2.10,2.13,3616080,8347656.00
2014/04/30,2.14,2.21,2.12,2.19,6793138,15986541.00
2014/05/05,2.18,2.23,2.17,2.21,8695873,20689780.00
2014/05/06,2.21,2.24,2.18,2.19,6689982,15927905.00
2014/05/07,2.20,2.20,2.15,2.15,2989770,7026119.00
2014/05/08,2.15,2.19,2.14,2.18,3715865,8738120.00
2014/05/09,2.17,2.19,2.15,2.17,3353483,7864808.00
2014/05/12,2.19,2.39,2.16,2.28,17092918,41889972.00
2014/05/13,2.26,2.29,2.22,2.23,9497574,23004528.00
2014/05/14,2.22,2.36,2.21,2.28,13489615,33423248.00
2014/05/15,2.26,2.35,2.26,2.30,15224675,37874216.00
2014/05/16,2.28,2.32,2.23,2.30,9946418,24371328.00
2014/05/19,2.30,2.30,2.23,2.25,8516586,20645548.00
2014/05/20,2.26,2.27,2.23,2.26,5155051,12522444.00
2014/05/21,2.25,2.28,2.23,2.26,6033687,14703563.00
2014/05/22,2.26,2.28,2.22,2.22,7049959,17112516.00
2014/05/23,2.23,2.23,2.20,2.22,5324984,12722489.00
2014/05/26,2.23,2.24,2.20,2.24,4180269,10038088.00
2014/05/27,2.23,2.25,2.22,2.23,2783013,6713057.00
2014/05/28,2.23,2.28,2.22,2.27,8967119,21902952.00
2014/05/29,2.27,2.27,2.23,2.23,4508702,10943369.00
2014/05/30,2.24,2.25,2.22,2.23,3061747,7373346.00
2014/06/03,2.23,2.25,2.22,2.23,2694936,6498814.00
2014/06/04,2.22,2.24,2.18,2.19,4211754,10010665.00
2014/06/05,2.19,2.21,2.17,2.21,2504031,5939659.00
2014/06/06,2.21,2.21,2.18,2.19,2789995,6612080.00
2014/06/09,2.18,2.20,2.17,2.18,3736406,8833345.00
2014/06/10,2.18,2.22,2.18,2.20,3284812,7819203.00
2014/06/11,2.21,2.23,2.20,2.21,4580766,11003622.00
2014/06/12,2.21,2.25,2.21,2.23,4700651,11334467.00
2014/06/13,2.23,2.24,2.21,2.22,4432229,10639385.00
2014/06/16,2.22,2.22,2.19,2.20,5863157,13965216.00
2014/06/17,2.20,2.21,2.19,2.20,2810303,6682100.00
2014/06/18,2.20,2.20,2.14,2.16,7234953,16959728.00
2014/06/19,2.16,2.16,2.11,2.11,5699098,13174474.00
2014/06/20,2.12,2.14,2.10,2.14,5279938,12098952.00
2014/06/23,2.14,2.14,2.11,2.13,3550078,8182197.00
2014/06/24,2.13,2.13,2.10,2.12,4512490,10348446.00
2014/06/25,2.12,2.12,2.08,2.10,4198559,9569254.00
2014/06/26,2.10,2.12,2.10,2.11,3005437,6889104.00
2014/06/27,2.11,2.17,2.10,2.14,5591027,12961399.00
2014/06/30,2.14,2.16,2.13,2.16,6354279,14784987.00
2014/07/01,2.15,2.17,2.13,2.16,4710641,10955894.00
2014/07/02,2.16,2.20,2.14,2.19,9551091,22454720.00
2014/07/03,2.18,2.43,2.17,2.33,49740036,125362544.00
2014/07/04,2.32,2.32,2.23,2.25,22619576,55161016.00
2014/07/07,2.23,2.26,2.22,2.24,8842423,21349874.00
2014/07/08,2.24,2.25,2.21,2.25,5044471,12160648.00
2014/07/09,2.24,2.26,2.22,2.23,7826591,18923774.00
2014/07/10,2.24,2.34,2.23,2.29,24005949,59450928.00
2014/07/11,2.30,2.46,2.29,2.38,25547406,65200172.00
2014/07/14,2.36,2.36,2.32,2.35,14528688,36639372.00
2014/07/15,2.34,2.40,2.33,2.37,11933843,30536656.00
2014/07/16,2.38,2.54,2.35,2.41,25187760,66113960.00
2014/07/17,2.41,2.47,2.35,2.39,19183066,49621636.00
2014/07/18,2.37,2.39,2.34,2.36,8214611,20927484.00
2014/07/21,2.35,2.42,2.34,2.40,10469415,26829932.00
2014/07/22,2.40,2.44,2.38,2.41,9444823,24417920.00
2014/07/23,2.41,2.41,2.34,2.35,9733907,24848608.00
2014/07/24,2.35,2.42,2.35,2.40,12920005,33216080.00
2014/07/25,2.39,2.43,2.39,2.41,8031705,20828568.00
2014/07/28,2.42,2.48,2.42,2.45,14606573,38520616.00
2014/07/29,2.46,2.47,2.41,2.43,14435206,37888976.00
2014/07/30,2.43,2.46,2.41,2.42,9156884,23922992.00
2014/07/31,2.42,2.44,2.39,2.44,15455023,40074728.00
2014/08/01,2.43,2.47,2.39,2.40,15684187,41009528.00
2014/08/04,2.40,2.44,2.39,2.44,18667070,48340664.00
2014/08/05,2.44,2.47,2.41,2.46,19061716,50020024.00
2014/08/06,2.46,2.54,2.43,2.52,29215610,78362920.00
2014/08/07,2.52,2.61,2.50,2.52,32850040,89836256.00
2014/08/08,2.51,2.64,2.50,2.63,43680022,121337160.00
2014/08/11,2.62,2.70,2.58,2.66,30024759,85266160.00
2014/08/12,2.65,2.67,2.61,2.66,11727664,32998736.00
2014/08/13,2.69,2.74,2.66,2.71,21897329,62888420.00
2014/08/14,2.69,2.85,2.65,2.72,36439431,107662784.00
2014/08/15,2.71,2.77,2.67,2.70,17829270,51650812.00
2014/08/18,2.71,2.84,2.70,2.79,21547588,63785416.00
2014/08/19,2.78,2.78,2.73,2.77,11369097,33408840.00
2014/08/20,2.78,2.88,2.74,2.82,24519008,73901376.00
2014/08/21,2.85,2.85,2.77,2.82,9457231,28147464.00
2014/08/22,2.80,2.89,2.77,2.86,16657716,50106924.00
2014/08/25,2.86,2.86,2.79,2.79,14229164,42575240.00
2014/08/26,2.77,2.80,2.66,2.70,19801366,57351444.00
2014/08/27,2.66,2.71,2.66,2.68,7001157,20071228.00
2014/08/28,2.69,2.70,2.67,2.68,7128120,20439790.00
2014/08/29,2.69,2.77,2.69,2.76,11804095,34467996.00
2014/09/01,2.77,2.79,2.74,2.78,7976388,23546998.00
2014/09/02,2.79,2.86,2.78,2.84,19370525,58170500.00
2014/09/03,2.86,3.00,2.84,2.90,31790357,98514992.00
2014/09/04,2.91,2.94,2.88,2.92,15964808,49347840.00
2014/09/05,2.92,3.02,2.88,2.98,24615379,76980280.00
2014/09/09,3.00,3.01,2.95,2.96,13092902,41243536.00
2014/09/10,2.94,3.09,2.94,2.99,18448880,58765108.00
2014/09/11,2.97,3.00,2.93,2.95,16571068,52151456.00
2014/09/12,2.94,3.01,2.92,3.01,15834446,49879200.00
2014/09/15,3.02,3.07,2.99,3.05,14342565,45860548.00
2014/09/16,3.06,3.27,3.04,3.09,42479468,141690960.00
2014/09/17,3.07,3.11,3.00,3.10,20841542,67578056.00
2014/09/18,3.11,3.22,3.08,3.19,19227790,64501312.00
2014/09/19,3.19,3.21,3.12,3.16,11584212,38641832.00
2014/09/22,3.13,3.13,3.04,3.05,15361746,50059248.00
2014/09/23,3.06,3.08,2.98,3.05,20897713,66817436.00
2014/09/24,3.02,3.11,3.01,3.10,14163833,46142168.00
2014/09/25,3.08,3.22,3.08,3.17,21870998,73215640.00
2014/09/26,3.17,3.17,3.07,3.10,17300553,56906380.00
2014/09/29,3.16,3.24,3.14,3.15,17914753,60018648.00
2014/09/30,3.15,3.19,3.13,3.17,15158161,50623112.00
2014/10/08,3.18,3.22,3.14,3.21,16320004,54924332.00
2014/10/09,3.21,3.23,3.17,3.21,15191986,51318144.00
2014/10/10,3.20,3.36,3.18,3.33,40037354,138524960.00
2014/10/13,3.32,3.32,3.20,3.26,30110036,102999400.00
2014/10/14,3.21,3.42,3.20,3.32,36103308,126968248.00
2014/10/15,3.29,3.42,3.27,3.42,35136408,125030216.00
2014/10/16,3.40,3.42,3.29,3.30,26294264,93106800.00
2014/10/17,3.28,3.46,3.25,3.44,51410630,183351584.00
2014/10/20,3.42,3.51,3.39,3.43,28827459,104091376.00
2014/10/21,3.42,3.43,3.30,3.30,29906046,105596040.00
2014/10/22,3.32,3.33,3.19,3.20,23185450,79865072.00
2014/10/23,3.19,3.24,3.06,3.09,25190502,83583944.00
2014/10/24,3.09,3.13,3.05,3.10,16095110,52816204.00
2014/10/27,3.09,3.17,3.05,3.16,14223201,46929120.00
2014/10/28,3.16,3.29,3.16,3.28,18283206,62616352.00
2014/10/29,3.33,3.57,3.28,3.48,56254528,203469696.00
2014/10/30,3.57,3.85,3.48,3.72,104636044,407196416.00
2014/10/31,3.65,3.77,3.59,3.72,58624474,226028336.00
2014/11/03,3.79,4.05,3.79,3.99,86636029,356594688.00
2014/11/18,4.02,4.41,3.80,4.06,100676541,437020992.00
2014/11/19,4.02,4.03,3.82,3.84,63186931,257800704.00
2014/11/20,3.78,3.88,3.74,3.80,27360501,109062736.00
2014/11/21,3.81,3.87,3.73,3.87,32127149,128070712.00
2014/11/24,3.90,4.02,3.83,3.92,48007485,196704816.00
2014/11/25,3.90,4.05,3.89,3.97,36273799,150645136.00
2014/11/26,3.95,3.98,3.86,3.91,33700208,137871488.00
2014/11/27,3.91,3.95,3.86,3.90,27386996,111398080.00
2014/11/28,4.04,4.27,4.04,4.20,89379610,389598752.00
2014/12/01,4.26,4.51,4.20,4.39,89581728,407222048.00
2014/12/02,4.23,4.42,4.14,4.36,69833731,310113024.00
2014/12/03,4.33,4.35,4.17,4.21,69572630,307788384.00
2014/12/04,4.19,4.35,4.13,4.27,50911764,225261376.00
2014/12/05,4.21,4.27,3.90,4.06,70093952,299022752.00
2014/12/08,4.03,4.20,3.94,4.18,52651703,227194448.00
2014/12/09,4.18,4.44,4.18,4.24,113374890,509536736.00
2014/12/10,4.18,4.36,4.05,4.35,52499976,230614624.00
2014/12/11,4.43,4.80,4.40,4.80,150459640,730277760.00
2014/12/12,4.84,4.92,4.61,4.64,87909929,427443584.00
2014/12/15,4.73,4.77,4.52,4.70,64186013,310770496.00
2014/12/16,4.75,4.96,4.75,4.88,73629319,371173216.00
2014/12/17,4.97,5.39,4.95,5.39,116911125,634432000.00
2014/12/18,5.52,5.95,5.48,5.95,98798760,586145536.00
2014/12/19,6.56,6.56,6.56,6.56,32308167,217757040.00
2014/12/22,7.23,7.23,6.18,6.25,312721377,2148516864.00
2014/12/23,6.42,6.53,5.87,5.92,170348203,1076009088.00
2014/12/24,5.83,6.08,5.74,5.83,124656071,758323904.00
2014/12/25,5.86,6.36,5.66,6.27,155827202,964416384.00
2014/12/26,6.12,6.44,6.00,6.21,161942014,1035783744.00
2014/12/29,6.28,6.67,6.11,6.37,146511124,966835776.00
2014/12/30,6.51,6.59,5.97,6.04,113684577,728193920.00
2014/12/31,5.97,6.17,5.86,6.11,80928771,500458048.00
2015/01/05,6.12,6.42,6.08,6.41,114626115,740882688.00
2015/01/06,6.72,7.07,6.66,7.07,100461909,713640320.00
2015/01/07,7.31,7.42,6.70,6.80,193381115,1382084480.00
2015/01/08,6.75,6.96,6.40,6.45,153967091,1048779072.00
2015/01/09,6.30,6.54,6.10,6.29,132621232,857457856.00
2015/01/12,6.16,6.24,5.97,6.14,77119630,483163392.00
2015/01/13,6.34,6.45,6.12,6.15,82847726,533975168.00
2015/01/14,6.04,6.14,5.82,5.94,84043725,513377600.00
2015/01/15,5.85,6.12,5.82,6.12,68111282,419105344.00
2015/01/16,6.19,6.23,5.96,6.06,62763020,391775168.00
2015/01/19,5.67,5.77,5.44,5.44,81311886,467346976.00
2015/01/20,5.38,5.63,5.37,5.50,88638233,502034400.00
2015/01/21,5.60,5.91,5.52,5.77,107497934,631393984.00
2015/01/22,5.71,5.77,5.62,5.77,67938194,399267328.00
2015/01/23,5.79,5.94,5.63,5.74,75879700,454596832.00
2015/01/26,5.72,5.86,5.58,5.83,61857374,364734176.00
2015/01/27,5.81,5.83,5.65,5.76,50286367,297875392.00
2015/01/28,5.71,5.72,5.60,5.62,47084825,274393568.00
2015/01/29,5.53,5.74,5.50,5.69,46694404,273835936.00
2015/01/30,5.71,5.74,5.54,5.57,32502191,188574096.00
2015/02/02,5.45,5.78,5.25,5.63,77118192,441140224.00
2015/02/03,5.54,5.67,5.52,5.65,33880235,195391808.00
2015/02/04,5.70,5.82,5.49,5.55,59153581,347601440.00
2015/02/05,5.62,5.80,5.47,5.68,104311164,611393728.00
2015/02/06,5.57,5.61,5.22,5.30,68069923,379053344.00
2015/02/09,5.23,5.25,4.93,5.01,56168503,293458176.00
2015/02/10,4.98,5.17,4.98,5.11,32897330,173379056.00
2015/02/11,5.22,5.31,5.10,5.15,28061323,149652640.00
2015/02/12,5.12,5.16,5.00,5.12,34931792,183699712.00
2015/02/13,5.12,5.31,5.09,5.20,44491204,239788144.00
2015/02/16,5.17,5.28,5.12,5.22,29193199,157025968.00
2015/02/17,5.25,5.52,5.22,5.45,69152300,383551104.00
2015/02/25,5.45,5.45,5.33,5.36,30990285,172354544.00
2015/02/26,5.36,5.67,5.30,5.66,72015469,410633536.00
2015/02/27,5.67,5.69,5.57,5.60,40158212,232690640.00
2015/03/02,5.62,5.65,5.50,5.62,41168611,236958336.00
2015/03/03,5.61,5.75,5.45,5.60,77670523,451985824.00
2015/03/04,5.52,5.63,5.47,5.57,41228460,236166880.00
2015/03/05,5.53,5.55,5.33,5.40,46437007,260937744.00
2015/03/06,5.39,5.70,5.32,5.53,56999634,327618656.00
2015/03/09,5.53,5.65,5.35,5.63,64347651,369631936.00
2015/03/10,5.59,5.73,5.57,5.64,58943032,343900864.00
2015/03/11,5.66,5.90,5.62,5.83,104257917,621831680.00
2015/03/12,5.80,5.81,5.64,5.74,64131302,378352544.00
2015/03/13,5.74,6.09,5.74,5.95,95717780,585474944.00
2015/03/16,6.13,6.22,5.99,6.07,90194201,563956864.00
2015/03/17,6.10,6.70,6.02,6.70,114700295,770724928.00
2015/03/18,7.11,7.35,6.92,6.98,322448448,2338980352.00
2015/03/19,6.82,6.88,6.62,6.75,170569903,1180767360.00
2015/03/20,6.75,6.91,6.60,6.74,134008500,925215936.00
2015/03/23,6.71,6.91,6.64,6.80,127459832,886146880.00
2015/03/24,6.80,6.87,6.42,6.78,147040239,1011909504.00
2015/03/25,6.77,6.77,6.55,6.68,91858691,627294016.00
2015/03/26,6.61,6.81,6.47,6.66,92341483,629472448.00
2015/03/27,6.62,6.71,6.56,6.62,56100356,382469696.00
2015/03/30,6.73,6.92,6.68,6.83,131201601,918479616.00
2015/03/31,6.85,6.96,6.52,6.60,104000431,718464896.00
2015/04/01,6.58,6.74,6.57,6.67,69845986,476892960.00
2015/04/02,6.62,6.75,6.62,6.69,68733649,470826688.00
2015/04/03,6.84,7.01,6.70,6.90,144770300,1022342720.00
2015/04/07,6.92,7.42,6.81,7.30,214193627,1561662080.00
2015/04/08,7.24,7.37,7.04,7.24,164689125,1215010560.00
2015/04/09,7.24,7.80,7.05,7.72,237738023,1810016000.00
2015/04/10,7.56,8.45,7.45,7.96,224869804,1823486336.00
2015/04/13,7.98,8.05,7.79,7.99,132134474,1069150272.00
2015/04/14,7.98,8.21,7.73,7.85,138310381,1118470784.00
2015/04/15,7.82,8.21,7.53,7.80,164507566,1322745216.00
2015/04/16,7.59,8.09,7.48,7.82,115433875,920578112.00
2015/04/17,8.02,8.62,8.00,8.62,300276620,2616714240.00
2015/04/20,8.62,9.46,8.43,9.06,411613875,3801747968.00
2015/04/21,9.07,9.70,8.52,8.83,245603378,2243432448.00
2015/04/22,8.67,9.31,8.52,8.91,231035357,2102137856.00
2015/04/23,9.00,9.06,8.66,8.74,138994247,1248036480.00
2015/04/24,8.62,9.27,8.53,8.97,221303343,2036230528.00
2015/04/27,9.13,9.89,9.02,9.89,350238210,3429492224.00
2015/04/28,9.89,10.90,9.62,10.90,397200794,4238749440.00
2015/04/29,10.98,11.27,9.79,10.22,321227127,3398710016.00
2015/04/30,10.05,10.57,9.77,10.09,213694139,2190586368.00
2015/05/04,9.83,10.25,9.62,9.84,161583737,1623239296.00
2015/05/05,9.84,10.11,9.23,9.33,163633149,1634425728.00
2015/05/06,9.32,9.47,8.43,8.80,169313730,1544786688.00
2015/05/07,8.65,8.66,8.12,8.21,126258420,1075368320.00
2015/05/08,8.28,8.43,8.13,8.40,111437937,944708608.00
2015/05/11,8.56,8.69,8.23,8.65,131150006,1136049280.00
2015/05/12,8.64,9.32,8.51,9.26,174345845,1578935040.00
2015/05/13,9.21,9.22,8.73,8.91,131868638,1210063104.00
2015/05/14,8.91,9.00,8.65,8.75,93108543,833781440.00
2015/05/15,8.73,8.73,8.32,8.44,86953155,753686720.00
2015/05/18,8.34,8.81,8.25,8.52,88284578,773717760.00
2015/05/19,8.46,8.81,8.40,8.79,91435205,811761216.00
2015/05/20,9.07,9.52,8.84,9.18,181246460,1693795584.00
2015/05/21,9.50,10.12,9.32,10.12,168814256,1700024960.00
2015/05/22,10.82,10.87,9.82,9.89,315215685,3275440640.00
2015/05/25,9.75,10.12,9.46,10.04,193501180,1952238208.00
2015/05/26,10.05,10.14,9.70,10.01,176554341,1782983296.00
2015/05/27,10.02,10.07,9.68,9.74,160835030,1601136640.00
2015/05/28,9.74,9.98,9.24,9.29,193812515,1923414400.00
2015/05/29,9.22,9.42,8.45,8.87,142166226,1294427136.00
2015/06/01,8.87,9.36,8.85,9.35,105002918,976200512.00
2015/06/02,9.37,9.55,9.10,9.46,115195791,1096493312.00
2015/06/03,9.59,9.60,9.15,9.37,109004311,1044721920.00
2015/06/04,9.32,9.32,8.54,9.27,104198523,960239872.00
2015/06/05,9.34,9.71,9.29,9.67,149511847,1451453312.00
2015/06/08,9.71,10.51,9.67,10.15,255011683,2620953344.00
2015/06/09,9.97,10.05,9.65,9.78,145945000,1458779648.00
2015/06/10,9.70,9.85,9.42,9.74,105944856,1048119808.00
2015/06/11,9.74,10.08,9.64,9.92,120587600,1212265216.00
2015/06/12,10.01,10.33,9.78,10.22,236980746,2437690112.00
2015/06/15,10.32,11.02,10.18,10.48,277261630,2991396096.00
2015/06/16,10.18,10.28,9.64,9.72,149791594,1508872064.00
2015/06/17,9.65,10.09,9.12,10.02,120286055,1179561600.00
2015/06/18,10.06,10.52,9.81,9.89,169188134,1760619904.00
2015/06/19,9.41,9.68,8.88,8.88,108748104,1035340224.00
2015/06/23,8.88,9.38,8.03,9.30,104079890,938768960.00
2015/06/24,9.36,9.93,9.31,9.91,149963968,1468653568.00
2015/06/25,10.11,10.92,9.93,10.70,425473323,4632441856.00
2015/06/26,10.03,10.93,9.61,10.00,409207339,4301298688.00
2015/06/29,10.24,11.02,10.01,11.02,527578978,5755759616.00
2015/06/30,11.28,12.14,9.90,11.83,603978798,6704482304.00
2015/07/01,11.08,12.62,11.03,11.40,467396940,5555008000.00
2015/07/02,11.44,11.61,10.24,10.24,280745779,3069519616.00
2015/07/03,9.20,9.78,9.20,9.20,143150647,1353386752.00
2015/07/06,10.02,10.02,8.26,8.26,211159096,1910560000.00
2015/07/07,7.42,7.42,7.42,7.42,23351800,177240160.00
2015/07/08,6.66,6.66,6.66,6.66,5271800,36006392.00
2015/07/09,5.98,7.34,5.98,7.34,380597818,2612128512.00
2015/07/10,7.23,8.09,6.96,8.09,389387039,3140432384.00
2015/07/13,8.13,8.80,7.91,8.74,370518864,3170255616.00
2015/07/14,8.42,8.77,7.86,7.88,311080906,2621042432.00
2015/07/15,7.53,7.62,7.08,7.08,169814811,1257445632.00
2015/07/16,6.53,7.37,6.38,6.98,136868969,980275072.00
2015/07/17,7.04,7.61,7.04,7.44,134661674,1009137856.00
2015/07/20,7.46,8.13,7.33,7.92,193611610,1544571392.00
2015/07/21,7.68,8.08,7.55,7.92,175422797,1403126528.00
2015/07/22,7.90,8.69,7.83,8.47,315175996,2701722880.00
2015/07/23,8.58,9.20,8.31,8.91,366279544,3260035840.00
2015/07/24,8.90,9.13,8.20,8.47,285958626,2556194304.00
2015/07/27,8.13,8.60,7.61,7.61,155690233,1299048320.00
2015/07/28,6.92,7.61,6.83,6.99,188271405,1362352000.00
2015/07/29,7.24,7.71,7.08,7.71,163679651,1235894784.00
2015/07/30,7.71,8.11,7.33,7.52,167463034,1345555840.00
2015/07/31,7.33,7.78,7.08,7.33,108398538,830649152.00
2015/08/03,7.28,7.53,6.64,7.09,103734490,755319360.00
2015/08/04,7.21,7.82,7.03,7.82,136369278,1039933312.00
2015/08/05,7.88,8.01,7.46,7.58,139463600,1104494080.00
2015/08/06,7.33,8.04,7.22,7.67,126567944,999911872.00
2015/08/07,7.91,8.45,7.76,8.45,269601824,2259681792.00
2015/08/10,9.31,9.31,9.31,9.31,55132156,522652832.00
2015/08/11,10.26,10.26,9.66,9.82,465945254,4760098816.00
2015/08/12,9.61,10.51,9.54,9.62,355769149,3620654592.00
2015/08/13,9.40,10.31,9.16,10.12,351339263,3469876992.00
2015/08/14,10.13,10.40,9.75,9.87,279362984,2856642816.00
2015/08/17,9.87,10.38,9.41,10.04,249098579,2518191872.00
2015/08/18,9.93,10.31,9.02,9.02,228080544,2229659136.00
2015/08/19,8.68,9.48,8.13,9.23,176535084,1577059456.00
2015/08/20,9.00,9.12,8.43,8.47,117908831,1062545536.00
2015/08/21,8.14,8.64,7.94,8.17,130461045,1110006528.00
2015/08/24,7.73,7.83,7.34,7.34,105122740,798250304.00
2015/08/25,6.59,6.95,6.59,6.59,122075259,836072960.00
2015/08/26,6.72,6.96,6.01,6.03,149657299,1002254592.00
2015/08/27,6.21,6.65,5.89,6.65,138858679,898195904.00
2015/08/28,6.83,7.33,6.69,7.27,155517516,1109149568.00
2015/08/31,7.11,7.15,6.79,6.86,117167049,834088640.00
2015/09/01,6.81,6.81,6.17,6.24,116591472,762657792.00
2015/09/02,5.73,6.53,5.69,5.95,83845162,526850560.00
2015/09/07,6.56,6.56,6.31,6.56,154617902,1037734976.00
2015/09/08,6.33,6.89,6.15,6.77,145074600,957546048.00
2015/09/09,6.83,7.08,6.65,6.97,139432434,987605760.00
2015/09/10,6.78,7.05,6.73,6.78,90889103,643190464.00
2015/09/11,6.77,6.90,6.64,6.88,68084300,475320384.00
2015/09/14,7.10,7.28,6.23,6.45,124095132,875096448.00
2015/09/15,6.23,6.42,5.83,5.87,84913482,533557248.00
2015/09/16,6.00,6.47,5.87,6.44,92665885,587793984.00
2015/09/17,6.42,6.88,6.27,6.32,131403227,881727552.00
2015/09/18,6.43,6.53,6.21,6.42,73068033,478606848.00
2015/09/21,6.41,7.01,6.33,6.87,123939691,863337984.00
2015/09/22,6.86,6.93,6.68,6.78,99569232,695619776.00
2015/09/23,6.62,6.74,6.43,6.56,77739027,525476768.00
2015/09/24,6.64,6.79,6.53,6.71,53793681,367446464.00
2015/09/25,6.63,6.81,6.33,6.41,64228500,432197568.00
2015/09/28,6.55,6.56,6.35,6.54,38504356,255779872.00
2015/09/29,6.38,6.44,6.17,6.25,43689657,283628384.00
2015/09/30,6.27,6.37,6.14,6.25,35321926,226991600.00
2015/10/08,6.56,6.66,6.43,6.46,59116882,394010272.00
2015/10/09,6.72,6.73,6.60,6.65,86614706,592094144.00
2015/10/12,6.69,7.10,6.62,6.95,116310532,820705472.00
2015/10/13,6.89,7.01,6.83,6.95,83016332,588313728.00
2015/10/14,6.91,7.47,6.79,7.19,184015081,1352282880.00
2015/10/15,7.12,7.83,7.04,7.55,157071899,1194176256.00
2015/10/16,7.63,7.88,7.35,7.52,147961941,1147694336.00
2015/10/19,7.63,7.83,7.44,7.67,136698671,1072251968.00
2015/10/20,7.69,7.69,7.47,7.68,93651593,724567936.00
2015/10/21,7.65,7.78,6.90,6.90,138255876,1036892288.00
2015/10/22,6.90,7.36,6.86,7.28,114635640,831048128.00
2015/10/23,7.27,7.52,7.10,7.40,110724605,825499904.00
2015/10/26,7.43,7.49,7.30,7.40,88042930,665459712.00
2015/10/27,7.38,7.38,6.94,7.31,73035273,537549504.00
2015/10/28,7.39,7.65,7.18,7.21,109103480,833231936.00
2015/10/29,7.23,7.35,7.09,7.29,60616743,449466912.00
2015/10/30,7.22,7.52,7.09,7.39,93796412,698450368.00
2015/11/02,7.16,7.28,6.97,7.09,56247722,412791808.00
2015/11/03,7.09,7.18,6.98,7.04,34991326,253084800.00
2015/11/04,7.07,7.37,7.04,7.34,86887634,644559296.00
2015/11/05,7.37,7.88,7.28,7.54,174516894,1353427328.00
2015/11/06,7.52,7.68,7.42,7.62,119650904,924396544.00
2015/11/09,7.53,7.98,7.51,7.88,171782320,1360054528.00
2015/11/10,7.81,7.81,7.59,7.76,117777264,927873728.00
2015/11/11,7.88,7.90,7.61,7.71,89525059,707341312.00
2015/11/12,7.74,7.75,7.51,7.57,80901247,628065088.00
2015/11/13,7.52,7.77,7.46,7.67,86912689,673612480.00
2015/11/16,7.85,8.14,7.73,7.94,156209149,1267470336.00
2015/11/17,7.95,8.05,7.80,7.82,118068903,953532736.00
2015/11/18,7.78,7.88,7.53,7.58,60369127,476795168.00
2015/11/19,7.60,7.80,7.54,7.74,53062241,415934624.00
2015/11/20,7.80,8.02,7.76,7.84,80595944,648676672.00
2015/11/23,7.78,7.86,7.67,7.76,63578274,502306432.00
2015/11/24,7.76,7.76,7.55,7.67,43853488,342458272.00
2015/11/25,7.63,7.71,7.58,7.70,50118832,392256704.00
2015/11/26,7.71,7.97,7.64,7.87,117316032,937539072.00
2015/11/27,7.78,7.85,7.11,7.24,86133453,661325696.00
2015/11/30,7.24,7.28,6.64,6.98,82004960,586939072.00
2015/12/01,6.99,7.10,6.81,7.00,50947102,362027040.00
2015/12/02,6.99,7.11,6.84,7.11,52950264,379227872.00
2015/12/03,7.13,7.20,7.05,7.18,44152438,322607584.00
2015/12/04,7.11,7.14,6.94,7.00,47012782,338442560.00
2015/12/07,7.03,7.07,6.96,7.05,35682855,256320576.00
2015/12/08,7.02,7.35,6.99,7.02,69583956,510803328.00
2015/12/09,7.02,7.12,6.91,6.94,37042437,264878208.00
2015/12/10,6.93,7.35,6.91,7.14,87118927,641362240.00
2015/12/11,7.02,7.17,6.97,7.13,49168379,354630752.00
2015/12/14,7.17,7.33,7.14,7.27,66556721,492123936.00
2015/12/15,7.21,7.21,7.07,7.13,56711271,413860352.00
2015/12/16,7.13,7.17,6.98,7.02,46768510,338010912.00
2015/12/17,7.04,7.29,7.04,7.21,75621061,553739328.00
2015/12/18,7.15,7.32,7.14,7.16,55978164,413268576.00
2015/12/21,7.14,7.22,7.08,7.20,56137819,411857792.00
2015/12/22,7.23,7.29,7.16,7.26,55650795,412101792.00
2015/12/23,7.24,7.31,7.10,7.11,56745857,417994432.00
2015/12/24,7.09,7.14,6.93,7.07,39704405,285604352.00
2015/12/25,7.07,7.28,6.98,7.12,68147500,497785792.00
2015/12/28,7.10,7.14,6.89,6.92,58808156,422683072.00
2015/12/29,6.92,7.14,6.83,7.11,48651274,346662176.00
2015/12/30,7.13,7.17,6.93,6.99,56167105,403343712.00
2015/12/31,6.99,7.04,6.91,6.92,28256730,201409296.00
2016/01/04,6.92,6.94,6.23,6.24,35771250,241486688.00
2016/01/05,6.03,6.24,5.83,6.07,51181501,317438176.00
2016/01/06,6.12,6.23,6.08,6.20,33534248,212213904.00
2016/01/07,6.19,6.19,5.57,5.62,10474792,63639248.00
2016/01/08,5.88,5.91,5.35,5.71,42054940,248081920.00
2016/01/11,5.61,5.82,5.23,5.26,42252778,240798688.00
2016/01/12,5.27,5.41,5.19,5.30,37020122,202639456.00
2016/01/13,5.33,5.37,5.13,5.14,25317225,137838928.00
2016/01/14,4.97,5.24,4.91,5.21,42369581,222174000.00
2016/01/15,5.13,5.17,4.81,4.86,41605347,213597392.00
2016/01/18,4.73,5.22,4.68,5.03,45374935,234108448.00
2016/01/19,4.97,5.22,4.93,5.15,44655315,235079584.00
2016/01/20,5.15,5.39,5.09,5.18,46339117,250118960.00
2016/01/21,5.11,5.19,4.93,4.94,32899613,172716832.00
2016/01/22,4.98,5.07,4.86,4.99,21463016,110281552.00
2016/01/25,5.17,5.17,5.04,5.10,30685384,162205392.00
2016/01/26,4.99,5.05,4.59,4.66,33009861,165860928.00
2016/01/27,4.68,4.73,4.28,4.53,36755133,172257888.00
2016/01/28,4.51,4.55,4.38,4.42,24855728,115404552.00
2016/01/29,4.43,4.63,4.43,4.58,25651633,120916576.00
2016/02/01,4.61,4.61,4.36,4.43,22059040,102437464.00
2016/02/02,4.44,4.58,4.44,4.55,26267694,123546304.00
2016/02/03,4.49,4.60,4.45,4.58,23092045,108462720.00
2016/02/04,4.58,4.66,4.56,4.62,25990946,124457688.00
2016/02/05,4.68,4.68,4.59,4.60,14335779,68726176.00
2016/02/15,4.39,4.52,4.32,4.50,17421813,80612224.00
2016/02/16,4.55,4.92,4.53,4.86,57223327,282806752.00
2016/02/17,4.82,4.85,4.75,4.83,41811296,207836432.00
2016/02/18,4.86,5.02,4.79,4.86,52811185,266889424.00
2016/02/19,4.78,4.95,4.78,4.94,54575654,277604992.00
2016/02/22,4.99,5.07,4.98,5.01,31290847,162369616.00
2016/02/23,5.02,5.05,4.86,4.92,29148845,148955632.00
2016/02/24,4.90,5.06,4.87,5.03,39037509,200542720.00
2016/02/25,5.01,5.03,4.51,4.51,51484074,253110288.00
2016/02/26,4.56,4.71,4.45,4.61,31627638,149947952.00
2016/02/29,4.62,4.62,4.23,4.47,30010991,137087408.00
2016/03/01,4.51,4.57,4.38,4.53,21135056,98356752.00
2016/03/02,4.54,4.73,4.52,4.73,41542929,199823376.00
2016/03/03,4.68,5.03,4.68,4.87,63356883,319891264.00
2016/03/04,4.79,4.93,4.71,4.91,60531931,304217760.00
2016/03/07,4.97,5.18,4.94,5.00,44643732,232642784.00
2016/03/08,5.10,5.29,4.88,5.24,98469049,520582880.00
2016/03/09,5.03,5.07,4.82,4.97,62961815,322901440.00
2016/03/10,4.98,5.02,4.78,4.79,34992530,176187744.00
2016/03/11,4.73,4.77,4.64,4.75,23600169,115084592.00
2016/03/14,4.82,4.93,4.78,4.86,34950998,176339104.00
2016/03/15,4.84,4.89,4.76,4.87,25543762,127745512.00
2016/03/16,4.85,4.89,4.82,4.83,33807523,169889904.00
2016/03/17,4.85,4.93,4.80,4.91,27994218,141350144.00
2016/03/18,4.93,5.05,4.89,4.98,78678895,404967488.00
2016/03/21,5.03,5.20,4.98,5.12,78259238,411894720.00
2016/03/22,5.07,5.15,5.03,5.08,47611425,249692592.00
2016/03/23,5.03,5.16,5.03,5.11,38032481,200574848.00
2016/03/24,5.14,5.14,4.93,4.98,60636344,317553824.00
2016/03/25,4.94,5.00,4.92,4.99,28813552,147789072.00
2016/03/28,5.00,5.07,4.92,4.94,29437685,152015232.00
2016/03/29,4.93,4.94,4.79,4.82,34208343,171362016.00
2016/03/30,4.84,4.93,4.84,4.93,29635584,149969776.00
2016/03/31,4.95,5.03,4.91,4.96,51815579,266687600.00
2016/04/01,4.96,4.99,4.85,4.94,39555334,201243168.00
2016/04/05,5.03,5.45,4.96,5.45,122913613,668816000.00
2016/04/06,5.63,5.65,5.33,5.42,179942463,1020263360.00
2016/04/07,5.38,5.51,5.27,5.37,105520261,585395456.00
2016/04/08,5.31,5.33,5.17,5.27,59226533,320916288.00
2016/04/11,5.33,5.41,5.28,5.31,63730294,350743200.00
2016/04/12,5.27,5.52,5.18,5.35,90715171,502838496.00
2016/04/13,5.38,5.61,5.35,5.49,123145717,699689920.00
2016/04/14,5.50,5.59,5.39,5.47,66101562,374381952.00
2016/04/15,5.54,5.59,5.42,5.45,39405285,222611040.00
2016/04/18,5.42,5.49,5.33,5.35,42140996,234848464.00
2016/04/19,5.40,5.48,5.29,5.34,40900916,226872992.00
2016/04/20,5.37,5.40,4.84,5.05,60359276,318413504.00
2016/04/21,5.05,5.09,4.95,5.00,38876036,201437376.00
2016/04/22,4.98,5.04,4.94,5.02,21231125,109632128.00
2016/04/25,4.98,5.00,4.86,4.95,21601575,110220416.00
2016/04/26,4.95,4.98,4.89,4.96,14996908,76660176.00
2016/04/27,4.97,5.01,4.93,4.94,18448360,94754232.00
2016/04/28,4.96,4.97,4.80,4.89,23400982,118275088.00
2016/04/29,4.86,4.90,4.83,4.88,13945451,70275504.00
2016/05/03,4.90,5.03,4.86,5.02,33272032,171781344.00
2016/05/04,5.00,5.14,4.97,5.12,40535820,212577104.00
2016/05/05,5.07,5.11,5.03,5.08,22909358,119835376.00
2016/05/06,5.08,5.10,4.86,4.87,35184555,180574592.00
2016/05/09,4.86,4.86,4.61,4.63,33703743,164799616.00
2016/05/10,4.63,5.00,4.62,4.82,38832828,193483072.00
2016/05/11,4.82,4.86,4.72,4.75,24570607,121484864.00
2016/05/12,4.65,4.74,4.59,4.72,16497219,80102344.00
2016/05/13,4.71,4.78,4.68,4.75,16007944,78547296.00
2016/05/16,4.73,4.79,4.72,4.78,12678089,62534064.00
2016/05/17,4.78,4.79,4.73,4.74,10410834,51229848.00
2016/05/18,4.72,4.76,4.63,4.68,18489873,90000784.00
2016/05/19,4.68,4.72,4.63,4.65,12232869,59380972.00
2016/05/20,4.61,4.70,4.61,4.68,10171460,49151256.00
2016/05/23,4.66,4.79,4.66,4.72,19614676,95702360.00
2016/05/24,4.71,4.71,4.63,4.66,12704331,61409304.00
2016/05/25,4.68,4.70,4.63,4.63,11244712,54285992.00
2016/05/26,4.61,4.65,4.53,4.60,13457210,63818352.00
2016/05/27,4.59,4.65,4.56,4.60,13447782,64120048.00
2016/05/30,4.53,4.59,4.51,4.55,10081156,47573944.00
2016/05/31,4.58,4.74,4.57,4.72,25969232,125749936.00
2016/06/01,4.70,4.76,4.68,4.71,21030943,102959936.00
2016/06/02,4.71,4.73,4.67,4.71,16092911,78366936.00
2016/06/03,4.70,4.75,4.69,4.73,15853289,77571824.00
2016/06/06,4.73,4.75,4.70,4.72,11857694,58002300.00
2016/06/07,4.73,4.73,4.65,4.69,12622587,61244384.00
2016/06/08,4.67,4.78,4.64,4.69,24724321,120770432.00
2016/06/13,4.63,4.71,4.50,4.51,19369390,92742704.00
2016/06/14,4.51,4.65,4.51,4.54,12050296,56946728.00
2016/06/15,4.50,4.62,4.48,4.59,17517769,83152864.00
2016/06/16,4.59,4.63,4.55,4.56,14563340,69197712.00
2016/06/17,4.61,4.68,4.59,4.65,19975638,96200024.00
2016/06/20,4.66,4.66,4.58,4.61,11412538,54472020.00
2016/06/21,4.63,4.66,4.57,4.59,10584986,50672872.00
2016/06/22,4.61,4.62,4.57,4.62,8166119,38383556.00
2016/06/23,4.62,4.64,4.56,4.58,11186864,52427440.00
2016/06/24,4.60,4.60,4.36,4.48,18265996,84034880.00
2016/06/27,4.46,4.54,4.43,4.54,15161634,69950232.00
2016/06/28,4.55,4.59,4.52,4.58,14857444,69156464.00
2016/06/29,4.57,4.65,4.57,4.60,18954410,89351864.00
2016/06/30,4.60,4.62,4.56,4.58,11533316,54000136.00
2016/07/01,4.59,4.61,4.56,4.57,11246850,52646256.00
2016/07/04,4.55,4.67,4.54,4.66,25922086,122633944.00
2016/07/05,5.14,5.14,4.98,5.03,155798288,809309120.00
2016/07/06,4.89,4.96,4.86,4.90,69825159,349215968.00
2016/07/07,4.90,4.98,4.85,4.93,51430512,257616176.00
2016/07/08,4.91,4.93,4.87,4.89,30492167,152331712.00
2016/07/11,4.91,4.93,4.86,4.87,28103797,140359568.00
2016/07/12,4.86,5.09,4.85,5.07,70343404,357127328.00
2016/07/13,5.06,5.27,5.01,5.13,70549738,367194752.00
2016/07/14,5.10,5.45,5.08,5.27,93926844,506876256.00
2016/07/15,5.33,5.35,5.18,5.21,45013590,240003872.00
2016/07/18,5.19,5.21,5.05,5.13,37079847,193655984.00
2016/07/19,5.12,5.15,5.06,5.14,23723280,123493744.00
2016/07/20,5.14,5.16,5.08,5.09,21648794,112822544.00
2016/07/21,5.12,5.13,5.06,5.08,19045762,99004120.00
2016/07/22,5.08,5.11,4.98,4.99,29503947,151231744.00
2016/07/25,4.98,5.02,4.97,5.01,13804097,70357024.00
2016/07/26,5.01,5.08,4.99,5.07,18935359,97565608.00
2016/07/27,5.07,5.28,4.97,5.14,93178071,488274752.00
2016/07/28,5.12,5.37,5.01,5.31,98574451,526984832.00
2016/07/29,5.28,5.31,5.11,5.14,52774010,279323360.00
2016/08/01,5.10,5.15,4.98,5.02,32813951,168353280.00
2016/08/02,5.02,5.09,4.98,5.08,24146662,124248504.00
2016/08/03,5.07,5.12,5.03,5.11,31759602,164561968.00
2016/08/04,5.09,5.09,5.01,5.04,20578262,105767384.00
2016/08/05,5.06,5.08,5.00,5.02,21911476,112496848.00
2016/08/08,5.01,5.10,4.99,5.10,23679435,122026240.00
2016/08/09,5.10,5.11,5.04,5.10,25200967,130476656.00
2016/08/10,5.11,5.11,5.06,5.06,16887634,87470672.00
2016/08/11,5.07,5.09,5.00,5.01,17988947,92530112.00
2016/08/12,5.00,5.10,5.00,5.09,20830734,107224656.00
2016/08/15,5.08,5.25,5.08,5.19,46353199,244057664.00
2016/08/16,5.20,5.24,5.14,5.21,43280841,229181760.00
2016/08/17,5.21,5.21,5.14,5.18,21827771,115088768.00
2016/08/18,5.17,5.23,5.16,5.19,22014082,116531728.00
2016/08/19,5.19,5.25,5.11,5.22,29836628,157597424.00
2016/08/22,5.22,5.22,5.10,5.11,28648037,150601104.00
2016/08/23,5.13,5.15,5.08,5.12,16417385,85652528.00
2016/08/24,5.11,5.14,5.08,5.11,13782617,71763512.00
2016/08/25,5.08,5.08,4.99,5.04,19486323,99915640.00
2016/08/26,5.04,5.08,5.03,5.05,13474131,69520192.00
2016/08/29,5.07,5.08,5.02,5.06,17536968,90201368.00
2016/08/30,5.06,5.07,5.02,5.04,13034015,67097836.00
2016/08/31,5.04,5.06,5.02,5.06,9678908,49787096.00
2016/09/01,5.06,5.14,5.05,5.06,21630906,112375416.00
2016/09/02,5.06,5.11,5.02,5.11,19120312,98601248.00
2016/09/05,5.11,5.13,5.08,5.10,15070631,78397912.00
2016/09/06,5.10,5.12,5.05,5.10,17781361,92224712.00
2016/09/07,5.18,5.19,5.11,5.13,29013677,152448816.00
2016/09/08,5.13,5.25,5.10,5.22,36215843,190976416.00
2016/09/09,5.23,5.35,5.19,5.20,68242658,367324672.00
2016/09/12,5.09,5.12,5.01,5.11,44589651,229880400.00
2016/09/13,5.10,5.10,5.04,5.08,14064562,72618856.00
2016/09/14,5.04,5.06,5.00,5.03,13293499,68170608.00
2016/09/19,5.02,5.06,5.02,5.04,10744755,55255772.00
2016/09/20,5.05,5.06,5.02,5.04,8901945,45705532.00
2016/09/21,5.05,5.12,5.04,5.11,24524933,127270432.00
2016/09/22,5.19,5.22,5.11,5.13,26763628,140325312.00
2016/09/23,5.15,5.24,5.12,5.16,32296586,170751872.00
2016/09/26,5.14,5.15,5.02,5.03,19593860,101450672.00
2016/09/27,5.02,5.04,4.98,5.04,14310098,73197816.00
2016/09/28,5.07,5.07,4.99,5.00,11188158,57201716.00
2016/09/29,5.02,5.04,5.00,5.01,10897540,55757204.00
2016/09/30,4.98,5.02,4.98,5.00,13115807,66816016.00
2016/10/10,5.02,5.11,5.02,5.10,25204023,130525440.00
2016/10/11,5.10,5.19,5.09,5.15,25729557,134835536.00
2016/10/12,5.13,5.14,5.07,5.09,19463172,101200016.00
2016/10/13,5.07,5.20,5.07,5.17,33260627,174297376.00
2016/10/14,5.16,5.16,5.07,5.14,21351665,111255864.00
2016/10/17,5.16,5.23,5.10,5.14,35752676,188697616.00
2016/10/18,5.13,5.26,5.11,5.25,47232858,251383440.00
2016/10/19,5.24,5.39,5.20,5.24,57935507,312650112.00
2016/10/20,5.20,5.23,5.15,5.18,24737527,130696736.00
2016/10/21,5.18,5.49,5.15,5.42,67318185,362077856.00
2016/10/24,5.41,5.86,5.32,5.61,148021488,839658496.00
2016/10/25,5.58,5.65,5.48,5.52,52058114,293854496.00
2016/10/26,5.54,5.63,5.46,5.57,41436722,233854768.00
2016/10/27,5.57,5.63,5.40,5.49,61619145,345131520.00
2016/10/28,5.46,5.50,5.30,5.32,45060129,248046400.00
2016/10/31,5.32,5.32,5.24,5.28,29488249,158337488.00
2016/11/01,5.29,5.32,5.24,5.27,38728943,208213888.00
2016/11/02,5.24,5.29,5.16,5.18,36462474,194082112.00
2016/11/03,5.16,5.33,5.15,5.26,53037716,283488544.00
2016/11/04,5.26,5.28,5.18,5.20,28293883,150717008.00
2016/11/07,5.20,5.23,5.17,5.21,20455658,108447408.00
2016/11/08,5.23,5.29,5.21,5.25,29585395,158128704.00
2016/11/09,5.27,5.32,5.14,5.20,37462705,200098784.00
2016/11/10,5.27,5.48,5.25,5.35,70408359,383220064.00
2016/11/11,5.36,5.55,5.34,5.48,85091594,471643776.00
2016/11/14,5.48,5.80,5.48,5.61,120594684,696225472.00
2016/11/15,5.69,5.88,5.52,5.57,95920461,553231360.00
2016/11/16,5.84,5.88,5.62,5.69,72924697,423715552.00
2016/11/17,5.87,5.95,5.71,5.78,142631471,843130368.00
2016/11/18,5.63,5.68,5.50,5.53,85669653,485789952.00
2016/11/21,5.51,5.62,5.50,5.55,47260227,267237216.00
2016/11/22,5.55,5.60,5.51,5.58,42273766,238881280.00
2016/11/23,5.56,5.58,5.40,5.43,54756292,305392096.00
2016/11/24,5.45,5.48,5.42,5.45,42069726,233643424.00
2016/11/25,5.46,5.56,5.40,5.53,48386308,269758848.00
2016/11/28,5.53,5.68,5.51,5.62,68770227,391638208.00
2016/11/29,5.59,5.71,5.53,5.64,79542850,454552032.00
2016/11/30,5.59,5.61,5.49,5.52,42942363,241833088.00
2016/12/01,5.52,5.68,5.52,5.60,61379719,349912992.00
2016/12/02,5.60,5.68,5.45,5.47,57552542,325102112.00
2016/12/05,5.38,5.49,5.33,5.44,34743810,191412480.00
2016/12/06,5.42,5.46,5.35,5.36,21590898,118622784.00
2016/12/07,5.37,5.42,5.34,5.41,14178310,77796768.00
2016/12/08,5.42,5.44,5.37,5.39,14736680,81092296.00
2016/12/09,5.38,5.42,5.34,5.37,20084100,109891600.00
2016/12/12,5.36,5.37,5.09,5.13,57221800,302626528.00
2016/12/13,5.10,5.13,5.01,5.08,34728825,179737808.00
2016/12/14,5.08,5.09,4.95,4.98,37274709,190241680.00
2016/12/15,4.96,5.00,4.92,4.97,32844751,166350800.00
2016/12/16,4.98,5.01,4.93,4.95,32131004,162587456.00
2016/12/19,4.96,4.96,4.82,4.83,46122485,229782800.00
2016/12/20,4.81,4.86,4.80,4.86,19609614,96767088.00
2016/12/21,4.86,5.02,4.86,4.98,41485424,209464672.00
2016/12/22,4.98,4.99,4.92,4.95,18272037,92206976.00
2016/12/23,4.95,4.99,4.93,4.96,20666361,104636840.00
2016/12/26,4.94,4.99,4.86,4.96,16800316,84446096.00
2016/12/27,4.96,4.99,4.91,4.92,14958409,75593096.00
2016/12/28,4.94,4.94,4.85,4.88,16725793,83396960.00
2016/12/29,4.87,4.88,4.81,4.84,25742926,127147968.00
2016/12/30,4.84,4.86,4.80,4.84,28139166,138578640.00
2017/01/03,4.84,4.89,4.83,4.88,15594752,77450328.00
2017/01/04,4.88,4.93,4.86,4.93,28675253,143352544.00
2017/01/05,4.93,4.96,4.91,4.93,18420452,92623656.00
2017/01/06,4.93,5.01,4.91,4.93,26400960,133486728.00
2017/01/09,4.93,4.98,4.91,4.98,17179638,86921680.00
2017/01/10,4.97,5.09,4.93,5.03,44269641,226716672.00
2017/01/11,4.99,5.03,4.92,4.92,32110467,162567600.00
2017/01/12,4.92,4.95,4.85,4.86,20373370,101845728.00
2017/01/13,4.86,4.90,4.83,4.89,17414587,86539440.00
2017/01/16,4.87,4.97,4.82,4.95,43993862,219746336.00
2017/01/17,4.94,4.95,4.89,4.91,16469874,82498016.00
2017/01/18,4.91,4.99,4.90,4.95,19671255,99480808.00
2017/01/19,4.96,4.98,4.92,4.95,17106563,86244760.00
2017/01/20,4.94,4.98,4.93,4.97,19146572,96965504.00
2017/01/23,4.98,5.01,4.96,4.98,17592583,89366152.00
2017/01/24,4.97,4.98,4.94,4.95,14919072,75505656.00
2017/01/25,4.94,4.98,4.93,4.96,12884063,65099200.00
2017/01/26,4.97,4.98,4.95,4.96,16312471,82613784.00
2017/02/03,4.95,4.96,4.91,4.93,10280081,51708160.00
2017/02/06,4.93,4.96,4.92,4.94,13122205,66085208.00
2017/02/07,4.94,5.00,4.93,4.99,27131699,137573968.00
2017/02/08,4.99,5.00,4.93,4.99,33544412,170019904.00
2017/02/09,4.98,5.04,4.97,5.03,36098393,184669808.00
2017/02/10,5.03,5.12,5.03,5.11,56704008,294205504.00
2017/02/13,5.15,5.25,5.11,5.15,60637516,319205664.00
2017/02/14,5.16,5.18,5.11,5.15,28780189,150734160.00
2017/02/15,5.14,5.24,5.10,5.16,52555188,276806592.00
2017/02/16,5.14,5.19,5.12,5.17,40530396,213042560.00
2017/02/17,5.17,5.22,5.07,5.08,49595178,259679216.00
2017/02/20,5.09,5.24,5.08,5.20,81156315,427742272.00
2017/02/21,5.19,5.21,5.14,5.21,38203615,201667952.00
2017/02/22,5.21,5.26,5.19,5.24,49433888,263451344.00
2017/02/23,5.22,5.29,5.15,5.19,41612887,221192704.00
2017/02/24,5.18,5.30,5.13,5.27,57531182,305692544.00
2017/02/27,5.28,5.29,5.17,5.18,35327942,187784576.00
2017/02/28,5.19,5.21,5.15,5.20,26578400,140365680.00
2017/03/01,5.20,5.24,5.16,5.18,30139909,159730432.00
2017/03/02,5.20,5.26,5.16,5.17,30691632,162706192.00
2017/03/03,5.15,5.17,5.08,5.15,34093075,177713568.00
2017/03/06,5.14,5.16,5.11,5.15,22512199,117916072.00
2017/03/07,5.15,5.18,5.12,5.15,18856389,98946472.00
2017/03/08,5.18,5.25,5.17,5.20,41712982,221320080.00
2017/03/09,5.20,5.22,5.11,5.17,29629654,155568944.00
2017/03/10,5.15,5.17,5.10,5.11,17029360,88956384.00
2017/03/13,5.10,5.15,5.07,5.14,17411607,90800656.00
2017/03/14,5.13,5.15,5.09,5.12,16212932,84655888.00
2017/03/15,5.10,5.14,5.09,5.12,14139201,73713056.00
2017/03/16,5.14,5.18,5.14,5.17,25659791,134966400.00
2017/03/17,5.18,5.20,5.09,5.11,26312491,137836176.00
2017/03/20,5.10,5.19,5.10,5.18,24982316,131109648.00
2017/03/21,5.18,5.20,5.14,5.17,22291188,117425400.00
2017/03/22,5.12,5.24,5.12,5.18,29400085,155202352.00
2017/03/23,5.16,5.20,5.09,5.14,27710407,145434736.00
2017/03/24,5.15,5.38,5.13,5.29,95322172,510320064.00
2017/03/27,5.30,5.35,5.23,5.24,53241853,286967328.00
2017/03/28,5.26,5.31,5.20,5.30,46034672,246899456.00
2017/03/29,5.37,5.60,5.33,5.43,133425333,741787136.00
2017/03/30,5.46,5.58,5.33,5.53,130583432,728513920.00
2017/03/31,5.46,5.47,5.31,5.33,86403689,473135904.00
2017/04/05,5.36,5.43,5.31,5.38,55781761,305195776.00
2017/04/06,5.39,5.49,5.33,5.45,67627191,373132928.00
2017/04/07,5.41,5.43,5.34,5.36,50238876,275001280.00
2017/04/10,5.35,5.40,5.30,5.37,37353557,203921680.00
2017/04/11,5.40,5.53,5.31,5.52,86682893,478422976.00
2017/04/12,5.48,5.50,5.39,5.43,55935786,310782240.00
2017/04/13,5.42,5.43,5.36,5.40,29084121,159935184.00
2017/04/14,5.40,5.42,5.28,5.30,35493082,193120032.00
2017/04/17,5.29,5.31,5.20,5.25,33175173,177298224.00
2017/04/18,5.23,5.29,5.18,5.19,21045280,112468440.00
2017/04/19,5.18,5.21,5.08,5.16,33990707,177868416.00
2017/04/20,5.16,5.18,5.12,5.18,18926931,99392512.00
2017/04/21,5.18,5.22,5.10,5.20,22924572,120735912.00
2017/04/24,5.17,5.19,5.02,5.17,36076058,187684192.00
2017/04/25,5.14,5.17,5.12,5.12,11894027,62384120.00
2017/04/26,5.11,5.14,5.06,5.08,15716123,81493552.00
2017/04/27,5.08,5.08,4.93,5.05,25995216,132891624.00
2017/04/28,5.04,5.09,4.99,5.06,16990070,87353008.00
2017/08/02,5.06,5.06,5.06,5.06,0,0.00
数据来源:通达信
