600992 贵绳股份 日线 前复权
      日期	    开盘	    最高	    最低	    收盘	    成交量	    成交额
2010/10/08,8.57,9.11,8.57,9.03,7493963,69318288.00
2010/10/11,9.07,9.45,8.99,9.24,9262874,88062688.00
2010/10/12,9.22,9.54,9.10,9.42,9398781,91175984.00
2010/10/13,9.42,9.66,9.18,9.37,5342535,51859832.00
2010/10/14,9.52,9.79,9.14,9.34,6068275,59036004.00
2010/10/15,9.27,9.96,9.24,9.73,11447535,114618736.00
2010/10/18,9.74,9.74,9.11,9.26,8488149,82348152.00
2010/10/19,9.33,9.57,9.08,9.42,5021333,48236656.00
2010/10/20,9.19,9.54,9.11,9.45,4146389,40086756.00
2010/10/21,9.45,9.81,9.28,9.69,7342766,72775368.00
2010/10/22,9.67,9.84,9.47,9.61,6213103,61693624.00
2010/10/25,9.67,10.07,9.54,9.98,8215276,83660248.00
2010/10/26,9.96,10.37,9.76,9.89,5861614,60069616.00
2010/10/27,9.82,10.27,9.77,9.94,7094082,73121608.00
2010/10/28,9.81,9.99,9.66,9.66,4303356,43419136.00
2010/10/29,9.68,9.78,9.40,9.56,4362342,42910060.00
2010/11/01,9.59,9.88,9.50,9.87,4339851,43687008.00
2010/11/02,9.84,10.89,9.70,10.89,17159218,184249936.00
2010/11/03,10.87,11.99,10.87,11.79,28730605,337107808.00
2010/11/04,11.69,12.94,11.45,12.06,22930375,287462208.00
2010/11/05,12.19,12.85,11.63,12.53,18159973,228549520.00
2010/11/08,12.27,13.15,12.15,12.74,14149964,182618224.00
2010/11/09,12.89,12.89,12.39,12.65,10307061,132432200.00
2010/11/10,12.59,12.77,12.28,12.30,10963873,139861584.00
2010/11/11,12.34,12.69,12.19,12.39,10410153,132762912.00
2010/11/12,12.29,12.89,11.57,12.00,12745105,161527696.00
2010/11/15,11.98,13.04,11.98,12.98,12237074,157273232.00
2010/11/16,13.03,13.50,12.19,12.68,12324040,162848576.00
2010/11/17,12.34,12.49,11.38,11.38,6769576,81882032.00
2010/11/18,11.59,11.79,10.89,11.61,6586377,76859408.00
2010/11/19,11.70,12.04,11.49,12.02,4468352,53912916.00
2010/11/22,12.01,12.34,11.45,11.80,9653429,117113840.00
2010/11/23,11.53,11.63,11.24,11.48,4238291,49615576.00
2010/11/24,11.43,12.19,11.32,12.09,6265575,75759296.00
2010/11/25,12.09,12.45,11.80,12.15,5623851,69678144.00
2010/11/26,12.09,12.15,11.49,11.64,5287822,63694232.00
2010/11/29,11.64,11.74,10.99,11.16,6535888,75179576.00
2010/11/30,11.19,11.24,10.22,10.71,7926784,86615296.00
2010/12/01,10.51,10.69,10.37,10.56,2709791,29346520.00
2010/12/02,10.80,10.87,10.54,10.55,3365420,36906548.00
2010/12/03,10.54,10.68,10.24,10.41,4140466,44183492.00
2010/12/06,10.39,10.53,10.21,10.42,2374839,25325212.00
2010/12/07,10.38,10.71,10.05,10.63,3624464,39034596.00
2010/12/08,10.60,10.69,10.39,10.44,2933057,31770028.00
2010/12/09,10.42,10.63,10.26,10.34,1815550,19451912.00
2010/12/10,10.27,10.56,10.27,10.51,2035824,21861840.00
2010/12/13,10.52,10.89,10.52,10.82,3809015,42163464.00
2010/12/14,10.86,10.87,10.60,10.79,4657891,51307436.00
2010/12/15,10.77,10.90,10.62,10.78,4614124,50983300.00
2010/12/16,10.69,10.88,10.65,10.69,2854562,31644860.00
2010/12/17,10.69,10.86,10.64,10.82,2300553,25459404.00
2010/12/20,10.86,10.86,10.08,10.26,4637312,49665984.00
2010/12/21,10.35,10.44,10.19,10.41,2489603,26458300.00
2010/12/22,10.42,10.51,10.34,10.43,2138419,22962294.00
2010/12/23,10.37,10.43,10.16,10.27,2285607,24268476.00
2010/12/24,10.16,10.69,9.83,10.26,4060319,42046064.00
2010/12/27,10.05,10.26,9.84,9.86,3063921,31843556.00
2010/12/28,9.79,9.89,9.39,9.45,2335280,23073068.00
2010/12/29,9.45,9.58,9.39,9.56,1506635,14771565.00
2010/12/30,9.56,9.62,9.45,9.58,2018794,19896028.00
2010/12/31,9.58,9.68,9.51,9.63,2961124,29378976.00
2011/01/04,9.73,10.03,9.66,10.02,3863678,39412964.00
2011/01/05,9.97,10.00,9.80,9.88,2621829,26734574.00
2011/01/06,9.81,10.17,9.81,10.09,3199191,33135930.00
2011/01/07,9.94,10.09,9.80,9.88,2550709,26165000.00
2011/01/10,9.89,9.89,9.44,9.45,2102310,20860960.00
2011/01/11,9.44,9.75,9.36,9.74,2423842,24035100.00
2011/01/12,9.77,10.12,9.66,10.10,4538522,46584760.00
2011/01/13,10.10,10.52,10.01,10.50,7303591,77612712.00
2011/01/14,10.49,10.67,10.20,10.48,7514586,80918096.00
2011/01/17,10.48,11.11,10.09,10.44,12623240,137282192.00
2011/01/18,10.37,10.72,10.09,10.29,6575268,70050800.00
2011/01/19,10.21,10.56,9.80,10.35,6302381,65577544.00
2011/01/20,10.24,10.24,9.37,9.39,4657827,47165440.00
2011/01/21,9.39,9.62,9.11,9.30,3604458,34900928.00
2011/01/24,9.30,9.41,8.95,8.97,2716599,25730226.00
2011/01/25,8.98,9.09,8.77,8.94,1732457,15920876.00
2011/01/27,8.85,9.16,8.85,9.13,2038982,19071256.00
2011/01/28,9.12,9.25,9.08,9.24,1470315,13939727.00
2011/01/31,9.19,9.44,9.19,9.40,1919995,18497348.00
2011/02/01,9.34,9.45,9.31,9.35,1602839,15539570.00
2011/02/09,9.29,9.44,9.17,9.22,1322170,12677864.00
2011/02/10,9.23,9.56,9.14,9.53,2309729,22470552.00
2011/02/11,9.57,9.75,9.49,9.65,2253174,22477548.00
2011/02/14,9.68,9.85,9.65,9.78,3310541,33272874.00
2011/02/15,9.74,9.84,9.68,9.69,3013602,30376640.00
2011/02/16,9.68,9.96,9.68,9.94,2619554,26671698.00
2011/02/17,9.97,9.99,9.79,9.87,2411749,24566082.00
2011/02/18,9.87,9.88,9.67,9.78,2409858,24258496.00
2011/02/21,9.74,10.28,9.72,10.27,5265331,54786064.00
2011/02/22,10.23,10.37,9.94,10.25,4107226,42940904.00
2011/02/23,10.09,10.65,10.07,10.61,5596027,60160088.00
2011/02/24,10.67,11.49,10.47,11.35,9810854,109362888.00
2011/02/25,11.19,11.35,10.91,11.32,5571650,63755256.00
2011/02/28,11.23,11.30,10.98,11.24,5478360,62975536.00
2011/03/01,11.26,11.39,10.97,11.29,11505103,131771440.00
2011/03/02,11.19,11.92,10.85,11.63,13510196,157915232.00
2011/03/03,11.57,12.02,11.19,11.25,11241659,133093472.00
2011/03/04,11.20,11.43,10.94,11.15,5573994,63742792.00
2011/03/07,11.16,11.28,10.99,11.19,4262233,48762428.00
2011/03/08,11.19,11.28,11.05,11.26,3452288,39602644.00
2011/03/09,11.25,11.29,11.09,11.14,3457466,39641636.00
2011/03/10,11.09,11.10,10.91,10.93,3011505,34000840.00
2011/03/11,10.95,11.15,10.94,10.98,2363606,26817404.00
2011/03/14,11.00,11.39,10.99,11.35,4941339,57112488.00
2011/03/15,11.34,11.43,10.95,11.23,3508836,40235264.00
2011/03/16,11.19,11.64,11.11,11.48,5053545,59451320.00
2011/03/17,11.36,11.46,11.09,11.23,4019158,46555124.00
2011/03/18,11.29,11.49,11.15,11.45,3345353,38992284.00
2011/03/21,11.45,11.58,11.30,11.52,3573581,41997928.00
2011/03/22,11.57,11.57,11.26,11.43,2362945,27667292.00
2011/03/23,11.45,11.45,11.24,11.36,3289059,38300184.00
2011/03/24,11.38,11.47,11.27,11.44,3253089,38004192.00
2011/03/25,11.44,12.03,11.43,11.87,8754435,105932824.00
2011/03/28,12.09,12.14,11.81,11.97,5701503,69794720.00
2011/03/29,12.01,12.02,11.22,11.38,6328565,75910240.00
2011/03/30,11.33,11.41,10.77,10.78,6028073,68175632.00
2011/03/31,10.80,10.99,10.69,10.76,2399378,26647410.00
2011/04/01,10.78,10.88,10.57,10.84,3371984,37138124.00
2011/04/06,10.84,10.95,10.69,10.88,2645922,29443016.00
2011/04/07,10.97,10.99,10.82,10.96,1926366,21675912.00
2011/04/08,10.96,11.18,10.88,11.11,2353592,26758804.00
2011/04/11,11.13,11.16,10.84,10.87,2660550,30120804.00
2011/04/12,10.82,11.11,10.72,10.93,2999500,33651036.00
2011/04/13,10.87,10.99,10.72,10.97,1950076,21756114.00
2011/04/14,10.95,11.03,10.83,10.85,1932443,21727696.00
2011/04/15,10.81,10.94,10.73,10.85,2020010,22452600.00
2011/04/18,10.85,11.07,10.69,11.04,2913823,32582560.00
2011/04/19,10.95,11.29,10.84,11.07,5751743,66014752.00
2011/04/21,11.09,11.68,11.02,11.47,9646837,112963760.00
2011/04/22,11.47,11.47,11.20,11.26,3894168,45177368.00
2011/04/25,11.29,11.29,10.73,10.76,3180898,35735956.00
2011/04/26,10.76,10.80,10.18,10.19,3225488,34509508.00
2011/04/27,10.24,10.32,9.74,9.90,2151402,22375396.00
2011/04/28,9.94,10.09,9.65,9.69,1992030,20215708.00
2011/04/29,9.69,9.94,9.68,9.87,1148682,11622717.00
2011/05/03,9.85,10.07,9.75,10.03,985632,10111312.00
2011/05/04,9.95,10.07,9.79,9.88,1170805,12015777.00
2011/05/05,9.89,10.27,9.79,10.09,2210358,22881492.00
2011/05/06,10.08,10.14,9.89,9.91,1579597,16272589.00
2011/05/09,9.94,10.09,9.91,9.98,983657,10134574.00
2011/05/10,10.07,10.18,9.94,10.14,2054565,21294554.00
2011/05/11,10.07,10.24,10.01,10.21,1942451,20340908.00
2011/05/12,10.18,10.58,10.16,10.44,4997557,53575316.00
2011/05/13,10.35,11.13,10.29,11.12,8919584,99137264.00
2011/05/16,11.11,11.16,10.92,11.05,6761483,76724640.00
2011/05/17,11.05,11.05,10.65,11.00,5312969,59448352.00
2011/05/18,10.98,11.13,10.64,11.13,7692031,86504080.00
2011/05/19,11.06,11.58,10.97,11.44,10127114,117197760.00
2011/05/20,11.43,12.37,11.22,11.75,14896852,178753408.00
2011/05/23,11.74,12.34,11.49,11.70,14951524,180972256.00
2011/05/24,11.67,11.88,10.84,11.52,11367553,133976392.00
2011/05/25,11.45,11.54,10.51,10.54,10428032,117283416.00
2011/05/26,10.52,10.88,9.95,9.97,6692487,71136320.00
2011/05/27,9.97,10.17,9.59,9.86,4170439,42422876.00
2011/05/30,9.86,9.89,9.39,9.40,3330788,32974264.00
2011/05/31,9.40,9.68,9.29,9.65,2300348,22593824.00
2011/06/01,9.61,9.73,9.54,9.71,2558378,25469152.00
2011/06/02,9.61,9.61,9.29,9.42,2150819,20940340.00
2011/06/03,9.43,9.72,9.39,9.63,2135630,21108988.00
2011/06/07,9.62,9.85,9.49,9.81,1842017,18475376.00
2011/06/08,9.79,9.84,9.64,9.80,1864203,18733904.00
2011/06/09,9.83,10.02,9.68,9.69,2286777,23214696.00
2011/06/10,9.59,9.73,9.34,9.60,2007506,19734284.00
2011/06/13,9.56,9.56,9.29,9.48,1325599,12884905.00
2011/06/14,9.48,9.79,9.41,9.79,1989350,19822122.00
2011/06/15,9.72,9.91,9.67,9.76,1466406,14811818.00
2011/06/16,9.69,9.69,9.36,9.36,1543062,15129297.00
2011/06/17,9.20,9.43,9.19,9.22,1384953,13338271.00
2011/06/20,9.20,9.31,8.94,8.98,1153770,10875992.00
2011/06/21,9.04,9.16,8.99,9.13,718238,6715677.00
2011/06/22,9.14,9.23,9.10,9.18,553681,5211261.00
2011/06/23,9.16,9.42,8.95,9.36,1164990,11020851.00
2011/06/24,9.35,9.66,9.25,9.56,1756899,17195408.00
2011/06/27,9.53,9.76,9.49,9.71,1316717,13046936.00
2011/06/28,9.71,9.71,9.58,9.68,1203725,11917345.00
2011/06/29,9.68,9.71,9.48,9.51,1649990,16268746.00
2011/06/30,9.66,9.74,9.55,9.66,1546050,15312862.00
2011/07/01,9.65,9.70,9.59,9.65,1750545,17326622.00
2011/07/04,9.68,9.89,9.63,9.85,2253025,22617584.00
2011/07/05,9.90,9.93,9.77,9.90,1661900,16783192.00
2011/07/06,9.90,10.04,9.79,10.01,1941833,19705080.00
2011/07/07,9.95,10.10,9.87,9.88,1824730,18688688.00
2011/07/08,9.90,9.97,9.82,9.95,1282767,13012124.00
2011/07/11,9.89,10.03,9.83,9.99,1208219,12315126.00
2011/07/12,9.92,9.95,9.70,9.73,1719610,17299952.00
2011/07/13,9.74,9.99,9.74,9.94,1575774,15957684.00
2011/07/14,10.01,10.10,9.91,10.07,2109433,21617092.00
2011/07/15,10.13,10.18,10.05,10.12,1863629,19326160.00
2011/07/18,10.12,10.49,10.06,10.46,3911782,41082820.00
2011/07/19,10.40,10.73,10.28,10.59,5436100,58631088.00
2011/07/20,10.59,10.64,10.30,10.54,1985234,21205896.00
2011/07/21,10.51,10.51,10.11,10.16,1820149,19106860.00
2011/07/22,10.20,10.29,10.07,10.11,1436750,14991099.00
2011/07/25,10.13,10.13,9.44,9.46,2362177,23555962.00
2011/07/26,9.68,9.68,9.44,9.54,1637793,15956678.00
2011/07/27,9.50,10.04,9.40,9.96,2405333,24024306.00
2011/07/28,10.04,10.22,9.80,10.05,2556421,26334544.00
2011/07/29,9.99,10.12,9.66,9.74,1700404,17116222.00
2011/08/01,9.96,9.96,9.55,9.60,3171155,31390078.00
2011/08/02,9.55,9.60,9.33,9.46,1697568,16403939.00
2011/08/03,9.43,9.57,9.33,9.52,913406,8902463.00
2011/08/04,9.51,9.65,9.51,9.63,1002469,9868574.00
2011/08/05,9.33,9.45,9.21,9.32,1002758,9625899.00
2011/08/08,9.31,9.31,8.66,8.67,1749878,15956204.00
2011/08/09,8.37,8.68,8.26,8.57,1526922,13274509.00
2011/08/10,8.79,8.85,8.64,8.66,1312000,11780267.00
2011/08/11,8.47,8.76,8.40,8.74,1384053,12288816.00
2011/08/12,8.80,8.93,8.79,8.86,1861197,16958104.00
2011/08/15,8.89,9.16,8.83,9.11,1733178,16025686.00
2011/08/16,9.12,9.23,9.04,9.07,1742761,16348997.00
2011/08/17,9.10,9.33,8.94,9.08,2225892,20749008.00
2011/08/18,9.03,9.06,8.80,8.90,1715501,15750024.00
2011/08/19,8.70,8.89,8.63,8.87,1318906,11897509.00
2011/08/22,8.79,8.92,8.71,8.77,1251509,11369964.00
2011/08/23,8.75,8.99,8.75,8.94,1026396,9363203.00
2011/08/24,8.98,9.00,8.86,8.91,1145087,10539201.00
2011/08/25,8.88,9.10,8.88,9.07,1579687,14646041.00
2011/08/26,9.02,9.16,9.02,9.13,1256197,11739901.00
2011/08/29,9.08,9.15,9.00,9.05,1103882,10303943.00
2011/08/30,9.09,9.17,9.00,9.04,1218953,11402760.00
2011/08/31,9.01,9.08,8.86,8.93,817438,7545942.00
2011/09/01,8.99,9.05,8.90,8.92,621900,5732266.00
2011/09/02,8.95,8.96,8.75,8.85,564171,5118468.00
2011/09/05,8.70,8.82,8.52,8.56,729030,6466135.00
2011/09/06,8.51,8.62,8.45,8.55,786242,6910651.00
2011/09/07,8.62,8.74,8.57,8.74,600844,5360947.00
2011/09/08,8.75,8.82,8.63,8.66,440891,3952985.00
2011/09/09,8.65,8.74,8.59,8.63,402149,3583003.00
2011/09/13,8.54,8.68,8.40,8.67,789718,6947264.00
2011/09/14,8.67,8.90,8.62,8.87,1151302,10366520.00
2011/09/15,8.91,9.19,8.88,9.06,2536842,23661912.00
2011/09/16,9.08,9.10,9.00,9.04,1238170,11520947.00
2011/09/19,8.91,9.76,8.91,9.64,7089544,68944624.00
2011/09/20,9.66,9.96,9.49,9.94,12252585,122577504.00
2011/09/21,9.85,10.10,9.70,10.05,11515344,117209440.00
2011/09/22,9.89,10.15,9.71,9.74,8684531,88411216.00
2011/09/23,9.40,9.77,9.38,9.47,7052616,69018632.00
2011/09/26,9.39,10.02,9.39,9.84,7250156,72254592.00
2011/09/27,9.95,10.12,9.65,9.74,8025832,81656904.00
2011/09/28,9.76,9.92,9.43,9.81,7576450,75542784.00
2011/09/29,9.56,9.95,9.35,9.62,7239057,72004560.00
2011/09/30,9.62,10.00,9.42,9.64,6307459,62535360.00
2011/10/10,9.64,9.66,9.44,9.49,3194432,31169296.00
2011/10/11,9.65,10.46,9.55,10.46,14243185,145539072.00
2011/10/12,10.16,10.84,9.95,10.61,15255067,162980128.00
2011/10/13,10.45,10.73,10.34,10.60,10219551,110127320.00
2011/10/14,10.45,10.65,10.32,10.44,6408424,68790736.00
2011/10/17,10.44,11.14,10.33,10.77,10799756,119652320.00
2011/10/18,10.51,10.65,9.67,9.67,8994763,93279136.00
2011/10/19,9.58,10.03,9.58,9.94,5679936,57289548.00
2011/10/20,9.82,9.85,9.46,9.77,4000184,39869372.00
2011/10/21,9.74,9.99,9.55,9.73,2830858,28282180.00
2011/10/24,9.58,9.99,8.83,9.98,5776788,56265564.00
2011/10/25,9.81,11.00,9.77,10.46,13627556,147764992.00
2011/10/26,10.22,10.84,10.03,10.16,11501183,121590432.00
2011/10/27,10.18,10.27,9.79,9.80,6652880,68089040.00
2011/10/28,9.84,10.07,9.79,9.99,5244938,53528056.00
2011/10/31,9.96,10.55,9.85,10.45,7308539,76905712.00
2011/11/01,10.29,10.61,10.26,10.42,6497835,69572376.00
2011/11/02,10.25,10.69,10.14,10.65,6472505,69337528.00
2011/11/03,10.58,10.86,10.47,10.71,9886207,107752768.00
2011/11/04,10.73,10.78,10.42,10.59,5316911,57487984.00
2011/11/07,10.49,10.71,10.35,10.39,4685740,50601768.00
2011/11/08,10.33,10.95,10.25,10.89,10521388,115986288.00
2011/11/09,10.87,10.95,10.55,10.91,7033965,77602416.00
2011/11/10,10.65,10.91,10.37,10.43,5274453,57564616.00
2011/11/11,10.45,10.62,10.25,10.38,4100551,43704892.00
2011/11/14,10.45,10.62,10.42,10.52,4033072,43384168.00
2011/11/15,10.51,10.81,10.38,10.78,4666136,50537096.00
2011/11/16,10.76,10.77,10.35,10.41,3622085,39157068.00
2011/11/17,10.49,10.55,10.28,10.32,2064355,21993636.00
2011/11/18,10.35,10.38,9.81,9.90,3207940,32892704.00
2011/11/21,9.90,10.00,9.81,9.99,1435947,14572890.00
2011/11/22,9.91,10.04,9.83,10.00,1481121,15105896.00
2011/11/23,9.99,10.08,9.79,9.83,1361450,13896866.00
2011/11/24,9.75,9.75,9.47,9.62,2106761,20802712.00
2011/11/25,9.62,9.75,9.52,9.62,1243773,12280002.00
2011/11/28,9.67,9.79,9.56,9.66,1060387,10497240.00
2011/11/29,9.78,9.81,9.60,9.78,2181509,21720076.00
2011/11/30,9.77,9.77,9.00,9.14,2609559,25094792.00
2011/12/01,9.45,9.45,9.13,9.16,2453727,23388086.00
2011/12/02,9.04,9.15,8.76,8.80,2021987,18518744.00
2011/12/05,8.78,9.02,8.45,8.83,2254977,20433112.00
2011/12/06,8.75,8.93,8.65,8.84,991751,8993334.00
2011/12/07,8.84,8.90,8.75,8.85,900365,8154717.00
2011/12/08,8.85,8.94,8.61,8.81,1045752,9458175.00
2011/12/09,8.75,8.80,8.60,8.60,675368,6037155.00
2011/12/12,8.60,8.60,8.35,8.35,969861,8427353.00
2011/12/13,8.27,8.35,7.90,7.96,1274893,10567359.00
2011/12/14,7.95,8.04,7.73,7.73,1120865,9065130.00
2011/12/15,7.75,7.76,7.33,7.34,1338646,10413861.00
2011/12/16,7.30,7.83,7.30,7.71,1414596,10973051.00
2011/12/19,7.64,7.72,7.43,7.62,960901,7510304.00
2011/12/20,7.55,7.84,7.55,7.67,918106,7312755.00
2011/12/21,7.78,7.82,7.37,7.38,811400,6365126.00
2011/12/22,7.32,7.35,6.86,7.13,1202632,8853601.00
2011/12/23,7.13,7.37,7.13,7.20,764601,5726284.00
2011/12/26,7.20,7.28,7.05,7.06,478100,3547637.00
2011/12/27,7.13,7.13,6.76,6.83,691257,4943049.00
2011/12/28,6.80,6.89,6.74,6.89,690859,4881786.00
2011/12/29,6.90,7.02,6.81,6.92,959929,6908562.00
2011/12/30,6.95,7.09,6.93,7.05,644269,4680160.00
2012/01/04,7.06,7.19,6.70,6.70,792232,5710936.00
2012/01/05,6.70,6.78,6.36,6.47,1337401,9144411.00
2012/01/06,6.47,6.63,6.20,6.59,690177,4632247.00
2012/01/09,6.57,6.95,6.54,6.92,1124634,7923638.00
2012/01/10,6.94,7.22,6.86,7.17,1873094,13735591.00
2012/01/11,7.09,7.27,7.07,7.19,1550612,11493981.00
2012/01/12,7.13,7.33,7.12,7.13,1270198,9490763.00
2012/01/13,7.20,7.20,6.65,6.80,1565896,11187417.00
2012/01/16,6.75,6.90,6.66,6.71,660190,4649216.00
2012/01/17,6.80,7.10,6.65,7.08,932960,6657194.00
2012/01/18,7.17,7.33,6.90,6.93,1556856,11477404.00
2012/01/19,7.07,7.09,6.86,6.99,1028828,7423048.00
2012/01/20,7.09,7.12,7.02,7.10,724009,5307462.00
2012/01/30,7.10,7.18,7.02,7.04,577404,4236573.00
2012/01/31,6.98,7.10,6.95,7.09,340091,2476513.00
2012/02/01,7.09,7.15,6.90,6.95,911649,6625736.00
2012/02/02,6.90,7.11,6.90,7.10,962920,6969465.00
2012/02/03,7.06,7.37,7.06,7.33,1570470,11760669.00
2012/02/06,7.34,7.63,7.23,7.60,2881570,22090702.00
2012/02/07,7.58,7.78,7.42,7.66,5352090,42266304.00
2012/02/08,7.57,7.79,7.47,7.76,2044041,16123982.00
2012/02/09,7.70,7.78,7.62,7.69,2702143,21437408.00
2012/02/10,7.66,7.73,7.60,7.65,1184805,9383047.00
2012/02/13,7.60,7.76,7.55,7.72,1358303,10769417.00
2012/02/14,7.74,7.88,7.68,7.76,1661769,13354398.00
2012/02/15,7.77,8.15,7.70,8.11,2987196,24330666.00
2012/02/16,8.03,8.56,8.03,8.29,4149343,35631492.00
2012/02/17,8.21,8.35,8.08,8.17,1166227,9821591.00
2012/02/20,8.28,8.28,7.97,7.99,2092349,17488360.00
2012/02/21,7.96,8.55,7.90,8.49,2248095,18934118.00
2012/02/22,8.45,8.83,8.43,8.48,3600866,31914960.00
2012/02/23,8.42,8.55,8.27,8.37,2237993,19335252.00
2012/02/24,8.37,8.58,8.32,8.56,1734648,15070941.00
2012/02/27,8.52,8.63,8.44,8.45,3118783,27344642.00
2012/02/28,8.37,8.58,8.23,8.54,2924376,25313074.00
2012/02/29,8.52,8.95,8.41,8.43,4396815,39192668.00
2012/03/01,8.45,8.58,8.25,8.55,1289206,11160470.00
2012/03/02,8.48,8.74,8.35,8.69,3257898,28586692.00
2012/03/05,8.59,8.84,8.48,8.51,2204747,19551108.00
2012/03/06,8.49,8.50,8.29,8.40,1214917,10495514.00
2012/03/07,8.37,8.60,8.30,8.58,1938812,16865170.00
2012/03/08,8.65,8.85,8.43,8.70,3448705,30841548.00
2012/03/09,8.62,8.78,8.61,8.73,1235917,11053780.00
2012/03/12,8.80,8.80,8.55,8.67,1458989,12973839.00
2012/03/13,8.60,8.75,8.58,8.70,1961291,17481472.00
2012/03/14,8.67,8.78,8.16,8.19,4401419,38762428.00
2012/03/15,8.13,8.38,7.88,8.33,3619383,30256842.00
2012/03/16,8.54,8.73,8.38,8.62,4318817,38089616.00
2012/03/19,8.62,8.64,8.47,8.58,2024049,17771166.00
2012/03/20,8.57,8.63,8.36,8.53,1850836,16174252.00
2012/03/21,8.65,8.77,8.46,8.66,2825738,25189182.00
2012/03/22,8.64,8.64,8.41,8.45,2358815,20580228.00
2012/03/23,8.40,8.43,8.12,8.38,2085178,17661914.00
2012/03/26,8.25,8.71,8.15,8.65,3939278,34608344.00
2012/03/27,8.63,8.90,8.49,8.54,3537617,31704964.00
2012/03/28,8.34,8.43,7.97,8.40,3736798,31431048.00
2012/03/29,8.31,8.32,8.04,8.10,1715066,14391362.00
2012/03/30,8.05,8.13,7.75,7.97,1566295,12780232.00
2012/04/05,7.85,8.24,7.85,8.00,3372757,27852832.00
2012/04/06,7.98,8.00,7.78,7.88,2403682,19581046.00
2012/04/09,7.82,7.82,7.58,7.63,1602281,12687771.00
2012/04/10,7.62,7.70,7.37,7.69,1577112,12229547.00
2012/04/11,7.52,7.71,7.50,7.69,1076961,8506591.00
2012/04/12,7.75,7.90,7.65,7.84,1440469,11567199.00
2012/04/13,7.84,8.00,7.80,7.93,1615588,13184291.00
2012/04/16,7.93,7.97,7.85,7.89,2097656,17068708.00
2012/04/17,7.89,7.98,7.83,7.84,1885547,15393451.00
2012/04/18,7.85,8.00,7.71,7.98,2814035,22896554.00
2012/04/19,7.91,8.03,7.85,7.95,1685609,13843629.00
2012/04/23,7.97,8.09,7.92,7.96,2254260,18588820.00
2012/04/24,7.91,7.96,7.52,7.65,1977560,15749975.00
2012/04/25,7.70,7.91,7.63,7.89,1208855,9752099.00
2012/04/26,7.90,8.02,7.84,7.85,1373022,11250135.00
2012/04/27,7.87,7.98,7.82,7.88,960797,7818249.00
2012/05/02,7.86,8.02,7.85,7.97,1346812,11045115.00
2012/05/03,7.96,8.02,7.92,8.02,1396187,11483042.00
2012/05/04,8.02,8.06,7.97,8.06,1182336,9795217.00
2012/05/07,8.02,8.06,7.91,8.02,1084010,8916355.00
2012/05/08,8.01,8.02,7.86,7.94,1301517,10638038.00
2012/05/09,7.88,8.02,7.86,7.88,1230300,10079997.00
2012/05/10,7.83,7.92,7.80,7.85,891150,7224471.00
2012/05/11,7.84,7.95,7.81,7.86,681428,5542386.00
2012/05/14,7.92,8.04,7.88,8.04,1338954,11018889.00
2012/05/15,8.01,8.01,7.81,7.86,1217240,9879901.00
2012/05/16,7.80,7.91,7.72,7.73,923251,7439691.00
2012/05/17,7.80,7.88,7.69,7.88,848255,6825710.00
2012/05/18,7.83,7.85,7.67,7.67,628799,5039112.00
2012/05/21,7.68,7.75,7.66,7.71,389250,3098904.00
2012/05/22,7.75,7.83,7.75,7.82,643875,5171951.00
2012/05/23,7.80,7.84,7.65,7.73,621401,4972368.00
2012/05/24,7.74,7.81,7.68,7.80,616401,4919159.00
2012/05/25,7.80,7.83,7.60,7.63,851352,6722643.00
2012/05/28,7.53,7.74,7.35,7.71,1351622,10544890.00
2012/05/29,7.65,7.85,7.65,7.84,1048864,8434619.00
2012/05/30,7.81,7.87,7.76,7.84,782963,6326908.00
2012/05/31,7.82,7.86,7.73,7.84,825073,6645784.00
2012/06/01,7.86,7.89,7.81,7.85,734864,5952579.00
2012/06/04,7.75,7.75,7.51,7.53,906817,7122826.00
2012/06/05,7.55,7.56,7.44,7.52,490069,3755866.00
2012/06/06,7.55,7.57,7.23,7.33,576389,4382610.00
2012/06/07,7.43,7.46,7.28,7.33,410890,3091749.00
2012/06/08,7.43,7.45,7.31,7.39,415169,3138815.00
2012/06/11,7.43,7.49,7.36,7.47,217100,1651137.00
2012/06/12,7.47,7.47,7.37,7.37,306210,2321282.00
2012/06/13,7.38,7.47,7.36,7.46,597431,4538692.00
2012/06/14,7.46,7.49,7.38,7.40,499401,3803708.00
2012/06/15,7.43,7.47,7.35,7.39,386223,2927517.00
2012/06/18,7.45,7.53,7.41,7.51,524955,4020654.00
2012/06/19,7.50,7.50,7.36,7.36,741450,5621180.00
2012/06/21,7.47,7.47,7.23,7.29,595139,4455661.00
2012/06/25,7.23,7.23,6.94,6.99,876851,6324205.00
2012/06/26,6.97,7.08,6.90,7.03,479013,3426455.00
2012/06/27,7.06,7.07,6.94,6.95,294300,2108668.00
2012/06/28,7.02,7.02,6.79,6.81,508201,3583351.00
2012/06/29,6.79,6.81,6.64,6.80,818550,5650740.00
2012/07/02,6.82,6.87,6.77,6.83,460650,3219689.00
2012/07/03,6.80,6.89,6.73,6.86,531034,3720897.00
2012/07/04,6.86,6.88,6.79,6.85,323159,2264736.00
2012/07/05,6.87,6.87,6.54,6.60,720089,4910025.00
2012/07/06,6.62,6.71,6.45,6.66,891442,6004626.00
2012/07/09,6.61,6.66,6.44,6.48,686719,4629280.00
2012/07/10,6.44,6.53,6.36,6.37,654688,4310914.00
2012/07/11,6.52,6.52,6.33,6.37,741901,4866134.00
2012/07/12,6.41,6.53,6.28,6.48,881543,5800812.00
2012/07/13,6.44,6.49,6.40,6.42,394108,2605915.00
2012/07/16,6.43,6.45,5.92,5.94,986406,6269758.00
2012/07/17,5.96,6.04,5.94,6.03,487550,3000224.00
2012/07/18,6.01,6.13,5.98,6.13,617458,3842795.00
2012/07/19,6.06,6.32,6.06,6.27,890666,5703864.00
2012/07/20,6.27,6.34,6.21,6.29,558742,3616492.00
2012/07/23,6.27,6.55,6.20,6.53,1869889,12413166.00
2012/07/24,6.50,6.62,6.41,6.56,1181975,7936088.00
2012/07/25,6.52,6.57,6.43,6.49,630047,4191337.00
2012/07/26,6.61,6.93,6.49,6.53,1399679,9599571.00
2012/07/27,6.53,6.54,6.43,6.47,713800,4733652.00
2012/07/30,6.43,6.50,6.24,6.25,691992,4526097.00
2012/07/31,6.22,6.33,6.11,6.17,530611,3370036.00
2012/08/01,6.13,6.29,6.13,6.27,291666,1869640.00
2012/08/02,6.25,6.53,6.25,6.34,464965,3029172.00
2012/08/03,6.29,6.49,6.29,6.48,802552,5289319.00
2012/08/06,6.50,6.73,6.45,6.68,1113426,7564139.00
2012/08/07,6.68,6.74,6.63,6.70,476291,3269208.00
2012/08/08,6.68,6.82,6.63,6.68,507143,3504958.00
2012/08/09,6.71,6.74,6.60,6.71,569802,3906217.00
2012/08/10,6.71,6.77,6.63,6.74,567411,3907270.00
2012/08/13,6.68,6.76,6.57,6.66,462674,3150906.00
2012/08/14,6.59,6.67,6.48,6.67,1002072,6757500.00
2012/08/15,6.58,6.63,6.53,6.53,653577,4409905.00
2012/08/16,6.51,6.55,6.48,6.52,336299,2246208.00
2012/08/17,6.53,6.58,6.46,6.53,376700,2518975.00
2012/08/20,6.48,6.55,6.24,6.52,282598,1871128.00
2012/08/21,6.58,6.68,6.55,6.64,544948,3700426.00
2012/08/22,6.68,6.69,6.58,6.64,325807,2214319.00
2012/08/23,6.67,6.91,6.61,6.90,1389852,9659871.00
2012/08/24,6.91,6.91,6.58,6.62,1277468,8843574.00
2012/08/27,6.56,6.62,6.37,6.40,414151,2758135.00
2012/08/28,6.39,6.58,6.39,6.49,363634,2427931.00
2012/08/29,6.65,6.65,6.49,6.49,486103,3267180.00
2012/08/30,6.43,6.54,6.26,6.51,425158,2799447.00
2012/08/31,6.65,6.65,6.41,6.47,299311,1986716.00
2012/09/03,6.34,6.56,6.34,6.53,406009,2707535.00
2012/09/04,6.53,6.61,6.38,6.47,432000,2903648.00
2012/09/05,6.43,6.54,6.40,6.52,406100,2699159.00
2012/09/06,6.53,6.57,6.46,6.57,330962,2218120.00
2012/09/07,6.58,6.84,6.58,6.81,1457874,10098861.00
2012/09/10,6.81,6.95,6.81,6.84,1219051,8585146.00
2012/09/11,6.82,6.92,6.75,6.88,701501,4903448.00
2012/09/12,6.90,6.90,6.79,6.88,769372,5398442.00
2012/09/13,6.81,7.05,6.79,6.89,1726413,12276969.00
2012/09/14,6.93,6.93,6.74,6.78,812992,5693709.00
2012/09/17,6.78,6.83,6.58,6.61,552619,3794909.00
2012/09/18,6.71,7.26,6.65,6.88,5103427,36350616.00
2012/09/19,6.73,6.80,6.67,6.78,2325178,16043413.00
2012/09/20,6.74,6.80,6.39,6.39,1570739,10545491.00
2012/09/21,6.39,6.46,6.27,6.29,703248,4588272.00
2012/09/24,6.29,6.32,6.14,6.27,566906,3624646.00
2012/09/25,6.26,6.32,6.22,6.31,334290,2150737.00
2012/09/26,6.32,6.34,6.05,6.10,447257,2834462.00
2012/09/27,6.13,6.33,6.07,6.23,587200,3749409.00
2012/09/28,6.14,6.37,6.14,6.30,638216,4121982.00
2012/10/08,6.33,6.37,6.23,6.32,363329,2350296.00
2012/10/09,6.33,6.49,6.29,6.46,715932,4735493.00
2012/10/10,6.50,6.62,6.44,6.58,750395,5036895.00
2012/10/11,6.54,6.62,6.42,6.42,623411,4160621.00
2012/10/12,6.47,6.53,6.40,6.44,410046,2714519.00
2012/10/15,6.51,6.51,6.33,6.42,309724,2030096.00
2012/10/16,6.43,6.53,6.39,6.52,478996,3184874.00
2012/10/17,6.51,6.57,6.46,6.52,387501,2586661.00
2012/10/18,6.53,6.63,6.50,6.62,743588,5016042.00
2012/10/19,6.62,6.67,6.57,6.59,445241,3023718.00
2012/10/22,6.61,6.63,6.53,6.61,250142,1688041.00
2012/10/23,6.63,6.67,6.53,6.55,420300,2839657.00
2012/10/24,6.50,6.70,6.49,6.63,697077,4741205.00
2012/10/25,6.58,6.74,6.55,6.56,920290,6300926.00
2012/10/26,6.51,6.59,6.23,6.30,959615,6253454.00
2012/10/29,6.29,6.33,6.23,6.26,306949,1979144.00
2012/10/30,6.27,6.33,6.25,6.33,346567,2244948.00
2012/10/31,6.28,6.35,6.26,6.33,234050,1514745.00
2012/11/01,6.33,6.47,6.33,6.46,522850,3439290.00
2012/11/02,6.47,6.56,6.41,6.53,564130,3765034.00
2012/11/05,6.49,6.53,6.45,6.51,399934,2661387.00
2012/11/06,6.51,6.53,6.34,6.46,383480,2529019.00
2012/11/07,6.43,6.47,6.40,6.43,314360,2077953.00
2012/11/08,6.34,6.38,6.21,6.22,546050,3535380.00
2012/11/09,6.23,6.28,6.11,6.24,431365,2743636.00
2012/11/12,6.28,6.30,6.20,6.25,316350,2027216.00
2012/11/13,6.28,6.28,6.12,6.17,276297,1755391.00
2012/11/14,6.10,6.21,6.07,6.17,336303,2125283.00
2012/11/15,6.08,6.21,5.99,6.13,385700,2431021.00
2012/11/16,6.18,6.18,5.99,6.09,252525,1575361.00
2012/11/19,6.08,6.09,5.97,6.09,234057,1458189.00
2012/11/20,6.12,6.15,6.04,6.12,232723,1460214.00
2012/11/21,6.04,6.18,6.03,6.18,325763,2042696.00
2012/11/22,6.09,6.18,6.08,6.08,216500,1362670.00
2012/11/23,6.08,6.24,6.08,6.10,222700,1403786.00
2012/11/26,6.13,6.27,6.09,6.14,904089,5731815.00
2012/11/27,6.12,6.12,5.72,5.76,1056281,6366509.00
2012/11/28,5.71,5.73,5.62,5.63,332786,1939871.00
2012/11/29,5.65,5.68,5.48,5.54,365589,2101331.00
2012/11/30,5.49,5.63,5.49,5.59,503756,2888057.00
2012/12/04,5.52,5.56,5.33,5.50,539371,3007268.00
2012/12/05,5.45,5.83,5.45,5.71,802588,4691282.00
2012/12/06,5.71,5.74,5.64,5.69,474235,2773558.00
2012/12/07,5.66,5.86,5.65,5.85,1228120,7339886.00
2012/12/10,5.88,6.06,5.88,6.02,1442365,8914042.00
2012/12/11,6.03,6.03,5.93,5.96,621131,3814484.00
2012/12/12,5.96,6.00,5.83,5.93,583850,3537552.00
2012/12/13,5.83,5.92,5.82,5.86,179701,1084853.00
2012/12/14,5.80,6.07,5.80,6.06,809895,5008394.00
2012/12/17,6.08,6.19,6.02,6.16,864247,5425922.00
2012/12/18,6.19,6.19,6.03,6.08,921153,5797170.00
2012/12/19,6.11,6.11,6.00,6.01,973364,6040151.00
2012/12/20,6.02,6.03,5.96,6.03,391194,2413616.00
2012/12/21,6.04,6.06,5.98,6.02,669404,4143320.00
2012/12/24,6.01,6.06,5.97,6.01,255612,1581383.00
2012/12/25,6.02,6.16,5.99,6.13,717537,4504504.00
2012/12/26,6.10,6.19,6.10,6.19,744689,4720535.00
2012/12/27,6.17,6.30,6.10,6.13,1257423,7996163.00
2012/12/28,6.12,6.19,6.09,6.18,696275,4400402.00
2012/12/31,6.18,6.28,6.18,6.23,950769,6075719.00
2013/01/04,6.28,6.28,6.16,6.21,750564,4789405.00
2013/01/07,6.20,6.27,6.16,6.26,909061,5817535.00
2013/01/08,6.27,6.33,6.19,6.33,1214423,7839765.00
2013/01/09,6.51,6.52,6.32,6.38,1735482,11435242.00
2013/01/10,6.34,6.43,6.26,6.37,1130519,7362722.00
2013/01/11,6.38,6.45,6.21,6.22,1116500,7244813.00
2013/01/14,6.18,6.40,6.17,6.40,1047808,6798212.00
2013/01/15,6.43,6.56,6.43,6.52,1849471,12349247.00
2013/01/16,6.48,6.52,6.35,6.44,1309019,8652318.00
2013/01/17,6.43,6.49,6.40,6.45,825693,5464590.00
2013/01/18,6.45,6.75,6.39,6.69,2659508,18025444.00
2013/01/21,6.68,7.13,6.62,7.05,4405313,31138152.00
2013/01/22,6.98,7.30,6.84,7.09,8004902,58071328.00
2013/01/23,7.01,7.07,6.83,7.04,1882864,13390680.00
2013/01/24,7.03,7.26,6.69,6.80,4328580,31011296.00
2013/01/25,6.76,6.86,6.57,6.74,1690539,11601324.00
2013/01/28,6.76,7.32,6.63,7.30,5988362,42853372.00
2013/01/29,7.04,7.21,7.01,7.11,5888269,42614824.00
2013/01/30,7.03,7.07,6.89,6.96,2444705,17441368.00
2013/01/31,6.91,6.99,6.85,6.91,1303641,9221212.00
2013/02/01,6.90,6.98,6.82,6.91,1433453,10174230.00
2013/02/04,6.93,6.95,6.74,6.81,1429103,9994097.00
2013/02/05,6.75,6.86,6.75,6.83,893001,6224081.00
2013/02/06,6.86,6.89,6.76,6.81,1237542,8641579.00
2013/02/07,6.82,6.82,6.75,6.80,808136,5620062.00
2013/02/08,6.78,6.89,6.73,6.74,1369527,9596224.00
2013/02/18,6.84,6.98,6.78,6.97,1725302,12208068.00
2013/02/19,6.97,7.10,6.86,6.89,1506272,10740777.00
2013/02/20,6.85,6.97,6.85,6.93,1081339,7663668.00
2013/02/21,6.94,6.94,6.68,6.73,1556386,10826951.00
2013/02/22,6.69,6.82,6.69,6.74,747238,5167873.00
2013/02/25,6.74,6.83,6.66,6.81,750623,5207626.00
2013/02/26,6.79,6.83,6.66,6.67,889212,6161692.00
2013/02/27,6.68,6.75,6.60,6.63,609532,4161157.00
2013/02/28,6.68,6.76,6.58,6.75,1182881,8119082.00
2013/03/01,6.72,6.92,6.70,6.91,1946127,13603010.00
2013/03/04,6.86,6.88,6.73,6.78,1384988,9668339.00
2013/03/05,6.76,6.91,6.76,6.89,914682,6429430.00
2013/03/06,6.89,6.99,6.89,6.98,1331140,9454320.00
2013/03/07,6.98,7.01,6.84,6.92,1323878,9398077.00
2013/03/08,6.93,6.96,6.80,6.82,673246,4740838.00
2013/03/11,6.81,6.93,6.80,6.89,560103,3936424.00
2013/03/12,6.84,6.93,6.61,6.66,991750,6891573.00
2013/03/13,6.65,6.72,6.58,6.66,358163,2436415.00
2013/03/14,6.65,6.73,6.63,6.68,325861,2227015.00
2013/03/15,6.66,6.74,6.62,6.64,509018,3487183.00
2013/03/18,6.64,6.75,6.58,6.59,293707,1998832.00
2013/03/19,6.65,6.67,6.46,6.58,377057,2533495.00
2013/03/20,6.53,6.66,6.49,6.65,1021147,6914642.00
2013/03/21,6.63,6.75,6.63,6.71,876203,6013108.00
2013/03/22,6.68,6.71,6.64,6.68,488101,3341368.00
2013/03/25,6.70,6.73,6.66,6.72,963016,6614108.00
2013/03/26,6.72,6.72,6.51,6.64,985125,6654327.00
2013/03/27,6.66,6.68,6.59,6.65,811008,5518210.00
2013/03/28,6.68,6.68,6.41,6.42,1054060,7022434.00
2013/03/29,6.47,6.49,6.39,6.47,685089,4530995.00
2013/04/01,6.47,6.52,6.45,6.51,693627,4611739.00
2013/04/02,6.58,6.62,6.44,6.49,922440,6169811.00
2013/04/03,6.49,6.51,6.35,6.39,741061,4877319.00
2013/04/08,6.33,6.33,6.18,6.31,625161,4011897.00
2013/04/09,6.28,6.38,6.25,6.38,557116,3628241.00
2013/04/10,6.38,6.39,6.29,6.37,507020,3310523.00
2013/04/11,6.37,6.39,6.29,6.29,409800,2666106.00
2013/04/12,6.30,6.33,6.26,6.26,269385,1741359.00
2013/04/15,6.26,6.26,6.10,6.10,584700,3688922.00
2013/04/16,6.09,6.15,6.04,6.13,535766,3363726.00
2013/04/17,6.13,6.26,6.11,6.25,677549,4297868.00
2013/04/18,6.39,6.68,6.39,6.51,4636046,31245002.00
2013/04/19,6.31,6.55,6.30,6.54,2290339,15117594.00
2013/04/22,6.46,6.56,6.38,6.53,1446345,9602349.00
2013/04/23,6.53,6.53,6.30,6.31,896408,5878290.00
2013/04/24,6.32,6.41,6.30,6.36,792624,5169614.00
2013/04/25,6.33,6.35,6.22,6.25,797938,5154089.00
2013/04/26,6.24,6.27,6.16,6.16,492550,3144023.00
2013/05/02,6.16,6.21,6.12,6.21,324969,2061371.00
2013/05/03,6.21,6.33,6.21,6.33,513115,3315561.00
2013/05/06,6.35,6.39,6.30,6.38,452855,2952762.00
2013/05/07,6.36,6.39,6.31,6.38,500647,3266394.00
2013/05/08,6.42,6.42,6.33,6.39,493580,3228276.00
2013/05/09,6.36,6.46,6.34,6.43,695636,4566899.00
2013/05/10,6.36,6.48,6.36,6.46,900736,5941720.00
2013/05/13,6.50,6.50,6.42,6.50,909705,6024584.00
2013/05/14,6.50,6.50,6.40,6.45,517910,3423479.00
2013/05/15,6.41,6.50,6.41,6.48,752327,4987276.00
2013/05/16,6.48,6.55,6.44,6.55,1162550,7770432.00
2013/05/17,6.51,6.61,6.51,6.60,1250163,8410662.00
2013/05/20,6.56,6.66,6.56,6.65,1164500,7922130.00
2013/05/21,6.64,6.70,6.61,6.68,1094592,7464637.00
2013/05/22,6.67,6.68,6.59,6.63,1239485,8439585.00
2013/05/23,6.63,6.63,6.56,6.60,727013,4914743.00
2013/05/24,6.60,6.82,6.57,6.76,1464527,10008771.00
2013/05/27,6.86,6.91,6.74,6.75,2522632,17641828.00
2013/05/28,6.73,6.77,6.68,6.75,1243402,8567807.00
2013/05/29,6.75,6.80,6.72,6.78,1107000,7661545.00
2013/05/30,6.74,6.81,6.70,6.78,1017329,7043051.00
2013/05/31,6.78,6.80,6.72,6.76,744915,5165692.00
2013/06/03,6.73,6.82,6.73,6.78,992710,6906340.00
2013/06/04,6.74,6.81,6.51,6.63,1122800,7651874.00
2013/06/05,6.55,6.63,6.51,6.60,711960,4802206.00
2013/06/06,6.59,6.66,6.50,6.53,569021,3829890.00
2013/06/07,6.54,6.63,6.36,6.45,764712,5105940.00
2013/06/13,6.43,6.43,6.16,6.37,598051,3832744.00
2013/06/14,6.26,6.34,6.26,6.34,451940,2925808.00
2013/06/17,6.33,6.38,6.19,6.33,438840,2818001.00
2013/06/18,6.33,6.36,6.24,6.34,400900,2572698.00
2013/06/19,6.29,6.36,6.23,6.35,398732,2558904.00
2013/06/20,6.33,6.36,6.21,6.23,376109,2400110.00
2013/06/21,6.21,6.21,6.03,6.12,867712,5384616.00
2013/06/24,6.09,6.10,5.79,5.79,842500,5106192.00
2013/06/25,5.79,5.82,5.40,5.66,827948,4717258.00
2013/06/26,5.59,5.72,5.57,5.66,475661,2734537.00
2013/06/27,5.70,5.75,5.55,5.55,426972,2471962.00
2013/06/28,5.57,5.64,5.48,5.59,389781,2226603.00
2013/07/01,5.62,5.67,5.58,5.67,421657,2420311.00
2013/07/02,5.67,5.71,5.61,5.70,393251,2273348.00
2013/07/03,5.68,5.68,5.55,5.65,375877,2153141.00
2013/07/04,5.63,5.84,5.57,5.72,882189,5162202.00
2013/07/05,5.71,5.98,5.68,5.75,798743,4717581.00
2013/07/08,5.68,5.77,5.60,5.62,513450,2968717.00
2013/07/09,5.62,5.65,5.58,5.65,263092,1509259.00
2013/07/10,5.63,5.78,5.59,5.78,435438,2536229.00
2013/07/11,5.74,5.94,5.74,5.90,1165324,6955052.00
2013/07/12,5.90,5.94,5.74,5.81,957504,5722231.00
2013/07/15,5.79,5.90,5.79,5.85,660835,3948961.00
2013/07/16,5.83,5.92,5.79,5.92,944018,5640870.00
2013/07/17,5.88,5.91,5.84,5.87,525500,3150593.00
2013/07/18,5.90,5.96,5.85,5.90,587091,3530148.00
2013/07/19,5.89,5.89,5.72,5.73,653201,3891931.00
2013/07/22,5.73,5.90,5.63,5.82,973424,5757048.00
2013/07/23,5.86,6.11,5.78,6.06,1553834,9445556.00
2013/07/24,6.01,6.16,5.92,5.99,1514755,9326317.00
2013/07/25,5.97,6.03,5.93,5.96,459032,2793742.00
2013/07/26,5.94,5.97,5.88,5.91,365499,2205865.00
2013/07/29,5.91,5.91,5.74,5.78,525445,3111423.00
2013/07/30,5.74,5.84,5.71,5.78,350821,2075551.00
2013/07/31,5.74,5.93,5.74,5.90,1260567,7489260.00
2013/08/01,5.88,6.33,5.87,6.15,2394936,14845258.00
2013/08/02,6.13,6.13,6.03,6.06,876259,5428904.00
2013/08/05,6.04,6.22,6.02,6.20,1195450,7407402.00
2013/08/06,6.13,6.21,6.08,6.15,1850029,11609327.00
2013/08/07,6.12,6.14,6.04,6.07,1077516,6686809.00
2013/08/08,6.07,6.09,6.03,6.06,618101,3825221.00
2013/08/09,6.06,6.11,6.03,6.11,742721,4598132.00
2013/08/12,6.08,6.21,6.07,6.20,837940,5260813.00
2013/08/13,6.20,6.25,6.16,6.21,621127,3937197.00
2013/08/14,6.20,6.28,6.19,6.22,838705,5329067.00
2013/08/15,6.22,6.42,6.22,6.38,2503805,16177030.00
2013/08/16,6.36,6.38,6.11,6.14,1239381,7955271.00
2013/08/19,6.14,6.40,6.14,6.40,1468264,9437373.00
2013/08/20,6.40,6.44,6.29,6.32,894672,5808878.00
2013/08/21,6.32,6.48,6.28,6.47,1022065,6666852.00
2013/08/22,6.43,6.54,6.41,6.53,722242,4767825.00
2013/08/23,6.53,6.56,6.41,6.56,988366,6532215.00
2013/08/26,6.56,6.71,6.55,6.64,1251133,8447743.00
2013/08/27,6.63,6.71,6.58,6.65,1093423,7393838.00
2013/08/28,6.61,6.75,6.59,6.63,1332546,9045428.00
2013/08/29,6.64,6.69,6.56,6.58,1260830,8499723.00
2013/08/30,6.58,6.75,6.54,6.60,1211592,8183242.00
2013/09/02,6.59,6.71,6.55,6.70,975673,6603608.00
2013/09/03,6.70,6.92,6.64,6.89,2090638,14521363.00
2013/09/04,6.84,6.98,6.79,6.90,1239686,8675533.00
2013/09/05,6.83,6.97,6.83,6.92,796298,5592572.00
2013/09/06,6.91,6.95,6.76,6.86,1112701,7776049.00
2013/09/09,6.83,6.93,6.80,6.92,1055155,7390230.00
2013/09/10,6.86,6.94,6.84,6.93,776689,5455623.00
2013/09/11,7.08,7.27,6.93,6.93,2174281,15677757.00
2013/09/12,6.93,7.05,6.79,6.98,1579114,11131609.00
2013/09/13,6.93,7.02,6.82,6.86,879605,6154308.00
2013/09/16,6.84,6.93,6.78,6.84,750012,5239292.00
2013/09/17,6.81,6.87,6.66,6.67,772500,5309209.00
2013/09/18,6.66,6.72,6.63,6.71,621939,4223771.00
2013/09/23,6.80,6.80,6.68,6.77,633589,4358483.00
2013/09/24,6.78,6.78,6.65,6.65,982207,6693942.00
2013/09/25,6.65,6.71,6.61,6.63,1008273,6821687.00
2013/09/26,6.65,6.68,6.38,6.45,1464970,9705566.00
2013/09/27,6.46,6.53,6.40,6.50,715790,4726061.00
2013/09/30,6.51,6.59,6.43,6.56,459387,3062736.00
2013/10/08,6.56,6.67,6.56,6.66,887148,5979866.00
2013/10/09,6.66,6.69,6.62,6.67,996048,6752899.00
2013/10/10,6.67,6.69,6.59,6.64,697079,4707362.00
2013/10/11,6.64,6.77,6.60,6.76,1053619,7204609.00
2013/10/14,6.74,6.84,6.70,6.83,1013586,7008464.00
2013/10/15,6.80,6.83,6.74,6.82,588821,4065771.00
2013/10/16,6.83,6.83,6.63,6.67,900320,6174164.00
2013/10/17,6.75,7.10,6.75,6.82,3023133,21306740.00
2013/10/18,6.72,6.78,6.61,6.74,895253,6114056.00
2013/10/21,6.78,6.84,6.66,6.82,1088965,7496367.00
2013/10/22,6.79,6.90,6.78,6.85,1038400,7227207.00
2013/10/23,6.81,6.86,6.64,6.66,671644,4608999.00
2013/10/24,6.66,6.73,6.60,6.60,684800,4642447.00
2013/10/25,6.60,6.70,6.50,6.54,484300,3247347.00
2013/10/28,6.62,6.63,6.51,6.58,273100,1823773.00
2013/10/29,6.57,6.63,6.20,6.40,1012353,6576824.00
2013/10/30,6.46,6.54,6.33,6.54,678040,4455225.00
2013/10/31,6.54,6.58,6.46,6.54,369107,2448161.00
2013/11/01,6.54,6.61,6.49,6.58,413043,2750526.00
2013/11/04,6.58,6.66,6.55,6.66,528125,3562882.00
2013/11/05,6.67,6.69,6.56,6.69,662783,4467731.00
2013/11/06,6.69,6.72,6.63,6.63,386619,2624396.00
2013/11/07,6.59,6.65,6.51,6.53,347213,2323895.00
2013/11/08,6.53,6.58,6.43,6.58,327518,2173626.00
2013/11/11,6.60,6.63,6.51,6.61,405258,2718989.00
2013/11/12,6.61,6.73,6.56,6.72,641246,4350249.00
2013/11/13,6.67,6.71,6.53,6.61,437781,2940156.00
2013/11/14,6.56,6.73,6.53,6.72,653201,4426232.00
2013/11/15,6.74,6.83,6.72,6.78,832270,5749000.00
2013/11/18,6.76,6.92,6.76,6.89,1205754,8431818.00
2013/11/19,6.92,6.94,6.84,6.86,836853,5858536.00
2013/11/20,6.84,6.97,6.84,6.93,853447,6006688.00
2013/11/21,6.91,6.93,6.83,6.84,497396,3470776.00
2013/11/22,6.84,6.96,6.81,6.83,668600,4688813.00
2013/11/25,6.87,6.97,6.81,6.92,782201,5507409.00
2013/11/26,6.91,7.15,6.88,7.09,2025022,14504446.00
2013/11/27,7.08,7.28,6.96,7.03,1591752,11494592.00
2013/11/28,7.00,7.05,6.94,7.04,1325859,9440879.00
2013/11/29,7.03,7.03,6.94,6.99,1758660,12478820.00
2013/12/02,6.88,6.90,6.59,6.64,1687297,11573466.00
2013/12/03,6.60,6.80,6.58,6.80,792456,5433940.00
2013/12/04,6.73,6.90,6.73,6.86,798296,5571911.00
2013/12/05,6.82,6.96,6.82,6.92,759700,5344588.00
2013/12/06,6.89,6.98,6.84,6.90,541061,3801707.00
2013/12/09,6.86,6.92,6.86,6.91,544829,3821518.00
2013/12/10,6.88,6.95,6.88,6.95,492221,3464357.00
2013/12/11,6.95,6.99,6.86,6.91,719102,5067915.00
2013/12/12,6.91,6.95,6.84,6.93,611459,4283186.00
2013/12/13,6.93,6.97,6.88,6.91,716904,5060690.00
2013/12/16,6.91,6.93,6.72,6.74,818289,5652205.00
2013/12/17,6.75,6.82,6.68,6.76,364389,2505933.00
2013/12/18,6.71,6.77,6.71,6.73,260601,1785764.00
2013/12/19,6.76,6.78,6.66,6.66,330145,2254275.00
2013/12/20,6.64,6.68,6.56,6.60,549201,3702305.00
2013/12/23,6.61,6.67,6.44,6.45,463430,3072417.00
2013/12/24,6.52,6.57,6.45,6.55,422532,2803143.00
2013/12/25,6.54,6.64,6.54,6.64,275450,1852532.00
2013/12/26,6.62,6.65,6.53,6.53,259890,1743493.00
2013/12/27,6.53,6.71,6.53,6.68,422314,2848576.00
2013/12/30,6.72,6.77,6.66,6.72,402245,2754182.00
2013/12/31,6.72,6.83,6.68,6.68,869085,5980797.00
2014/01/02,6.69,6.84,6.68,6.82,660810,4568537.00
2014/01/03,6.82,6.85,6.73,6.83,423745,2930631.00
2014/01/06,6.80,6.83,6.61,6.72,476350,3257138.00
2014/01/07,6.78,6.97,6.76,6.93,1919287,13497103.00
2014/01/08,6.87,6.95,6.78,6.85,1072328,7463052.00
2014/01/09,6.91,6.91,6.63,6.65,713134,4906663.00
2014/01/10,6.59,6.63,6.28,6.30,863329,5631867.00
2014/01/13,6.31,6.34,6.20,6.27,530113,3376694.00
2014/01/14,6.25,6.42,6.25,6.40,443667,2872397.00
2014/01/15,6.34,6.43,6.30,6.36,309080,2003281.00
2014/01/16,6.33,6.56,6.33,6.48,674572,4451690.00
2014/01/17,6.54,6.58,6.45,6.46,329935,2187499.00
2014/01/20,6.44,6.57,6.36,6.47,266364,1757395.00
2014/01/21,6.38,6.55,6.38,6.53,271512,1798577.00
2014/01/22,6.55,6.84,6.48,6.83,1108311,7549486.00
2014/01/23,6.83,6.94,6.79,6.93,1256851,8809862.00
2014/01/24,6.88,7.64,6.83,7.64,9344721,70547040.00
2014/01/27,8.03,8.42,7.33,7.34,14471161,114640656.00
2014/01/28,7.39,7.39,7.06,7.15,5639417,41348356.00
2014/01/29,7.14,7.26,7.05,7.12,3851960,27949990.00
2014/01/30,7.10,7.19,7.05,7.06,2789001,20177036.00
2014/02/07,7.03,7.09,6.91,7.09,2600682,18619266.00
2014/02/10,7.09,7.40,7.09,7.31,5078492,37516548.00
2014/02/11,7.31,7.39,7.18,7.35,3104736,22979024.00
2014/02/12,7.29,7.33,7.20,7.26,3499019,25781004.00
2014/02/13,7.21,7.59,7.18,7.38,5533165,41604468.00
2014/02/14,7.35,7.56,7.33,7.50,3705199,28050428.00
2014/02/17,7.50,7.56,7.42,7.53,2904438,22104024.00
2014/02/18,7.50,7.51,7.24,7.28,4308439,32052986.00
2014/02/19,7.26,7.35,7.25,7.29,1973582,14635241.00
2014/02/20,7.28,7.28,7.03,7.06,2636522,19161396.00
2014/02/21,7.04,7.10,6.91,6.95,2170638,15441777.00
2014/02/24,6.95,7.08,6.93,7.05,1480407,10589212.00
2014/02/25,7.05,7.23,6.84,6.94,2873709,20679354.00
2014/02/26,6.93,7.02,6.83,7.01,1257487,8899655.00
2014/02/27,7.04,7.07,6.88,6.92,1779666,12598896.00
2014/02/28,6.92,6.92,6.66,6.81,1924912,13303353.00
2014/03/03,6.76,7.04,6.76,7.03,2063694,14523611.00
2014/03/04,6.98,7.02,6.89,6.99,1316916,9316395.00
2014/03/05,7.02,7.12,6.95,7.03,1503669,10792395.00
2014/03/06,7.01,7.09,6.89,6.97,1262908,8975193.00
2014/03/07,6.91,7.02,6.88,6.95,980628,6926044.00
2014/03/10,6.88,7.00,6.65,6.67,1167837,8073395.00
2014/03/11,6.61,6.73,6.61,6.70,667895,4539145.00
2014/03/12,6.73,6.76,6.58,6.68,524001,3563885.00
2014/03/13,6.68,6.78,6.68,6.73,648444,4445550.00
2014/03/14,6.73,6.79,6.69,6.76,607483,4164094.00
2014/03/17,6.80,7.11,6.76,7.10,2640674,18814744.00
2014/03/18,7.18,7.34,7.11,7.18,4206215,30942564.00
2014/03/19,7.08,7.32,7.01,7.26,2802110,20484480.00
2014/03/20,7.20,7.29,6.95,6.97,2189611,15890282.00
2014/03/21,6.97,7.22,6.96,7.20,2156376,15572541.00
2014/03/24,7.29,7.48,7.26,7.30,3742222,28086434.00
2014/03/25,7.29,7.43,7.21,7.26,1907735,14175632.00
2014/03/26,7.27,7.43,7.26,7.33,1451307,10824691.00
2014/03/27,7.33,7.38,7.15,7.19,1559753,11491263.00
2014/03/28,7.18,7.20,7.00,7.00,1769429,12806759.00
2014/03/31,7.00,7.08,6.89,6.94,907527,6425203.00
2014/04/01,6.92,7.15,6.92,7.14,1516248,10832964.00
2014/04/02,7.16,7.23,7.06,7.13,1371590,9943113.00
2014/04/03,7.12,7.17,7.07,7.13,1014634,7332113.00
2014/04/04,7.09,7.22,7.09,7.17,1075072,7843919.00
2014/04/08,7.17,7.43,7.17,7.38,3186860,23826992.00
2014/04/09,7.41,7.43,7.31,7.40,2209273,16539582.00
2014/04/10,7.37,7.40,7.30,7.36,2050603,15313737.00
2014/04/11,7.33,7.50,7.32,7.48,2843952,21443288.00
2014/04/14,7.45,7.49,7.32,7.42,2046646,15404921.00
2014/04/15,7.38,7.51,7.36,7.40,2135752,16148576.00
2014/04/16,7.38,7.44,7.33,7.39,1316634,9886031.00
2014/04/17,7.39,7.57,7.39,7.51,3116839,23782962.00
2014/04/18,7.50,7.56,7.42,7.50,1423128,10813282.00
2014/04/21,7.53,7.53,7.19,7.31,2773253,20673934.00
2014/04/22,7.29,7.30,7.08,7.19,1428272,10434124.00
2014/04/23,7.19,7.28,7.16,7.24,950878,6986831.00
2014/04/24,7.26,7.26,6.99,7.00,1416035,10237216.00
2014/04/25,7.01,7.11,6.94,6.97,956803,6841115.00
2014/04/28,6.89,6.97,6.74,6.75,1315212,9089983.00
2014/04/29,6.76,6.88,6.74,6.86,766460,5322462.00
2014/04/30,6.86,6.94,6.82,6.91,758571,5322912.00
2014/05/05,6.91,6.97,6.81,6.96,870547,6106745.00
2014/05/06,6.91,6.99,6.90,6.97,818674,5796217.00
2014/05/07,6.97,6.98,6.84,6.84,790831,5557004.00
2014/05/08,6.84,6.96,6.81,6.89,634502,4462603.00
2014/05/09,6.94,6.94,6.79,6.90,876052,6097630.00
2014/05/12,6.93,7.08,6.89,7.05,990189,7055521.00
2014/05/13,7.05,7.08,7.01,7.03,414807,2974098.00
2014/05/14,7.03,7.07,6.98,7.01,730269,5214403.00
2014/05/15,7.05,7.05,6.90,6.92,544403,3869168.00
2014/05/16,6.96,6.96,6.76,6.86,494194,3438007.00
2014/05/19,6.83,6.94,6.80,6.93,413896,2892968.00
2014/05/20,6.94,7.01,6.93,6.95,425071,3011024.00
2014/05/21,6.96,7.02,6.90,7.02,357061,2536217.00
2014/05/22,7.03,7.09,6.88,6.95,443748,3172809.00
2014/05/23,7.00,7.04,6.93,7.02,400190,2854455.00
2014/05/26,7.06,7.07,7.00,7.03,588651,4203337.00
2014/05/27,7.03,7.14,7.01,7.03,575926,4139620.00
2014/05/28,7.08,7.10,7.01,7.09,800910,5750054.00
2014/05/29,7.13,7.17,7.06,7.09,869274,6293976.00
2014/05/30,7.09,7.12,7.04,7.11,467810,3365013.00
2014/06/03,7.11,7.32,7.06,7.20,2184692,16096003.00
2014/06/04,7.18,7.32,7.14,7.23,1273187,9348947.00
2014/06/05,7.25,7.40,7.20,7.39,2224649,16632391.00
2014/06/06,7.35,7.48,7.31,7.33,1653790,12401486.00
2014/06/09,7.31,7.40,7.20,7.25,904133,6716771.00
2014/06/10,7.28,7.37,7.22,7.34,934870,6960271.00
2014/06/11,7.35,7.38,7.18,7.27,1498602,11044871.00
2014/06/12,7.26,7.26,7.14,7.25,970900,7105655.00
2014/06/13,7.22,7.40,7.20,7.37,1543898,11533085.00
2014/06/16,7.33,7.39,7.28,7.38,1114018,8322908.00
2014/06/17,7.38,7.38,7.23,7.27,862973,6402838.00
2014/06/18,7.30,7.31,7.20,7.24,853968,6257123.00
2014/06/19,7.29,7.29,6.93,6.98,911712,6544257.00
2014/06/20,7.01,7.06,6.94,7.02,459438,3269093.00
2014/06/23,7.03,7.12,7.01,7.09,541867,3886337.00
2014/06/24,7.13,7.13,7.05,7.08,640066,4592832.00
2014/06/25,7.08,7.11,7.03,7.09,438990,3140569.00
2014/06/26,7.10,7.27,7.10,7.23,437020,3186494.00
2014/06/27,7.24,7.31,7.19,7.25,963020,7072443.00
2014/06/30,7.25,7.91,7.25,7.69,5447370,42218728.00
2014/07/01,7.60,7.67,7.51,7.64,2513570,19284228.00
2014/07/02,7.56,7.77,7.53,7.73,2786413,21624980.00
2014/07/03,7.74,7.75,7.59,7.61,1843323,14265046.00
2014/07/04,7.65,7.68,7.52,7.63,1437729,11036057.00
2014/07/07,7.69,7.71,7.55,7.68,1283643,9943253.00
2014/07/08,7.68,7.81,7.60,7.76,1454132,11363762.00
2014/07/09,7.74,8.09,7.71,7.80,4165721,33355600.00
2014/07/10,7.71,7.94,7.61,7.68,2039430,16044107.00
2014/07/11,7.63,7.84,7.61,7.81,1986495,15514386.00
2014/07/14,7.86,7.86,7.71,7.83,1494690,11764309.00
2014/07/15,7.84,7.98,7.74,7.84,1947464,15517463.00
2014/07/16,7.86,7.95,7.75,7.78,1160196,9217618.00
2014/07/17,7.74,7.76,7.54,7.68,1584322,12208105.00
2014/07/18,7.62,7.73,7.61,7.68,871755,6777547.00
2014/07/21,7.68,7.73,7.57,7.58,843155,6514848.00
2014/07/22,7.59,7.70,7.54,7.70,1104205,8522678.00
2014/07/23,7.67,7.84,7.62,7.68,1030522,8056596.00
2014/07/24,7.67,7.75,7.63,7.73,1149255,8939832.00
2014/07/25,7.73,7.89,7.73,7.82,1388588,11000276.00
2014/07/28,7.83,8.09,7.83,7.91,2333047,18790424.00
2014/07/29,7.91,8.00,7.84,7.87,1694579,13554801.00
2014/07/30,7.86,8.02,7.85,8.01,1897443,15275079.00
2014/07/31,8.03,8.33,7.91,8.20,3374114,27948956.00
2014/08/01,8.14,8.18,7.95,8.01,2071662,16888168.00
2014/08/04,7.93,8.30,7.93,8.23,2501497,20700358.00
2014/08/05,8.20,8.27,8.12,8.24,1617636,13374515.00
2014/08/06,8.22,8.31,8.16,8.24,1100599,9139409.00
2014/08/07,8.23,8.26,8.02,8.03,1759815,14444010.00
2014/08/08,8.08,8.14,8.02,8.11,1123404,9183377.00
2014/08/11,8.21,8.61,8.19,8.31,3712455,31417976.00
2014/08/12,8.23,8.47,8.21,8.42,3297032,28017602.00
2014/08/13,8.41,8.65,8.27,8.60,3718909,31913938.00
2014/08/14,8.58,8.67,8.48,8.49,2305985,19988460.00
2014/08/15,8.48,8.66,8.44,8.60,1559609,13472337.00
2014/08/18,8.60,8.85,8.56,8.82,2679328,23633654.00
2014/08/19,8.82,8.88,8.73,8.84,1545350,13721121.00
2014/08/20,8.80,8.86,8.68,8.74,2153409,19051060.00
2014/08/21,8.74,8.80,8.52,8.63,1831510,15987851.00
2014/08/22,8.68,8.78,8.61,8.73,1351095,11881873.00
2014/08/25,8.74,8.78,8.63,8.72,1042323,9172578.00
2014/08/26,8.71,8.80,8.52,8.64,2410658,21102842.00
2014/08/27,8.68,8.68,8.49,8.57,1540776,13327397.00
2014/08/28,8.57,8.66,8.53,8.57,1014118,8818989.00
2014/08/29,8.57,8.74,8.54,8.74,1151303,10080740.00
2014/09/01,8.74,8.91,8.64,8.85,1520400,13573722.00
2014/09/02,8.90,9.00,8.83,8.91,1808426,16301565.00
2014/09/03,9.00,9.05,8.85,8.93,1290908,11644744.00
2014/09/04,8.95,9.04,8.87,8.99,1128178,10213246.00
2014/09/05,9.01,9.21,8.96,9.21,1968921,18105636.00
2014/09/09,9.25,9.30,9.10,9.17,1662113,15406599.00
2014/09/10,9.14,9.35,9.09,9.35,1561006,14614596.00
2014/09/11,9.34,9.83,9.34,9.63,3694162,35865940.00
2014/09/12,9.65,9.73,9.43,9.68,2072528,20086336.00
2014/09/15,9.65,10.42,9.59,10.41,4645844,47826192.00
2014/09/16,10.41,10.91,10.00,10.16,7518952,79845624.00
2014/09/17,10.12,10.12,9.64,9.98,3215216,31981648.00
2014/09/18,9.90,10.06,9.84,9.96,1321757,13234824.00
2014/09/19,9.96,10.09,9.82,10.08,1685552,16926226.00
2014/09/22,10.01,10.18,9.87,10.09,1627515,16506293.00
2014/09/23,10.07,10.29,9.95,10.20,1788628,18273312.00
2014/09/24,10.21,10.51,10.18,10.49,2566050,26765688.00
2014/09/25,10.51,10.91,10.33,10.71,5080308,54393944.00
2014/09/26,10.71,10.76,10.51,10.61,1402763,15031105.00
2014/09/29,10.61,10.80,10.47,10.48,2163482,23011090.00
2014/09/30,10.51,10.74,10.45,10.50,1550793,16513745.00
2014/10/08,10.66,10.66,10.41,10.55,2071412,21986092.00
2014/10/09,10.56,10.63,10.32,10.48,1974636,20845704.00
2014/10/10,10.48,10.60,10.39,10.46,2183085,23076040.00
2014/10/13,10.45,10.58,10.32,10.54,1619870,17134218.00
2014/10/14,10.56,10.78,10.49,10.64,1678186,17991000.00
2014/10/15,10.64,10.78,10.54,10.71,1748200,18786892.00
2014/10/16,10.71,10.77,10.41,10.42,2244602,24019404.00
2014/10/17,10.41,10.46,9.71,9.81,4218951,42284232.00
2014/10/20,9.81,10.06,9.81,10.05,1564436,15646812.00
2014/10/21,10.06,10.08,9.81,9.86,989281,9925323.00
2014/10/22,9.86,9.95,9.52,9.56,1156143,11354658.00
2014/10/23,9.53,9.63,9.04,9.17,2198085,20620034.00
2014/10/24,9.16,9.35,9.11,9.25,1142445,10657764.00
2014/10/27,9.24,9.40,9.12,9.35,917350,8590676.00
2014/10/28,9.38,9.91,9.38,9.89,2130189,21026844.00
2014/10/29,9.88,10.31,9.82,10.08,3013143,30883250.00
2014/10/30,10.06,10.63,10.06,10.24,3012145,31515596.00
2014/10/31,10.13,10.31,10.11,10.31,2039701,21065354.00
2014/11/03,10.31,10.62,10.31,10.54,2548885,26939760.00
2014/11/04,10.42,10.58,10.31,10.53,2384881,25197676.00
2014/11/05,10.53,10.68,10.41,10.66,2945919,31436420.00
2014/11/06,10.56,11.30,10.53,11.17,6278559,69632208.00
2014/11/07,11.17,11.46,10.91,11.03,4829854,54529180.00
2014/11/10,11.09,11.24,10.92,10.96,2569904,28570304.00
2014/11/11,10.98,11.02,10.09,10.16,3438674,36335284.00
2014/11/12,10.16,10.55,9.92,10.51,1793033,18702028.00
2014/11/13,10.56,10.90,10.39,10.87,2693637,28972042.00
2014/11/14,10.78,11.00,10.62,10.89,2343140,25568716.00
2014/11/17,10.93,11.00,10.62,10.90,1727849,18772720.00
2014/11/18,10.91,11.96,10.83,11.28,4459074,51415912.00
2014/11/19,11.28,11.67,11.06,11.37,3591202,41099856.00
2014/11/20,11.31,11.41,11.15,11.22,1928251,21930004.00
2014/11/21,11.11,11.61,11.11,11.50,4262546,48868064.00
2014/11/24,11.50,11.90,11.44,11.77,5686560,67275088.00
2014/11/25,11.71,12.01,11.69,11.80,1937065,23064306.00
2014/11/26,11.77,11.88,11.37,11.52,2780680,32463094.00
2014/11/27,11.53,11.61,11.39,11.54,1938248,22454056.00
2014/11/28,11.57,11.77,11.31,11.34,2650717,30612176.00
2014/12/01,11.32,11.33,10.74,10.89,4541746,50192824.00
2014/12/02,10.89,11.46,10.78,11.07,4712101,52770768.00
2014/12/03,11.00,11.14,10.61,10.74,7464539,81075880.00
2014/12/04,10.76,10.90,10.61,10.84,5717511,62009656.00
2014/12/05,10.78,10.78,10.36,10.60,4629445,49337968.00
2014/12/08,10.56,10.56,10.31,10.51,4407899,46229052.00
2014/12/09,10.46,10.46,10.06,10.07,4849234,49726744.00
2014/12/10,9.90,10.44,9.81,10.43,3153295,32578602.00
2014/12/11,10.41,10.78,10.37,10.68,5270056,56617232.00
2014/12/12,10.68,10.74,10.57,10.65,2286327,24529892.00
2014/12/15,10.60,10.80,10.41,10.78,2830070,30265942.00
2014/12/16,11.08,11.22,10.67,10.78,4595368,50932088.00
2014/12/17,10.61,10.71,10.20,10.40,3201578,33584584.00
2014/12/18,10.38,10.41,10.21,10.38,1706463,17782816.00
2014/12/19,10.38,10.59,10.12,10.21,1894141,19688524.00
2014/12/22,10.21,10.21,9.37,9.50,4111395,40132884.00
2014/12/23,9.50,9.80,9.49,9.56,1230921,11962527.00
2014/12/24,9.51,10.21,9.51,10.04,2932862,29399478.00
2014/12/25,10.19,10.26,10.04,10.08,1456111,14860456.00
2014/12/26,10.19,10.34,10.11,10.28,2257656,23232712.00
2014/12/29,10.30,11.32,10.08,11.32,7590714,83106184.00
2014/12/30,11.11,11.29,10.49,10.61,8188158,89705752.00
2014/12/31,10.54,10.54,10.12,10.32,3169266,32865146.00
2015/01/05,10.27,10.75,9.83,10.38,3762184,38939524.00
2015/01/06,10.36,10.37,10.02,10.31,2966517,30446396.00
2015/01/07,10.28,10.29,10.11,10.21,1566990,16094028.00
2015/01/08,10.13,10.31,10.13,10.16,1835489,18943752.00
2015/01/09,10.12,10.30,10.03,10.04,1722001,17673856.00
2015/01/12,10.03,10.03,9.66,9.70,1858371,18444184.00
2015/01/13,9.63,9.99,9.62,9.97,1049353,10421676.00
2015/01/14,10.01,10.14,9.79,10.03,1042432,10507051.00
2015/01/15,10.03,10.15,9.99,10.05,873633,8870944.00
2015/01/16,10.03,10.30,9.98,10.18,1480996,15174161.00
2015/01/19,10.11,10.41,9.89,9.97,2329061,23808708.00
2015/01/20,10.01,10.27,10.01,10.21,1937545,19921720.00
2015/01/21,10.28,10.58,10.26,10.52,2864059,30340208.00
2015/01/22,10.49,10.95,10.41,10.72,4651509,50221616.00
2015/01/23,10.71,10.80,10.41,10.43,2585200,27575476.00
2015/01/26,10.58,10.62,10.32,10.61,2560240,27173562.00
2015/01/27,10.56,10.77,10.45,10.66,1991006,21335220.00
2015/01/28,10.61,10.97,10.52,10.71,5907478,64569804.00
2015/01/29,10.61,10.77,10.57,10.76,2213316,23917756.00
2015/01/30,10.76,10.84,10.41,10.45,2369271,25306724.00
2015/02/02,10.41,10.75,10.23,10.42,4999691,52674172.00
2015/02/03,10.39,10.73,10.37,10.55,4501712,47742080.00
2015/02/04,10.50,10.63,10.33,10.38,2819474,29916346.00
2015/02/05,10.46,10.50,9.98,10.14,3683879,37898128.00
2015/02/06,10.07,10.14,9.80,9.87,3515420,35114100.00
2015/02/09,9.85,9.94,9.61,9.89,1576702,15696231.00
2015/02/10,9.89,10.01,9.82,9.98,1504511,15067174.00
2015/02/11,9.93,10.07,9.93,10.07,1081619,10892963.00
2015/02/12,10.10,10.31,10.07,10.24,1830184,18808860.00
2015/02/13,10.27,10.43,10.25,10.31,3052329,31854172.00
2015/02/16,10.40,10.42,10.25,10.31,3864266,40222636.00
2015/02/17,10.30,10.41,10.28,10.33,3602700,37593760.00
2015/02/25,10.35,10.43,10.30,10.34,1883265,19693234.00
2015/02/26,10.37,10.66,10.37,10.59,2789019,29519420.00
2015/02/27,10.53,10.66,10.44,10.49,3800248,40437816.00
2015/03/02,10.53,10.85,10.52,10.68,6112326,65968052.00
2015/03/03,10.71,11.35,10.57,11.11,17267278,190339552.00
2015/03/04,11.09,11.43,10.87,11.30,9342296,104351880.00
2015/03/05,11.26,11.28,11.00,11.05,6009125,67261632.00
2015/03/06,11.00,11.26,10.97,11.07,5108903,57315064.00
2015/03/09,11.02,11.84,10.82,11.56,7930523,89525024.00
2015/03/10,11.53,11.79,11.21,11.60,8695957,100984376.00
2015/03/11,11.60,11.76,11.35,11.61,6805851,79430840.00
2015/03/12,11.61,11.75,11.20,11.33,7534959,86495152.00
2015/03/13,11.33,11.53,11.03,11.11,8397716,94721736.00
2015/03/16,11.10,11.73,11.10,11.73,12542720,145142352.00
2015/03/17,11.79,12.03,11.69,11.97,19352603,231988816.00
2015/03/18,12.05,12.09,11.71,11.97,12126752,145180816.00
2015/03/19,11.91,12.28,11.77,12.23,15131178,183842576.00
2015/03/20,12.17,12.31,12.06,12.16,9408850,115061008.00
2015/03/23,12.19,12.41,12.04,12.35,15697477,193481424.00
2015/03/24,12.34,12.71,12.02,12.44,12834353,159807728.00
2015/03/25,12.37,12.38,12.01,12.08,11950331,146838176.00
2015/03/26,12.17,12.40,12.08,12.30,12035443,148948048.00
2015/03/27,12.25,13.11,12.21,13.10,15888777,200384896.00
2015/03/30,12.79,13.72,12.72,13.53,22357399,299909280.00
2015/03/31,13.50,13.80,13.21,13.72,17428448,235637600.00
2015/04/01,13.61,13.82,13.44,13.55,17775928,242871200.00
2015/04/02,13.75,14.91,13.41,14.91,26000253,375012800.00
2015/04/03,14.99,16.41,14.91,16.41,22053200,358787360.00
2015/04/07,16.87,16.88,15.78,16.17,26599105,433540416.00
2015/04/08,16.06,16.20,15.22,15.76,17816298,281488064.00
2015/04/09,15.77,15.85,14.31,15.01,17575349,264119776.00
2015/04/10,14.91,15.76,14.71,15.46,14227891,220683296.00
2015/04/13,15.39,16.80,15.39,16.25,21522105,348176864.00
2015/04/14,16.31,16.41,15.71,15.76,11453937,184487840.00
2015/04/15,15.75,15.75,14.61,14.91,12392452,188303040.00
2015/04/16,14.63,15.41,14.41,15.19,9529270,144750944.00
2015/04/17,15.11,15.34,14.96,15.29,10389826,158651760.00
2015/04/20,15.19,15.19,14.46,14.49,12140678,180920912.00
2015/04/21,14.51,15.68,14.51,15.51,10800310,164708096.00
2015/04/22,15.76,16.21,15.53,15.98,12637012,202347696.00
2015/04/23,16.12,17.31,15.86,16.55,17280304,289211200.00
2015/04/24,16.50,16.89,16.11,16.73,14250704,235634912.00
2015/04/27,16.71,17.17,16.43,16.45,12932550,217377792.00
2015/04/28,16.56,16.69,14.98,15.42,10896352,172174464.00
2015/04/29,15.41,16.27,15.01,15.86,9415161,148599088.00
2015/04/30,15.76,16.00,15.44,15.51,7058800,110901552.00
2015/05/04,15.50,15.79,15.09,15.51,6919089,107509816.00
2015/05/05,15.51,15.87,15.18,15.38,8700346,135382064.00
2015/05/06,15.41,16.14,15.36,15.62,8567868,135818272.00
2015/05/07,15.59,15.71,14.85,14.98,6455071,99328392.00
2015/05/08,15.21,15.98,15.01,15.89,7563617,117577728.00
2015/05/11,15.77,16.53,15.62,16.43,13752393,224185984.00
2015/05/12,16.46,16.81,16.19,16.72,14141089,234675840.00
2015/05/13,16.54,18.40,16.44,18.37,23567398,420259776.00
2015/05/14,18.31,18.74,17.84,18.67,15259152,281025440.00
2015/05/15,18.91,20.55,18.91,20.55,29030589,584711936.00
2015/05/18,19.11,19.51,18.49,18.51,41686017,792164224.00
2015/05/19,18.52,18.52,17.68,18.11,24464440,441200640.00
2015/05/20,18.11,18.75,17.81,18.12,19940438,366152768.00
2015/05/21,18.15,18.54,17.72,18.45,16528379,301600256.00
2015/05/22,18.50,18.75,18.11,18.13,19262084,355618912.00
2015/05/25,17.81,18.68,17.51,18.36,20587018,375725568.00
2015/05/26,18.21,19.41,18.21,19.30,28453361,541201024.00
2015/05/27,19.32,19.32,18.41,18.64,21613673,407249568.00
2015/05/28,18.56,19.29,17.56,17.79,22601332,424105664.00
2015/05/29,17.56,18.11,16.61,17.60,15138202,265610080.00
2015/06/01,17.64,18.39,17.61,18.36,12668279,229680144.00
2015/06/02,18.37,19.11,17.97,19.04,21196129,396309664.00
2015/06/03,19.04,20.41,19.04,19.82,24686247,488131744.00
2015/06/04,19.72,19.77,18.01,19.12,15699433,298063840.00
2015/06/05,19.23,20.55,19.23,19.74,21711687,433832800.00
2015/06/08,19.70,21.72,19.70,21.72,28898575,623087040.00
2015/06/09,21.92,23.46,21.45,22.23,36196300,805874112.00
2015/06/10,21.81,23.91,21.31,23.04,25041379,578326080.00
2015/06/11,23.01,25.30,22.91,24.98,25857700,635968704.00
2015/06/12,25.01,25.91,24.42,25.48,21865517,551126784.00
2015/06/15,25.41,25.48,23.80,24.39,17370652,430357856.00
2015/06/16,24.10,26.40,23.41,25.48,25363156,643872512.00
2015/06/17,25.07,25.96,22.92,24.44,25831874,624088256.00
2015/06/18,23.62,25.02,23.61,23.77,13621786,332994880.00
2015/06/19,22.91,23.41,21.38,21.38,13840259,304869440.00
2015/06/23,20.94,21.84,19.24,20.83,14415861,288782432.00
2015/06/24,20.94,21.43,20.24,21.10,14465013,304296000.00
2015/06/25,21.14,21.34,18.98,18.98,18963697,378058496.00
2015/06/26,18.33,18.33,17.08,17.08,12177350,210761104.00
2015/06/29,17.23,17.39,15.37,15.37,16194488,256082656.00
2015/06/30,14.34,16.44,13.83,16.32,18834737,279752864.00
2015/07/01,15.84,16.44,14.68,14.89,17350489,271675072.00
2015/07/02,14.90,14.96,13.40,13.40,11751796,161198608.00
2015/07/03,12.23,13.19,12.05,12.05,12506380,153534688.00
2015/07/06,13.24,13.24,10.84,10.84,13673333,159289184.00
2015/07/07,9.82,9.94,9.75,9.75,3375500,33181314.00
2015/07/08,8.77,8.77,8.77,8.77,694900,6135967.00
2015/07/09,7.89,9.65,7.89,9.65,26635120,231142384.00
2015/07/10,10.04,10.62,9.94,10.62,8229051,86022936.00
2015/07/13,11.14,11.69,10.92,11.69,16798847,194746000.00
2015/07/14,12.28,12.87,11.97,12.87,27727750,349846912.00
2015/07/15,12.44,12.52,11.58,11.63,16701706,198687664.00
2015/07/16,10.57,12.28,10.57,11.84,13439308,155856480.00
2015/07/17,11.94,12.78,11.74,12.58,23665445,293034432.00
2015/07/20,12.57,13.32,12.37,12.72,17626320,227240992.00
2015/07/21,12.56,13.10,12.28,12.76,16382625,210616016.00
2015/07/22,12.74,14.04,12.59,14.04,30780219,411220256.00
2015/07/23,14.14,15.38,13.94,14.94,29389527,430986816.00
2015/07/24,14.74,15.79,14.27,14.65,23260700,354582944.00
2015/07/27,14.05,15.29,13.18,13.33,27347101,398321536.00
2015/07/28,12.15,13.92,12.07,13.05,15752476,204107392.00
2015/07/29,13.28,14.09,12.53,13.96,11323301,151412576.00
2015/07/30,13.74,14.89,12.98,14.03,15748870,227286528.00
2015/07/31,13.67,14.23,13.44,13.75,9689476,134436448.00
2015/08/03,13.36,13.62,12.37,12.37,11975802,151493424.00
2015/08/04,12.14,13.61,11.45,13.44,20128916,254019296.00
2015/08/05,13.21,13.49,12.84,13.22,10732048,142530160.00
2015/08/06,12.79,13.52,12.34,12.90,6347973,83095352.00
2015/08/07,12.94,13.69,12.94,13.60,9756833,131161784.00
2015/08/10,13.84,14.81,13.71,14.57,13211744,189714128.00
2015/08/11,14.54,15.22,14.34,15.08,16021103,239237856.00
2015/08/12,14.84,16.34,14.64,15.22,15696169,245972160.00
2015/08/13,15.09,15.94,14.96,15.79,10927148,170385184.00
2015/08/14,15.99,16.92,15.99,16.82,16877837,280372832.00
2015/08/17,17.03,18.51,16.71,18.49,19167161,340346240.00
2015/08/18,18.24,18.71,16.64,16.64,21606075,373712672.00
2015/08/19,15.94,17.23,14.97,17.03,19484160,309607008.00
2015/08/20,16.54,16.79,15.54,16.16,13003236,211650144.00
2015/08/21,15.44,16.13,14.82,15.06,8747703,135788480.00
2015/08/24,14.54,14.54,13.55,13.55,6525489,90821112.00
2015/08/25,12.19,12.38,12.19,12.19,8050882,98639984.00
2015/08/26,12.29,12.29,10.97,10.97,17956000,205576128.00
2015/08/27,10.99,11.44,9.87,11.14,16551400,175668288.00
2015/08/28,11.37,12.14,10.96,12.05,16996072,194720896.00
2015/08/31,11.89,11.93,10.89,11.06,10457321,120357600.00
2015/09/01,10.84,10.91,9.95,9.95,11804144,119970592.00
2015/09/02,8.95,10.09,8.95,8.95,14561370,134719600.00
2015/09/07,9.14,9.62,8.88,9.30,9425438,88286184.00
2015/09/08,9.05,10.21,8.95,10.07,9121700,87327808.00
2015/09/09,10.14,10.82,10.10,10.54,9961662,105432800.00
2015/09/10,10.44,10.70,10.22,10.34,7925350,83483336.00
2015/09/11,10.39,10.69,10.27,10.65,8231700,86832392.00
2015/09/14,10.91,11.72,10.49,10.65,25591761,287070624.00
2015/09/15,9.93,10.28,9.58,9.58,9432531,93852672.00
2015/09/16,9.65,10.54,9.59,10.54,8704395,88244888.00
2015/09/17,10.63,11.25,10.32,10.35,9296068,101157688.00
2015/09/18,10.29,11.02,10.29,10.86,7385529,79463224.00
2015/09/21,10.72,11.41,10.44,11.40,6143170,68716064.00
2015/09/22,11.57,11.57,10.98,11.32,7555051,85564440.00
2015/09/23,10.95,11.15,10.60,10.86,4509051,49588804.00
2015/09/24,10.99,11.40,10.80,11.03,8428390,93493888.00
2015/09/25,10.91,11.19,10.54,10.60,5107800,55560700.00
2015/09/28,10.60,10.74,10.45,10.74,3279427,35050980.00
2015/09/29,10.44,10.63,10.15,10.35,3089050,32349186.00
2015/09/30,10.51,10.53,10.22,10.34,2131556,22230370.00
2015/10/08,10.74,10.93,10.56,10.84,3748805,40714520.00
2015/10/09,10.76,11.06,10.72,10.97,5486587,60203200.00
2015/10/12,10.99,11.97,10.99,11.86,8073746,94731120.00
2015/10/13,11.84,11.99,11.59,11.95,6811113,80851344.00
2015/10/14,11.82,12.44,11.75,12.07,9043147,109617360.00
2015/10/15,11.93,12.61,11.93,12.54,9723670,121062496.00
2015/10/16,12.59,13.02,12.44,12.71,8818712,112669216.00
2015/10/19,12.69,12.83,12.44,12.54,6040453,76373080.00
2015/10/20,12.40,12.81,12.40,12.67,5602578,71186840.00
2015/10/21,12.61,13.09,11.40,11.86,11090639,136142912.00
2015/10/22,11.69,12.27,11.54,12.17,8359400,100010064.00
2015/10/23,12.19,12.65,11.98,12.40,6841645,83966896.00
2015/10/26,12.64,12.69,12.23,12.64,8449914,106335976.00
2015/10/27,12.57,12.92,11.90,12.91,6837348,85634432.00
2015/10/28,12.69,13.25,12.69,12.98,10651375,139335616.00
2015/10/29,13.00,13.20,12.79,13.05,5688512,74337152.00
2015/10/30,13.05,13.08,12.15,12.91,5637215,72620648.00
2015/11/02,12.54,13.24,12.43,12.93,7140056,92767640.00
2015/11/03,12.99,13.04,12.32,12.65,5987683,76154544.00
2015/11/04,12.56,13.83,12.56,13.72,14889963,197970816.00
2015/11/05,13.79,14.43,13.51,14.30,13316002,185719680.00
2015/11/06,14.19,15.16,13.99,14.43,18050002,267479328.00
2015/11/09,14.24,15.08,14.19,14.90,15009527,223870608.00
2015/11/10,14.54,15.94,14.54,15.66,10678465,166323664.00
2015/11/11,15.62,15.93,15.30,15.70,6749059,105370304.00
2015/11/12,15.54,16.54,15.15,16.35,12892473,205346576.00
2015/11/13,16.12,16.74,15.42,15.61,9472571,151892208.00
2015/11/16,14.99,15.74,14.82,15.66,8115901,123031416.00
2015/11/17,15.55,15.74,14.84,14.93,7834465,120374320.00
2015/11/18,15.01,15.09,14.31,14.41,5970471,88100592.00
2015/11/19,14.44,15.06,14.44,14.99,5118616,75790008.00
2015/11/20,14.84,15.15,14.77,14.92,5680828,85311008.00
2015/11/23,15.19,15.51,15.02,15.23,6702758,102701288.00
2015/11/24,15.44,15.44,14.51,15.05,5618126,83771232.00
2015/11/25,14.94,15.13,14.84,15.10,6514428,97953504.00
2015/11/26,15.12,15.68,15.09,15.59,12841993,197744224.00
2015/11/27,15.54,15.92,14.03,14.52,14583923,225532192.00
2015/11/30,14.43,14.45,13.22,13.72,10977998,151689344.00
2015/12/01,13.76,13.94,12.96,13.34,11613045,156487952.00
2015/12/02,13.41,13.58,12.63,13.43,8033021,105643688.00
2015/12/03,13.34,13.82,13.28,13.78,5402241,73660472.00
2015/12/04,13.69,13.82,13.52,13.79,5757476,78976440.00
2015/12/07,13.71,14.18,13.59,14.00,5398868,75422056.00
2015/12/08,14.03,14.03,13.47,13.56,4532061,62301872.00
2015/12/09,13.56,13.80,13.46,13.61,4495634,61616828.00
2015/12/10,13.52,13.74,13.35,13.39,4133482,56317416.00
2015/12/11,13.34,14.18,13.24,14.14,7654143,105345672.00
2015/12/14,13.88,14.23,13.54,14.17,6347120,89135080.00
2015/12/15,14.11,14.19,13.99,14.04,5002795,70708752.00
2015/12/16,14.05,14.36,14.02,14.08,5332341,75972080.00
2015/12/17,14.09,14.51,14.09,14.48,6966937,100472496.00
2015/12/18,14.43,14.74,14.39,14.65,6567730,95990968.00
2015/12/21,14.64,14.84,14.53,14.67,6358190,93622776.00
2015/12/22,14.69,15.23,14.60,15.17,7365515,110670280.00
2015/12/23,15.55,15.61,14.92,15.39,8429763,128955768.00
2015/12/24,15.33,15.44,14.76,15.10,6079881,91952696.00
2015/12/25,15.14,16.19,15.10,16.13,13632400,215823056.00
2015/12/28,16.04,17.16,15.71,16.07,15705490,258985520.00
2015/12/29,16.17,16.60,15.69,16.46,9962214,161373232.00
2015/12/30,16.46,17.00,16.16,16.78,9231760,154971136.00
2015/12/31,16.86,16.88,15.86,16.05,7891245,129372736.00
2016/01/04,15.87,16.05,14.44,14.44,7310696,109391920.00
2016/01/05,13.09,14.44,13.09,13.93,8787599,122403552.00
2016/01/06,13.88,14.34,13.88,14.14,9204526,129998016.00
2016/01/07,13.84,13.90,12.72,12.80,1699015,22532118.00
2016/01/08,13.26,13.44,11.52,12.85,8129573,105539816.00
2016/01/11,12.04,12.87,11.56,11.57,6521798,79463016.00
2016/01/12,11.32,11.84,11.06,11.58,6896157,79308656.00
2016/01/13,11.55,11.91,11.15,11.15,5666188,66340720.00
2016/01/14,10.54,11.64,10.44,11.59,5890332,65899328.00
2016/01/15,11.44,11.92,10.74,11.30,6463836,74039888.00
2016/01/18,11.07,11.84,10.85,11.59,4662991,53494528.00
2016/01/19,11.56,12.12,11.38,11.99,3660262,43474888.00
2016/01/20,11.88,12.34,11.74,12.16,4421681,53524896.00
2016/01/21,11.94,12.49,11.62,11.65,4476345,54410004.00
2016/01/22,11.84,11.99,11.42,11.80,2998491,35313664.00
2016/01/25,11.82,12.18,11.80,12.02,3672784,44256168.00
2016/01/26,12.02,12.02,10.81,10.81,4314288,48956056.00
2016/01/27,10.69,10.91,10.00,10.69,5342064,56198168.00
2016/01/28,10.63,10.84,10.17,10.53,3635122,38710656.00
2016/01/29,10.53,11.42,10.39,11.00,6931458,76032336.00
2016/02/01,10.97,11.00,10.59,10.85,4975050,53794836.00
2016/02/02,10.86,11.34,10.82,11.23,5401322,60311768.00
2016/02/03,11.07,11.24,10.75,11.21,2991161,33005194.00
2016/02/04,11.18,11.62,11.18,11.50,3946205,45471976.00
2016/02/05,11.58,11.58,11.15,11.26,2861791,32701574.00
2016/02/15,10.88,11.21,10.16,11.19,2366474,26026494.00
2016/02/16,11.21,11.74,11.11,11.66,4476071,51936716.00
2016/02/17,11.63,11.94,11.55,11.83,3604344,42607544.00
2016/02/18,11.83,11.94,11.62,11.70,2655955,31396984.00
2016/02/19,11.60,11.94,11.60,11.84,2716954,32182182.00
2016/02/22,11.98,12.16,11.86,12.11,3001367,36278384.00
2016/02/23,12.14,12.18,11.76,11.94,2472303,29676296.00
2016/02/24,11.89,12.32,11.79,12.16,3590704,43570520.00
2016/02/25,12.14,12.15,10.94,10.94,4049156,46826856.00
2016/02/26,11.13,11.13,10.43,10.72,4104494,44491348.00
2016/02/29,10.74,10.75,9.64,9.64,3855266,38615580.00
2016/03/01,9.73,9.94,9.44,9.82,8124498,79345448.00
2016/03/02,9.76,10.48,9.76,10.44,6270860,64109336.00
2016/03/03,10.39,10.87,10.32,10.77,6542496,69921856.00
2016/03/04,10.71,10.83,10.01,10.58,5377854,56574336.00
2016/03/07,10.61,11.04,10.57,10.78,4063432,43960172.00
2016/03/08,10.94,10.94,10.04,10.71,5581280,58375456.00
2016/03/09,10.44,10.58,10.21,10.30,2880465,30060644.00
2016/03/10,10.35,10.40,10.11,10.24,4255840,44013252.00
2016/03/11,10.22,10.29,9.94,10.24,3758061,38486720.00
2016/03/14,10.42,10.93,10.30,10.82,11224578,120797408.00
2016/03/15,10.77,10.93,10.52,10.67,5173296,55835056.00
2016/03/16,11.04,11.14,10.61,10.66,7542260,82735728.00
2016/03/17,10.80,11.03,10.62,10.94,5663958,61888148.00
2016/03/18,10.96,11.46,10.95,11.40,8311641,94185496.00
2016/03/21,11.51,11.73,11.40,11.70,4998476,58201656.00
2016/03/22,11.64,11.92,11.44,11.80,6401613,75347208.00
2016/03/23,11.77,11.86,11.52,11.73,7473043,87483808.00
2016/03/24,11.64,11.87,11.42,11.78,6322739,74078248.00
2016/03/25,11.57,11.72,11.54,11.67,3449337,40272912.00
2016/03/28,11.74,11.93,11.51,11.56,6152786,72828384.00
2016/03/29,11.58,11.63,11.04,11.17,6706046,75668840.00
2016/03/30,11.18,11.71,11.18,11.64,6592204,76108920.00
2016/03/31,11.63,12.81,11.63,12.80,24866903,308486496.00
2016/04/01,12.63,12.63,12.00,12.19,12410365,152906448.00
2016/04/05,12.35,12.90,12.09,12.62,11536465,146131232.00
2016/04/06,12.57,13.52,12.54,13.18,13849893,182857952.00
2016/04/07,13.12,13.21,12.64,12.72,9151276,118580576.00
2016/04/08,12.44,13.49,12.35,13.20,14227836,186652896.00
2016/04/11,13.38,14.53,13.19,14.10,17566970,245737136.00
2016/04/12,14.04,14.04,13.45,13.77,10902913,150040880.00
2016/04/13,13.77,14.34,13.67,13.70,9583931,134704864.00
2016/04/14,13.79,13.95,13.60,13.92,7002104,96867640.00
2016/04/15,13.92,15.14,13.77,14.62,18966021,279650848.00
2016/04/18,14.44,14.62,14.19,14.53,6880250,99516464.00
2016/04/19,14.49,14.69,13.93,14.23,7858165,112689920.00
2016/04/20,14.22,14.34,12.94,13.37,10404699,141256352.00
2016/04/21,13.24,13.64,13.05,13.30,8545521,114046080.00
2016/04/22,13.14,13.44,13.06,13.37,5448544,72597480.00
2016/04/25,13.21,13.44,12.64,13.41,7713660,100807512.00
2016/04/26,13.14,13.66,13.14,13.51,7262903,97928456.00
2016/04/27,13.41,14.17,13.41,13.55,7259781,100483144.00
2016/04/28,13.54,13.71,12.95,13.47,7055518,94447968.00
2016/04/29,13.41,13.60,13.19,13.40,3272908,44167620.00
2016/05/03,13.29,13.89,13.29,13.86,6215589,85631864.00
2016/05/04,13.77,14.07,13.72,13.78,4799615,66994148.00
2016/05/05,13.74,13.93,13.48,13.83,4573087,63031900.00
2016/05/06,13.82,13.87,12.44,12.54,11089341,144285104.00
2016/05/09,11.94,12.14,11.59,11.78,9628490,114926232.00
2016/05/10,11.82,11.88,11.30,11.43,5673181,66089584.00
2016/05/11,11.54,11.62,11.33,11.34,3928425,45332380.00
2016/05/12,11.27,11.27,10.75,10.98,7720083,84835072.00
2016/05/13,11.01,11.37,10.95,11.20,6059632,68278720.00
2016/05/16,11.27,11.62,11.18,11.60,4840072,55568476.00
2016/05/17,11.53,11.75,11.39,11.54,3949460,45869712.00
2016/05/18,11.25,11.32,10.85,10.98,3672078,40597484.00
2016/05/19,10.94,11.29,10.93,11.01,4865708,54138176.00
2016/05/20,10.80,11.12,10.80,11.12,3007452,33249052.00
2016/05/23,11.19,11.60,11.13,11.36,5744261,65585656.00
2016/05/24,11.33,11.92,11.32,11.57,6566490,76643232.00
2016/05/25,11.55,11.72,11.32,11.43,3027788,35057020.00
2016/05/26,11.59,11.82,11.38,11.79,7063201,82628064.00
2016/05/27,11.74,11.94,11.54,11.90,4951860,58373560.00
2016/05/30,11.84,11.91,11.54,11.62,3368315,39707684.00
2016/05/31,11.71,12.30,11.58,12.11,7359733,88537264.00
2016/06/01,12.18,12.39,11.99,12.08,7731747,94623960.00
2016/06/02,11.97,12.17,11.92,12.06,4535836,54875800.00
2016/06/03,12.10,12.22,11.99,12.10,4345045,52836064.00
2016/06/06,12.10,12.39,11.94,12.21,8180306,99690192.00
2016/06/07,12.16,12.33,12.04,12.07,5198853,63588496.00
2016/06/08,12.06,12.42,11.99,12.29,7223490,88645008.00
2016/06/13,12.06,12.38,11.83,11.84,6680689,81173712.00
2016/06/14,11.89,11.89,11.54,11.67,3932043,46141064.00
2016/06/15,11.69,12.74,11.54,12.61,8816693,108485632.00
2016/06/16,12.61,13.87,12.33,12.90,5971463,75239376.00
2016/06/17,12.84,13.33,12.80,13.02,8906057,117219808.00
2016/06/20,12.74,12.84,12.19,12.46,6935949,86725704.00
2016/06/21,12.49,12.61,12.16,12.23,4219517,52398288.00
2016/06/22,12.23,12.45,12.04,12.44,4294159,52875936.00
2016/06/23,12.41,12.55,12.27,12.33,2724346,33861040.00
2016/06/24,12.38,12.44,11.62,12.11,4553397,55023564.00
2016/06/27,12.06,12.39,12.00,12.38,3921444,48039360.00
2016/06/28,12.36,12.64,12.12,12.56,4245274,52747660.00
2016/06/29,12.52,12.67,12.46,12.52,3530202,44410184.00
2016/06/30,12.48,12.57,12.26,12.32,4864572,60343400.00
2016/07/01,12.35,12.56,12.27,12.47,5548100,68886432.00
2016/07/04,12.42,12.82,12.37,12.70,5709146,72332752.00
2016/07/05,12.71,13.24,12.69,12.99,7388632,96676112.00
2016/07/06,13.00,13.27,12.85,13.26,5588870,73523872.00
2016/07/07,13.17,13.25,12.91,13.07,4331013,56663184.00
2016/07/08,13.01,13.15,12.89,12.92,2782473,36121200.00
2016/07/11,12.96,13.04,12.80,12.85,3888194,50446716.00
2016/07/12,12.83,13.14,12.77,13.11,4259119,55338640.00
2016/07/13,13.12,13.19,13.03,13.09,3972814,52100988.00
2016/07/14,13.09,13.30,13.00,13.27,4201952,55498528.00
2016/07/15,13.31,13.31,13.09,13.10,3338531,44056024.00
2016/07/18,13.06,13.13,12.79,12.93,3659618,47494360.00
2016/07/19,12.91,13.02,12.87,13.02,1916074,24862218.00
2016/07/20,13.03,13.16,12.98,12.98,3033807,39691324.00
2016/07/21,13.00,13.18,12.92,13.05,3486940,45612112.00
2016/07/22,13.05,13.07,12.85,12.87,2348419,30448838.00
2016/07/25,12.87,13.07,12.83,12.93,2510361,32700664.00
2016/07/26,12.93,13.22,12.87,13.20,5090599,66887460.00
2016/07/27,13.15,13.30,12.00,12.27,7590727,96213512.00
2016/07/28,12.26,12.39,12.01,12.26,3797933,46595688.00
2016/07/29,12.29,12.41,12.22,12.25,2399119,29629516.00
2016/08/01,12.25,12.25,11.82,11.97,3561192,42725536.00
2016/08/02,12.00,12.35,11.99,12.26,1943233,23614276.00
2016/08/03,12.25,12.39,12.19,12.32,2585814,31867812.00
2016/08/04,12.28,12.54,12.26,12.44,2566086,31922696.00
2016/08/05,12.48,12.55,12.27,12.40,2081964,25938236.00
2016/08/08,12.35,12.53,12.16,12.53,2573383,31944392.00
2016/08/09,12.49,12.73,12.44,12.61,2562872,32407640.00
2016/08/10,12.62,12.72,12.46,12.51,2678605,33880024.00
2016/08/11,12.48,12.57,12.43,12.44,2012270,25190328.00
2016/08/12,12.44,12.54,12.37,12.53,1757297,21959868.00
2016/08/15,12.57,12.87,12.51,12.85,4155001,52919084.00
2016/08/16,12.85,12.95,12.78,12.87,4592705,59287192.00
2016/08/17,12.84,13.04,12.83,12.97,3768905,48960980.00
2016/08/18,12.97,13.11,12.88,12.99,4458738,58088480.00
2016/08/19,13.00,13.22,12.90,13.09,4040553,52886128.00
2016/08/22,13.03,13.15,12.81,12.82,3704093,48152264.00
2016/08/23,12.84,13.10,12.82,13.00,3146439,40929288.00
2016/08/24,13.00,13.09,12.95,13.06,2623171,34234236.00
2016/08/25,13.04,13.06,12.83,13.02,2561666,33230004.00
2016/08/26,13.06,13.31,13.03,13.13,4657495,61652920.00
2016/08/29,13.09,13.25,13.01,13.17,3129534,41250156.00
2016/08/30,13.13,13.76,13.12,13.61,11562540,156790016.00
2016/08/31,13.54,13.54,13.22,13.42,5457482,73091496.00
2016/09/01,13.33,13.47,13.13,13.15,5620723,74812976.00
2016/09/02,13.09,13.22,13.00,13.14,3860170,50684872.00
2016/09/05,13.07,13.26,13.07,13.20,3045791,40267000.00
2016/09/06,13.20,13.41,13.02,13.39,4526514,59890788.00
2016/09/07,13.37,13.59,13.11,13.16,9158947,122502880.00
2016/09/08,13.20,13.30,13.12,13.26,4300430,56989960.00
2016/09/09,13.27,13.59,13.27,13.46,7706475,104050768.00
2016/09/12,13.17,13.22,12.77,12.86,6601080,85933144.00
2016/09/13,12.87,13.06,12.87,13.02,2432618,31585536.00
2016/09/14,12.91,13.19,12.78,12.81,4589354,59615320.00
2016/09/19,12.79,13.26,12.79,13.26,5361020,70386504.00
2016/09/20,13.25,13.28,13.12,13.19,3266031,43189464.00
2016/09/21,13.17,13.51,13.17,13.30,4095238,54927024.00
2016/09/22,13.39,13.54,13.27,13.41,3210472,43076180.00
2016/09/23,13.46,13.65,13.36,13.59,6518074,88313040.00
2016/09/26,13.61,13.67,13.11,13.15,5494445,73863624.00
2016/09/27,13.10,13.26,13.03,13.22,3287944,43294716.00
2016/09/28,13.16,13.73,13.09,13.67,7645453,103474840.00
2016/09/29,13.58,14.34,13.58,14.00,10585981,147460992.00
2016/09/30,13.96,14.18,13.75,14.02,7753288,108778112.00
2016/10/10,13.99,14.32,13.85,14.26,7117439,100298728.00
2016/10/11,14.17,14.30,14.11,14.18,5197506,73860776.00
2016/10/12,14.11,14.73,14.11,14.56,10861474,157147392.00
2016/10/13,14.49,14.63,14.35,14.46,5265135,76305040.00
2016/10/14,14.37,14.48,14.09,14.21,4519199,64453336.00
2016/10/17,14.17,14.31,13.88,13.96,5127652,72606680.00
2016/10/18,13.96,14.29,13.90,14.24,5772803,81823992.00
2016/10/19,14.22,14.47,14.19,14.26,4297923,61554040.00
2016/10/20,14.31,14.33,14.04,14.13,4834235,68427504.00
2016/10/21,14.13,14.19,13.69,13.98,5431799,75853520.00
2016/10/24,13.93,14.20,13.93,14.12,3506074,49409396.00
2016/10/25,14.13,14.40,14.12,14.19,5754333,82407200.00
2016/10/26,14.15,14.59,14.14,14.36,7215779,104143568.00
2016/10/27,14.31,14.34,14.11,14.25,3752772,53442292.00
2016/10/28,14.25,14.41,14.01,14.03,4009353,56819756.00
2016/10/31,14.01,14.01,13.69,13.80,3723871,51525984.00
2016/11/01,13.83,14.04,13.78,14.01,3504294,48903816.00
2016/11/02,13.97,14.05,13.77,13.86,3992991,55575992.00
2016/11/03,13.88,14.16,13.80,14.06,5236717,73455296.00
2016/11/04,14.03,14.12,13.77,13.88,4957903,69236704.00
2016/11/07,13.83,14.02,13.74,14.01,4169878,58099664.00
2016/11/08,14.05,14.77,13.98,14.40,8618953,123720328.00
2016/11/09,14.54,14.59,14.13,14.31,7007631,101049704.00
2016/11/10,14.46,14.62,14.32,14.46,6018373,87290664.00
2016/11/11,14.53,14.85,14.47,14.56,6822096,99949640.00
2016/11/14,14.48,14.75,14.35,14.53,6634658,96423520.00
2016/11/15,14.50,15.17,14.36,15.03,15291191,227211504.00
2016/11/16,14.97,15.14,14.85,15.06,8951712,134608096.00
2016/11/17,15.06,15.74,14.99,15.58,13645209,211523216.00
2016/11/18,15.52,15.65,15.25,15.52,6158039,95114048.00
2016/11/21,15.47,15.56,15.27,15.47,6341299,97993616.00
2016/11/22,15.47,15.72,15.46,15.63,6435262,100420928.00
2016/11/23,15.63,16.07,15.17,15.79,12480425,193292960.00
2016/11/24,15.60,16.01,15.59,15.97,7828920,124594160.00
2016/11/25,15.80,16.47,15.24,16.22,12165530,193055424.00
2016/11/28,16.07,16.68,16.07,16.60,6839343,112954520.00
2016/11/29,16.54,17.24,16.32,16.34,11762104,197110304.00
2016/11/30,17.37,17.98,17.00,17.98,22051719,392811328.00
2016/12/01,18.46,19.78,17.79,19.78,16913930,321486144.00
2016/12/02,20.47,21.27,18.98,19.44,26161024,522027456.00
2016/12/05,18.01,18.37,17.49,17.49,13637284,243927968.00
2016/12/06,16.97,17.25,16.35,16.43,18388201,307812960.00
2016/12/07,16.57,16.86,16.37,16.80,14061445,234527760.00
2016/12/08,16.76,18.48,16.59,18.48,17162737,305503456.00
2016/12/09,18.97,19.47,18.07,18.21,24274800,456071808.00
2016/12/12,18.57,18.65,16.96,17.88,19589100,347311072.00
2016/12/13,17.47,19.67,16.88,19.67,25460009,476523776.00
2016/12/14,20.37,20.65,19.10,19.50,33492674,664367168.00
2016/12/15,18.72,20.87,18.55,20.04,27608642,547912640.00
2016/12/16,19.82,20.10,18.73,18.91,20343327,393216992.00
2016/12/19,18.76,19.26,18.17,18.50,12312429,229550848.00
2016/12/20,18.30,18.66,17.03,17.57,15301807,273214752.00
2016/12/21,17.55,18.15,17.22,18.09,12744797,226220400.00
2016/12/22,17.87,18.08,17.37,18.03,9317164,166149248.00
2016/12/23,17.96,18.09,16.78,16.91,9595513,166776256.00
2016/12/26,16.96,16.96,16.36,16.85,6819754,113910264.00
2016/12/27,17.02,17.32,16.88,17.18,7705934,131916952.00
2016/12/28,16.99,18.15,16.92,17.46,11554338,204360368.00
2016/12/29,17.28,17.48,16.97,17.11,6484712,111518384.00
2016/12/30,17.02,17.22,16.86,16.95,4346614,74251328.00
2017/01/03,16.93,17.27,16.67,17.22,5191263,88782656.00
2017/01/04,17.14,17.98,17.13,17.59,11642572,206120336.00
2017/01/05,17.45,17.89,17.21,17.73,9854767,172582368.00
2017/01/06,17.65,17.76,17.15,17.18,5042834,87940512.00
2017/01/09,17.16,17.25,16.88,17.13,4126916,70510608.00
2017/01/10,17.18,17.43,17.05,17.25,4726465,81721880.00
2017/01/11,17.25,18.27,16.92,17.97,14251666,251608608.00
2017/01/12,17.86,17.97,17.51,17.61,6090945,107694896.00
2017/01/13,17.47,18.17,16.46,16.75,6056272,104210104.00
2017/01/16,16.55,16.55,15.07,15.21,9033719,142159408.00
2017/01/17,15.22,15.46,15.02,15.36,4492936,68706712.00
2017/01/18,15.32,16.90,15.32,16.74,14769009,241849280.00
2017/01/19,16.57,17.12,16.17,17.05,13144402,221255296.00
2017/01/20,16.92,17.39,16.71,16.88,3879200,65808876.00
2017/01/23,16.98,17.25,16.87,16.97,2942548,50236336.00
2017/01/24,16.92,17.10,16.80,16.91,2541199,43120016.00
2017/01/25,16.77,17.04,16.68,16.75,2723175,46015136.00
2017/01/26,16.68,16.89,16.68,16.84,1441395,24242136.00
2017/02/03,16.69,16.97,16.69,16.79,1427600,24115708.00
2017/02/06,16.79,16.94,16.48,16.82,2314822,38735948.00
2017/02/07,16.83,17.68,16.65,17.47,6066978,104793088.00
2017/02/08,17.47,17.61,17.28,17.47,3827849,66876956.00
2017/02/09,17.47,17.58,17.36,17.40,2798997,48876712.00
2017/02/10,17.37,17.47,16.62,16.64,5132730,88022008.00
2017/02/13,16.49,17.01,16.47,16.88,4381284,73796496.00
2017/02/14,16.91,17.04,16.47,16.58,2939526,49016456.00
2017/02/15,16.51,16.76,16.20,16.51,3485149,57669012.00
2017/02/16,16.43,17.06,16.37,16.96,5690844,95567120.00
2017/02/17,16.84,17.12,16.78,16.85,5222647,88742664.00
2017/02/20,16.87,16.97,16.48,16.81,2108825,35306912.00
2017/02/21,16.82,17.26,16.63,17.05,5983483,102064496.00
2017/02/22,17.10,17.38,16.90,17.12,7625221,130794584.00
2017/02/23,17.14,17.27,16.88,17.09,5677496,96951632.00
2017/02/24,18.46,18.46,16.81,16.89,11925751,205984720.00
2017/02/27,16.82,16.84,16.16,16.30,8204069,134864496.00
2017/02/28,16.26,16.61,16.23,16.53,6037389,99267008.00
2017/03/01,16.46,16.56,16.30,16.37,3437838,56504888.00
2017/03/02,16.34,16.44,16.18,16.24,2832116,46248508.00
2017/03/03,16.17,16.25,15.17,16.01,3412878,54459676.00
2017/03/06,15.93,16.41,15.78,16.29,3194042,51820160.00
2017/03/07,16.37,16.52,16.25,16.35,3784600,62232472.00
2017/03/08,16.41,16.57,16.15,16.30,5853901,95885184.00
2017/03/09,16.20,16.34,15.63,15.83,5851318,93466992.00
2017/03/10,15.72,15.94,15.54,15.64,6857969,108166504.00
2017/03/13,15.64,16.01,15.53,15.88,4509274,71569360.00
2017/03/14,15.90,16.32,15.90,16.11,5677505,91578752.00
2017/03/15,16.11,16.24,15.76,15.89,3538505,56668220.00
2017/03/16,15.88,16.12,15.83,15.94,3128100,49988964.00
2017/03/17,15.94,16.21,15.94,16.16,4543327,73360656.00
2017/03/20,16.16,16.24,15.90,15.97,3582531,57640192.00
2017/03/21,15.98,16.58,15.98,16.56,7781405,127859456.00
2017/03/22,16.54,16.65,16.35,16.64,4686140,77569064.00
2017/03/23,16.56,17.03,16.43,16.95,7824968,132147968.00
2017/03/24,16.98,17.02,16.56,16.92,4114612,69193472.00
2017/03/27,16.92,16.92,16.53,16.55,2781118,46342688.00
2017/03/28,16.64,16.86,16.51,16.71,2094405,34987768.00
2017/03/29,16.71,16.90,16.57,16.69,2342626,39288712.00
2017/03/30,16.63,16.67,16.28,16.38,2473353,40666028.00
2017/03/31,16.37,16.92,16.30,16.73,2548637,42286812.00
2017/04/05,16.63,16.96,16.32,16.74,3222825,53820868.00
2017/04/06,16.64,16.76,16.47,16.54,2410481,40119872.00
2017/04/07,16.53,16.87,16.08,16.81,5940730,98123568.00
2017/04/10,16.81,17.09,16.47,17.01,8772512,148814336.00
2017/04/11,16.97,17.07,16.53,16.87,3829741,64356664.00
2017/04/12,16.83,16.83,16.41,16.65,3292492,54510064.00
2017/04/13,16.51,16.61,16.35,16.38,2036423,33588168.00
2017/04/14,16.43,16.55,15.87,16.32,3177779,51563424.00
2017/04/17,16.02,16.35,15.09,16.27,4987417,80078656.00
2017/04/18,16.09,16.36,16.07,16.14,4223459,68499736.00
2017/04/19,15.97,16.19,15.71,16.11,3786435,60785836.00
2017/04/20,16.01,16.25,15.92,16.23,3450229,55762504.00
2017/04/21,16.12,16.40,15.77,16.37,1984942,32187272.00
2017/04/24,16.37,16.37,15.57,15.90,3723931,59119740.00
2017/04/25,15.77,15.96,15.72,15.88,689173,10958196.00
2017/04/26,15.79,16.06,15.59,15.90,1461833,23174360.00
2017/04/27,15.83,15.94,15.43,15.84,2372852,37240672.00
2017/04/28,15.82,15.84,15.63,15.78,831062,13091690.00
2017/05/02,15.88,15.96,15.68,15.77,1475540,23350968.00
2017/05/03,15.77,15.82,15.47,15.81,1504340,23526320.00
2017/05/04,15.75,15.90,15.58,15.83,1680248,26580160.00
2017/05/05,15.77,15.81,15.55,15.79,1129771,17740248.00
2017/05/08,15.62,15.67,14.85,15.47,2744281,41975480.00
2017/05/09,15.36,15.67,14.69,15.65,5839842,89525176.00
2017/05/10,15.48,15.77,15.31,15.70,6799520,106271808.00
2017/05/11,15.57,15.68,15.27,15.61,3866953,60270860.00
2017/05/12,15.45,15.71,15.40,15.67,2001145,31296804.00
2017/05/15,15.58,15.71,15.40,15.62,1144452,17873616.00
2017/05/16,15.48,15.68,15.38,15.66,1747200,27218448.00
2017/05/17,15.67,15.90,15.57,15.70,1202607,18959218.00
2017/05/18,15.67,15.89,15.42,15.71,1309461,20621536.00
2017/05/19,15.67,15.85,15.59,15.74,1045000,16453486.00
2017/05/22,15.77,15.81,15.35,15.58,1733591,26957846.00
2017/05/23,15.48,15.57,14.02,15.21,7024099,106532552.00
2017/05/24,14.92,15.32,14.37,15.27,2579028,38557792.00
2017/05/25,15.07,15.52,14.83,15.35,5290800,81019496.00
2017/05/26,15.17,15.36,15.10,15.35,1722200,26311052.00
2017/05/31,15.34,15.39,15.23,15.34,1026711,15744504.00
2017/06/01,15.27,15.32,14.95,15.19,1985900,30053790.00
2017/06/02,15.07,15.27,14.81,15.22,2777173,41967692.00
2017/06/05,15.12,15.20,14.97,15.16,987300,14940962.00
2017/06/06,15.03,15.18,15.02,15.16,2562931,38756664.00
2017/06/07,15.10,15.42,15.01,15.39,2331105,35623436.00
2017/06/08,15.39,15.41,15.16,15.26,1483380,22655616.00
2017/06/09,15.10,15.23,15.02,15.17,1318500,19975680.00
2017/06/12,15.08,15.14,15.00,15.08,888114,13409659.00
2017/06/13,15.03,15.20,14.97,15.11,1215600,18352128.00
2017/06/14,15.07,15.11,15.00,15.05,906900,13668693.00
2017/06/15,15.01,15.60,15.01,15.38,3062636,47079056.00
2017/06/16,15.47,15.47,15.30,15.38,983078,15135269.00
2017/06/19,15.46,15.46,15.26,15.40,1019775,15700725.00
2017/06/20,15.40,15.45,15.26,15.32,991600,15211475.00
2017/06/21,15.32,15.41,15.14,15.33,2920056,44767516.00
2017/06/22,15.33,16.50,15.20,15.98,7253412,115859704.00
2017/06/23,15.88,16.45,15.62,16.17,4172675,66981148.00
2017/06/26,16.08,16.36,16.01,16.10,2481398,40000560.00
2017/06/27,16.00,16.85,16.00,16.29,4993696,81971640.00
2017/06/28,16.23,16.54,16.15,16.28,1530145,24955894.00
2017/06/29,16.22,16.38,15.76,15.89,3294900,52836632.00
2017/06/30,15.70,16.05,15.65,15.86,3214650,50985248.00
2017/07/03,15.90,16.08,15.80,15.83,1197171,19061920.00
2017/07/04,15.73,15.87,15.70,15.77,914147,14420010.00
2017/07/05,15.77,15.78,15.55,15.65,2702779,42339964.00
2017/07/06,15.66,15.67,15.52,15.56,1206143,18815416.00
2017/07/07,15.65,15.68,15.43,15.54,1205500,18709618.00
2017/07/10,15.41,15.78,15.41,15.69,1819331,28428922.00
2017/07/11,15.70,15.75,15.40,15.43,1010531,15759274.00
2017/07/12,15.40,15.42,15.06,15.13,1565076,23717168.00
2017/07/13,15.25,15.25,14.90,14.99,1013800,15227720.00
2017/07/14,14.97,15.05,14.61,14.65,1702300,25219984.00
2017/07/17,14.77,14.77,13.40,14.34,2343602,33036468.00
2017/07/18,14.04,14.40,13.89,14.19,1110300,15645931.00
2017/07/19,14.15,14.33,14.02,14.19,1261201,17806952.00
2017/07/20,14.10,14.35,14.10,14.16,862474,12250202.00
2017/07/21,14.07,14.22,14.07,14.11,719700,10188968.00
2017/07/24,14.29,15.01,14.13,14.96,3222535,47316268.00
2017/07/25,14.90,14.92,14.59,14.86,1469417,21658632.00
2017/07/26,14.86,14.99,14.65,14.94,2368078,35180400.00
2017/07/27,14.89,14.97,14.76,14.86,809058,12014300.00
2017/07/28,14.87,15.07,14.60,14.66,1063600,15727423.00
2017/08/02,14.48,14.48,14.48,14.48,0,0.00
数据来源:通达信
