600760 中航黑豹 日线 前复权
      日期	    开盘	    最高	    最低	    收盘	    成交量	    成交额
2010/10/08,12.04,12.45,11.78,11.91,28436768,342303648.00
2010/10/11,11.75,12.51,11.69,12.48,23168673,278769248.00
2010/10/12,12.15,12.46,12.11,12.18,14703182,179836480.00
2010/10/13,12.21,12.27,11.80,11.94,11006372,131789048.00
2010/10/14,11.85,12.19,11.76,11.81,13374849,160527248.00
2010/10/15,11.64,12.05,11.51,11.78,12414175,146732016.00
2010/10/18,11.68,11.70,10.76,11.02,15060736,167735472.00
2010/10/19,11.02,11.83,10.85,11.58,11910505,135687552.00
2010/10/20,11.45,12.74,11.38,12.74,26069481,321625728.00
2010/10/21,12.87,13.08,12.40,12.64,21600603,273940000.00
2010/10/22,13.35,13.90,13.35,13.90,24438641,338862432.00
2010/10/25,15.29,15.29,13.80,14.13,46599450,679643648.00
2010/10/26,13.84,13.95,13.25,13.46,32659460,443150624.00
2010/10/27,13.27,14.08,13.00,13.61,23860313,326774016.00
2010/10/28,13.39,14.23,13.26,13.82,15072158,209202816.00
2010/10/29,13.75,14.85,13.60,14.65,22163246,317292800.00
2010/11/01,15.00,15.28,14.30,14.99,28221218,419821664.00
2010/11/02,14.80,16.49,14.68,16.49,33052135,539584704.00
2010/11/03,16.49,17.15,15.31,15.58,33825835,554396416.00
2010/11/04,15.55,17.10,15.41,17.04,25107639,417407744.00
2010/11/05,17.20,17.98,16.50,17.05,24142176,415739552.00
2010/11/08,17.06,17.06,16.41,16.73,15978094,265820288.00
2010/11/09,16.70,16.70,15.98,16.20,16657346,269488224.00
2010/11/10,16.21,16.73,16.16,16.50,13227214,218664912.00
2010/11/11,16.00,16.90,15.82,16.18,16370472,266230752.00
2010/11/12,16.00,16.11,14.56,14.56,18991864,287410272.00
2010/11/15,14.75,15.10,13.80,15.09,12675853,182595040.00
2010/11/16,14.95,15.15,13.67,13.78,12424211,178605392.00
2010/11/17,13.38,13.90,12.42,12.73,10152164,135033088.00
2010/11/18,12.88,13.19,12.62,13.04,8786282,114017816.00
2010/11/19,13.18,13.65,13.00,13.55,10134577,135099856.00
2010/11/22,13.50,13.75,13.33,13.59,8055621,109306800.00
2010/11/23,13.52,13.52,12.81,13.13,8309828,109038664.00
2010/11/24,13.17,14.19,13.15,14.02,11957966,165161120.00
2010/11/25,14.22,14.55,14.00,14.40,10202479,146460032.00
2010/11/26,14.46,14.46,13.95,14.09,7661426,108000864.00
2010/11/29,13.98,13.98,13.56,13.79,5743058,78770384.00
2010/11/30,13.80,13.95,12.80,13.32,7820284,104207120.00
2010/12/01,13.18,13.38,13.00,13.24,3875832,51126008.00
2010/12/02,13.42,13.60,13.27,13.31,4519391,60580496.00
2010/12/03,13.15,13.44,12.90,13.33,5452979,71506536.00
2010/12/06,13.35,14.30,12.99,13.81,7290503,98460320.00
2010/12/07,13.60,14.00,13.51,13.81,9375409,128336656.00
2010/12/08,13.83,14.18,13.77,14.03,8269469,115459352.00
2010/12/09,14.03,14.03,13.30,13.31,5526382,75072888.00
2010/12/10,13.17,13.53,13.06,13.45,3090995,41316580.00
2010/12/13,13.46,14.10,13.45,13.93,7312847,101548432.00
2010/12/14,14.00,14.21,13.84,14.11,6627559,93135288.00
2010/12/15,14.26,14.35,14.08,14.15,8978158,127690312.00
2010/12/16,14.15,14.35,14.02,14.09,5524528,78334168.00
2010/12/17,14.01,14.19,13.94,14.13,3194581,44870176.00
2010/12/20,14.35,14.36,13.53,14.18,9724503,137224064.00
2010/12/21,14.13,14.49,13.81,14.37,8846376,125858280.00
2010/12/22,14.39,14.47,14.08,14.12,5646657,80637664.00
2010/12/24,13.53,14.23,13.12,14.12,7998653,110391536.00
2010/12/27,14.04,14.32,13.60,13.66,5932623,83260552.00
2010/12/28,13.50,13.63,12.29,12.43,7282106,94399912.00
2010/12/29,12.40,12.92,12.00,12.49,6509664,80023216.00
2010/12/30,12.47,12.57,12.06,12.50,5659574,70121912.00
2010/12/31,12.47,12.90,12.35,12.80,4716197,59483336.00
2011/01/04,12.81,13.62,12.75,13.30,6352253,84002632.00
2011/01/05,13.25,13.64,13.10,13.59,5070892,68358280.00
2011/01/06,13.79,14.56,13.79,14.28,13647958,194793264.00
2011/01/07,14.14,14.53,13.88,13.89,10292119,145976112.00
2011/01/10,13.80,14.10,13.40,13.59,8294967,113666128.00
2011/01/11,13.47,14.29,13.40,13.89,11895240,163884304.00
2011/01/12,13.81,14.12,13.66,13.85,4683526,65029496.00
2011/01/13,13.81,13.92,13.60,13.78,3221112,44262648.00
2011/01/14,13.68,13.83,13.25,13.49,7277907,97692712.00
2011/01/17,13.41,13.49,12.61,13.01,4869991,63200728.00
2011/01/18,12.80,13.29,12.80,12.89,3431750,44819220.00
2011/01/19,12.99,13.49,12.80,13.22,3363211,44184236.00
2011/01/20,13.26,14.45,13.26,13.62,16501479,229963600.00
2011/01/21,13.30,14.21,13.27,14.19,11913158,165544784.00
2011/01/24,14.20,14.38,13.60,13.67,7112141,98827360.00
2011/01/25,13.70,13.70,12.60,12.85,10144116,131435992.00
2011/01/26,12.84,13.99,12.84,13.86,6264357,84430608.00
2011/01/27,13.69,14.13,13.51,13.94,10853848,150066592.00
2011/01/28,14.02,14.79,13.75,14.47,18794892,270275136.00
2011/01/31,14.39,15.00,14.18,14.86,16439970,241442048.00
2011/02/01,14.70,15.10,14.42,14.49,10350570,152212784.00
2011/02/09,14.19,15.73,14.13,15.47,18192057,272245856.00
2011/02/10,15.15,16.54,15.10,16.14,23357168,374185376.00
2011/02/11,15.97,16.24,15.70,15.95,13097790,208927456.00
2011/02/14,15.93,16.54,15.78,15.81,17352941,279338080.00
2011/02/15,15.70,16.20,15.48,15.58,16614452,262127680.00
2011/02/16,15.62,16.93,15.49,16.90,24134341,392174848.00
2011/02/17,16.61,16.80,16.16,16.57,15262658,251395024.00
2011/02/18,16.40,16.96,16.20,16.59,14355864,239195824.00
2011/02/21,16.50,16.84,16.30,16.82,9990727,166230832.00
2011/02/22,16.75,17.18,16.41,16.58,14573773,244004704.00
2011/02/23,16.27,16.59,15.70,16.26,12363914,199230224.00
2011/02/24,16.18,16.45,15.78,16.28,7464179,121017928.00
2011/02/25,16.03,16.28,15.63,15.66,8902977,140525520.00
2011/02/28,15.66,16.09,15.64,15.88,5594148,89049520.00
2011/03/01,15.89,16.35,15.69,16.26,9698158,155902688.00
2011/03/02,16.10,16.27,15.75,16.01,5995452,95782768.00
2011/03/03,15.97,16.12,15.26,15.28,10120684,159101360.00
2011/03/04,15.20,15.75,15.20,15.70,5718410,89073240.00
2011/03/07,15.75,16.50,15.75,16.40,11669895,190438128.00
2011/03/08,16.40,16.46,15.95,16.21,9307557,149602528.00
2011/03/09,16.09,16.35,15.76,16.26,7936555,127281512.00
2011/03/10,16.30,16.50,16.08,16.12,8328378,135544880.00
2011/03/11,16.16,17.16,16.16,16.60,17682074,297091136.00
2011/03/14,16.73,17.33,16.20,17.30,15471851,261129776.00
2011/03/15,17.23,17.50,16.38,16.54,18938411,317428736.00
2011/03/16,16.66,16.66,16.20,16.49,10190354,167514864.00
2011/03/17,16.40,16.40,15.70,15.79,11046435,176721904.00
2011/03/18,15.82,16.40,15.82,16.25,8502225,137862288.00
2011/03/21,16.27,16.37,16.07,16.34,5084609,82633480.00
2011/03/22,16.30,16.38,15.89,16.23,4307648,69311544.00
2011/03/23,16.19,16.35,15.85,16.31,5287985,84907328.00
2011/03/24,16.24,16.76,16.14,16.63,7834695,128895552.00
2011/03/25,16.77,17.07,16.46,16.88,9215697,155021056.00
2011/03/28,16.95,16.95,16.35,16.43,9489255,157165200.00
2011/03/29,16.48,16.54,16.05,16.12,5883412,95652208.00
2011/03/30,16.12,16.27,15.79,15.94,5610296,89627704.00
2011/03/31,15.96,16.15,15.81,16.02,3648052,58353936.00
2011/04/01,16.13,16.19,15.88,16.16,3873380,62106112.00
2011/04/06,16.10,16.19,15.85,15.93,3371825,53931568.00
2011/04/07,15.95,16.08,15.61,15.68,4449467,70465336.00
2011/04/08,15.68,16.06,15.49,15.96,4264590,67304552.00
2011/04/11,15.93,15.96,15.56,15.70,3758041,59027992.00
2011/04/12,15.70,15.74,15.11,15.12,6195866,94854752.00
2011/04/13,15.11,15.23,14.75,15.21,3581154,53580380.00
2011/04/14,15.18,15.58,15.18,15.47,3476655,53547764.00
2011/04/15,15.08,15.65,15.08,15.54,4374403,67780256.00
2011/04/18,15.31,16.00,15.31,15.51,6843241,108541112.00
2011/04/19,15.43,16.19,15.43,16.01,9359369,149235008.00
2011/04/20,15.93,16.48,15.91,16.05,8669347,140688032.00
2011/04/21,16.03,16.32,15.91,16.22,5424017,87444696.00
2011/04/22,16.17,16.42,16.00,16.06,4477632,72294544.00
2011/04/25,16.00,16.20,15.71,15.81,3649172,58088388.00
2011/04/26,15.90,16.04,14.99,15.15,4809979,74176864.00
2011/04/27,15.25,15.40,14.70,15.08,4160680,62147544.00
2011/04/28,15.10,15.20,14.60,14.76,2732020,40473124.00
2011/04/29,14.80,15.15,14.32,15.09,4375837,64134232.00
2011/05/03,15.06,15.28,14.90,15.21,3435391,51996136.00
2011/05/04,15.25,15.25,14.68,14.78,2413010,36056000.00
2011/05/05,14.78,15.00,14.51,14.84,1907016,28179972.00
2011/05/06,14.68,15.02,14.61,14.87,1586752,23630688.00
2011/05/09,15.08,15.30,14.89,15.13,2531733,38291664.00
2011/05/10,15.23,15.44,15.14,15.43,3689129,56581092.00
2011/05/11,15.42,15.57,15.17,15.31,2541843,38944728.00
2011/05/12,15.20,15.31,14.80,14.99,2662235,40101000.00
2011/05/13,15.00,15.04,14.72,15.01,1939443,28887902.00
2011/05/16,15.10,15.10,14.88,14.90,3217025,48202936.00
2011/05/17,14.92,15.02,14.70,14.95,2261291,33654712.00
2011/05/18,15.00,15.29,14.90,15.06,2376618,35851052.00
2011/05/19,15.01,15.15,14.75,15.08,2912221,43607116.00
2011/05/20,14.95,15.02,14.69,14.91,3019905,44780708.00
2011/05/23,14.87,14.87,13.42,13.42,5793577,80767192.00
2011/05/24,13.48,13.48,12.72,13.10,5294114,68765640.00
2011/05/25,13.15,13.15,12.80,12.96,2280651,29562096.00
2011/05/26,12.96,13.20,12.86,12.93,2561239,33216432.00
2011/05/27,12.91,13.15,12.25,12.69,5325751,66645072.00
2011/05/30,12.64,13.70,12.50,12.60,7620942,97567712.00
2011/05/31,12.45,12.64,11.98,12.33,5746836,69852816.00
2011/06/01,12.33,12.50,12.10,12.40,2482267,30509144.00
2011/06/02,12.26,12.39,12.07,12.20,2846456,34682904.00
2011/06/07,12.32,12.79,12.26,12.53,4987167,62466692.00
2011/06/08,12.52,12.99,12.52,12.90,6567910,84126904.00
2011/06/09,12.87,13.00,12.59,12.60,4529604,58177252.00
2011/06/10,12.58,13.20,12.40,13.17,6851022,88252336.00
2011/06/13,13.00,13.45,12.83,13.19,4781504,63147012.00
2011/06/14,13.03,13.29,13.03,13.09,2649318,34776252.00
2011/06/15,13.08,13.50,13.08,13.18,4408909,58847544.00
2011/06/16,13.12,13.34,12.81,13.20,2878936,37663208.00
2011/06/17,13.08,13.32,12.98,13.01,2018071,26545480.00
2011/06/20,13.01,13.59,13.01,13.38,9607148,129151168.00
2011/06/21,13.18,13.55,13.18,13.52,2917473,39187960.00
2011/06/22,13.34,13.49,12.50,12.60,6064183,78627648.00
2011/06/23,12.40,12.84,12.20,12.81,2218127,27803708.00
2011/06/24,12.59,13.14,12.57,12.94,3351537,43477464.00
2011/06/27,12.98,13.54,12.94,13.28,3980649,52616068.00
2011/06/28,13.19,13.19,12.70,13.01,4249316,54836336.00
2011/06/29,12.92,13.18,12.75,12.80,3787012,48919656.00
2011/06/30,12.76,12.95,12.76,12.87,1953065,25145392.00
2011/07/01,12.87,13.38,12.87,13.35,6337982,83821936.00
2011/07/04,13.37,13.53,13.31,13.47,4633338,62198196.00
2011/07/05,13.45,13.46,13.23,13.34,4748458,63150712.00
2011/07/06,13.28,13.50,13.25,13.45,3546537,47496160.00
2011/07/07,13.45,14.12,13.28,13.70,10209464,140477072.00
2011/07/08,13.71,13.78,13.45,13.67,3284066,44679272.00
2011/07/11,13.60,13.86,13.51,13.73,3311693,45295608.00
2011/07/12,13.67,13.67,13.17,13.20,4572854,61194768.00
2011/07/13,13.21,13.40,13.11,13.35,3086114,40907160.00
2011/07/14,13.31,13.41,13.16,13.37,4111053,54632736.00
2011/07/15,13.36,13.36,13.00,13.33,4643959,61349624.00
2011/07/18,13.28,13.80,13.11,13.66,9543019,129343392.00
2011/07/19,13.55,14.15,13.47,13.98,11307311,157341632.00
2011/07/20,13.92,14.24,13.86,13.91,6262344,88112200.00
2011/07/21,13.91,14.44,13.80,13.91,7244725,102478312.00
2011/07/22,13.90,14.45,13.90,14.29,7873751,112314288.00
2011/07/25,14.30,14.37,13.50,13.52,7638640,105601160.00
2011/07/26,13.50,13.89,13.40,13.87,2927759,40105820.00
2011/07/27,13.89,14.00,13.68,13.98,2874970,39839512.00
2011/07/28,13.90,13.90,13.38,13.51,4346603,58977196.00
2011/07/29,13.44,13.67,12.50,12.78,6626685,85875184.00
2011/08/01,12.70,12.87,12.63,12.66,2373605,30223316.00
2011/08/02,12.66,12.75,12.35,12.47,2574253,32071792.00
2011/08/03,12.43,13.05,12.37,13.02,3729467,47548240.00
2011/08/04,13.03,13.10,12.60,12.74,3517838,44879004.00
2011/08/05,12.38,12.54,12.12,12.40,2618975,32340328.00
2011/08/08,12.28,12.42,11.16,11.25,5068482,58327728.00
2011/08/09,10.80,11.17,10.27,10.90,6379986,67777984.00
2011/08/10,11.20,11.30,10.90,10.95,3162424,35037096.00
2011/08/11,10.52,11.09,10.52,11.04,3669455,39928972.00
2011/08/12,11.16,11.26,11.00,11.19,3051668,34039420.00
2011/08/15,11.18,11.45,11.16,11.40,3162688,35674352.00
2011/08/16,11.40,11.41,11.00,11.09,2874770,32185404.00
2011/11/09,9.98,9.98,9.98,9.98,4779400,47698412.00
2011/11/10,9.51,9.90,9.38,9.63,41349031,396076576.00
2011/11/11,9.43,9.87,9.42,9.80,22174415,213636752.00
2011/11/14,9.80,10.23,9.72,10.09,31564511,314978176.00
2011/11/15,10.04,10.04,9.78,9.91,14499423,143415520.00
2011/11/16,9.86,9.91,9.73,9.87,11585950,113675944.00
2011/11/17,9.86,10.14,9.80,9.97,15518675,155567184.00
2011/11/18,9.88,9.89,9.75,9.80,8975231,87998144.00
2011/11/21,9.82,10.15,9.60,10.10,12759825,126617624.00
2011/11/22,10.05,10.25,9.96,10.15,19270986,194801696.00
2011/11/23,10.13,10.15,9.85,9.98,9458967,94070208.00
2011/11/24,9.85,10.23,9.72,9.92,11724419,117036792.00
2011/11/25,9.81,10.02,9.71,9.95,10456011,103107440.00
2011/11/28,9.93,10.15,9.80,10.09,10610517,105740336.00
2011/11/29,10.10,10.70,10.03,10.46,32240749,332871424.00
2011/11/30,10.20,10.34,9.82,9.93,16637100,167840192.00
2011/12/01,10.16,10.22,9.96,9.98,11826906,119214512.00
2011/12/02,9.89,9.89,9.02,9.31,16538591,155502128.00
2011/12/05,9.20,9.54,9.15,9.48,11120327,103932240.00
2011/12/06,9.39,9.51,9.29,9.34,9841271,92911240.00
2011/12/07,9.32,9.63,9.31,9.54,16473609,156276992.00
2011/12/08,9.43,9.66,9.19,9.25,10653080,99629272.00
2011/12/09,9.22,9.29,8.81,9.19,8559600,77504256.00
2011/12/12,9.11,9.34,9.10,9.20,8352134,77022720.00
2011/12/13,9.20,9.20,8.91,9.01,5152682,46424712.00
2011/12/14,9.02,9.10,8.90,8.90,14482139,130375672.00
2011/12/15,8.87,8.87,8.40,8.70,10986671,94044232.00
2011/12/16,8.66,9.40,8.53,9.26,13591010,120612688.00
2011/12/19,9.01,9.39,8.84,8.96,18494016,166169920.00
2011/12/20,8.90,8.96,8.42,8.47,10163492,88402128.00
2011/12/21,8.50,8.58,8.00,8.03,9775734,80633376.00
2011/12/22,7.90,8.20,7.67,8.12,12336884,97581048.00
2011/12/23,8.08,8.58,7.93,8.43,16496975,136902224.00
2011/12/26,8.38,8.55,8.25,8.33,18047173,151536704.00
2011/12/27,8.30,8.34,7.93,8.00,10322394,83953904.00
2011/12/28,7.91,8.10,7.84,8.02,4462112,35479804.00
2011/12/29,8.00,8.19,7.80,8.02,5019087,40269792.00
2011/12/30,8.10,8.27,8.02,8.21,16403993,133723280.00
2012/01/04,8.26,8.65,8.06,8.35,11611370,96225136.00
2012/01/05,8.30,8.47,7.91,8.02,19461168,160678704.00
2012/01/06,7.90,8.09,7.59,7.86,11492804,89350984.00
2012/01/09,7.80,8.05,7.72,8.02,13131213,103593200.00
2012/01/10,7.97,8.37,7.85,8.28,15229910,123509080.00
2012/01/11,8.21,8.46,8.11,8.34,14712447,121818000.00
2012/01/12,8.29,8.46,8.10,8.12,9862246,81312712.00
2012/01/13,8.06,8.10,7.31,7.31,12647005,97095232.00
2012/01/16,7.00,7.16,6.77,7.10,9800524,68999408.00
2012/01/17,7.09,7.78,7.00,7.66,9424111,69612744.00
2012/01/18,7.64,7.70,7.45,7.51,6980869,52931016.00
2012/01/19,7.52,7.65,7.44,7.56,5008594,37789452.00
2012/01/20,7.60,7.98,7.53,7.86,7200087,55817540.00
2012/01/30,7.78,8.07,7.62,7.85,9073444,71318688.00
2012/01/31,7.69,7.90,7.67,7.76,5669047,43963232.00
2012/02/01,7.76,8.00,7.69,7.81,19696254,154889504.00
2012/02/02,7.75,7.88,7.50,7.71,13607765,105034352.00
2012/02/03,7.68,7.76,7.51,7.72,9895911,75740752.00
2012/02/06,7.73,7.92,7.69,7.80,9088855,70885776.00
2012/02/07,7.77,7.79,7.60,7.71,7122484,54649104.00
2012/02/08,7.71,8.48,7.58,8.48,30816444,253756400.00
2012/02/09,8.50,8.68,8.35,8.43,38822454,329191616.00
2012/02/10,8.32,8.53,8.24,8.36,20826937,174190256.00
2012/02/13,8.30,8.50,8.23,8.42,15527451,130225384.00
2012/02/14,8.40,8.49,8.25,8.42,12662152,105753296.00
2012/02/15,8.41,8.60,8.29,8.52,17114221,144830352.00
2012/02/16,8.63,8.95,8.53,8.57,21303431,185392688.00
2012/02/17,8.51,8.63,8.32,8.41,11574221,97662800.00
2012/02/20,8.52,8.58,8.39,8.41,9563581,81160416.00
2012/02/21,8.45,8.51,8.26,8.50,9183454,77032544.00
2012/02/22,8.50,8.67,8.43,8.66,15603304,133510016.00
2012/02/23,8.65,8.76,8.55,8.73,15564194,134865936.00
2012/02/24,8.72,9.07,8.70,8.79,20273963,179905360.00
2012/02/27,8.85,9.16,8.76,8.77,18574959,166249072.00
2012/02/28,8.69,8.75,8.51,8.60,10281670,88761856.00
2012/02/29,8.61,8.69,8.45,8.46,8511664,72619480.00
2012/03/01,8.46,8.66,8.46,8.55,7648466,65648116.00
2012/03/02,8.56,8.77,8.56,8.77,8784230,76237400.00
2012/03/05,8.77,8.97,8.69,8.71,11266565,99420096.00
2012/03/06,8.65,8.69,8.48,8.64,8257193,70827232.00
2012/03/07,8.58,9.37,8.52,8.98,26348527,236647600.00
2012/03/08,8.91,9.07,8.86,9.01,12306174,110380728.00
2012/03/09,9.07,9.07,8.89,9.05,10120294,90835888.00
2012/03/12,9.07,9.48,8.99,9.44,20366745,188202016.00
2012/03/13,9.42,9.59,9.26,9.47,12294994,115723304.00
2012/03/14,9.48,9.55,8.62,8.77,18098110,165551856.00
2012/03/15,8.73,8.98,8.60,8.75,10832211,95360080.00
2012/03/16,8.76,9.39,8.76,9.34,13729661,123514880.00
2012/03/19,9.30,9.72,9.15,9.54,16345797,154388448.00
2012/03/20,9.49,9.52,9.20,9.32,10277008,96093136.00
2012/03/21,9.32,9.43,9.02,9.25,6921941,63910688.00
2012/03/22,9.32,9.32,9.07,9.08,5319910,48705040.00
2012/03/23,9.07,9.07,8.73,8.77,5507578,48822976.00
2012/03/26,8.75,8.88,8.56,8.74,4571446,39733820.00
2012/03/27,8.76,8.95,8.74,8.92,4589294,40659560.00
2012/03/28,8.86,9.05,8.25,8.51,6538801,57130784.00
2012/03/29,8.33,8.46,7.84,7.89,7872593,63522548.00
2012/03/30,7.89,7.98,7.61,7.72,3548642,27680428.00
2012/04/05,7.79,7.98,7.66,7.93,3506009,27613364.00
2012/04/06,7.91,8.18,7.86,7.93,4479989,35811352.00
2012/04/09,7.95,8.10,7.81,7.93,3265785,26059404.00
2012/04/10,7.90,7.98,7.42,7.85,4792350,36934880.00
2012/04/11,7.76,8.04,7.63,7.93,5261819,41281960.00
2012/04/12,7.93,8.16,7.80,8.08,6237839,49693320.00
2012/04/13,8.09,8.45,8.00,8.30,8395915,69247456.00
2012/04/16,8.15,8.34,8.10,8.26,4484787,36952880.00
2012/04/17,8.21,8.38,8.15,8.20,6072621,50054024.00
2012/04/18,8.21,8.60,8.20,8.50,8892437,74982928.00
2012/04/19,8.47,8.95,8.43,8.66,18353317,160085376.00
2012/04/20,8.54,8.96,8.51,8.87,11278544,98310640.00
2012/04/23,8.60,9.76,8.59,9.76,42712388,399312256.00
2012/04/24,9.50,9.79,9.31,9.58,26339763,250595760.00
2012/04/25,9.51,10.01,9.15,9.82,43757487,421817696.00
2012/04/26,9.69,9.97,9.42,9.46,25244869,244721136.00
2012/04/27,9.25,9.54,9.20,9.25,11209830,104649112.00
2012/05/02,9.34,9.61,8.92,9.42,15105447,141352720.00
2012/05/03,9.35,10.36,9.35,10.36,47566208,471959136.00
2012/05/04,10.20,10.43,10.12,10.23,37226804,383021088.00
2012/05/07,10.18,10.56,9.90,10.28,30367829,311749312.00
2012/05/08,10.15,10.45,10.01,10.30,29504759,303258944.00
2012/05/09,10.18,10.47,10.00,10.20,24708748,253212064.00
2012/05/10,10.17,10.17,9.50,9.54,20443115,200903136.00
2012/05/11,9.52,9.77,9.43,9.55,9055134,87048624.00
2012/05/14,9.62,9.75,9.41,9.49,8869726,84732176.00
2012/05/15,9.42,9.42,9.01,9.22,9726971,89009776.00
2012/05/16,9.18,9.29,9.07,9.11,6036516,55433528.00
2012/05/17,9.12,9.36,9.06,9.29,6973969,64548328.00
2012/05/18,9.20,9.50,9.16,9.34,8638707,80901288.00
2012/05/21,9.33,9.49,9.00,9.14,6391075,58738352.00
2012/05/22,9.17,9.26,9.08,9.23,5147851,47255664.00
2012/05/23,9.19,9.63,9.13,9.56,12972384,122549336.00
2012/05/24,9.54,9.91,9.42,9.66,14699847,142979936.00
2012/05/25,9.66,9.73,9.38,9.58,7757348,73958384.00
2012/05/28,9.57,9.66,9.15,9.57,6541893,61518392.00
2012/05/29,9.65,9.99,9.61,9.70,11434818,111675184.00
2012/05/30,9.76,9.76,9.29,9.32,10452683,99246136.00
2012/05/31,9.18,9.39,9.13,9.24,5728849,53226016.00
2012/06/01,9.24,9.32,9.14,9.26,4106340,37883128.00
2012/06/04,9.09,9.09,8.50,8.56,9418307,82891496.00
2012/06/05,8.60,8.66,8.21,8.26,7387414,61677680.00
2012/06/06,8.33,8.44,8.23,8.29,3247288,27015988.00
2012/06/07,8.36,8.44,8.15,8.19,3282346,27238126.00
2012/06/08,8.29,8.36,8.00,8.22,4425263,36218600.00
2012/06/11,8.21,8.40,8.16,8.37,3646709,30245616.00
2012/06/12,8.40,8.40,8.20,8.21,2693103,22318422.00
2012/06/13,8.24,8.37,8.12,8.35,3672172,30405112.00
2012/06/14,8.35,8.48,8.16,8.22,4432756,36999348.00
2012/06/15,8.22,8.32,8.12,8.24,2535309,20847436.00
2012/06/18,8.36,8.36,8.22,8.34,2708355,22515884.00
2012/06/19,8.28,8.33,8.07,8.09,3653650,29861772.00
2012/06/20,8.10,8.14,7.74,7.78,6417679,50600760.00
2012/06/21,7.81,7.84,7.56,7.63,4098664,31377062.00
2012/06/25,7.59,7.68,7.53,7.56,3454433,26234632.00
2012/06/27,7.56,7.66,7.37,7.43,2658326,20057860.00
2012/06/28,7.46,7.50,7.17,7.20,3445349,25256804.00
2012/06/29,7.18,7.60,7.13,7.58,5540217,41008572.00
2012/07/02,7.59,7.61,7.48,7.58,3524718,26590558.00
2012/07/03,7.51,7.57,7.41,7.44,2982609,22347404.00
2012/07/04,7.53,7.53,7.35,7.37,2010703,14948948.00
2012/07/05,7.34,7.34,7.01,7.03,3764603,26702642.00
2012/07/06,7.04,7.16,6.90,7.08,3322889,23461360.00
2012/07/09,7.08,7.12,6.89,6.90,2295496,16147342.00
2012/07/10,6.90,6.94,6.75,6.81,1946590,13291274.00
2012/07/11,6.81,6.89,6.73,6.85,1453001,9915244.00
2012/07/12,6.85,6.99,6.72,6.92,3189734,21752204.00
2012/07/13,6.92,6.96,6.83,6.83,2088438,14376297.00
2012/07/16,6.85,6.91,6.50,6.51,3077067,20391796.00
2012/07/17,6.50,6.57,6.34,6.55,1954911,12639374.00
2012/07/18,6.53,6.74,6.46,6.70,2768049,18216094.00
2012/07/19,6.59,6.85,6.48,6.78,3724253,25008776.00
2012/07/20,6.76,6.89,6.66,6.67,2708152,18305740.00
2012/07/23,6.62,6.62,6.48,6.51,1784699,11654383.00
2012/07/24,6.40,6.61,6.40,6.55,1380978,9026975.00
2012/07/25,6.52,6.57,6.45,6.50,1436076,9342950.00
2012/07/26,6.46,6.59,6.40,6.42,1604995,10406053.00
2012/07/27,6.45,6.46,6.29,6.31,1576403,10017149.00
2012/07/30,6.25,6.33,5.68,5.68,5599519,32939380.00
2012/07/31,5.58,5.60,5.22,5.34,5542010,29737400.00
2012/08/01,5.35,5.48,5.34,5.42,2644701,14340313.00
2012/08/02,5.43,5.43,5.30,5.33,2142250,11468973.00
2012/08/03,5.41,5.48,5.31,5.46,2493198,13447396.00
2012/08/06,5.42,5.65,5.39,5.64,3694246,20522742.00
2012/08/07,5.66,5.98,5.58,5.81,6866227,39834116.00
2012/08/08,5.81,5.87,5.70,5.75,3368686,19413292.00
2012/08/09,5.73,5.89,5.70,5.82,3783821,21960088.00
2012/08/10,5.84,6.04,5.82,5.85,4583890,27156146.00
2012/08/13,5.82,5.83,5.64,5.65,2831073,16218487.00
2012/08/14,5.64,5.65,5.44,5.62,2949555,16340015.00
2012/08/15,5.61,6.18,5.50,5.91,9887131,58734692.00
2012/08/16,5.80,6.07,5.76,5.84,6142034,36392552.00
2012/08/17,5.76,5.89,5.64,5.72,3339970,19172440.00
2012/08/20,5.66,5.70,5.57,5.67,2654843,14947179.00
2012/08/21,5.67,5.83,5.61,5.78,2826009,16293132.00
2012/08/22,5.80,5.98,5.73,5.80,4362560,25557960.00
2012/08/23,5.76,5.93,5.75,5.92,3367712,19662080.00
2012/08/24,5.93,6.18,5.85,6.02,8341016,50236532.00
2012/08/27,5.94,6.02,5.82,5.83,5906360,34940800.00
2012/08/28,5.88,5.96,5.77,5.93,4020263,23615408.00
2012/08/29,5.95,6.15,5.95,6.05,7354922,44710800.00
2012/08/30,5.96,6.06,5.62,5.79,5922736,34774352.00
2012/08/31,5.79,5.80,5.41,5.56,5828138,32509580.00
2012/09/03,5.53,5.65,5.40,5.61,3024358,16843598.00
2012/09/04,5.57,5.68,5.50,5.62,3116970,17472538.00
2012/09/05,5.62,5.85,5.56,5.78,5343776,30579290.00
2012/09/06,5.77,5.83,5.67,5.82,3424921,19735330.00
2012/09/07,5.84,6.15,5.82,6.13,9171604,55185640.00
2012/09/10,6.18,6.41,6.09,6.36,11434048,71880512.00
2012/09/11,6.40,6.49,6.22,6.31,6773193,42854964.00
2012/09/12,6.28,6.48,6.20,6.38,6676817,42392036.00
2012/09/13,6.34,6.96,6.20,6.65,14932573,98975840.00
2012/09/14,6.50,6.85,6.44,6.53,10135447,67288832.00
2012/09/17,6.50,6.68,6.30,6.35,7275920,47358348.00
2012/09/18,6.26,6.37,6.10,6.20,4095864,25510114.00
2012/09/19,6.25,6.37,6.20,6.28,2700082,16927262.00
2012/09/20,6.26,6.45,5.65,5.75,6620610,40087180.00
2012/09/21,5.70,5.75,5.50,5.57,5689208,31826002.00
2012/09/24,5.53,5.70,5.50,5.68,2401830,13497928.00
2012/09/25,5.67,5.74,5.50,5.56,2877481,16154202.00
2012/09/26,5.52,5.56,5.23,5.25,4464011,23841620.00
2012/09/27,5.25,5.42,5.23,5.36,2813381,15046738.00
2012/09/28,5.35,5.52,5.30,5.50,2706560,14748901.00
2012/10/08,5.50,5.58,5.49,5.52,1840916,10154695.00
2012/10/09,5.52,5.70,5.51,5.70,3263953,18417958.00
2012/10/10,5.71,5.87,5.68,5.81,3652307,21133720.00
2012/10/11,5.80,5.80,5.60,5.63,3452642,19637478.00
2012/10/12,5.64,5.72,5.55,5.67,2213317,12500528.00
2012/10/15,5.74,5.74,5.50,5.57,1725249,9635798.00
2012/10/16,5.59,5.72,5.54,5.63,2299837,13002350.00
2012/10/17,5.62,5.69,5.54,5.65,1758799,9870672.00
2012/10/18,5.67,5.80,5.60,5.73,3490913,20007966.00
2012/10/19,5.72,5.81,5.72,5.78,2945489,16992284.00
2012/10/22,5.76,5.91,5.72,5.91,4120890,24072514.00
2012/10/23,5.93,5.94,5.77,5.78,3300746,19268128.00
2012/10/24,5.72,5.88,5.68,5.87,2961032,17105460.00
2012/10/25,5.87,5.97,5.70,5.72,4017822,23519884.00
2012/10/26,5.65,5.68,5.44,5.47,3004047,16640053.00
2012/10/29,5.48,5.54,5.42,5.44,1367185,7473048.00
2012/10/30,5.43,5.50,5.37,5.38,1564339,8484570.00
2012/10/31,5.40,5.47,5.37,5.41,2173983,11768530.00
2012/11/01,5.40,5.55,5.40,5.53,2113538,11651618.00
2012/11/02,5.52,5.57,5.40,5.53,3390264,18604268.00
2012/11/05,5.49,5.65,5.44,5.63,4818814,26745202.00
2012/11/06,5.62,5.84,5.50,5.79,7853276,44653712.00
2012/11/07,5.77,5.83,5.66,5.73,3756825,21496774.00
2012/11/08,5.67,5.74,5.54,5.57,3810161,21436672.00
2012/11/09,5.54,5.67,5.53,5.65,1914576,10751260.00
2012/11/12,5.66,6.06,5.60,5.71,9384040,54494480.00
2012/11/13,5.74,6.28,5.65,6.05,22096444,133768800.00
2012/11/14,5.90,6.12,5.78,6.10,12568522,74896768.00
2012/11/15,6.00,6.17,5.88,5.91,10277648,61896348.00
2012/11/16,5.85,5.85,5.40,5.41,10029122,55539176.00
2012/11/19,5.28,5.41,5.25,5.39,4092552,21769396.00
2012/11/20,5.41,5.43,5.31,5.32,2122687,11370103.00
2012/11/21,5.30,5.39,5.24,5.38,2508206,13321067.00
2012/11/22,5.38,5.38,5.27,5.33,1945729,10374290.00
2012/11/23,5.30,5.53,5.28,5.41,3143034,17007006.00
2012/11/26,5.42,5.53,5.37,5.44,2884692,15716093.00
2012/11/27,5.40,5.43,5.01,5.06,3926663,20355732.00
2012/11/28,5.05,5.05,4.80,4.83,3380721,16497292.00
2012/11/29,4.80,5.00,4.72,4.77,1847601,8959655.00
2012/11/30,4.71,4.97,4.71,4.82,1999568,9641989.00
2012/12/03,4.82,4.86,4.71,4.72,2086487,9986625.00
2012/12/04,4.69,4.77,4.46,4.76,3079801,14203357.00
2012/12/05,4.73,4.94,4.62,4.90,3604280,17555140.00
2012/12/06,4.90,5.07,4.85,4.93,3018869,14958934.00
2012/12/07,4.89,5.09,4.86,5.04,3801948,19029536.00
2012/12/10,5.04,5.19,5.00,5.10,3981060,20309828.00
2012/12/11,5.11,5.18,5.04,5.04,3193627,16292310.00
2012/12/12,5.04,5.14,4.95,5.00,2764344,13889379.00
2012/12/13,4.97,5.06,4.86,4.87,3198949,15774259.00
2012/12/14,4.93,5.13,4.89,5.11,4566881,23030834.00
2012/12/17,5.08,5.23,5.08,5.18,4560555,23533484.00
2012/12/18,5.19,5.23,5.12,5.15,4082921,21093416.00
2012/12/19,5.11,5.27,5.09,5.20,4596691,23812788.00
2012/12/20,5.18,5.18,5.04,5.13,3777003,19282552.00
2012/12/21,5.13,5.18,5.05,5.09,3241281,16534619.00
2012/12/24,5.03,5.23,5.03,5.17,4244556,21852126.00
2012/12/25,5.14,5.29,5.10,5.25,5567657,29056816.00
2012/12/26,5.25,5.37,5.21,5.36,5411163,28539718.00
2012/12/27,5.34,5.63,5.22,5.42,12760936,69892128.00
2012/12/28,5.39,5.46,5.30,5.41,5850654,31591024.00
2012/12/31,5.36,5.55,5.36,5.50,5358224,29420162.00
2013/01/04,5.50,5.58,5.31,5.32,7665315,41323576.00
2013/01/07,5.30,5.82,5.28,5.52,17465982,96147416.00
2013/01/08,5.53,5.74,5.44,5.59,13409467,74934072.00
2013/01/09,5.53,5.63,5.46,5.57,9249971,51416768.00
2013/01/10,5.57,5.70,5.50,5.69,11245077,62990136.00
2013/01/11,5.68,5.99,5.63,5.79,22123516,129234520.00
2013/01/14,5.73,6.37,5.66,6.37,21125716,129488960.00
2013/01/15,6.82,6.89,6.37,6.49,44258809,294382784.00
2013/01/16,6.38,7.14,6.28,7.14,66940860,466460992.00
2013/01/17,6.80,6.80,6.43,6.43,53840405,353257504.00
2013/01/18,6.12,6.33,6.12,6.22,28612365,177934352.00
2013/01/21,6.14,6.20,5.94,6.12,26115072,158581776.00
2013/01/22,6.07,6.21,5.95,6.16,21431576,130458432.00
2013/01/23,6.05,6.32,6.04,6.22,19836244,123043672.00
2013/01/24,6.18,6.51,6.03,6.34,30752118,194594624.00
2013/01/25,6.20,6.26,6.04,6.06,13900362,85089672.00
2013/01/28,6.06,6.27,6.05,6.24,15286684,94839648.00
2013/01/29,6.20,6.22,6.06,6.16,13916725,85331640.00
2013/01/30,6.13,6.29,6.05,6.20,15088565,93091984.00
2013/01/31,6.22,6.24,6.08,6.09,9033859,55379928.00
2013/02/01,6.06,6.08,5.88,5.96,13457160,80079880.00
2013/02/04,5.92,5.99,5.68,5.70,13925840,80505200.00
2013/02/05,5.70,5.84,5.68,5.80,7800861,45012088.00
2013/02/06,5.75,5.97,5.75,5.95,9243877,54681616.00
2013/02/07,5.92,6.09,5.82,5.95,7688445,45803928.00
2013/02/08,5.95,6.00,5.88,5.99,5745399,34262076.00
2013/02/18,6.00,6.09,5.99,6.07,6909576,41802808.00
2013/02/19,6.06,6.07,5.79,5.83,8102451,47836712.00
2013/02/20,5.75,5.80,5.62,5.79,9427901,53803132.00
2013/02/21,5.74,5.74,5.61,5.68,6625743,37529008.00
2013/02/22,5.65,5.97,5.65,5.80,8777165,51186760.00
2013/02/25,5.82,5.86,5.71,5.81,4489366,26027530.00
2013/02/26,5.76,6.07,5.68,5.98,14432660,85568104.00
2013/02/27,5.90,6.38,5.90,6.27,18481720,114069224.00
2013/02/28,6.25,6.25,6.04,6.20,12527685,77103880.00
2013/03/01,6.14,6.38,6.14,6.31,13035550,81682536.00
2013/03/04,6.24,6.26,6.00,6.03,11423247,70139512.00
2013/03/05,6.00,6.14,5.96,6.09,8045050,48557088.00
2013/03/06,6.08,6.26,6.05,6.23,7225119,44533016.00
2013/03/07,6.21,6.28,6.05,6.08,7166539,44032268.00
2013/03/08,6.07,6.20,6.00,6.02,5540826,33716312.00
2013/03/11,6.03,6.04,5.82,5.91,5502370,32397882.00
2013/03/12,5.89,5.96,5.75,5.85,4692420,27395156.00
2013/03/13,5.82,5.87,5.65,5.67,4289307,24567856.00
2013/03/14,5.66,5.74,5.61,5.69,2566000,14571166.00
2013/03/15,5.66,5.91,5.65,5.72,3847660,22179892.00
2013/03/18,5.68,5.68,5.30,5.35,8030216,43614380.00
2013/03/19,5.35,5.43,5.10,5.27,5648492,29536336.00
2013/03/20,5.21,5.40,5.21,5.35,4490590,23988896.00
2013/03/21,5.38,5.47,5.34,5.44,4763972,25791220.00
2013/03/22,5.41,5.64,5.36,5.54,6586779,36240280.00
2013/03/25,5.51,5.57,5.40,5.53,4152672,22742138.00
2013/03/26,5.50,5.95,5.39,5.73,12736006,72821080.00
2013/03/27,5.67,5.89,5.58,5.74,8090496,46332892.00
2013/03/28,5.66,5.86,5.55,5.68,8719838,49975712.00
2013/03/29,5.67,5.73,5.30,5.33,7819274,42887396.00
2013/04/02,5.06,5.19,5.06,5.06,5238300,26530664.00
2013/04/03,4.83,4.97,4.82,4.87,11671619,56852576.00
2013/04/08,4.75,5.11,4.75,5.11,10251030,51597280.00
2013/04/09,5.09,5.19,5.06,5.12,5223533,26752084.00
2013/04/10,5.10,5.26,5.10,5.25,3140873,16365832.00
2013/04/11,5.23,5.26,5.13,5.18,2047983,10639129.00
2013/04/12,5.17,5.34,5.15,5.28,3544062,18726966.00
2013/04/15,5.29,5.54,5.28,5.40,3820737,20637772.00
2013/04/16,5.31,5.39,5.13,5.25,4134826,21652988.00
2013/04/17,5.28,5.32,5.20,5.26,2161887,11348505.00
2013/04/18,5.28,5.46,5.28,5.34,2666132,14255831.00
2013/04/19,5.40,5.46,5.28,5.43,3526140,18972264.00
2013/04/22,5.37,5.54,5.36,5.50,2717882,14883806.00
2013/04/23,5.50,5.54,5.38,5.45,2740175,14907002.00
2013/04/24,5.40,5.53,5.40,5.51,2480433,13584020.00
2013/04/25,5.46,5.57,5.32,5.46,3236291,17753922.00
2013/04/26,5.47,5.48,5.25,5.35,3641934,19430980.00
2013/05/02,5.22,5.45,5.22,5.40,1936724,10430601.00
2013/05/03,5.40,5.55,5.36,5.47,2234776,12254719.00
2013/05/06,5.47,5.56,5.45,5.51,2205358,12117444.00
2013/05/07,5.53,5.62,5.46,5.57,4305742,23996612.00
2013/05/08,5.59,5.62,5.47,5.60,2641253,14660542.00
2013/05/09,5.56,5.61,5.51,5.52,2786593,15456490.00
2013/05/10,5.55,5.66,5.50,5.61,3945635,22107856.00
2013/05/13,5.65,5.89,5.60,5.88,8736327,51192588.00
2013/05/14,5.87,5.91,5.79,5.84,3869844,22650584.00
2013/05/15,5.86,6.12,5.85,5.99,5090283,30666476.00
2013/05/16,5.99,6.18,5.92,5.98,4321438,26213384.00
2013/05/17,6.00,6.05,5.90,5.96,5009463,29891808.00
2013/05/20,5.98,6.00,5.86,5.94,4484451,26597190.00
2013/05/21,5.98,6.13,5.86,6.06,5889200,35351212.00
2013/05/22,6.08,6.11,5.96,6.02,3441031,20826380.00
2013/05/23,6.03,6.03,5.90,5.93,3406565,20262698.00
2013/05/24,5.91,6.00,5.89,5.93,3065720,18160912.00
2013/05/27,5.90,5.94,5.86,5.89,3310151,19493510.00
2013/05/28,5.92,6.06,5.86,5.96,4576389,27237304.00
2013/05/29,5.99,6.20,5.96,6.13,5405738,33026028.00
2013/05/30,6.15,6.16,6.05,6.10,3558525,21674724.00
2013/05/31,6.11,6.13,6.02,6.04,2084493,12630154.00
2013/06/03,6.03,6.10,5.95,6.00,3000582,18132154.00
2013/06/04,6.01,6.01,5.80,5.83,3778215,22137720.00
2013/06/05,5.75,5.84,5.69,5.76,2465484,14181550.00
2013/06/06,5.74,5.84,5.68,5.79,2272419,13102292.00
2013/06/07,5.78,5.87,5.60,5.68,3119598,17808464.00
2013/06/13,5.60,5.66,5.40,5.40,3755300,20408650.00
2013/06/14,5.39,5.55,5.39,5.43,2370065,12956904.00
2013/06/17,5.45,5.70,5.32,5.66,4034502,22492810.00
2013/06/18,5.66,5.79,5.66,5.75,3539550,20328220.00
2013/06/19,5.74,5.84,5.62,5.78,2350543,13480412.00
2013/06/20,5.72,5.77,5.60,5.65,1752007,9911065.00
2013/06/21,5.60,5.75,5.45,5.68,1554987,8746127.00
2013/06/24,5.69,5.69,5.40,5.40,4455601,24306450.00
2013/06/25,5.24,5.39,5.13,5.34,3291180,17159004.00
2013/06/26,5.34,5.40,5.18,5.30,1898756,10051528.00
2013/06/27,5.30,5.38,5.04,5.07,2185190,11370485.00
2013/06/28,5.02,5.05,4.85,4.86,2781930,13834879.00
2013/07/01,4.87,4.99,4.80,4.92,2387291,11705893.00
2013/07/02,4.99,4.99,4.85,4.95,3016266,14823974.00
2013/07/03,4.91,5.20,4.91,5.17,5037632,25838196.00
2013/07/04,5.17,5.23,5.10,5.18,2234325,11551458.00
2013/07/05,5.19,5.25,5.12,5.17,2088171,10814247.00
2013/07/08,5.15,5.15,4.91,4.92,2518722,12617448.00
2013/07/09,4.92,5.03,4.86,4.94,1226699,6031885.00
2013/07/10,4.96,5.02,4.91,5.01,1865277,9268393.00
2013/07/11,5.01,5.12,4.94,5.10,2825304,14275657.00
2013/07/12,5.10,5.11,4.99,5.03,2659382,13418352.00
2013/07/15,4.98,5.12,4.89,5.08,1585516,8001057.00
2013/07/16,5.04,5.10,4.98,5.08,1666916,8429651.00
2013/07/17,5.08,5.24,5.06,5.09,3443697,17714722.00
2013/07/18,5.10,5.15,4.99,5.00,1957353,9895206.00
2013/07/19,5.00,5.09,4.95,5.05,2622588,13175010.00
2013/07/22,5.05,5.07,4.98,5.05,1274701,6399962.00
2013/07/23,5.06,5.14,5.05,5.12,2370143,12078251.00
2013/07/24,5.10,5.17,5.02,5.07,2102588,10666685.00
2013/07/25,5.07,5.13,5.06,5.06,1877699,9558789.00
2013/07/26,5.02,5.06,4.95,5.01,1612440,8059525.00
2013/07/29,5.00,5.00,4.88,4.92,1608009,7897650.00
2013/07/30,4.93,4.95,4.86,4.92,1187610,5820987.00
2013/07/31,4.92,4.95,4.87,4.92,1638724,8040692.00
2013/08/01,4.89,4.99,4.89,4.96,1246957,6174125.00
2013/08/02,4.94,5.01,4.94,4.98,1583453,7876761.00
2013/08/05,4.98,5.03,4.91,5.02,2030324,10085251.00
2013/08/06,5.02,5.07,4.97,5.07,1876847,9433267.00
2013/08/07,5.04,5.11,4.97,5.08,2690143,13616430.00
2013/08/08,5.07,5.11,5.03,5.07,1930105,9794321.00
2013/08/09,5.06,5.09,4.98,5.05,2469181,12435329.00
2013/08/12,5.05,5.30,5.03,5.30,6551369,34387624.00
2013/08/13,5.41,5.47,5.30,5.36,4582463,24690620.00
2013/08/14,5.37,5.63,5.37,5.51,7658423,42794760.00
2013/08/15,5.48,5.61,5.45,5.46,3254715,17995430.00
2013/08/16,5.41,5.71,5.40,5.63,4493363,25026396.00
2013/08/19,5.60,5.68,5.51,5.58,2605450,14594057.00
2013/08/20,5.55,5.63,5.52,5.57,1755602,9788156.00
2013/08/21,5.59,5.59,5.47,5.57,1822920,10111955.00
2013/08/22,5.53,5.77,5.53,5.70,2967749,16904808.00
2013/08/23,5.75,5.75,5.55,5.58,1926357,10818664.00
2013/08/26,5.56,5.61,5.48,5.58,1899257,10543335.00
2013/08/27,5.53,5.60,5.50,5.58,1621607,8990526.00
2013/08/28,5.55,5.67,5.53,5.60,1650205,9257876.00
2013/08/29,5.65,5.65,5.32,5.43,3791694,20605296.00
2013/08/30,5.40,5.53,5.33,5.43,2656412,14426076.00
2013/09/02,5.44,5.48,5.38,5.45,2192552,11865142.00
2013/09/03,5.45,5.72,5.45,5.72,5020341,28537600.00
2013/09/04,5.77,5.85,5.66,5.69,2947972,16939540.00
2013/09/05,5.70,5.72,5.63,5.69,1385162,7861125.00
2013/09/06,5.69,5.84,5.65,5.78,3102741,17908688.00
2013/09/09,5.78,5.85,5.68,5.73,3095712,17775152.00
2013/09/10,5.73,5.76,5.65,5.69,3103870,17663172.00
2013/09/11,5.84,5.85,5.68,5.70,3298271,18993228.00
2013/09/12,5.69,5.71,5.50,5.63,2399477,13510110.00
2013/09/13,5.64,5.65,5.49,5.55,3313701,18361206.00
2013/09/16,5.56,5.72,5.56,5.63,3744764,21207730.00
2013/09/17,5.59,5.82,5.59,5.67,4855628,27858274.00
2013/09/18,5.67,5.82,5.63,5.77,3842370,22118608.00
2013/09/23,5.73,5.89,5.73,5.84,3505729,20394534.00
2013/09/24,5.82,5.86,5.68,5.70,3312882,19050912.00
2013/09/25,5.69,5.74,5.58,5.62,2514874,14240545.00
2013/09/26,5.66,5.67,5.56,5.59,2192559,12283760.00
2013/09/27,5.56,5.61,5.53,5.58,2180502,12121888.00
2013/09/30,5.57,5.72,5.56,5.66,2064471,11663712.00
2013/10/08,5.62,5.74,5.61,5.68,2227857,12626800.00
2013/10/09,5.72,5.75,5.59,5.65,3319895,18770334.00
2013/10/10,5.58,5.66,5.46,5.51,4637131,25760464.00
2013/10/11,5.53,5.69,5.51,5.54,4483778,25045458.00
2013/10/14,5.65,5.71,5.58,5.63,4364588,24637208.00
2013/10/15,5.61,5.63,5.49,5.57,4248436,23593076.00
2013/10/16,5.52,5.58,5.40,5.45,3709384,20352400.00
2013/10/17,5.48,5.50,5.43,5.47,2253052,12316126.00
2013/10/18,5.44,5.47,5.40,5.45,2177021,11839586.00
2013/10/21,5.49,5.54,5.41,5.53,4582427,25093448.00
2013/10/22,5.51,5.55,5.47,5.49,3021861,16667015.00
2013/10/23,5.48,5.54,5.36,5.37,3485764,18968220.00
2013/10/24,5.36,5.43,5.30,5.38,1917647,10292903.00
2013/10/25,5.38,5.49,5.33,5.37,2069676,11130977.00
2013/10/28,5.38,5.40,5.25,5.34,1919979,10210174.00
2013/10/29,5.33,5.33,5.07,5.08,3573579,18449904.00
2013/10/30,5.08,5.20,5.06,5.17,1717669,8839379.00
2013/10/31,5.17,5.33,5.11,5.19,2193176,11456794.00
2013/11/01,5.18,5.24,5.15,5.21,1034379,5373714.00
2013/11/04,5.19,5.25,5.15,5.21,1559457,8084386.00
2013/11/05,5.20,5.39,5.17,5.32,3382848,17885416.00
2013/11/06,5.29,5.34,5.23,5.30,1790323,9476621.00
2013/11/07,5.26,5.30,5.23,5.26,1574463,8298648.00
2013/11/08,5.24,5.29,5.15,5.17,1392961,7263786.00
2013/11/11,5.17,5.21,5.15,5.17,1138731,5886620.00
2013/11/12,5.19,5.22,5.16,5.19,1021306,5294974.00
2013/11/13,5.20,5.26,5.17,5.21,1470901,7668997.00
2013/11/14,5.18,5.24,5.07,5.24,1897147,9783492.00
2013/11/15,5.21,5.33,5.19,5.28,3028299,15978749.00
2013/11/18,5.20,5.32,5.19,5.32,5105250,26883596.00
2013/11/19,5.29,5.35,5.22,5.34,2536787,13417132.00
2013/11/20,5.33,5.55,5.31,5.43,4327488,23622466.00
2013/11/21,5.40,5.49,5.34,5.40,2911214,15740835.00
2013/11/22,5.40,5.53,5.36,5.43,3041767,16622572.00
2013/11/25,5.45,5.59,5.42,5.47,3539204,19588600.00
2013/11/26,5.48,5.54,5.40,5.50,2409692,13166142.00
2013/11/27,5.51,5.53,5.44,5.48,2025990,11110488.00
2013/11/28,5.51,5.52,5.46,5.47,1811338,9940498.00
2013/11/29,5.46,5.56,5.45,5.51,2973128,16378274.00
2013/12/02,5.40,5.40,5.23,5.23,4798501,25218464.00
2013/12/03,4.97,5.09,4.97,5.05,6563098,32840882.00
2013/12/04,5.05,5.09,4.99,5.05,5131449,25913400.00
2013/12/05,5.05,5.09,5.02,5.06,2610719,13209568.00
2013/12/06,5.05,5.10,5.03,5.08,3029439,15371151.00
2013/12/09,5.08,5.09,5.03,5.04,1794772,9077772.00
2013/12/10,5.08,5.09,5.04,5.07,1815503,9181486.00
2013/12/11,5.06,5.06,4.94,5.01,2590750,12928987.00
2013/12/12,5.00,5.03,4.97,5.01,1357150,6799378.00
2013/12/13,5.00,5.09,4.97,5.06,2224214,11222218.00
2013/12/16,5.06,5.10,4.96,5.00,2914709,14644196.00
2013/12/17,4.99,5.01,4.94,4.99,2060708,10240931.00
2013/12/18,4.99,5.00,4.93,4.94,1632451,8098492.00
2013/12/19,4.95,4.96,4.84,4.89,2100978,10301663.00
2013/12/20,4.90,4.91,4.79,4.85,2215702,10741665.00
2013/12/23,4.85,4.89,4.73,4.80,1885524,9021537.00
2013/12/24,4.80,4.88,4.75,4.81,1976471,9532497.00
2013/12/25,4.83,4.86,4.79,4.86,1171904,5661249.00
2013/12/26,4.84,4.88,4.80,4.84,1342744,6507949.00
2013/12/27,4.82,4.89,4.82,4.89,1056854,5137046.00
2013/12/30,4.93,5.13,4.93,5.04,5441285,27544584.00
2013/12/31,5.08,5.10,4.98,5.03,1688248,8507603.00
2014/01/02,5.03,5.15,5.03,5.07,1985013,10122062.00
2014/01/03,5.08,5.09,5.01,5.04,1739459,8751730.00
2014/01/06,5.02,5.03,4.80,4.91,1577809,7756381.00
2014/01/07,4.89,4.98,4.88,4.98,1133638,5593928.00
2014/01/08,4.98,4.99,4.88,4.92,1045293,5143048.00
2014/01/09,4.88,4.97,4.80,4.85,1633953,7971169.00
2014/01/10,4.85,4.85,4.70,4.73,1271856,6057406.00
2014/01/13,4.72,4.78,4.51,4.58,1810242,8439630.00
2014/01/14,4.64,4.69,4.56,4.68,877814,4067030.00
2014/01/15,4.71,4.73,4.62,4.72,907301,4249475.00
2014/01/16,4.73,4.73,4.66,4.69,1139999,5342045.00
2014/01/17,4.69,4.72,4.64,4.72,1042770,4882935.00
2014/01/20,4.71,4.90,4.69,4.80,1832676,8814938.00
2014/01/21,4.78,4.92,4.78,4.91,1171453,5701786.00
2014/01/22,4.93,4.97,4.90,4.97,1559944,7700563.00
2014/01/23,4.96,4.98,4.90,4.94,2314970,11412275.00
2014/01/24,4.96,4.96,4.85,4.88,2686514,13128532.00
2014/01/27,4.85,4.91,4.85,4.88,1399778,6824406.00
2014/01/28,4.87,4.95,4.87,4.93,1337298,6574632.00
2014/01/29,4.93,4.94,4.90,4.93,1016314,5002676.00
2014/01/30,4.93,4.99,4.90,4.95,1413674,6999159.00
2014/02/07,4.94,5.05,4.91,5.04,2274376,11360285.00
2014/02/10,5.05,5.22,5.04,5.17,2983363,15317055.00
2014/02/11,5.18,5.20,5.12,5.16,1824696,9398845.00
2014/02/12,5.15,5.24,5.13,5.20,1897723,9843642.00
2014/02/13,5.18,5.22,5.11,5.12,2257292,11646682.00
2014/02/14,5.10,5.19,5.10,5.17,2058127,10590405.00
2014/02/17,5.18,5.28,5.15,5.22,5406582,28067104.00
2014/02/18,5.23,5.48,5.20,5.35,7397277,39622132.00
2014/02/19,5.35,5.47,5.33,5.38,4468892,24112218.00
2014/02/20,5.39,5.42,5.32,5.37,3768545,20212644.00
2014/02/21,5.39,5.43,5.33,5.41,3177766,17073828.00
2014/02/24,5.38,5.38,5.14,5.19,5937924,30889894.00
2014/02/25,5.20,5.22,4.97,5.05,4557638,23259724.00
2014/02/26,5.01,5.11,4.96,5.08,2251289,11344308.00
2014/02/27,5.13,5.21,5.06,5.09,3680418,18934736.00
2014/02/28,5.12,5.15,4.88,5.00,6881824,34230928.00
2014/03/07,5.50,5.50,5.50,5.50,1008101,5544556.00
2014/03/10,6.05,6.05,6.05,6.05,11607845,70227464.00
2014/03/11,6.30,6.35,5.61,5.69,59684713,359082048.00
2014/03/12,5.86,6.26,5.69,6.26,68991093,415750464.00
2014/03/13,6.10,6.21,5.65,5.83,54519514,324773152.00
2014/03/14,5.64,5.96,5.54,5.74,30215014,173194112.00
2014/03/17,5.60,6.31,5.60,6.31,23022053,141289568.00
2014/03/18,6.70,6.94,6.55,6.94,35002469,236645440.00
2014/03/19,7.17,7.17,6.66,6.94,65130085,450257248.00
2014/03/20,6.75,7.39,6.75,6.88,53563655,378430176.00
2014/03/21,6.61,6.85,6.42,6.77,33310510,221631520.00
2014/03/24,6.85,7.13,6.64,6.94,36181229,248718784.00
2014/03/25,6.83,6.83,6.53,6.58,27466464,182993232.00
2014/03/26,6.53,6.80,6.44,6.59,22436401,148561360.00
2014/03/27,6.53,6.58,6.25,6.28,23245084,148259232.00
2014/03/28,6.31,6.33,5.89,5.90,20801772,126350464.00
2014/03/31,5.91,6.07,5.85,5.98,11180319,66592236.00
2014/04/01,5.94,6.09,5.85,5.99,10302424,61395864.00
2014/04/02,6.01,6.03,5.84,5.87,11801134,69757336.00
2014/04/03,5.87,6.01,5.76,5.96,12281551,72691120.00
2014/04/04,5.86,6.13,5.85,6.03,14577436,87689320.00
2014/04/08,6.01,6.18,5.95,6.13,13536544,82176480.00
2014/04/09,6.11,6.24,6.02,6.14,12447608,76146784.00
2014/04/10,6.11,6.14,6.04,6.08,11219441,68302464.00
2014/04/11,6.02,6.04,5.82,5.87,11658962,68822144.00
2014/04/14,5.83,6.06,5.83,6.05,10382060,62015100.00
2014/04/15,6.07,6.15,5.92,5.95,8777948,53040356.00
2014/04/16,5.97,6.02,5.88,5.96,5015555,29785198.00
2014/04/17,5.96,5.99,5.87,5.92,5849599,34663560.00
2014/04/18,5.88,5.94,5.85,5.90,3567234,21038116.00
2014/04/21,5.83,5.87,5.65,5.68,8364507,48294928.00
2014/04/22,5.66,5.73,5.57,5.70,6577782,37137216.00
2014/04/23,5.69,5.84,5.69,5.76,6335150,36504280.00
2014/04/24,5.90,6.34,5.90,6.34,21979348,136701328.00
2014/04/25,6.37,6.84,6.34,6.50,56508159,370710656.00
2014/04/28,6.25,6.30,5.85,5.87,29241648,177387936.00
2014/04/29,5.73,6.04,5.51,6.02,22663412,130123408.00
2014/04/30,5.80,6.39,5.80,6.26,26650606,162836992.00
2014/05/05,6.24,6.44,6.03,6.28,21080348,131906032.00
2014/05/06,6.28,6.38,6.13,6.18,16060201,100218448.00
2014/05/07,6.14,6.80,6.09,6.63,41908392,276860416.00
2014/05/08,6.48,7.15,6.42,6.92,43570592,295802592.00
2014/05/09,6.85,6.92,6.64,6.67,24929971,168420448.00
2014/05/12,6.65,6.83,6.51,6.75,23963091,160159344.00
2014/05/13,6.66,7.18,6.51,7.02,34544581,237393328.00
2014/05/14,6.95,6.99,6.75,6.77,21398808,147010944.00
2014/05/15,6.73,7.10,6.55,6.61,24137454,165068224.00
2014/05/16,6.60,7.27,6.56,7.10,41460490,289530080.00
2014/05/19,7.18,7.56,7.01,7.19,51749680,377031776.00
2014/05/20,7.10,7.91,7.02,7.91,71793704,553779072.00
2014/05/21,7.91,7.91,7.64,7.83,45697700,355035424.00
2014/05/22,7.78,8.54,7.65,8.16,65219859,531115424.00
2014/05/23,8.08,8.17,7.90,8.10,33951383,272564224.00
2014/05/26,7.90,8.05,7.60,7.93,42314907,329660640.00
2014/05/27,7.81,7.85,7.64,7.68,31160612,240817760.00
2014/05/28,7.65,7.87,7.60,7.77,32621029,253334800.00
2014/05/29,7.67,7.70,7.21,7.32,40893793,303580640.00
2014/05/30,7.32,7.97,7.22,7.84,47456317,361048288.00
2014/06/03,7.76,7.83,7.60,7.66,25046795,192793840.00
2014/06/04,7.55,7.89,7.39,7.75,28480197,217050816.00
2014/06/05,7.69,8.09,7.62,7.85,29370281,231894352.00
2014/06/06,7.76,8.33,7.65,8.11,45330249,365313184.00
2014/06/09,7.99,8.25,7.92,8.19,28841052,233655632.00
2014/06/10,8.12,8.88,8.00,8.31,56587100,476586368.00
2014/06/11,8.18,8.43,8.08,8.18,31818460,261560880.00
2014/06/12,8.07,8.36,8.01,8.05,31895860,260256208.00
2014/06/13,8.04,8.14,7.91,8.07,23144242,185999056.00
2014/06/16,8.06,8.08,7.93,8.00,18497142,147923184.00
2014/06/17,7.97,8.25,7.80,8.09,27089613,218681920.00
2014/06/18,8.08,8.08,7.64,7.68,26399391,206280896.00
2014/06/19,7.70,7.79,7.01,7.25,20054755,148517648.00
2014/06/20,7.17,7.30,7.10,7.23,9807501,70562984.00
2014/06/23,7.30,7.56,7.30,7.32,12038063,89220800.00
2014/06/24,7.28,7.55,7.24,7.47,14009527,103861528.00
2014/06/25,7.45,7.48,7.26,7.29,9843286,72360720.00
2014/06/26,7.30,7.42,7.23,7.37,9496598,69757200.00
2014/06/27,7.32,7.57,7.30,7.47,16474065,122807776.00
2014/06/30,7.47,8.20,7.43,8.02,34916948,277943328.00
2014/07/01,8.01,8.25,7.88,7.95,24844484,199354480.00
2014/07/02,8.01,8.53,8.01,8.29,37628247,311578976.00
2014/07/03,8.19,8.20,8.01,8.14,21738606,175969792.00
2014/07/04,8.13,8.49,8.00,8.14,26698388,220750336.00
2014/07/07,8.09,8.43,8.01,8.32,26387112,218715536.00
2014/07/08,8.28,8.33,8.08,8.23,18175049,148518320.00
2014/07/09,8.18,8.85,8.08,8.33,47916390,406600352.00
2014/07/10,8.18,8.41,8.03,8.08,27635081,225817008.00
2014/07/11,8.01,8.29,8.00,8.16,18396539,150084416.00
2014/07/14,8.12,8.31,8.07,8.21,15804470,129344072.00
2014/07/15,8.19,8.98,8.15,8.50,45580158,391540768.00
2014/07/16,8.40,8.52,8.09,8.19,25456534,210482128.00
2014/07/17,8.17,8.29,8.09,8.20,10829167,88484600.00
2014/07/18,8.20,8.43,8.16,8.30,11884421,98719752.00
2014/07/21,8.32,8.35,8.12,8.22,11021198,90342928.00
2014/07/22,8.15,8.50,8.11,8.34,17118084,141935248.00
2014/07/23,8.33,8.70,8.27,8.52,32037483,273228320.00
2014/07/24,8.45,8.64,8.08,8.24,21517795,178323392.00
2014/07/25,8.16,8.32,8.10,8.21,11690050,95852720.00
2014/07/28,8.22,8.42,8.15,8.39,18584353,153876928.00
2014/07/29,8.37,8.88,8.32,8.85,46293695,401530848.00
2014/07/30,8.78,9.10,8.61,8.89,44693169,396812672.00
2014/07/31,8.81,9.03,8.71,8.92,23026459,204054624.00
2014/08/01,8.82,9.05,8.61,8.65,27020282,237863936.00
2014/08/04,8.59,8.90,8.55,8.81,14866036,130482360.00
2014/08/05,8.81,8.85,8.66,8.74,11907347,104110496.00
2014/08/06,8.70,9.03,8.66,8.94,22795122,202909296.00
2014/08/07,8.89,9.01,8.66,8.68,16111388,142029264.00
2014/08/08,8.66,8.78,8.60,8.71,12091240,104928936.00
2014/08/11,8.72,8.77,8.70,8.77,10917193,95318648.00
2014/08/12,8.81,9.25,8.76,9.05,32099606,290807680.00
2014/08/13,8.97,8.97,8.77,8.92,16744295,148240208.00
2014/08/14,8.86,9.08,8.77,8.81,13464138,119532112.00
2014/08/15,8.78,8.85,8.72,8.84,9282251,81529816.00
2014/08/18,8.87,8.89,8.78,8.86,10316768,91110528.00
2014/08/19,8.88,9.01,8.82,8.96,14171273,126268640.00
2014/08/20,8.96,9.27,8.85,9.09,23722260,215108352.00
2014/08/21,9.14,9.14,8.84,8.92,18423774,165659232.00
2014/08/22,8.92,8.95,8.68,8.93,14234093,125440360.00
2014/08/25,8.89,8.90,8.65,8.67,13074018,114366288.00
2014/08/26,8.64,8.65,8.34,8.40,12190029,103406368.00
2014/08/27,8.35,8.75,8.35,8.56,10949735,94399376.00
2014/08/28,8.56,8.65,8.39,8.44,6716934,57017648.00
2014/08/29,8.39,8.68,8.38,8.61,8449213,72442184.00
2014/09/01,8.62,8.84,8.61,8.71,11672228,101670208.00
2014/09/02,8.74,9.25,8.70,9.08,31679494,285690432.00
2014/09/03,9.00,9.23,8.96,9.20,30993470,283661600.00
2014/09/04,9.21,9.69,9.10,9.37,41298941,390232992.00
2014/09/05,9.30,9.98,9.21,9.77,34084874,328705888.00
2014/09/09,9.77,10.05,9.65,9.75,26548766,261451744.00
2014/09/10,9.79,9.92,9.60,9.81,17929197,175344624.00
2014/09/11,9.75,9.90,9.48,9.60,20805893,201695104.00
2014/09/12,9.51,10.56,9.47,10.56,43805255,449319232.00
2014/09/15,10.69,11.62,10.56,11.62,53193818,592046080.00
2014/09/16,11.62,12.75,11.30,12.09,62585332,759098368.00
2014/09/17,11.50,12.10,11.03,11.70,41786434,484072704.00
2014/09/18,11.55,12.36,11.43,12.02,44733792,536856896.00
2014/09/19,11.74,12.60,11.52,12.38,41201436,498057120.00
2014/09/22,12.20,12.29,11.80,11.88,26919161,321909120.00
2014/09/23,11.96,12.33,11.70,11.99,26880849,324465536.00
2014/09/24,12.00,12.84,11.86,12.69,46049606,577250432.00
2014/09/25,12.66,13.89,12.40,13.58,48847170,644011008.00
2014/09/26,13.43,13.94,13.22,13.32,29397674,396596672.00
2014/09/29,13.38,13.62,13.10,13.18,21245848,281986880.00
2014/09/30,13.18,13.35,12.60,12.91,28807387,368894656.00
2014/10/08,12.97,13.55,12.67,13.36,25475791,336752064.00
2014/10/09,13.29,13.45,12.85,13.08,21885486,286405312.00
2014/10/10,13.00,13.08,12.60,12.74,20977378,268224784.00
2014/10/13,12.51,12.51,12.09,12.46,19679195,242501840.00
2014/10/14,12.40,12.69,12.30,12.56,13728152,172085888.00
2014/10/15,12.50,12.65,12.14,12.30,11655826,143670976.00
2014/10/16,12.13,12.28,11.70,11.72,17318355,207876416.00
2014/10/17,11.68,11.95,11.24,11.79,13424715,155970352.00
2014/10/20,11.75,12.07,11.70,12.02,10994935,131400392.00
2014/10/21,11.97,12.10,11.59,11.69,10498001,124156592.00
2014/10/22,11.75,12.08,11.50,11.69,15046243,178660416.00
2014/10/23,11.50,11.84,11.28,11.31,11815716,135552160.00
2014/10/24,11.33,11.49,10.90,11.01,9583021,107117080.00
2014/10/27,10.98,11.26,10.69,11.16,9917526,109316936.00
2014/10/28,11.17,11.80,11.13,11.79,15542865,178905776.00
2014/10/29,11.86,12.51,11.86,12.50,32867819,402706848.00
2014/10/30,12.50,12.70,12.14,12.30,21701201,267019040.00
2014/10/31,12.39,12.77,12.25,12.58,23564875,294953440.00
2014/11/03,12.40,13.50,12.35,13.41,37574624,494623584.00
2014/11/04,13.36,13.75,13.05,13.37,24829365,330537184.00
2014/11/05,13.30,14.50,13.16,14.19,43792596,611253632.00
2014/11/06,13.94,14.19,13.70,14.13,22319933,311282304.00
2014/11/07,14.08,14.23,13.76,13.98,24755664,345064832.00
2014/11/10,13.92,14.00,13.14,13.34,24600767,328735520.00
2014/11/11,13.25,13.25,12.01,12.01,31282953,386974368.00
2014/11/12,11.70,12.27,11.23,12.05,21729038,258780448.00
2014/11/13,12.02,12.02,11.35,11.58,14717840,171306384.00
2014/11/14,11.52,11.97,11.46,11.76,12648084,148814704.00
2014/11/17,11.53,12.41,11.53,12.21,20207367,244643424.00
2014/11/18,12.26,12.30,11.93,12.05,12063048,145005360.00
2014/11/19,11.96,12.10,11.71,11.77,6790653,80363400.00
2014/12/08,12.95,12.95,12.95,12.95,1089360,14107212.00
2014/12/09,14.25,14.25,13.25,14.10,58843887,821692736.00
2014/12/10,14.13,15.10,12.79,14.38,69308609,972042688.00
2014/12/11,14.00,14.75,13.38,14.00,47477114,663525504.00
2014/12/12,13.55,13.97,13.55,13.59,25539996,348991488.00
2014/12/15,12.76,13.47,12.62,13.07,26631016,348067072.00
2014/12/16,13.07,13.60,13.07,13.23,22381977,298318976.00
2014/12/17,13.20,13.20,12.52,12.60,23946869,305253536.00
2014/12/18,12.31,13.20,12.30,12.81,22910720,295474208.00
2014/12/19,12.66,12.69,12.18,12.39,17554107,217050784.00
2014/12/22,12.40,12.59,11.15,11.23,23472204,271338368.00
2014/12/23,11.22,11.48,10.70,10.75,12086471,135195792.00
2014/12/24,10.65,11.37,10.65,11.27,12834106,141754928.00
2014/12/25,11.30,11.51,11.16,11.50,11212631,127137568.00
2014/12/26,11.34,11.67,11.32,11.52,9553954,110120200.00
2014/12/29,11.52,11.60,10.84,11.13,14416228,159842432.00
2014/12/30,11.01,11.10,10.66,10.68,8666375,94139480.00
2014/12/31,10.55,10.97,10.52,10.73,7570450,81375896.00
2015/01/05,10.71,10.88,10.20,10.54,11121084,116631144.00
2015/01/06,10.51,11.55,10.25,11.38,22496878,249637808.00
2015/01/07,11.30,11.30,11.00,11.19,11752738,130796168.00
2015/01/08,11.15,11.36,11.08,11.14,9709054,109220584.00
2015/01/09,11.10,11.30,10.86,10.92,8587688,95244632.00
2015/01/12,10.80,10.87,10.43,10.45,8368432,88308384.00
2015/01/13,10.45,10.85,10.45,10.57,5920850,63173848.00
2015/01/14,10.52,11.13,10.48,11.00,11490660,125149896.00
2015/01/15,10.95,11.28,10.86,10.99,11327963,125716192.00
2015/01/16,10.99,11.19,10.96,11.05,7683177,84776496.00
2015/01/19,10.97,11.33,10.32,10.58,12740451,138666880.00
2015/01/20,10.60,10.93,10.60,10.88,7965188,85953096.00
2015/01/21,10.89,11.35,10.85,11.24,14296316,159761072.00
2015/01/22,11.35,12.35,11.12,12.06,31388334,366784000.00
2015/01/23,12.05,12.05,11.67,11.71,20631300,243709296.00
2015/01/26,11.80,12.10,11.70,11.84,12333740,145958400.00
2015/01/27,11.87,12.35,11.79,12.29,24845301,300045088.00
2015/01/28,12.28,12.28,11.99,12.02,12712319,153747808.00
2015/01/29,11.88,11.88,11.60,11.62,10862335,127232128.00
2015/01/30,11.40,11.59,11.21,11.36,11802057,134348816.00
2015/02/02,11.19,11.46,11.01,11.25,5396444,60938856.00
2015/02/03,11.25,11.45,11.14,11.45,6915649,78321056.00
2015/02/04,11.45,11.77,11.36,11.41,8932221,103394632.00
2015/02/05,11.45,11.58,11.20,11.21,8665855,97933072.00
2015/02/06,11.15,11.32,10.71,10.89,6897780,76106056.00
2015/02/09,10.82,11.15,10.76,10.86,3616979,39487040.00
2015/02/10,10.90,11.25,10.80,11.01,5157843,56705004.00
2015/02/11,11.00,11.09,10.88,10.95,5106607,55872968.00
2015/02/12,10.85,10.98,10.85,10.89,4258719,46408968.00
2015/02/13,10.92,11.23,10.91,11.11,6554679,72843688.00
2015/02/16,11.16,11.34,11.10,11.27,9280987,104321912.00
2015/02/17,11.30,11.45,11.21,11.38,6809700,77235120.00
2015/02/25,11.44,11.91,11.31,11.68,13184288,153841264.00
2015/02/26,11.70,11.75,11.48,11.66,9002497,104233280.00
2015/02/27,11.72,12.29,11.72,11.95,20243604,243621840.00
2015/03/02,12.00,12.15,11.70,12.06,12531680,150209296.00
2015/03/03,12.10,12.14,11.86,11.95,14019902,168024864.00
2015/03/04,11.95,12.14,11.91,11.99,11416889,136719792.00
2015/03/05,12.13,12.18,11.85,11.98,11178912,133917376.00
2015/03/06,11.98,12.52,11.70,12.24,22057854,267142352.00
2015/03/09,12.05,12.23,11.81,12.10,13329427,160746464.00
2015/03/10,12.00,12.37,11.96,12.24,15368039,187989536.00
2015/03/11,12.30,12.30,11.98,12.00,11874311,143647280.00
2015/03/12,12.00,12.09,11.74,11.87,9381545,111386712.00
2015/03/13,11.92,12.20,11.87,11.94,6608567,78946016.00
2015/03/16,11.97,12.24,11.97,12.19,14702381,178358512.00
2015/03/17,12.24,13.41,12.17,12.86,38309808,489457792.00
2015/03/18,12.75,13.20,12.70,13.00,23651112,305178240.00
2015/03/19,13.00,13.65,12.71,13.51,32384817,428838656.00
2015/03/20,13.51,13.68,13.19,13.27,21159894,282694880.00
2015/03/23,13.29,13.48,13.16,13.28,21331450,282694080.00
2015/03/24,13.29,13.60,12.71,13.15,22626330,298427360.00
2015/03/25,13.29,13.33,12.91,13.18,21711883,285109536.00
2015/03/26,13.09,13.88,13.00,13.73,41432531,559684800.00
2015/03/27,13.67,13.68,13.30,13.40,20272201,272138016.00
2015/03/30,13.40,13.42,13.19,13.36,17874725,237525664.00
2015/03/31,13.46,13.67,13.10,13.50,28316532,379104192.00
2015/04/01,13.48,13.87,13.36,13.72,29082136,397246176.00
2015/04/02,13.73,13.84,13.47,13.72,24142042,328490464.00
2015/04/03,13.56,14.50,13.45,14.09,35402600,493556832.00
2015/04/07,13.92,14.19,13.85,14.16,27743570,390492320.00
2015/04/08,14.18,14.32,13.43,13.61,24357197,335924032.00
2015/04/09,13.61,13.61,12.32,12.96,22990722,298202816.00
2015/04/10,12.88,13.59,12.72,13.52,21961663,292163744.00
2015/04/13,13.59,13.95,13.37,13.67,21237405,290961600.00
2015/04/14,13.65,14.48,13.45,14.21,40711677,569743424.00
2015/04/15,14.10,14.27,13.18,13.30,22556951,311096640.00
2015/04/16,13.16,13.56,12.81,13.27,15889410,210416544.00
2015/04/17,13.30,13.94,13.30,13.58,24204161,330066144.00
2015/04/20,13.38,14.94,13.20,14.94,62183131,890036736.00
2015/04/21,15.27,16.43,14.94,15.77,93926962,1483396480.00
2015/04/22,15.47,16.16,15.39,16.09,67850407,1073421504.00
2015/04/23,15.95,16.00,15.48,15.71,40754895,640934912.00
2015/04/24,15.62,16.75,15.42,15.81,47795922,771539136.00
2015/04/27,15.98,16.69,15.62,15.83,44081937,708067776.00
2015/04/28,15.69,15.70,14.53,14.84,30810404,465273632.00
2015/04/29,14.75,15.40,14.46,15.21,19849932,300419712.00
2015/04/30,15.25,15.65,15.00,15.02,18194852,278415104.00
2015/05/04,15.03,15.81,14.60,15.80,26455755,408094464.00
2015/05/05,15.87,16.21,15.01,15.31,23250004,365347520.00
2015/05/06,15.32,16.24,15.02,15.77,29197113,459659712.00
2015/05/07,15.80,16.80,15.61,16.33,54192455,886929792.00
2015/05/08,16.20,16.30,15.01,16.24,40066428,629968768.00
2015/05/11,16.28,17.64,15.93,17.28,45025056,754038208.00
2015/05/12,17.05,17.94,16.91,17.82,43088533,757355648.00
2015/05/13,17.80,18.20,17.19,17.36,34811603,616647616.00
2015/05/14,17.15,17.65,16.96,16.99,24689937,424305920.00
2015/05/15,17.00,17.60,16.89,17.28,24020691,414839872.00
2015/05/18,17.28,17.98,16.90,17.73,28779912,505068832.00
2015/05/19,17.71,17.84,17.25,17.52,21055483,367706592.00
2015/05/20,17.50,18.20,17.37,17.41,31635842,562560256.00
2015/05/21,17.71,18.98,17.42,18.83,38249629,695328000.00
2015/05/22,18.80,18.80,18.28,18.56,28716849,532028000.00
2015/05/25,18.46,19.89,18.21,19.59,34980180,672617152.00
2015/05/26,19.72,21.31,19.72,21.04,38270764,788052224.00
2015/05/27,21.05,21.98,20.05,20.96,41233026,871553664.00
2015/05/28,20.60,21.19,18.86,18.86,35258307,707666944.00
2015/05/29,18.50,19.54,17.58,18.90,30501827,572464576.00
2015/06/01,18.91,20.10,18.61,19.84,24415933,475664736.00
2015/06/02,19.88,20.55,19.50,20.37,29060530,580402880.00
2015/06/03,20.38,20.47,19.15,19.55,21891239,432896128.00
2015/06/04,19.50,20.24,18.00,20.05,21364052,419821408.00
2015/06/05,20.20,21.95,20.05,21.86,40582078,843797312.00
2015/06/08,21.80,21.80,20.60,20.87,28081468,592236032.00
2015/06/09,20.58,21.47,20.19,20.89,21280100,442742144.00
2015/06/10,20.56,21.39,20.16,20.87,21830985,457595936.00
2015/06/11,20.68,22.40,20.55,22.00,39246700,851901952.00
2015/06/12,22.02,24.20,21.43,23.51,42880446,959540032.00
2015/06/15,23.51,24.90,23.01,23.66,41659471,1000557696.00
2015/06/16,23.67,24.28,23.00,23.41,37412745,885941376.00
2015/06/17,23.00,23.60,21.25,23.15,33070054,741789056.00
2015/06/18,22.90,25.19,22.50,23.83,39415315,952155712.00
2015/06/19,22.81,25.00,22.20,22.60,40994768,981914688.00
2015/06/23,22.50,24.80,20.40,24.70,42351015,963172736.00
2015/06/24,25.30,26.68,24.50,25.92,64471303,1658803200.00
2015/06/25,26.10,28.51,25.53,28.11,90910612,2534642176.00
2015/06/26,26.50,27.75,25.30,25.30,60996194,1600180992.00
2015/06/29,26.00,26.53,22.77,22.77,64129751,1547140736.00
2015/06/30,21.30,23.81,20.49,23.31,59257386,1302133504.00
2015/07/01,21.98,22.70,20.98,20.98,52790523,1151177216.00
2015/07/02,19.18,20.00,18.88,18.88,53399531,1014071360.00
2015/07/03,16.99,18.05,16.99,16.99,21786127,374761568.00
2015/07/06,18.50,18.51,15.29,15.29,31045313,503715968.00
2015/07/07,13.76,13.76,13.76,13.76,1300800,17899008.00
2015/07/08,12.38,12.38,12.38,12.38,777300,9622974.00
2015/07/09,11.14,13.62,11.14,13.62,88140090,1094088448.00
2015/07/10,13.00,14.98,12.70,14.98,71329675,1033462400.00
2015/07/13,15.70,16.48,15.00,16.48,59294583,949783552.00
2015/07/14,16.67,18.10,16.60,17.14,71576696,1238639488.00
2015/07/15,16.40,16.71,15.43,15.44,43730702,693699648.00
2015/07/16,14.85,16.87,13.94,16.77,54846080,881905600.00
2015/07/17,16.90,18.45,16.90,18.45,63588094,1140292864.00
2015/07/20,18.50,20.10,17.90,18.83,83413727,1592927488.00
2015/07/21,18.10,19.50,17.58,18.69,56307514,1042524928.00
2015/07/22,19.06,20.30,18.86,19.79,75091731,1474374656.00
2015/07/23,19.63,20.37,18.96,19.97,61102844,1198002048.00
2015/07/24,20.15,21.68,19.80,20.79,72174647,1496874496.00
2015/07/27,20.00,21.70,18.71,18.71,65032526,1338423424.00
2015/07/28,17.00,19.50,16.84,17.61,52689208,936075264.00
2015/07/29,17.70,19.37,16.52,19.37,48790223,876838208.00
2015/07/30,19.59,21.20,19.18,19.83,66041187,1338412160.00
2015/07/31,19.40,20.20,17.85,18.03,38291148,730834368.00
2015/08/03,17.42,17.45,16.23,16.43,36893614,609394560.00
2015/08/04,16.16,18.07,16.16,18.07,40394110,706186048.00
2015/08/05,18.12,18.82,17.30,17.82,48053228,870032640.00
2015/08/06,17.06,17.92,17.00,17.13,22516855,391266464.00
2015/08/07,17.30,17.67,17.16,17.61,25632912,447562048.00
2015/08/10,17.80,19.37,17.80,19.37,48601144,914676224.00
2015/08/11,19.80,20.70,19.01,20.01,60452767,1194478336.00
2015/08/12,22.01,22.01,21.10,22.01,38067026,833822912.00
2015/08/13,21.91,23.77,20.51,23.22,95575170,2088692864.00
2015/08/14,22.60,24.50,22.22,23.50,78149866,1842199296.00
2015/08/17,23.00,24.45,22.85,23.32,62386020,1482388224.00
2015/08/18,22.94,22.97,20.99,20.99,52347575,1141740672.00
2015/08/19,19.11,21.50,19.00,21.01,51476739,1042146368.00
2015/08/20,20.58,20.92,19.00,19.01,33793141,674331200.00
2015/08/21,18.69,19.98,18.23,19.12,37073599,715593152.00
2015/08/24,18.00,19.00,17.21,17.21,21671835,379150464.00
2015/08/25,15.49,15.99,15.49,15.49,15993765,248803472.00
2015/08/26,15.45,16.01,13.94,13.94,38452854,569537472.00
2015/08/27,14.22,14.72,12.78,14.57,40914472,578051776.00
2015/08/28,14.92,16.03,14.65,16.03,47069342,734236928.00
2015/08/31,16.58,16.93,15.65,15.88,50690903,827804288.00
2015/09/01,15.91,15.92,14.29,14.29,26458308,385367008.00
2015/09/02,12.86,14.73,12.86,12.86,28660725,380868736.00
2015/09/07,12.91,13.66,11.90,12.14,26152191,338839168.00
2015/09/08,12.11,12.92,11.00,12.54,26705900,314079776.00
2015/09/09,12.60,13.45,12.21,13.29,33754457,437964256.00
2015/09/10,12.90,13.80,12.64,13.06,29925755,400980800.00
2015/09/11,13.06,13.35,12.52,12.80,20486700,263642640.00
2015/09/14,13.10,13.26,11.52,11.52,23601107,289598272.00
2015/09/15,10.98,11.42,10.37,10.37,17725384,189967888.00
2015/09/16,10.60,11.41,10.23,11.41,23692888,255121536.00
2015/09/17,11.38,12.38,11.01,11.07,30972250,364005504.00
2015/09/18,11.18,11.58,10.95,11.43,18645613,210380736.00
2015/09/21,11.29,12.57,11.22,12.57,34128288,415986496.00
2015/09/22,12.90,13.26,12.57,12.99,36850775,478580032.00
2015/09/23,12.68,14.29,12.50,14.29,44877746,612804608.00
2015/09/24,14.28,15.50,13.80,15.00,53971719,783394624.00
2015/09/25,14.99,15.89,14.61,15.00,49193200,749549568.00
2015/09/28,15.28,15.65,14.50,15.28,34368116,521263360.00
2015/09/29,14.84,15.06,13.78,14.05,31268867,448823072.00
2015/09/30,14.55,15.46,14.11,15.46,52535492,788897408.00
2015/10/08,15.80,16.69,15.68,16.05,50764123,819970624.00
2015/10/09,15.73,17.09,15.66,16.17,39631022,648936448.00
2015/10/12,16.05,17.00,16.05,16.59,45697210,756122368.00
2015/10/13,16.26,16.72,16.13,16.69,30653117,502858368.00
2015/10/14,16.68,17.36,15.80,15.99,33809356,556768768.00
2015/10/15,15.81,16.48,15.38,16.43,29179674,469610112.00
2015/10/16,16.39,16.96,16.25,16.51,37050349,612260352.00
2015/10/19,16.50,16.50,15.66,15.99,31382132,502013856.00
2015/10/20,16.01,17.19,16.00,17.03,50414971,843606272.00
2015/10/21,16.80,16.83,15.33,15.33,37920438,613681920.00
2015/10/22,14.85,16.85,14.81,16.73,40933925,645331008.00
2015/10/23,16.40,17.18,16.04,16.63,36891152,614584576.00
2015/10/26,16.84,18.29,16.33,18.29,61247147,1067231168.00
2015/10/27,18.40,19.75,17.60,19.28,67674695,1259777024.00
2015/10/28,18.70,19.48,17.66,18.01,46082477,860425344.00
2015/10/29,18.10,18.88,17.55,18.23,31990035,581144960.00
2015/10/30,18.00,18.08,17.36,17.54,22690642,400886400.00
2015/11/02,17.20,17.63,15.91,16.25,24826986,417615712.00
2015/11/03,16.50,16.67,15.75,16.24,22276111,361386144.00
2015/11/04,16.45,17.15,16.33,17.12,28005448,468427232.00
2015/11/05,17.10,17.87,16.88,17.18,31627858,547171776.00
2015/11/06,17.03,18.35,17.00,17.86,38668278,684567360.00
2015/11/09,17.50,18.18,17.00,17.78,36985003,649983808.00
2015/11/10,17.60,18.28,17.30,17.87,29443590,527742464.00
2015/11/11,17.90,18.19,17.68,17.92,22348671,399804544.00
2015/11/12,18.10,19.22,17.88,18.83,47399064,888443968.00
2015/11/13,18.49,18.87,17.50,17.77,32907367,593028608.00
2015/11/16,18.15,18.98,17.80,18.32,38662400,710589888.00
2015/11/17,18.12,19.20,18.00,18.51,47672495,888744000.00
2015/11/18,18.51,18.65,17.51,17.63,25198632,452625632.00
2015/11/19,17.56,17.99,17.41,17.89,17316550,306593216.00
2015/11/20,17.90,18.50,17.79,18.04,22884261,415497408.00
2015/11/23,18.15,18.20,17.50,17.62,18112376,323474848.00
2015/11/24,17.58,17.59,16.80,17.50,20273089,347458528.00
2015/11/25,17.94,18.15,17.58,17.67,22121141,394737824.00
2015/11/26,17.49,18.10,17.30,17.74,27388645,485147488.00
2015/11/27,18.02,18.08,16.07,16.47,27092502,471791648.00
2015/11/30,16.04,16.59,14.87,16.16,22287993,354984672.00
2015/12/01,16.20,16.75,15.97,16.26,14664830,239323136.00
2015/12/02,16.18,16.28,14.96,15.88,12504339,196841760.00
2015/12/03,15.90,16.18,15.89,16.15,10113837,162147920.00
2015/12/04,16.20,16.42,15.98,16.11,11936136,193301088.00
2015/12/07,16.17,16.30,15.60,16.10,15410752,246087168.00
2015/12/08,16.10,16.10,15.55,15.56,11065467,174046496.00
2015/12/09,15.45,16.09,15.30,15.64,14886943,234278240.00
2015/12/10,15.66,15.79,15.13,15.18,12749757,196034112.00
2015/12/11,15.01,15.33,15.01,15.19,7230375,109959392.00
2015/12/14,15.04,15.48,14.86,15.44,11030237,166857632.00
2015/12/15,15.50,16.26,15.50,15.90,17270044,275368384.00
2015/12/16,15.99,16.14,15.67,15.90,12199165,193715136.00
2015/12/17,16.00,16.44,15.94,16.21,18162361,294293856.00
2015/12/18,16.16,16.41,16.00,16.21,14575900,235883184.00
2015/12/21,16.28,16.51,16.12,16.38,14763473,241527696.00
2015/12/22,16.50,16.50,16.00,16.27,10828941,175831248.00
2015/12/23,16.32,16.32,16.00,16.01,11207066,180529440.00
2015/12/24,15.93,16.02,15.31,15.87,10290567,161260576.00
2015/12/25,15.88,16.20,15.81,16.15,9230000,147978320.00
2015/12/28,16.01,16.31,15.50,15.51,11274965,179269664.00
2015/12/29,15.58,15.76,15.45,15.62,5596171,87173752.00
2015/12/30,15.50,15.95,15.50,15.80,8236499,129614104.00
2015/12/31,15.70,15.87,15.40,15.46,6053495,94767864.00
2016/01/04,15.81,16.08,14.02,14.19,11230915,175314848.00
2016/01/05,13.55,14.95,13.02,14.53,14970285,213615712.00
2016/01/06,14.53,14.82,14.19,14.60,12935431,187347424.00
2016/01/07,14.30,14.32,13.15,13.17,2424500,33307048.00
2016/01/08,13.60,13.79,12.00,12.91,11924323,156028640.00
2016/01/11,12.70,12.80,11.62,11.62,10217210,124284264.00
2016/01/12,11.84,12.00,11.01,11.62,9606520,110413752.00
2016/01/13,11.66,11.98,11.03,11.07,9292002,107636880.00
2016/01/14,10.68,11.85,10.50,11.71,12113718,135209232.00
2016/01/15,11.71,12.14,11.50,11.61,15040149,177725696.00
2016/01/18,11.32,12.00,11.25,11.94,10063082,117268064.00
2016/01/19,11.72,12.99,11.67,12.51,13840172,169244640.00
2016/01/20,12.33,12.82,12.20,12.23,10664416,132722768.00
2016/01/21,12.01,12.29,11.35,11.40,8631522,102492600.00
2016/01/22,11.62,12.08,11.30,11.82,11199500,131710336.00
2016/01/25,11.80,11.97,11.65,11.82,9163714,107729856.00
2016/01/26,11.68,11.98,10.64,10.67,10782148,122490072.00
2016/01/27,10.68,11.50,9.76,11.09,12037599,125017712.00
2016/01/28,10.29,10.54,9.98,9.98,12712669,130719160.00
2016/01/29,9.52,10.26,9.18,9.98,19260616,187447568.00
2016/02/01,9.74,9.75,9.00,9.16,14474687,135759056.00
2016/02/02,9.16,9.61,9.12,9.44,15664052,147073296.00
2016/02/03,9.20,9.31,8.98,9.26,14389140,131411112.00
2016/02/04,9.38,9.98,9.30,9.94,20388596,196586592.00
2016/02/05,10.00,10.00,9.63,9.65,11307549,110594464.00
2016/02/15,9.30,9.62,9.00,9.55,7601633,71346072.00
2016/02/16,9.65,10.23,9.60,10.13,15313760,152469008.00
2016/02/17,10.29,11.14,10.17,11.14,13072283,142350368.00
2016/02/18,11.70,11.98,11.07,11.12,33075441,377966464.00
2016/02/19,10.88,11.32,10.88,11.16,18954066,210972352.00
2016/02/22,11.24,11.80,11.22,11.59,21796915,252113392.00
2016/02/23,11.49,11.64,11.20,11.48,16984669,193021984.00
2016/02/24,11.46,12.31,11.34,11.87,26945397,321052384.00
2016/02/25,11.77,11.79,10.68,10.68,19886159,222375216.00
2016/02/26,10.70,11.05,9.96,10.41,14053755,147957680.00
2016/02/29,10.22,10.22,9.37,9.39,16854492,160237904.00
2016/03/01,9.42,9.90,9.04,9.79,13673381,131185720.00
2016/03/02,9.82,10.45,9.60,10.30,17865982,179168832.00
2016/03/03,10.28,10.85,10.15,10.26,19887807,207769264.00
2016/03/04,10.13,11.29,10.03,11.29,26141665,287673120.00
2016/03/07,11.50,12.42,11.30,12.04,58828698,700186624.00
2016/03/08,11.65,11.80,11.09,11.71,35371429,406333312.00
2016/03/09,11.10,11.69,11.06,11.09,21402367,241842512.00
2016/03/10,11.10,11.59,10.81,11.28,25208744,284895552.00
2016/03/11,11.06,11.71,10.85,11.44,24991586,285701024.00
2016/03/14,11.47,11.99,11.31,11.85,35188716,412839520.00
2016/03/15,11.60,11.79,11.28,11.41,21171926,243534816.00
2016/03/16,11.62,11.68,10.87,10.96,18810039,209701376.00
2016/03/17,10.96,11.38,10.85,11.25,18516122,206549008.00
2016/03/18,11.28,12.25,11.20,12.10,41390570,485689696.00
2016/03/21,12.00,13.17,11.85,12.78,52540364,644989376.00
2016/03/22,12.38,13.50,12.25,12.61,47053978,603490432.00
2016/03/23,12.55,12.80,12.30,12.51,26696438,333653152.00
2016/03/24,12.10,12.68,12.05,12.09,26320938,324372416.00
2016/03/25,12.08,12.35,12.00,12.29,19727031,240453632.00
2016/03/28,12.40,12.63,12.05,12.11,18252601,225373008.00
2016/03/29,12.07,12.07,11.30,11.53,19759293,229548400.00
2016/03/30,11.72,11.93,11.53,11.92,16210837,190292224.00
2016/03/31,12.00,12.20,11.68,12.09,24051572,288208832.00
2016/04/01,11.89,12.05,11.60,11.79,14289365,168404240.00
2016/04/05,11.73,12.15,11.63,12.04,19456218,231718256.00
2016/04/06,11.92,12.31,11.84,12.24,24002207,290727104.00
2016/04/07,12.14,12.22,11.75,11.80,15840475,189511488.00
2016/04/08,11.68,11.70,11.40,11.54,12563174,144976208.00
2016/04/11,11.70,11.84,11.56,11.71,10743845,126057168.00
2016/04/12,11.72,11.84,11.40,11.59,10445757,121387440.00
2016/04/13,11.62,11.90,11.60,11.74,16993388,199949168.00
2016/04/14,11.81,11.84,11.67,11.82,11570228,136092848.00
2016/04/15,11.84,12.18,11.81,12.07,24077713,290264864.00
2016/04/18,12.06,12.07,11.65,11.72,12592224,148003616.00
2016/04/19,11.73,11.83,11.60,11.71,8260224,96592928.00
2016/04/20,11.68,12.00,10.68,11.03,20558615,234831328.00
2016/04/21,10.75,11.09,10.60,10.65,12234449,132584912.00
2016/04/22,10.54,10.82,10.40,10.69,7560018,80565248.00
2016/04/25,10.68,10.68,10.35,10.48,8536530,89482064.00
2016/04/27,10.10,10.20,9.96,9.96,18537251,185647104.00
2016/04/28,9.96,10.29,9.87,10.11,20733453,208450032.00
2016/04/29,9.99,10.12,9.91,10.01,11867889,118644472.00
2016/05/03,9.99,10.25,9.98,10.20,10665123,108275072.00
2016/05/04,10.20,10.45,10.17,10.34,10864866,111993272.00
2016/05/05,10.37,10.63,10.37,10.49,10450739,109995096.00
2016/05/06,10.45,10.59,9.97,9.97,11695622,119720704.00
2016/05/09,9.80,9.80,9.47,9.47,5441260,51920840.00
2016/05/10,9.07,9.19,9.00,9.00,7399968,66799240.00
2016/05/11,8.92,9.09,8.55,8.55,15983640,138376128.00
2016/05/12,8.20,8.24,8.12,8.12,12648406,102832816.00
2016/05/13,8.11,8.44,8.05,8.26,10082634,83350136.00
2016/05/16,8.28,8.47,8.19,8.46,6887738,57679500.00
2016/05/17,8.45,8.53,8.28,8.34,6069911,50917652.00
2016/05/18,8.18,8.21,7.92,7.92,6822585,54589484.00
2016/05/19,7.84,8.05,7.82,7.94,6001397,47722744.00
2016/05/20,7.88,8.19,7.70,8.14,6191502,49412880.00
2016/05/23,8.18,8.28,8.08,8.24,5352111,43953976.00
2016/05/24,8.23,8.33,8.10,8.16,4235588,34777704.00
2016/05/25,8.20,8.37,8.14,8.20,5190551,42815624.00
2016/05/26,8.20,8.25,7.88,8.11,5633227,45199744.00
2016/05/27,8.06,8.27,8.02,8.18,5508506,45066664.00
2016/05/30,8.30,8.33,8.12,8.21,4497646,37108900.00
2016/05/31,8.21,8.55,8.19,8.52,9812499,82489360.00
2016/06/01,8.49,8.69,8.46,8.56,7091216,60796216.00
2016/06/02,8.54,8.90,8.52,8.80,6840695,59861952.00
2016/06/03,8.82,8.88,8.70,8.79,5675876,49774220.00
2016/06/06,8.80,8.86,8.72,8.80,3694093,32455208.00
2016/06/07,8.79,8.81,8.69,8.74,3971403,34719744.00
2016/06/08,8.72,8.78,8.64,8.78,3784808,33025312.00
2016/06/13,8.63,9.22,8.55,8.75,14442994,129715952.00
2016/06/14,8.77,8.79,8.32,8.73,8237745,70987928.00
2016/06/15,8.58,8.88,8.48,8.81,10326920,90864272.00
2016/06/16,8.82,8.82,8.55,8.66,9520313,82458096.00
2016/06/17,8.66,8.88,8.63,8.78,7776439,68008432.00
2016/06/20,8.34,8.43,8.34,8.34,11653404,97251592.00
2016/06/21,8.30,8.38,8.01,8.15,12558076,102319856.00
2016/06/22,8.12,8.18,7.90,8.15,8168983,65699452.00
2016/06/23,8.08,8.25,8.06,8.17,4591121,37407236.00
2016/06/24,8.18,8.19,7.86,8.09,5717440,46131776.00
2016/06/27,8.05,8.22,8.03,8.21,4253176,34711920.00
2016/06/28,8.18,8.39,8.15,8.34,6631532,54846076.00
2016/06/29,8.32,8.56,8.31,8.46,7833429,66120052.00
2016/06/30,8.46,8.78,8.44,8.67,8614277,74175664.00
2016/07/01,8.70,8.94,8.61,8.63,9519425,83565064.00
2016/07/04,8.63,9.00,8.63,8.98,10970746,97209216.00
2016/07/05,9.10,9.16,8.92,9.00,10471916,94481704.00
2016/07/06,9.13,9.14,8.86,8.96,6219086,55764376.00
2016/07/07,8.96,9.09,8.90,9.02,5778686,51971864.00
2016/07/08,9.02,9.47,8.96,9.24,9476269,87765736.00
2016/07/11,9.40,9.60,9.27,9.48,8468396,79844976.00
2016/07/12,9.33,9.52,9.11,9.34,7317093,68173536.00
2016/07/13,9.37,9.49,9.24,9.29,5887951,55045464.00
2016/07/14,9.26,9.40,9.25,9.34,4320393,40343396.00
2016/07/15,9.31,9.36,9.02,9.13,7441792,68201728.00
2016/07/18,9.06,9.16,9.05,9.08,3296224,30017632.00
2016/07/19,9.07,9.16,9.05,9.12,3050022,27781098.00
2016/07/20,9.16,9.24,9.10,9.16,2158277,19811246.00
2016/07/21,9.17,9.35,9.13,9.28,3897424,36090136.00
2016/07/22,9.27,9.43,9.24,9.33,4386570,41001072.00
2016/07/25,9.36,9.52,9.30,9.39,5415365,51045128.00
2016/07/26,9.39,9.48,9.37,9.42,2909389,27378572.00
2016/07/27,9.43,9.58,8.98,9.11,7722825,71531704.00
2016/07/28,9.15,9.27,9.07,9.19,3902749,35763456.00
2016/07/29,9.15,9.23,9.09,9.11,2962710,27099372.00
2016/08/01,9.04,9.10,8.65,8.74,7436550,65468080.00
2016/08/02,8.74,8.88,8.66,8.82,3132601,27502350.00
2016/08/03,8.81,8.95,8.81,8.95,2781763,24745172.00
2016/08/04,8.94,9.40,8.94,9.32,9553491,89068944.00
2016/08/05,9.26,9.37,9.16,9.19,4329196,39964576.00
2016/08/08,9.15,9.42,9.11,9.37,4351802,40267660.00
2016/08/09,9.32,9.42,9.30,9.34,2598334,24268648.00
2016/08/10,9.34,9.41,9.20,9.24,3224550,29977948.00
2016/08/11,9.24,9.26,9.04,9.09,2764760,25237194.00
2016/08/12,9.09,9.22,9.05,9.20,1945084,17805222.00
2016/08/15,9.11,9.30,9.11,9.27,3589019,33182976.00
2016/08/16,9.30,9.32,9.20,9.28,3753140,34738352.00
2016/08/17,9.25,9.34,9.22,9.29,3556236,33009480.00
2016/08/18,9.26,9.49,9.20,9.41,6154324,57751548.00
2016/08/19,9.41,9.54,9.28,9.53,5722024,53963536.00
2016/08/22,9.50,9.50,9.26,9.28,4089280,38320784.00
2016/08/23,9.26,9.32,9.18,9.26,2722283,25161596.00
2016/08/24,9.25,9.49,9.25,9.32,3498209,32804846.00
2016/08/25,9.32,9.42,9.15,9.41,3237223,30079848.00
2016/08/26,9.41,9.76,9.35,9.74,8653934,83120936.00
2016/12/13,10.23,10.23,10.23,10.23,101462,1037956.00
2016/12/14,10.74,10.74,10.74,10.74,54201,582119.00
2016/12/15,11.28,11.28,11.28,11.28,61000,688080.00
2016/12/16,11.84,11.84,11.84,11.84,214014,2533926.00
2016/12/19,12.43,12.43,12.43,12.43,85900,1067737.00
2016/12/20,13.05,13.05,13.05,13.05,104202,1359836.00
2016/12/21,13.70,13.70,13.70,13.70,85011,1164651.00
2016/12/22,14.39,14.39,14.39,14.39,261649,3765129.00
2016/12/23,15.11,15.11,15.11,15.11,280738,4241951.00
2016/12/26,15.87,15.87,15.87,15.87,145270,2305435.00
2016/12/27,16.66,16.66,16.66,16.66,142571,2375233.00
2016/12/28,17.49,17.49,17.49,17.49,222514,3891770.00
2016/12/29,18.36,18.36,18.36,18.36,261002,4791997.00
2016/12/30,19.28,19.28,19.28,19.28,778612,15011639.00
2017/01/03,20.24,20.24,20.24,20.24,180739,3658157.00
2017/01/04,21.25,21.25,21.25,21.25,633337,13458411.00
2017/01/11,22.31,22.31,22.31,22.31,1951357,43534776.00
2017/01/12,23.43,23.43,23.43,23.43,2809391,65824032.00
2017/01/13,24.60,24.60,22.26,22.26,87304249,2014675072.00
2017/01/16,21.60,22.85,21.20,21.67,37738833,823228160.00
2017/01/17,21.74,22.75,21.74,22.75,16777852,378145920.00
2017/01/18,23.85,23.89,23.67,23.89,8427663,200935152.00
2017/01/19,25.08,25.08,25.08,25.08,1486122,37271940.00
2017/01/20,25.99,25.99,23.83,24.34,44504527,1105775488.00
2017/01/23,24.73,25.56,24.34,24.73,25356986,634463936.00
2017/01/24,24.35,24.88,23.49,23.49,21486229,516679168.00
2017/01/25,23.35,23.94,23.08,23.54,11431206,268712416.00
2017/01/26,23.55,24.72,23.51,24.72,14753163,361274784.00
2017/02/03,24.85,25.36,24.56,24.83,11735145,292919520.00
2017/02/06,24.69,25.06,24.42,24.92,10041028,248524704.00
2017/02/07,24.95,26.17,24.94,25.74,21741513,563316288.00
2017/02/08,25.74,27.03,25.48,27.03,19233730,511539328.00
2017/02/09,27.28,27.88,26.80,27.48,17329021,471970016.00
2017/02/10,27.70,28.85,27.58,28.85,17627963,501866240.00
2017/02/13,29.50,30.29,28.38,28.71,22723863,665314304.00
2017/02/14,28.58,29.09,27.51,27.86,18280769,516314944.00
2017/02/15,27.98,29.25,27.86,29.25,16838342,488239872.00
2017/02/16,29.55,30.71,29.20,30.67,18948516,571334080.00
2017/02/17,30.77,30.99,29.60,29.89,14536469,437926816.00
2017/02/20,28.59,29.47,28.40,28.40,20730829,593538880.00
2017/02/21,28.00,29.10,27.86,28.53,17299189,492323264.00
2017/02/22,28.63,28.87,27.10,27.10,20312739,558098752.00
2017/02/23,26.80,27.14,26.12,26.78,13684703,365039776.00
2017/02/24,26.85,28.12,26.80,28.12,17423375,484700992.00
2017/02/27,28.14,29.12,27.97,28.57,12906094,368626208.00
2017/02/28,28.77,29.36,28.60,29.32,10967458,317804256.00
2017/03/01,29.53,30.79,29.30,30.79,21236610,643005760.00
2017/03/02,30.96,31.48,30.01,30.50,16628811,511771904.00
2017/03/03,31.00,31.00,29.10,29.80,14806682,446136704.00
2017/03/06,30.00,31.29,30.00,31.29,9532753,294690784.00
2017/03/07,32.60,32.85,31.70,32.85,16891947,546988544.00
2017/03/08,33.00,34.30,32.52,33.65,21083848,704484160.00
2017/03/09,33.64,35.33,32.58,34.91,18975170,650844864.00
2017/03/13,34.30,38.30,33.50,33.69,42740286,1509028224.00
2017/03/14,33.52,37.06,32.66,37.06,34850835,1211937536.00
2017/03/15,38.33,40.39,37.50,39.10,49910092,1941782400.00
2017/03/16,38.86,42.60,38.54,40.65,52776944,2138679680.00
2017/03/17,39.87,40.54,38.88,39.28,35148136,1392679296.00
2017/03/20,39.36,39.80,37.10,37.71,30543670,1158587904.00
2017/03/21,37.80,38.30,37.21,38.09,20034096,758701248.00
2017/03/22,37.65,37.65,35.21,35.49,34802146,1258734720.00
2017/03/23,35.54,36.18,34.75,35.56,22561792,802821120.00
2017/03/24,35.79,39.00,34.88,38.11,36956850,1371431680.00
2017/03/27,37.99,38.90,37.42,37.77,25158152,960810560.00
2017/03/28,36.99,37.21,35.60,36.27,20218025,734581248.00
2017/03/29,36.33,37.48,36.00,36.37,16519493,605644032.00
2017/03/30,36.06,36.18,33.53,33.60,28021962,966457472.00
2017/03/31,33.07,34.79,32.82,33.39,18738670,632146496.00
2017/04/05,32.90,34.78,32.77,34.27,16196379,549581696.00
2017/04/06,34.13,35.21,33.68,33.79,13154552,454198528.00
2017/04/07,33.75,36.10,33.74,35.87,23089989,804031232.00
2017/04/10,35.45,36.20,34.61,35.44,19134543,679235328.00
2017/04/11,36.55,38.98,36.30,38.98,34032487,1291931520.00
2017/04/12,39.97,41.34,37.86,38.36,41644717,1644804480.00
2017/04/13,37.80,38.97,37.50,37.63,18228330,692512128.00
2017/04/14,37.45,38.54,36.26,36.30,20710345,774249280.00
2017/04/17,35.32,35.40,32.85,33.68,20254326,687544832.00
2017/04/18,33.60,34.22,33.45,33.76,10711404,362088032.00
2017/04/19,33.60,33.80,31.60,32.15,18038438,585457216.00
2017/04/20,32.45,33.57,32.06,32.89,11954359,390470656.00
2017/04/21,33.00,34.07,32.50,33.79,15012180,500433888.00
2017/04/24,33.50,33.90,30.41,30.44,15961016,519339360.00
2017/04/25,30.20,30.92,28.76,30.47,21923029,654160832.00
2017/04/26,30.02,30.77,29.58,30.03,13140774,395638528.00
2017/04/27,30.20,30.80,29.21,30.60,14102011,423478848.00
2017/04/28,30.36,32.88,30.32,32.42,17590503,562855808.00
2017/05/02,31.10,32.17,31.01,31.64,12167639,383824736.00
2017/05/03,31.45,32.97,31.16,31.79,14083935,451237248.00
2017/05/04,31.46,31.91,30.58,30.93,11937759,371998464.00
2017/05/05,30.97,31.35,29.38,29.56,11001858,336313440.00
2017/05/08,29.25,29.26,26.60,26.75,19737028,552435264.00
2017/05/09,26.60,27.99,26.60,27.57,13412687,366779680.00
2017/05/10,27.60,28.11,26.61,26.87,9858930,271820608.00
2017/05/11,26.16,28.31,24.38,28.28,16681413,451014976.00
2017/05/12,28.61,29.25,28.10,28.98,13201997,379754048.00
2017/05/15,28.30,29.69,28.25,28.67,9846428,284804864.00
2017/05/16,28.30,30.00,27.70,29.70,14541093,424474048.00
2017/05/17,29.40,30.23,29.38,29.61,11262553,335142656.00
2017/05/18,29.67,29.86,28.55,28.61,8026835,236289808.00
2017/05/19,28.50,29.00,27.80,28.17,8915529,252459808.00
2017/05/22,27.91,28.96,27.77,28.27,8697389,247202128.00
2017/05/23,28.08,28.50,26.51,26.64,10958111,298337728.00
2017/05/24,26.34,27.20,25.75,26.96,8450900,224612320.00
2017/05/25,27.18,29.62,26.43,28.80,12341044,342115136.00
2017/05/26,28.84,29.30,28.22,28.34,8468743,243121328.00
2017/05/31,30.31,30.31,28.48,28.54,11802531,347749504.00
2017/06/01,28.41,29.35,28.33,28.61,8957940,258637680.00
2017/06/02,28.53,28.84,27.28,28.48,9282620,259897408.00
2017/06/05,28.60,29.17,28.40,28.76,5474322,157601488.00
2017/06/06,28.67,30.30,28.67,29.87,14327757,426363488.00
2017/06/07,29.86,30.74,29.51,30.64,13153205,397109056.00
2017/06/08,30.06,30.90,29.92,30.16,11081581,335588128.00
2017/06/09,29.94,30.16,29.30,29.87,8342655,248652896.00
2017/06/12,29.69,30.23,29.45,29.79,6044515,180433328.00
2017/06/13,29.70,30.55,29.64,30.52,7988435,240620352.00
2017/06/14,30.80,31.68,30.41,31.01,12627760,393099264.00
2017/06/15,31.05,31.42,30.75,31.39,7954557,247442944.00
2017/06/16,32.02,34.48,31.54,34.14,17503492,574438848.00
2017/06/19,33.90,36.86,33.70,36.23,23934548,847357888.00
2017/06/20,35.98,36.20,33.01,33.93,29317649,1022066304.00
2017/06/21,34.00,34.97,32.52,33.26,25207241,849932544.00
2017/06/22,33.26,34.70,32.70,33.23,19319465,650086464.00
2017/06/23,32.91,33.70,31.73,33.27,16507968,541098816.00
2017/06/26,33.26,33.66,32.75,33.35,9883517,328274720.00
2017/06/27,33.45,34.44,33.36,33.93,12946672,438878272.00
2017/06/28,33.84,34.15,33.37,33.89,9398059,318372736.00
2017/06/29,34.17,34.30,33.28,33.38,9808445,331645504.00
2017/06/30,32.89,33.22,32.50,33.12,9397246,308763136.00
2017/07/03,33.10,33.40,32.80,33.08,6127335,202823776.00
2017/07/04,33.10,33.69,32.88,33.59,9759068,324623360.00
2017/07/05,33.62,33.62,32.94,33.33,8843802,294017312.00
2017/07/06,33.15,33.57,32.92,33.49,9728122,322814112.00
2017/07/07,33.25,33.98,33.00,33.83,12488380,419840224.00
2017/07/10,33.51,34.62,33.51,33.83,13032978,445167008.00
2017/07/11,33.80,34.04,32.08,32.16,13682411,452080480.00
2017/07/12,31.80,32.15,31.08,31.84,11950056,376810752.00
2017/07/13,31.84,32.28,31.38,32.01,7060887,225147760.00
2017/07/14,32.01,32.19,31.22,31.40,7806100,247613520.00
2017/07/17,30.86,30.86,28.26,28.26,17329050,503341792.00
2017/07/18,28.12,28.44,27.00,28.37,11647089,323966144.00
2017/07/19,28.10,28.36,27.96,28.25,8387219,236155632.00
2017/07/20,28.30,30.58,28.20,30.05,16018131,475993024.00
2017/07/21,29.87,30.31,29.39,29.79,8447579,252181280.00
2017/07/24,29.48,30.63,28.62,30.05,14362558,424921536.00
2017/07/25,30.04,30.04,29.02,29.15,8756439,258343248.00
2017/07/26,29.02,29.62,28.84,29.09,7202439,210385968.00
2017/07/27,28.92,29.94,28.52,29.67,8875958,260610832.00
2017/07/28,29.40,29.54,29.05,29.13,6073400,177426608.00
2017/08/02,28.33,28.33,28.33,28.33,0,0.00
数据来源:通达信
