603336 宏辉果蔬 日线 前复权
      日期	    开盘	    最高	    最低	    收盘	    成交量	    成交额
2016/11/24,10.97,13.21,10.97,13.21,6200,80678.00
2016/11/25,14.55,14.55,14.55,14.55,4500,66375.00
2016/11/28,16.03,16.03,16.03,16.03,3800,61674.00
2016/11/29,17.65,17.65,17.65,17.65,7400,132090.00
2016/11/30,19.44,19.44,19.44,19.44,18600,365304.00
2016/12/01,21.40,21.40,21.40,21.40,20100,434160.00
2016/12/02,23.56,23.56,23.56,23.56,22700,539352.00
2016/12/05,25.94,25.94,25.94,25.94,25600,669184.00
2016/12/06,28.55,28.55,28.55,28.55,45400,1305250.00
2016/12/07,31.43,31.43,31.43,31.43,102132,3230435.00
2016/12/08,34.59,34.59,34.59,34.59,136270,4740833.00
2016/12/09,38.07,38.07,38.07,38.07,90800,3477212.00
2016/12/12,41.90,41.90,41.90,41.90,410500,17284912.00
2016/12/13,40.68,46.11,38.80,46.11,16269305,691806208.00
2016/12/14,50.74,50.74,48.10,49.14,17513068,879056192.00
2016/12/15,52.03,54.07,48.80,54.07,15988099,843505472.00
2016/12/16,57.75,59.50,57.30,59.50,14723998,871665600.00
2016/12/19,60.37,60.50,53.53,53.53,21577896,1193213824.00
2016/12/20,50.92,53.50,48.45,49.32,16905116,857182976.00
2016/12/21,48.61,49.80,46.95,48.64,12416363,599637888.00
2016/12/22,47.95,50.29,46.95,48.50,13053096,639791488.00
2016/12/23,47.85,49.58,43.63,43.64,13145746,607111040.00
2016/12/26,42.61,44.25,41.87,43.89,7320111,317319936.00
2016/12/27,43.67,45.05,42.60,44.39,9328744,409624064.00
2016/12/28,43.62,44.23,42.43,42.96,6649914,289384544.00
2016/12/29,42.55,43.55,42.43,43.24,5292556,229108576.00
2016/12/30,43.20,47.58,42.68,46.87,17279563,797604480.00
2017/01/03,45.85,46.79,44.80,46.48,12618566,579028096.00
2017/01/04,45.80,47.67,45.34,45.88,11895639,555611456.00
2017/01/05,44.80,44.80,42.79,43.01,9645138,424299008.00
2017/01/06,42.00,42.38,39.94,40.00,7825833,321742624.00
2017/01/09,39.01,41.69,39.01,41.09,5812686,238102720.00
2017/01/10,40.46,41.89,40.33,40.48,4890695,201537024.00
2017/01/11,40.45,40.92,39.25,40.77,4567268,184995360.00
2017/01/12,40.68,41.28,39.90,40.05,4193103,170588176.00
2017/01/13,39.62,41.20,38.60,38.79,5540559,224483952.00
2017/01/16,39.78,42.22,38.80,40.58,9539932,387371648.00
2017/01/17,40.40,42.80,36.80,42.10,12637915,505076768.00
2017/01/18,40.90,42.74,39.78,40.13,11221230,464774624.00
2017/01/19,37.79,39.75,36.90,38.60,7072198,272945728.00
2017/01/20,38.17,39.57,38.11,38.81,4933442,192740608.00
2017/01/23,38.67,40.09,38.40,39.51,4882314,192407280.00
2017/01/24,39.30,40.00,38.61,39.58,3941631,156086688.00
2017/01/25,39.28,40.40,39.27,40.09,4131069,165820752.00
2017/01/26,39.89,40.68,39.88,40.60,3727160,150969152.00
2017/02/03,40.80,43.15,40.33,42.57,8616047,364991808.00
2017/02/06,42.80,44.67,42.40,42.69,9672141,419424800.00
2017/02/07,41.86,45.37,41.72,45.08,12333071,543523520.00
2017/02/08,44.30,45.68,43.34,45.22,10333797,462964736.00
2017/02/09,44.80,46.60,44.08,46.29,10599686,483725568.00
2017/02/10,45.78,47.35,44.89,45.97,11008875,510138400.00
2017/02/13,44.97,48.30,44.91,47.18,9890852,468182752.00
2017/02/14,46.46,48.18,46.38,47.17,5629707,267334144.00
2017/02/15,46.98,48.32,46.80,47.58,6519403,312177504.00
2017/02/16,47.58,48.60,47.03,47.85,6193869,297795808.00
2017/02/17,47.30,49.80,47.03,48.74,7375512,357402304.00
2017/02/20,49.09,52.33,47.10,48.89,11157857,559902144.00
2017/02/21,47.80,51.80,47.80,50.96,9706497,488815424.00
2017/02/22,51.30,52.29,49.29,49.46,7379488,373723616.00
2017/02/23,48.80,54.43,44.82,52.92,13953227,704221696.00
2017/02/24,52.10,54.57,51.42,52.26,12092557,644444096.00
2017/02/27,51.12,52.10,48.36,48.61,7649352,388392928.00
2017/02/28,47.58,47.87,43.80,45.11,12335365,566170624.00
2017/03/01,44.70,45.45,44.05,44.47,6289068,282251104.00
2017/03/02,43.81,45.30,43.40,45.25,6940105,310191520.00
2017/03/03,44.82,45.24,43.85,43.89,4993373,223182448.00
2017/03/06,43.88,44.40,42.80,44.30,4629636,203659248.00
2017/03/07,44.38,45.22,43.92,45.20,4856325,217279552.00
2017/03/08,45.25,46.36,45.11,45.60,5956331,273468000.00
2017/03/09,45.24,45.57,43.35,43.39,4512523,200298848.00
2017/03/10,42.81,43.00,42.00,42.05,5562833,237062880.00
2017/03/13,41.62,42.85,41.08,42.67,4001219,169495648.00
2017/03/14,42.77,43.34,42.30,42.34,3529749,151713568.00
2017/03/15,42.36,42.94,41.34,42.30,3109037,131597264.00
2017/03/16,42.20,43.68,42.20,43.39,5007748,216866064.00
2017/03/17,43.60,44.55,43.22,43.80,5944121,262809088.00
2017/03/20,43.40,44.46,43.13,44.20,4145083,183118352.00
2017/03/21,44.20,47.85,44.20,47.05,8498068,389292640.00
2017/03/22,46.30,47.48,45.80,46.40,6988636,326691424.00
2017/03/23,46.48,47.25,42.80,45.32,6036930,278387552.00
2017/03/24,45.60,45.60,43.81,44.39,4311751,192733344.00
2017/03/27,44.67,45.68,43.94,45.39,3592830,161706848.00
2017/03/28,45.17,45.66,43.75,43.82,2804242,125872400.00
2017/03/29,43.52,43.81,39.91,40.82,5173565,216366768.00
2017/03/30,39.88,40.30,38.80,38.88,3577759,141324800.00
2017/03/31,38.88,39.58,38.12,39.09,2254406,88229032.00
2017/04/05,38.75,39.69,38.75,39.49,1875286,74113360.00
2017/04/06,39.49,40.24,39.23,39.69,1849105,74110440.00
2017/04/07,39.70,39.95,38.90,38.92,1972600,77704648.00
2017/04/10,38.31,38.78,36.30,36.41,3721593,139427056.00
2017/04/11,35.83,37.00,35.30,36.63,3163416,114760024.00
2017/04/12,36.41,36.92,35.89,36.22,1883041,69117880.00
2017/04/13,35.82,36.56,35.82,36.11,1112373,40529192.00
2017/04/14,35.90,36.77,35.90,36.38,1449232,52995860.00
2017/04/17,33.70,35.40,32.72,32.72,2213657,74966680.00
2017/04/18,29.43,31.35,29.43,29.43,4423574,133400928.00
2017/04/19,29.10,29.99,28.41,29.93,2970098,88098592.00
2017/04/20,29.80,30.05,29.10,30.01,2374241,70761624.00
2017/04/21,29.75,30.10,29.60,29.93,1607240,48346932.00
2017/04/24,30.00,30.00,28.91,29.58,1297288,38400432.00
2017/04/25,29.70,30.30,29.61,29.80,1511348,45569528.00
2017/04/26,30.10,31.26,29.85,30.71,2614015,80861952.00
2017/04/27,30.31,31.79,29.90,31.58,3223831,100310272.00
2017/04/28,31.60,32.01,31.21,31.81,2311309,73603736.00
2017/05/02,31.69,31.78,31.16,31.54,1569625,49720544.00
2017/05/03,31.47,31.79,31.05,31.46,1130532,35685080.00
2017/05/04,31.32,31.48,30.70,30.95,1387900,43449320.00
2017/05/05,30.80,31.69,30.80,30.83,1401603,43952944.00
2017/05/08,30.80,31.11,29.11,29.42,1691032,51423116.00
2017/05/09,29.30,29.95,29.04,29.73,1213182,36011628.00
2017/05/10,29.80,32.72,29.80,31.34,7965015,255415408.00
2017/05/11,30.30,30.48,28.19,29.49,6783447,197636000.00
2017/05/12,29.10,29.45,27.78,28.81,4115293,118860584.00
2017/05/15,28.80,28.89,28.11,28.21,2374338,67920784.00
2017/05/16,28.32,29.08,27.80,28.89,3112973,89569880.00
2017/05/17,28.90,29.55,28.82,29.05,3098683,90935936.00
2017/05/18,28.80,29.59,28.37,29.16,2826518,83050112.00
2017/05/19,28.93,29.60,28.38,28.78,2204251,64466728.00
2017/05/22,28.85,29.06,26.50,26.62,2866151,80719824.00
2017/05/23,26.25,26.90,24.81,25.04,2540816,65986256.00
2017/05/24,25.00,25.80,24.06,25.66,2352410,59784748.00
2017/05/25,25.66,25.85,24.94,25.66,1893064,48587920.00
2017/05/26,25.60,26.50,25.35,26.41,2171039,56658744.00
2017/05/31,27.05,28.20,26.50,26.62,4000822,109399520.00
2017/06/01,26.18,26.49,24.50,24.65,2002360,51186132.00
2017/06/02,24.51,26.07,24.45,25.86,2347041,59721124.00
2017/06/05,26.39,27.30,26.26,27.09,3559984,95885312.00
2017/06/06,27.10,28.45,26.81,28.30,5138683,142722640.00
2017/06/07,28.11,28.96,27.83,28.52,6788709,193420416.00
2017/06/08,28.18,28.58,27.87,28.36,4464132,126040064.00
2017/06/09,28.10,28.45,27.61,28.39,2868612,80485416.00
2017/06/12,28.00,28.29,27.60,27.75,2175367,60761804.00
2017/06/13,27.67,29.20,27.52,28.89,6309747,180209600.00
2017/06/14,28.52,29.70,28.52,28.82,5742711,166903360.00
2017/06/15,28.64,29.55,28.42,29.24,4704699,137411920.00
2017/06/16,29.00,29.28,28.51,28.87,2438070,70173456.00
2017/06/19,28.80,29.28,28.62,28.95,1789900,51797448.00
2017/06/20,28.97,29.37,28.38,28.40,2082600,59989404.00
2017/07/05,27.60,28.20,27.05,27.87,3558093,98185640.00
2017/07/06,27.59,28.59,27.58,28.48,3103932,87063136.00
2017/07/07,28.34,29.47,28.25,29.28,3537567,102783480.00
2017/07/10,29.00,29.20,28.00,28.20,2464645,70432416.00
2017/07/11,28.21,30.38,27.75,29.18,5266284,152083952.00
2017/07/12,29.13,30.00,27.90,29.98,6467554,188821696.00
2017/07/13,29.89,32.60,29.46,31.80,9514816,293518240.00
2017/07/14,31.00,31.20,30.23,30.48,5575271,171086448.00
2017/07/17,29.98,29.98,27.43,27.43,4666186,130752200.00
2017/07/18,26.20,26.94,25.05,25.94,4021590,104247920.00
2017/07/19,25.45,26.40,25.45,26.18,2648586,68716936.00
2017/07/20,26.00,26.65,25.19,25.27,3187861,82861656.00
2017/07/21,25.12,25.35,24.31,24.50,2623333,65026576.00
2017/07/24,24.20,24.88,23.59,24.53,2744159,66267000.00
2017/07/25,24.34,25.03,24.14,24.89,1981191,48941808.00
2017/07/26,24.88,24.95,24.00,24.29,1904432,46470076.00
2017/07/27,24.25,25.39,24.05,25.30,3286399,81670920.00
2017/07/28,25.20,25.20,24.70,24.73,1930100,48136884.00
2017/08/02,25.24,25.24,25.24,25.24,0,0.00
数据来源:通达信
