603000 人民网 日线 前复权
      日期	    开盘	    最高	    最低	    收盘	    成交量	    成交额
2012/04/27,7.33,8.47,7.33,8.25,47568898,1541491840.00
2012/05/02,8.32,9.12,8.26,9.12,19699320,718026112.00
2012/05/03,9.54,10.07,9.37,9.44,31913271,1281264256.00
2012/05/04,9.20,9.61,9.02,9.43,21230189,822971648.00
2012/05/07,9.36,10.29,9.19,9.82,21297332,859716416.00
2012/05/08,9.55,9.79,9.36,9.44,14277002,568915712.00
2012/05/09,9.32,9.94,9.20,9.75,13507172,545012288.00
2012/05/10,9.70,10.54,9.70,10.00,17557411,739805440.00
2012/05/11,9.92,10.30,9.83,10.27,11578719,487887232.00
2012/05/14,10.53,11.34,10.40,11.30,19679936,903041408.00
2012/05/15,11.14,11.54,10.98,11.47,13779948,643432064.00
2012/05/16,11.47,11.58,10.72,11.09,11461431,530334720.00
2012/05/17,10.88,10.95,10.54,10.74,13104125,583842368.00
2012/05/18,10.57,10.90,10.41,10.63,10982985,487675776.00
2012/05/21,10.68,10.72,9.87,9.90,13109119,553458624.00
2012/05/22,10.00,10.12,9.75,10.07,8743387,362690368.00
2012/05/23,9.97,10.07,9.86,9.90,6198846,256946112.00
2012/05/24,9.82,10.52,9.75,10.18,9506865,406459488.00
2012/05/25,10.17,10.45,9.87,10.04,6269971,264713488.00
2012/05/28,9.90,9.91,9.47,9.77,6502017,262115424.00
2012/05/29,9.68,10.10,9.60,9.95,6062761,250055280.00
2012/05/30,9.86,10.04,9.67,9.73,6057215,248015840.00
2012/05/31,9.57,9.97,9.51,9.83,6598755,268265168.00
2012/06/01,9.77,10.07,9.71,9.91,6128724,253666544.00
2012/06/04,9.58,9.87,9.57,9.68,4513400,183142288.00
2012/06/05,9.76,10.68,9.65,10.53,14129857,605263296.00
2012/06/06,10.35,10.64,10.34,10.50,10116388,441860992.00
2012/06/07,10.61,10.67,9.95,10.00,8778323,377036096.00
2012/06/08,10.02,10.18,9.79,9.94,6196304,259023776.00
2012/06/11,10.00,10.00,9.66,9.97,5489018,225061888.00
2012/06/12,9.94,9.95,9.72,9.83,3130143,128357048.00
2012/06/13,9.86,10.31,9.80,10.01,6634473,278502240.00
2012/06/14,9.95,10.21,9.82,10.04,5757130,241354976.00
2012/06/15,10.04,10.29,9.96,10.20,5886417,248366256.00
2012/06/18,10.28,10.76,10.25,10.60,9195603,405477888.00
2012/06/19,10.57,10.67,10.35,10.39,5857756,256764352.00
2012/06/20,10.47,10.95,10.44,10.72,8281579,369934656.00
2012/06/21,10.65,10.86,10.38,10.64,5992828,264248064.00
2012/06/25,10.52,10.94,10.42,10.72,7677276,344655872.00
2012/06/26,10.72,10.73,10.03,10.12,7363230,314173152.00
2012/06/27,10.07,10.14,9.82,9.84,5488663,228690800.00
2012/06/28,9.85,10.01,9.67,9.69,4742521,194553424.00
2012/06/29,9.61,9.89,9.60,9.83,3979587,162598064.00
2012/07/02,10.03,10.12,9.86,10.06,4082103,170218848.00
2012/07/03,10.10,10.14,9.90,9.96,4136819,172732176.00
2012/07/04,9.94,10.37,9.94,10.25,6039965,257393200.00
2012/07/05,10.18,10.21,9.75,9.75,6409055,264409632.00
2012/07/06,9.82,10.16,9.69,10.11,5742604,237740256.00
2012/07/09,10.04,10.17,9.78,9.92,4426406,184073728.00
2012/07/10,9.83,10.16,9.76,10.06,4873936,203721600.00
2012/07/11,9.99,10.04,9.80,9.88,3972828,163815392.00
2012/07/12,9.86,10.06,9.75,9.96,4985201,206257200.00
2012/07/13,9.89,9.90,9.65,9.71,5875128,239170848.00
2012/07/16,9.70,9.70,8.70,8.77,8450248,321998688.00
2012/07/17,8.70,8.76,8.36,8.60,4949448,177003408.00
2012/07/18,8.70,8.70,8.29,8.60,3968542,141413184.00
2012/07/19,8.50,8.88,8.50,8.73,4391064,160581520.00
2012/07/20,8.67,8.82,8.55,8.57,2288642,83503464.00
2012/07/23,8.32,8.32,7.82,8.04,4815670,162951824.00
2012/07/24,7.92,8.37,7.83,8.32,4562657,156080400.00
2012/07/25,8.17,8.45,8.12,8.33,3557893,124583768.00
2012/07/26,8.30,8.62,8.25,8.42,4657022,165532928.00
2012/07/27,8.34,9.30,8.33,8.87,14717562,543897280.00
2012/07/30,8.62,8.95,8.43,8.55,6471198,234260624.00
2012/07/31,8.49,8.52,8.07,8.09,4375624,150949344.00
2012/08/01,8.10,8.34,8.10,8.21,3804851,131531104.00
2012/08/02,8.22,8.24,7.89,7.90,5046499,170434656.00
2012/08/03,7.97,8.45,7.93,8.42,6045560,208300864.00
2012/08/06,8.27,8.68,8.22,8.55,7180818,256281792.00
2012/08/07,8.65,9.34,8.65,8.85,9212233,346815328.00
2012/08/08,8.79,9.15,8.65,9.07,7875057,293803328.00
2012/08/09,9.02,9.19,8.95,9.06,5088784,193331232.00
2012/08/10,9.02,9.20,8.96,9.07,3936571,149836608.00
2012/08/13,9.07,9.07,8.72,8.74,3005460,111796048.00
2012/08/14,8.71,9.11,8.62,9.11,4269511,158449184.00
2012/08/15,9.12,9.36,9.00,9.06,5018210,193019632.00
2012/08/16,8.97,9.19,8.88,8.93,2637561,99680056.00
2012/08/17,8.90,9.12,8.77,9.08,2719952,102198208.00
2012/08/20,8.98,9.14,8.91,9.09,2871558,108833128.00
2012/08/21,9.10,9.54,9.05,9.43,6717176,263026192.00
2012/08/22,9.62,9.70,9.24,9.31,6081791,239188320.00
2012/08/23,9.26,9.49,9.20,9.34,3907731,152646096.00
2012/08/24,9.32,9.32,8.90,8.92,3741942,141615856.00
2012/08/27,8.86,8.96,8.73,8.75,2420483,89388688.00
2012/08/28,8.71,9.00,8.71,8.82,3307153,122930936.00
2012/08/29,8.79,8.92,8.51,8.53,3370850,122970456.00
2012/08/30,8.48,8.66,8.10,8.53,4446848,157570048.00
2012/08/31,8.52,8.64,8.44,8.59,1747912,62648172.00
2012/09/03,8.59,9.49,8.55,9.49,9980530,385015584.00
2012/09/04,9.62,10.12,9.62,9.85,15618652,643242304.00
2012/09/05,9.79,10.30,9.75,9.85,12525224,522018272.00
2012/09/06,9.75,10.03,9.70,10.01,7593253,313415200.00
2012/09/07,10.10,10.94,10.01,10.57,12542444,545220096.00
2012/09/10,10.50,10.65,10.40,10.53,7122915,311326336.00
2012/09/11,10.48,10.69,10.07,10.29,8077589,349456064.00
2012/09/12,10.30,10.47,10.10,10.36,7667515,329219456.00
2012/09/13,10.32,10.57,10.13,10.17,6578542,283319168.00
2012/09/14,10.23,10.32,9.97,10.14,6033554,254998896.00
2012/09/17,10.17,10.36,9.97,9.97,4959854,210085392.00
2012/09/18,9.86,10.10,9.79,9.92,4876478,202631728.00
2012/09/19,9.99,10.01,9.80,9.97,3161778,131075920.00
2012/09/20,9.97,9.97,9.47,9.59,5977683,241175872.00
2012/09/21,9.53,9.75,9.33,9.35,3775255,151062928.00
2012/09/24,9.25,10.02,9.08,9.86,7176815,287462016.00
2012/09/25,9.74,9.82,9.45,9.68,3854875,155735616.00
2012/09/26,9.62,9.70,9.11,9.18,4073533,159357440.00
2012/09/27,9.20,10.14,9.18,10.14,7652172,312096864.00
2012/09/28,10.14,10.37,10.02,10.32,8653744,368275072.00
2012/10/08,10.22,10.25,9.79,10.00,7061342,294240896.00
2012/10/09,9.97,10.72,9.97,10.42,8282101,357675072.00
2012/10/10,10.29,10.62,10.23,10.34,6660560,288380896.00
2012/10/11,10.29,10.49,10.16,10.34,4228140,181488512.00
2012/10/12,10.57,10.72,10.12,10.19,4768051,205942080.00
2012/10/15,10.07,10.15,9.92,10.04,3596524,150045264.00
2012/10/16,10.04,10.49,10.02,10.27,5026623,215870320.00
2012/10/17,10.28,10.41,10.18,10.30,3215749,138078448.00
2012/10/18,10.29,10.55,10.28,10.43,4397521,191355136.00
2012/10/19,10.39,10.54,10.17,10.30,4005027,172059392.00
2012/10/22,10.24,10.92,10.20,10.74,7928402,349867584.00
2012/10/23,10.70,10.75,10.49,10.56,4326917,191120368.00
2012/10/24,10.52,10.61,10.39,10.46,2976183,129936216.00
2012/10/25,10.42,10.58,10.02,10.19,5519409,235332064.00
2012/10/26,10.11,10.22,9.79,9.85,4075706,169565488.00
2012/10/29,9.84,10.11,9.84,9.97,2910857,121115016.00
2012/10/30,9.88,10.10,9.87,9.94,3488857,145477376.00
2012/10/31,9.97,10.34,9.95,10.33,4508778,190940944.00
2012/11/01,10.37,10.46,10.25,10.41,4584910,197732528.00
2012/11/02,10.44,10.56,10.32,10.48,3622492,157417696.00
2012/11/05,10.47,10.62,10.29,10.37,3550895,154009040.00
2012/11/06,10.34,10.44,9.95,10.10,5600200,236137968.00
2012/11/07,10.09,10.36,10.07,10.25,4661969,198620496.00
2012/11/08,10.20,10.20,9.85,9.94,5499644,228262224.00
2012/11/09,9.87,9.92,9.45,9.54,5310202,213751024.00
2012/11/12,9.54,9.59,9.36,9.56,3871948,153625168.00
2012/11/13,9.59,9.62,9.24,9.25,2773098,109136688.00
2012/11/14,9.28,9.33,9.08,9.30,3400600,131370968.00
2012/11/15,9.27,9.39,9.11,9.13,2958803,114157896.00
2012/11/16,9.14,9.17,8.88,9.02,2996255,112596736.00
2012/11/19,9.00,9.04,8.84,9.03,2605734,97634184.00
2012/11/20,9.05,9.11,8.94,8.96,1692532,63959868.00
2012/11/21,9.02,9.04,8.75,9.02,2855992,106723648.00
2012/11/22,8.92,8.96,8.76,8.77,1785489,66358644.00
2012/11/23,8.80,8.86,8.64,8.78,2533338,93382768.00
2012/11/26,8.74,8.92,8.70,8.83,1992142,73810944.00
2012/11/27,8.82,8.82,8.42,8.43,3279554,117693496.00
2012/11/28,8.35,8.41,8.05,8.14,2713734,93812304.00
2012/11/29,8.16,8.22,7.94,8.02,2132228,72803312.00
2012/11/30,8.00,8.14,7.95,8.12,2177623,73924176.00
2012/12/03,8.08,8.20,7.92,7.93,2427186,82823704.00
2012/12/04,7.90,7.92,7.47,7.86,3485647,113063776.00
2012/12/05,7.77,8.69,7.74,8.36,6696047,235459504.00
2012/12/06,8.34,8.45,8.15,8.28,3163052,110138720.00
2012/12/07,8.25,8.47,8.19,8.40,2879208,101257880.00
2012/12/10,8.40,8.62,8.34,8.54,3336609,119007408.00
2012/12/11,8.52,8.52,8.30,8.34,2990715,105546552.00
2012/12/12,8.27,8.40,8.26,8.38,1854253,64928936.00
2012/12/13,8.38,8.38,8.17,8.17,2182311,75602976.00
2012/12/14,8.10,8.64,8.09,8.53,4073016,144502080.00
2012/12/17,8.53,8.64,8.46,8.60,3556226,127755680.00
2012/12/18,8.59,8.90,8.53,8.73,4137074,151311168.00
2012/12/19,8.73,8.81,8.64,8.71,2440234,89333528.00
2012/12/20,8.67,8.94,8.57,8.83,3567487,131809056.00
2012/12/21,8.82,9.01,8.77,8.89,3422207,127311816.00
2012/12/24,8.89,8.97,8.72,8.76,2586843,95822376.00
2012/12/25,8.72,9.00,8.65,8.95,4133843,153810912.00
2012/12/26,8.94,9.39,8.91,9.24,5318743,205207264.00
2012/12/27,9.25,9.31,9.00,9.04,4196334,159738112.00
2012/12/28,8.99,9.20,8.99,9.04,2917886,110846216.00
2012/12/31,9.05,9.21,8.97,9.00,4011346,152504704.00
2013/01/04,9.08,9.14,8.82,8.87,3218988,120870808.00
2013/01/07,8.81,9.17,8.73,9.11,4594051,173110448.00
2013/01/08,9.07,9.35,8.95,9.22,4645874,178173376.00
2013/01/09,9.16,9.44,9.05,9.24,4083991,157988656.00
2013/01/10,9.18,9.42,9.18,9.32,3384312,131581792.00
2013/01/11,9.37,9.51,9.30,9.35,5333337,209629424.00
2013/01/14,9.25,9.56,9.21,9.55,4146315,163454864.00
2013/01/15,9.54,9.82,9.41,9.72,4835776,194246800.00
2013/01/16,9.68,10.04,9.60,9.77,4370395,178988752.00
2013/01/17,9.72,9.74,9.42,9.44,2953668,117652824.00
2013/01/18,9.47,9.59,9.42,9.52,2414298,95881888.00
2013/01/21,9.52,9.55,9.35,9.43,1996391,78649672.00
2013/01/22,9.45,9.47,9.20,9.26,2125107,82976744.00
2013/01/23,9.22,9.40,9.04,9.15,3166549,121746304.00
2013/01/24,9.13,9.30,8.88,8.98,2872671,109641280.00
2013/01/25,8.98,9.10,8.95,9.02,1412738,53349056.00
2013/01/28,9.07,9.23,9.03,9.22,2427808,92840520.00
2013/01/29,9.22,9.39,9.17,9.34,2691169,104786792.00
2013/01/30,9.57,9.82,9.39,9.43,4443659,178360896.00
2013/01/31,9.42,9.50,9.17,9.25,2996639,116430000.00
2013/02/01,9.28,9.42,9.22,9.34,2004953,78172600.00
2013/02/04,9.32,9.43,9.14,9.17,2119740,81869368.00
2013/02/05,9.17,9.32,9.17,9.31,1864815,72371872.00
2013/02/06,9.31,9.56,9.30,9.43,2318279,91595072.00
2013/02/07,9.43,9.76,9.37,9.62,3550840,142113696.00
2013/02/08,9.62,9.77,9.52,9.54,3054296,122873616.00
2013/02/18,9.58,10.02,9.58,9.85,5218906,214035168.00
2013/02/19,9.85,9.91,9.53,9.57,3836983,155418464.00
2013/02/20,9.69,9.97,9.60,9.95,4721426,193965728.00
2013/02/21,9.92,10.12,9.78,10.04,5930897,246648672.00
2013/02/22,10.01,10.35,9.85,10.24,6307997,267645968.00
2013/02/25,10.16,10.27,10.04,10.20,4126692,174749168.00
2013/02/26,10.17,10.40,9.80,9.85,5539962,233065472.00
2013/02/27,9.95,9.97,9.51,9.62,5367096,216486432.00
2013/02/28,9.68,9.90,9.65,9.89,3563175,145493056.00
2013/03/01,9.87,10.03,9.70,9.92,4012002,164792160.00
2013/03/04,10.02,10.02,9.48,9.60,4798519,194288528.00
2013/03/05,9.55,9.68,9.48,9.65,2991852,119919392.00
2013/03/06,9.67,10.18,9.58,10.02,6905001,284065696.00
2013/03/07,10.00,10.00,9.57,9.77,4771196,194815776.00
2013/03/08,9.71,9.92,9.56,9.57,2938764,119035528.00
2013/03/11,9.57,9.58,9.30,9.35,3443988,135560752.00
2013/03/12,9.33,9.44,8.98,9.11,3739471,143509200.00
2013/03/13,9.09,9.23,8.98,9.13,1766575,67515648.00
2013/03/14,9.12,9.22,9.04,9.07,1412743,53919408.00
2013/03/15,9.08,9.25,8.99,9.03,1882507,71921136.00
2013/03/18,8.95,9.19,8.82,8.98,1445415,54588496.00
2013/03/19,8.98,9.12,8.97,9.11,1755697,66680012.00
2013/03/20,9.11,9.28,9.07,9.27,2561862,98667984.00
2013/03/21,9.27,9.35,9.20,9.26,2141756,83004400.00
2013/03/22,9.29,9.35,9.20,9.30,1721534,66743656.00
2013/03/25,9.36,9.40,9.27,9.31,1392157,54288592.00
2013/03/26,9.24,9.26,8.98,9.05,1980406,75318808.00
2013/03/27,9.05,9.17,9.02,9.03,1739158,66100944.00
2013/03/28,8.92,8.93,8.59,8.64,3050592,111352160.00
2013/03/29,8.70,8.74,8.63,8.68,1226988,44695680.00
2013/04/01,8.66,8.81,8.63,8.74,991913,36350432.00
2013/04/02,8.74,8.89,8.64,8.65,1268889,46683712.00
2013/04/03,8.65,8.77,8.54,8.56,1213613,44021736.00
2013/04/08,8.44,8.64,8.37,8.63,1198975,42953552.00
2013/04/09,8.61,8.80,8.61,8.75,1135281,41600316.00
2013/04/10,8.77,8.79,8.60,8.70,1000453,36480600.00
2013/04/11,8.71,9.00,8.71,8.88,2344251,87364808.00
2013/04/12,8.87,9.05,8.83,8.90,1823383,68422336.00
2013/04/15,8.88,8.95,8.63,8.66,1944498,71379504.00
2013/04/16,8.60,8.78,8.53,8.76,1463949,53101548.00
2013/04/17,8.76,9.10,8.73,9.09,2682099,100762176.00
2013/04/18,8.82,9.12,8.82,9.01,2931742,110518608.00
2013/04/19,9.02,9.30,8.98,9.24,3795045,146479696.00
2013/04/22,9.20,9.82,9.13,9.64,4978712,199179344.00
2013/04/23,9.57,9.64,9.30,9.37,3483300,137214912.00
2013/04/24,9.32,9.95,9.32,9.71,8119746,331147872.00
2013/04/25,9.79,10.20,9.58,9.89,8627070,358553152.00
2013/04/26,9.89,9.93,9.48,9.51,3886205,156012976.00
2013/05/02,9.44,9.74,9.19,9.70,4053791,159718704.00
2013/05/03,9.77,10.20,9.73,10.06,7472245,312253472.00
2013/05/06,10.28,11.11,10.28,11.11,5307520,242949168.00
2013/05/07,11.82,11.93,11.21,11.57,16463876,787261888.00
2013/05/08,11.73,11.91,11.42,11.82,10527424,510488096.00
2013/05/09,11.81,12.62,11.52,12.37,12914678,641058752.00
2013/05/10,12.27,12.27,11.51,11.57,9436822,460210208.00
2013/05/13,11.54,11.78,11.45,11.63,4841395,233386128.00
2013/05/14,11.62,11.70,11.19,11.31,5263028,248190592.00
2013/05/15,11.38,11.56,11.28,11.48,4109061,194827248.00
2013/05/16,11.50,11.89,11.20,11.29,7449085,357620480.00
2013/05/17,11.13,11.65,11.13,11.49,4924030,234005152.00
2013/05/20,11.55,12.07,11.35,11.94,7351520,361088480.00
2013/05/21,11.90,12.07,11.70,11.97,5398020,265706112.00
2013/05/22,11.93,12.08,11.32,11.40,6362232,305583392.00
2013/05/23,11.32,11.65,11.26,11.27,3863238,183333824.00
2013/05/24,11.34,11.85,11.34,11.78,5404336,262062480.00
2013/05/27,11.77,12.02,11.61,11.73,4059114,197689248.00
2013/05/28,11.74,11.80,11.27,11.41,5297894,251147024.00
2013/05/29,11.44,11.97,11.40,11.76,5335774,259672256.00
2013/05/30,11.80,12.22,11.71,11.97,5786666,288896832.00
2013/05/31,11.98,12.04,11.64,11.78,3836867,187275136.00
2013/06/03,11.76,11.92,11.45,11.55,3606432,173930688.00
2013/06/04,11.47,11.47,10.85,10.91,5329395,246206656.00
2013/06/05,10.91,11.03,10.77,10.82,2852937,128778968.00
2013/06/06,10.82,11.02,10.77,10.84,2574756,116335704.00
2013/06/07,10.85,10.93,10.39,10.51,2955214,130159304.00
2013/06/13,10.33,10.65,10.15,10.63,3851127,167036080.00
2013/06/14,10.55,11.03,10.55,10.95,4373798,197412592.00
2013/06/17,11.03,11.32,10.83,10.92,4768254,219994000.00
2013/06/18,10.85,11.30,10.85,11.15,3454228,159877808.00
2013/06/19,11.02,11.05,10.69,10.88,3322330,149378544.00
2013/06/20,10.79,10.97,10.32,10.41,3017563,133879264.00
2013/06/21,10.07,10.32,10.00,10.22,2377226,100647936.00
2013/06/24,10.24,10.42,9.74,9.93,3381903,142057232.00
2013/06/25,9.95,10.37,9.22,10.29,5350352,221140672.00
2013/06/26,10.20,10.81,10.08,10.77,4978767,217182272.00
2013/06/27,10.63,11.02,10.40,10.50,4710397,209665952.00
2013/06/28,10.32,10.86,10.08,10.55,3980658,175023792.00
2013/07/01,10.45,11.42,10.37,11.27,6915905,317456288.00
2013/07/02,11.29,11.69,11.14,11.33,7307194,347542784.00
2013/07/03,11.27,11.97,11.15,11.80,7941820,382550752.00
2013/07/04,11.67,11.89,11.30,11.38,5617083,269791840.00
2013/07/05,11.38,11.77,11.20,11.25,3728451,177586400.00
2013/07/08,10.92,11.47,10.82,11.14,3681612,170431792.00
2013/07/09,11.17,12.29,11.17,12.29,8826857,436584672.00
2013/07/10,12.52,12.61,12.15,12.44,9296756,475647968.00
2013/07/11,12.30,12.80,12.07,12.57,7743467,398107712.00
2013/07/12,12.61,13.26,12.49,12.52,8868496,467729376.00
2013/07/15,12.42,13.09,12.23,12.88,5980877,311664224.00
2013/07/16,12.74,13.03,12.43,12.65,4966806,257422864.00
2013/07/17,12.61,13.69,12.50,13.29,7945889,428900736.00
2013/07/18,13.18,14.46,13.09,13.94,8146532,459065856.00
2013/07/19,13.84,14.37,13.57,13.61,5931738,337127424.00
2013/07/22,13.69,14.37,13.64,14.22,4657935,266987168.00
2013/07/23,14.24,14.52,13.93,14.42,4127971,240732192.00
2013/07/24,14.43,14.58,14.13,14.28,3973216,233168928.00
2013/07/25,14.16,14.16,12.96,13.06,6470292,355733856.00
2013/07/26,13.16,13.47,12.66,13.12,4150854,221138320.00
2013/07/29,13.11,13.53,12.89,13.29,3170324,172127552.00
2013/07/30,13.20,13.38,12.41,12.87,3496620,183054624.00
2013/07/31,12.87,13.22,12.71,12.99,2212618,117487248.00
2013/08/01,13.01,13.57,12.86,13.51,3350039,182876832.00
2013/08/02,13.54,13.94,13.46,13.57,2928281,163662496.00
2013/08/05,13.55,13.66,13.34,13.52,1748073,96231960.00
2013/08/06,13.52,13.93,13.52,13.79,3009979,169323520.00
2013/08/07,13.68,13.69,13.09,13.30,3650018,198298768.00
2013/08/08,13.22,13.33,13.06,13.22,1939554,104818400.00
2013/08/09,13.20,13.59,13.10,13.30,2743580,149639152.00
2013/08/12,13.36,13.42,12.56,12.83,4853579,255215936.00
2013/08/13,12.81,12.94,12.57,12.77,3808120,198811584.00
2013/08/14,12.77,13.00,12.59,12.93,3182991,166725520.00
2013/08/15,12.90,13.08,12.71,12.72,2286873,120625480.00
2013/08/16,12.61,13.33,12.39,12.48,3602683,186727248.00
2013/08/19,12.29,12.85,12.29,12.81,2074039,107861432.00
2013/08/20,12.81,12.92,12.61,12.74,1392122,72780008.00
2013/08/21,12.76,13.26,12.75,13.25,3936093,209893344.00
2013/08/22,14.60,14.60,14.46,14.60,7239692,431159488.00
2013/08/23,15.21,16.09,14.71,16.09,15265714,971644288.00
2013/08/26,16.41,17.73,16.34,17.25,14364557,999798080.00
2013/08/27,17.10,18.01,16.85,17.88,10047008,710952384.00
2013/08/28,17.50,18.17,17.06,17.09,9758616,694998848.00
2013/08/29,16.96,17.58,16.71,17.14,6089093,425930592.00
2013/08/30,16.97,17.07,15.90,15.95,7463714,498707296.00
2013/09/02,15.96,16.82,15.96,16.60,5518325,370464160.00
2013/09/03,16.46,17.33,16.25,16.91,4958264,340257120.00
2013/09/04,16.92,17.17,16.57,16.85,3449053,237113216.00
2013/09/05,16.91,17.59,16.56,17.30,4885193,341518752.00
2013/09/06,17.21,17.81,17.01,17.18,3947766,278237856.00
2013/09/09,17.26,18.93,17.26,18.93,5210387,393400512.00
2013/09/10,19.71,20.85,19.18,20.00,7355576,593100736.00
2013/09/11,19.84,20.15,18.84,18.90,4181009,327806944.00
2013/09/12,18.96,20.46,18.96,19.66,4402129,353336128.00
2013/09/13,19.34,21.46,18.93,21.31,5225793,423342176.00
2013/09/16,20.96,23.47,20.86,23.00,7406834,687150144.00
2013/09/17,23.36,23.53,21.96,22.56,5930197,545069056.00
2013/09/18,22.43,23.41,22.10,22.71,4767155,438566336.00
2013/09/23,22.86,24.56,22.13,23.90,5961877,556360704.00
2013/09/24,23.83,24.35,23.21,23.50,3837119,369305024.00
2013/09/25,23.21,23.96,22.61,22.80,4144489,390151104.00
2013/09/26,22.92,23.07,20.96,21.20,4822487,429357344.00
2013/09/27,21.41,22.00,20.91,21.67,3106031,270669664.00
2013/09/30,21.81,23.58,21.71,23.19,4375550,404886464.00
2013/10/08,23.06,23.60,22.01,22.76,3736855,343156864.00
2013/10/09,22.71,22.96,22.06,22.60,2789745,254049696.00
2013/10/10,22.56,23.21,21.34,21.51,4758124,429589920.00
2013/10/11,21.93,22.17,19.74,20.52,6505892,549300416.00
2013/10/14,20.46,20.77,19.96,20.69,3873305,320795360.00
2013/10/15,20.69,20.96,20.16,20.26,3331342,277908576.00
2013/10/16,20.16,20.16,18.22,18.46,5645564,433629312.00
2013/10/17,18.58,18.74,18.19,18.32,3787848,284382144.00
2013/10/18,18.41,20.09,18.41,19.83,5116437,402930368.00
2013/10/21,20.01,20.66,19.47,20.15,4409584,361452736.00
2013/10/22,20.06,20.19,18.21,18.33,6410553,491848768.00
2013/10/23,18.29,18.56,17.34,18.39,4253889,312077024.00
2013/10/24,18.36,18.71,18.09,18.19,2818406,209948320.00
2013/10/25,18.34,18.41,16.96,17.63,5176958,370374048.00
2013/10/28,17.59,18.59,17.34,18.51,4401091,323495712.00
2013/10/29,17.84,18.46,16.63,16.63,9842590,689497280.00
2013/10/30,16.71,17.09,16.20,16.71,4954251,336453632.00
2013/10/31,16.54,16.59,15.67,15.69,6422894,417423296.00
2013/11/01,15.63,16.21,15.21,15.91,4869781,312523648.00
2013/11/04,15.77,16.36,15.46,15.70,4013730,262479552.00
2013/11/05,15.55,16.92,15.36,16.90,5825538,387431392.00
2013/11/06,16.71,17.16,16.29,16.47,5077200,346649856.00
2013/11/07,16.40,16.97,16.11,16.66,4319352,292600416.00
2013/11/08,16.46,17.09,16.13,16.77,3490570,235627840.00
2013/11/11,16.76,16.76,15.84,15.95,4643963,304600640.00
2013/11/12,15.81,16.28,15.71,15.99,3230144,210789088.00
2013/11/13,16.00,16.64,15.96,16.11,4781733,318224864.00
2013/11/14,16.11,17.75,15.91,17.75,8665629,605798272.00
2013/11/15,17.75,18.99,17.72,18.21,8921722,667101312.00
2013/11/18,18.28,18.97,18.28,18.70,5438131,410646368.00
2013/11/19,18.66,19.08,18.34,18.53,5731901,436166976.00
2013/11/20,18.66,19.37,18.53,19.33,6071829,468079744.00
2013/11/21,19.21,20.21,18.88,19.89,6321830,503468704.00
2013/11/22,20.21,20.57,19.26,19.81,6503396,524738336.00
2013/11/25,19.87,19.93,18.67,18.84,5883776,454519936.00
2013/11/26,18.72,19.01,18.24,18.28,5026700,377519872.00
2013/11/27,18.28,19.91,18.21,19.31,6307251,491472960.00
2013/11/28,19.29,19.41,19.03,19.21,2810420,219233216.00
2013/11/29,19.22,19.91,19.21,19.39,3996412,317622592.00
2013/12/02,18.21,18.74,17.43,17.43,7906239,574035776.00
2013/12/03,16.71,17.71,16.36,17.59,4432814,305343648.00
2013/12/04,17.26,17.89,17.17,17.47,3673028,262047120.00
2013/12/05,17.43,17.71,16.96,17.18,2961032,207996640.00
2013/12/06,17.03,17.21,16.59,16.70,3417245,234028560.00
2013/12/09,16.85,18.10,16.74,18.03,6009545,431029920.00
2013/12/10,17.93,18.11,17.64,17.81,3167747,229658384.00
2013/12/11,17.80,18.26,17.64,17.86,4285872,313459904.00
2013/12/12,17.76,18.84,17.59,18.56,4431100,330664032.00
2013/12/13,18.35,18.60,18.09,18.29,3157986,235387008.00
2013/12/16,18.53,19.00,18.29,18.58,4281501,325267168.00
2013/12/17,18.36,18.46,17.28,17.69,3048698,221011088.00
2013/12/18,17.74,17.78,17.06,17.27,2546168,179439152.00
2013/12/19,17.16,18.07,17.16,17.52,2968605,212793072.00
2013/12/20,17.61,17.80,17.34,17.52,1738297,124113576.00
2013/12/23,17.40,17.49,16.71,17.18,1882163,130893000.00
2013/12/24,17.14,17.78,17.01,17.61,2498938,178308208.00
2013/12/25,17.64,18.88,17.62,18.67,5168986,387031456.00
2013/12/26,18.67,18.67,17.86,17.96,3720631,275729248.00
2013/12/27,17.91,18.71,17.91,18.43,3160750,236658160.00
2013/12/30,18.49,19.30,18.48,19.13,4311451,334224288.00
2013/12/31,18.91,19.23,18.71,19.20,2860685,220906720.00
2014/01/02,19.22,19.79,19.12,19.33,3408968,270061728.00
2014/01/03,19.10,19.51,19.01,19.02,2959510,230545904.00
2014/01/06,18.72,19.08,18.63,18.95,2198433,168750256.00
2014/01/07,18.78,19.56,18.75,19.44,2588584,203410320.00
2014/01/08,19.43,20.33,19.43,19.96,4056857,326640864.00
2014/01/09,19.95,20.76,19.77,20.01,5230307,432187232.00
2014/01/10,19.74,20.18,18.96,19.17,2924188,231037040.00
2014/01/13,19.22,20.35,19.22,20.33,3374639,272170304.00
2014/01/14,20.29,20.61,19.79,20.47,2756194,226268880.00
2014/01/15,20.34,21.63,20.34,21.46,4501425,384018592.00
2014/01/16,21.46,21.84,20.71,21.41,3732500,322472960.00
2014/01/17,21.29,21.74,21.04,21.63,3428912,298860480.00
2014/01/20,21.59,22.30,21.18,21.37,3548064,313583936.00
2014/01/21,21.23,22.11,20.86,22.08,4555591,396045120.00
2014/01/22,21.93,23.01,21.75,22.67,5137163,469631552.00
2014/01/23,22.51,23.13,22.36,22.45,4250495,392869152.00
2014/01/24,22.21,22.77,22.12,22.45,3259140,296655520.00
2014/01/27,22.46,22.71,21.41,21.48,4164344,372676512.00
2014/01/28,21.42,21.91,20.88,21.35,3351597,289100896.00
2014/01/29,21.69,23.51,21.69,23.51,6457691,590362816.00
2014/01/30,23.18,23.84,22.68,22.90,3369497,317497344.00
2014/02/07,22.46,23.36,22.34,22.99,2140302,199392128.00
2014/02/10,22.99,23.33,22.54,23.03,3368976,313927712.00
2014/02/11,23.05,23.05,21.64,21.92,6428449,575243648.00
2014/02/12,21.95,21.96,21.10,21.58,3902736,338707840.00
2014/02/13,21.33,21.71,20.94,21.15,3810038,327967520.00
2014/02/14,21.01,21.62,20.94,21.28,2833301,245413248.00
2014/02/17,21.29,21.63,20.75,21.46,4067304,350188064.00
2014/02/18,21.47,21.54,20.94,21.26,2267843,194687984.00
2014/02/19,21.27,21.51,20.86,20.99,3050667,262056736.00
2014/02/20,20.84,20.91,19.84,19.92,4689699,383188864.00
2014/02/21,19.81,20.14,19.71,20.02,2165527,175355008.00
2014/02/24,20.08,21.05,20.06,20.89,4544104,381047552.00
2014/02/25,20.72,21.09,19.40,19.76,4291371,353022240.00
2014/02/26,19.34,19.34,18.53,18.93,4059847,311587424.00
2014/02/27,18.93,19.28,17.94,18.69,3039224,231740560.00
2014/02/28,18.76,19.21,18.06,18.59,2765043,207955408.00
2014/03/03,18.51,19.14,18.50,18.96,2582801,197186848.00
2014/03/04,18.66,19.09,18.57,18.75,1802071,137390480.00
2014/03/05,18.81,19.21,18.80,19.02,2018735,155667488.00
2014/03/06,18.96,19.18,18.21,19.16,2656727,203616416.00
2014/03/07,19.21,19.31,18.56,18.57,2362546,181025104.00
2014/03/10,18.41,18.41,17.14,17.16,4118247,294108224.00
2014/03/11,17.10,17.54,16.96,17.22,1766146,123774488.00
2014/03/12,17.21,17.59,17.04,17.37,1816229,127885256.00
2014/03/13,17.37,17.72,17.23,17.61,1781645,127095712.00
2014/03/14,17.34,18.96,17.34,18.35,3492121,259005424.00
2014/03/17,18.29,18.65,18.29,18.43,1725690,129046312.00
2014/03/18,18.53,18.66,18.39,18.50,1419918,106784328.00
2014/03/19,19.49,19.66,19.12,19.40,5439050,428176864.00
2014/03/20,19.07,20.53,19.06,19.49,5677750,462497888.00
2014/03/21,19.24,19.60,18.54,19.38,3161270,243197200.00
2014/03/24,19.21,19.63,18.56,18.63,2551650,196135024.00
2014/03/25,18.61,19.20,18.58,18.96,2034082,155925520.00
2014/03/26,19.06,19.11,18.63,18.79,1636369,124959464.00
2014/03/27,18.81,18.87,17.52,17.54,3849378,281257568.00
2014/03/28,17.49,17.75,17.15,17.22,2608192,184406016.00
2014/03/31,17.23,17.46,17.06,17.21,1491855,104571264.00
2014/04/01,17.21,17.81,17.21,17.68,1880778,134810784.00
2014/04/02,17.71,17.98,17.49,17.69,1497042,107779992.00
2014/04/03,17.71,18.51,17.57,17.92,4052064,298795104.00
2014/04/04,17.84,17.89,17.33,17.70,2739350,195375840.00
2014/04/08,17.39,17.70,17.11,17.69,2163936,154261280.00
2014/04/09,17.96,18.34,17.84,17.99,2034171,149201840.00
2014/04/10,18.02,18.33,17.89,18.14,2577833,190310144.00
2014/04/11,17.84,18.07,17.79,17.97,1546522,112725200.00
2014/04/14,17.91,18.14,17.91,18.08,855125,62680476.00
2014/04/15,18.09,18.86,18.00,18.69,3672446,276882272.00
2014/04/16,18.69,18.83,18.27,18.69,1833769,138386160.00
2014/04/17,18.69,19.69,18.69,19.40,4891655,383030048.00
2014/04/18,19.34,19.67,19.06,19.64,2956985,232187456.00
2014/04/21,19.46,19.55,18.79,18.81,3848789,298085440.00
2014/04/22,18.72,19.06,18.48,18.65,1906064,145103200.00
2014/04/23,18.71,18.92,18.19,18.27,1896798,142085520.00
2014/04/24,18.44,18.55,18.06,18.31,1883509,140121056.00
2014/04/25,18.30,18.31,17.96,17.96,1091065,80201832.00
2014/04/28,17.84,17.91,17.26,17.32,1445946,103577608.00
2014/04/29,17.32,17.74,17.32,17.66,1517273,108292760.00
2014/04/30,17.65,17.99,17.49,17.82,1335898,96426472.00
2014/05/05,17.66,17.96,17.66,17.96,1095360,79454520.00
2014/05/06,18.16,18.51,17.97,18.30,1446262,107524576.00
2014/05/07,18.09,18.29,17.62,17.75,1450389,106313824.00
2014/05/08,17.63,18.29,17.46,17.80,2819500,204715728.00
2014/05/09,17.82,17.82,17.40,17.45,1593921,113550760.00
2014/05/12,17.64,18.09,17.51,17.89,1719557,124450768.00
2014/05/13,17.90,18.18,17.80,17.96,1133833,82945904.00
2014/05/14,17.86,18.02,17.78,17.97,1064117,77377720.00
2014/05/15,17.93,18.20,17.85,17.89,1343847,98482288.00
2014/05/16,17.90,17.90,17.36,17.47,2183396,156393744.00
2014/05/19,17.41,17.66,17.36,17.60,1250382,89234080.00
2014/05/20,17.80,18.17,17.80,17.89,1832491,133858408.00
2014/05/21,17.81,18.04,17.66,17.98,1053672,76715312.00
2014/05/22,18.01,18.16,17.78,17.81,1507334,110344344.00
2014/05/23,17.76,18.21,17.76,18.19,2530472,185954912.00
2014/05/26,18.39,18.83,18.21,18.77,3653825,275777056.00
2014/05/27,18.66,18.91,18.61,18.68,1839527,139886832.00
2014/05/28,18.76,19.10,18.59,19.00,3087405,236179152.00
2014/05/29,18.93,19.13,18.27,18.31,2975089,225789344.00
2014/05/30,18.33,18.46,17.93,18.09,2797591,205830944.00
2014/06/03,18.10,18.76,18.09,18.61,2835090,212630912.00
2014/06/04,18.66,18.71,18.17,18.66,1949039,146029808.00
2014/06/05,18.56,19.31,18.56,19.28,4196446,325014912.00
2014/06/06,19.28,19.28,18.84,18.99,2945365,227463520.00
2014/06/09,19.01,19.65,19.01,19.23,3510467,276811360.00
2014/06/10,19.31,19.37,18.74,19.24,2733026,212039728.00
2014/06/11,19.21,19.46,19.01,19.23,1782547,139063728.00
2014/06/12,19.21,19.45,19.10,19.24,1746619,136804160.00
2014/06/13,19.21,19.48,19.04,19.41,2651193,208131248.00
2014/06/16,19.46,19.68,19.36,19.46,2706019,214247216.00
2014/06/17,19.38,19.53,19.04,19.04,2196049,171440784.00
2014/06/18,18.99,19.06,18.46,18.54,2930871,222478464.00
2014/06/19,18.49,18.70,17.66,17.89,2464427,182040288.00
2014/06/20,17.92,18.21,17.89,18.19,1526994,112080632.00
2014/06/23,18.51,18.85,18.50,18.68,2843202,215341616.00
2014/06/24,18.58,18.76,18.41,18.61,2427342,182614064.00
2014/06/25,18.60,18.60,18.21,18.51,1893521,141374144.00
2014/06/26,18.49,19.04,18.46,18.84,3815624,292985152.00
2014/06/27,19.09,20.59,18.84,20.10,10606143,427333120.00
2014/06/30,19.77,19.90,19.14,19.43,13628819,533828384.00
2014/07/01,19.51,19.57,19.14,19.48,6315286,247311872.00
2014/07/02,19.50,19.79,19.17,19.71,7645506,299838848.00
2014/07/03,19.75,19.84,19.54,19.58,6184495,245490912.00
2014/07/04,19.54,19.68,19.24,19.57,7352892,288089952.00
2014/07/07,19.58,19.58,19.28,19.32,4243812,165617136.00
2014/07/08,19.33,19.43,18.94,19.15,4681471,180710032.00
2014/07/09,19.09,19.33,18.47,18.52,7750928,294640832.00
2014/07/10,18.53,18.74,18.47,18.55,3390033,127232480.00
2014/07/11,18.55,18.76,18.34,18.54,3856300,144671280.00
2014/07/14,18.52,18.64,17.78,17.93,9426719,341700512.00
2014/07/15,17.93,17.96,17.43,17.46,9046809,321052704.00
2014/07/16,17.52,17.76,17.47,17.66,4054751,144582656.00
2014/07/17,17.71,17.76,17.46,17.49,2858592,101430256.00
2014/07/18,17.39,17.63,17.39,17.60,2386920,84491040.00
2014/07/21,17.61,17.74,17.59,17.71,2626795,93614240.00
2014/07/22,17.73,17.81,17.55,17.65,4063520,144897088.00
2014/07/23,17.69,17.71,15.87,16.09,14704363,495449760.00
2014/07/24,15.84,16.23,15.24,15.46,11858961,372048000.00
2014/07/25,15.44,15.68,15.34,15.65,5760139,181079264.00
2014/07/28,15.69,16.43,15.66,16.32,8875590,288682528.00
2014/07/29,16.33,16.78,16.19,16.50,6996066,233143616.00
2014/07/30,16.66,16.66,16.35,16.51,4907924,163443776.00
2014/07/31,16.59,16.93,16.45,16.89,7050842,238170096.00
2014/08/01,16.79,16.97,16.60,16.62,6607865,224069824.00
2014/08/04,16.49,16.78,16.49,16.73,3562103,119956128.00
2014/08/05,16.73,17.15,16.63,17.13,7299829,249576272.00
2014/08/06,16.99,17.31,16.92,17.18,5586900,193017856.00
2014/08/07,17.18,17.18,16.75,16.76,5725282,195890400.00
2014/08/08,16.74,16.99,16.74,16.83,4020452,136785760.00
2014/08/11,16.78,16.96,16.75,16.88,4405639,149969680.00
2014/08/12,16.84,16.84,16.59,16.74,4374215,147685312.00
2014/08/13,16.73,16.81,16.51,16.64,4154873,139602720.00
2014/08/14,16.64,16.89,16.59,16.67,4322107,145978560.00
2014/08/15,16.73,16.94,16.55,16.85,4646602,157868400.00
2014/08/18,17.04,18.55,16.98,18.55,19956280,724950336.00
2014/08/19,20.33,20.42,19.84,20.42,46848917,1920954880.00
2014/08/20,20.81,20.81,19.80,19.91,31469841,1283424640.00
2014/08/21,20.00,21.91,19.78,21.91,45556280,1966221568.00
2014/08/22,22.84,24.00,22.61,23.24,51348677,2391288064.00
2014/08/25,23.34,23.57,22.65,22.85,27456608,1270021632.00
2014/08/26,22.56,22.75,21.44,22.03,28874253,1285085696.00
2014/08/27,22.44,22.70,21.46,21.64,24175647,1076056832.00
2014/08/28,21.99,23.57,21.88,22.46,34134073,1563222656.00
2014/08/29,22.24,22.98,21.44,22.69,22570852,1009229248.00
2014/09/01,23.07,24.81,22.34,23.99,32645347,1571385344.00
2014/09/02,23.84,24.24,23.44,24.23,25456893,1220524416.00
2014/09/03,24.19,26.01,23.90,25.28,33196209,1668199168.00
2014/09/04,25.04,25.34,24.77,25.05,18338786,923136448.00
2014/09/05,25.06,25.59,24.49,24.76,17166478,859264896.00
2014/09/09,24.44,24.78,24.11,24.50,12903441,634498496.00
2014/09/10,24.31,25.00,24.14,24.78,13149201,653560704.00
2014/09/11,24.82,26.52,24.49,25.33,24872810,1274642432.00
2014/09/12,25.10,25.22,24.72,25.09,9719987,488386176.00
2014/09/15,25.04,26.01,24.91,25.17,15572239,797137536.00
2014/09/16,24.84,24.84,23.28,23.35,22216394,1078497280.00
2014/09/17,23.33,23.82,23.01,23.69,11646974,549905152.00
2014/09/18,23.67,23.67,23.18,23.31,6583801,309230112.00
2014/09/19,23.28,23.93,23.28,23.87,7853834,373354432.00
2014/09/22,23.79,23.80,22.79,22.98,10430630,483626848.00
2014/09/23,22.99,23.33,22.89,23.17,6354431,295949152.00
2014/09/24,22.99,24.08,22.84,23.82,9817129,465314496.00
2014/09/25,23.93,24.56,23.79,23.93,12360936,603644736.00
2014/09/26,23.84,24.39,23.74,24.15,7721080,375293440.00
2014/09/29,24.28,24.32,23.84,23.98,6222723,300894112.00
2014/09/30,24.09,24.57,24.09,24.35,9302073,456988000.00
2014/10/08,24.44,24.46,23.84,24.25,6499710,315482496.00
2014/10/09,24.29,24.34,23.91,24.08,6912980,335439648.00
2014/10/10,23.91,23.99,23.27,23.36,9499893,450064000.00
2014/10/13,23.29,23.29,22.54,23.15,7161167,329778592.00
2014/10/14,23.00,23.24,22.84,22.94,5880442,273061856.00
2014/10/15,23.00,23.77,22.87,23.63,8064819,379413024.00
2014/10/16,23.38,23.74,23.22,23.23,7791857,368419136.00
2014/10/17,23.08,23.09,22.54,22.84,5671209,260513568.00
2014/10/20,22.79,23.12,22.69,23.08,4247506,196253376.00
2014/10/21,23.04,23.21,22.74,23.09,5152924,238961152.00
2014/10/22,22.96,22.96,22.27,22.30,6184375,281191968.00
2014/10/23,22.32,22.53,21.54,21.82,5784020,255148608.00
2014/10/24,21.64,22.50,21.64,22.03,5563854,249196320.00
2014/10/27,21.84,21.94,21.33,21.89,5609841,243559872.00
2014/10/28,22.29,22.53,21.90,22.44,5950841,267557168.00
2014/10/29,22.59,22.78,22.28,22.77,8148887,370600448.00
2014/10/30,22.77,23.03,22.35,22.41,7437083,339414208.00
2014/10/31,22.24,22.58,22.00,22.34,6025971,269348512.00
2014/11/03,22.41,22.83,22.29,22.56,4732172,215201440.00
2014/11/04,22.64,22.64,22.00,22.05,5052933,226345632.00
2014/11/05,21.99,21.99,21.49,21.59,5826080,254445776.00
2014/11/06,21.59,22.09,21.49,22.04,4699759,207125104.00
2014/11/07,22.05,22.18,21.59,21.63,4902627,215441616.00
2014/11/10,21.53,22.04,21.51,21.88,3993458,175705888.00
2014/11/11,21.88,21.89,20.78,21.04,7052872,301554304.00
2014/11/12,20.94,21.30,20.84,21.25,3659646,156063472.00
2014/11/13,21.25,21.26,20.48,20.89,5730047,239887888.00
2014/11/14,20.85,21.09,20.75,21.07,3384354,142811728.00
2014/11/17,21.34,23.19,21.13,22.03,14449333,646219776.00
2014/11/18,21.89,22.43,21.78,22.13,7367180,328590720.00
2014/11/19,22.30,22.61,21.93,22.22,10493607,470914080.00
2014/11/20,21.98,22.06,21.46,21.71,6690435,293354976.00
2014/11/21,21.75,22.59,21.71,22.43,11710319,525642624.00
2014/11/24,22.64,22.69,22.21,22.28,9310769,419432768.00
2014/11/25,22.29,22.49,21.97,22.41,8590886,385510528.00
2014/11/26,22.29,22.51,22.09,22.29,6054684,271555040.00
2014/11/27,22.34,22.49,21.93,22.15,7533217,337229344.00
2014/11/28,22.15,22.15,21.51,21.64,8596107,375805632.00
2014/12/01,21.61,21.61,21.02,21.09,7878522,336589280.00
2014/12/02,21.09,21.67,21.06,21.43,7196353,310443520.00
2014/12/03,21.53,22.55,21.28,22.46,15074812,667831488.00
2014/12/04,22.51,22.66,22.22,22.42,11835390,533396192.00
2014/12/05,22.34,22.38,21.18,21.46,12848497,559349760.00
2014/12/08,21.21,22.32,20.84,21.66,12531169,547387776.00
2014/12/09,21.23,23.85,21.12,23.80,45440339,2137499520.00
2014/12/10,23.83,25.34,23.34,24.56,42118475,2073287552.00
2014/12/11,24.08,24.34,23.29,23.63,19315676,921230080.00
2014/12/12,23.66,24.94,23.34,24.29,19544403,949134464.00
2014/12/15,23.84,24.58,23.64,24.21,12965637,628707328.00
2014/12/16,24.44,24.54,23.51,23.97,13554992,655977216.00
2014/12/17,23.59,23.76,23.15,23.17,13230147,622358976.00
2014/12/18,23.01,23.73,22.91,23.12,9364928,440095872.00
2014/12/19,23.09,23.33,22.06,22.26,10725784,488004864.00
2014/12/22,22.25,22.25,21.14,21.54,10543297,459246336.00
2014/12/23,21.30,22.09,21.18,21.75,5898950,257618912.00
2014/12/24,21.79,22.14,21.59,22.04,7288827,322171136.00
2014/12/25,21.99,22.13,21.60,21.83,6872401,302017920.00
2014/12/26,21.83,22.14,21.67,22.00,6801476,300528832.00
2014/12/29,21.99,22.51,21.57,22.16,9936807,440810976.00
2014/12/30,22.06,22.06,20.59,20.59,13117987,560358080.00
2014/12/31,20.60,21.02,20.59,20.81,5941645,248974816.00
2015/01/05,20.74,21.13,20.17,20.83,7233755,301504160.00
2015/01/06,20.81,21.76,20.60,21.64,9909933,424681376.00
2015/01/07,21.39,21.61,21.04,21.28,6888364,295544320.00
2015/01/08,21.09,21.44,21.04,21.18,5311585,227802224.00
2015/01/09,20.87,21.42,20.85,21.00,6429072,274750688.00
2015/01/12,20.94,21.05,20.47,20.77,6017906,250894288.00
2015/01/13,20.68,22.04,20.64,21.45,11106159,482393312.00
2015/01/14,21.44,21.59,21.11,21.27,6001878,257846096.00
2015/01/15,21.25,21.41,21.09,21.30,5245668,224251424.00
2015/01/16,21.31,23.24,21.22,22.31,17846912,799138816.00
2015/01/19,21.84,23.39,21.58,22.65,21853859,994164544.00
2015/01/20,22.71,23.44,22.18,23.37,22105426,1026144640.00
2015/01/21,23.39,23.59,22.79,23.32,22213054,1038265280.00
2015/01/22,23.09,23.58,22.99,23.11,13671723,638941440.00
2015/01/23,23.33,23.34,22.33,22.41,12046600,549637632.00
2015/01/26,22.31,23.07,22.28,22.90,10055332,461767072.00
2015/01/27,22.94,22.94,22.14,22.46,9102449,412471008.00
2015/01/28,22.34,24.72,22.34,24.16,41241307,2002220672.00
2015/01/29,23.65,23.84,23.26,23.68,19219690,912936128.00
2015/01/30,23.68,24.57,22.78,22.80,22247275,1068300352.00
2015/02/02,22.36,22.94,22.28,22.68,9232801,420310272.00
2015/02/03,22.84,23.75,22.70,23.12,15681345,735924288.00
2015/02/04,22.98,23.57,22.84,23.15,12201262,570235648.00
2015/02/05,23.11,24.44,22.84,23.62,22190174,1063004352.00
2015/02/06,23.67,25.52,23.38,25.09,38290704,1899931392.00
2015/02/09,25.24,25.99,24.34,24.82,24497694,1234899072.00
2015/02/10,24.49,25.21,24.21,25.19,16046487,795219072.00
2015/02/11,25.23,26.00,24.58,24.70,19515785,992822400.00
2015/02/12,24.39,24.96,24.12,24.33,14818418,730147136.00
2015/02/13,24.39,26.58,24.24,26.51,26808220,1365606272.00
2015/02/16,26.84,29.17,26.09,29.17,33264832,1853644544.00
2015/02/17,29.34,29.69,28.14,28.41,22522700,1303889920.00
2015/02/25,28.15,29.14,27.24,27.65,19855770,1123949056.00
2015/02/26,27.64,28.24,26.82,27.82,16694866,923835264.00
2015/02/27,27.74,28.84,27.27,28.25,17880438,1010211264.00
2015/03/02,28.34,28.64,27.49,28.20,16470162,928115968.00
2015/03/03,27.69,27.69,26.66,26.69,20214239,1107856640.00
2015/03/04,26.69,27.58,26.44,27.23,13532699,739579328.00
2015/03/05,27.23,27.23,26.34,26.57,12268846,657818432.00
2015/03/06,26.73,26.98,25.94,26.05,9674527,512376576.00
2015/03/09,25.84,26.51,25.38,26.40,8127755,426930688.00
2015/03/10,26.34,27.25,26.24,26.75,10902814,590285440.00
2015/03/11,26.75,27.23,26.51,26.99,10213228,554263936.00
2015/03/12,26.89,27.08,25.74,25.98,11154133,589525888.00
2015/03/13,26.00,26.74,25.60,26.67,11300758,592350400.00
2015/03/16,26.78,27.58,26.77,27.36,15544802,852617984.00
2015/03/17,27.41,27.44,26.98,27.32,12608630,689467904.00
2015/03/18,27.24,27.84,27.06,27.67,14346410,794760000.00
2015/03/19,27.63,27.63,27.04,27.18,12073918,661405696.00
2015/03/20,27.19,28.83,27.19,28.56,21692417,1218217088.00
2015/03/23,28.34,28.81,28.16,28.68,17783635,1020069824.00
2015/03/24,28.90,30.68,28.76,30.34,28875701,1733929984.00
2015/03/25,30.26,30.26,29.44,29.56,15572331,932361216.00
2015/03/26,29.28,29.28,27.74,27.99,15472923,883899968.00
2015/03/27,28.06,28.54,27.83,28.20,8301386,469822144.00
2015/03/30,28.25,28.69,27.67,27.97,10543949,593795840.00
2015/03/31,27.99,28.44,27.74,27.89,11586147,654993344.00
2015/04/01,28.01,30.12,27.80,29.83,19940604,1157429248.00
2015/04/02,29.94,31.59,29.92,30.09,28563208,1766656000.00
2015/04/03,29.89,31.59,29.61,30.95,18824700,1169074176.00
2015/04/07,30.29,30.76,29.79,30.52,15538124,944926400.00
2015/04/08,30.34,31.11,28.74,29.24,20248388,1210212352.00
2015/04/09,29.08,29.74,27.96,29.18,12857237,741508736.00
2015/04/10,29.09,29.83,28.94,29.48,11244474,668141696.00
2015/04/13,29.84,29.88,28.84,29.70,11287475,668246208.00
2015/04/14,29.50,30.69,29.01,30.03,16407206,991218496.00
2015/04/15,31.34,32.81,30.68,31.53,30817606,1978374272.00
2015/04/16,31.26,32.49,30.78,31.65,18984071,1211658624.00
2015/04/17,31.65,31.99,30.84,31.06,16141541,1013023744.00
2015/04/20,30.39,30.58,29.70,29.82,15181381,917894400.00
2015/04/21,29.81,31.04,29.81,30.94,11870064,730635392.00
2015/04/22,30.84,31.63,30.67,31.07,15278212,958581632.00
2015/04/23,31.24,31.65,30.66,30.99,14782490,924038400.00
2015/04/24,30.34,32.16,30.00,31.95,18376492,1157976064.00
2015/04/27,32.28,32.59,31.33,31.72,16211921,1038013248.00
2015/04/28,31.63,31.67,30.12,30.46,12393194,763747584.00
2015/04/29,29.59,30.59,29.34,30.31,10203643,619790592.00
2015/04/30,30.14,31.09,30.06,30.09,10497178,647021760.00
2015/05/04,30.10,30.29,29.09,29.54,10422211,615769408.00
2015/05/05,29.44,29.73,28.49,28.65,8876156,520056480.00
2015/05/06,28.83,29.59,28.54,28.85,9015499,527659776.00
2015/05/07,28.69,29.48,28.69,29.00,7244876,425311904.00
2015/05/08,29.25,30.33,29.24,30.18,12342426,742808384.00
2015/05/11,30.27,31.04,29.64,30.94,15797023,969754112.00
2015/05/12,30.98,31.64,30.59,31.05,15546985,972392896.00
2015/05/13,30.69,34.17,30.55,34.17,42207809,2840211712.00
2015/05/14,34.00,34.56,32.46,32.78,29304924,1960764928.00
2015/05/15,32.92,32.99,31.70,32.17,16841856,1087893888.00
2015/05/18,31.84,32.84,31.74,32.41,13525229,876185728.00
2015/05/19,32.45,33.34,31.92,33.07,15383589,1012434112.00
2015/05/20,33.00,34.83,32.74,33.15,22183565,1504782976.00
2015/05/21,33.25,34.11,32.67,33.90,18302131,1230820352.00
2015/05/22,34.84,37.31,34.78,35.17,26172526,1882554368.00
2015/05/25,34.57,37.44,33.88,36.34,26727119,1908602880.00
2015/05/26,35.94,38.01,35.93,37.33,21124503,1576157824.00
2015/05/27,37.33,37.59,35.88,37.11,17552526,1290140672.00
2015/05/28,36.84,39.21,34.75,34.81,20725973,1549808768.00
2015/05/29,34.89,36.19,32.87,35.07,14801351,1036490688.00
2015/06/01,35.14,36.84,34.85,36.67,14269064,1035272704.00
2015/06/02,36.71,38.08,36.28,37.82,15400295,1148896640.00
2015/06/03,37.84,40.33,36.99,39.82,21222955,1657449984.00
2015/06/04,39.82,40.78,36.08,38.40,18144226,1404118400.00
2015/06/05,38.86,39.48,37.14,37.77,14372458,1104408448.00
2015/06/08,37.79,37.98,35.99,37.06,12523955,924527808.00
2015/06/09,36.91,37.99,36.49,37.16,9885700,738333120.00
2015/06/10,36.74,39.47,36.49,38.82,19472568,1503220224.00
2015/06/11,38.91,39.22,37.44,38.08,12365100,949837824.00
2015/06/12,38.28,39.58,38.00,38.29,13211083,1025470464.00
2015/06/15,38.19,38.19,35.34,35.47,14502830,1070791488.00
2015/06/16,34.99,35.23,33.19,33.57,12808892,876326656.00
2015/06/17,33.74,34.82,33.28,34.76,9207779,629950848.00
2015/06/18,34.74,34.74,31.83,31.85,9775637,657911872.00
2015/06/19,31.84,32.33,28.99,29.41,11332800,701674176.00
2015/06/23,29.74,30.98,28.51,30.83,9347388,561954816.00
2015/06/24,30.99,31.68,30.19,31.31,10657805,666419200.00
2015/06/25,31.34,31.41,28.82,29.06,11882259,721369920.00
2015/06/26,28.29,28.29,26.14,26.14,12268042,665528640.00
2015/06/29,26.64,27.84,23.51,23.53,16073015,805218752.00
2015/06/30,23.83,25.90,22.04,25.90,17522182,848909056.00
2015/07/01,25.34,26.51,24.34,24.56,16440382,853192768.00
2015/07/02,24.56,25.76,22.85,23.29,13834301,680359104.00
2015/07/03,22.94,24.64,21.42,22.96,15919112,742359232.00
2015/07/06,25.28,25.28,20.84,22.96,18581442,867920384.00
2015/07/07,21.84,22.45,20.65,20.65,17649748,741955904.00
2015/07/08,18.57,19.04,18.57,18.57,11918157,446719136.00
2015/07/09,16.69,20.44,16.69,20.44,21888148,828991040.00
2015/07/10,20.95,22.50,20.95,22.50,13219852,590535872.00
2015/07/13,23.24,24.77,22.84,24.77,16143938,787594944.00
2015/07/14,25.33,27.21,24.93,26.82,31436861,836537600.00
2015/07/15,25.13,25.63,24.13,24.13,25586522,628829824.00
2015/07/16,24.02,24.93,21.71,23.11,37436578,869459968.00
2015/07/17,23.12,24.91,23.12,24.69,29436051,711549184.00
2015/07/20,24.83,25.93,24.43,25.57,40048011,1011425856.00
2015/07/21,25.33,26.11,24.63,25.57,29469965,752932096.00
2015/07/22,25.13,26.15,25.02,25.62,26586746,680887488.00
2015/07/23,25.57,28.09,25.51,28.03,42349164,1139337728.00
2015/07/24,28.30,28.84,26.53,26.94,44952646,1262146432.00
2015/07/27,25.95,27.15,24.24,24.24,33908280,875803328.00
2015/07/28,22.73,24.13,21.81,22.59,31463379,715284608.00
2015/07/29,23.43,24.53,21.84,24.35,26351029,608739456.00
2015/07/30,23.93,24.44,22.78,23.08,24360383,584725248.00
2015/07/31,22.63,23.28,21.85,22.27,16322818,369596896.00
2015/08/03,21.93,22.19,20.04,20.47,22566357,472452352.00
2015/08/04,20.55,22.27,20.43,22.24,21086524,453169056.00
2015/08/05,22.23,22.48,21.37,21.67,18273689,402645536.00
2015/08/06,20.93,21.73,20.61,21.29,12062902,257169472.00
2015/08/07,21.73,22.55,21.55,22.43,18708715,416571136.00
2015/08/10,22.78,24.68,22.51,24.44,31064428,738413440.00
2015/08/11,24.41,25.37,23.95,24.63,31094954,770584832.00
2015/08/12,24.18,24.63,23.52,23.63,24562854,591353600.00
2015/08/13,23.33,24.53,23.23,24.46,20984672,504621408.00
2015/08/14,24.58,24.71,23.84,24.10,22043917,538776000.00
2015/08/17,23.92,24.18,23.45,24.16,16104272,384701920.00
2015/08/18,24.33,26.26,23.38,23.42,46045986,1147309952.00
2015/08/19,22.23,24.18,21.43,24.03,31599229,717682240.00
2015/08/20,23.73,24.18,22.76,22.79,20080731,472269120.00
2015/08/21,21.99,22.53,21.00,21.10,18426348,403224576.00
2015/08/24,19.93,20.52,18.98,18.98,19302335,371719200.00
2015/08/25,17.08,17.82,17.08,17.08,18255570,314981184.00
2015/08/26,16.92,17.78,15.37,15.38,29535889,489166784.00
2015/08/27,15.93,16.22,14.61,16.19,22556474,354662656.00
2015/08/28,16.31,16.88,16.03,16.56,15505860,255834576.00
2015/08/31,16.94,18.22,16.68,18.22,31782438,554120576.00
2015/09/01,17.51,17.64,16.43,17.42,31474716,542403968.00
2015/09/02,16.60,17.92,15.94,17.46,24181221,416826624.00
2015/09/07,17.43,18.80,17.42,17.52,14222770,257208736.00
2015/09/08,17.03,18.33,16.44,18.25,15090700,263648720.00
2015/09/09,18.23,19.31,17.96,18.77,23454131,438788320.00
2015/09/10,18.18,18.53,17.78,17.90,14766137,269742112.00
2015/09/11,17.64,18.28,17.62,17.89,10769900,193743040.00
2015/09/14,18.31,18.33,16.09,16.52,18862467,320730624.00
2015/09/15,15.94,16.32,14.86,14.87,12446296,193952544.00
2015/09/16,15.08,16.36,14.93,16.36,12972968,203777936.00
2015/09/17,16.36,17.13,15.94,16.05,18473987,306676544.00
2015/09/18,16.23,17.43,15.93,17.11,22380420,378945952.00
2015/09/21,16.53,17.70,16.43,17.67,22398207,385775200.00
2015/09/22,17.52,17.85,17.19,17.55,18385045,323455424.00
2015/09/23,17.11,17.47,16.71,16.83,13467321,230446128.00
2015/09/24,16.99,17.62,16.99,17.40,15874157,277132768.00
2015/09/25,17.13,17.35,15.94,16.38,13946200,233693136.00
2015/09/28,16.52,17.20,16.08,17.05,10885628,183036144.00
2015/09/29,16.63,16.76,16.33,16.47,8735447,145051280.00
2015/09/30,16.52,16.71,16.29,16.46,6706439,111188760.00
2015/10/08,17.21,17.61,16.94,17.24,14802592,256316992.00
2015/10/09,17.28,17.80,17.13,17.62,17515749,307716064.00
2015/10/12,17.72,18.82,17.62,18.60,23413668,431901344.00
2015/10/13,18.38,20.47,18.28,20.47,25282842,494671712.00
2015/10/14,20.96,21.13,19.86,20.26,39529379,809025600.00
2015/10/15,20.05,21.54,19.95,21.27,31127649,655773696.00
2015/10/16,21.34,22.53,20.84,22.17,43046108,937949568.00
2015/10/19,22.07,22.08,20.82,21.25,32388818,699177728.00
2015/10/20,21.25,21.89,21.08,21.72,20873946,452604736.00
2015/10/21,21.72,21.76,19.54,19.55,32269298,664324352.00
2015/10/22,19.43,20.38,19.35,20.26,21051582,421243264.00
2015/10/23,20.31,21.45,20.31,21.30,27282280,575988480.00
2015/10/26,21.68,22.63,20.91,22.09,36938525,806482944.00
2015/10/27,21.48,23.34,20.75,23.05,59222203,1332185984.00
2015/10/28,23.29,24.93,22.68,22.93,65739596,1566455296.00
2015/10/29,22.53,23.19,22.15,22.60,28613932,650505664.00
2015/10/30,22.56,22.56,21.59,21.83,21587277,476873728.00
2015/11/02,21.14,21.81,20.81,20.85,20940233,447991232.00
2015/11/03,21.11,21.33,20.43,21.00,13816008,290407840.00
2015/11/04,21.03,22.37,21.03,22.32,24501355,536441280.00
2015/11/05,22.32,22.46,21.78,21.84,35369652,785090176.00
2015/11/06,22.08,22.93,21.83,22.85,34287809,774958208.00
2015/11/09,22.43,23.34,22.33,23.05,34346809,789155008.00
2015/11/10,22.82,23.63,21.78,22.02,40309108,926004736.00
2015/11/11,22.31,23.13,22.23,23.02,37727607,856688896.00
2015/11/12,22.93,23.00,21.90,22.43,35360638,794387456.00
2015/11/13,22.04,22.29,21.51,21.66,22857081,501069984.00
2015/11/16,21.07,22.43,21.07,22.39,18052516,395656704.00
2015/11/17,22.73,22.86,21.74,21.89,29783250,668089856.00
2015/11/18,22.01,22.26,21.53,21.68,15149717,332604384.00
2015/11/19,21.64,22.43,21.43,22.37,19392031,429773856.00
2015/11/20,22.36,23.26,22.13,22.87,39942270,908788480.00
2015/11/23,22.75,23.29,22.34,22.50,29176265,664694784.00
2015/11/24,22.43,22.62,21.89,22.59,18506798,413910944.00
2015/11/25,22.59,23.42,22.36,23.39,42537490,982240576.00
2015/11/26,23.43,23.45,22.50,22.92,33012162,759161856.00
2015/11/27,22.65,23.12,20.73,21.04,28389167,629633088.00
2015/11/30,20.98,23.15,20.73,23.15,42265056,932837184.00
2015/12/01,22.82,25.47,22.71,24.34,88695196,2177178880.00
2015/12/02,23.37,23.83,21.93,23.08,41968735,962187520.00
2015/12/03,22.83,24.72,22.73,24.32,40061279,950151232.00
2015/12/04,23.85,24.90,23.63,24.50,49348129,1204780928.00
2015/12/07,24.53,25.24,23.71,25.02,43993216,1090665088.00
2015/12/08,24.64,24.81,23.73,23.78,31409868,759547392.00
2015/12/09,23.57,23.70,23.03,23.37,20727922,485467328.00
2015/12/10,23.14,24.03,23.14,23.44,21227356,503654656.00
2015/12/11,23.33,23.51,22.33,22.38,23549986,537186112.00
2015/12/14,22.08,23.01,21.94,22.95,14708748,331814080.00
2015/12/15,23.01,23.82,22.94,23.53,21377743,500652704.00
2015/12/16,23.57,23.63,23.08,23.21,19110821,446655936.00
2015/12/17,23.36,23.93,23.34,23.89,26854350,637195968.00
2015/12/18,23.78,24.23,23.43,23.78,22438730,535081344.00
2015/12/21,23.58,24.36,23.48,24.19,28602787,688424448.00
2015/12/22,24.20,24.25,23.76,24.02,20744555,497921376.00
2015/12/23,24.19,24.29,23.23,23.47,21340659,508947232.00
2015/12/24,23.30,24.13,23.18,24.02,19705348,468259776.00
2015/12/25,23.89,24.33,23.73,24.26,19810900,478183296.00
2015/12/28,24.24,24.73,23.13,23.18,30399230,732590272.00
2015/12/29,22.93,23.33,22.73,23.22,16895339,389599360.00
2015/12/30,23.23,23.49,22.93,23.24,13007122,302825600.00
2015/12/31,23.38,23.38,22.73,22.74,12973126,299357984.00
2016/01/04,22.63,22.79,20.46,20.46,17541942,376632992.00
2016/01/05,19.05,20.61,18.83,19.77,19970245,394168160.00
2016/01/06,19.84,20.73,19.63,20.51,14889411,301614848.00
2016/01/07,19.93,19.93,18.45,18.45,5575975,105709024.00
2016/01/08,18.90,19.33,17.46,18.59,18496912,348436384.00
2016/01/11,18.41,18.41,16.72,16.72,16981412,298209376.00
2016/01/12,16.81,17.22,16.33,16.87,12504813,211079760.00
2016/01/13,16.95,17.12,15.75,15.78,15096279,250472640.00
2016/01/14,15.33,16.68,14.96,16.50,14026870,224928320.00
2016/01/15,16.28,16.63,15.58,15.85,10784013,174220096.00
2016/01/18,15.53,16.55,15.53,16.22,9882815,160302816.00
2016/01/19,16.22,17.02,16.12,16.93,14001197,232917200.00
2016/01/20,16.78,16.95,16.23,16.56,14682557,244316032.00
2016/01/21,16.21,16.91,16.07,16.08,11453280,188767088.00
2016/01/22,16.28,16.78,16.01,16.51,10139645,166476432.00
2016/01/25,16.61,16.90,16.43,16.58,9275784,155229760.00
2016/01/26,16.43,16.43,14.92,14.92,15540597,244603232.00
2016/01/27,15.01,15.28,13.93,14.61,12810047,186895296.00
2016/01/28,14.41,14.82,13.97,14.01,8183874,118792080.00
2016/01/29,14.06,15.09,14.03,14.76,11424601,167685328.00
2016/02/01,14.76,14.87,14.25,14.51,8615345,125917008.00
2016/02/02,14.61,15.23,14.54,15.08,9423285,141903264.00
2016/02/03,14.87,15.40,14.58,15.11,8266078,123540304.00
2016/02/04,15.12,15.78,15.02,15.64,13484928,209105760.00
2016/02/05,15.55,16.03,15.33,15.50,10328647,162586112.00
2016/02/15,14.83,16.33,14.72,16.16,16920568,265235264.00
2016/02/16,16.03,16.85,15.99,16.69,20652121,342588768.00
2016/02/17,16.63,16.88,16.35,16.80,17839012,296788800.00
2016/02/18,16.83,18.03,16.74,17.59,29877627,519230880.00
2016/02/19,17.92,18.18,17.11,17.29,28219265,496078048.00
2016/02/22,17.55,18.40,17.31,18.11,33059932,595473792.00
2016/02/23,17.77,17.98,17.15,17.49,18776146,330397376.00
2016/02/24,17.28,17.73,16.83,17.27,16555786,286767648.00
2016/02/25,17.31,17.31,15.54,15.54,19872424,324071680.00
2016/02/26,15.61,15.80,14.94,15.39,13667577,211954880.00
2016/02/29,15.54,16.12,14.81,15.46,22947141,357612928.00
2016/03/01,15.05,15.84,14.83,15.64,17397038,267137600.00
2016/03/02,15.64,16.53,15.53,16.45,20919384,338309024.00
2016/03/03,16.44,16.92,16.29,16.74,24297679,404077088.00
2016/03/04,16.51,16.63,15.37,15.83,20086400,324318720.00
2016/03/07,15.98,16.39,15.79,16.03,14008917,226408448.00
2016/03/08,16.07,16.07,14.96,15.91,11971004,186622160.00
2016/03/09,15.41,15.72,15.33,15.46,7107802,111013208.00
2016/03/10,15.53,16.83,15.35,15.73,19688488,315795808.00
2016/03/11,15.83,16.83,15.71,16.73,38398994,632919872.00
2016/03/14,16.68,17.41,16.31,17.12,34365319,585553408.00
2016/03/15,16.82,16.92,16.43,16.54,17852758,298320128.00
2016/03/16,16.66,16.76,15.99,16.18,13313985,218338000.00
2016/03/17,16.21,16.78,16.09,16.71,20194903,334899712.00
2016/03/18,16.71,17.41,16.64,17.22,29565702,508364800.00
2016/03/21,17.43,17.97,17.25,17.90,29464753,517214080.00
2016/03/22,17.55,18.18,17.49,17.66,30839252,551604416.00
2016/03/23,17.48,18.01,17.48,17.97,19480764,347045056.00
2016/03/24,17.82,17.93,17.33,17.35,19597435,346210848.00
2016/03/25,17.35,17.52,16.79,17.15,15805877,272020352.00
2016/03/28,17.21,17.81,17.08,17.33,19475538,341509984.00
2016/03/29,17.15,17.33,16.78,16.85,10367535,176450864.00
2016/03/30,17.02,17.66,17.02,17.56,15118353,263153872.00
2016/03/31,17.63,17.94,17.46,17.77,20560103,365939392.00
2016/04/01,17.53,17.73,17.13,17.44,12273353,213772752.00
2016/04/05,17.41,18.11,17.33,17.88,18135857,323645600.00
2016/04/06,17.78,17.89,17.61,17.82,12221439,217724928.00
2016/04/07,17.91,17.95,17.33,17.33,14010656,246502000.00
2016/04/08,17.21,17.24,16.75,17.01,12156117,207174016.00
2016/04/11,17.13,17.53,17.13,17.32,10415513,181631936.00
2016/04/12,17.36,17.68,16.93,17.51,15840813,276058688.00
2016/04/13,17.51,18.10,17.45,17.76,26099259,467635168.00
2016/04/14,17.90,18.04,17.56,17.84,14808241,264393920.00
2016/04/15,17.78,17.88,17.49,17.64,12391038,219408224.00
2016/04/18,18.11,19.16,18.11,18.57,45137982,843224704.00
2016/04/19,18.38,18.91,18.33,18.48,23803008,443938240.00
2016/04/20,18.55,18.63,16.93,17.34,27084506,480614304.00
2016/04/21,17.43,17.62,17.11,17.22,13449859,234564720.00
2016/04/22,17.14,17.42,16.94,17.39,11301888,194896864.00
2016/04/25,17.39,17.39,16.83,17.05,7981894,136470592.00
2016/04/26,17.06,17.43,17.01,17.42,9255905,159871728.00
2016/04/27,17.34,17.57,17.25,17.30,9699862,169376592.00
2016/04/28,17.41,17.51,16.90,17.23,9735562,168125984.00
2016/04/29,17.09,17.49,16.95,17.29,9251736,160195712.00
2016/05/03,17.38,18.41,17.24,18.18,23663087,429202592.00
2016/05/04,18.18,18.53,18.09,18.13,18081637,332176128.00
2016/05/05,18.06,18.77,17.92,18.55,18166357,335541312.00
2016/05/06,18.59,18.70,17.65,17.76,16386626,298128992.00
2016/05/09,17.56,18.22,17.28,17.54,13995667,249461168.00
2016/05/10,17.45,17.87,17.45,17.71,8068275,143263008.00
2016/05/11,17.93,18.01,17.23,17.34,11347259,199757296.00
2016/05/12,17.01,17.02,16.44,16.66,11640353,194549248.00
2016/05/13,16.58,16.78,15.98,16.08,13018327,213662768.00
2016/05/16,16.08,16.31,16.00,16.29,9793854,159160448.00
2016/05/17,16.33,16.45,15.99,16.35,8768421,142878416.00
2016/05/18,16.18,16.21,15.73,15.92,7992834,128207016.00
2016/05/19,16.06,16.37,15.92,15.99,8443044,136811264.00
2016/05/20,15.87,16.05,15.63,16.03,7379099,117824528.00
2016/05/23,16.05,16.35,16.03,16.26,8074543,131536568.00
2016/05/24,16.13,16.22,15.89,15.99,8230985,132420800.00
2016/05/25,16.20,16.38,15.96,16.03,7467236,121302056.00
2016/05/26,16.09,16.41,15.99,16.38,11211797,182669504.00
2016/05/27,16.45,16.73,16.33,16.47,14392496,239349504.00
2016/05/30,16.33,16.34,15.97,16.14,7646217,124226392.00
2016/05/31,16.22,16.93,16.14,16.92,16211599,270526528.00
2016/06/01,16.99,17.06,16.79,16.92,13814187,234826928.00
2016/06/02,16.85,17.42,16.76,17.12,13629698,234202240.00
2016/06/03,17.09,17.32,16.87,17.09,10720471,183390704.00
2016/06/06,17.10,17.35,16.92,17.10,10362521,177947712.00
2016/06/07,17.09,17.34,16.92,17.20,12267361,211304352.00
2016/06/08,17.21,17.35,17.03,17.09,7466597,128564408.00
2016/06/13,16.88,16.88,15.83,15.86,14161414,233503152.00
2016/06/14,15.74,15.97,15.43,15.73,11993503,188787104.00
2016/06/15,15.61,16.24,15.44,16.12,12368530,198635424.00
2016/06/16,16.13,16.17,15.77,15.87,10287986,164335968.00
2016/06/17,15.92,16.38,15.91,16.33,14741632,238577952.00
2016/06/20,16.23,16.57,16.16,16.28,15335869,251925360.00
2016/06/21,16.40,16.48,15.98,16.06,8668660,141421536.00
2016/06/22,15.99,16.41,15.92,16.37,13389807,216696640.00
2016/06/23,16.31,16.47,16.07,16.20,10820567,177114800.00
2016/06/24,16.21,16.40,15.53,16.03,12260101,197509968.00
2016/06/27,15.92,16.37,15.88,16.32,11477209,186750336.00
2016/06/28,16.23,16.64,16.15,16.54,16999859,280276096.00
2016/06/29,16.67,16.77,16.48,16.56,11169943,185872080.00
2016/06/30,16.60,16.62,16.46,16.54,10434288,173271152.00
2016/07/01,16.63,16.76,16.49,16.50,11149232,186021856.00
2016/07/04,16.43,16.87,16.33,16.81,13501503,226393056.00
2016/07/05,16.82,16.99,16.64,16.91,14221372,239887888.00
2016/07/06,16.80,18.61,16.68,18.61,50118378,904385216.00
2016/07/07,19.03,19.18,18.11,18.66,59333194,1111309568.00
2016/07/08,18.40,18.53,17.98,18.01,30391281,554882176.00
2016/07/11,18.13,18.41,17.93,18.03,21590351,393762176.00
2016/07/12,18.04,18.32,17.75,18.28,19956105,362650016.00
2016/07/13,18.23,18.89,18.21,18.75,30135461,562574592.00
2016/07/14,18.81,20.18,18.51,19.41,40748078,785335680.00
2016/07/15,19.33,21.36,19.31,20.91,60287191,1240772480.00
2016/07/18,20.70,20.81,20.22,20.56,31147473,640711104.00
2016/07/19,20.48,21.75,20.28,20.61,43225327,912777344.00
2016/07/20,20.47,20.57,19.85,20.44,24472982,497252608.00
2016/07/21,20.38,21.02,20.17,20.53,21570362,446740192.00
2016/07/22,21.09,21.73,20.73,21.02,32612088,694110720.00
2016/07/25,20.75,21.31,20.61,20.84,15949469,335244064.00
2016/07/26,20.73,21.20,20.51,21.14,16360933,342390080.00
2016/07/27,21.10,21.19,19.26,19.46,35022859,704328064.00
2016/07/28,19.66,20.38,19.44,19.99,19242801,385841568.00
2016/07/29,19.92,19.92,19.45,19.63,10700898,210683104.00
2016/08/01,19.66,19.91,19.20,19.77,14590310,287542816.00
2016/08/02,19.83,19.89,19.48,19.79,9241915,182460976.00
2016/08/03,19.83,20.18,19.68,19.97,11474407,230091456.00
2016/08/04,19.97,20.19,19.51,20.07,11697032,232570224.00
2016/08/05,19.85,21.98,19.73,21.20,32585001,686457472.00
2016/08/08,21.00,21.70,20.60,21.45,18482941,392001600.00
2016/08/09,21.42,21.61,21.08,21.50,14310385,305534656.00
2016/08/10,21.40,21.51,21.07,21.14,11601499,246395008.00
2016/08/11,21.41,21.85,20.85,20.97,18317459,393350368.00
2016/08/12,21.30,21.54,20.60,20.92,19521353,412219264.00
2016/08/15,20.80,21.37,20.35,21.13,22514572,471298336.00
2016/08/16,21.03,22.13,20.93,21.39,24324526,525215488.00
2016/08/17,21.40,21.41,20.76,21.10,12083401,254362496.00
2016/08/18,20.95,21.29,20.70,20.74,11763145,245892496.00
2016/08/19,20.83,21.09,20.69,20.77,8364532,174723584.00
2016/08/22,20.80,20.96,20.57,20.62,6088988,126362608.00
2016/08/23,20.81,20.82,19.80,20.20,9785701,199457424.00
2016/08/24,20.18,20.18,19.79,20.00,12457109,248509424.00
2016/08/25,19.94,20.16,19.48,20.11,9648459,190779680.00
2016/08/26,20.12,20.20,19.85,19.91,7915036,158743792.00
2016/08/29,19.95,20.13,19.83,19.89,4497604,89720256.00
2016/08/30,19.46,19.76,19.38,19.68,8901886,174034784.00
2016/08/31,19.59,19.95,19.50,19.90,5735965,113627960.00
2016/09/01,19.82,19.97,19.66,19.68,3482489,69036064.00
2016/09/02,19.67,19.85,19.50,19.80,4766171,93922728.00
2016/09/05,19.80,19.95,19.43,19.50,5527625,108480912.00
2016/09/06,19.58,19.88,19.42,19.70,6700494,131869008.00
2016/09/07,19.66,20.24,19.66,19.93,10146326,202624864.00
2016/09/08,19.95,20.00,19.78,19.82,4173136,82826320.00
2016/09/09,19.87,19.90,19.55,19.58,4792058,94130032.00
2016/09/12,19.25,19.28,18.40,18.56,14061526,264150000.00
2016/09/13,18.58,18.68,18.42,18.48,3631177,67317760.00
2016/09/14,18.48,18.54,18.27,18.30,5002170,91820056.00
2016/09/19,18.30,18.77,18.30,18.56,5442129,101084560.00
2016/09/20,18.58,18.91,18.37,18.81,5399335,100622944.00
2016/09/21,18.80,19.03,18.70,18.96,6763323,127800568.00
2016/09/22,19.03,19.18,18.77,18.83,6362540,120928584.00
2016/09/23,18.87,18.97,18.30,18.35,8560206,158224064.00
2016/09/26,18.39,18.56,18.30,18.44,7198016,132708584.00
2016/09/27,18.40,18.63,18.14,18.59,6573032,121136312.00
2016/09/28,18.68,18.68,18.40,18.43,3698656,68299960.00
2016/09/29,18.38,18.85,18.38,18.72,6087139,113906416.00
2016/09/30,18.66,18.86,18.62,18.85,4347679,81759248.00
2016/10/10,19.10,20.17,19.09,19.79,16675070,328208128.00
2016/10/11,19.79,19.95,19.62,19.85,7047380,139559728.00
2016/10/12,19.79,19.79,19.43,19.66,11402352,223673408.00
2016/10/13,19.60,19.91,19.52,19.89,9119313,180233888.00
2016/10/14,19.85,19.85,19.49,19.68,5443407,106834264.00
2016/10/17,19.79,20.84,19.63,20.51,25926873,528157440.00
2016/10/18,20.35,20.56,20.10,20.51,12490713,254169968.00
2016/10/19,20.36,20.75,20.25,20.42,9092792,186248944.00
2016/10/20,20.49,20.85,20.32,20.65,9853835,203545216.00
2016/10/21,20.80,21.10,20.05,20.26,13092279,266558928.00
2016/10/24,20.35,20.43,19.92,20.08,10480658,210270256.00
2016/10/25,20.10,20.18,19.87,20.10,7431138,149094400.00
2016/10/26,20.07,20.30,19.70,20.19,10917571,218534608.00
2016/10/27,20.06,20.45,19.75,20.29,9091358,182976848.00
2016/10/28,20.12,20.36,19.82,19.84,5929732,118981168.00
2016/10/31,19.74,19.74,19.32,19.37,8370598,162756256.00
2016/11/01,19.50,19.50,18.98,19.26,12542872,240179552.00
2016/11/02,19.20,19.27,19.04,19.17,6179547,118307600.00
2016/11/03,19.18,19.42,18.98,19.20,9070669,174494816.00
2016/11/04,19.12,19.55,19.08,19.22,6563376,126583192.00
2016/11/07,19.22,19.35,19.00,19.29,6196042,118602296.00
2016/11/08,19.38,19.39,19.09,19.16,8436988,161751792.00
2016/11/09,19.18,19.22,18.48,18.85,8945828,168797632.00
2016/11/10,18.98,19.09,18.94,19.04,6052640,115152896.00
2016/11/11,19.09,19.13,18.93,19.12,7379054,140588528.00
2016/11/14,19.19,19.85,18.99,19.65,20218695,390701888.00
2016/11/15,19.50,19.58,19.27,19.45,12294002,238482272.00
2016/11/16,19.48,20.24,19.42,19.91,21143841,419944320.00
2016/11/17,19.63,19.86,19.61,19.67,10044462,197893888.00
2016/11/18,19.61,19.67,19.05,19.18,8935099,173075904.00
2016/11/21,19.32,19.32,19.01,19.11,7331631,140312896.00
2016/11/22,19.10,19.87,18.99,19.54,18077966,350080768.00
2016/11/23,19.35,19.53,19.12,19.14,10759256,206733584.00
2016/11/24,19.14,19.19,18.80,18.86,10380142,196796672.00
2016/11/25,18.71,19.06,18.71,19.02,5969144,113021520.00
2016/11/28,18.98,19.15,18.89,19.05,6148187,116798152.00
2016/11/29,19.08,19.30,18.96,19.01,7912241,151421184.00
2016/11/30,19.09,19.22,18.85,18.95,6646083,126598624.00
2016/12/01,18.98,19.44,18.80,19.15,10475568,199846512.00
2016/12/02,19.14,19.22,18.90,18.93,5269097,100234656.00
2016/12/05,18.81,18.94,18.64,18.67,4389238,82408976.00
2016/12/06,18.68,19.08,18.61,18.89,4909608,92447896.00
2016/12/07,18.87,19.16,18.75,19.11,5380170,102654440.00
2016/12/08,19.11,19.45,19.07,19.13,9235742,178162000.00
2016/12/09,19.14,19.54,19.03,19.44,12373000,239654704.00
2016/12/12,19.40,19.40,18.30,18.51,10124600,191454384.00
2016/12/13,18.39,18.47,18.00,18.34,4773094,87006000.00
2016/12/14,18.29,18.36,17.80,17.85,6491349,116789880.00
2016/12/15,17.65,18.05,17.58,17.68,6798530,120786568.00
2016/12/16,17.70,18.16,17.65,18.02,9011037,161189632.00
2016/12/19,17.89,18.02,17.77,17.84,4118067,73620624.00
2016/12/20,17.88,17.95,17.72,17.86,3722470,66400524.00
2016/12/21,17.87,18.10,17.87,17.96,3874434,69648528.00
2016/12/22,18.00,18.24,17.84,18.17,5321275,96075632.00
2016/12/23,17.97,18.09,17.67,17.80,5320176,94972000.00
2016/12/26,17.78,17.95,17.60,17.95,3828298,68075512.00
2016/12/27,17.87,18.01,17.85,17.94,2876064,51573784.00
2016/12/28,17.94,17.95,17.70,17.75,2610134,46499312.00
2016/12/29,17.80,17.83,17.61,17.66,3226802,57153084.00
2016/12/30,17.66,17.81,17.55,17.66,2865858,50614124.00
2017/01/03,17.67,18.02,17.67,17.88,4141448,74085576.00
2017/01/04,17.99,17.99,17.80,17.94,4631179,82882968.00
2017/01/05,17.93,17.96,17.80,17.94,3586164,64156144.00
2017/01/06,17.95,17.98,17.67,17.71,4045897,71943760.00
2017/01/09,17.69,17.93,17.62,17.76,4474010,79423920.00
2017/01/10,17.80,17.94,17.74,17.79,3618753,64517124.00
2017/01/11,17.80,17.93,17.58,17.59,4540748,80399616.00
2017/01/12,17.58,17.65,16.50,16.63,13234335,224580752.00
2017/01/13,16.62,16.62,15.90,16.09,10997042,177768576.00
2017/01/16,16.00,16.09,14.90,15.57,9345963,145632544.00
2017/01/17,15.58,15.81,15.31,15.79,5066150,79155744.00
2017/01/18,15.74,15.74,15.49,15.56,3362831,52468360.00
2017/01/19,15.56,16.18,15.49,15.65,7286104,114826584.00
2017/01/20,15.50,15.89,15.47,15.77,4909553,77339192.00
2017/01/23,15.79,16.02,15.79,15.98,4937839,78507624.00
2017/01/24,15.97,15.97,15.45,15.57,7889819,123433992.00
2017/01/25,15.52,15.71,15.49,15.57,5301932,82676080.00
2017/01/26,15.56,15.71,15.50,15.63,4083684,63781196.00
2017/02/03,15.66,15.71,15.52,15.67,2933285,45867464.00
2017/02/06,15.69,16.03,15.68,16.00,6196400,98309704.00
2017/02/07,15.96,16.28,15.87,16.08,7101974,114112568.00
2017/02/08,16.30,16.79,16.20,16.56,14958996,247200896.00
2017/02/09,16.42,16.56,16.36,16.49,7599497,125079776.00
2017/02/10,16.47,16.71,16.38,16.44,6224201,102550192.00
2017/02/13,16.45,16.53,16.24,16.50,4805506,78876552.00
2017/02/14,16.50,16.50,16.28,16.34,5451852,89255848.00
2017/02/15,16.26,16.26,16.06,16.10,6972478,112624888.00
2017/02/16,16.12,16.23,16.10,16.16,3603003,58214168.00
2017/02/17,16.20,16.28,16.08,16.09,4976878,80370360.00
2017/02/20,16.17,16.65,16.08,16.48,13551626,221488048.00
2017/02/21,16.40,16.85,16.33,16.74,13851151,229202880.00
2017/02/22,16.77,16.79,16.57,16.63,7856594,130854712.00
2017/02/23,16.63,16.75,16.56,16.66,6214959,103431640.00
2017/02/24,16.65,16.92,16.56,16.80,9507742,159617376.00
2017/02/27,16.82,17.26,16.73,16.92,12166750,207198096.00
2017/02/28,16.95,17.25,16.80,17.12,12018505,205449104.00
2017/03/01,17.02,17.25,16.93,16.97,9460430,161512464.00
2017/03/02,17.07,17.10,16.67,16.72,9070203,153002336.00
2017/03/03,16.62,16.80,16.55,16.76,5432022,90558784.00
2017/03/06,16.72,16.89,16.65,16.86,5070045,85105040.00
2017/03/07,16.85,16.87,16.70,16.77,4488324,75221832.00
2017/03/08,16.82,16.85,16.60,16.64,4281335,71587888.00
2017/03/09,16.54,16.69,16.43,16.47,5187274,85721776.00
2017/03/10,16.50,16.58,16.31,16.35,5095193,83803128.00
2017/03/13,16.35,16.41,16.13,16.36,6262072,101725520.00
2017/03/14,16.36,16.40,16.23,16.29,4218782,68789224.00
2017/03/15,16.29,16.46,16.27,16.35,4515968,73951104.00
2017/03/16,16.35,16.57,16.33,16.47,6341934,104522632.00
2017/03/17,16.50,16.54,16.20,16.25,6841518,112042152.00
2017/03/20,16.26,16.35,16.19,16.32,3849445,62621876.00
2017/03/21,16.33,16.34,16.12,16.22,4650218,75400192.00
2017/03/22,16.13,16.26,16.01,16.05,4820396,77689312.00
2017/03/23,16.03,16.15,15.84,15.98,5240647,83812952.00
2017/03/24,15.96,16.43,15.96,16.30,7905852,128736008.00
2017/03/27,16.30,16.78,16.20,16.62,12415571,205117600.00
2017/03/28,16.56,16.81,16.33,16.47,7803418,129377560.00
2017/03/29,16.43,16.70,16.41,16.44,7752233,128457272.00
2017/03/30,16.36,16.70,16.19,16.49,9934965,163666176.00
2017/03/31,16.50,16.64,16.34,16.63,7985524,131747520.00
2017/04/05,16.50,17.06,16.46,16.95,13317778,224528512.00
2017/04/06,16.99,17.12,16.82,16.84,11292857,191442000.00
2017/04/07,16.87,17.11,16.66,17.06,15212150,257288480.00
2017/04/10,16.90,16.95,16.53,16.58,9682600,162047888.00
2017/04/11,16.58,16.82,16.33,16.64,9027304,149697104.00
2017/04/12,16.75,16.82,16.50,16.53,7587073,126528840.00
2017/04/13,16.46,16.51,16.25,16.35,7070855,115711088.00
2017/04/14,16.35,16.37,16.05,16.07,7143230,115479248.00
2017/04/17,16.10,16.18,15.67,15.74,6555039,104311056.00
2017/04/18,15.77,15.96,15.74,15.77,3564123,56479360.00
2017/04/19,15.77,15.88,15.55,15.68,4786257,75027760.00
2017/04/20,15.58,15.79,15.58,15.79,3562328,55897304.00
2017/04/21,15.81,15.85,15.66,15.71,3082685,48522104.00
2017/04/24,15.71,15.71,14.90,14.99,6428603,97816736.00
2017/04/25,14.92,15.20,14.80,14.96,7858089,117536136.00
2017/04/26,14.94,15.03,14.70,14.72,6640917,98428984.00
2017/04/27,14.73,14.88,14.38,14.86,5933261,86855672.00
2017/04/28,14.66,14.99,14.65,14.86,3515281,52153840.00
2017/05/02,14.90,14.90,14.69,14.71,3119911,46074196.00
2017/05/03,14.90,15.04,14.73,14.88,5159855,76748736.00
2017/05/04,14.80,14.84,14.40,14.46,6574210,96168712.00
2017/05/05,14.35,14.45,14.09,14.11,7457617,106441768.00
2017/05/08,14.11,14.45,14.03,14.07,5304703,75361544.00
2017/05/09,14.00,14.22,13.93,14.16,3838619,54038380.00
2017/05/10,14.13,14.27,13.92,13.96,3724083,52483024.00
2017/05/11,13.90,13.99,13.15,13.54,5729302,77850928.00
2017/05/12,13.56,13.68,13.40,13.45,3249514,43846384.00
2017/05/15,13.56,13.62,13.46,13.52,2193154,29680860.00
2017/05/16,13.56,13.79,13.32,13.77,4725804,64019524.00
2017/05/17,13.76,14.32,13.64,13.95,5845381,81812384.00
2017/05/18,13.88,13.99,13.75,13.85,3747025,52003968.00
2017/05/19,13.80,13.91,13.65,13.75,3136472,43143012.00
2017/05/22,13.75,13.79,13.25,13.30,4404854,59513992.00
2017/05/23,13.23,13.41,13.01,13.04,5378454,70999872.00
2017/05/24,13.04,13.20,12.89,13.15,3760379,49188928.00
2017/05/25,13.17,13.45,13.05,13.32,4840674,64097228.00
2017/05/26,13.33,13.39,13.26,13.32,3249100,43279696.00
2017/05/31,13.50,13.52,13.27,13.27,3172089,42423328.00
2017/06/01,13.25,13.27,12.76,12.79,4584430,59848396.00
2017/06/02,12.81,13.01,12.70,12.92,4436500,57047336.00
2017/06/05,12.93,13.13,12.90,13.00,4079092,53123824.00
2017/06/06,12.95,13.18,12.95,13.10,3653526,47752204.00
2017/06/07,13.11,13.41,13.08,13.35,5523306,73226008.00
2017/06/08,13.39,13.42,13.25,13.28,4275451,56935112.00
2017/06/09,13.29,13.34,13.18,13.27,5502737,72985256.00
2017/06/12,13.16,13.25,12.88,12.90,5790250,75719264.00
2017/06/13,12.90,13.24,12.90,13.19,4291220,56280520.00
2017/06/14,13.19,13.24,13.10,13.22,4906688,64608424.00
2017/06/15,13.21,13.57,13.16,13.39,6680184,89421384.00
2017/06/16,13.35,13.44,13.27,13.34,4185010,55804904.00
2017/06/19,13.33,13.62,13.28,13.49,5148546,69406736.00
2017/06/20,13.42,13.50,13.36,13.40,4643385,62361728.00
2017/06/21,13.46,13.50,13.30,13.39,3165203,42345476.00
2017/06/22,13.45,13.60,13.21,13.22,4540276,60832088.00
2017/06/23,13.23,13.33,12.98,13.13,4110608,53921384.00
2017/06/26,13.17,13.30,13.11,13.29,3154120,41660264.00
2017/06/27,13.29,13.34,13.19,13.30,4799573,63705648.00
2017/06/28,13.29,13.30,13.13,13.13,3259952,42978512.00
2017/06/29,13.17,13.23,13.11,13.19,3868362,50894624.00
2017/06/30,13.10,13.20,13.02,13.17,3807157,49795556.00
2017/07/03,13.09,13.22,13.09,13.21,2981421,39236736.00
2017/07/04,13.17,13.23,13.11,13.14,3032300,39915220.00
2017/07/05,13.15,13.88,13.15,13.68,16064791,217084768.00
2017/07/06,13.62,13.68,13.45,13.47,7899167,106759328.00
2017/07/07,13.41,13.54,13.40,13.49,5200172,70027272.00
2017/07/10,13.43,13.50,13.33,13.40,4942482,66296984.00
2017/07/11,13.40,13.49,13.21,13.26,5761592,77050440.00
2017/07/12,13.20,13.30,12.95,13.06,5974539,78159984.00
2017/07/13,13.07,13.37,13.07,13.11,4748690,62593952.00
2017/07/14,13.13,13.68,13.12,13.54,15065167,203415360.00
2017/07/17,13.40,13.60,13.00,13.04,11255104,148870448.00
2017/07/18,13.02,13.57,12.88,13.54,9492091,126237056.00
2017/07/19,13.46,13.79,13.37,13.74,12304379,167799152.00
2017/07/20,13.74,14.06,13.64,13.68,11336896,156661568.00
2017/07/21,13.69,13.93,13.63,13.70,7072215,97260032.00
2017/07/24,13.72,13.94,13.67,13.85,7380404,101814424.00
2017/07/25,13.79,13.88,13.52,13.67,5858580,79973240.00
2017/07/26,13.66,13.72,13.29,13.38,9246111,124347688.00
2017/07/27,13.30,14.02,13.28,13.98,16293148,224236512.00
2017/07/28,13.89,13.91,13.71,13.74,7726500,106633440.00
2017/08/02,13.65,13.65,13.65,13.65,0,0.00
数据来源:通达信
