600507 方大特钢 日线 前复权
      日期	    开盘	    最高	    最低	    收盘	    成交量	    成交额
2010/10/08,3.21,3.32,3.06,3.25,14595418,150144016.00
2010/10/11,3.30,3.79,3.20,3.74,21768123,238687344.00
2010/10/12,3.69,3.78,3.50,3.66,17170631,190407888.00
2010/10/13,3.70,3.99,3.70,3.73,23860321,273620000.00
2010/10/14,3.79,4.01,3.71,3.95,27222326,165320592.00
2010/10/15,3.72,3.90,3.34,3.85,46828845,276899680.00
2010/10/18,3.88,4.39,3.69,3.91,66152738,417469312.00
2010/10/19,3.91,4.21,3.67,4.15,38647342,237424608.00
2010/10/20,4.13,4.19,3.77,3.99,39176309,243114768.00
2010/10/21,4.02,4.05,3.77,3.89,27623816,168729488.00
2010/10/22,3.94,3.97,3.75,3.77,29389832,178403312.00
2010/10/25,3.79,3.84,3.69,3.81,26188011,156984880.00
2010/10/26,3.84,4.02,3.84,3.92,23650704,145189760.00
2010/10/27,3.94,4.07,3.80,3.91,28783745,176650080.00
2010/10/28,3.94,3.96,3.77,3.83,19518702,117836384.00
2010/10/29,3.81,3.93,3.69,3.92,21501898,129072192.00
2010/11/01,3.92,4.09,3.88,4.06,44218758,274849216.00
2010/11/02,4.07,4.26,3.96,4.17,40950202,258964240.00
2010/11/03,4.35,4.81,4.35,4.81,40097976,276205536.00
2010/11/04,5.38,5.38,4.82,4.98,88326405,641200768.00
2010/11/05,5.00,5.01,4.70,4.89,44202649,312089440.00
2010/11/09,4.89,4.89,4.67,4.74,30411199,210844400.00
2010/11/10,4.73,5.14,4.48,5.09,50457813,354221120.00
2010/11/11,4.99,5.79,4.83,5.24,72977489,547928256.00
2010/11/12,5.24,5.59,4.83,5.03,51308484,382076352.00
2010/11/15,4.94,5.29,4.90,5.28,29408787,216566352.00
2010/11/16,5.21,5.47,4.88,4.94,31515583,231457472.00
2010/11/17,4.86,4.86,4.29,4.34,23796823,161700880.00
2010/11/18,4.34,4.54,4.11,4.41,17616618,114960712.00
2010/11/19,4.46,4.47,4.17,4.45,13006821,84918864.00
2010/11/22,4.38,4.77,4.24,4.70,17985855,122117680.00
2010/11/23,4.71,4.73,4.34,4.48,11475547,76826736.00
2010/11/24,4.39,4.62,4.29,4.61,9564399,64269324.00
2010/11/25,4.61,4.77,4.56,4.69,13306546,91648840.00
2010/11/26,4.73,4.73,4.52,4.66,10058395,68522768.00
2010/11/29,4.64,4.64,4.47,4.51,8198004,55242692.00
2010/11/30,4.49,4.49,4.08,4.21,13629185,88218808.00
2010/12/01,4.20,4.29,4.16,4.22,4768219,30691592.00
2010/12/02,4.34,4.34,4.19,4.20,7196330,46448136.00
2010/12/03,4.19,4.24,4.09,4.13,7393079,46934012.00
2010/12/06,4.13,4.21,3.89,3.95,10081721,62512848.00
2010/12/07,3.89,4.09,3.83,4.06,6229811,38428660.00
2010/12/08,4.04,4.21,3.97,4.08,6263865,39564488.00
2010/12/09,4.07,4.21,3.91,4.04,7528592,47564480.00
2010/12/10,4.09,4.29,4.09,4.20,9369861,59997540.00
2010/12/13,4.12,4.29,4.12,4.27,12797199,82459440.00
2010/12/14,4.37,4.41,4.25,4.29,10286420,67117072.00
2010/12/15,4.29,4.29,4.18,4.21,7920646,50924160.00
2010/12/16,4.19,4.23,4.09,4.11,7386764,46920432.00
2010/12/17,4.13,4.23,4.06,4.16,6601937,41971408.00
2010/12/20,4.28,4.28,3.89,4.05,9150021,57828880.00
2010/12/21,4.04,4.12,4.00,4.10,5487626,34442524.00
2010/12/22,4.12,4.73,4.11,4.73,35016983,238148800.00
2010/12/23,4.64,4.74,4.43,4.58,33714434,228065616.00
2010/12/24,4.50,4.51,4.08,4.23,19460817,126556248.00
2010/12/27,4.25,4.46,4.07,4.15,13383542,87269632.00
2010/12/28,4.15,4.24,3.94,4.00,9065954,56634056.00
2010/12/29,4.05,4.09,3.94,4.04,6365326,39561304.00
2010/12/30,4.01,4.09,3.94,4.04,5448380,33933532.00
2010/12/31,4.07,4.33,4.04,4.25,10596513,68259504.00
2011/01/04,4.90,4.90,4.37,4.44,29591587,202240192.00
2011/01/05,4.37,4.37,4.14,4.24,26165667,167793248.00
2011/01/06,4.20,4.27,4.15,4.21,10043874,64462032.00
2011/01/07,4.21,4.36,4.17,4.31,11522865,74817264.00
2011/01/10,4.27,4.29,4.09,4.18,10603486,67690344.00
2011/01/11,4.28,4.46,4.10,4.35,18800899,122175728.00
2011/01/12,4.31,4.54,4.28,4.51,22782269,151669744.00
2011/01/13,4.51,4.51,4.35,4.39,12025071,79654288.00
2011/01/14,4.34,4.34,4.12,4.21,10956602,70301128.00
2011/01/17,4.16,4.17,3.95,3.96,9138699,57177792.00
2011/01/18,3.96,4.06,3.84,4.02,5066017,31248860.00
2011/01/20,4.18,4.23,3.84,3.87,14615113,90839984.00
2011/01/21,3.79,4.06,3.79,4.02,9006349,55591408.00
2011/01/24,4.14,4.33,4.05,4.06,10221482,65241128.00
2011/01/25,3.99,4.16,3.85,3.91,9648251,59587388.00
2011/01/26,3.89,4.04,3.86,4.01,6505201,40071488.00
2011/01/27,3.98,4.08,3.90,4.05,7182091,44721248.00
2011/01/28,4.04,4.24,3.99,4.20,10476530,66462488.00
2011/01/31,4.19,4.23,4.10,4.19,7610214,48610288.00
2011/02/01,4.19,4.20,4.11,4.17,5508035,35064456.00
2011/02/09,4.09,4.16,4.04,4.09,6505291,41005712.00
2011/02/10,4.08,4.22,4.01,4.22,9917391,63012440.00
2011/02/11,4.19,4.52,4.17,4.45,24051196,158504800.00
2011/02/14,4.45,4.87,4.41,4.76,37274608,256424064.00
2011/02/15,4.74,5.06,4.65,4.67,33467877,235907664.00
2011/02/16,4.87,5.36,4.84,5.04,46070503,336648576.00
2011/02/17,5.05,5.09,4.85,4.96,27810958,199187344.00
2011/02/18,4.94,4.95,4.74,4.82,19248301,135520528.00
2011/02/21,4.74,4.94,4.70,4.93,14858131,105275072.00
2011/02/22,4.97,5.02,4.67,4.69,18455321,129396248.00
2011/02/23,4.65,4.74,4.61,4.72,11899777,81966960.00
2011/02/24,4.67,4.73,4.59,4.70,8977587,61706296.00
2011/02/25,4.70,4.72,4.59,4.71,7884263,54205180.00
2011/02/28,4.68,4.82,4.60,4.82,9747859,67836464.00
2011/03/01,4.82,5.02,4.80,4.91,16512334,118075904.00
2011/03/02,4.91,4.92,4.74,4.84,9532030,66977776.00
2011/03/03,4.89,4.90,4.69,4.70,8082043,56564476.00
2011/03/04,4.67,4.88,4.67,4.81,6922405,48470336.00
2011/03/07,4.79,5.01,4.79,4.97,18884178,133961760.00
2011/03/09,4.97,5.01,4.77,4.84,16007592,112814936.00
2011/03/10,4.82,4.82,4.68,4.70,10385097,71896784.00
2011/03/11,4.67,4.87,4.61,4.85,13933292,96776504.00
2011/03/14,4.85,4.99,4.80,4.89,27929000,198566512.00
2011/03/15,4.89,4.89,4.62,4.85,15352058,106699552.00
2011/03/16,4.91,4.99,4.83,4.95,22987417,163963616.00
2011/03/17,4.88,4.89,4.74,4.77,12245111,85962024.00
2011/03/18,4.77,4.85,4.72,4.76,7547600,52683404.00
2011/03/21,4.75,4.75,4.65,4.72,7190829,49592456.00
2011/03/22,4.72,4.72,4.51,4.66,7423236,50685104.00
2011/03/23,4.66,4.84,4.66,4.76,6662003,46481064.00
2011/03/24,4.70,4.75,4.64,4.68,7122176,49107076.00
2011/03/25,4.68,4.84,4.63,4.76,9838283,68242192.00
2011/03/28,4.77,4.92,4.73,4.87,20753490,146158096.00
2011/03/29,4.94,5.28,4.89,4.96,38997967,283985504.00
2011/03/30,4.99,4.99,4.72,4.76,17200185,120516200.00
2011/03/31,4.75,4.75,4.60,4.64,10423940,71622216.00
2011/04/01,4.64,4.78,4.62,4.75,6763996,46790640.00
2011/04/06,4.71,4.84,4.66,4.76,7520664,52263160.00
2011/04/07,4.79,4.90,4.79,4.84,10493613,74022056.00
2011/04/11,4.99,5.07,4.84,4.85,22880046,163885760.00
2011/04/13,5.02,5.30,4.97,5.08,43267959,317579392.00
2011/04/14,5.08,5.38,4.96,5.35,48407971,360953312.00
2011/04/15,5.29,5.69,5.23,5.40,44820079,344404928.00
2011/04/18,5.29,5.37,5.09,5.20,29543649,219088080.00
2011/04/19,5.14,5.48,5.02,5.18,27014051,202152768.00
2011/04/20,5.09,5.22,5.02,5.05,18506621,135123216.00
2011/04/21,5.02,5.39,5.02,5.33,30387862,227871488.00
2011/04/22,5.29,5.35,5.05,5.18,19960523,147412512.00
2011/04/25,5.13,5.13,4.88,4.89,13257153,94963112.00
2011/04/26,4.86,4.88,4.64,4.66,11456045,79480352.00
2011/04/27,4.66,4.76,4.54,4.63,7125494,48918312.00
2011/04/28,4.61,4.66,4.37,4.39,8392882,56226000.00
2011/04/29,4.37,4.56,4.37,4.55,4348854,29002972.00
2011/05/03,4.56,4.63,4.44,4.60,7459659,50378848.00
2011/05/04,4.57,4.57,4.26,4.29,9334675,61555936.00
2011/05/05,4.25,4.45,4.11,4.35,10597493,68866768.00
2011/05/06,4.21,4.50,4.14,4.35,8938896,58896452.00
2011/05/09,4.36,4.47,4.24,4.32,6180734,40355032.00
2011/05/10,4.32,4.34,4.17,4.23,8529476,54953672.00
2011/05/11,4.22,4.24,4.09,4.19,7432999,47401300.00
2011/05/12,4.14,4.20,4.09,4.12,6373815,40443528.00
2011/05/13,4.10,4.18,4.04,4.15,5949800,37606236.00
2011/05/16,4.14,4.19,4.10,4.11,3947858,25034888.00
2011/05/17,4.09,4.11,3.92,4.04,5693368,35454960.00
2011/05/18,4.04,4.13,3.97,4.08,3389373,21308328.00
2011/05/19,4.11,4.17,4.06,4.11,3569076,22598248.00
2011/05/20,4.11,4.12,4.05,4.06,2530850,15907926.00
2011/05/23,4.06,4.07,3.79,3.79,6118857,37443840.00
2011/05/24,3.74,4.04,3.64,3.95,7219890,43794960.00
2011/05/25,3.97,3.99,3.78,3.84,3317029,20210768.00
2011/05/26,3.87,3.93,3.77,3.79,3196258,19245794.00
2011/05/30,3.67,3.68,3.45,3.49,6192289,35567296.00
2011/05/31,3.49,3.61,3.44,3.57,3106409,17788876.00
2011/06/01,3.58,3.60,3.49,3.53,3548472,20359884.00
2011/06/02,3.48,3.58,3.45,3.51,4456809,25479830.00
2011/06/03,3.50,3.59,3.47,3.57,3591418,20664272.00
2011/06/07,3.58,3.62,3.53,3.60,3558006,20571178.00
2011/06/08,3.60,3.60,3.44,3.54,4582478,26186464.00
2011/06/09,3.49,3.54,3.41,3.44,3446181,19605552.00
2011/06/10,3.43,3.54,3.42,3.47,3324649,18873956.00
2011/06/13,3.47,3.47,3.39,3.44,2051863,11563412.00
2011/06/14,3.40,3.54,3.40,3.54,3835926,21901068.00
2011/06/15,3.53,3.69,3.50,3.53,4667605,27099556.00
2011/06/16,3.53,3.53,3.40,3.44,2732605,15440158.00
2011/06/17,3.43,3.46,3.37,3.38,2407969,13534368.00
2011/06/20,3.38,3.57,3.34,3.42,3242964,18310832.00
2011/06/21,3.46,3.49,3.29,3.47,2978148,16683688.00
2011/06/22,3.47,3.49,3.35,3.37,2534298,14217715.00
2011/06/23,3.37,3.49,3.30,3.44,5052015,28346040.00
2011/06/24,3.44,3.62,3.39,3.59,9406995,54135960.00
2011/06/27,3.70,3.99,3.70,3.83,17271578,104822176.00
2011/06/28,3.77,3.78,3.70,3.74,7322149,43507388.00
2011/06/29,3.75,3.87,3.67,3.68,5476507,32700072.00
2011/06/30,3.63,3.99,3.60,3.85,6874846,41530464.00
2011/07/01,3.81,3.99,3.69,3.85,7905298,48144712.00
2011/07/04,3.89,4.02,3.85,3.99,12126140,74604968.00
2011/07/05,4.28,4.61,4.28,4.39,37619497,248819984.00
2011/07/06,4.25,4.34,4.18,4.27,17121705,110542912.00
2011/07/07,4.27,4.34,4.19,4.21,10715000,69037152.00
2011/07/08,4.17,4.33,4.04,4.30,14378189,91469376.00
2011/07/11,4.21,4.27,4.14,4.22,6622858,42517784.00
2011/07/12,4.14,4.42,4.11,4.25,13756101,89389464.00
2011/07/13,4.20,4.32,4.17,4.29,10022503,64749976.00
2011/07/14,4.31,4.39,4.22,4.28,8850465,57592952.00
2011/07/15,4.28,4.31,4.14,4.18,12553301,80583912.00
2011/07/18,4.18,4.31,4.18,4.22,6913394,44609740.00
2011/07/19,4.19,4.20,4.06,4.08,5996055,37906496.00
2011/07/20,4.13,4.14,4.02,4.07,4541210,28500060.00
2011/07/21,4.05,4.10,3.91,3.93,5893595,36486640.00
2011/07/22,3.93,3.98,3.91,3.95,3244668,19982986.00
2011/07/25,3.95,3.95,3.65,3.66,6702299,40056840.00
2011/07/26,3.65,3.72,3.62,3.69,3096494,18206808.00
2011/07/27,3.70,3.84,3.63,3.79,4586483,27273012.00
2011/07/28,3.78,4.02,3.70,3.88,10025845,61232632.00
2011/07/29,3.81,3.86,3.66,3.71,7179614,42788344.00
2011/08/01,3.67,3.76,3.65,3.71,3068450,18152182.00
2011/08/02,3.70,3.70,3.51,3.60,4166578,24088320.00
2011/08/03,3.52,3.77,3.51,3.76,5243081,30904060.00
2011/08/04,3.76,3.80,3.71,3.72,3391979,20219154.00
2011/08/05,3.57,3.69,3.49,3.58,3678028,21387512.00
2011/08/08,3.49,3.55,3.01,3.18,6840375,37617176.00
2011/08/09,3.04,3.28,2.91,3.26,6875940,36645668.00
2011/08/10,3.38,3.40,3.25,3.26,7990911,44068200.00
2011/08/11,3.09,3.29,3.06,3.28,5236432,28459340.00
2011/08/12,3.31,3.38,3.31,3.33,4437508,24659834.00
2011/08/15,3.33,3.40,3.27,3.40,5135025,28593238.00
2011/08/16,3.54,3.64,3.44,3.46,7958459,45714640.00
2011/08/17,3.41,3.53,3.39,3.48,4935812,27969032.00
2011/08/18,3.46,3.53,3.37,3.37,4534230,25625996.00
2011/08/19,3.20,3.29,3.16,3.27,3788863,20610672.00
2011/08/22,3.32,3.32,3.19,3.21,2880735,15707207.00
2011/08/23,3.25,3.28,3.18,3.28,2861998,15601376.00
2011/08/24,3.39,3.43,3.27,3.28,4175539,23088602.00
2011/08/25,3.33,3.42,3.25,3.41,5473561,30440264.00
2011/08/26,3.39,3.43,3.34,3.43,3520775,19697704.00
2011/08/29,3.43,3.43,3.31,3.32,2620149,14582660.00
2011/08/30,3.37,3.42,3.25,3.25,2941938,16309974.00
2011/08/31,3.23,3.29,3.20,3.27,1918697,10492031.00
2011/09/01,3.25,3.31,3.22,3.23,1787765,9785938.00
2011/09/02,3.24,3.28,3.17,3.19,1892080,10249674.00
2011/09/05,3.05,3.14,2.98,3.00,3150565,16502812.00
2011/09/06,2.97,3.08,2.96,3.01,1825270,9501338.00
2011/09/07,3.08,3.13,3.01,3.12,3596305,19002516.00
2011/09/09,3.05,3.16,3.04,3.12,4475379,23727064.00
2011/09/13,3.04,3.06,2.94,2.98,2816714,14637583.00
2011/09/14,3.01,3.04,2.93,3.03,3049700,15849171.00
2011/09/15,3.00,3.07,3.00,3.02,2412646,12676124.00
2011/09/16,3.05,3.08,2.99,3.04,3128804,16399709.00
2011/09/19,3.03,3.03,2.89,2.90,2266841,11620726.00
2011/09/20,2.90,2.95,2.86,2.92,2296960,11750814.00
2011/09/21,2.92,3.08,2.87,3.04,4325440,22551496.00
2011/09/22,3.01,3.01,2.86,2.88,3523277,18108684.00
2011/09/23,2.79,2.84,2.69,2.78,4066450,20193986.00
2011/09/26,2.74,2.78,2.67,2.68,3365481,16581933.00
2011/09/27,2.71,2.75,2.68,2.71,2372968,11706421.00
2011/09/28,2.74,2.76,2.60,2.62,2370978,11590164.00
2011/09/29,2.62,2.62,2.42,2.44,2618965,12315836.00
2011/09/30,2.45,2.52,2.26,2.37,2252194,10279249.00
2011/10/10,2.37,2.44,2.34,2.38,1402622,6435260.00
2011/10/11,2.46,2.55,2.35,2.39,2447738,11391473.00
2011/10/12,2.38,2.53,2.33,2.51,5128869,23879802.00
2011/10/13,2.51,2.71,2.48,2.63,4780034,22961092.00
2011/10/14,2.63,2.63,2.50,2.58,2472424,11782780.00
2011/10/18,2.49,2.51,2.32,2.38,3399793,15777817.00
2011/10/19,2.38,2.57,2.38,2.53,5190456,24358856.00
2011/10/20,2.49,2.75,2.36,2.74,7678560,36617272.00
2011/10/21,2.65,2.82,2.60,2.69,5782757,28532538.00
2011/10/24,2.73,2.77,2.60,2.75,4030959,19756652.00
2011/10/25,2.70,3.11,2.68,3.10,14015161,72114568.00
2011/10/26,2.99,3.20,2.96,3.10,11265429,59777840.00
2011/10/27,3.13,3.21,3.02,3.20,9196128,49132312.00
2011/10/28,3.21,3.27,3.15,3.20,5127329,27726908.00
2011/10/31,3.20,3.24,3.05,3.23,6721931,35984388.00
2011/11/01,3.19,3.19,3.08,3.10,3483632,18579150.00
2011/11/02,3.04,3.13,2.94,3.09,4882181,25569616.00
2011/11/03,3.19,3.44,3.14,3.14,7867329,42859304.00
2011/11/04,3.15,3.19,3.06,3.10,4276077,22714160.00
2011/11/07,3.09,3.24,3.07,3.12,3901813,21026140.00
2011/11/08,3.12,3.17,3.02,3.05,2795864,14834615.00
2011/11/09,3.10,3.12,2.97,3.08,2738285,14355971.00
2011/11/10,2.98,3.20,2.97,3.00,4061565,21567628.00
2011/11/11,3.02,3.09,2.97,2.98,3239520,16877190.00
2011/11/14,3.03,3.07,3.00,3.06,2755192,14457060.00
2011/11/15,3.05,3.14,2.97,3.13,4384682,23103828.00
2011/11/16,3.09,3.14,2.98,3.00,2980438,15661181.00
2011/11/17,2.98,3.04,2.89,2.94,2950905,15213842.00
2011/11/18,2.92,2.94,2.77,2.86,3612987,18238736.00
2011/11/21,2.82,2.84,2.71,2.78,1766005,8767354.00
2011/11/22,2.73,2.74,2.61,2.68,1762769,8604808.00
2011/11/23,2.69,2.71,2.59,2.62,1615171,7817315.00
2011/11/24,2.59,2.69,2.50,2.64,2217541,10704630.00
2011/11/25,2.63,2.71,2.59,2.61,1237286,6003264.00
2011/11/28,2.61,2.66,2.59,2.64,1123582,5445765.00
2011/11/29,2.67,2.75,2.67,2.71,2202595,10842111.00
2011/11/30,2.71,2.74,2.46,2.47,1990681,9503263.00
2011/12/01,2.58,2.67,2.54,2.57,3819447,18404448.00
2011/12/02,2.58,2.58,2.44,2.45,1848047,8669871.00
2011/12/05,2.45,2.47,2.33,2.36,1098903,5018828.00
2011/12/06,2.36,2.39,2.28,2.36,1031697,4680599.00
2011/12/07,2.36,2.40,2.31,2.38,637615,2922926.00
2011/12/08,2.40,2.43,2.32,2.40,1072256,4925903.00
2011/12/09,2.38,2.44,2.32,2.34,867736,3977138.00
2011/12/12,2.35,2.39,2.24,2.27,1106838,5005143.00
2011/12/13,2.30,2.34,2.05,2.24,2370661,10373623.00
2011/12/14,2.19,2.25,2.14,2.17,960488,4228971.00
2011/12/15,2.10,2.12,1.95,1.96,1510678,6437547.00
2011/12/16,1.94,1.97,1.69,1.96,4200493,16991820.00
2011/12/19,1.89,1.89,1.76,1.86,1679065,6780695.00
2011/12/20,1.86,1.93,1.81,1.83,1783321,7234348.00
2011/12/21,1.84,1.89,1.74,1.74,1258304,5074388.00
2011/12/22,1.69,1.71,1.54,1.62,1561740,5970482.00
2011/12/23,1.61,1.72,1.60,1.67,1532773,5951576.00
2011/12/26,1.68,1.83,1.64,1.77,1846786,7313088.00
2011/12/27,1.75,1.77,1.66,1.68,934906,3666214.00
2011/12/28,1.67,1.72,1.62,1.70,1138833,4407968.00
2011/12/29,1.63,1.73,1.63,1.66,1065170,4155235.00
2012/01/04,1.74,1.79,1.67,1.68,1807270,7092782.00
2012/01/05,1.68,1.72,1.59,1.64,1034437,4008732.00
2012/01/06,1.63,1.69,1.56,1.69,1111392,4265897.00
2012/01/09,1.67,1.84,1.62,1.84,2139826,8474319.00
2012/01/10,1.84,2.02,1.81,1.98,2803268,11619556.00
2012/01/11,1.96,2.39,1.89,2.17,5700342,24965768.00
2012/01/12,2.05,2.16,2.04,2.12,3416079,14723008.00
2012/01/13,2.08,2.12,1.89,1.93,2053655,8648826.00
2012/01/16,1.89,1.99,1.87,1.89,1297121,5365699.00
2012/01/19,2.19,2.30,2.08,2.19,5800316,25537584.00
2012/01/20,2.17,2.22,2.12,2.17,2883183,12627325.00
2012/01/30,2.18,2.22,2.13,2.18,1780082,7829552.00
2012/01/31,2.18,2.18,2.09,2.16,1444558,6261681.00
2012/02/01,2.11,2.17,2.08,2.08,1312691,5679562.00
2012/02/02,2.08,2.14,2.07,2.13,1410915,6100651.00
2012/02/03,2.13,2.18,2.11,2.17,2091458,9111858.00
2012/02/06,2.19,2.21,2.15,2.18,1775962,7800872.00
2012/02/07,2.17,2.22,2.12,2.14,2718357,11897309.00
2012/02/08,2.08,2.21,2.06,2.20,3012395,13159692.00
2012/02/09,2.21,2.35,2.20,2.30,5633177,25456924.00
2012/02/10,2.29,2.44,2.26,2.33,4365398,19903426.00
2012/02/13,2.28,2.41,2.25,2.35,2799525,12705287.00
2012/02/14,2.33,2.36,2.30,2.33,1953040,8848570.00
2012/02/15,2.30,2.43,2.30,2.39,3073996,14143914.00
2012/02/16,2.39,2.49,2.38,2.48,4510466,20915824.00
2012/02/17,2.48,2.49,2.37,2.44,3153983,14606463.00
2012/02/21,2.44,2.44,2.31,2.41,4633686,21244764.00
2012/02/22,2.39,2.46,2.37,2.44,4588321,21261278.00
2012/02/23,2.45,2.56,2.42,2.49,6761453,31756854.00
2012/02/24,2.48,2.57,2.46,2.55,7067989,33468152.00
2012/02/27,2.58,3.03,2.56,2.78,22449337,113544424.00
2012/02/28,2.69,2.88,2.67,2.85,10221293,50756328.00
2012/02/29,2.83,2.87,2.73,2.75,5573924,27882828.00
2012/03/01,2.70,2.76,2.69,2.71,3648110,18010226.00
2012/03/02,2.72,2.79,2.70,2.78,4002824,19896408.00
2012/03/05,2.83,2.84,2.74,2.75,5026859,25107580.00
2012/03/06,2.74,2.74,2.59,2.62,4695860,22796556.00
2012/03/07,2.56,2.89,2.49,2.70,8848575,43490108.00
2012/03/08,2.68,2.80,2.62,2.76,5810117,28769678.00
2012/03/12,2.79,2.80,2.69,2.74,4186049,20710764.00
2012/03/13,2.74,2.80,2.69,2.80,5397865,26891570.00
2012/03/14,2.81,2.89,2.61,2.63,9465614,47244996.00
2012/03/15,2.61,2.67,2.44,2.48,4743908,22450212.00
2012/03/16,2.45,2.57,2.45,2.56,3601030,16973124.00
2012/03/19,2.56,2.73,2.50,2.66,4528644,21944538.00
2012/03/20,2.64,2.91,2.57,2.66,8637011,42866940.00
2012/03/21,2.64,2.77,2.49,2.65,4930195,23856460.00
2012/03/22,2.58,2.64,2.50,2.64,3063780,14687670.00
2012/03/23,2.64,2.64,2.51,2.52,2767179,13197351.00
2012/03/26,2.54,2.58,2.46,2.53,1777922,8394127.00
2012/03/27,2.53,2.59,2.48,2.51,1546900,7330181.00
2012/03/28,2.50,2.54,2.26,2.33,2609083,12007271.00
2012/03/29,2.33,2.33,2.18,2.20,2442118,10861332.00
2012/03/30,2.21,2.26,2.09,2.16,1729664,7547159.00
2012/04/05,2.17,2.27,2.12,2.25,2527578,11209880.00
2012/04/06,2.25,2.31,2.24,2.26,2247910,10074220.00
2012/04/09,2.26,2.40,2.24,2.26,2671709,12104237.00
2012/04/10,2.35,2.39,2.24,2.38,3411759,15443197.00
2012/04/11,2.29,2.45,2.26,2.37,2649763,12125636.00
2012/04/12,2.37,2.43,2.33,2.42,3295444,15177934.00
2012/04/13,2.40,2.49,2.40,2.45,3326926,15502919.00
2012/04/16,2.44,2.49,2.41,2.46,2318985,10790766.00
2012/04/17,2.46,2.50,2.38,2.38,3184145,14818015.00
2012/04/18,2.40,2.49,2.37,2.47,2466302,11492454.00
2012/04/19,2.47,2.53,2.45,2.48,2040375,9583215.00
2012/04/20,2.50,2.53,2.46,2.53,2882598,13595317.00
2012/04/23,2.55,2.62,2.45,2.54,5385254,25560972.00
2012/04/25,2.49,2.55,2.40,2.54,5854812,27434246.00
2012/04/26,2.54,2.54,2.45,2.46,2917974,13703217.00
2012/04/27,2.47,2.52,2.41,2.43,2711507,12662133.00
2012/05/02,2.47,2.56,2.45,2.51,3830997,18087090.00
2012/05/03,2.50,2.54,2.47,2.52,2116996,9967465.00
2012/05/04,2.52,2.62,2.51,2.58,4757080,22766118.00
2012/05/07,2.54,2.59,2.50,2.58,3037301,14418811.00
2012/05/08,2.58,2.59,2.50,2.53,2992175,14176255.00
2012/05/09,2.52,2.74,2.37,2.53,9722049,46377860.00
2012/05/10,2.50,2.54,2.42,2.44,4490759,21040562.00
2012/05/11,2.44,2.48,2.34,2.35,3668182,16881496.00
2012/05/14,2.35,2.39,2.30,2.30,2585935,11781421.00
2012/05/15,2.25,2.32,2.20,2.25,2451516,10909374.00
2012/05/16,2.25,2.29,2.23,2.26,1757498,7852461.00
2012/05/17,2.42,2.45,2.31,2.35,4049223,18547128.00
2012/05/18,2.32,2.41,2.23,2.40,4579121,20686688.00
2012/05/21,2.40,2.45,2.33,2.37,2967306,13621736.00
2012/05/22,2.37,2.43,2.35,2.40,2060996,9461668.00
2012/05/23,2.39,2.40,2.31,2.32,1774492,8093366.00
2012/05/24,2.31,2.32,2.22,2.22,2386255,10687840.00
2012/05/25,2.25,2.31,2.18,2.19,1860755,8265292.00
2012/05/28,2.19,2.29,2.17,2.28,3299768,14671475.00
2012/05/30,2.32,2.37,2.28,2.29,3758777,16999804.00
2012/05/31,2.27,2.27,2.19,2.24,2390219,10615855.00
2012/06/01,2.21,2.28,2.20,2.22,2392673,10645125.00
2012/06/04,2.17,2.24,2.11,2.12,2647370,11578827.00
2012/06/05,2.13,2.16,2.07,2.07,1540738,6632474.00
2012/06/06,2.08,2.11,1.99,2.02,1234201,5263962.00
2012/06/07,2.05,2.09,2.01,2.02,1556434,6640361.00
2012/06/08,2.08,2.11,2.01,2.02,1985203,8445298.00
2012/06/11,2.01,2.09,2.01,2.06,1145652,4882447.00
2012/06/12,2.03,2.05,1.89,1.99,1341022,5654570.00
2012/06/13,1.99,2.07,1.97,2.03,2049052,8673439.00
2012/06/15,2.03,2.04,1.87,1.94,2617261,10907946.00
2012/06/18,1.94,1.98,1.92,1.96,1313535,5477480.00
2012/06/19,1.97,1.97,1.89,1.95,2461901,10207488.00
2012/06/20,1.94,1.95,1.87,1.89,2031071,8333735.00
2012/06/21,1.87,1.90,1.77,1.79,2492549,10017597.00
2012/06/25,1.78,1.78,1.66,1.66,1923340,7552847.00
2012/06/26,1.66,1.66,1.58,1.65,1914918,7338639.00
2012/06/27,1.65,1.69,1.61,1.62,1221911,4727440.00
2012/06/28,1.63,1.67,1.58,1.60,1524406,5855202.00
2012/06/29,1.60,1.68,1.57,1.68,2222620,8496285.00
2012/07/02,1.70,1.72,1.66,1.69,1778151,6936598.00
2012/07/03,1.67,1.73,1.67,1.69,1328445,5186603.00
2012/07/04,1.67,1.71,1.61,1.63,1289310,4973475.00
2012/07/05,1.63,1.64,1.52,1.52,2680558,10070772.00
2012/07/06,1.53,1.57,1.41,1.50,5274818,19369404.00
2012/07/09,1.47,1.53,1.34,1.34,2613847,9486656.00
2012/07/10,1.33,1.36,1.31,1.32,1392815,4926630.00
2012/07/11,1.34,1.39,1.31,1.37,1414986,5037215.00
2012/07/12,1.34,1.41,1.26,1.39,3788406,13437786.00
2012/07/13,1.36,1.40,1.32,1.33,2044044,7272976.00
2012/07/16,1.34,1.37,1.17,1.18,1916348,6613215.00
2012/07/17,1.19,1.25,1.17,1.23,1783367,6109975.00
2012/07/18,1.20,1.44,1.20,1.32,4799942,16883940.00
2012/07/19,1.31,1.35,1.26,1.33,3368098,11879636.00
2012/07/20,1.31,1.38,1.31,1.34,2201963,7837895.00
2012/07/23,1.33,1.33,1.22,1.28,1869851,6533921.00
2012/07/24,1.23,1.50,1.23,1.32,7788122,28315396.00
2012/07/25,1.30,1.41,1.25,1.37,4280526,15260122.00
2012/07/26,1.37,1.42,1.29,1.34,4496483,16061455.00
2012/07/27,1.34,1.37,1.22,1.28,5065722,17613812.00
2012/07/30,1.28,1.30,1.22,1.25,1971353,6824999.00
2012/07/31,1.25,1.28,1.19,1.19,2110487,7245329.00
2012/08/01,1.22,1.38,1.21,1.34,5602666,19772808.00
2012/08/02,1.41,1.59,1.33,1.50,13341554,49375040.00
2012/08/03,1.50,1.50,1.37,1.49,6736412,24560364.00
2012/08/06,1.42,1.54,1.41,1.53,6146664,22724520.00
2012/08/07,1.51,1.74,1.45,1.62,10625510,40312148.00
2012/08/08,1.59,1.65,1.55,1.60,8061945,30800376.00
2012/08/09,1.55,1.62,1.54,1.61,4822456,18296090.00
2012/08/10,1.61,1.65,1.55,1.62,4383936,16764912.00
2012/08/13,1.61,1.61,1.49,1.52,3973315,14912969.00
2012/08/14,1.50,1.56,1.46,1.54,2649080,9825427.00
2012/08/15,1.53,1.62,1.50,1.57,3132213,11820451.00
2012/08/16,1.56,1.64,1.51,1.63,3041217,11505258.00
2012/08/17,1.62,1.62,1.54,1.57,1725269,6528150.00
2012/08/20,1.57,1.57,1.47,1.50,2324918,8617169.00
2012/08/21,1.51,1.57,1.47,1.54,4773737,17797808.00
2012/08/22,1.52,1.53,1.44,1.45,2823693,10404361.00
2012/08/23,1.44,1.52,1.44,1.48,2868682,10581617.00
2012/08/24,1.48,1.51,1.45,1.46,2090670,7705508.00
2012/08/27,1.44,1.44,1.29,1.35,2319388,8256574.00
2012/08/28,1.39,1.49,1.37,1.40,2533910,9237785.00
2012/08/29,1.41,1.41,1.31,1.31,1501200,5335979.00
2012/08/30,1.30,1.34,1.22,1.24,1490248,5202806.00
2012/08/31,1.24,1.38,1.22,1.35,2151910,7584926.00
2012/09/03,1.29,1.37,1.29,1.34,1590483,5655156.00
2012/09/04,1.34,1.36,1.29,1.29,1394074,4917617.00
2012/09/05,1.30,1.30,1.24,1.26,938191,3258329.00
2012/09/06,1.28,1.33,1.26,1.33,1075441,3776931.00
2012/09/07,1.39,1.54,1.35,1.49,5156879,18977968.00
2012/09/10,1.54,1.57,1.45,1.50,3923841,14538739.00
2012/09/11,1.51,1.75,1.51,1.58,10235780,39198856.00
2012/09/12,1.59,1.74,1.53,1.67,8938495,34566760.00
2012/09/13,1.66,1.93,1.58,1.70,17741361,70656912.00
2012/09/14,1.70,1.87,1.64,1.68,12784167,50502532.00
2012/09/17,1.68,1.68,1.49,1.49,6675721,25204044.00
2012/09/18,1.43,1.50,1.39,1.44,4064129,14835271.00
2012/09/19,1.44,1.48,1.39,1.44,2748501,10010899.00
2012/09/20,1.44,1.45,1.29,1.30,3351591,11987111.00
2012/09/21,1.28,1.36,1.25,1.29,3332403,11725808.00
2012/09/24,1.28,1.33,1.25,1.32,1793863,6293973.00
2012/09/25,1.31,1.49,1.30,1.38,4638991,16745048.00
2012/09/26,1.36,1.38,1.26,1.26,2713464,9555767.00
2012/09/27,1.27,1.37,1.27,1.34,2675850,9461148.00
2012/09/28,1.34,1.40,1.30,1.39,3536310,12666031.00
2012/10/08,1.34,1.45,1.32,1.44,3601442,13011065.00
2012/10/09,1.41,1.55,1.41,1.50,4095632,15170493.00
2012/10/10,1.49,1.63,1.47,1.56,5114464,19222000.00
2012/10/11,1.52,1.55,1.41,1.43,5079434,18736284.00
2012/10/12,1.44,1.52,1.38,1.43,2861196,10446473.00
2012/10/15,1.45,1.45,1.37,1.40,1489642,5373644.00
2012/10/16,1.42,1.44,1.38,1.42,1804639,6543856.00
2012/10/17,1.43,1.48,1.41,1.44,1740190,6346126.00
2012/10/18,1.47,1.51,1.44,1.48,3698226,13654747.00
2012/10/19,1.47,1.53,1.47,1.51,2908754,10825614.00
2012/10/22,1.49,1.52,1.44,1.49,1947028,7186063.00
2012/10/23,1.52,1.54,1.47,1.48,2668058,9902531.00
2012/10/24,1.48,1.55,1.43,1.48,3815840,14165670.00
2012/10/25,1.46,1.70,1.46,1.59,13767441,52597576.00
2012/10/26,1.56,1.59,1.37,1.38,6180976,22857440.00
2012/10/29,1.35,1.41,1.35,1.40,2664054,9561874.00
2012/10/30,1.40,1.41,1.35,1.39,1647561,5924874.00
2012/10/31,1.41,1.45,1.37,1.45,2523349,9139300.00
2012/11/01,1.45,1.53,1.44,1.51,3002849,11146129.00
2012/11/02,1.49,1.56,1.49,1.53,3116258,11640861.00
2012/11/05,1.54,1.57,1.51,1.53,2724888,10215279.00
2012/11/06,1.51,1.53,1.44,1.50,1555286,5738601.00
2012/11/07,1.50,1.55,1.47,1.51,1808620,6735217.00
2012/11/08,1.51,1.53,1.44,1.44,2194705,8089142.00
2012/11/09,1.44,1.46,1.41,1.42,1414996,5153332.00
2012/11/12,1.44,1.48,1.43,1.45,1163684,4260638.00
2012/11/13,1.46,1.58,1.44,1.52,5712032,21229152.00
2012/11/14,1.47,1.54,1.47,1.51,2679016,9938509.00
2012/11/15,1.50,1.54,1.42,1.43,2299229,8517366.00
2012/11/16,1.39,1.42,1.30,1.35,3440382,12186687.00
2012/11/19,1.33,1.36,1.31,1.35,755281,2675122.00
2012/11/20,1.35,1.38,1.30,1.30,1041953,3693470.00
2012/11/21,1.31,1.36,1.27,1.36,1243028,4384432.00
2012/11/22,1.38,1.38,1.30,1.32,1061270,3769346.00
2012/11/23,1.32,1.36,1.29,1.33,1277556,4514551.00
2012/11/26,1.33,1.40,1.30,1.31,1346101,4782025.00
2012/11/27,1.30,1.36,1.19,1.19,2070609,7182369.00
2012/11/28,1.17,1.19,1.11,1.12,1504744,5046215.00
2012/11/29,1.12,1.20,1.12,1.18,1645596,5538298.00
2012/11/30,1.20,1.21,1.16,1.20,1359678,4620043.00
2012/12/03,1.18,1.21,1.15,1.16,1365554,4632578.00
2012/12/04,1.14,1.26,1.08,1.23,3149870,10661671.00
2012/12/05,1.21,1.33,1.20,1.32,4287394,14957415.00
2012/12/06,1.29,1.40,1.29,1.31,2716657,9660736.00
2012/12/07,1.31,1.39,1.27,1.35,4123253,14676822.00
2012/12/10,1.37,1.43,1.32,1.41,4043701,14568172.00
2012/12/11,1.41,1.63,1.38,1.46,7752628,28705324.00
2012/12/12,1.42,1.54,1.40,1.49,5898549,21791604.00
2012/12/13,1.51,1.56,1.36,1.39,4303243,15639430.00
2012/12/14,1.37,1.53,1.37,1.50,6506700,24014128.00
2012/12/17,1.50,1.67,1.49,1.59,10372880,39432688.00
2012/12/18,1.60,1.69,1.55,1.62,10421719,40182164.00
2012/12/19,1.69,1.70,1.60,1.63,4330313,16724754.00
2012/12/20,1.59,1.63,1.54,1.61,4351864,16512116.00
2012/12/21,1.61,1.67,1.55,1.58,4005676,15248125.00
2012/12/24,1.54,1.61,1.52,1.54,3290790,12412948.00
2012/12/25,1.53,1.65,1.52,1.61,5799325,22109274.00
2012/12/26,1.60,1.66,1.59,1.65,4544017,17486184.00
2012/12/27,1.69,1.74,1.62,1.64,6610872,25720048.00
2012/12/28,1.62,1.73,1.53,1.66,7871073,30042716.00
2012/12/31,1.64,1.69,1.60,1.68,8408057,32446138.00
2013/01/04,1.73,2.07,1.73,1.98,25285267,104617872.00
2013/01/07,1.96,2.04,1.84,1.98,10616393,44330728.00
2013/01/08,1.96,2.40,1.96,2.34,19152479,84192976.00
2013/01/09,2.27,2.34,2.20,2.30,8761825,39113616.00
2013/01/10,2.29,2.47,2.23,2.34,9550268,43608168.00
2013/01/11,2.31,2.39,2.09,2.15,7190224,32034468.00
2013/01/14,2.19,2.38,2.09,2.29,7600792,33891328.00
2013/01/15,2.27,2.67,2.27,2.41,10849396,51095552.00
2013/01/16,2.36,2.40,2.23,2.33,9552274,43023124.00
2013/01/17,2.27,2.29,2.09,2.13,7154291,31307748.00
2013/01/18,2.13,2.24,2.07,2.18,4160829,18134524.00
2013/01/21,2.15,2.25,2.11,2.23,5164034,22818264.00
2013/01/22,2.23,2.27,2.11,2.15,5831711,25699796.00
2013/01/23,2.17,2.23,2.06,2.13,6367606,27735596.00
2013/01/24,2.17,2.28,2.03,2.05,13359753,58084756.00
2013/01/25,2.03,2.11,1.97,1.98,6531198,27716262.00
2013/01/28,1.95,2.11,1.91,2.10,7617850,32102556.00
2013/01/29,2.12,2.12,2.04,2.08,3575588,15313245.00
2013/01/30,2.08,2.14,2.05,2.11,5221945,22498920.00
2013/01/31,2.12,2.13,1.94,2.02,4806624,20340644.00
2013/02/01,2.01,2.12,2.01,2.08,6167787,26466560.00
2013/02/04,2.17,2.47,2.17,2.43,23421607,107097016.00
2013/02/05,2.59,2.89,2.59,2.89,28097465,140539344.00
2013/02/06,3.37,3.38,2.92,3.19,47830396,255174016.00
2013/02/07,3.09,3.61,2.88,3.31,38927552,215280320.00
2013/02/08,3.19,3.52,3.13,3.48,33172309,185855328.00
2013/02/18,3.49,3.50,3.26,3.28,24065162,134081536.00
2013/02/19,3.23,3.46,3.11,3.23,22508783,122877776.00
2013/02/20,3.18,3.25,3.09,3.16,16452554,88301584.00
2013/02/21,3.12,3.24,3.06,3.17,13581194,72946552.00
2013/02/22,3.15,3.28,3.09,3.17,11921714,64239404.00
2013/02/25,3.18,3.21,3.04,3.12,10160353,53995668.00
2013/02/26,3.04,3.12,3.02,3.06,8192255,43179536.00
2013/02/27,3.07,3.23,3.01,3.22,13293812,71183960.00
2013/02/28,3.30,3.35,3.14,3.24,13072443,71100152.00
2013/03/01,3.19,3.24,3.11,3.18,10129692,54452432.00
2013/03/04,3.11,3.14,2.76,2.82,18630110,95228432.00
2013/03/05,2.99,3.32,2.94,3.32,26349905,143693424.00
2013/03/06,3.86,3.87,3.66,3.87,26630582,161675920.00
2013/03/07,4.39,4.39,3.91,4.26,69883620,442019968.00
2013/03/08,4.02,4.19,3.87,3.94,35793688,221798208.00
2013/03/11,3.54,3.73,3.43,3.58,24199611,115389792.00
2013/03/12,3.52,3.52,3.14,3.32,23370021,106063000.00
2013/03/13,3.26,3.53,3.15,3.43,19467835,88734928.00
2013/03/14,3.34,3.46,3.21,3.24,15801117,71844208.00
2013/03/15,3.21,3.31,3.13,3.15,18535758,81423688.00
2013/03/18,3.14,3.15,3.00,3.04,11040923,47068304.00
2013/03/19,3.04,3.08,2.94,3.00,10887018,45714252.00
2013/03/20,2.98,3.11,2.98,3.10,12415684,52990036.00
2013/03/21,3.11,3.27,3.08,3.21,17101890,75352000.00
2013/03/22,3.21,3.24,3.12,3.14,10808017,47274040.00
2013/03/25,3.16,3.37,3.02,3.29,23020416,101757160.00
2013/03/26,3.22,3.25,3.13,3.17,11681799,51239080.00
2013/03/27,3.16,3.29,3.14,3.22,11990307,53224024.00
2013/03/28,3.18,3.18,2.99,3.01,9350053,39937488.00
2013/03/29,3.02,3.06,2.88,2.90,6683891,27910974.00
2013/04/01,2.91,2.94,2.82,2.89,7378231,30148450.00
2013/04/02,2.90,2.93,2.81,2.82,7976451,32424324.00
2013/04/03,2.82,2.97,2.74,2.93,10846830,44204196.00
2013/04/08,2.86,2.86,2.53,2.86,7556838,30025338.00
2013/04/09,2.81,2.88,2.81,2.85,6090233,24683148.00
2013/04/10,2.84,2.97,2.82,2.96,9568572,39363604.00
2013/04/11,2.95,3.03,2.88,2.90,7910025,32848922.00
2013/04/12,2.90,2.94,2.82,2.85,4999983,20418636.00
2013/04/15,2.84,2.84,2.71,2.73,4937609,19562898.00
2013/04/16,2.69,2.79,2.61,2.77,4233500,16633826.00
2013/04/17,2.77,2.81,2.75,2.78,3261407,13018556.00
2013/04/18,2.76,2.82,2.69,2.79,3786433,15155504.00
2013/04/19,2.78,2.88,2.75,2.84,6489484,26253746.00
2013/04/22,2.86,2.98,2.85,2.91,6864970,28345816.00
2013/04/23,2.89,2.91,2.75,2.77,5453780,21967690.00
2013/04/24,2.76,2.95,2.74,2.93,8807877,36084000.00
2013/04/25,2.94,2.94,2.84,2.84,6697183,27395252.00
2013/04/26,2.84,2.90,2.79,2.79,3699676,15003840.00
2013/05/02,2.79,2.82,2.73,2.78,3312100,13221643.00
2013/05/03,2.78,2.87,2.77,2.81,3865693,15626143.00
2013/05/06,2.81,2.87,2.76,2.84,6493678,26120872.00
2013/05/07,2.84,2.86,2.81,2.84,4345477,17565144.00
2013/05/08,2.85,2.89,2.84,2.89,8011956,32723970.00
2013/05/09,2.89,2.91,2.82,2.83,6217299,25236808.00
2013/05/10,2.83,2.85,2.78,2.84,5529572,22220488.00
2013/05/13,2.85,3.02,2.84,3.01,14613718,60618664.00
2013/05/14,3.01,3.02,2.90,2.93,6810760,28193496.00
2013/05/15,2.91,2.97,2.86,2.91,4574972,18893956.00
2013/05/16,2.89,2.94,2.86,2.94,6757652,27807080.00
2013/05/17,2.90,2.99,2.90,2.97,8284160,34521492.00
2013/05/20,3.00,3.01,2.94,2.99,9574242,40070148.00
2013/05/21,2.99,3.13,2.93,3.11,18227515,77639680.00
2013/05/22,3.06,3.34,3.06,3.33,25931039,114400376.00
2013/05/23,3.54,3.78,3.48,3.78,19479017,96162440.00
2013/05/24,3.96,4.12,3.66,3.78,52416459,264351248.00
2013/05/27,3.69,3.85,3.57,3.66,27225625,133184240.00
2013/05/28,3.62,3.62,3.41,3.51,20497263,96609800.00
2013/05/29,3.53,3.66,3.49,3.53,18210228,87258336.00
2013/05/30,3.50,3.54,3.44,3.53,12050239,56460580.00
2013/05/31,3.58,3.63,3.49,3.51,12746763,60832488.00
2013/06/03,3.44,3.55,3.41,3.44,8632892,40276704.00
2013/06/04,3.44,3.46,3.34,3.35,7197249,33081464.00
2013/06/05,3.39,3.45,3.33,3.43,8398042,38608924.00
2013/06/06,3.39,3.42,3.32,3.38,5024201,23030460.00
2013/06/07,3.39,3.73,3.36,3.69,27062247,129798208.00
2013/06/13,3.38,3.43,3.20,3.20,22042637,98498336.00
2013/06/14,3.00,3.01,2.81,2.96,21603741,89461112.00
2013/06/17,2.91,2.95,2.86,2.89,9830910,40500360.00
2013/06/18,2.87,2.94,2.82,2.84,10687946,43577004.00
2013/06/19,2.84,2.89,2.65,2.86,13886223,54974720.00
2013/06/20,2.78,2.79,2.68,2.68,7152837,28210852.00
2013/06/21,2.63,2.64,2.46,2.58,6549318,24734112.00
2013/06/24,2.57,2.57,2.20,2.20,10287568,36704880.00
2013/06/25,2.11,2.35,1.91,2.34,11475885,38320648.00
2013/06/26,2.39,2.48,2.25,2.38,9979440,35970356.00
2013/06/27,2.40,2.64,2.29,2.49,12856726,47140312.00
2013/06/28,2.40,2.57,2.38,2.46,7467793,27548920.00
2013/07/01,2.46,2.52,2.39,2.48,4924765,18046408.00
2013/07/02,2.45,2.48,2.30,2.43,8750107,31520732.00
2013/07/03,2.38,2.52,2.32,2.42,10092661,36897788.00
2013/07/04,2.38,2.50,2.33,2.43,7548448,27379222.00
2013/07/05,2.43,2.49,2.39,2.43,6157155,22527204.00
2013/07/08,2.42,2.42,2.18,2.19,8140907,28333410.00
2013/07/09,2.17,2.25,2.14,2.20,4345315,14755726.00
2013/07/10,2.25,2.29,2.17,2.28,5348632,18451564.00
2013/07/11,2.31,2.53,2.29,2.48,12374683,44984856.00
2013/07/12,2.44,2.53,2.38,2.39,7864192,28741568.00
2013/07/15,2.39,2.45,2.39,2.41,5808133,21017408.00
2013/07/16,2.42,2.58,2.34,2.53,10998955,40592384.00
2013/07/17,2.45,2.51,2.43,2.44,8393981,30816392.00
2013/07/18,2.42,2.43,2.32,2.33,5534147,19809780.00
2013/07/19,2.30,2.36,2.20,2.21,6318214,21961840.00
2013/07/22,2.19,2.25,2.13,2.22,4007644,13649079.00
2013/07/23,2.24,2.33,2.21,2.31,5776273,20169488.00
2013/07/24,2.29,2.29,2.19,2.25,6021564,20750886.00
2013/07/25,2.23,2.33,2.23,2.29,6706748,23472726.00
2013/07/26,2.26,2.27,2.19,2.24,3961695,13630340.00
2013/07/29,2.26,2.39,2.19,2.24,7321119,25658536.00
2013/07/30,2.24,2.28,2.18,2.25,3961572,13641041.00
2013/07/31,2.25,2.37,2.25,2.30,5001457,17569904.00
2013/08/01,2.27,2.36,2.27,2.35,6537680,23086256.00
2013/08/02,2.35,2.36,2.30,2.32,6192679,21926886.00
2013/08/05,2.32,2.39,2.27,2.37,6706484,23814216.00
2013/08/06,2.35,2.40,2.32,2.38,7776663,27794314.00
2013/08/07,2.36,2.46,2.36,2.39,9017247,32588916.00
2013/08/08,2.39,2.40,2.33,2.36,6897354,24625748.00
2013/08/09,2.36,2.41,2.35,2.41,9843700,35399156.00
2013/08/12,2.44,2.54,2.40,2.52,13575139,49925256.00
2013/08/13,2.54,2.89,2.54,2.72,31109877,122878648.00
2013/08/14,2.65,2.84,2.59,2.63,20530847,80487784.00
2013/08/15,2.69,2.71,2.56,2.57,10161571,38976936.00
2013/08/16,2.59,2.68,2.48,2.49,10669015,40162056.00
2013/08/19,2.46,2.54,2.43,2.53,6708692,24881602.00
2013/08/20,2.52,2.55,2.42,2.44,9459081,34801072.00
2013/08/21,2.43,2.48,2.40,2.47,5849423,21321908.00
2013/08/22,2.44,2.50,2.42,2.47,4199723,15451400.00
2013/08/23,2.47,2.49,2.35,2.42,5780616,21014212.00
2013/08/26,2.42,2.51,2.38,2.50,6205593,22781118.00
2013/08/27,2.49,2.60,2.47,2.57,8222444,31021040.00
2013/08/28,2.58,2.76,2.56,2.70,18052662,70175920.00
2013/08/29,2.70,2.72,2.55,2.59,12207703,46467428.00
2013/08/30,2.56,2.70,2.51,2.69,12738432,48584880.00
2013/09/02,2.70,2.83,2.62,2.66,14530412,56952836.00
2013/09/03,2.60,2.73,2.58,2.68,9748647,37668848.00
2013/09/04,2.70,3.04,2.66,2.87,37365802,153312016.00
2013/09/05,2.82,2.89,2.75,2.77,13312326,53297772.00
2013/09/06,2.76,2.87,2.76,2.80,9592038,38540856.00
2013/09/09,2.84,2.89,2.78,2.85,12509900,50611460.00
2013/09/10,2.83,2.88,2.78,2.84,16922143,68059480.00
2013/09/11,2.83,3.08,2.83,2.93,25980131,108224552.00
2013/09/12,2.93,2.93,2.81,2.87,13988538,56742800.00
2013/09/13,2.85,2.85,2.73,2.77,11901019,47481816.00
2013/09/16,2.76,2.82,2.73,2.77,6211568,24734380.00
2013/09/17,2.77,2.77,2.65,2.66,7710750,30123208.00
2013/09/18,2.65,2.68,2.62,2.68,4569415,17646392.00
2013/09/23,2.67,2.73,2.65,2.73,4854025,18973732.00
2013/09/24,2.71,2.72,2.63,2.65,5595515,21667960.00
2013/09/25,2.72,2.79,2.67,2.70,7467313,29395770.00
2013/09/26,2.66,2.67,2.54,2.55,5757379,21915840.00
2013/09/27,2.57,2.58,2.52,2.55,2971747,11175819.00
2013/09/30,2.57,2.61,2.54,2.60,2703039,10220849.00
2013/10/08,2.56,2.64,2.53,2.64,3906618,14853824.00
2013/10/09,2.59,2.65,2.59,2.63,4515948,17277300.00
2013/10/10,2.63,2.65,2.57,2.62,5257800,20048712.00
2013/10/11,2.62,2.68,2.60,2.67,6614601,25546978.00
2013/10/14,2.68,2.69,2.64,2.66,5427762,20997732.00
2013/10/15,2.67,2.69,2.63,2.68,5111944,19783526.00
2013/10/16,2.70,2.73,2.57,2.60,8714359,33710696.00
2013/10/17,2.61,2.65,2.55,2.59,5504469,20955010.00
2013/10/18,2.58,2.60,2.55,2.55,3886853,14678110.00
2013/10/21,2.55,2.61,2.53,2.60,5249380,19840432.00
2013/10/22,2.60,2.60,2.54,2.56,4865271,18346812.00
2013/10/23,2.56,2.59,2.46,2.48,6620520,24611976.00
2013/10/24,2.49,2.54,2.44,2.52,5742555,21294708.00
2013/10/25,2.58,2.64,2.50,2.52,6895129,25924442.00
2013/10/28,2.57,2.57,2.49,2.53,4217826,15746075.00
2013/10/29,2.55,2.56,2.38,2.45,6452966,23697260.00
2013/10/30,2.44,2.63,2.40,2.56,9063930,33835164.00
2013/10/31,2.50,2.55,2.50,2.51,4927662,18383508.00
2013/11/01,2.53,2.57,2.50,2.55,4552607,17071516.00
2013/11/04,2.55,2.62,2.54,2.61,7074442,26811426.00
2013/11/05,2.61,2.63,2.56,2.62,5426213,20696498.00
2013/11/06,2.62,2.67,2.58,2.58,7385384,28338368.00
2013/11/07,2.56,2.60,2.52,2.55,4659106,17556016.00
2013/11/08,2.54,2.54,2.47,2.51,3792784,14100689.00
2013/11/11,2.54,2.55,2.50,2.54,3131091,11698720.00
2013/11/12,2.54,2.55,2.51,2.53,2906308,10868901.00
2013/11/13,2.54,2.58,2.48,2.48,4661901,17423338.00
2013/11/14,2.48,2.50,2.43,2.49,2884947,10610196.00
2013/11/15,2.50,2.57,2.48,2.54,4265864,15979831.00
2013/11/18,2.54,2.62,2.53,2.60,6256244,23742676.00
2013/11/19,2.59,2.61,2.56,2.60,5509947,20907744.00
2013/11/20,2.60,2.69,2.57,2.67,9321711,35911360.00
2013/11/21,2.65,2.65,2.59,2.62,5752182,22006518.00
2013/11/22,2.62,2.62,2.58,2.60,3814319,14530567.00
2013/11/25,2.63,2.66,2.60,2.61,5029525,19305052.00
2013/11/26,2.60,2.69,2.60,2.66,6926493,26669576.00
2013/11/27,2.64,2.68,2.60,2.67,6481629,25007544.00
2013/11/28,2.67,2.82,2.63,2.75,17767480,70281288.00
2013/11/29,2.75,2.84,2.71,2.79,11241487,44992216.00
2013/12/02,2.73,2.76,2.57,2.63,12340488,48052108.00
2013/12/03,2.64,2.81,2.61,2.76,11405204,45208976.00
2013/12/04,2.75,2.86,2.75,2.79,10884511,43777000.00
2013/12/05,2.79,3.06,2.78,2.87,21151916,87676136.00
2013/12/06,2.81,2.91,2.79,2.86,8114160,32904284.00
2013/12/09,2.91,2.97,2.85,2.89,8436437,34743592.00
2013/12/10,2.92,2.98,2.82,2.90,10735384,44063352.00
2013/12/11,2.88,2.89,2.81,2.83,7336916,29720932.00
2013/12/12,2.83,2.86,2.81,2.84,4556623,18458344.00
2013/12/13,2.82,2.85,2.75,2.83,5533691,22154112.00
2013/12/16,2.81,2.82,2.74,2.74,3425491,13652880.00
2013/12/17,2.72,2.75,2.66,2.67,3619409,14100019.00
2013/12/18,2.68,2.69,2.64,2.66,2453070,9494623.00
2013/12/19,2.67,2.69,2.59,2.62,2817701,10875346.00
2013/12/20,2.62,2.63,2.50,2.53,5233736,19648140.00
2013/12/23,2.55,2.55,2.44,2.45,3534295,13026806.00
2013/12/24,2.45,2.52,2.45,2.48,3190104,11804432.00
2013/12/25,2.49,2.50,2.46,2.48,2200623,8115092.00
2013/12/26,2.50,2.51,2.46,2.47,4235590,15645478.00
2013/12/27,2.46,2.51,2.45,2.50,4220029,15578526.00
2013/12/30,2.51,2.52,2.42,2.45,4657298,17088714.00
2013/12/31,2.44,2.47,2.42,2.46,3437426,12578235.00
2014/01/02,2.45,2.46,2.42,2.43,5248347,19158918.00
2014/01/03,2.44,2.45,2.31,2.31,7889639,28136574.00
2014/01/06,2.28,2.28,2.14,2.22,7183115,24435408.00
2014/01/07,2.19,2.23,2.17,2.21,2911177,9945409.00
2014/01/08,2.18,2.27,2.16,2.20,4922534,16834544.00
2014/01/09,2.21,2.21,2.10,2.10,7696106,25767854.00
2014/01/10,2.09,2.10,1.99,2.05,5325423,17294244.00
2014/01/13,2.05,2.05,1.96,2.00,6368517,20396208.00
2014/01/14,1.99,2.07,1.96,2.07,4455991,14427144.00
2014/01/15,2.07,2.07,2.01,2.03,2900084,9399048.00
2014/01/16,2.06,2.07,2.01,2.05,2357080,7677069.00
2014/01/17,2.05,2.05,1.99,1.99,2380252,7651659.00
2014/01/20,2.00,2.08,1.94,2.05,3887454,12652223.00
2014/01/21,2.04,2.08,2.02,2.04,3233784,10535253.00
2014/01/22,2.04,2.14,2.03,2.13,4813210,15965198.00
2014/01/23,2.12,2.17,2.11,2.13,4275446,14328149.00
2014/01/24,2.14,2.17,2.12,2.17,3874804,13015799.00
2014/01/27,2.14,2.16,2.12,2.12,2390675,7998328.00
2014/01/28,2.11,2.15,2.09,2.13,2137083,7104169.00
2014/01/29,2.14,2.16,2.10,2.12,2223101,7416721.00
2014/01/30,2.09,2.16,2.07,2.15,2294140,7662882.00
2014/02/07,2.12,2.17,2.09,2.16,2618515,8776236.00
2014/02/10,2.16,2.26,2.15,2.24,6002970,20561492.00
2014/02/11,2.24,2.27,2.21,2.25,4505823,15526343.00
2014/02/12,2.25,2.32,2.20,2.30,6192257,21499084.00
2014/02/13,2.30,2.31,2.24,2.26,5381341,18747528.00
2014/02/14,2.25,2.29,2.23,2.27,3051538,10612438.00
2014/02/17,2.28,2.34,2.28,2.33,4414117,15532585.00
2014/02/18,2.33,2.33,2.25,2.28,4941339,17207396.00
2014/02/19,2.27,2.32,2.23,2.30,4874324,17034750.00
2014/02/20,2.30,2.35,2.28,2.30,4722025,16622978.00
2014/02/21,2.29,2.29,2.19,2.22,4438558,15260635.00
2014/02/24,2.22,2.23,2.11,2.14,3254893,10910077.00
2014/02/25,2.14,2.15,2.04,2.07,4751070,15725135.00
2014/02/26,2.07,2.09,2.00,2.09,2799901,9112803.00
2014/02/27,2.09,2.34,2.06,2.16,7157956,24366408.00
2014/02/28,2.13,2.17,2.08,2.17,3905599,13017561.00
2014/03/03,2.13,2.21,2.12,2.19,3753183,12734183.00
2014/03/04,2.19,2.23,2.16,2.20,3359774,11439148.00
2014/03/05,2.22,2.25,2.18,2.21,3926326,13443093.00
2014/03/06,2.21,2.23,2.17,2.23,3387737,11533203.00
2014/03/07,2.22,2.31,2.18,2.28,6794130,23576372.00
2014/03/10,2.26,2.26,2.10,2.12,6120483,20754076.00
2014/03/11,2.13,2.17,2.11,2.15,2844681,9507338.00
2014/03/12,2.15,2.19,2.11,2.18,2789192,9386703.00
2014/03/13,2.16,2.24,2.16,2.20,2921812,9975606.00
2014/03/14,2.20,2.27,2.16,2.24,4359148,14926176.00
2014/03/17,2.24,2.29,2.24,2.28,3401308,11808346.00
2014/03/18,2.28,2.29,2.23,2.28,3673033,12779568.00
2014/03/19,2.28,2.30,2.22,2.29,3514243,12183819.00
2014/03/20,2.27,2.36,2.26,2.26,5566216,19624420.00
2014/03/21,2.24,2.34,2.22,2.33,4742932,16698423.00
2014/03/24,2.31,2.49,2.31,2.41,11581945,42068660.00
2014/03/25,2.41,2.50,2.36,2.38,6630142,24074476.00
2014/03/26,2.38,2.41,2.29,2.35,6332640,22588192.00
2014/03/27,2.34,2.36,2.29,2.31,4555467,16090557.00
2014/03/28,2.29,2.34,2.29,2.31,3613559,12745195.00
2014/03/31,2.34,2.42,2.31,2.35,6212328,22212862.00
2014/04/01,2.32,2.38,2.31,2.36,5112623,18122500.00
2014/04/02,2.35,2.42,2.24,2.29,11331063,40071856.00
2014/04/03,2.31,2.33,2.23,2.25,6069452,21072698.00
2014/04/04,2.25,2.28,2.21,2.27,3878170,13436992.00
2014/04/08,2.25,2.31,2.23,2.30,4949668,17259216.00
2014/04/09,2.31,2.31,2.26,2.29,3429597,11973947.00
2014/04/10,2.30,2.35,2.27,2.32,5763459,20272574.00
2014/04/11,2.31,2.34,2.29,2.32,6079457,21465604.00
2014/04/14,2.32,2.34,2.27,2.30,4384793,15357405.00
2014/04/15,2.30,2.30,2.24,2.25,3370900,11697813.00
2014/04/16,2.25,2.29,2.23,2.26,3910477,13582921.00
2014/04/17,2.28,2.30,2.26,2.29,3738971,13042162.00
2014/04/18,2.28,2.37,2.25,2.33,7508853,26501968.00
2014/04/21,2.29,2.36,2.25,2.27,6071121,21379092.00
2014/04/22,2.27,2.28,2.15,2.20,3686529,12662194.00
2014/04/23,2.22,2.31,2.18,2.27,3786252,13109122.00
2014/04/24,2.26,2.30,2.23,2.24,3645235,12689007.00
2014/04/25,2.25,2.27,2.14,2.17,3703115,12612394.00
2014/04/28,2.16,2.17,2.05,2.09,2949080,9771154.00
2014/04/29,2.09,2.12,2.05,2.12,2375259,7831475.00
2014/04/30,2.12,2.13,2.09,2.12,1352105,4486970.00
2014/05/05,2.12,2.14,2.06,2.12,3973897,13115109.00
2014/05/06,2.11,2.15,2.09,2.12,3382025,11280342.00
2014/05/07,2.12,2.12,2.07,2.09,2165866,7159634.00
2014/05/08,2.06,2.13,2.06,2.10,2164001,7169927.00
2014/05/09,2.10,2.12,2.08,2.09,1986364,6558361.00
2014/05/12,2.12,2.24,2.10,2.22,6593342,22422694.00
2014/05/13,2.23,2.28,2.15,2.25,7278465,25054848.00
2014/05/14,2.23,2.28,2.20,2.23,3695700,12756503.00
2014/05/15,2.24,2.37,2.23,2.26,9128762,32011228.00
2014/05/16,2.24,2.27,2.18,2.24,4036939,13829616.00
2014/05/19,2.28,2.28,2.20,2.26,3454189,11449609.00
2014/05/20,2.24,2.28,2.22,2.26,3101019,10300708.00
2014/05/21,2.25,2.26,2.22,2.24,2167929,7195548.00
2014/05/22,2.24,2.27,2.23,2.24,2559485,8507200.00
2014/05/23,2.23,2.24,2.21,2.24,2337540,7733399.00
2014/05/26,2.25,2.25,2.20,2.24,4440720,14675068.00
2014/05/27,2.24,2.24,2.21,2.23,3010202,9945595.00
2014/05/28,2.22,2.25,2.19,2.23,4594752,15178163.00
2014/05/29,2.23,2.23,2.17,2.18,4333345,14214176.00
2014/05/30,2.17,2.21,2.16,2.19,2828811,9249269.00
2014/06/03,2.20,2.24,2.20,2.21,2898331,9546353.00
2014/06/04,2.22,2.22,2.14,2.18,3890520,12685381.00
2014/06/05,2.18,2.18,2.14,2.18,3202908,10370409.00
2014/06/06,2.18,2.18,2.11,2.13,4136262,13303587.00
2014/06/09,2.11,2.15,2.10,2.12,2290381,7356006.00
2014/06/10,2.13,2.14,2.08,2.14,3554987,11353859.00
2014/06/11,2.13,2.14,2.10,2.12,3729386,11920704.00
2014/06/12,2.11,2.12,2.08,2.09,3611529,11458915.00
2014/06/13,2.10,2.12,2.07,2.11,3886469,12355387.00
2014/06/16,2.11,2.13,2.09,2.13,4344764,13848410.00
2014/06/17,2.13,2.13,2.09,2.11,3031505,9650028.00
2014/06/18,2.09,2.11,2.08,2.09,2884299,9138629.00
2014/06/19,2.09,2.10,1.98,2.01,5501967,17143520.00
2014/06/20,2.00,2.02,1.98,2.01,2686954,8264238.00
2014/06/23,2.01,2.04,2.00,2.01,2790562,8640911.00
2014/06/24,2.01,2.07,2.00,2.06,3358313,10443000.00
2014/06/25,2.06,2.06,2.03,2.04,1552527,4841070.00
2014/06/26,2.04,2.06,2.03,2.05,5030359,15702440.00
2014/06/27,2.05,2.09,2.02,2.08,6497763,20432176.00
2014/07/02,1.95,2.04,1.89,2.03,34275754,104143744.00
2014/07/03,1.99,2.04,1.96,2.02,21887642,67425400.00
2014/07/04,2.00,2.06,1.98,2.03,14013066,43343488.00
2014/07/07,2.02,2.02,1.99,2.01,8844463,27287388.00
2014/07/08,2.00,2.01,1.96,2.01,8568504,26290652.00
2014/07/09,1.99,2.12,1.99,2.05,23353906,73476504.00
2014/07/10,2.02,2.16,2.00,2.14,28292028,89767280.00
2014/07/11,2.12,2.25,2.10,2.22,27373534,89472152.00
2014/07/14,2.20,2.32,2.16,2.19,22775649,75260264.00
2014/07/15,2.21,2.26,2.13,2.20,13698383,44739192.00
2014/07/16,2.19,2.27,2.16,2.20,12999417,42786700.00
2014/07/17,2.19,2.20,2.12,2.15,9789498,31595828.00
2014/07/18,2.14,2.17,2.12,2.14,5602870,18062960.00
2014/07/21,2.14,2.14,2.10,2.10,4243382,13570536.00
2014/07/22,2.10,2.16,2.09,2.15,6032044,19374812.00
2014/07/23,2.16,2.20,2.14,2.18,12981631,42254536.00
2014/07/24,2.18,2.20,2.14,2.18,9219774,30003896.00
2014/07/25,2.19,2.25,2.16,2.23,14523642,47914256.00
2014/07/28,2.25,2.34,2.25,2.30,20234673,68247808.00
2014/07/29,2.30,2.33,2.27,2.30,12076485,40670680.00
2014/07/30,2.28,2.37,2.26,2.34,18673196,63536096.00
2014/07/31,2.32,2.36,2.29,2.36,13075284,44628384.00
2014/08/01,2.35,2.45,2.31,2.32,19812944,68747968.00
2014/08/04,2.31,2.40,2.30,2.39,13196559,45217388.00
2014/08/05,2.39,2.47,2.37,2.39,11245508,39166528.00
2014/08/06,2.38,2.45,2.34,2.43,15760252,54846392.00
2014/08/07,2.43,2.48,2.37,2.39,20455422,71689104.00
2014/08/08,2.38,2.50,2.35,2.48,24640437,86750968.00
2014/08/11,2.48,2.57,2.45,2.54,22742140,82035000.00
2014/08/12,2.53,2.56,2.48,2.52,15241279,54691044.00
2014/08/13,2.52,2.60,2.49,2.60,19486584,70884880.00
2014/08/14,2.59,2.62,2.53,2.53,16440172,59902640.00
2014/08/15,2.53,2.54,2.46,2.49,18540365,66304332.00
2014/08/18,2.49,2.53,2.47,2.52,13953700,50039352.00
2014/08/19,2.52,2.52,2.46,2.51,15169552,54146896.00
2014/08/20,2.49,2.50,2.46,2.48,10177171,36225700.00
2014/08/21,2.48,2.65,2.44,2.56,20858731,75023624.00
2014/08/22,2.57,2.92,2.54,2.72,43059927,164373472.00
2014/08/25,2.67,2.71,2.60,2.65,16500513,61637248.00
2014/08/26,2.64,2.64,2.50,2.52,13078288,47612536.00
2014/08/27,2.50,2.59,2.50,2.54,7800711,28355748.00
2014/08/28,2.54,2.77,2.52,2.60,20743896,77555328.00
2014/08/29,2.56,2.56,2.47,2.56,11734825,42244188.00
2014/09/01,2.55,2.61,2.53,2.60,9240438,33734512.00
2014/09/02,2.61,2.71,2.60,2.69,16706690,62559024.00
2014/09/03,2.69,2.89,2.65,2.78,27371159,104919840.00
2014/09/04,2.75,2.78,2.70,2.75,16843802,64403868.00
2014/09/05,2.76,2.82,2.73,2.82,19366896,74696680.00
2014/09/09,2.81,3.21,2.80,3.21,81160328,341854496.00
2014/09/10,3.26,3.63,3.17,3.60,107898377,487805536.00
2014/09/12,3.32,3.56,3.23,3.44,60516519,270597344.00
2014/09/15,3.39,3.49,3.33,3.42,37965585,170108976.00
2014/09/16,3.39,3.51,3.14,3.18,43962097,195522272.00
2014/09/17,3.20,3.21,3.05,3.17,25221542,106138872.00
2014/09/18,3.12,3.24,3.07,3.17,21401603,90844072.00
2014/09/19,3.17,3.27,3.11,3.25,23449457,100191024.00
2014/09/22,3.22,3.22,3.07,3.09,18754451,78829560.00
2014/09/23,3.08,3.14,3.05,3.14,14417895,60274120.00
2014/09/24,3.11,3.23,3.07,3.19,22297328,94760080.00
2014/09/25,3.17,3.26,3.13,3.16,27188202,116139768.00
2014/09/26,3.13,3.25,3.12,3.22,20966976,89930640.00
2014/09/29,3.23,3.29,3.18,3.23,23577172,101725704.00
2014/09/30,3.23,3.25,3.18,3.24,16152787,69493336.00
2014/10/08,3.23,3.27,3.19,3.26,16590993,71551568.00
2014/10/09,3.26,3.28,3.17,3.28,24374780,105141176.00
2014/10/10,3.26,3.49,3.21,3.36,40350570,178184688.00
2014/10/13,3.32,3.50,3.31,3.49,31318218,140552624.00
2014/10/14,3.47,3.65,3.39,3.42,34063314,156268048.00
2014/10/15,3.39,3.61,3.30,3.53,38010003,172636352.00
2014/10/16,3.49,3.53,3.29,3.29,26378762,118904696.00
2014/10/17,3.25,3.25,3.04,3.10,26617318,112124568.00
2014/10/20,3.10,3.16,3.05,3.12,17391377,72701216.00
2014/10/21,3.13,3.15,3.02,3.03,12573395,52461420.00
2014/10/22,3.04,3.07,2.92,2.95,14315925,58394392.00
2014/10/23,2.95,2.98,2.85,2.88,12477145,49697820.00
2014/10/24,2.89,2.95,2.88,2.90,8993892,35884608.00
2014/10/27,2.91,2.91,2.83,2.88,11320996,44704176.00
2014/10/28,2.89,3.02,2.89,3.02,15064215,61130848.00
2014/10/29,3.07,3.17,3.00,3.12,22154035,92413912.00
2014/10/30,3.11,3.19,3.06,3.13,17653121,74543536.00
2014/10/31,3.13,3.37,3.12,3.22,36468172,158675584.00
2014/11/03,3.22,3.34,3.17,3.33,26414222,115246336.00
2014/11/04,3.32,3.40,3.26,3.32,23211473,102357024.00
2014/11/05,3.33,3.57,3.22,3.36,33589214,151244096.00
2014/11/06,3.30,3.36,3.15,3.26,19392200,83901648.00
2014/11/07,3.24,3.30,3.12,3.12,19311200,82858600.00
2014/11/10,3.14,3.29,3.08,3.29,19652916,84530648.00
2014/11/11,3.28,3.35,3.08,3.13,31393881,134437840.00
2014/11/12,3.11,3.17,3.07,3.17,10909331,45920708.00
2014/11/13,3.16,3.32,3.08,3.25,28926850,124061792.00
2014/11/14,3.19,3.23,3.13,3.18,14044963,59707552.00
2014/11/17,3.19,3.23,3.14,3.15,11070150,47153764.00
2014/11/18,3.15,3.17,3.10,3.16,10477221,44131920.00
2014/11/19,3.14,3.21,3.10,3.16,11389437,48143704.00
2014/11/20,3.14,3.16,3.11,3.12,7629059,32094220.00
2014/11/21,3.12,3.19,3.11,3.18,12367893,52426344.00
2014/11/24,3.22,3.28,3.16,3.26,24045291,103621408.00
2014/11/25,3.26,3.35,3.23,3.33,24036697,105319688.00
2014/11/26,3.31,3.36,3.25,3.32,21479924,94086192.00
2014/11/27,3.33,3.48,3.31,3.38,32602536,145361312.00
2014/11/28,3.38,3.55,3.38,3.45,41421033,187596512.00
2014/12/01,3.47,3.66,3.38,3.62,60411298,279250080.00
2014/12/02,3.54,3.64,3.49,3.59,39283662,181972944.00
2014/12/03,3.59,3.84,3.53,3.64,54910133,260773312.00
2014/12/04,3.65,3.72,3.60,3.72,42037099,198966816.00
2014/12/05,3.72,3.76,3.33,3.46,45548256,210046480.00
2014/12/08,3.46,3.59,3.37,3.53,37880781,172722608.00
2014/12/09,3.46,3.86,3.42,3.46,68784348,324206464.00
2014/12/10,3.45,3.73,3.41,3.68,36714217,171481088.00
2014/12/11,3.63,4.16,3.62,4.16,79316335,395635904.00
2014/12/12,4.43,4.44,4.02,4.18,99542088,530338528.00
2014/12/15,4.05,4.14,3.92,4.08,42809224,219436112.00
2014/12/16,4.08,4.40,4.04,4.29,64985684,346105472.00
2014/12/17,4.25,4.41,4.06,4.19,47372151,253013184.00
2014/12/18,4.13,4.46,4.04,4.37,40143120,213377472.00
2014/12/19,4.29,4.81,4.27,4.69,70186752,391781888.00
2014/12/22,4.69,4.97,4.43,4.72,70606656,410213120.00
2014/12/23,4.54,4.70,4.14,4.20,86116660,465416832.00
2014/12/24,4.20,4.30,3.95,4.02,46980068,242281776.00
2014/12/25,4.03,4.30,3.98,4.18,44587164,232411456.00
2014/12/26,4.19,4.36,4.12,4.27,43979225,233823792.00
2014/12/29,4.23,4.61,4.14,4.31,64977969,351255648.00
2014/12/30,4.24,4.31,4.04,4.16,37685003,197334608.00
2014/12/31,4.16,4.37,4.10,4.22,44696599,236232256.00
2015/01/05,4.19,4.46,4.13,4.45,69134356,373161472.00
2015/01/06,4.37,4.52,4.29,4.51,61061019,334694880.00
2015/01/07,4.44,4.59,4.39,4.56,41943864,233563200.00
2015/01/08,4.52,4.56,4.33,4.38,32355422,178144304.00
2015/01/09,4.35,4.71,4.27,4.41,63689283,356791520.00
2015/01/12,4.32,4.35,4.08,4.11,29682428,156783472.00
2015/01/13,4.07,4.27,4.01,4.27,64511838,339396736.00
2015/01/14,4.21,4.36,4.17,4.31,59082893,317060800.00
2015/01/15,4.28,4.50,4.25,4.47,54679109,300126400.00
2015/01/16,4.48,4.56,4.42,4.51,71079019,397772352.00
2015/01/19,4.39,4.39,3.95,4.08,44889353,236402784.00
2015/01/20,4.09,4.36,4.09,4.31,58111999,309889728.00
2015/01/21,4.30,4.53,4.26,4.50,67712602,374417216.00
2015/01/22,4.52,4.61,4.46,4.50,66754758,374838400.00
2015/01/23,4.45,4.51,4.30,4.32,50305800,275906560.00
2015/01/26,4.27,4.39,4.21,4.39,26025060,140371552.00
2015/01/27,4.38,4.56,4.34,4.51,50958289,282889600.00
2015/01/28,4.45,4.62,4.38,4.51,45904475,258087472.00
2015/01/29,4.43,4.72,4.35,4.65,55087871,310793216.00
2015/01/30,4.62,4.90,4.57,4.71,76767106,448084640.00
2015/02/02,4.62,4.62,4.43,4.44,37494407,209057456.00
2015/02/03,4.45,4.49,4.27,4.40,34454741,186916448.00
2015/02/04,4.38,4.56,4.30,4.36,33005669,182722096.00
2015/02/05,4.39,4.43,4.13,4.13,38173427,202865312.00
2015/02/06,4.12,4.13,3.94,4.00,23199269,118813760.00
2015/02/09,3.99,3.99,3.79,3.86,20998297,103617768.00
2015/02/10,3.84,3.94,3.84,3.94,11497978,57113104.00
2015/02/11,3.94,3.98,3.87,3.90,14252672,71086056.00
2015/02/12,3.89,3.91,3.83,3.88,13503218,66908152.00
2015/02/13,3.91,4.07,3.91,4.02,19627041,99839688.00
2015/02/16,4.02,4.06,3.99,4.04,15710480,80187256.00
2015/02/17,4.04,4.09,4.02,4.07,12814400,65915524.00
2015/02/25,4.08,4.10,4.01,4.06,12091421,62114976.00
2015/02/26,4.05,4.14,4.01,4.13,17246223,88922000.00
2015/02/27,4.13,4.20,4.10,4.17,20199204,105861312.00
2015/03/02,4.21,4.32,4.15,4.31,29356885,156864912.00
2015/03/03,4.26,4.29,4.18,4.19,23379432,124275760.00
2015/03/04,4.17,4.18,4.07,4.15,20599318,107299552.00
2015/03/05,4.14,4.14,4.02,4.04,19950104,102531472.00
2015/03/06,4.03,4.10,4.02,4.07,12408563,63811420.00
2015/03/09,4.06,4.27,4.00,4.23,21089568,109821552.00
2015/03/10,4.18,4.24,4.14,4.17,17134171,90398128.00
2015/03/11,4.18,4.24,4.14,4.16,14100109,74145640.00
2015/03/12,4.17,4.21,4.13,4.19,17991739,94573952.00
2015/03/13,4.22,4.32,4.18,4.28,22490705,119868744.00
2015/03/16,4.33,4.44,4.30,4.40,33925793,185005216.00
2015/03/17,4.48,4.59,4.40,4.58,47612809,265041472.00
2015/03/18,5.15,5.15,5.15,5.15,12776073,79594936.00
2015/03/19,5.76,5.76,5.37,5.44,143867535,957368384.00
2015/03/20,5.37,5.56,5.33,5.46,57087502,373114944.00
2015/03/23,5.50,5.67,5.50,5.59,54251439,361838816.00
2015/03/24,5.63,6.22,5.53,5.97,83185088,578040832.00
2015/03/25,5.96,5.96,5.74,5.81,44299490,305136864.00
2015/03/26,5.81,5.91,5.70,5.79,34650377,238185376.00
2015/03/27,5.79,5.87,5.74,5.81,24249350,166841312.00
2015/03/30,5.83,5.97,5.83,5.96,40885380,285623392.00
2015/03/31,6.02,6.07,5.82,5.86,36973217,259332608.00
2015/04/01,5.86,6.00,5.85,5.94,29904824,209489648.00
2015/04/02,5.94,6.18,5.90,6.15,49910634,356495072.00
2015/04/03,6.06,6.38,6.02,6.35,48044900,352175456.00
2015/04/07,6.37,6.90,6.37,6.73,44136883,344387840.00
2015/04/08,6.84,7.51,6.84,7.51,74480707,617941440.00
2015/04/09,7.63,8.37,7.63,8.18,86063468,778534080.00
2015/04/10,8.32,8.50,7.63,8.10,63802673,583317248.00
2015/04/13,8.07,8.14,7.87,8.02,44381191,403226528.00
2015/04/14,8.01,8.01,7.82,7.89,43375492,388754400.00
2015/04/15,7.89,7.89,7.39,7.41,43723241,378744128.00
2015/04/16,7.28,7.67,7.05,7.60,32936032,279397536.00
2015/04/17,7.63,8.09,7.63,7.95,48114158,430977152.00
2015/04/20,7.92,8.05,7.67,7.69,45923788,408319840.00
2015/04/21,7.64,7.99,7.59,7.94,35053419,311014304.00
2015/04/22,7.97,8.41,7.95,8.29,45603310,424044768.00
2015/04/23,8.29,8.80,8.17,8.59,53647017,515628096.00
2015/04/24,8.42,8.42,7.99,8.20,45473133,422692096.00
2015/04/27,8.02,8.22,7.94,8.08,35426476,324343872.00
2015/04/28,8.04,8.11,7.60,7.61,39597871,350637376.00
2015/04/29,7.62,7.86,7.61,7.80,20726861,183282080.00
2015/04/30,7.80,7.85,7.67,7.74,20417586,179967760.00
2015/05/04,7.71,8.00,7.67,7.90,24501165,219212240.00
2015/05/05,7.87,7.87,7.33,7.34,27628933,239451888.00
2015/05/06,7.32,7.48,7.02,7.14,22099052,185585184.00
2015/05/07,7.14,7.14,6.53,6.56,27497613,216257664.00
2015/05/08,6.71,6.85,6.59,6.84,20994973,163710320.00
2015/05/11,6.97,7.22,6.87,7.19,18695330,152583056.00
2015/05/12,7.21,7.30,7.15,7.28,16547127,137592816.00
2015/05/13,7.24,7.32,7.11,7.14,19065634,157906048.00
2015/05/14,7.13,7.19,6.82,7.02,26997467,217203888.00
2015/05/15,6.97,7.30,6.81,7.16,25381906,205688816.00
2015/05/18,7.05,7.26,6.96,7.12,18469400,152143408.00
2015/05/19,7.11,7.40,7.06,7.34,24291914,202612976.00
2015/05/20,7.37,7.56,7.25,7.37,28163944,238235056.00
2015/05/21,7.40,7.80,7.32,7.80,35778304,312483296.00
2015/05/22,7.87,8.16,7.83,7.95,37545423,340207520.00
2015/05/25,7.93,8.26,7.86,8.19,42777046,391847904.00
2015/05/26,8.23,8.39,7.95,8.35,52887363,492138336.00
2015/05/27,8.33,8.36,8.12,8.32,47328372,441729952.00
2015/05/28,8.30,8.31,7.44,7.47,52214969,473425600.00
2015/05/29,7.42,7.57,6.92,7.32,33620153,280854752.00
2015/06/01,7.34,7.80,7.32,7.77,27917716,242107008.00
2015/06/02,7.83,8.28,7.79,8.25,46143882,423685376.00
2015/06/03,8.37,8.41,7.98,8.17,42520017,394063392.00
2015/06/04,8.13,8.39,7.62,8.36,54578502,504459136.00
2015/06/05,9.00,9.30,9.00,9.30,39838989,411983840.00
2015/06/08,9.94,10.01,9.11,9.32,106979702,1136462208.00
2015/06/09,9.12,9.96,8.95,9.79,65239000,678266880.00
2015/06/10,9.45,10.52,9.33,10.22,66669773,735983296.00
2015/06/11,10.15,10.80,9.97,10.55,58833800,675707136.00
2015/06/12,10.97,11.71,10.97,11.71,96582696,1224613376.00
2015/06/15,11.92,12.99,11.74,12.99,89961069,1227409920.00
2015/06/16,13.31,13.90,12.27,12.59,120307037,1700502784.00
2015/06/17,12.42,13.25,11.39,12.93,76133862,1011248064.00
2015/06/18,12.91,14.29,12.33,13.61,95444643,1391739648.00
2015/06/19,12.57,12.71,12.22,12.22,32194731,406303136.00
2015/06/23,10.97,11.61,10.97,11.10,71884416,816463296.00
2015/06/24,11.17,11.67,10.72,11.32,81070480,933375872.00
2015/06/25,11.12,11.19,10.16,10.17,80050726,878934848.00
2015/06/26,9.73,9.74,9.13,9.13,59634772,572092800.00
2015/06/29,9.31,9.41,8.19,8.19,71596591,633155712.00
2015/06/30,8.07,8.91,7.34,8.76,84968293,705121472.00
2015/07/01,8.62,9.00,7.86,7.86,71002587,627790592.00
2015/07/02,7.82,7.84,7.05,7.05,55503395,425475808.00
2015/07/03,6.72,7.01,6.32,6.32,46645653,316071808.00
2015/07/06,6.92,6.94,5.71,6.76,76222164,514819744.00
2015/07/07,6.25,6.62,6.06,6.06,34903144,226666800.00
2015/07/08,5.43,6.21,5.43,5.85,67090273,409674656.00
2015/07/09,5.73,6.46,5.63,6.46,34360130,225785136.00
2015/07/10,6.82,7.13,6.62,7.13,25733086,187870176.00
2015/07/13,7.55,7.87,7.14,7.87,45484918,362466784.00
2015/07/14,7.62,8.58,7.55,7.68,51589869,425208448.00
2015/07/15,7.43,7.57,6.88,6.88,27942027,206061824.00
2015/07/16,6.88,7.23,6.31,6.96,24254115,174671488.00
2015/07/17,7.02,7.57,7.01,7.44,31010428,236680192.00
2015/07/20,7.44,7.74,7.30,7.51,33612858,262557312.00
2015/07/21,7.41,8.29,7.27,8.18,50924481,414607712.00
2015/07/22,8.00,8.47,7.81,8.13,36745589,306371968.00
2015/07/23,8.20,8.70,7.93,8.44,43276133,377312448.00
2015/07/24,8.41,8.70,7.90,8.01,37827800,327100672.00
2015/07/27,7.82,8.20,7.18,7.18,31989687,257260592.00
2015/07/28,7.03,7.41,6.49,7.35,41112051,300562912.00
2015/07/29,7.47,8.11,7.33,8.11,47029968,382121824.00
2015/07/30,8.13,8.94,8.08,8.38,62811061,554419136.00
2015/07/31,8.22,8.90,8.20,8.43,53605786,471256096.00
2015/08/03,8.31,9.26,8.22,8.77,51698121,470373184.00
2015/08/04,8.77,9.32,8.13,9.22,68202694,614434688.00
2015/08/05,9.00,9.60,8.82,9.03,56665409,537778112.00
2015/08/06,8.73,8.85,8.38,8.53,32495154,289802240.00
2015/08/07,8.62,8.82,8.55,8.71,23623928,211666368.00
2015/08/10,8.73,9.22,8.71,9.14,44350801,409415552.00
2015/08/11,9.04,9.37,8.78,9.11,48365519,451668864.00
2015/08/12,8.90,9.04,8.60,8.62,37607144,341347648.00
2015/08/13,8.56,9.07,8.22,8.86,36039807,322490688.00
2015/08/14,8.77,8.84,8.55,8.62,29568914,265617504.00
2015/08/17,8.55,9.07,8.55,9.06,38118064,348829184.00
2015/08/18,9.19,9.25,8.13,8.13,45181200,407209280.00
2015/08/19,7.74,8.45,7.32,8.25,40489527,329338176.00
2015/08/20,7.93,8.16,7.62,7.69,23388134,192180176.00
2015/08/21,7.69,7.83,6.92,7.00,25511074,194234832.00
2015/08/24,6.67,6.67,6.27,6.27,13996701,92330344.00
2015/08/25,5.62,5.81,5.62,5.62,16427915,97235632.00
2015/08/26,5.72,5.78,5.05,5.15,28391902,163694752.00
2015/08/27,5.27,5.69,5.09,5.50,20143809,113094368.00
2015/08/28,5.62,6.02,5.52,6.01,25615739,154372720.00
2015/08/31,5.92,5.92,5.62,5.68,20420709,123326384.00
2015/09/01,5.65,5.65,5.17,5.25,17887117,100945672.00
2015/09/02,5.00,5.66,4.83,5.54,24931949,139437872.00
2015/09/07,5.55,5.85,5.55,5.61,15440304,92571792.00
2015/09/08,5.57,5.84,5.40,5.80,11261900,66656460.00
2015/09/09,5.83,6.06,5.74,5.98,19115013,118571352.00
2015/09/10,5.85,5.99,5.72,5.73,12471704,76743648.00
2015/09/11,5.74,5.80,5.57,5.68,9768800,58256664.00
2015/09/14,5.72,5.82,5.08,5.08,14456583,81092848.00
2015/09/15,5.00,5.00,4.54,4.58,13016950,65130400.00
2015/09/16,4.57,5.06,4.56,5.02,11624668,59144384.00
2015/09/17,5.02,5.11,4.78,4.79,13811731,72551232.00
2015/09/18,4.85,4.91,4.72,4.82,7423339,37822848.00
2015/09/21,4.78,5.02,4.70,5.00,9313952,48400636.00
2015/09/22,5.02,5.17,4.97,5.09,12632694,67530448.00
2015/09/23,4.97,5.04,4.87,4.93,10321274,53905456.00
2015/09/24,4.93,5.15,4.93,5.06,12160584,64658004.00
2015/09/25,5.02,5.06,4.77,4.83,9744500,50454908.00
2015/09/28,4.82,4.92,4.74,4.91,5226161,26769220.00
2015/09/29,4.81,4.92,4.77,4.83,5940665,30464544.00
2015/09/30,4.88,5.06,4.84,4.95,8857145,46459472.00
2015/10/08,5.07,5.13,5.01,5.09,11691160,62695248.00
2015/10/09,5.04,5.18,5.02,5.15,12989670,69971704.00
2015/10/12,5.20,5.47,5.15,5.46,18652770,105353296.00
2015/10/13,5.45,5.65,5.37,5.56,16027218,93052792.00
2015/10/14,5.55,5.66,5.43,5.43,14155226,82372896.00
2015/10/15,5.39,5.64,5.36,5.62,15555680,90428744.00
2015/10/16,5.66,5.71,5.54,5.67,17047108,100911008.00
2015/10/19,5.70,5.88,5.64,5.79,20532033,124004760.00
2015/10/20,5.73,5.78,5.63,5.78,14962852,89804896.00
2015/10/21,5.80,5.96,5.29,5.37,24914844,149570928.00
2015/10/22,5.38,5.56,5.28,5.55,14321339,81427240.00
2015/10/23,5.92,6.13,5.82,6.13,28828067,182128864.00
2015/10/26,6.32,6.37,5.92,6.06,34647647,222792224.00
2015/10/27,5.92,6.31,5.70,6.22,32771614,207420112.00
2015/10/28,6.21,6.52,6.11,6.19,37111462,244020144.00
2015/10/29,6.16,6.37,6.03,6.14,19548322,126286984.00
2015/10/30,6.06,6.11,5.92,5.98,12855041,80916784.00
2015/11/02,5.78,5.93,5.73,5.74,11509995,70241224.00
2015/11/03,5.72,5.87,5.65,5.68,10375236,62476800.00
2015/11/04,5.69,6.00,5.69,5.98,14761773,90947952.00
2015/11/05,5.98,6.61,5.97,6.36,41409588,271877664.00
2015/11/06,6.23,6.67,6.23,6.57,40400271,274763232.00
2015/11/09,6.43,6.60,6.32,6.51,26128805,176576064.00
2015/11/10,6.40,6.81,6.32,6.79,34121252,232510752.00
2015/11/11,6.79,6.95,6.59,6.67,31905585,224678528.00
2015/11/12,6.66,6.84,6.57,6.60,25723349,178743232.00
2015/11/13,6.50,6.58,6.29,6.43,18917508,127120256.00
2015/11/16,6.27,6.66,6.22,6.62,14336617,96882136.00
2015/11/17,6.68,6.71,6.42,6.44,16538132,113398192.00
2015/11/18,6.40,6.57,6.38,6.41,10747327,72718544.00
2015/11/19,6.42,6.52,6.38,6.51,10020986,67455016.00
2015/11/20,6.55,6.57,6.44,6.50,12004013,81364216.00
2015/11/23,6.47,6.53,6.34,6.39,10834067,73026568.00
2015/11/24,6.39,6.39,6.14,6.36,13253280,86633160.00
2015/11/25,6.36,6.45,6.36,6.43,10618630,71102904.00
2015/11/26,6.44,6.49,6.35,6.37,11591332,77691288.00
2015/11/27,6.42,6.76,6.18,6.24,36108127,246284000.00
2015/11/30,6.08,6.11,5.61,5.91,23378409,144115312.00
2015/12/01,5.91,5.97,5.73,5.89,11078173,67805632.00
2015/12/02,5.82,6.04,5.77,6.02,13632263,84346408.00
2015/12/03,6.20,6.26,6.05,6.12,13457634,86320400.00
2015/12/04,6.05,6.10,5.90,5.94,9095316,56991684.00
2015/12/07,5.94,6.02,5.80,5.91,10246003,63476220.00
2015/12/08,5.87,5.90,5.74,5.77,9526299,57802368.00
2015/12/09,5.72,5.91,5.72,5.82,6996176,42510176.00
2015/12/10,5.82,5.84,5.61,5.66,10216041,61382580.00
2015/12/11,5.66,6.01,5.55,5.84,16106688,97733480.00
2015/12/14,5.60,5.87,5.59,5.86,13843022,82980544.00
2015/12/15,5.87,5.87,5.68,5.73,13811785,83355560.00
2015/12/16,5.75,5.81,5.71,5.74,8000426,48262136.00
2015/12/17,5.77,5.99,5.75,5.94,18856529,116471984.00
2015/12/18,5.93,6.07,5.86,5.99,19081614,119299016.00
2015/12/21,6.04,6.09,5.92,6.04,19182262,120579072.00
2015/12/22,6.04,6.17,5.96,6.17,18209131,116308072.00
2015/12/23,6.17,6.18,6.00,6.13,16823055,107255632.00
2015/12/24,6.07,6.13,5.91,6.01,8877499,55860480.00
2015/12/25,5.99,6.15,5.93,6.12,13943000,88182432.00
2015/12/28,6.09,6.11,5.85,5.89,15122272,95083680.00
2015/12/29,5.85,5.92,5.74,5.92,8959103,54872136.00
2015/12/30,5.92,5.95,5.84,5.92,6786070,41995760.00
2015/12/31,5.93,6.00,5.81,5.82,11727403,72433064.00
2016/01/04,5.80,5.92,5.23,5.28,10915194,65462148.00
2016/01/05,5.05,5.57,4.98,5.47,16977095,96114448.00
2016/01/06,5.49,5.92,5.37,5.90,24176669,145612208.00
2016/01/07,5.77,5.77,5.28,5.28,5103200,29571664.00
2016/01/08,5.51,5.80,5.13,5.61,22604745,132466768.00
2016/01/11,5.51,5.51,5.02,5.03,16655238,92071472.00
2016/01/12,5.07,5.12,4.81,4.90,8754510,45591376.00
2016/01/13,4.94,5.22,4.90,4.91,11548772,61805240.00
2016/01/14,4.76,5.08,4.67,5.05,8908913,46300560.00
2016/01/15,5.02,5.02,4.75,4.81,8725330,44973700.00
2016/01/18,4.72,4.87,4.70,4.80,8215131,41726948.00
2016/01/19,4.77,4.95,4.75,4.93,8230604,42391536.00
2016/01/20,4.89,4.92,4.77,4.84,9910270,50703144.00
2016/01/21,4.75,4.87,4.66,4.67,6698279,33868200.00
2016/01/22,4.67,4.94,4.62,4.80,11079095,56063696.00
2016/01/25,4.91,4.92,4.75,4.82,10690318,54759888.00
2016/01/26,4.73,4.74,4.31,4.33,10795009,52511860.00
2016/01/27,4.33,4.44,3.97,4.21,7815697,35002720.00
2016/01/28,4.22,4.25,3.92,3.94,5279426,23115764.00
2016/01/29,3.96,4.11,3.94,4.05,6658856,28738764.00
2016/02/01,4.05,4.05,3.82,3.87,6380851,26825084.00
2016/02/02,3.87,4.01,3.84,3.98,5643866,23948096.00
2016/02/03,3.93,4.05,3.92,4.02,6479554,27688946.00
2016/02/04,4.02,4.19,3.98,4.12,6783222,29829768.00
2016/02/05,4.15,4.40,4.15,4.38,12477864,56996408.00
2016/02/15,4.29,4.46,4.17,4.45,9737169,44871000.00
2016/02/16,4.41,4.64,4.38,4.61,14156968,67757832.00
2016/02/17,4.52,4.74,4.50,4.62,14529281,71376528.00
2016/02/18,4.58,4.75,4.58,4.67,11307652,55850676.00
2016/02/19,4.61,4.64,4.50,4.62,8713162,42237132.00
2016/02/22,4.70,4.90,4.63,4.79,12858745,64943076.00
2016/02/23,4.77,4.77,4.62,4.77,10544180,52407600.00
2016/02/24,4.71,4.80,4.66,4.77,7472282,37511324.00
2016/02/25,4.74,4.76,4.27,4.27,9491835,45215360.00
2016/02/26,4.42,4.42,4.23,4.37,6546035,30273048.00
2016/02/29,4.37,4.44,4.06,4.22,7277273,32831044.00
2016/03/01,4.27,4.42,4.23,4.41,7697616,35613688.00
2016/03/02,4.42,4.87,4.38,4.81,16290327,80723208.00
2016/03/03,4.75,4.87,4.70,4.71,14762093,74638912.00
2016/03/04,4.68,4.88,4.62,4.79,15852896,80075568.00
2016/03/07,4.94,5.07,4.82,4.93,18652110,97231120.00
2016/03/08,5.13,5.22,4.89,4.97,22046919,116687456.00
2016/03/09,4.72,4.72,4.57,4.62,13562604,66583016.00
2016/03/10,4.65,4.69,4.47,4.50,8330834,40343372.00
2016/03/11,4.46,4.51,4.38,4.49,5327240,25172908.00
2016/03/14,4.52,4.68,4.50,4.61,8305615,40572956.00
2016/03/15,4.58,4.61,4.46,4.51,5389282,25856078.00
2016/03/16,4.55,4.55,4.43,4.44,4213076,19997490.00
2016/03/17,4.47,4.58,4.40,4.54,6598852,31625816.00
2016/03/18,4.54,4.70,4.54,4.69,10917499,53860300.00
2016/03/21,4.72,4.86,4.70,4.83,11734424,59414712.00
2016/03/22,4.80,4.87,4.73,4.78,9284637,47090592.00
2016/03/23,4.77,4.81,4.74,4.78,6354459,32140352.00
2016/03/24,4.75,4.75,4.63,4.64,9292261,46029876.00
2016/03/25,4.64,4.70,4.62,4.67,5043106,24903388.00
2016/03/28,4.67,4.74,4.56,4.59,6134668,30422648.00
2016/03/29,4.59,4.65,4.50,4.54,5526230,26739844.00
2016/03/30,4.57,4.67,4.56,4.67,5133296,25120934.00
2016/03/31,4.70,4.78,4.66,4.75,7732365,38591840.00
2016/04/01,4.74,4.74,4.52,4.66,8830613,43523872.00
2016/04/05,4.65,5.15,4.63,5.15,25284820,133987656.00
2016/04/06,5.52,5.58,5.14,5.17,42036308,235940112.00
2016/04/07,5.07,5.20,4.96,5.01,27770343,147623728.00
2016/04/08,4.91,5.01,4.83,4.89,16180316,83497992.00
2016/04/11,4.96,5.40,4.96,5.23,28173516,154225888.00
2016/04/12,5.19,5.22,5.02,5.09,16303850,87725448.00
2016/04/13,5.15,5.59,5.13,5.24,28036119,157887008.00
2016/04/14,5.25,5.41,5.25,5.32,19510679,109521488.00
2016/04/15,5.32,5.34,5.14,5.25,17212793,94625904.00
2016/04/18,5.27,5.52,5.11,5.43,18207412,101193888.00
2016/04/19,5.39,5.59,5.34,5.51,20673058,119192336.00
2016/04/20,5.58,5.78,5.24,5.64,34977685,204694432.00
2016/04/21,5.65,6.23,5.56,6.04,54346605,339471360.00
2016/04/22,5.77,5.89,5.49,5.75,33578444,200927536.00
2016/04/25,5.61,5.74,5.42,5.62,19362604,113824824.00
2016/04/26,5.62,5.74,5.57,5.68,15000514,89116640.00
2016/04/27,5.70,5.70,5.43,5.45,14435949,83550368.00
2016/04/28,5.49,5.50,5.22,5.32,10534398,59063080.00
2016/04/29,5.37,5.49,5.28,5.36,7036803,39965632.00
2016/05/03,5.42,5.57,5.32,5.50,9100205,52232076.00
2016/05/04,5.48,5.48,5.32,5.37,14379576,81281952.00
2016/05/05,5.33,5.37,5.23,5.29,13176769,73215552.00
2016/05/06,5.30,5.34,5.02,5.03,13272810,72650224.00
2016/05/09,4.98,4.98,4.51,4.62,21133789,104930984.00
2016/05/10,4.56,4.64,4.52,4.55,7409021,35931432.00
2016/05/11,4.60,4.64,4.49,4.59,7309698,35561972.00
2016/05/12,4.53,4.56,4.38,4.53,7390883,35252728.00
2016/05/13,4.48,4.87,4.48,4.76,15270021,75996920.00
2016/05/16,4.68,4.76,4.57,4.76,11645361,57612776.00
2016/05/17,4.77,4.82,4.66,4.74,9584950,48111952.00
2016/05/18,4.68,4.68,4.44,4.52,8791304,42506208.00
2016/05/19,4.51,4.67,4.51,4.56,6477117,31590548.00
2016/05/20,4.46,4.56,4.42,4.55,6845870,32635748.00
2016/05/23,4.55,4.64,4.52,4.60,7161185,34918696.00
2016/05/24,4.60,4.60,4.51,4.56,5000300,24179416.00
2016/05/25,4.57,4.65,4.52,4.56,4430670,21498460.00
2016/05/26,4.57,4.57,4.42,4.54,5034224,23961136.00
2016/05/27,4.52,4.58,4.47,4.52,4124888,19766712.00
2016/05/30,4.50,4.50,4.41,4.44,5016109,23724502.00
2016/05/31,4.44,4.65,4.44,4.64,9892663,47851088.00
2016/06/01,4.65,4.72,4.60,4.64,9162795,45415280.00
2016/06/02,4.68,4.80,4.61,4.78,11099082,55266060.00
2016/06/03,4.82,4.86,4.72,4.74,6904233,34807364.00
2016/06/06,4.74,4.77,4.64,4.70,6030040,30167170.00
2016/06/07,4.70,4.73,4.65,4.67,6353513,31523284.00
2016/06/08,4.69,4.69,4.54,4.59,10186253,49538448.00
2016/06/13,4.53,4.55,4.41,4.41,10317229,49211260.00
2016/06/14,4.42,4.49,4.38,4.43,7680304,36228396.00
2016/06/15,4.38,4.54,4.38,4.48,8385329,39914328.00
2016/06/16,4.48,4.50,4.39,4.43,9538037,45007704.00
2016/06/17,4.43,4.55,4.42,4.49,12118468,57845708.00
2016/06/20,4.48,4.51,4.38,4.45,6738359,31734358.00
2016/06/21,4.47,4.50,4.42,4.43,7953091,37721588.00
2016/06/22,4.43,4.49,4.41,4.49,6302116,29924828.00
2016/06/23,4.49,4.53,4.44,4.47,6120391,29135008.00
2016/06/24,4.48,4.51,4.26,4.31,14074058,65330864.00
2016/06/27,4.29,4.46,4.28,4.45,9639072,45315904.00
2016/06/28,4.43,4.49,4.37,4.46,8586932,40343248.00
2016/06/29,4.47,4.51,4.46,4.50,8277709,39500960.00
2016/06/30,4.50,4.53,4.47,4.52,6398112,30588116.00
2016/07/01,4.53,4.55,4.46,4.51,7233540,34637688.00
2016/07/04,4.50,4.75,4.48,4.70,18663009,92127112.00
2016/07/05,4.71,5.09,4.65,4.88,26281822,135992144.00
2016/07/06,4.81,4.90,4.67,4.87,15864882,80800832.00
2016/07/07,4.86,4.92,4.81,4.85,10739538,54769956.00
2016/07/08,4.85,5.03,4.83,4.91,17947832,93469608.00
2016/07/11,4.93,5.02,4.84,4.93,23060703,119650960.00
2016/07/12,4.90,5.43,4.88,5.39,43507552,237885600.00
2016/07/13,5.38,5.43,5.25,5.40,23635126,131998328.00
2016/07/14,5.36,5.36,5.18,5.21,14677126,80566360.00
2016/07/15,5.20,5.47,5.20,5.26,16512226,92300344.00
2016/07/18,5.26,5.32,5.13,5.25,11367697,62379584.00
2016/07/19,5.21,5.40,4.96,5.38,24459672,131772200.00
2016/07/20,5.46,5.53,5.35,5.38,20923904,119204272.00
2016/07/21,5.35,5.75,5.33,5.65,30882267,180339136.00
2016/07/22,5.62,5.90,5.51,5.68,24762949,147610832.00
2016/07/25,5.65,5.87,5.58,5.70,18721968,112318352.00
2016/07/26,5.68,5.79,5.61,5.71,12611255,74999504.00
2016/07/27,5.72,5.82,5.35,5.58,17511335,102763416.00
2016/07/28,5.54,5.73,5.51,5.72,13144469,77516072.00
2016/07/29,5.72,5.96,5.71,5.91,19571361,119956136.00
2016/08/01,5.85,5.92,5.71,5.79,12881587,78073792.00
2016/08/02,5.73,5.80,5.57,5.63,13868420,81789160.00
2016/08/03,5.64,5.71,5.55,5.69,9087241,53524268.00
2016/08/04,5.71,5.71,5.56,5.59,8031141,46990304.00
2016/08/05,5.59,5.65,5.56,5.59,6548407,38370732.00
2016/08/08,5.59,5.70,5.48,5.66,11862966,69423928.00
2016/08/09,5.61,5.74,5.61,5.73,8658400,51299616.00
2016/08/10,5.73,5.95,5.70,5.77,18618909,113010472.00
2016/08/11,5.70,5.76,5.55,5.56,13290534,78359488.00
2016/08/12,5.58,5.71,5.51,5.68,10309332,60399336.00
2016/08/15,5.75,5.86,5.68,5.83,14691481,88754992.00
2016/08/16,5.82,5.95,5.73,5.94,18370108,111953184.00
2016/08/17,5.90,6.36,5.87,6.19,32331447,208358944.00
2016/08/18,6.07,6.30,6.06,6.20,17183839,110998984.00
2016/08/19,6.18,6.25,6.10,6.23,8164670,52465040.00
2016/08/22,6.23,6.33,6.10,6.20,10470051,67668072.00
2016/08/23,6.13,6.19,6.08,6.14,5090200,32537236.00
2016/08/24,6.06,6.15,5.95,6.02,13981195,87912000.00
2016/08/25,5.99,6.23,5.95,6.06,10869884,68801936.00
2016/08/26,6.03,6.23,5.96,6.18,11391285,72773040.00
2016/08/29,6.11,6.27,6.07,6.19,6843044,43992068.00
2016/08/30,6.19,6.26,6.10,6.20,4728917,30420166.00
2016/08/31,6.20,6.29,6.15,6.26,9308209,60460704.00
2016/09/01,6.24,6.28,6.05,6.12,8798894,56313820.00
2016/09/02,6.10,6.17,6.02,6.09,7221907,45768220.00
2016/09/05,6.09,6.32,6.09,6.31,12738702,82820712.00
2016/09/06,6.34,6.34,6.16,6.30,7805390,50779828.00
2016/09/07,6.26,6.60,6.25,6.56,15880022,107690920.00
2016/09/08,6.52,6.59,6.43,6.57,7233649,48842696.00
2016/09/09,6.53,6.64,6.36,6.38,10108154,68211432.00
2016/09/12,6.25,6.30,6.05,6.06,11314612,72370624.00
2016/09/13,6.08,6.21,6.07,6.14,5380898,34439156.00
2016/09/14,6.10,6.27,5.85,5.90,11095865,68844696.00
2016/09/19,5.91,6.10,5.90,6.09,7325813,46105704.00
2016/09/20,6.10,6.24,6.06,6.17,8203206,52509284.00
2016/09/21,6.14,6.37,6.11,6.26,8237086,54028592.00
2016/09/22,6.30,6.35,6.23,6.32,5080167,33297932.00
2016/09/23,6.32,6.49,6.32,6.34,5968882,39669920.00
2016/09/26,6.38,6.40,6.13,6.17,6023750,38896144.00
2016/09/27,6.16,6.20,5.81,5.97,14083517,87081112.00
2016/09/28,5.92,6.00,5.79,5.94,12660193,77544704.00
2016/09/29,5.95,5.99,5.88,5.91,4986291,30890180.00
2016/09/30,5.83,5.92,5.83,5.90,4133442,25337578.00
2016/10/10,5.96,6.04,5.95,6.02,9820744,61393920.00
2016/10/11,5.98,6.05,5.97,6.01,4815819,30129908.00
2016/10/12,5.94,6.01,5.91,5.94,5559011,34438760.00
2016/10/13,5.94,6.14,5.87,6.01,16853908,105666136.00
2016/10/14,5.96,5.98,5.76,5.85,14458780,88318296.00
2016/10/17,5.87,5.90,5.79,5.81,7046853,42931836.00
2016/10/18,5.81,5.88,5.79,5.86,9565044,58253536.00
2016/10/19,5.89,5.90,5.81,5.84,7770930,47364060.00
2016/10/20,5.85,5.85,5.79,5.84,5177172,31416572.00
2016/10/21,5.84,5.85,5.75,5.80,6640307,40137120.00
2016/10/24,5.79,5.91,5.77,5.86,13765760,83812832.00
2016/10/25,5.90,6.22,5.90,6.20,29694362,188432896.00
2016/10/26,6.16,6.24,6.08,6.22,17602601,112753648.00
2016/10/27,6.22,6.23,6.06,6.12,10489538,66807728.00
2016/10/28,6.10,6.15,6.03,6.04,7688625,48603116.00
2016/10/31,6.05,6.11,6.00,6.04,9883021,62434960.00
2016/11/01,6.05,6.11,6.03,6.10,7988315,50552260.00
2016/11/02,6.09,6.13,5.98,6.07,11690721,73756168.00
2016/11/03,6.05,6.12,5.95,6.08,10157242,63995064.00
2016/11/04,6.06,6.07,5.97,6.02,7822027,49009768.00
2016/11/07,6.00,6.12,5.98,6.09,8820616,55727640.00
2016/11/08,6.11,6.18,6.09,6.13,10340163,66060600.00
2016/11/09,6.13,6.17,6.01,6.10,9720645,61625196.00
2016/11/10,6.15,6.30,6.15,6.18,11968086,77511504.00
2016/11/11,6.17,6.44,6.17,6.38,17937414,118562944.00
2016/11/14,6.31,6.37,6.24,6.36,15376031,100804024.00
2016/11/15,6.36,6.37,6.23,6.26,9715646,63419440.00
2016/11/16,6.25,6.26,6.19,6.21,7891521,51058228.00
2016/11/17,6.22,6.25,6.18,6.25,7121671,46065240.00
2016/11/18,6.22,6.25,6.15,6.16,6139288,39510280.00
2016/11/21,6.15,6.27,6.14,6.21,11078089,71682552.00
2016/11/22,6.22,6.37,6.22,6.32,12045665,79147888.00
2016/11/23,6.32,6.44,6.26,6.32,12652261,83725712.00
2016/11/24,6.31,6.43,6.29,6.34,9095878,60207196.00
2016/11/25,6.34,6.63,6.26,6.61,21905247,147759504.00
2016/11/28,6.61,6.74,6.51,6.56,18010536,123396960.00
2016/11/29,6.51,6.94,6.48,6.73,23995412,168292320.00
2016/11/30,6.67,6.70,6.47,6.62,16299786,110614624.00
2016/12/01,6.55,6.78,6.49,6.76,15506453,106354048.00
2016/12/02,6.78,6.78,6.39,6.43,16757818,114095024.00
2016/12/05,6.35,6.50,6.31,6.42,11273947,75054208.00
2016/12/06,6.42,6.50,6.33,6.38,7027492,46705804.00
2016/12/07,6.39,6.89,6.39,6.76,25357535,175265344.00
2016/12/08,6.75,6.82,6.64,6.77,18898626,131886856.00
2016/12/09,6.71,6.78,6.57,6.64,13936300,96139536.00
2016/12/12,6.70,6.94,6.39,6.45,26223600,182395200.00
2016/12/13,6.37,6.88,6.29,6.84,24828644,170813024.00
2016/12/14,6.77,6.91,6.63,6.65,23817188,167138144.00
2016/12/15,6.58,7.34,6.48,7.34,30502579,218681840.00
2016/12/16,7.54,8.10,7.42,7.77,62647232,498637984.00
2016/12/19,7.64,7.65,7.37,7.51,38641414,298765568.00
2016/12/20,7.38,7.44,7.01,7.14,36943496,274231392.00
2016/12/21,7.16,7.22,6.97,7.13,32392368,237429408.00
2016/12/22,7.03,7.20,6.97,7.11,23550878,172370624.00
2016/12/23,7.06,7.08,6.78,6.80,21945322,157384000.00
2016/12/26,6.69,6.70,6.45,6.66,19960030,135870160.00
2016/12/27,6.60,6.70,6.56,6.64,12548825,86279072.00
2016/12/28,6.65,6.67,6.46,6.54,12385815,84815336.00
2016/12/29,6.51,6.69,6.44,6.59,13719844,93829552.00
2016/12/30,6.54,6.63,6.51,6.52,8232432,56167496.00
2017/01/03,6.53,6.68,6.51,6.63,12744745,87545192.00
2017/01/04,6.64,6.74,6.57,6.72,14715152,101819968.00
2017/01/05,6.70,6.82,6.66,6.71,12594889,88013176.00
2017/01/06,6.70,6.76,6.59,6.63,13424423,92693152.00
2017/01/09,6.60,6.70,6.51,6.69,12602890,86144048.00
2017/01/10,6.70,7.30,6.65,7.11,46766484,340391168.00
2017/01/11,7.05,7.58,7.01,7.39,44581855,340277696.00
2017/01/12,7.30,7.53,7.12,7.26,25234040,190032016.00
2017/01/13,7.19,7.24,6.95,6.96,14570808,106952464.00
2017/01/16,6.97,7.42,6.53,7.15,29166653,215786336.00
2017/01/17,7.02,7.19,6.79,7.13,19446714,141317248.00
2017/01/18,7.06,7.87,7.00,7.87,46323952,363262112.00
2017/01/19,7.95,8.03,7.56,7.58,46157760,368310208.00
2017/01/20,7.50,7.88,7.49,7.66,35674872,283830368.00
2017/01/23,7.56,8.03,7.56,7.86,29741058,239591232.00
2017/01/24,7.78,8.33,7.77,7.95,36833983,306114368.00
2017/01/25,7.88,7.90,7.67,7.72,23469117,188314624.00
2017/01/26,7.78,8.14,7.77,8.00,27275139,224030000.00
2017/02/03,7.92,8.00,7.71,7.87,20819639,168625920.00
2017/02/06,7.82,7.83,7.50,7.60,35010826,273941216.00
2017/02/07,7.57,7.70,7.53,7.69,22205937,174819840.00
2017/02/08,7.65,7.68,7.54,7.64,21384887,168008896.00
2017/02/09,7.64,7.90,7.55,7.69,51031671,406042368.00
2017/02/10,7.65,8.22,7.61,8.07,66440479,541650432.00
2017/02/13,7.95,8.24,7.86,8.19,44379810,367967680.00
2017/02/14,8.11,8.39,8.05,8.15,37737979,320127520.00
2017/02/15,8.06,8.13,7.75,7.82,34177507,279889248.00
2017/02/16,7.83,7.90,7.76,7.83,20294245,163995584.00
2017/02/17,7.80,7.87,7.60,7.70,19165252,152857008.00
2017/02/20,7.73,8.00,7.71,7.89,28662943,233595136.00
2017/02/21,7.96,8.10,7.81,7.85,25794926,210490992.00
2017/02/22,7.81,8.15,7.76,8.13,39735824,327425536.00
2017/02/23,8.07,8.09,7.78,7.87,29327552,240075888.00
2017/02/24,7.81,7.87,7.67,7.81,19570083,156671024.00
2017/02/27,7.85,7.87,7.55,7.59,25105739,199047920.00
2017/02/28,7.60,7.64,7.45,7.51,18022363,139840192.00
2017/03/01,7.51,7.62,7.42,7.55,16489013,128315088.00
2017/03/02,7.58,7.68,7.48,7.50,13699880,107221384.00
2017/03/03,7.48,7.48,7.31,7.37,16131990,122733760.00
2017/03/06,7.33,7.44,7.33,7.43,11787590,90161624.00
2017/03/07,7.43,7.54,7.39,7.50,12386488,95869200.00
2017/03/08,7.48,7.55,7.37,7.40,10901121,83847824.00
2017/03/09,7.34,7.36,7.12,7.21,18885270,140678336.00
2017/03/10,7.19,7.33,7.19,7.25,11507456,86745200.00
2017/03/13,7.22,7.43,7.08,7.42,14985499,112335368.00
2017/03/14,7.39,7.58,7.35,7.42,13032125,100665664.00
2017/03/15,7.42,7.52,7.41,7.46,10881499,83978816.00
2017/03/16,7.48,7.54,7.43,7.50,8854887,68476696.00
2017/03/17,7.50,7.50,7.27,7.28,11585711,88267584.00
2017/03/20,7.37,7.41,7.25,7.32,7631313,57654224.00
2017/03/21,7.32,7.33,7.12,7.21,12382635,92104168.00
2017/03/22,7.15,7.20,6.94,6.95,20996426,152290656.00
2017/03/23,6.95,7.03,6.77,6.89,18196746,130275040.00
2017/03/24,6.87,6.96,6.79,6.94,15387134,109875384.00
2017/03/27,6.92,6.95,6.86,6.89,9793885,70031744.00
2017/03/28,6.88,6.95,6.87,6.93,8430097,60477944.00
2017/03/29,6.95,7.08,6.91,7.02,12330880,89341800.00
2017/03/30,7.02,7.13,6.85,6.89,15431814,111436496.00
2017/03/31,6.90,7.13,6.79,7.02,16094020,116223344.00
2017/04/05,7.06,7.14,7.00,7.13,23553333,173289312.00
2017/04/06,7.16,7.16,7.08,7.10,12695347,93453512.00
2017/04/07,7.06,7.07,6.91,6.93,17836162,128912328.00
2017/04/10,6.88,6.98,6.87,6.94,12569874,90171088.00
2017/04/11,6.87,7.03,6.86,7.02,13687724,98253544.00
2017/04/12,7.00,7.01,6.89,6.91,11852760,85177232.00
2017/04/13,6.92,6.96,6.87,6.90,7423062,53144660.00
2017/04/14,6.87,6.93,6.79,6.80,8902832,63368744.00
2017/04/17,6.82,6.83,6.49,6.53,15640177,107280528.00
2017/04/18,6.54,6.54,6.36,6.36,13703663,92028096.00
2017/04/19,6.30,6.33,6.10,6.19,15049238,96849824.00
2017/04/20,6.20,6.30,6.19,6.30,10794602,70281120.00
2017/04/21,6.38,6.64,6.38,6.62,23286602,158232256.00
2017/04/24,6.56,6.70,6.25,6.63,21304481,143203200.00
2017/04/25,6.58,6.67,6.46,6.52,15000853,101743896.00
2017/04/26,6.51,6.54,6.45,6.48,9584163,64587280.00
2017/04/27,6.51,6.51,6.29,6.44,12301200,81753264.00
2017/04/28,6.45,6.69,6.43,6.68,21125136,145126208.00
2017/05/02,6.67,6.86,6.62,6.77,19823126,139273792.00
2017/05/03,6.79,6.87,6.72,6.78,10340318,72792672.00
2017/05/04,6.74,6.74,6.61,6.63,12337658,85275832.00
2017/05/05,6.61,6.62,6.46,6.48,12532995,84860248.00
2017/05/08,6.49,6.60,6.37,6.39,12097857,81716352.00
2017/05/09,6.38,6.44,6.33,6.44,9406459,62491136.00
2017/05/10,6.40,6.50,6.34,6.34,8598579,57420744.00
2017/05/11,6.28,6.34,6.12,6.31,10659503,69168936.00
2017/05/12,6.30,6.47,6.23,6.43,8324749,54858064.00
2017/05/15,6.43,6.49,6.40,6.43,5559600,37148292.00
2017/05/16,6.41,6.60,6.29,6.59,10370088,69444360.00
2017/05/17,6.60,6.71,6.56,6.61,12956913,89194288.00
2017/05/18,6.54,6.78,6.51,6.65,13222459,91481840.00
2017/05/19,6.62,6.76,6.62,6.70,10198421,71016184.00
2017/05/22,6.75,7.14,6.75,7.00,37669250,272839936.00
2017/05/23,6.93,7.28,6.90,6.94,38445809,282976288.00
2017/05/24,6.91,7.10,6.71,6.90,23761429,168981248.00
2017/05/25,6.86,7.17,6.80,7.12,22503956,164077120.00
2017/05/26,7.07,7.28,7.06,7.13,16150955,120010104.00
2017/05/31,7.15,7.25,6.95,6.99,13154889,96240320.00
2017/06/01,7.00,7.05,6.75,6.75,18174853,129430224.00
2017/06/02,6.70,6.90,6.66,6.85,12013788,84543712.00
2017/06/05,6.87,6.88,6.73,6.76,12912673,90911552.00
2017/06/06,6.75,7.00,6.72,6.99,14565107,103587424.00
2017/06/07,7.00,7.11,6.93,7.08,13588616,98864728.00
2017/06/08,7.07,7.13,6.96,7.03,14279961,104101208.00
2017/06/09,7.03,7.09,7.00,7.05,9032040,65801712.00
2017/06/12,7.05,7.05,6.85,6.92,15149238,108676240.00
2017/06/13,6.90,7.08,6.87,7.05,14752408,106974448.00
2017/06/14,7.02,7.18,6.93,7.04,13442029,94343856.00
2017/06/15,6.98,7.08,6.95,7.04,10279361,72287576.00
2017/06/16,7.03,7.12,7.00,7.04,8787764,62109984.00
2017/06/19,7.03,7.44,7.03,7.43,30217029,219401888.00
2017/06/20,7.44,7.53,7.34,7.40,24241962,180548208.00
2017/06/21,7.38,7.73,7.38,7.64,28755334,219043232.00
2017/06/22,7.60,7.82,7.52,7.59,26129032,201600944.00
2017/06/23,7.56,7.90,7.53,7.75,27688090,214171120.00
2017/06/26,7.71,8.08,7.65,8.06,32655555,259061984.00
2017/06/27,8.00,8.55,7.95,8.54,46676852,389859360.00
2017/06/28,8.40,8.68,8.36,8.53,31882022,271870336.00
2017/06/29,8.46,8.57,8.31,8.51,21153434,178369136.00
2017/06/30,8.48,8.66,8.37,8.53,17568958,149829968.00
2017/07/03,8.56,9.04,8.41,8.99,26471464,234661968.00
2017/07/04,8.90,9.00,8.32,8.54,32144151,276541760.00
2017/07/05,8.55,8.67,8.40,8.61,23036239,196356624.00
2017/07/06,8.54,9.05,8.54,8.98,37817617,335703008.00
2017/07/07,8.84,8.95,8.61,8.90,26484176,232380368.00
2017/07/10,8.80,9.30,8.73,8.94,33873415,305656960.00
2017/07/11,8.85,8.95,8.44,8.58,33575129,290271168.00
2017/07/12,8.49,8.72,8.24,8.67,30224800,255954384.00
2017/07/13,8.62,9.09,8.62,9.00,38531846,343185280.00
2017/07/14,9.01,9.05,8.82,8.92,27533451,245546560.00
2017/07/17,8.90,9.35,8.51,9.11,43205378,392775808.00
2017/07/18,9.07,10.02,9.02,10.02,52902379,514274528.00
2017/07/19,10.31,11.02,10.31,11.02,61510798,666469248.00
2017/07/20,11.91,11.94,11.05,11.49,116561108,1325969152.00
2017/07/21,11.23,11.33,10.95,11.13,76472965,850013760.00
2017/07/24,10.98,11.18,10.67,10.99,60820041,663584704.00
2017/07/25,10.80,11.03,10.45,10.92,65746071,705541184.00
2017/07/26,10.88,11.17,10.73,10.84,64116919,701355968.00
2017/07/27,10.68,11.29,10.55,10.61,67604020,739228736.00
2017/07/28,10.53,11.10,10.02,11.05,58164400,619264000.00
2017/08/02,11.77,11.77,11.77,11.77,0,0.00
数据来源:通达信
