600420 现代制药 日线 前复权
      日期	    开盘	    最高	    最低	    收盘	    成交量	    成交额
2010/10/08,8.32,8.39,8.26,8.35,5963037,103479616.00
2010/10/11,8.38,8.38,8.04,8.19,6319250,108039080.00
2010/10/12,8.19,8.24,8.06,8.12,2753059,46756416.00
2010/10/13,8.17,8.17,7.85,7.94,4966068,82519312.00
2010/10/14,7.91,7.99,7.64,7.65,5121849,83631440.00
2010/10/15,7.66,7.82,7.58,7.70,4075375,65669544.00
2010/10/18,7.75,7.77,7.29,7.66,5269441,82440008.00
2010/10/19,7.66,7.87,7.57,7.86,2887097,46815632.00
2010/10/20,7.77,8.00,7.68,7.89,3978986,65616032.00
2010/10/21,7.94,7.94,7.74,7.81,3072783,50214176.00
2010/10/22,7.82,7.97,7.78,7.95,3035210,49834784.00
2010/10/25,8.00,8.56,8.00,8.40,9329716,163223824.00
2010/10/26,8.54,8.54,8.32,8.47,4096174,71807560.00
2010/10/27,8.55,8.78,8.25,8.34,4479109,79180856.00
2010/10/28,8.30,8.41,8.18,8.24,2074275,35711972.00
2010/10/29,8.32,8.33,8.14,8.29,1995768,34305444.00
2010/11/01,8.27,8.41,8.21,8.37,3011444,52413844.00
2010/11/02,8.30,8.49,8.30,8.34,3701557,64750712.00
2010/11/03,8.34,8.36,8.08,8.10,3417033,58459340.00
2010/11/04,8.11,8.18,7.99,8.16,3000986,50701836.00
2010/11/05,8.20,8.23,8.12,8.17,3804995,64794748.00
2010/11/08,8.16,8.45,8.04,8.43,6379178,110144640.00
2010/11/09,8.39,8.70,8.28,8.59,8735088,154798016.00
2010/11/10,8.59,8.86,8.48,8.61,8924464,161724368.00
2010/11/11,8.58,8.87,8.48,8.55,6949053,125102800.00
2010/11/12,8.53,8.69,8.03,8.03,7093238,122715328.00
2010/11/15,8.05,8.62,8.04,8.59,7104077,124444864.00
2010/11/16,8.65,8.85,8.26,8.38,11853748,212825184.00
2010/11/17,8.29,8.42,7.80,7.98,6181344,105797992.00
2010/11/18,8.10,8.17,7.64,7.89,3592901,59019068.00
2010/11/19,7.87,8.39,7.81,8.35,4126094,69763296.00
2010/11/22,8.25,9.22,8.25,9.22,21608131,401847104.00
2010/11/23,9.13,9.40,9.07,9.36,14315644,274722784.00
2010/11/24,9.25,9.59,9.15,9.55,11290422,221182912.00
2010/11/25,9.55,10.22,9.49,9.85,14621719,298665024.00
2010/11/26,9.84,10.21,9.65,10.06,6831988,141044528.00
2010/11/29,10.00,11.05,9.69,10.68,8444392,184127376.00
2010/11/30,10.57,10.95,10.00,10.40,8728590,189221456.00
2010/12/01,10.47,11.25,10.27,11.08,7676974,172700592.00
2010/12/02,11.00,11.07,10.55,10.69,5654819,125538840.00
2010/12/03,10.69,10.85,10.24,10.35,3799869,82149024.00
2010/12/06,10.36,10.49,9.80,10.23,3575109,74633240.00
2010/12/07,10.05,11.21,10.03,11.09,4185341,92497200.00
2010/12/08,11.04,11.23,10.75,10.77,3058681,69160400.00
2010/12/09,10.65,11.04,10.39,10.54,3239038,71639792.00
2010/12/10,10.35,10.64,10.30,10.51,1931844,41757676.00
2010/12/13,10.35,10.71,10.35,10.63,5592533,121083472.00
2010/12/14,10.62,10.62,10.37,10.44,4089045,88212048.00
2010/12/15,10.45,10.89,10.30,10.81,6780329,149226992.00
2010/12/16,10.75,10.76,10.50,10.53,3228346,70655648.00
2010/12/17,10.52,10.53,10.04,10.21,5382374,113704736.00
2010/12/20,10.21,10.21,9.65,9.85,4135837,84904456.00
2010/12/21,9.88,10.00,9.80,9.90,2646270,54210896.00
2010/12/22,9.92,9.92,9.67,9.75,2663599,53755076.00
2010/12/23,9.75,9.97,9.60,9.67,2619266,53073588.00
2010/12/24,9.65,9.65,9.15,9.25,2746272,52959892.00
2010/12/27,9.23,9.38,8.89,8.90,3103935,58877768.00
2010/12/28,8.86,8.86,8.49,8.78,3310391,59839436.00
2010/12/29,8.74,8.99,8.71,8.96,5915034,108653024.00
2010/12/30,8.90,8.98,8.74,8.94,4227832,77834544.00
2010/12/31,8.90,9.47,8.90,9.23,7210947,138267728.00
2011/01/04,9.25,9.43,9.16,9.30,3203650,61734000.00
2011/01/05,9.25,9.55,9.16,9.44,4430061,86299776.00
2011/01/06,9.46,9.50,8.94,9.04,6469301,122908088.00
2011/01/07,9.04,9.14,8.75,8.88,3595028,66954620.00
2011/01/10,8.92,9.15,8.69,8.71,4933229,90539704.00
2011/01/11,8.68,8.85,8.60,8.83,3031996,55078756.00
2011/01/12,8.83,8.88,8.74,8.85,1234700,22609426.00
2011/01/13,8.86,9.00,8.75,8.91,1220926,22576240.00
2011/01/14,8.90,8.99,8.80,8.83,3098064,57056136.00
2011/01/17,8.77,8.89,8.25,8.55,2907000,52492904.00
2011/01/18,8.50,8.60,8.15,8.40,1479727,25862656.00
2011/01/19,8.41,8.62,8.37,8.58,1713149,30401824.00
2011/01/20,8.58,8.58,8.29,8.31,1472223,25814508.00
2011/01/21,8.31,8.32,8.06,8.14,1611231,27435952.00
2011/01/24,8.15,8.27,8.02,8.25,4610171,78383312.00
2011/01/25,8.15,8.27,7.95,8.18,1308339,22073188.00
2011/01/26,8.18,8.31,8.05,8.30,1217178,20897226.00
2011/01/27,8.21,8.42,8.20,8.38,1429220,24879196.00
2011/01/31,8.38,8.55,8.35,8.52,1601983,28222568.00
2011/02/01,8.57,8.57,8.45,8.47,909270,16093856.00
2011/02/09,8.42,8.46,8.30,8.35,690040,12057137.00
2011/02/10,8.35,8.70,8.35,8.64,2058489,36839140.00
2011/02/11,8.67,8.84,8.55,8.80,2772592,50182276.00
2011/02/14,8.74,8.94,8.70,8.93,3482742,64138304.00
2011/02/15,8.89,8.89,8.68,8.71,4662748,84835800.00
2011/02/16,8.71,8.81,8.65,8.73,3538742,64294564.00
2011/02/18,8.75,8.75,8.29,8.34,5908287,103931232.00
2011/02/21,8.32,8.47,8.29,8.40,3964581,69383472.00
2011/02/22,8.41,8.61,8.29,8.35,4860314,85704376.00
2011/02/23,8.28,8.45,8.26,8.45,4617864,80744944.00
2011/02/24,8.54,8.59,8.43,8.55,6133128,108648544.00
2011/02/25,8.55,8.63,8.45,8.54,2790137,49455096.00
2011/02/28,8.54,8.54,8.36,8.52,2963187,52246236.00
2011/03/01,8.55,9.02,8.55,8.96,8873648,163032592.00
2011/03/02,8.87,9.05,8.76,8.93,4283247,78807616.00
2011/03/03,8.93,9.02,8.47,8.49,6726978,120304776.00
2011/03/04,8.48,8.53,8.14,8.29,8511434,145751776.00
2011/03/07,8.31,8.37,8.25,8.36,5140393,88518680.00
2011/03/08,8.35,8.35,8.21,8.33,4447894,76220480.00
2011/03/09,8.33,8.48,8.20,8.46,5589898,96627096.00
2011/03/10,8.43,8.56,8.32,8.50,5434176,95330528.00
2011/03/11,8.42,8.54,8.29,8.34,4709234,81748768.00
2011/03/14,8.25,8.95,8.23,8.88,12001878,216725952.00
2011/03/15,8.80,9.79,8.80,9.45,27421807,527526272.00
2011/03/16,9.35,9.35,9.00,9.21,10043940,189926336.00
2011/03/17,9.20,9.49,9.05,9.37,13478312,261191408.00
2011/03/18,9.38,9.39,9.00,9.04,6443829,120940096.00
2011/03/21,9.08,9.12,8.43,8.57,10205749,182109456.00
2011/03/22,8.52,8.52,8.34,8.49,4804348,83632080.00
2011/03/23,8.50,8.57,8.38,8.56,3810524,66926840.00
2011/03/24,8.56,8.67,8.45,8.60,4379845,77763792.00
2011/03/25,8.60,8.60,8.40,8.50,7141604,125209424.00
2011/03/28,8.50,8.50,8.30,8.30,6147248,106606624.00
2011/03/29,8.39,8.48,8.29,8.42,6479406,112529568.00
2011/03/30,8.36,8.39,7.87,7.98,7764189,130391136.00
2011/03/31,7.97,8.03,7.85,7.87,3906221,64208552.00
2011/04/01,7.88,8.00,7.88,7.99,2057464,33900312.00
2011/04/06,7.99,8.02,7.84,7.90,3252417,53267112.00
2011/04/07,7.90,7.99,7.70,7.95,3390904,55510176.00
2011/04/08,7.95,8.05,7.90,8.04,2828888,47089720.00
2011/04/11,8.02,8.15,7.88,7.91,3733755,61954256.00
2011/04/12,7.91,7.99,7.87,7.90,2213801,36385456.00
2011/04/13,7.89,8.12,7.86,8.11,3367297,56206160.00
2011/04/14,8.11,8.18,8.01,8.03,2947105,49240632.00
2011/04/15,8.02,8.11,8.00,8.07,1775387,29651308.00
2011/04/18,8.06,8.08,7.98,8.04,2502889,41679128.00
2011/04/19,8.01,8.04,7.74,7.80,3912349,63715528.00
2011/04/20,7.81,8.02,7.75,7.99,2511031,41220168.00
2011/04/21,8.00,8.30,7.93,8.19,10741305,180885616.00
2011/04/22,8.07,8.14,7.92,7.95,4625060,76975896.00
2011/04/25,7.89,7.89,7.59,7.60,5429562,86442456.00
2011/04/26,7.59,7.69,7.53,7.61,1817746,28728236.00
2011/04/27,7.62,7.68,7.48,7.56,1821516,28730598.00
2011/04/28,7.57,7.62,7.10,7.11,5420456,81836456.00
2011/04/29,7.11,7.19,6.92,7.01,4681534,68281128.00
2011/05/03,7.01,7.11,6.97,7.10,2637840,38734820.00
2011/05/04,7.09,7.09,6.86,6.87,2154642,31402586.00
2011/05/05,6.86,6.98,6.86,6.95,1368449,19835492.00
2011/05/06,6.89,7.13,6.77,7.06,2349075,34511124.00
2011/05/09,7.05,7.18,7.05,7.09,1453771,21574198.00
2011/05/10,7.18,7.18,7.03,7.10,1217665,17960980.00
2011/05/11,7.09,7.10,6.92,7.01,1929812,28309318.00
2011/05/12,6.99,7.00,6.84,6.84,1723543,24895656.00
2011/05/13,6.86,6.94,6.79,6.93,1435595,20564350.00
2011/05/16,6.93,7.00,6.89,6.92,1735348,25151232.00
2011/05/17,6.91,6.95,6.79,6.87,1859022,26589906.00
2011/05/18,6.88,7.01,6.84,6.95,1944238,28198032.00
2011/05/19,6.95,7.07,6.94,6.97,1476558,21545898.00
2011/05/20,7.00,7.01,6.94,6.97,1024123,14880475.00
2011/05/23,6.96,6.96,6.60,6.65,2038565,28868332.00
2011/05/24,6.65,6.69,6.57,6.64,1578753,21873238.00
2011/05/25,6.64,6.69,6.41,6.47,1192222,16415133.00
2011/05/26,6.52,6.58,6.28,6.29,1802123,24085430.00
2011/05/27,6.26,6.28,6.11,6.11,1894342,24533828.00
2011/05/30,6.10,6.21,6.05,6.10,1358906,17504352.00
2011/05/31,6.14,6.29,6.10,6.29,1903634,24809712.00
2011/06/01,6.30,6.41,6.26,6.41,1650931,21937878.00
2011/06/02,6.35,6.48,6.15,6.45,2538813,33597336.00
2011/06/03,6.40,6.59,6.40,6.55,2017994,27566340.00
2011/06/07,6.50,6.64,6.47,6.56,2660336,36612028.00
2011/06/08,6.54,6.57,6.35,6.46,1538470,20738520.00
2011/06/09,6.48,6.58,6.37,6.37,1559625,21091550.00
2011/06/10,6.35,6.38,6.18,6.27,1439369,18842066.00
2011/06/13,6.20,6.23,6.07,6.19,1208742,15604058.00
2011/06/14,6.15,6.33,6.14,6.30,1440686,18884872.00
2011/06/15,6.30,6.35,6.18,6.18,1227818,16089437.00
2011/06/16,6.14,6.14,6.03,6.09,1707884,21814624.00
2011/06/17,6.07,6.13,5.96,5.98,1001629,12730458.00
2011/06/20,6.00,6.00,5.88,5.91,1059147,13173513.00
2011/06/21,5.91,5.97,5.86,5.95,911607,11335819.00
2011/06/22,5.96,5.99,5.88,5.93,847883,10578664.00
2011/06/23,5.93,6.10,5.86,6.08,1312186,16534543.00
2011/06/27,6.25,6.65,6.25,6.47,6534460,88125480.00
2011/06/28,6.38,6.47,6.33,6.41,2669358,35758188.00
2011/06/29,6.46,6.46,6.34,6.35,1823911,24402460.00
2011/06/30,6.36,6.57,6.36,6.48,2534894,34478488.00
2011/07/01,6.52,6.60,6.47,6.53,2264599,31029636.00
2011/07/04,6.55,6.77,6.53,6.73,3465298,48089256.00
2011/07/05,6.70,6.74,6.61,6.73,2534405,35469516.00
2011/07/06,6.73,6.73,6.59,6.67,1831040,25456412.00
2011/07/07,6.64,6.77,6.61,6.69,2261960,31674356.00
2011/07/08,6.69,6.70,6.57,6.63,2046793,28314972.00
2011/07/11,6.60,6.67,6.51,6.67,1849723,25542004.00
2011/07/12,6.60,6.60,6.38,6.40,4271348,57933928.00
2011/07/13,6.40,6.58,6.40,6.57,4230400,57366544.00
2011/07/14,6.58,6.89,6.51,6.88,7073033,99728216.00
2011/07/15,6.93,7.32,6.88,7.26,10317971,153786736.00
2011/07/18,7.27,7.31,7.08,7.14,5466730,82027656.00
2011/07/19,7.10,7.10,6.98,7.03,2480783,36389748.00
2011/07/20,7.07,7.14,6.89,7.02,2641949,38658104.00
2011/07/21,7.04,7.08,6.91,6.96,2140397,31185438.00
2011/07/22,7.01,7.04,6.90,6.94,2067632,30088144.00
2011/07/25,6.91,6.93,6.60,6.66,3214546,45076220.00
2011/07/26,6.67,6.70,6.53,6.67,1746020,24099282.00
2011/07/27,6.63,6.88,6.58,6.87,2940406,41597200.00
2011/07/28,6.79,6.89,6.75,6.79,2035758,28991042.00
2011/07/29,6.83,6.85,6.63,6.72,1400597,19715470.00
2011/08/01,6.62,6.75,6.62,6.72,1031179,14430141.00
2011/08/02,6.70,6.77,6.50,6.72,1993601,27580140.00
2011/08/03,6.69,6.75,6.57,6.66,987559,13779570.00
2011/08/04,6.69,6.74,6.64,6.70,829640,11603196.00
2011/08/05,6.45,6.55,6.35,6.50,1827176,24790620.00
2011/08/08,6.35,6.47,6.00,6.08,2417395,31389336.00
2011/08/09,5.80,6.17,5.77,6.05,2293875,28665384.00
2011/08/10,6.22,6.29,6.13,6.18,1802578,23448720.00
2011/08/11,6.07,6.30,6.00,6.29,1716726,22280804.00
2011/08/12,6.37,6.52,6.36,6.39,1968975,26496940.00
2011/08/15,6.45,6.54,6.40,6.51,1485631,20181552.00
2011/08/16,6.50,6.56,6.43,6.45,1310108,17790046.00
2011/08/17,6.45,6.47,6.36,6.39,697794,9381865.00
2011/08/18,6.40,6.48,6.36,6.37,1180500,15879913.00
2011/08/19,6.24,6.37,6.14,6.35,1154899,15177996.00
2011/08/22,6.35,6.45,6.28,6.36,809984,10777288.00
2011/08/23,6.45,6.47,6.36,6.47,1016316,13669139.00
2011/08/24,6.55,6.84,6.54,6.67,4422243,62077032.00
2011/08/25,6.66,6.89,6.65,6.85,4605391,65307228.00
2011/08/26,6.82,7.09,6.77,7.01,6331353,91989040.00
2011/08/29,6.96,7.21,6.90,7.04,5135403,75957632.00
2011/08/30,7.05,7.11,6.80,6.81,3374111,49089160.00
2011/08/31,6.80,6.92,6.71,6.91,1981732,28151916.00
2011/09/01,6.91,6.92,6.67,6.68,2186283,30837544.00
2011/09/02,6.65,6.78,6.54,6.66,2280404,31691840.00
2011/09/05,6.60,6.60,6.44,6.45,1226992,16682517.00
2011/09/06,6.35,6.46,6.34,6.36,941799,12591310.00
2011/09/07,6.40,6.58,6.40,6.55,1331021,18121960.00
2011/09/08,6.60,6.70,6.55,6.58,1570052,21767852.00
2011/09/09,6.58,6.67,6.44,6.49,971344,13282500.00
2011/09/13,6.40,6.40,6.30,6.33,804499,10690307.00
2011/09/14,6.38,6.54,6.33,6.52,916171,12293108.00
2011/09/15,6.53,6.68,6.45,6.57,1366934,18807120.00
2011/09/16,6.58,6.73,6.58,6.64,1483919,20622246.00
2011/09/19,6.63,6.63,6.35,6.40,1269722,17123154.00
2011/09/20,6.38,6.48,6.32,6.43,640440,8565866.00
2011/09/21,6.47,6.60,6.40,6.55,2584783,35389516.00
2011/09/22,6.51,6.55,6.29,6.30,1711868,23015668.00
2011/09/23,6.21,6.37,6.20,6.25,1633330,21442064.00
2011/09/26,6.25,6.32,6.14,6.19,1274846,16614604.00
2011/09/27,6.25,6.29,6.18,6.20,1288212,16771768.00
2011/09/28,6.23,6.32,6.08,6.10,895088,11612032.00
2011/09/29,6.09,6.10,5.85,5.87,879295,11010806.00
2011/09/30,5.91,5.99,5.77,5.78,804922,9904974.00
2011/10/10,5.80,5.89,5.63,5.64,995670,12024595.00
2011/10/11,5.79,5.86,5.45,5.62,1541868,18425664.00
2011/10/12,5.61,5.82,5.55,5.80,1754128,21246440.00
2011/10/13,5.81,5.94,5.78,5.90,1319464,16334391.00
2011/10/14,5.90,5.90,5.74,5.83,790044,9671440.00
2011/10/17,5.83,5.92,5.80,5.84,514083,6320806.00
2011/10/18,5.84,5.84,5.62,5.63,1044536,12551441.00
2011/10/19,5.79,5.79,5.49,5.52,1722758,20288740.00
2011/10/20,5.52,5.52,5.28,5.32,962692,10868849.00
2011/10/21,5.32,5.32,5.19,5.19,621790,6908639.00
2011/10/24,5.20,5.22,4.98,5.21,1404087,15261782.00
2011/10/25,5.23,5.41,5.20,5.38,1234690,13864164.00
2011/10/26,5.34,5.51,5.30,5.41,1502562,17229344.00
2011/10/27,5.41,5.58,5.39,5.45,1271702,14752837.00
2011/10/28,5.54,5.62,5.40,5.61,1478470,17237504.00
2011/10/31,5.55,5.62,5.51,5.61,1205863,14202120.00
2011/11/01,5.60,5.65,5.51,5.54,1944933,22814618.00
2011/11/02,5.49,5.59,5.36,5.58,2728989,31410052.00
2011/11/03,5.63,5.80,5.61,5.64,3115291,37498672.00
2011/11/04,5.69,5.78,5.65,5.73,1789945,21606788.00
2011/11/07,5.72,5.89,5.69,5.74,1310028,15985620.00
2011/11/08,5.73,5.78,5.55,5.60,1248002,14913218.00
2011/11/09,5.60,5.70,5.55,5.69,1647618,19535516.00
2011/11/10,5.60,5.67,5.56,5.62,1224740,14491631.00
2011/11/11,5.62,5.80,5.58,5.72,1748028,21064960.00
2011/11/14,5.84,5.97,5.77,5.94,2392793,29720340.00
2011/11/15,5.90,6.02,5.88,6.00,1308167,16361528.00
2011/11/16,6.01,6.02,5.76,5.79,1605056,19793714.00
2011/11/17,5.79,5.85,5.71,5.79,1078889,13145401.00
2011/11/18,5.75,5.78,5.56,5.58,1165077,13896071.00
2011/11/21,5.58,5.66,5.56,5.66,849589,10034425.00
2011/11/22,5.59,5.66,5.52,5.61,576551,6781806.00
2011/11/23,5.61,5.65,5.52,5.52,506943,5961964.00
2011/11/24,5.45,5.58,5.40,5.53,748232,8659874.00
2011/11/25,5.50,5.61,5.45,5.46,519509,6052030.00
2011/11/28,5.46,5.49,5.28,5.33,852472,9669581.00
2011/11/29,5.43,5.48,5.38,5.47,791129,9085577.00
2011/11/30,5.48,5.50,5.15,5.30,1225977,13754680.00
2011/12/01,5.40,5.65,5.39,5.51,2013883,23314632.00
2011/12/02,5.50,5.50,5.30,5.32,1113193,12658045.00
2011/12/05,5.25,5.31,5.07,5.12,892798,9796863.00
2011/12/06,5.06,5.14,5.04,5.11,516563,5558032.00
2011/12/07,5.10,5.16,5.07,5.13,421143,4573185.00
2011/12/08,5.14,5.16,5.00,5.13,878089,9489126.00
2011/12/09,5.08,5.14,5.01,5.03,510433,5459014.00
2011/12/12,4.98,5.08,4.98,4.98,366012,3892045.00
2011/12/13,5.04,5.04,4.77,4.81,711726,7307289.00
2011/12/14,4.80,4.85,4.70,4.70,412342,4193052.00
2011/12/15,4.63,4.69,4.54,4.63,874547,8622478.00
2011/12/16,4.64,4.74,4.45,4.73,1476228,14491634.00
2011/12/19,4.70,4.76,4.57,4.70,642441,6357761.00
2011/12/20,4.67,4.74,4.65,4.67,578775,5770992.00
2011/12/21,4.72,4.72,4.60,4.62,883566,8778928.00
2011/12/22,4.62,4.62,4.35,4.57,1107377,10628417.00
2011/12/23,4.60,4.68,4.53,4.57,602087,5915884.00
2011/12/26,4.55,4.64,4.55,4.62,476960,4692518.00
2011/12/27,4.62,4.65,4.56,4.57,484971,4754783.00
2011/12/28,4.57,4.59,4.41,4.51,579698,5547272.00
2011/12/29,4.45,4.54,4.45,4.51,319523,3071908.00
2011/12/30,4.51,4.70,4.51,4.61,528868,5199485.00
2012/01/04,4.66,4.70,4.53,4.55,398900,3927940.00
2012/01/05,4.50,4.53,4.42,4.47,549605,5249764.00
2012/01/06,4.47,4.47,4.30,4.47,611543,5754959.00
2012/01/09,4.42,4.64,4.42,4.61,656227,6370740.00
2012/01/10,4.63,4.79,4.60,4.79,789861,7944160.00
2012/01/11,4.77,4.82,4.68,4.70,913944,9203480.00
2012/01/12,4.67,4.76,4.65,4.72,664771,6664794.00
2012/01/13,4.73,4.74,4.55,4.57,729584,7151422.00
2012/01/16,4.53,4.61,4.47,4.48,301061,2914181.00
2012/01/17,4.50,4.74,4.45,4.72,925331,9088247.00
2012/01/18,4.73,4.77,4.59,4.61,867165,8641134.00
2012/01/19,4.60,4.64,4.52,4.62,790157,7730910.00
2012/01/20,4.65,4.68,4.58,4.68,718723,7090062.00
2012/01/30,4.68,4.69,4.62,4.62,437188,4332704.00
2012/01/31,4.67,4.67,4.54,4.57,656441,6386158.00
2012/02/01,4.60,4.60,4.51,4.52,400130,3888451.00
2012/02/03,4.55,4.73,4.55,4.72,1210123,12004747.00
2012/02/06,4.67,4.78,4.67,4.76,1201725,12097491.00
2012/02/07,4.76,4.76,4.56,4.60,1465064,14426034.00
2012/02/08,4.59,4.70,4.51,4.67,1737282,17054364.00
2012/02/09,4.70,4.82,4.68,4.80,2745390,27828132.00
2012/02/10,4.80,4.84,4.76,4.83,1927737,19686324.00
2012/02/13,4.82,4.95,4.77,4.94,2407434,25014170.00
2012/02/14,4.90,5.16,4.90,4.97,3113428,33154304.00
2012/02/15,4.95,5.11,4.92,5.10,2597028,27737544.00
2012/02/16,5.10,5.19,5.03,5.11,2635743,28578040.00
2012/02/17,5.14,5.22,5.08,5.17,2284145,24944878.00
2012/02/20,5.38,5.50,5.15,5.22,8689351,98227216.00
2012/02/21,5.19,5.19,5.00,5.17,3637619,39258360.00
2012/02/22,5.15,5.23,5.08,5.20,2826597,30861784.00
2012/02/23,5.21,5.27,5.12,5.19,2258040,24799196.00
2012/02/24,5.14,5.18,5.08,5.17,4266938,46395372.00
2012/02/27,5.19,5.30,5.16,5.19,4810079,53092392.00
2012/02/28,5.19,5.19,5.00,5.09,2855663,30861224.00
2012/02/29,5.07,5.15,5.05,5.06,1327505,14333082.00
2012/03/01,5.05,5.09,5.02,5.05,1799212,19285176.00
2012/03/02,5.09,5.13,5.05,5.10,2765903,29816562.00
2012/03/05,5.15,5.19,5.05,5.08,3633425,39327856.00
2012/03/06,5.08,5.11,5.00,5.02,1826167,19511372.00
2012/03/07,4.95,5.05,4.94,4.99,1511319,16068191.00
2012/03/08,5.04,5.11,5.00,5.10,2087255,22444768.00
2012/03/09,5.19,5.27,5.14,5.21,4328522,47701828.00
2012/03/12,5.20,5.35,5.20,5.35,4811659,53714816.00
2012/03/13,5.40,5.41,5.30,5.37,3805643,43088944.00
2012/03/14,5.40,5.64,5.26,5.37,10293963,118745656.00
2012/03/15,5.37,5.64,5.22,5.60,8778921,101145152.00
2012/03/16,5.61,5.73,5.50,5.73,8872346,105687824.00
2012/03/19,5.71,5.79,5.66,5.72,5390425,64974000.00
2012/03/20,5.72,5.72,5.48,5.48,4076734,47851176.00
2012/03/21,5.47,5.58,5.36,5.45,2736768,31505100.00
2012/03/22,5.45,5.57,5.38,5.52,1996401,23054076.00
2012/03/23,5.47,5.53,5.34,5.40,2096772,24113510.00
2012/03/26,5.36,5.48,5.33,5.46,1473943,16875844.00
2012/03/27,5.50,5.54,5.29,5.32,2374825,27196664.00
2012/03/28,5.32,5.32,5.05,5.05,2376428,25913740.00
2012/03/29,5.05,5.09,4.93,5.00,1558667,16589749.00
2012/03/30,5.02,5.09,4.95,5.05,949992,10150260.00
2012/04/05,5.00,5.25,5.00,5.22,1707508,18622860.00
2012/04/06,5.22,5.35,5.18,5.26,1807263,20080052.00
2012/04/09,5.27,5.35,5.15,5.16,1208563,13447951.00
2012/04/10,5.14,5.25,5.00,5.24,1512150,16370988.00
2012/04/11,5.12,5.25,5.11,5.19,1184747,13007379.00
2012/04/12,5.17,5.33,5.16,5.33,1508200,16821272.00
2012/04/13,5.32,5.47,5.29,5.41,2254954,25645304.00
2012/04/16,5.32,5.42,5.31,5.35,1142973,12934899.00
2012/04/17,5.38,5.48,5.32,5.40,2039527,23290976.00
2012/04/18,5.40,5.48,5.35,5.48,2371512,27224240.00
2012/04/19,5.48,5.52,5.36,5.41,2185697,25033994.00
2012/04/20,5.40,5.46,5.36,5.43,1658578,18993732.00
2012/04/23,5.37,5.47,5.19,5.24,2676524,30214508.00
2012/04/24,5.20,5.25,4.98,5.24,2760723,30025900.00
2012/04/25,5.21,5.29,5.15,5.26,1448972,16011994.00
2012/04/26,5.29,5.31,5.18,5.20,1613545,17824884.00
2012/04/27,5.20,5.25,5.18,5.21,978922,10814694.00
2012/05/02,5.30,5.34,5.23,5.32,1756007,19615830.00
2012/05/03,5.33,5.47,5.30,5.46,3154738,36051900.00
2012/05/04,5.44,5.47,5.37,5.44,2258373,25879876.00
2012/05/07,5.40,5.59,5.40,5.54,3063694,35699932.00
2012/05/08,5.55,5.57,5.43,5.45,1860231,21508664.00
2012/05/09,5.43,5.43,5.30,5.31,1589046,17995310.00
2012/05/10,5.29,5.46,5.29,5.35,1502038,17116124.00
2012/05/11,5.40,5.55,5.34,5.46,2464998,28307638.00
2012/05/14,5.52,5.72,5.43,5.51,5607597,66177468.00
2012/05/15,5.44,5.50,5.34,5.47,2544773,29097992.00
2012/05/16,5.47,5.85,5.40,5.61,8719813,103959296.00
2012/05/17,5.59,5.69,5.56,5.65,5275081,62471512.00
2012/05/18,5.60,5.62,5.35,5.37,4354285,50287816.00
2012/05/22,5.43,5.49,5.35,5.45,1996146,22891478.00
2012/05/23,5.45,5.67,5.41,5.67,4544385,53205816.00
2012/05/24,5.61,5.71,5.57,5.59,2726132,32303852.00
2012/05/25,5.58,5.62,5.45,5.47,2080829,24154578.00
2012/06/01,5.95,5.95,5.62,5.67,9406974,113037856.00
2012/06/04,5.58,6.27,5.55,6.27,11363549,145437760.00
2012/06/05,6.25,6.55,6.09,6.16,17585905,231949104.00
2012/06/06,6.12,6.33,5.99,6.04,9122066,117380792.00
2012/06/07,6.09,6.44,5.99,6.42,11671772,152069312.00
2012/06/08,6.31,6.46,6.05,6.07,8342956,109211424.00
2012/06/11,5.98,6.19,5.93,6.15,5689053,72365720.00
2012/06/12,6.12,6.42,6.03,6.32,8883624,117408336.00
2012/06/13,6.31,6.50,6.27,6.44,7366893,98630904.00
2012/06/14,6.44,6.45,6.26,6.28,5644997,74971744.00
2012/06/15,6.31,6.64,6.30,6.43,7800501,105915120.00
2012/06/19,6.55,6.95,6.52,6.76,11668059,165603280.00
2012/06/20,6.72,6.83,6.59,6.71,7413393,103849504.00
2012/06/21,6.65,6.65,6.45,6.55,3670784,50402724.00
2012/06/25,6.53,6.73,6.37,6.57,4349948,60082688.00
2012/06/26,6.49,6.69,6.31,6.55,3544326,48406592.00
2012/06/27,6.51,6.80,6.49,6.67,4605757,64173512.00
2012/06/28,6.69,6.89,6.20,6.26,4706314,65013000.00
2012/06/29,6.21,6.53,6.20,6.49,4758902,63758856.00
2012/07/02,6.52,6.82,6.47,6.81,4356334,61020928.00
2012/07/03,6.81,7.03,6.75,6.86,7897964,113834888.00
2012/07/04,6.82,6.91,6.67,6.71,4446988,62893140.00
2012/07/05,6.64,6.79,6.57,6.76,3316111,46121512.00
2012/07/06,6.79,7.01,6.65,6.99,5141697,73626200.00
2012/07/09,6.93,7.04,6.76,6.81,3427006,49445324.00
2012/07/10,6.77,6.82,6.54,6.57,2541841,35364752.00
2012/07/11,6.59,6.87,6.51,6.83,1980470,27529264.00
2012/07/12,6.94,7.02,6.81,6.84,3464165,49749624.00
2012/07/13,6.99,6.99,6.78,6.94,2621714,37484564.00
2012/07/16,6.93,7.04,6.64,6.70,3329728,47163240.00
2012/07/17,6.70,6.71,6.44,6.56,3564015,48307468.00
2012/07/18,6.54,6.58,6.29,6.50,2211589,29645844.00
2012/07/19,6.48,6.65,6.45,6.46,2576059,35007472.00
2012/07/20,6.43,6.61,6.39,6.46,2103287,28346756.00
2012/07/23,6.43,6.70,6.32,6.67,3998334,54545280.00
2012/07/24,6.62,6.80,6.57,6.73,1520162,21122408.00
2012/07/25,6.68,6.82,6.62,6.72,1273928,17764012.00
2012/07/26,6.67,6.78,6.55,6.65,943394,13073867.00
2012/07/27,6.62,6.65,6.31,6.58,2613478,35087340.00
2012/07/30,6.57,6.57,6.23,6.24,3138807,41149376.00
2012/07/31,6.25,6.31,6.16,6.19,701718,9119206.00
2012/08/01,6.15,6.42,6.13,6.31,1259298,16584672.00
2012/08/02,6.31,6.50,6.26,6.41,1923779,25648696.00
2012/08/03,6.38,6.61,6.37,6.59,1742818,23469776.00
2012/08/06,6.59,6.70,6.51,6.69,918017,12587618.00
2012/08/07,6.69,6.95,6.62,6.90,2405125,33614276.00
2012/08/08,6.82,7.15,6.71,7.08,3018797,43373344.00
2012/08/09,7.00,7.15,6.90,7.06,2599927,37881288.00
2012/08/10,7.05,7.05,6.90,6.96,1289163,18674204.00
2012/08/13,6.95,7.02,6.81,6.85,918020,13171327.00
2012/08/14,6.80,6.92,6.72,6.82,1947083,27523984.00
2012/08/15,6.79,6.86,6.72,6.74,751567,10551245.00
2012/08/16,6.77,6.79,6.64,6.73,765005,10654594.00
2012/08/17,6.66,6.75,6.55,6.74,1149862,15901373.00
2012/08/20,6.66,6.82,6.65,6.82,668135,9386025.00
2012/08/21,6.82,7.00,6.82,6.94,1131482,16231230.00
2012/08/22,6.95,6.99,6.75,6.94,1658508,23594434.00
2012/08/23,6.93,6.99,6.76,6.83,1026305,14643056.00
2012/08/24,6.85,6.92,6.75,6.78,1508192,21354916.00
2012/08/27,6.78,6.78,6.50,6.65,1669524,22924440.00
2012/08/28,6.58,6.64,6.52,6.53,969271,13211135.00
2012/08/29,6.51,6.58,6.36,6.38,1139260,15323251.00
2012/08/30,6.35,6.42,6.05,6.17,2190227,28353680.00
2012/08/31,6.16,6.35,6.10,6.34,1605891,20806508.00
2012/09/03,6.34,6.53,6.25,6.50,1354998,18141286.00
2012/09/04,6.49,6.54,6.38,6.46,667184,8968426.00
2012/09/05,6.41,6.53,6.35,6.48,826953,11091254.00
2012/09/06,6.41,6.51,6.41,6.48,953901,12826251.00
2012/09/07,6.52,6.71,6.49,6.68,2310971,31917376.00
2012/09/10,6.72,6.72,6.60,6.63,1700347,23433572.00
2012/09/11,6.64,6.65,6.54,6.55,930431,12758650.00
2012/09/12,6.56,6.63,6.43,6.50,1046523,14175519.00
2012/09/13,6.50,6.54,6.41,6.49,814620,10981659.00
2012/09/14,6.52,6.54,6.24,6.27,2511095,32957588.00
2012/09/17,6.30,6.30,6.14,6.21,1286026,16584526.00
2012/09/18,6.19,6.28,6.12,6.21,675799,8768304.00
2012/09/19,6.21,6.25,6.11,6.19,1137338,14600691.00
2012/09/20,6.19,6.21,5.94,6.05,1792530,22621728.00
2012/09/21,6.00,6.12,6.00,6.05,682188,8637590.00
2012/09/24,6.00,6.06,5.96,6.05,1007894,12606605.00
2012/09/25,6.04,6.04,5.81,5.92,1257557,15499951.00
2012/09/26,5.85,5.92,5.67,5.80,1736599,20864324.00
2012/09/27,5.78,5.90,5.69,5.88,1668174,20214654.00
2012/09/28,5.81,6.06,5.78,6.06,1569016,19425672.00
2012/10/08,6.06,6.16,6.04,6.08,960915,12203472.00
2012/10/09,6.10,6.20,6.05,6.15,673883,8620371.00
2012/10/10,6.15,6.19,6.09,6.19,745529,9542909.00
2012/10/11,6.16,6.16,6.07,6.14,605403,7701350.00
2012/10/12,6.12,6.17,6.04,6.10,495205,6289233.00
2012/10/15,6.05,6.15,6.01,6.14,593499,7518061.00
2012/10/16,6.16,6.32,6.11,6.29,1240855,16203834.00
2012/10/17,6.29,6.29,6.13,6.15,530005,6830444.00
2012/10/18,6.14,6.24,6.14,6.19,490246,6334694.00
2012/10/19,6.17,6.21,6.15,6.20,292884,3769064.00
2012/10/22,6.19,6.29,6.15,6.27,502380,6504398.00
2012/10/23,6.27,6.31,6.16,6.23,527604,6824388.00
2012/10/24,6.16,6.21,6.12,6.19,473460,6071088.00
2012/10/25,6.20,6.20,5.76,5.79,974261,12141096.00
2012/10/26,5.82,5.88,5.76,5.85,1925585,23435014.00
2012/10/29,5.84,5.95,5.84,5.92,827159,10173874.00
2012/10/30,5.93,5.97,5.83,5.92,856628,10519136.00
2012/10/31,5.86,6.14,5.82,6.12,1275898,15934670.00
2012/11/01,6.06,6.27,6.06,6.19,1072667,13883303.00
2012/11/02,6.17,6.28,6.17,6.25,779539,10130081.00
2012/11/05,6.29,6.31,6.20,6.26,731916,9534123.00
2012/11/06,6.26,6.29,6.20,6.28,681474,8868289.00
2012/11/07,6.25,6.32,6.23,6.24,753386,9867835.00
2012/11/08,6.20,6.21,6.03,6.05,504321,6417088.00
2012/11/09,6.05,6.10,6.05,6.05,312186,3940898.00
2012/11/12,6.05,6.11,6.00,6.05,439764,5530806.00
2012/11/13,6.05,6.05,5.90,6.01,793468,9859807.00
2012/11/14,6.00,6.10,5.87,6.09,533600,6700460.00
2012/11/15,6.09,6.12,5.99,6.05,455399,5767229.00
2012/11/16,6.05,6.05,5.88,6.00,825998,10246573.00
2012/11/19,5.93,5.97,5.79,5.86,618422,7554172.00
2012/11/20,5.91,5.91,5.75,5.86,437824,5308613.00
2012/11/21,5.87,5.95,5.62,5.95,662090,8011032.00
2012/11/22,5.94,5.94,5.77,5.89,640321,7807302.00
2012/11/23,5.91,5.92,5.82,5.90,289541,3553139.00
2012/11/26,5.90,5.92,5.81,5.88,200681,2449652.00
2012/11/27,5.83,5.85,5.72,5.83,397110,4800293.00
2012/11/28,5.80,5.80,5.55,5.59,683788,8018541.00
2012/11/29,5.57,5.64,5.44,5.60,553378,6392373.00
2012/11/30,5.60,5.69,5.50,5.68,412778,4837425.00
2012/12/03,5.68,5.68,5.55,5.67,306757,3606698.00
2012/12/04,5.61,5.67,5.50,5.67,326530,3814734.00
2012/12/05,5.64,5.84,5.61,5.74,633838,7624406.00
2012/12/06,5.79,5.80,5.59,5.72,452015,5346961.00
2012/12/07,5.67,5.77,5.67,5.75,992542,11891078.00
2012/12/10,5.75,5.85,5.59,5.68,2188659,25880090.00
2012/12/11,5.67,5.67,5.56,5.57,890673,10454643.00
2012/12/12,5.57,5.62,5.46,5.52,1052755,12193621.00
2012/12/13,5.54,5.56,5.46,5.50,675275,7773882.00
2012/12/14,5.52,5.70,5.50,5.70,1866692,21940948.00
2012/12/17,5.72,5.72,5.52,5.54,3892388,45309768.00
2012/12/18,5.53,5.62,5.51,5.61,1567666,18299312.00
2012/12/19,5.61,5.63,5.54,5.60,1314385,15330093.00
2012/12/20,5.57,5.69,5.55,5.68,1638838,19250464.00
2012/12/21,5.68,5.70,5.63,5.68,1481631,17538046.00
2012/12/24,5.70,5.86,5.66,5.85,2593887,31241312.00
2012/12/25,5.83,5.96,5.78,5.88,3851098,47170436.00
2012/12/26,5.85,5.94,5.80,5.85,1702098,20752874.00
2012/12/27,5.87,6.04,5.85,6.00,4126392,51482740.00
2012/12/28,6.00,6.04,5.95,6.03,2368612,29623614.00
2012/12/31,6.03,6.12,5.94,6.11,2705965,34095984.00
2013/01/04,6.11,6.11,5.79,5.92,2491723,30745284.00
2013/01/07,5.86,6.01,5.86,5.94,3532588,43592864.00
2013/01/08,5.93,6.17,5.88,6.12,3575922,45182192.00
2013/01/09,6.13,6.19,6.04,6.11,2190672,27897016.00
2013/01/10,6.14,6.17,6.02,6.08,1615675,20397566.00
2013/01/11,6.03,6.10,5.94,5.95,1089429,13634464.00
2013/01/14,5.97,6.26,5.97,6.21,3377087,43424668.00
2013/01/15,6.20,6.35,6.17,6.28,2685773,35097132.00
2013/01/16,6.28,6.31,6.15,6.26,1700871,22011540.00
2013/01/17,6.28,6.42,6.26,6.34,3522063,46528424.00
2013/01/18,6.34,6.44,6.29,6.36,1768628,23392950.00
2013/01/21,6.36,6.40,6.28,6.35,1446364,19095050.00
2013/01/22,6.38,6.39,6.17,6.25,1633356,21267124.00
2013/01/23,6.24,6.33,6.13,6.24,1117753,14404717.00
2013/01/24,6.24,6.32,6.08,6.14,1436501,18581904.00
2013/01/25,6.12,6.32,6.12,6.28,1228248,16016724.00
2013/01/28,6.29,6.45,6.26,6.44,3137250,41660068.00
2013/01/29,6.35,6.35,6.18,6.25,4923233,64011184.00
2013/01/30,6.25,6.27,6.08,6.12,2566888,32790192.00
2013/01/31,6.19,6.22,6.11,6.21,1771935,22719952.00
2013/02/01,6.20,6.35,6.15,6.25,1735599,22551292.00
2013/02/04,6.21,6.27,6.09,6.13,1380047,17654244.00
2013/02/05,6.12,6.22,6.08,6.22,998919,12793533.00
2013/02/06,6.22,6.28,6.15,6.27,1713692,22146700.00
2013/02/07,6.25,6.35,6.22,6.28,2780391,36175840.00
2013/02/08,6.27,6.50,6.27,6.49,5539685,74132840.00
2013/02/18,6.54,6.57,6.44,6.48,2236738,30160898.00
2013/02/19,6.47,6.52,6.32,6.35,2048085,27141564.00
2013/02/20,6.35,7.01,6.31,6.84,6617066,93045232.00
2013/02/21,6.83,7.35,6.76,6.89,9800283,142310784.00
2013/02/22,6.85,7.15,6.85,6.94,6516095,95199808.00
2013/02/25,6.87,7.24,6.87,7.22,5300767,78390040.00
2013/02/26,7.23,7.97,7.22,7.81,14937022,238089952.00
2013/02/27,7.75,7.78,7.52,7.71,5891384,93429480.00
2013/02/28,7.67,7.94,7.58,7.75,3233506,51639184.00
2013/03/01,7.73,7.73,7.49,7.71,6619355,103986432.00
2013/03/04,7.62,7.80,7.56,7.65,3057173,48434292.00
2013/03/05,7.64,7.85,7.58,7.79,5602440,89623176.00
2013/03/06,7.82,8.24,7.71,7.76,7216799,118926248.00
2013/03/07,7.75,7.75,7.32,7.44,6516389,101154072.00
2013/03/08,7.44,7.49,7.29,7.38,2295695,34977776.00
2013/03/11,7.35,7.42,7.22,7.34,1657317,25172180.00
2013/03/12,7.34,7.40,6.95,7.15,4139675,61179632.00
2013/03/13,7.12,7.30,7.07,7.19,2803014,41646560.00
2013/03/14,7.15,7.24,7.02,7.16,2146668,31609224.00
2013/03/15,7.18,7.49,7.11,7.36,3570724,54135300.00
2013/03/18,7.36,7.63,7.20,7.25,3517323,53903808.00
2013/03/19,7.27,7.32,6.85,6.99,2843055,41172576.00
2013/03/20,7.00,7.32,6.93,7.27,2318524,34106892.00
2013/03/21,7.32,7.41,7.20,7.28,1739147,26325732.00
2013/03/22,7.28,7.28,7.05,7.24,3066452,45325304.00
2013/03/25,7.24,7.24,7.01,7.08,2206690,32421400.00
2013/03/26,7.07,7.59,7.02,7.56,4618311,70064640.00
2013/03/27,7.54,7.74,7.43,7.59,3999729,62508524.00
2013/03/28,7.52,7.55,7.35,7.41,3311097,51021348.00
2013/03/29,7.42,7.47,7.04,7.11,4538635,67832696.00
2013/04/01,7.30,7.72,7.26,7.64,6568997,102505120.00
2013/04/02,7.56,7.65,7.25,7.31,3503177,53927224.00
2013/04/03,7.32,7.60,7.19,7.54,5499447,85046648.00
2013/04/08,7.52,7.92,7.30,7.84,6659080,106090496.00
2013/04/09,7.81,7.85,7.67,7.74,3164465,50615448.00
2013/04/10,7.73,7.73,7.40,7.48,4219777,65570232.00
2013/04/11,7.49,7.82,7.42,7.81,3486164,55165288.00
2013/04/12,7.75,7.92,7.56,7.62,2519571,40364368.00
2013/04/15,7.64,7.81,7.50,7.59,3774537,59886928.00
2013/04/16,7.45,7.57,7.25,7.33,3098858,47355560.00
2013/04/17,7.38,7.41,7.17,7.37,3138317,47357576.00
2013/04/18,7.33,7.50,7.30,7.40,1503332,22974564.00
2013/04/19,7.37,7.64,7.37,7.50,2019411,31399308.00
2013/04/22,7.55,7.73,7.49,7.72,2646632,41669636.00
2013/04/23,7.71,7.72,7.27,7.35,5040071,76974616.00
2013/04/24,7.33,7.49,7.25,7.42,1761647,26901982.00
2013/04/25,7.35,7.45,7.33,7.34,1708892,26051056.00
2013/04/26,7.32,7.39,7.17,7.18,1905255,28562488.00
2013/05/02,7.19,7.32,7.13,7.15,1499953,22365512.00
2013/05/03,7.16,7.35,7.16,7.31,1362709,20589760.00
2013/05/06,7.39,7.47,7.31,7.45,1777397,27117780.00
2013/05/07,7.45,7.45,7.20,7.30,1868432,28262784.00
2013/05/08,7.31,7.40,7.19,7.35,2075138,31269924.00
2013/05/09,7.34,7.37,7.26,7.33,1670316,25269646.00
2013/05/10,7.33,7.40,7.27,7.40,1748198,26537660.00
2013/05/13,7.41,7.48,7.27,7.35,2103901,32010128.00
2013/05/14,7.33,7.33,7.15,7.31,2041270,30574140.00
2013/05/15,7.25,7.41,7.25,7.38,2065945,31410744.00
2013/05/16,7.35,7.64,7.31,7.56,5131440,79844592.00
2013/05/17,7.56,7.84,7.55,7.78,4910491,78097584.00
2013/05/20,7.78,7.78,7.49,7.66,5023754,78995168.00
2013/05/21,7.57,7.69,7.50,7.69,4000737,62859396.00
2013/05/22,7.68,7.99,7.68,7.96,6271597,101709264.00
2013/05/23,7.96,8.19,7.65,8.11,6822906,112502808.00
2013/05/24,8.11,8.51,8.11,8.38,8451365,145482144.00
2013/05/27,8.40,8.80,8.40,8.62,9724555,172964928.00
2013/05/28,8.56,8.87,8.50,8.73,7259677,130213096.00
2013/05/29,8.73,8.79,8.58,8.69,3746770,67008624.00
2013/05/30,8.65,8.80,8.55,8.70,3366139,60388216.00
2013/05/31,8.75,9.59,8.75,9.48,9330815,178226288.00
2013/06/03,9.47,9.78,9.07,9.20,6830317,131758800.00
2013/06/04,9.17,9.32,8.42,8.75,4996616,90290712.00
2013/06/05,8.63,8.77,8.59,8.75,1921982,34363412.00
2013/06/06,8.74,8.97,8.65,8.71,2670439,48636936.00
2013/06/07,8.71,8.98,8.50,8.91,3187006,56855928.00
2013/06/13,8.80,8.80,8.30,8.71,1875120,33018756.00
2013/06/14,8.75,9.09,8.65,8.86,2101532,38549468.00
2013/06/17,8.86,9.25,8.86,9.24,3875244,72852576.00
2013/06/18,9.25,9.25,8.90,8.96,1895394,35190368.00
2013/06/19,8.97,9.05,8.66,8.74,2700381,49003304.00
2013/06/20,8.79,8.79,8.25,8.34,2332613,40747184.00
2013/06/21,8.20,8.30,7.89,8.28,3103953,51640648.00
2013/06/24,8.25,8.25,7.71,7.90,2517104,41116672.00
2013/06/25,7.88,7.90,7.12,7.72,3101995,48062464.00
2013/06/26,7.66,7.90,7.55,7.86,2409043,38720444.00
2013/06/27,7.88,7.94,7.44,7.55,3346423,53149428.00
2013/06/28,7.52,7.59,7.16,7.35,1531598,23447618.00
2013/07/01,7.35,7.65,7.35,7.57,2886192,44965628.00
2013/07/02,7.58,7.88,7.50,7.80,2717958,43520872.00
2013/07/03,7.80,7.80,7.40,7.67,3776857,59055104.00
2013/07/04,7.57,7.66,7.43,7.57,2008084,31310804.00
2013/07/05,7.56,7.64,7.40,7.40,2362397,36549532.00
2013/07/08,7.27,7.34,6.85,6.90,3917627,56897176.00
2013/07/09,6.85,7.05,6.78,6.83,2289060,32562428.00
2013/07/10,6.88,7.10,6.83,7.06,2170590,31468472.00
2013/07/11,7.14,7.44,7.08,7.32,3997406,60643080.00
2013/07/12,7.34,7.59,7.25,7.27,2974994,45477016.00
2013/07/15,7.28,7.53,7.05,7.50,3926142,59851676.00
2013/07/16,7.47,7.68,7.40,7.67,2540606,39735060.00
2013/07/17,7.66,7.66,7.32,7.35,2622494,40749936.00
2013/07/18,7.35,7.44,7.12,7.16,2299581,34532116.00
2013/07/19,7.15,7.31,7.05,7.05,2572785,38170760.00
2013/07/22,7.05,7.05,6.72,6.90,7316917,103304400.00
2013/07/23,6.87,7.61,6.85,7.61,7261145,109619928.00
2013/07/24,7.62,7.62,7.41,7.60,5209358,80982904.00
2013/07/25,7.55,7.60,7.15,7.25,4848221,74140632.00
2013/07/26,7.18,7.32,6.98,7.04,4598534,67529416.00
2013/07/29,7.03,7.20,6.89,7.14,3604700,52665128.00
2013/07/30,7.12,7.20,6.92,7.11,2876521,41976820.00
2013/07/31,7.21,7.50,7.11,7.36,4758312,71823792.00
2013/08/01,7.35,7.46,7.25,7.44,3220225,49325328.00
2013/08/02,7.50,7.59,7.35,7.42,3801808,58829292.00
2013/08/05,7.45,7.60,7.39,7.60,5436291,84767576.00
2013/08/06,7.61,7.78,7.54,7.69,3455303,54881016.00
2013/08/07,7.69,7.69,7.40,7.50,3201880,49852312.00
2013/08/08,7.50,7.61,7.46,7.54,3082126,47982508.00
2013/08/09,7.50,7.81,7.50,7.77,3903151,61810696.00
2013/08/12,7.79,7.79,7.61,7.70,4491068,71220056.00
2013/08/13,7.68,7.77,7.60,7.64,3887694,61505356.00
2013/08/14,7.65,7.67,7.46,7.53,4887250,76086720.00
2013/08/15,7.54,7.61,7.31,7.32,3971626,61117024.00
2013/08/16,7.25,7.34,7.07,7.08,4234406,62817068.00
2013/08/19,7.08,7.28,6.99,7.26,2431001,36195280.00
2013/08/20,7.20,7.30,7.05,7.19,2353792,34890504.00
2013/08/21,7.15,7.32,7.12,7.31,1267628,18923260.00
2013/08/22,7.29,7.32,7.22,7.31,1542103,23223742.00
2013/08/23,7.32,7.35,7.11,7.24,2322699,34759560.00
2013/08/26,7.18,7.36,7.15,7.34,2464612,37090512.00
2013/08/27,7.32,7.58,7.30,7.55,3913139,60408984.00
2013/08/28,7.49,7.59,7.39,7.48,4019790,62355232.00
2013/08/29,7.53,7.61,7.41,7.57,3562963,55533576.00
2013/08/30,7.58,7.59,7.20,7.31,3582211,55024164.00
2013/09/02,7.30,7.33,7.14,7.18,2862098,42551416.00
2013/09/03,7.16,7.45,7.16,7.44,3170234,48269204.00
2013/09/04,7.40,7.52,7.36,7.43,2258574,34802256.00
2013/09/05,7.40,7.53,7.36,7.50,4155103,64243696.00
2013/09/06,7.50,7.79,7.46,7.74,6529708,103862824.00
2013/09/09,7.75,7.99,7.72,7.81,5257564,85051720.00
2013/09/10,7.84,7.97,7.70,7.96,4264617,69242464.00
2013/09/11,8.15,8.20,7.90,8.02,6582547,109345912.00
2013/09/12,7.95,7.99,7.64,7.75,5736751,91869008.00
2013/09/13,7.75,7.80,7.66,7.75,2737996,43678508.00
2013/09/16,7.73,7.81,7.58,7.69,4086401,65033200.00
2013/09/17,7.63,7.72,7.50,7.58,3208062,50235608.00
2013/09/18,7.55,7.80,7.54,7.71,3013324,47614580.00
2013/09/23,7.75,8.13,7.73,8.02,5674095,93677776.00
2013/09/24,8.01,8.15,7.93,8.07,4187167,69700320.00
2013/09/25,8.08,8.20,7.95,8.03,3954469,65881536.00
2013/09/26,8.03,8.03,7.85,7.89,2947620,48203328.00
2013/09/27,7.90,8.25,7.90,8.22,6545299,110171264.00
2013/09/30,8.22,8.32,8.11,8.24,4112773,69686648.00
2013/10/08,8.20,8.50,8.06,8.40,4881395,84219920.00
2013/10/09,8.40,8.74,8.35,8.55,3325733,58817852.00
2013/10/10,8.55,8.61,8.40,8.52,3997314,69898160.00
2013/10/11,8.55,8.90,8.53,8.82,4714571,84823712.00
2013/10/14,8.83,9.22,8.83,9.09,8211140,153561088.00
2013/10/15,9.05,9.24,8.69,8.71,5345846,97492352.00
2013/10/16,8.68,8.76,8.30,8.31,7064733,122906408.00
2013/10/17,8.31,8.47,8.09,8.17,5603657,95526240.00
2013/10/18,8.13,8.37,8.12,8.34,2493265,42625020.00
2013/10/21,8.42,8.67,8.35,8.66,3436265,60331368.00
2013/10/22,8.62,8.85,8.25,8.35,4494227,78621472.00
2013/10/23,8.29,8.50,8.08,8.31,3727602,63792804.00
2013/10/24,8.31,8.36,8.12,8.19,2367664,40212704.00
2013/10/25,8.20,8.25,7.86,7.95,2817026,46375504.00
2013/10/28,7.80,7.80,7.59,7.68,3099886,49260264.00
2013/10/29,7.62,7.74,7.12,7.35,3693622,56824188.00
2013/10/30,7.35,7.59,7.35,7.49,1958917,30298950.00
2013/10/31,7.46,7.51,7.30,7.33,1297139,19732600.00
2013/11/01,7.36,7.43,7.25,7.38,1222070,18533624.00
2013/11/04,7.32,7.57,7.32,7.40,2219099,34314868.00
2013/11/05,7.36,7.48,7.34,7.47,1902004,29078054.00
2013/11/06,7.47,7.47,7.22,7.24,2756214,41802512.00
2013/11/07,7.21,7.28,6.98,7.09,2211384,32529020.00
2013/11/08,7.09,7.09,6.95,7.03,1484159,21510124.00
2013/11/11,7.03,7.20,6.97,7.19,1559801,22861932.00
2013/11/12,7.17,7.32,7.17,7.20,2057990,30854734.00
2013/11/13,7.18,7.18,7.03,7.06,1014587,14935008.00
2013/11/14,7.02,7.32,6.94,7.29,2469170,36235020.00
2013/11/15,7.23,7.45,7.22,7.36,2578858,39212572.00
2013/11/18,7.48,7.59,7.35,7.55,2673434,41549908.00
2013/11/19,7.55,7.60,7.44,7.52,1352606,21014528.00
2013/11/20,7.54,7.56,7.42,7.53,1727522,26666012.00
2013/11/21,7.49,7.56,7.40,7.54,1440318,22339604.00
2013/11/22,7.57,7.57,7.50,7.51,1019817,15856029.00
2013/11/25,7.45,7.53,7.45,7.47,899779,13919924.00
2013/11/26,7.48,7.54,7.36,7.41,872145,13377765.00
2013/11/27,7.42,7.47,7.38,7.45,726679,11159466.00
2013/11/28,7.47,7.61,7.46,7.53,2058992,32062420.00
2013/11/29,7.54,7.68,7.50,7.63,1678167,26391148.00
2013/12/02,7.50,7.51,7.09,7.15,2239386,33805792.00
2013/12/03,7.15,7.29,7.13,7.27,2008098,29921372.00
2013/12/04,7.27,7.38,7.20,7.34,2738670,41514036.00
2013/12/05,7.32,7.35,7.26,7.30,1539497,23238812.00
2013/12/06,7.32,7.33,7.22,7.26,1429134,21486300.00
2013/12/09,7.27,7.32,7.23,7.31,821066,12390170.00
2013/12/10,7.31,7.53,7.26,7.47,2465202,38051392.00
2013/12/11,7.40,7.44,7.28,7.33,1210532,18371972.00
2013/12/12,7.32,7.40,7.25,7.35,1364952,20689208.00
2013/12/13,7.32,7.38,7.29,7.32,1011402,15334554.00
2013/12/16,7.29,7.34,7.10,7.15,1538405,22913354.00
2013/12/17,7.14,7.27,7.10,7.15,1908575,28395292.00
2013/12/18,7.12,7.23,7.10,7.17,535337,7953921.00
2013/12/19,7.18,7.23,7.14,7.14,738963,10963312.00
2013/12/20,7.15,7.19,7.04,7.15,1022899,15022143.00
2013/12/23,7.17,7.39,7.09,7.36,1926560,29142078.00
2013/12/24,7.36,7.38,7.27,7.32,1493958,22611436.00
2013/12/25,7.35,7.53,7.27,7.50,2670983,41185272.00
2013/12/26,7.47,7.61,7.32,7.60,2148919,33169832.00
2013/12/27,7.57,7.60,7.49,7.57,1392229,21766116.00
2013/12/30,7.58,7.85,7.57,7.83,3452126,55103376.00
2013/12/31,7.83,7.97,7.71,7.89,3352530,54406516.00
2014/01/02,7.85,7.95,7.85,7.90,1232908,20102552.00
2014/01/03,7.87,7.90,7.65,7.68,1505989,23993832.00
2014/01/06,7.68,7.70,7.43,7.54,1431215,22336016.00
2014/01/07,7.44,7.80,7.44,7.78,2039998,32521596.00
2014/01/08,7.83,7.85,7.59,7.66,1470974,23316552.00
2014/01/09,7.66,7.76,7.59,7.62,848850,13460744.00
2014/01/10,7.62,7.67,7.52,7.65,736677,11546610.00
2014/01/13,7.62,7.73,7.40,7.55,1013495,15818343.00
2014/01/14,7.52,7.61,7.45,7.59,656951,10214859.00
2014/01/15,7.56,7.60,7.36,7.41,1236867,19066682.00
2014/01/16,7.40,7.53,7.37,7.49,845636,13038044.00
2014/01/17,7.49,7.54,7.32,7.34,993800,15169087.00
2014/01/20,7.33,7.38,7.25,7.30,384015,5807176.00
2014/01/21,7.27,7.42,7.27,7.31,556970,8465668.00
2014/01/22,7.37,7.49,7.33,7.45,2097736,32135554.00
2014/01/23,7.45,7.45,7.23,7.34,2109022,31951410.00
2014/01/24,7.34,7.55,7.25,7.53,4281661,64870984.00
2014/01/27,7.41,7.67,7.41,7.67,3785853,59313332.00
2014/01/28,7.60,7.70,7.51,7.56,1643872,25785296.00
2014/01/29,7.59,7.66,7.40,7.47,2197502,34180540.00
2014/01/30,7.48,7.54,7.45,7.50,803782,12429735.00
2014/02/07,7.50,7.87,7.47,7.83,3226717,51440708.00
2014/02/10,7.84,8.09,7.75,7.86,5045677,82232792.00
2014/02/11,7.86,8.08,7.84,8.02,4625014,76355480.00
2014/02/12,8.04,8.43,7.95,8.35,6811463,116778568.00
2014/02/13,8.35,8.37,8.08,8.16,3266138,55336796.00
2014/02/14,8.13,8.29,8.13,8.22,1568474,26518188.00
2014/02/17,8.20,8.24,8.00,8.20,3600572,60419064.00
2014/02/18,8.18,8.20,8.09,8.14,2130874,35737492.00
2014/02/19,8.11,8.29,8.00,8.10,2620991,44012972.00
2014/02/20,8.10,8.20,7.80,7.86,3807194,62346340.00
2014/02/21,7.80,7.95,7.76,7.92,2317840,37441700.00
2014/02/24,7.87,7.87,7.64,7.84,2966707,47463480.00
2014/02/25,7.84,7.86,7.50,7.68,3063460,48792392.00
2014/02/26,7.55,7.67,7.47,7.66,2312692,36255668.00
2014/02/27,7.77,7.86,7.32,7.50,3310771,51997840.00
2014/02/28,7.40,7.55,7.32,7.53,2231818,34052432.00
2014/03/03,7.54,7.61,7.43,7.58,3209220,50191328.00
2014/03/04,7.50,7.77,7.50,7.73,3173053,50353064.00
2014/03/05,7.75,7.86,7.69,7.73,1974841,31675196.00
2014/03/06,7.67,8.00,7.56,7.84,2940459,47311016.00
2014/03/07,7.84,7.88,7.75,7.78,1823690,29402988.00
2014/03/10,7.73,7.75,7.35,7.42,1972657,30551960.00
2014/03/11,7.42,7.42,7.02,7.25,3750370,55997780.00
2014/03/12,7.19,7.28,7.09,7.25,1213114,18094092.00
2014/03/13,7.25,7.42,7.15,7.40,1695554,25771192.00
2014/03/14,7.39,7.41,7.24,7.39,1193373,18074210.00
2014/03/17,7.37,7.56,7.35,7.51,1576406,24325688.00
2014/03/18,7.51,7.61,7.44,7.52,1814013,28248932.00
2014/03/19,7.45,7.74,7.42,7.70,2702261,42460768.00
2014/03/20,7.69,7.77,7.47,7.48,1468983,23122380.00
2014/03/21,7.45,7.90,7.42,7.74,3853433,61302168.00
2014/03/24,7.78,8.15,7.67,8.01,7372006,120896928.00
2014/03/25,7.97,8.01,7.85,7.91,2830802,46429244.00
2014/03/26,7.92,8.19,7.92,8.00,3569414,59305224.00
2014/03/27,8.04,8.04,7.72,7.77,3675125,59325464.00
2014/03/28,7.72,7.76,7.35,7.43,3395452,52890632.00
2014/03/31,7.46,7.57,7.34,7.52,1421095,21952302.00
2014/04/01,7.44,7.62,7.44,7.57,1352564,21089528.00
2014/04/02,7.54,7.61,7.45,7.48,948035,14714398.00
2014/04/03,7.45,7.65,7.45,7.64,1307570,20540688.00
2014/04/04,7.63,7.98,7.56,7.86,3619219,58786332.00
2014/04/08,7.85,7.99,7.76,7.88,2747690,44765152.00
2014/04/09,7.92,8.02,7.81,7.89,1874329,30606368.00
2014/04/10,7.89,7.98,7.84,7.92,2256919,36777252.00
2014/04/11,7.92,7.94,7.81,7.90,1965070,31980286.00
2014/04/14,7.90,7.95,7.70,7.73,4248228,68405696.00
2014/04/15,7.75,7.92,7.72,7.83,2860497,46261864.00
2014/04/16,7.80,7.87,7.70,7.80,1628402,26177046.00
2014/04/17,7.75,7.82,7.75,7.75,1234413,19832036.00
2014/04/18,7.75,8.02,7.75,7.93,5317332,86903616.00
2014/04/21,7.93,8.28,7.90,8.13,8434976,141239808.00
2014/04/22,8.10,8.19,7.94,8.02,4541950,75230520.00
2014/04/23,8.02,8.06,7.85,8.02,2962526,48539580.00
2014/04/24,8.02,8.03,7.80,7.85,4150813,67615888.00
2014/05/13,7.80,7.85,7.37,7.54,7699427,120181456.00
2014/05/14,7.49,7.89,7.45,7.89,6763594,107425456.00
2014/05/15,7.89,8.02,7.66,7.77,3877466,62970024.00
2014/05/16,7.80,7.80,7.55,7.62,2379118,37514072.00
2014/05/19,7.68,7.68,7.48,7.55,1624515,25305952.00
2014/05/20,7.56,7.68,7.51,7.64,1780020,27944204.00
2014/05/21,7.66,7.71,7.55,7.66,914126,14417573.00
2014/05/22,7.64,7.71,7.53,7.56,1907794,30103368.00
2014/05/23,7.55,7.80,7.52,7.74,2163943,34374268.00
2014/05/26,7.77,8.01,7.75,7.93,4134909,67593384.00
2014/05/27,7.90,8.07,7.86,7.91,3057014,50379580.00
2014/05/28,7.92,8.31,7.87,8.31,5854043,98286128.00
2014/05/29,8.25,8.45,8.19,8.29,5753397,99008760.00
2014/05/30,8.32,8.33,8.19,8.23,2762731,46898136.00
2014/06/03,8.22,8.29,8.04,8.07,2554226,42977384.00
2014/06/04,8.07,8.28,8.02,8.27,1669948,28008704.00
2014/06/05,8.27,8.27,8.15,8.23,2151579,36397072.00
2014/06/06,8.15,8.43,8.15,8.31,3960884,68073168.00
2014/06/09,8.32,8.50,8.26,8.48,4823269,83682864.00
2014/06/10,8.49,8.73,8.42,8.62,6638555,117282384.00
2014/06/11,8.55,8.80,8.51,8.70,4447136,79435352.00
2014/06/12,8.63,8.73,8.58,8.62,1982230,35304092.00
2014/06/13,8.57,8.77,8.41,8.67,2815047,49835144.00
2014/06/16,8.59,8.74,8.51,8.67,2242162,39728880.00
2014/06/17,8.65,8.67,8.25,8.48,2466391,42960956.00
2014/06/18,8.36,8.47,8.22,8.42,3662642,62766064.00
2014/06/19,8.44,8.49,7.85,7.98,3541005,59880748.00
2014/06/20,8.00,8.22,8.00,8.15,1768500,29674252.00
2014/06/23,8.15,8.37,8.11,8.30,3258774,55547280.00
2014/06/24,8.28,8.53,8.22,8.51,2393348,41534300.00
2014/06/25,8.51,8.59,8.43,8.58,1459621,25609480.00
2014/06/26,8.55,8.99,8.52,8.73,4049780,72451344.00
2014/06/27,8.75,8.89,8.66,8.76,3087277,55734776.00
2014/06/30,8.82,9.07,8.69,9.02,4063891,74723960.00
2014/07/01,8.99,9.12,8.95,9.00,2514261,46563636.00
2014/07/02,8.97,9.05,8.74,8.79,2433806,44320096.00
2014/07/03,8.85,9.38,8.75,9.27,6097178,114669248.00
2014/07/04,9.21,9.47,9.20,9.34,4098338,78765688.00
2014/07/07,9.34,9.37,9.14,9.34,2136575,40814384.00
2014/07/08,9.37,9.40,9.20,9.31,1491928,28484008.00
2014/07/09,9.27,9.36,8.99,9.05,1987092,37293024.00
2014/07/10,9.04,9.29,9.01,9.21,1887142,35610476.00
2014/07/11,9.15,9.24,9.10,9.20,1881059,35533584.00
2014/07/14,9.20,9.41,9.11,9.38,1817276,34814224.00
2014/07/15,9.36,9.49,9.20,9.48,1531882,29395044.00
2014/07/16,9.85,10.24,9.39,9.40,5621523,112814848.00
2014/07/17,9.50,10.03,9.40,9.61,6821882,136381136.00
2014/07/18,9.46,10.05,9.15,9.68,4517193,89852016.00
2014/07/21,9.57,9.70,9.32,9.38,2852839,55771044.00
2014/07/22,9.67,10.35,9.67,10.35,11680381,246883920.00
2014/07/23,10.35,10.57,10.15,10.46,8620684,183137296.00
2014/07/24,10.40,10.48,10.15,10.29,3231650,68188096.00
2014/07/25,10.15,10.45,10.10,10.41,2728004,57715068.00
2014/07/28,10.55,10.60,10.20,10.34,3070489,64815732.00
2014/07/29,10.39,10.39,10.20,10.34,2083675,44033600.00
2014/07/30,10.34,11.08,10.25,10.81,5361249,118174232.00
2014/07/31,10.80,10.90,10.59,10.79,2456462,54095592.00
2014/08/01,10.70,10.92,10.63,10.71,2614686,57558472.00
2014/08/04,10.75,10.92,10.56,10.62,3906658,85081592.00
2014/08/05,10.62,10.67,10.35,10.60,2505721,53679656.00
2014/08/06,10.50,10.57,10.46,10.51,1924705,41384728.00
2014/08/07,10.50,10.53,10.30,10.38,2478205,52626408.00
2014/08/08,10.35,10.45,10.31,10.39,1441624,30700136.00
2014/08/11,10.46,11.04,10.46,10.80,4452948,98627936.00
2014/08/12,10.89,10.97,10.65,10.67,2360697,52121368.00
2014/08/13,10.63,10.78,10.50,10.69,1693378,36862516.00
2014/08/14,10.69,10.77,10.40,10.43,1900918,41092280.00
2014/08/15,10.31,10.61,10.31,10.46,2031533,43516904.00
2014/08/18,10.45,10.83,10.45,10.76,2627454,57315572.00
2014/08/19,10.78,10.84,10.61,10.79,1547415,33931156.00
2014/08/20,10.79,10.80,10.62,10.79,1703826,37302216.00
2014/08/21,10.75,10.75,10.49,10.70,1438249,31238602.00
2014/08/22,10.72,10.72,10.49,10.62,1496910,32461350.00
2014/08/25,10.62,10.62,10.40,10.61,1759564,37851840.00
2014/08/26,10.62,10.69,10.37,10.49,1977640,42411104.00
2014/08/27,10.41,10.50,10.15,10.16,2472524,52186672.00
2014/08/28,10.17,10.17,9.80,10.10,3376438,69077568.00
2014/08/29,10.06,10.32,9.84,10.30,1676718,34601360.00
2014/09/01,10.27,10.50,10.14,10.32,2528758,53773160.00
2014/09/02,10.39,10.42,10.30,10.39,1810131,38488852.00
2014/09/03,10.40,10.50,10.40,10.43,1535373,32885396.00
2014/09/04,10.45,10.65,10.25,10.59,2432227,52320612.00
2014/09/05,10.59,10.59,10.42,10.50,2246074,48142696.00
2014/09/09,10.54,10.54,10.28,10.35,2322686,49473584.00
2014/09/10,10.33,10.42,10.20,10.38,1685335,35706988.00
2014/09/11,10.41,10.70,10.38,10.68,3073357,66516620.00
2014/09/12,10.64,10.80,10.52,10.73,2622161,57390248.00
2014/09/15,10.75,10.76,10.53,10.67,2523470,54924904.00
2014/09/16,10.67,10.67,10.05,10.24,2808353,60142072.00
2014/09/17,10.24,10.35,9.69,10.33,9073191,186079568.00
2014/09/18,10.20,11.18,10.13,11.09,9193215,205427008.00
2014/09/19,11.09,11.23,10.95,11.14,5230205,118526000.00
2014/09/22,11.14,11.43,10.98,11.38,5448697,124977600.00
2014/09/23,11.38,12.03,11.20,11.76,3732661,88392992.00
2014/09/24,11.70,11.93,11.52,11.63,2973204,71288472.00
2014/09/25,11.64,11.70,11.26,11.37,2156548,50617492.00
2014/09/26,11.31,11.75,11.10,11.75,3428999,80355840.00
2014/09/29,11.73,11.92,11.50,11.67,3338401,79481856.00
2014/09/30,11.60,11.67,11.49,11.59,1380121,32590652.00
2014/10/08,11.57,12.24,11.43,11.94,3370267,81617704.00
2014/10/09,11.94,12.07,11.72,11.81,2652075,64530016.00
2014/10/10,11.79,12.30,11.60,12.09,3695080,91336152.00
2014/10/13,12.05,12.50,11.67,12.46,4537843,112117792.00
2014/10/14,12.36,12.59,12.26,12.35,2804505,71008064.00
2014/10/15,12.35,12.35,12.01,12.11,5567701,138755184.00
2014/10/16,11.99,12.19,11.70,11.72,8053728,195804096.00
2014/10/17,11.70,11.79,11.24,11.48,4804456,113305616.00
2014/10/20,11.50,12.18,11.50,12.08,4186039,101389840.00
2014/10/21,12.07,12.07,11.82,11.85,1786489,43577280.00
2014/10/22,11.90,12.05,11.70,11.75,2185000,52970240.00
2014/10/23,11.75,11.86,11.60,11.85,2737390,65536536.00
2014/10/24,11.85,12.30,11.75,12.22,3559357,88082008.00
2014/10/27,12.27,12.97,12.25,12.94,4503748,116480656.00
2014/10/28,12.94,13.04,12.70,12.93,2382500,62603848.00
2014/10/29,12.93,13.37,12.70,12.94,4026369,107373800.00
2014/10/30,12.90,13.14,12.71,12.95,2050920,54251380.00
2014/10/31,12.96,12.96,12.60,12.69,2623158,68262368.00
2014/11/03,12.64,12.68,12.13,12.24,5303718,133160912.00
2014/11/04,12.18,12.24,11.93,12.08,3577830,88211400.00
2014/11/05,12.08,12.24,11.95,11.99,3222693,79167632.00
2014/11/06,12.00,12.23,11.80,12.22,3161246,77290656.00
2014/11/07,12.15,12.69,12.11,12.26,3602924,90994456.00
2014/11/10,12.25,12.27,11.97,12.03,2820463,69350256.00
2014/11/11,12.03,12.10,11.45,11.76,3507700,84350864.00
2014/11/12,11.74,12.08,11.48,11.78,3251599,77834544.00
2014/11/13,11.79,11.93,11.50,11.61,2103958,50149840.00
2014/11/14,11.55,11.72,11.46,11.64,1410718,33292202.00
2014/11/17,11.64,11.80,11.49,11.72,1777094,42515788.00
2014/11/18,11.75,11.89,11.66,11.80,2279525,54848984.00
2014/11/19,11.81,12.05,11.76,12.01,2585698,62523460.00
2014/11/20,11.98,11.98,11.80,11.85,1685409,40866176.00
2014/11/21,11.87,11.88,11.65,11.77,2207933,52988980.00
2014/11/24,11.85,11.87,11.59,11.73,3428594,81769720.00
2014/11/25,11.69,11.82,11.63,11.75,2406602,57681324.00
2014/11/26,11.74,11.96,11.68,11.93,2730191,65685208.00
2014/11/27,11.96,12.10,11.87,11.88,2214905,54166048.00
2014/11/28,11.85,11.90,11.40,11.61,5956230,141655728.00
2014/12/01,11.55,11.59,11.08,11.32,6499399,149020976.00
2014/12/02,11.25,11.46,11.21,11.41,2380354,55248276.00
2014/12/03,11.42,11.44,11.00,11.25,5188021,118074064.00
2014/12/04,11.23,11.48,11.10,11.36,3217726,74461816.00
2014/12/05,11.31,11.33,10.88,10.99,6016075,136158784.00
2014/12/08,10.90,11.31,10.88,11.09,3152624,71844176.00
2014/12/09,11.09,11.09,10.47,10.48,5114562,111881608.00
2014/12/10,10.47,10.90,10.47,10.87,3097475,68193720.00
2014/12/11,10.89,11.50,10.85,11.43,5930053,137227344.00
2014/12/12,11.45,11.62,11.28,11.43,2535967,59194856.00
2014/12/15,11.35,12.02,11.25,11.96,6465092,155794240.00
2014/12/16,11.96,12.02,11.79,11.88,4181169,101276696.00
2014/12/17,11.87,11.87,11.60,11.75,2516797,60226656.00
2014/12/18,11.73,11.77,11.58,11.65,2288544,54535524.00
2014/12/19,11.60,11.60,11.07,11.26,2444259,56388384.00
2014/12/22,11.26,11.26,10.40,10.77,4310762,94310632.00
2014/12/23,10.79,10.89,10.66,10.74,1370838,30307168.00
2014/12/24,10.76,11.02,10.65,10.96,2288416,50650660.00
2014/12/25,10.99,11.30,10.96,11.19,2153604,49304568.00
2014/12/26,11.08,11.28,10.91,11.18,2341851,53238076.00
2014/12/29,11.12,11.17,10.44,10.62,4134955,90419072.00
2014/12/30,10.53,10.75,10.12,10.18,3433571,73105816.00
2014/12/31,10.18,10.35,9.90,10.20,2389250,49418864.00
2015/01/05,10.23,10.72,10.20,10.39,3099448,66379356.00
2015/01/06,10.35,11.01,10.35,10.85,3715339,81559368.00
2015/01/07,10.76,11.00,10.55,10.85,2588600,57594312.00
2015/01/08,10.85,11.35,10.83,11.31,5346364,122041680.00
2015/01/09,11.39,12.30,11.35,11.65,6715816,162958192.00
2015/01/12,11.66,12.15,11.41,11.92,6352399,154393648.00
2015/01/13,11.92,12.04,11.66,11.68,2492201,60035268.00
2015/01/14,11.79,11.84,11.38,11.40,2456700,57989688.00
2015/01/15,11.32,11.86,11.32,11.73,3832529,91609088.00
2015/01/16,11.82,11.94,11.65,11.82,2338649,56265664.00
2015/01/19,11.31,12.42,11.31,12.09,7540632,187727728.00
2015/01/20,12.35,12.58,12.00,12.54,5004471,126834328.00
2015/01/21,12.55,13.81,12.55,13.47,7195775,195948848.00
2015/01/22,13.45,13.80,13.13,13.70,5218604,143573728.00
2015/01/23,13.53,13.65,13.25,13.28,3453800,94027832.00
2015/01/26,13.25,13.49,13.03,13.27,3600472,96998024.00
2015/01/27,13.27,13.55,13.25,13.50,2903414,79419200.00
2015/01/28,13.74,14.00,13.12,13.20,3751288,103877600.00
2015/01/29,12.99,13.00,12.62,12.85,3447185,89933920.00
2015/01/30,12.78,13.05,12.63,12.67,3418266,89938680.00
2015/02/02,11.38,11.88,11.38,11.47,18783524,440875680.00
2015/02/03,11.40,11.69,11.15,11.66,9667303,227706544.00
2015/02/04,11.67,12.15,11.50,12.05,5826607,141713920.00
2015/02/05,12.15,12.15,11.76,11.93,4148020,101157408.00
2015/02/06,11.75,12.85,11.60,12.29,11974350,299298016.00
2015/02/09,11.96,11.97,11.59,11.75,4785127,114998336.00
2015/02/10,11.55,11.76,11.49,11.69,3349741,79434640.00
2015/02/11,11.65,11.73,11.55,11.72,2433181,57981232.00
2015/02/12,11.79,11.79,11.39,11.46,5836695,136686144.00
2015/02/13,11.45,11.91,11.41,11.84,7590363,180872576.00
2015/02/16,11.85,12.30,11.76,12.29,4406880,109818920.00
2015/02/17,12.31,12.65,12.20,12.27,4082000,102755320.00
2015/02/25,12.31,12.53,12.07,12.47,3311998,83400984.00
2015/02/26,12.45,12.55,12.29,12.46,2187201,55346460.00
2015/02/27,12.48,12.55,12.12,12.26,3971948,99373328.00
2015/03/02,12.15,12.30,12.09,12.18,5287765,131127672.00
2015/03/03,12.18,12.19,11.93,11.95,6919700,170500448.00
2015/03/04,11.95,12.13,11.87,12.11,5958097,146377280.00
2015/03/05,12.22,12.31,12.02,12.13,4958602,123049576.00
2015/03/06,12.13,12.22,11.89,11.97,2963748,72636144.00
2015/03/09,11.97,12.33,11.90,12.33,4297645,106978472.00
2015/03/10,12.33,12.75,12.24,12.73,6988143,177713792.00
2015/03/11,12.71,12.71,12.25,12.37,5399014,136953888.00
2015/03/12,12.30,12.37,12.00,12.26,3775506,93764416.00
2015/03/13,12.14,12.63,12.09,12.61,7842209,197794384.00
2015/03/16,12.55,12.69,12.41,12.64,10203920,261389552.00
2015/03/17,12.72,12.72,12.40,12.54,13034620,332129696.00
2015/03/18,12.54,12.67,12.50,12.67,8860387,227772592.00
2015/03/19,12.67,13.19,12.62,13.12,11562037,305477952.00
2015/03/20,13.03,13.13,12.85,13.07,7985418,211323520.00
2015/03/23,13.07,13.27,12.93,13.25,8565140,228251440.00
2015/03/24,13.20,13.75,12.77,13.59,11891973,323700832.00
2015/03/25,13.74,14.74,13.70,14.49,13695662,398996672.00
2015/03/26,14.45,14.72,13.98,14.33,7932279,231876224.00
2015/03/27,14.45,14.65,14.30,14.36,5502935,161481568.00
2015/03/30,14.36,15.81,14.36,15.41,9387271,292381184.00
2015/03/31,15.42,16.98,15.42,16.35,15229495,507775904.00
2015/04/01,16.36,17.00,16.35,16.75,13404582,456802368.00
2015/04/02,16.73,18.24,16.60,18.24,10477014,379454848.00
2015/04/03,18.08,18.96,17.79,18.19,7589900,281636832.00
2015/04/07,18.03,18.72,17.55,17.98,6505592,238885888.00
2015/04/08,18.00,18.81,17.76,18.75,6413084,239794624.00
2015/04/09,18.65,18.66,17.59,18.40,7908320,291480800.00
2015/04/10,18.05,20.26,18.05,20.06,8126565,318208864.00
2015/04/13,20.04,22.09,19.91,22.09,7394181,323204800.00
2015/04/14,22.15,22.74,21.24,21.35,6534572,288813600.00
2015/04/15,21.25,21.35,19.70,20.57,5823152,241051744.00
2015/04/16,19.80,21.74,19.75,21.39,4186778,178472832.00
2015/04/17,21.37,21.84,20.75,20.99,4231684,180451120.00
2015/04/20,20.26,20.86,18.97,19.08,7152719,287211616.00
2015/04/21,19.08,19.63,18.54,19.61,4127492,161297952.00
2015/04/22,19.75,20.36,19.75,20.16,3651843,148920016.00
2015/04/23,19.80,20.25,19.65,19.70,3186302,128027168.00
2015/04/24,19.63,20.24,18.96,19.74,5206300,205128416.00
2015/04/27,19.81,20.11,19.13,19.30,5723632,225671344.00
2015/04/28,19.33,19.33,18.25,18.47,5408564,203629504.00
2015/04/29,18.30,19.03,18.22,18.78,5204899,198059088.00
2015/04/30,19.03,20.03,18.94,19.74,8171357,328303392.00
2015/05/04,19.67,19.75,19.07,19.48,3969759,156077200.00
2015/05/05,19.52,19.75,19.23,19.31,3189446,125246992.00
2015/05/06,19.31,20.76,19.31,19.98,5922877,240418336.00
2015/05/07,19.98,20.85,19.70,20.10,4492637,185918992.00
2015/05/08,20.15,21.35,20.15,21.29,5680285,241518160.00
2015/05/11,21.55,22.49,21.32,21.83,4133729,183483968.00
2015/05/12,21.75,22.16,21.04,21.77,4818680,210737568.00
2015/05/13,21.72,23.24,21.31,22.97,6061902,277440576.00
2015/05/14,23.00,24.25,22.52,23.87,4338600,203995056.00
2015/05/15,23.81,26.29,23.75,25.66,10357338,538829248.00
2015/05/18,25.25,26.50,24.78,25.30,6389314,332062560.00
2015/05/19,24.95,26.14,23.69,25.31,5716005,284471104.00
2015/05/20,25.25,26.25,24.85,25.53,5770983,295012800.00
2015/05/21,25.00,25.60,24.52,25.33,5851792,295633152.00
2015/05/22,25.30,27.75,24.90,27.24,5879193,315726080.00
2015/05/25,27.19,29.00,26.75,28.50,6946976,398867456.00
2015/05/26,28.28,29.50,27.80,28.13,4985231,287429568.00
2015/05/27,28.00,28.14,26.63,27.23,3535300,195100176.00
2015/05/28,27.06,28.10,26.50,26.52,3676081,201235072.00
2015/05/29,26.25,27.00,23.84,25.90,4467717,234097296.00
2015/06/01,25.65,27.55,25.65,27.32,2579982,140627280.00
2015/06/02,27.37,27.65,26.13,26.92,5335270,286979872.00
2015/06/03,26.90,28.75,26.41,28.49,6331202,349718432.00
2015/06/04,28.04,30.07,25.85,28.88,5830031,339410016.00
2015/06/05,29.45,30.04,28.09,28.68,4528353,266792352.00
2015/06/08,29.19,29.75,28.40,28.91,5484407,322882144.00
2015/06/09,28.72,29.15,26.84,27.30,5952900,334736224.00
2015/06/10,26.75,28.00,26.30,27.36,2076580,114474512.00
2015/06/11,27.32,27.75,26.73,27.23,2629400,143637856.00
2015/06/12,27.85,27.85,26.85,27.21,2473516,136242304.00
2015/06/15,27.29,28.39,27.00,27.25,3442213,191246240.00
2015/06/16,27.02,27.10,25.35,26.06,3063775,161375184.00
2015/06/17,25.85,26.82,24.10,26.07,5274282,270719264.00
2015/06/18,26.07,27.29,25.85,26.34,4978278,267653488.00
2015/06/19,25.34,26.14,23.69,23.69,4620213,225401072.00
2015/06/23,23.69,24.69,21.42,24.40,5121804,237686848.00
2015/06/24,24.80,26.60,24.41,25.92,6416556,331474656.00
2015/06/25,26.00,27.30,25.35,26.68,8170739,438112096.00
2015/06/26,25.85,25.85,23.99,23.99,5314807,263970432.00
2015/06/29,24.41,24.85,21.58,21.58,6745517,299565120.00
2015/06/30,19.85,22.24,19.40,21.60,8648386,359999808.00
2015/07/01,21.35,21.95,19.42,19.42,7767124,317741984.00
2015/07/02,19.00,19.00,17.47,17.47,6415357,230799664.00
2015/07/03,15.85,16.70,15.71,15.71,12059643,385109184.00
2015/07/06,17.28,17.28,14.12,14.42,14570960,445144128.00
2015/07/07,13.60,13.65,12.96,12.96,4835400,127249320.00
2015/07/08,11.65,12.13,11.65,11.67,31358473,742640064.00
2015/07/09,11.35,12.85,11.25,12.85,12357596,316835264.00
2015/07/10,14.15,14.15,14.15,14.15,6217326,177815520.00
2015/07/13,15.58,15.58,15.58,15.58,1293512,40693888.00
2015/07/14,17.15,17.15,16.41,17.15,19417107,671468800.00
2015/07/15,17.35,18.28,15.42,16.12,19100880,652294272.00
2015/07/16,15.69,17.75,14.90,17.75,9295013,322471904.00
2015/07/17,18.06,19.54,17.85,19.17,7406899,284046336.00
2015/07/20,19.45,20.15,18.40,19.17,10852679,423358848.00
2015/07/21,18.90,21.11,17.96,20.90,7552856,303708384.00
2015/07/22,20.65,23.01,20.22,23.01,9138297,401426176.00
2015/07/23,22.60,25.00,22.35,23.23,9473368,452235648.00
2015/07/24,23.23,23.74,21.15,21.82,13422011,603864960.00
2015/07/27,20.80,21.80,19.62,19.62,11946182,498258528.00
2015/07/28,17.85,20.29,17.85,18.84,12174897,459731328.00
2015/07/29,19.10,20.40,17.79,20.35,10134517,386893472.00
2015/07/30,20.34,20.34,18.66,18.93,8827297,354017568.00
2015/07/31,18.35,19.15,17.35,17.86,5070864,188643280.00
2015/08/03,17.55,17.95,16.06,16.42,6050909,205304624.00
2015/08/04,16.51,18.07,16.51,18.07,6979412,245803360.00
2015/08/05,18.85,19.50,18.35,18.93,8704921,334673056.00
2015/08/06,18.35,20.00,17.92,19.53,5994000,234321216.00
2015/08/07,19.84,20.65,19.84,20.26,5981945,245225456.00
2015/08/10,20.63,22.10,20.63,21.91,6771828,295597632.00
2015/08/11,22.07,22.85,21.30,22.10,8220163,364362816.00
2015/08/12,21.60,23.65,21.52,22.49,6573206,302710400.00
2015/08/13,22.32,22.89,21.20,22.49,8310829,365119040.00
2015/08/14,22.45,22.69,21.58,22.00,7674895,340838816.00
2015/08/17,21.75,22.43,21.35,22.15,6231568,275821856.00
2015/08/18,22.00,22.00,19.92,19.92,9115023,382305120.00
2015/08/19,18.63,20.34,17.92,19.57,10911076,415958048.00
2015/08/20,19.32,19.81,18.58,18.60,7618704,291482944.00
2015/08/21,18.50,18.50,17.05,17.24,10068789,358598560.00
2015/08/24,16.35,16.35,15.50,15.50,8706409,274188128.00
2015/08/25,13.93,16.00,13.93,13.99,12398237,365244480.00
2015/08/26,14.60,15.31,13.95,14.45,11276718,334351616.00
2015/08/27,14.95,15.91,14.95,15.91,11791429,369673728.00
2015/08/28,16.44,17.52,16.41,17.47,10626528,365003648.00
2015/08/31,17.52,18.17,16.74,17.12,8625948,302364800.00
2015/09/01,16.85,17.52,15.39,15.39,8663994,281434080.00
2015/09/02,14.28,16.13,14.11,14.50,6358804,193783152.00
2015/09/07,14.85,15.65,14.84,15.32,4792298,147797456.00
2015/09/08,15.10,16.79,14.86,16.52,5792400,182611200.00
2015/09/09,16.75,17.32,16.44,16.94,7764945,265470080.00
2015/09/10,16.77,17.63,16.35,17.24,5791224,201694544.00
2015/09/11,17.21,17.45,16.68,16.90,3468200,118474272.00
2015/09/14,17.42,17.67,15.19,15.19,7201338,233336592.00
2015/09/15,14.68,15.09,13.89,14.12,5342524,155994704.00
2015/09/16,14.34,15.54,14.09,15.54,4119969,123005488.00
2015/09/17,15.52,16.00,14.91,14.95,4859850,153134000.00
2015/09/18,15.10,15.35,14.66,14.97,2905635,87710104.00
2015/09/21,14.83,15.67,14.47,15.59,3669299,113317840.00
2015/09/22,15.63,16.40,15.42,16.25,4724308,151332432.00
2015/09/23,15.77,15.98,15.35,15.47,4763953,150340080.00
2015/09/24,15.46,16.04,15.25,15.42,5432468,170846144.00
2015/09/25,15.50,15.65,14.15,14.66,6128300,186765856.00
2015/09/28,14.64,14.77,13.97,14.65,4637443,134663792.00
2015/09/29,14.43,14.43,14.17,14.21,3654917,105439816.00
2015/09/30,14.25,14.49,14.20,14.40,2467139,71612352.00
2015/10/08,15.10,15.33,14.74,15.10,3616467,110335808.00
2015/10/09,14.91,15.34,14.91,15.24,4180649,128006928.00
2015/10/12,15.33,16.47,15.33,15.76,8235650,266734080.00
2015/10/13,15.80,16.44,15.60,16.41,6306242,205733648.00
2015/10/14,16.41,17.03,16.35,16.49,8722155,292906848.00
2015/10/15,16.25,17.09,16.25,16.82,5707005,192563632.00
2015/10/16,16.85,17.69,16.85,17.40,8462712,295209824.00
2015/10/19,17.27,17.64,16.55,16.73,10642229,366915808.00
2015/10/20,16.80,18.42,16.60,18.42,9769100,347878432.00
2016/03/23,16.57,17.24,16.57,17.14,36799634,1239068672.00
2016/03/24,16.30,16.59,15.90,16.16,22864507,749130432.00
2016/03/25,16.16,16.32,15.75,16.09,12258227,396068320.00
2016/03/28,16.09,16.54,15.98,16.22,9747136,320490528.00
2016/03/29,16.25,16.29,15.35,15.61,8929222,283199680.00
2016/03/30,15.75,16.02,15.60,15.92,7882455,251605136.00
2016/03/31,16.14,16.14,15.70,15.92,9627655,308697248.00
2016/04/01,15.82,15.84,15.15,15.39,8224376,256399296.00
2016/04/05,15.40,15.98,15.22,15.90,9780508,309144960.00
2016/04/06,15.86,16.50,15.70,16.37,11215522,364566368.00
2016/04/07,16.38,16.79,16.25,16.48,12730175,424268800.00
2016/04/08,15.94,16.40,15.91,15.98,6166187,200020896.00
2016/04/11,16.28,16.40,16.04,16.31,6588385,216270624.00
2016/04/12,16.33,16.42,15.80,15.92,5560013,179483552.00
2016/04/13,15.96,16.60,15.92,16.27,9436056,310810496.00
2016/04/14,16.34,16.50,16.26,16.47,10880907,359429824.00
2016/04/15,16.44,16.47,16.04,16.20,6755965,220528304.00
2016/04/18,16.05,16.05,15.52,15.52,5676848,179489184.00
2016/04/19,15.60,15.75,15.45,15.50,4582972,143822368.00
2016/04/20,15.49,15.60,14.25,14.57,8114941,243346496.00
2016/04/21,14.53,14.67,14.24,14.26,4199314,123048552.00
2016/04/22,14.10,14.39,14.05,14.32,3420015,98268248.00
2016/04/25,14.32,14.34,13.89,14.12,2869539,81382696.00
2016/04/26,14.15,14.28,14.02,14.20,3184438,91328440.00
2016/04/27,14.20,14.30,14.12,14.13,3287179,94407640.00
2016/04/28,14.15,14.22,13.85,14.13,2667452,75586296.00
2016/04/29,13.95,14.13,13.80,13.85,4197955,118272088.00
2016/05/03,13.94,14.33,13.77,14.29,5585182,159303008.00
2016/05/04,14.25,14.38,14.15,14.28,3600754,103953544.00
2016/05/05,14.29,14.66,14.26,14.44,3798385,110991672.00
2016/05/06,14.58,14.58,13.85,13.86,3720483,106416048.00
2016/05/09,13.80,13.80,13.30,13.36,4217474,115077472.00
2016/05/10,13.35,13.52,13.28,13.40,1750446,47358912.00
2016/05/11,13.49,14.04,13.35,13.75,6211574,172733728.00
2016/05/12,13.62,13.95,13.29,13.85,2724656,75288840.00
2016/05/13,13.93,13.93,13.63,13.71,1612389,44894904.00
2016/05/16,13.69,14.03,13.40,13.91,2558611,71408480.00
2016/05/17,13.91,14.52,13.91,14.42,6314217,183279600.00
2016/05/18,14.22,14.26,13.66,13.84,2852921,80837632.00
2016/05/19,13.80,14.13,13.77,13.80,1773250,49953812.00
2016/05/20,13.81,13.93,13.65,13.90,1558675,43620240.00
2016/05/23,13.90,14.12,13.90,14.02,2113851,59914616.00
2016/05/24,14.03,14.05,13.80,13.89,2130616,59767200.00
2016/05/25,13.98,14.28,13.98,14.09,4313481,123277440.00
2016/05/26,14.10,14.39,13.85,14.26,3967243,113352912.00
2016/05/27,14.33,14.57,14.17,14.42,4424362,129023816.00
2016/05/30,14.33,14.63,14.05,14.43,2917697,85078440.00
2016/05/31,14.49,14.82,14.49,14.75,7985740,236838368.00
2016/06/01,14.90,15.02,14.75,14.77,6109301,183522608.00
2016/06/02,14.69,14.85,14.56,14.65,2675111,79265992.00
2016/06/03,14.69,14.79,14.35,14.54,4841069,142957744.00
2016/06/06,14.55,14.79,14.45,14.72,3032402,89720584.00
2016/06/07,14.71,14.75,14.44,14.51,1830189,53745656.00
2016/06/08,14.45,14.56,14.27,14.32,2004805,58218832.00
2016/06/13,14.10,14.26,13.92,13.95,2850759,81176104.00
2016/06/14,13.90,14.14,13.90,14.02,1153746,32662792.00
2016/06/15,13.90,14.24,13.86,14.18,2246682,64207928.00
2016/06/16,14.35,14.65,14.25,14.29,2857203,83513992.00
2016/06/17,14.25,14.55,14.15,14.26,2180129,63195556.00
2016/06/20,14.25,14.38,14.13,14.22,1695070,48768800.00
2016/06/21,14.22,14.34,14.11,14.12,1653913,47529548.00
2016/06/22,14.11,14.34,14.06,14.30,1412693,40602796.00
2016/06/23,14.30,14.37,14.20,14.32,1481229,42851680.00
2016/06/24,14.32,14.40,13.62,14.26,1821130,52097936.00
2016/06/27,14.07,14.42,13.92,14.37,2200281,63649588.00
2016/06/28,14.36,14.55,14.23,14.52,2999034,87517560.00
2016/06/29,14.54,14.59,14.47,14.55,1947593,57083448.00
2016/06/30,14.54,14.86,14.41,14.82,2692977,79134872.00
2016/07/01,14.82,14.92,14.67,14.68,2147354,63974956.00
2016/07/04,14.63,14.85,14.45,14.78,2122510,63068336.00
2016/07/05,14.86,15.36,14.80,14.85,4074057,123520976.00
2016/07/06,14.73,14.97,14.66,14.93,2261783,67776416.00
2016/07/07,14.95,15.27,14.82,14.93,2847573,86258192.00
2016/07/08,15.06,15.06,14.80,14.81,2157657,64785172.00
2016/07/11,14.87,14.87,14.66,14.77,3560553,105932416.00
2016/07/12,14.77,14.99,14.69,14.98,4770379,142804064.00
2016/07/13,15.04,15.12,14.87,14.93,2812650,84845936.00
2016/07/14,14.93,15.06,14.92,15.04,2759311,83429152.00
2016/07/15,15.33,15.42,14.95,15.04,4355700,133137496.00
2016/07/18,14.87,15.05,14.77,15.05,2806946,84504280.00
2016/07/19,15.05,15.45,15.05,15.37,5805471,179525376.00
2016/07/20,15.37,15.86,15.25,15.71,5610330,176923408.00
2016/07/21,15.81,15.81,15.57,15.58,2699975,85246208.00
2016/07/22,15.57,15.80,15.23,15.26,3461347,108416280.00
2016/07/25,15.30,15.37,15.06,15.31,1773822,54543472.00
2016/07/26,15.18,15.38,15.17,15.32,2461369,75871520.00
2016/07/27,15.33,15.56,14.42,14.79,3418470,103909976.00
2016/07/28,14.73,15.07,14.50,14.99,2380999,71589264.00
2016/07/29,14.94,15.06,14.76,14.86,1303549,39068072.00
2016/08/01,14.75,14.75,14.52,14.54,1959965,57716880.00
2016/08/02,14.47,14.65,14.46,14.60,1290620,37939268.00
2016/08/03,14.53,14.80,14.48,14.72,1938103,57230312.00
2016/08/04,14.69,15.32,14.69,14.97,2918540,88389728.00
2016/08/05,14.95,14.97,14.78,14.87,1703174,51038112.00
2016/08/08,14.87,14.91,14.73,14.88,1349771,40381636.00
2016/08/09,14.85,14.95,14.73,14.85,1943507,58216312.00
2016/08/10,14.82,14.87,14.65,14.67,1942429,57720628.00
2016/08/11,14.67,14.71,14.36,14.38,1797463,52666780.00
2016/08/12,14.28,14.50,14.23,14.41,1087678,31590972.00
2016/08/15,14.45,14.80,14.41,14.79,1651843,48876872.00
2016/08/16,14.86,14.92,14.75,14.91,1738710,52028404.00
2016/08/17,14.90,14.97,14.53,14.84,1467648,43996488.00
2016/08/18,14.81,14.93,14.64,14.70,1450113,43192508.00
2016/08/19,14.68,15.00,14.63,14.84,979391,29308260.00
2016/08/22,14.80,14.87,14.70,14.72,956214,28512358.00
2016/08/23,14.72,14.78,14.53,14.64,1024347,30284044.00
2016/08/24,14.64,14.82,14.63,14.73,1431020,42540192.00
2016/08/25,14.72,14.72,14.37,14.52,1175319,34348028.00
2016/08/26,14.52,14.72,14.47,14.55,1086459,31948150.00
2016/08/29,14.49,14.73,14.49,14.67,1358599,40126620.00
2016/08/30,14.65,14.79,14.60,14.68,1353334,40164748.00
2016/08/31,14.65,14.90,14.65,14.83,2835419,84772592.00
2016/09/08,15.37,15.87,14.97,15.06,12441787,382377472.00
2016/09/09,15.07,15.26,14.82,15.01,6174070,186577792.00
2016/09/12,14.71,15.01,14.65,14.66,3013953,89977592.00
2016/09/13,14.72,14.79,14.47,14.52,2284856,67144664.00
2016/09/14,14.41,14.60,14.32,14.33,1944111,56601816.00
2016/09/19,14.52,14.52,14.35,14.40,1477456,42953592.00
2016/09/20,14.47,14.47,14.31,14.39,1584689,45952676.00
2016/09/21,14.42,14.46,14.37,14.40,1158035,33669992.00
2016/09/22,14.42,14.51,14.34,14.50,2095142,61021912.00
2016/09/23,14.52,14.52,14.37,14.38,1084851,31561604.00
2016/09/26,14.39,14.41,13.82,13.90,2983192,84562848.00
2016/09/27,13.90,14.07,13.67,14.05,2207681,61455120.00
2016/09/28,14.02,14.02,13.77,13.82,1029164,28804006.00
2016/09/29,13.82,14.07,13.80,13.97,1138473,32056066.00
2016/09/30,13.97,14.62,13.93,14.47,1827383,52355080.00
2016/10/10,14.42,14.55,14.32,14.47,2033285,59175096.00
2016/10/11,14.47,14.92,14.39,14.75,3046354,90673144.00
2016/10/12,14.72,14.72,14.56,14.62,1553179,45788408.00
2016/10/13,14.64,14.67,14.59,14.62,1134626,33469782.00
2016/10/14,14.62,14.72,14.51,14.64,1229930,36258928.00
2016/10/17,14.70,14.71,14.35,14.36,1565150,46013456.00
2016/10/18,14.36,14.60,14.35,14.50,1891078,55113904.00
2016/10/19,14.52,14.68,14.50,14.62,1966958,58032312.00
2016/10/20,14.67,15.04,14.62,14.87,4805387,144254256.00
2016/10/21,14.77,15.12,14.77,14.96,4362945,132172584.00
2016/10/24,14.87,15.09,14.77,14.97,3331872,100771120.00
2016/10/25,14.95,15.09,14.88,14.99,2039805,61712948.00
2016/10/26,15.06,15.31,14.92,14.94,2147612,65359336.00
2016/10/27,15.02,15.12,14.77,14.96,1345411,40509068.00
2016/10/28,14.97,15.00,14.75,14.77,1330610,39839500.00
2016/10/31,14.77,14.91,14.77,14.82,895018,26796066.00
2016/11/01,14.97,15.07,14.87,15.06,1894632,57236240.00
2016/11/02,15.06,15.17,14.91,14.98,999231,30161988.00
2016/11/03,14.97,15.06,14.85,14.91,1696204,51029712.00
2016/11/04,14.91,14.98,14.86,14.93,1155666,34778624.00
2016/11/07,15.07,15.07,14.90,14.93,944463,28467668.00
2016/11/08,14.94,14.97,14.89,14.92,1496651,45084452.00
2016/11/09,14.88,14.93,14.57,14.78,1524678,45396764.00
2016/11/10,14.86,15.00,14.77,14.96,1915978,57560200.00
2016/11/11,14.95,15.01,14.80,14.96,1594342,47978616.00
2016/11/14,14.97,15.17,14.90,15.06,2855455,86835888.00
2016/11/15,15.06,16.37,15.06,15.88,10027815,319368288.00
2016/11/16,15.90,15.90,15.65,15.73,4436277,140932704.00
2016/11/17,15.67,16.33,15.65,16.14,5170579,167401856.00
2016/11/18,16.07,16.31,15.88,15.96,3451344,112231408.00
2016/11/21,16.05,16.52,15.80,15.85,4983500,162811344.00
2016/11/22,15.85,16.08,15.52,15.72,3911283,123884048.00
2016/11/23,15.77,15.87,15.71,15.83,2668376,84943104.00
2016/11/24,15.81,15.81,15.49,15.54,3448283,108502376.00
2016/11/25,15.70,16.05,15.55,15.95,4326832,137820576.00
2016/11/28,16.00,16.33,15.89,16.17,3639051,118532976.00
2016/11/29,16.12,16.31,15.89,15.94,3032864,98477624.00
2016/11/30,15.95,16.10,15.55,15.56,2172701,68813432.00
2016/12/01,15.60,15.72,15.56,15.57,1749567,55152404.00
2016/12/02,15.57,15.77,15.53,15.71,2328300,73596656.00
2016/12/05,15.57,15.81,15.37,15.58,1456389,45862632.00
2016/12/06,15.67,16.01,15.58,15.99,2636817,84222784.00
2016/12/07,16.08,16.08,15.74,15.78,2837631,90331264.00
2016/12/08,15.82,15.91,15.57,15.74,2019921,64293896.00
2016/12/09,15.67,15.76,15.50,15.58,959900,30170750.00
2016/12/12,15.51,15.63,14.86,14.89,2268800,69480976.00
2016/12/13,15.16,15.16,13.88,14.87,2474068,74204280.00
2016/12/14,14.87,14.97,14.68,14.88,920241,27553360.00
2016/12/15,14.69,15.15,14.55,14.90,1167211,35191508.00
2016/12/16,14.85,14.98,14.82,14.90,996507,29913676.00
2016/12/19,14.92,15.20,14.72,15.14,1414837,42975776.00
2016/12/20,15.22,15.46,15.09,15.39,2271037,70256264.00
2016/12/21,15.51,15.73,15.22,15.66,1828768,57654808.00
2016/12/22,15.69,15.70,15.42,15.53,1293992,40563436.00
2016/12/23,15.62,15.71,15.38,15.42,1310996,41059376.00
2016/12/26,15.46,15.95,15.15,15.92,2812931,89432416.00
2016/12/27,15.92,16.35,15.79,16.17,3579650,116508312.00
2016/12/28,16.07,16.31,16.03,16.18,1946876,63581560.00
2016/12/29,16.16,16.38,16.05,16.29,3478936,113658568.00
2016/12/30,16.30,16.45,15.97,16.43,3442299,112534688.00
2017/01/03,16.37,16.37,16.06,16.12,1340710,43561472.00
2017/01/04,16.04,16.17,15.72,15.76,2949100,94562648.00
2017/01/05,15.87,16.26,15.82,15.97,2203268,71171816.00
2017/01/06,16.10,16.10,15.42,15.57,2141975,67518720.00
2017/01/09,15.49,15.75,15.42,15.71,1122697,35371592.00
2017/01/10,15.74,15.82,15.63,15.78,889800,28212086.00
2017/01/11,15.75,15.88,15.62,15.64,1070300,34048804.00
2017/01/12,15.67,15.77,15.33,15.62,1103420,34584376.00
2017/01/13,15.57,15.69,15.37,15.49,1110365,34680764.00
2017/01/16,15.41,15.47,14.87,15.23,1495113,45531896.00
2017/01/17,15.13,15.40,14.98,15.29,764200,23478424.00
2017/01/18,15.21,15.39,15.17,15.34,658435,20355532.00
2017/01/19,15.12,15.50,15.12,15.33,822034,25480726.00
2017/01/20,15.23,15.37,15.19,15.36,792345,24486208.00
2017/01/23,15.42,15.62,15.29,15.54,990101,30823384.00
2017/01/24,15.54,15.54,15.12,15.49,504300,15638853.00
2017/01/25,15.38,15.57,15.38,15.49,691900,21626172.00
2017/01/26,15.56,15.63,15.37,15.59,1994524,62338232.00
2017/02/03,15.62,15.62,15.41,15.51,537057,16764559.00
2017/02/06,15.47,15.61,15.47,15.54,631666,19807960.00
2017/02/07,15.54,15.90,15.54,15.79,991528,31423752.00
2017/02/08,15.73,15.94,15.68,15.79,776582,24755964.00
2017/02/09,15.79,15.85,15.69,15.70,901151,28600068.00
2017/02/10,15.81,15.81,15.61,15.65,690860,21814052.00
2017/02/13,15.68,15.68,15.58,15.65,731917,23075232.00
2017/02/14,15.69,15.77,15.61,15.70,962910,30489240.00
2017/02/15,15.73,15.91,15.66,15.74,1255400,39941664.00
2017/02/16,15.72,15.80,15.52,15.61,1137589,35775964.00
2017/02/17,15.57,15.62,15.28,15.29,1312316,40813812.00
2017/02/20,15.30,15.49,15.15,15.38,1053935,32589008.00
2017/02/21,15.38,15.54,15.35,15.50,772279,24048964.00
2017/02/22,15.52,15.59,15.37,15.59,919230,28678276.00
2017/02/23,15.53,15.70,15.38,15.67,1503313,47198376.00
2017/02/24,15.71,15.80,15.40,15.55,1422722,44671424.00
2017/02/27,15.52,15.62,15.23,15.25,1307977,40585176.00
2017/02/28,15.37,15.37,15.18,15.23,1500883,46037628.00
2017/03/01,15.23,15.35,15.20,15.27,1522144,46945200.00
2017/03/02,15.25,15.32,15.17,15.22,1255984,38594020.00
2017/03/03,15.15,15.26,14.99,15.16,1073207,32657284.00
2017/03/06,15.17,15.32,15.07,15.24,1243742,38107328.00
2017/03/07,15.20,15.31,15.18,15.25,974200,29926680.00
2017/03/08,15.25,15.25,15.05,15.08,1442011,44005308.00
2017/03/09,15.12,15.20,15.03,15.09,1046860,31835440.00
2017/03/10,15.10,15.50,15.10,15.33,2414411,74686992.00
2017/03/13,15.33,15.65,15.28,15.64,2488148,77967904.00
2017/03/14,15.77,16.25,15.69,15.94,5531663,179139680.00
2017/03/15,15.91,16.22,15.83,16.18,4505953,146248112.00
2017/03/16,16.17,16.49,16.02,16.39,5342176,175391216.00
2017/03/17,16.42,17.02,16.36,16.62,6204829,210433552.00
2017/03/20,16.80,16.87,16.48,16.84,4412121,148468768.00
2017/03/21,16.75,16.87,16.54,16.65,3065984,102982184.00
2017/03/22,16.66,16.95,16.66,16.85,5340421,181245360.00
2017/03/27,16.87,16.87,16.12,16.35,8698198,286014016.00
2017/03/28,16.33,16.50,16.15,16.29,3208580,105318432.00
2017/03/29,16.34,16.49,15.93,15.96,2927741,95820208.00
2017/03/30,15.97,16.21,15.89,16.16,2314098,75162000.00
2017/03/31,16.12,16.26,16.04,16.24,1434052,46666432.00
2017/04/05,16.27,16.71,16.06,16.64,2810298,93184704.00
2017/04/06,16.67,16.90,16.47,16.65,2822509,94984440.00
2017/04/07,16.67,16.91,16.52,16.85,2211877,74876600.00
2017/04/10,16.82,16.97,16.45,16.82,2673660,90173672.00
2017/04/11,16.81,17.66,16.65,17.65,5353168,186465920.00
2017/04/12,17.62,17.96,17.22,17.40,2784831,98778272.00
2017/04/13,17.40,18.16,17.28,18.11,3616952,130560808.00
2017/04/14,18.17,18.18,17.77,17.81,1773363,64047232.00
2017/04/17,17.69,17.70,17.23,17.33,1843052,64799548.00
2017/04/18,17.45,17.55,17.27,17.36,2092344,73419856.00
2017/04/19,17.13,17.47,16.99,17.46,1725349,59761848.00
2017/04/20,17.40,17.77,17.23,17.46,3146971,110944608.00
2017/04/21,17.38,18.37,17.38,17.58,6146511,220316560.00
2017/04/24,17.37,17.45,16.70,17.21,2302043,79840456.00
2017/04/25,17.23,17.31,16.87,17.29,3863988,133173624.00
2017/04/26,17.17,17.55,17.01,17.46,2046108,71160448.00
2017/04/27,17.45,17.51,17.21,17.40,2288057,79803904.00
2017/04/28,17.42,17.42,17.10,17.21,1281139,44508600.00
2017/05/02,17.22,17.42,17.01,17.17,2187949,75811128.00
2017/05/03,17.17,17.27,17.03,17.17,1260866,43538800.00
2017/05/04,17.18,17.42,17.08,17.23,1093829,38044712.00
2017/05/05,17.22,17.22,16.77,16.86,1640361,56041824.00
2017/05/08,16.77,16.77,16.37,16.38,1442446,48091432.00
2017/05/09,16.37,16.74,16.37,16.60,1579766,52891296.00
2017/05/10,16.67,16.89,16.62,16.70,1553312,52559576.00
2017/05/11,16.61,16.89,16.37,16.87,1851219,62248512.00
2017/05/12,16.82,16.97,16.64,16.88,1078626,36555868.00
2017/05/15,16.88,17.03,16.78,16.93,1035576,35303256.00
2017/05/16,17.00,17.60,16.84,17.54,1908724,66252520.00
2017/05/17,17.66,17.74,17.30,17.32,2053666,72173120.00
2017/05/18,17.26,17.70,17.18,17.51,3736476,132172280.00
2017/05/19,17.54,17.65,17.25,17.53,2021800,71190440.00
2017/05/22,17.47,17.80,17.31,17.32,1265685,44705836.00
2017/05/23,17.33,17.33,16.64,16.68,2451562,83949256.00
2017/05/24,16.67,16.97,16.53,16.66,1754591,59129044.00
2017/05/25,16.85,17.35,16.49,17.11,1945931,32946594.00
2017/05/26,17.09,17.60,16.90,17.27,3563746,61734560.00
2017/05/31,17.28,17.50,15.54,15.54,26819452,423003744.00
2017/06/01,15.80,16.55,15.58,15.81,20534885,328699488.00
2017/06/02,15.90,16.20,15.55,15.98,9785517,155756592.00
2017/06/05,15.96,16.40,15.96,16.26,6341163,103132096.00
2017/06/06,16.38,16.38,15.90,15.98,6501518,104951896.00
2017/06/07,16.10,16.10,15.40,15.97,15583221,244920272.00
2017/06/08,15.83,16.13,15.73,15.99,13341079,212306016.00
2017/06/09,15.99,16.16,15.83,16.02,6047884,96866376.00
2017/06/12,15.96,15.99,15.41,15.58,12634027,198092608.00
2017/06/13,15.49,15.76,15.46,15.73,5276131,82535808.00
2017/06/14,15.71,15.71,15.41,15.42,5008526,77759992.00
2017/06/15,15.41,15.69,15.37,15.69,3261453,50753292.00
2017/06/16,15.67,15.76,15.48,15.54,2833909,44099984.00
2017/06/19,15.54,15.72,15.45,15.68,5688186,89007960.00
2017/06/20,15.68,15.72,15.57,15.66,3624465,56743336.00
2017/06/21,15.66,15.72,15.30,15.39,6296609,97250432.00
2017/06/22,15.40,15.49,14.98,15.19,6856576,104663296.00
2017/06/23,15.16,15.26,14.91,15.12,4067705,61318844.00
2017/06/26,15.10,15.38,15.09,15.28,4378875,66835792.00
2017/06/27,15.31,15.90,15.31,15.77,10600078,165850144.00
2017/06/28,15.70,15.81,15.55,15.65,3549012,55679836.00
2017/06/29,15.73,15.78,15.48,15.56,3850205,59999504.00
2017/06/30,15.55,15.75,15.51,15.69,6623592,103814080.00
2017/07/03,15.81,16.36,15.71,16.23,11590045,186515344.00
2017/07/04,16.25,16.29,16.00,16.10,5775339,93288960.00
2017/07/05,16.16,16.20,15.94,16.17,3320887,53404960.00
2017/07/06,16.22,16.58,16.19,16.29,5216146,85387096.00
2017/07/07,16.23,16.34,15.99,16.23,4532553,73129800.00
2017/07/10,16.16,16.21,15.73,15.89,5914265,93826584.00
2017/07/11,15.84,16.01,15.74,15.84,3386100,53807912.00
2017/07/12,15.85,15.95,15.76,15.92,2694877,42745024.00
2017/07/13,16.00,16.05,15.79,15.92,2712049,43075900.00
2017/07/14,15.90,15.90,15.30,15.63,4496600,70106696.00
2017/07/17,15.64,15.65,14.80,14.90,5171049,78323112.00
2017/07/18,14.56,14.91,14.55,14.84,2555206,37636684.00
2017/07/19,14.84,15.20,14.72,15.13,2094634,31417912.00
2017/07/20,15.15,15.45,15.15,15.38,2568174,39401984.00
2017/07/21,15.22,15.44,15.10,15.36,1877837,28816790.00
2017/07/24,15.16,15.32,14.45,14.95,9730470,143180176.00
2017/07/25,14.83,14.93,14.56,14.62,5792964,84928096.00
2017/07/26,14.70,14.84,14.55,14.78,4185983,61648828.00
2017/07/27,14.73,14.80,14.51,14.75,3857158,56498060.00
2017/07/28,14.65,14.77,14.60,14.64,4409200,64682832.00
2017/08/02,15.14,15.14,15.14,15.14,0,0.00
数据来源:通达信
