600634 富控互动 日线 前复权
      日期	    开盘	    最高	    最低	    收盘	    成交量	    成交额
2010/10/08,7.14,7.34,7.01,7.24,4030792,43800908.00
2010/10/11,7.18,7.30,7.14,7.25,2672845,29183624.00
2010/10/12,7.24,7.39,7.18,7.31,2997723,33053332.00
2010/10/13,7.34,7.45,7.26,7.42,2225640,24845384.00
2010/10/14,7.43,7.43,7.14,7.26,3444403,37873956.00
2010/10/15,7.22,7.22,6.89,6.89,3330011,35265540.00
2010/10/18,6.75,7.20,6.62,7.20,2734686,28519844.00
2010/10/19,7.20,7.28,7.08,7.22,1346323,14692873.00
2010/10/20,7.14,7.28,7.06,7.15,1367328,14826056.00
2010/10/21,7.14,7.14,7.00,7.00,1562289,16697012.00
2010/10/22,7.00,7.08,6.94,7.07,1774947,18865140.00
2010/10/25,7.02,7.16,7.02,7.15,1673831,17969860.00
2010/10/26,7.11,7.21,7.00,7.06,1854049,19934336.00
2010/10/27,7.02,7.25,7.02,7.13,2068871,22381156.00
2010/10/28,7.08,7.20,7.07,7.14,1398021,15127231.00
2010/10/29,7.17,7.24,7.06,7.16,1151019,12447898.00
2010/11/01,7.16,7.20,7.10,7.16,2148807,23274188.00
2010/11/02,7.16,7.22,7.09,7.18,1818000,19663446.00
2010/11/03,7.26,7.34,7.16,7.29,2869478,31492244.00
2010/11/04,7.27,7.64,7.22,7.60,3547195,40277508.00
2010/11/05,7.64,7.64,7.50,7.61,1894143,21668184.00
2010/11/08,7.60,7.84,7.60,7.76,1665646,19517340.00
2010/11/09,7.68,7.96,7.68,7.86,1481947,17626346.00
2010/11/10,7.78,8.25,7.78,8.25,2603292,32198584.00
2010/11/11,8.25,8.38,7.97,8.06,2571773,31738204.00
2010/11/12,8.01,8.14,7.65,7.65,1866563,22172444.00
2010/11/15,7.62,7.71,7.27,7.50,1447171,16334707.00
2010/11/16,7.49,7.77,7.40,7.45,1204071,13769350.00
2010/11/17,7.28,7.75,7.13,7.23,1110517,12338411.00
2010/11/18,7.23,7.40,6.94,7.33,1375577,15010198.00
2010/11/19,7.38,7.47,7.34,7.46,912649,10228715.00
2010/11/22,7.46,7.83,7.34,7.83,1648440,19309332.00
2010/11/23,7.84,8.12,7.67,8.02,1607474,19279984.00
2010/11/24,8.04,8.11,7.94,8.02,1176218,14239866.00
2010/11/25,8.02,8.20,8.02,8.06,1227228,15016305.00
2010/11/26,7.94,8.12,7.80,7.86,862264,10306406.00
2010/11/29,7.82,8.19,7.82,8.02,1008864,12256279.00
2010/11/30,7.88,8.04,7.61,7.83,937112,11088555.00
2010/12/01,7.86,8.04,7.86,7.99,551890,6663709.00
2010/12/02,8.06,8.34,8.02,8.18,1227195,15172672.00
2010/12/03,8.26,8.32,8.03,8.13,955955,11806618.00
2010/12/06,8.13,8.47,8.10,8.27,816113,10230425.00
2010/12/07,8.19,8.40,8.12,8.21,502783,6253434.00
2010/12/08,8.14,8.26,8.07,8.11,536220,6594646.00
2010/12/09,8.13,8.16,7.96,8.02,376174,4577786.00
2010/12/10,8.02,8.24,7.94,8.22,629916,7695733.00
2010/12/13,8.17,8.27,8.14,8.25,882837,10939185.00
2010/12/14,8.24,8.65,8.18,8.64,2818704,36430836.00
2010/12/15,8.64,9.06,8.56,8.97,3790149,50586520.00
2010/12/16,8.94,9.42,8.81,9.42,5125731,72382688.00
2010/12/17,9.34,9.72,9.30,9.33,3727818,53572764.00
2010/12/20,8.86,9.06,8.86,8.86,3321643,44593856.00
2010/12/21,8.42,8.87,8.42,8.74,5147138,66379928.00
2010/12/22,8.50,8.65,8.40,8.47,2244358,28861574.00
2010/12/23,8.47,8.65,8.40,8.54,1472645,19072814.00
2010/12/24,8.59,8.94,8.47,8.87,2162529,28330084.00
2010/12/27,8.90,9.06,8.42,8.42,1964194,25766496.00
2010/12/28,8.24,8.24,8.00,8.00,2110739,25551872.00
2010/12/29,7.74,8.13,7.60,7.88,3372519,39067112.00
2010/12/30,7.68,7.87,7.65,7.69,829752,9737505.00
2010/12/31,7.70,8.08,7.66,8.08,1651437,19647568.00
2011/01/04,8.08,8.48,8.02,8.45,1857372,23435576.00
2011/01/05,8.45,8.50,8.24,8.26,907463,11477729.00
2011/01/06,8.27,8.45,8.26,8.38,877367,11050430.00
2011/01/07,8.46,8.46,8.31,8.39,657495,8341992.00
2011/01/10,8.39,8.47,8.07,8.08,681145,8546537.00
2011/01/11,8.06,8.06,7.86,7.95,688289,8257298.00
2011/01/12,7.81,8.10,7.81,8.08,463877,5566384.00
2011/01/13,8.14,8.20,7.94,7.95,442426,5349682.00
2011/01/14,7.96,7.96,7.71,7.85,461023,5446193.00
2011/01/17,7.85,7.89,7.74,7.75,452430,5340617.00
2011/01/18,7.70,7.76,7.36,7.74,396000,4537613.00
2011/01/19,7.74,8.02,7.74,7.90,262400,3125794.00
2011/01/20,8.04,8.06,7.87,8.06,799020,9604576.00
2011/01/21,8.07,8.46,8.06,8.40,1604718,20379928.00
2011/01/24,8.23,8.24,7.98,7.98,768910,9365282.00
2011/01/25,7.84,7.87,7.58,7.67,673467,7853480.00
2011/01/26,7.63,8.06,7.58,7.98,394788,4742222.00
2011/01/27,7.98,8.08,7.86,8.06,347637,4205640.00
2011/01/28,8.02,8.17,7.96,8.12,394887,4837419.00
2011/01/31,8.03,8.22,8.03,8.20,372046,4586404.00
2011/02/01,8.20,8.40,8.12,8.30,406250,5106116.00
2011/02/09,8.14,8.72,8.14,8.52,1241707,16093443.00
2011/02/10,8.51,8.67,8.42,8.61,584760,7556484.00
2011/02/11,8.61,8.64,8.47,8.49,773112,9952637.00
2011/02/14,8.50,8.60,8.46,8.54,600420,7713584.00
2011/02/15,8.54,8.59,8.36,8.39,1069045,13619580.00
2011/02/16,8.23,8.44,8.20,8.26,1136921,14264415.00
2011/02/17,8.27,8.51,8.24,8.34,1869081,23546668.00
2011/02/18,8.32,8.40,8.07,8.16,1478432,18395872.00
2011/02/21,7.98,8.57,7.98,8.57,4332678,55786672.00
2011/02/22,8.67,8.94,8.42,8.43,4311678,56638992.00
2011/02/23,8.44,8.74,8.44,8.59,2026250,26260744.00
2011/02/24,8.46,8.48,8.16,8.43,1853173,23367792.00
2011/02/25,8.39,8.42,8.20,8.30,1381088,17336940.00
2011/02/28,8.27,8.60,8.24,8.52,1568229,20066400.00
2011/03/01,8.52,8.67,8.47,8.56,1728172,22355608.00
2011/03/02,8.60,8.63,8.33,8.46,1606501,20543560.00
2011/03/03,8.52,8.80,8.44,8.52,1946849,25331064.00
2011/03/04,8.58,8.65,8.51,8.60,1398177,18101098.00
2011/03/07,8.54,8.71,8.47,8.51,1766960,22856592.00
2011/03/08,8.48,8.60,8.36,8.59,2544302,32628090.00
2011/03/09,8.61,8.61,8.44,8.53,2006121,25818484.00
2011/03/10,8.54,8.69,8.35,8.53,1799824,23184072.00
2011/03/11,8.54,8.67,8.47,8.55,1935498,25173556.00
2011/03/14,8.52,8.91,8.52,8.73,3170988,42050804.00
2011/03/15,8.69,8.87,8.54,8.72,2194787,28840806.00
2011/03/16,8.73,9.01,8.72,8.86,2404872,32191460.00
2011/03/17,8.84,9.17,8.73,9.10,4175363,56977388.00
2011/03/18,9.14,9.26,8.96,9.01,2553460,35149640.00
2011/03/21,9.02,9.08,8.81,8.92,1649813,22245676.00
2011/03/22,8.74,8.87,8.60,8.72,1871492,24790614.00
2011/03/23,8.74,8.79,8.57,8.64,2211061,28924128.00
2011/03/24,8.67,8.94,8.60,8.90,2316648,30805876.00
2011/03/25,8.90,9.00,8.70,8.74,2445008,32454162.00
2011/03/28,8.75,9.10,8.75,8.94,2963527,40107536.00
2011/03/29,8.93,9.04,8.80,8.90,2290907,30773842.00
2011/03/30,8.90,9.02,8.46,8.46,4019729,52626584.00
2011/03/31,8.47,8.66,8.14,8.58,3907826,49982088.00
2011/04/01,8.58,9.01,8.57,9.01,10719808,145332240.00
2012/07/03,6.34,7.60,5.94,6.69,12215968,126531280.00
2012/07/04,6.38,6.47,6.35,6.35,3981054,38370964.00
2012/07/05,6.05,6.19,6.03,6.03,6194740,56781560.00
2012/07/06,5.98,6.13,5.83,6.05,3568816,32618156.00
2012/07/09,6.04,6.08,5.74,5.75,3349656,29901848.00
2012/07/10,5.74,5.74,5.46,5.46,2369172,19921556.00
2012/07/11,5.44,5.56,5.39,5.50,1285438,10676814.00
2012/07/12,5.50,5.58,5.40,5.54,1690700,14020865.00
2012/07/13,5.51,5.82,5.50,5.70,2200613,19031798.00
2012/07/16,5.74,5.80,5.44,5.48,1371747,11653997.00
2012/07/17,5.45,5.71,5.40,5.65,1070631,8998135.00
2012/07/18,5.66,5.94,5.61,5.94,2619910,23352878.00
2012/07/19,5.94,6.14,5.87,5.92,2720015,24687708.00
2012/07/20,5.92,6.11,5.81,6.01,1861572,16913084.00
2012/07/23,5.94,5.98,5.73,5.74,1388046,12202309.00
2012/07/24,5.69,5.83,5.63,5.79,794039,6911664.00
2012/07/25,5.79,5.80,5.69,5.71,705668,6136830.00
2012/07/26,5.69,5.70,5.56,5.56,871438,7451595.00
2012/07/27,5.60,5.73,5.54,5.68,626334,5335981.00
2012/07/30,5.39,5.39,5.39,5.39,221700,1813506.00
2012/07/31,5.12,5.12,5.12,5.12,37900,294483.00
2012/08/01,4.86,5.00,4.86,4.86,3691039,27296586.00
2012/08/02,4.86,4.92,4.61,4.71,1782137,12890053.00
2012/08/03,4.72,4.89,4.67,4.89,1573099,11436115.00
2012/08/06,4.88,5.10,4.84,5.02,1402997,10645335.00
2012/08/07,5.00,5.11,4.98,5.01,1296995,9904026.00
2012/08/08,5.02,5.10,4.98,5.08,1335327,10240837.00
2012/08/09,5.08,5.18,5.02,5.14,1154767,8963622.00
2012/08/10,5.14,5.18,5.09,5.16,792544,6176066.00
2012/08/13,5.16,5.16,4.96,5.00,724990,5576614.00
2012/08/14,4.96,5.03,4.80,4.99,770537,5729823.00
2012/08/15,4.96,5.10,4.93,5.04,510674,3875155.00
2012/08/16,4.98,5.22,4.98,5.11,948458,7406998.00
2012/08/17,5.09,5.32,5.08,5.30,1480240,11795828.00
2012/08/20,5.29,5.53,5.24,5.52,1737357,14287393.00
2012/08/21,5.50,5.80,5.50,5.80,1167204,10168779.00
2012/08/22,5.73,6.10,5.54,6.03,4536722,41325244.00
2012/08/23,6.02,6.08,5.75,6.06,3845824,34547824.00
2012/08/24,5.87,5.87,5.75,5.75,2861878,25016828.00
2012/08/27,5.54,5.75,5.52,5.61,1519497,12949228.00
2012/08/28,5.56,5.61,5.34,5.50,1131138,9481079.00
2012/08/29,5.50,5.74,5.46,5.60,1094468,9345695.00
2012/08/30,5.60,5.71,5.32,5.45,1554097,13035951.00
2012/08/31,5.39,5.72,5.39,5.69,1805468,15495026.00
2012/09/03,5.69,5.78,5.60,5.71,989466,8558109.00
2012/09/04,5.71,5.83,5.62,5.70,684518,5946662.00
2012/09/05,5.70,5.74,5.60,5.69,492033,4238676.00
2012/09/06,5.69,5.74,5.66,5.71,546669,4716613.00
2012/09/07,5.71,5.88,5.70,5.85,1646682,14459006.00
2012/09/10,5.80,5.86,5.75,5.82,1094552,9627241.00
2012/09/11,5.76,5.82,5.72,5.78,644449,5632838.00
2012/09/12,5.80,5.91,5.78,5.87,1101964,9762905.00
2012/09/13,5.86,5.88,5.78,5.82,891675,7884609.00
2012/09/14,5.79,5.85,5.71,5.78,562522,4926886.00
2012/09/17,5.74,5.74,5.49,5.51,761212,6484326.00
2012/09/18,5.44,5.55,5.44,5.54,271313,2264801.00
2012/09/19,5.57,5.60,5.51,5.60,348233,2937537.00
2012/09/20,5.59,5.59,5.32,5.34,444311,3663084.00
2012/09/21,5.29,5.41,5.29,5.34,246623,2003571.00
2012/09/24,5.28,5.61,5.21,5.52,409851,3332954.00
2012/09/25,5.47,5.56,5.33,5.48,267463,2217766.00
2012/09/26,5.47,5.52,5.27,5.29,285650,2314883.00
2012/09/27,5.31,5.44,5.29,5.36,365385,2974299.00
2012/09/28,5.43,5.46,5.32,5.44,557026,4566250.00
2012/10/08,5.39,5.58,5.39,5.52,496552,4144256.00
2012/10/09,5.48,5.70,5.48,5.68,903717,7675556.00
2012/10/10,5.69,5.90,5.64,5.85,1343570,11853480.00
2012/10/11,5.82,5.97,5.67,5.70,1344532,11802305.00
2012/10/12,5.72,5.84,5.67,5.78,962835,8403190.00
2012/10/15,5.78,5.94,5.76,5.92,1409565,12552924.00
2012/10/16,5.92,5.94,5.81,5.87,673894,6004766.00
2012/10/17,5.86,5.92,5.78,5.81,598453,5315830.00
2012/10/18,5.76,5.92,5.76,5.84,972804,8628101.00
2012/10/19,5.84,6.00,5.82,6.00,1579997,14270196.00
2012/10/22,6.00,6.17,5.97,6.07,2440344,22518940.00
2012/10/23,6.06,6.18,5.96,6.01,1880100,17278004.00
2012/10/24,5.94,6.16,5.90,6.16,1786846,16409357.00
2012/10/25,6.17,6.17,5.88,6.00,1486122,13539370.00
2012/10/26,5.92,6.00,5.77,5.83,1141283,10157606.00
2012/10/29,5.81,5.84,5.74,5.78,794105,6961538.00
2012/10/30,5.82,5.84,5.74,5.75,531600,4656639.00
2012/10/31,5.72,5.84,5.72,5.79,347900,3051645.00
2012/11/01,5.76,5.90,5.76,5.88,504902,4478401.00
2012/11/02,5.88,5.98,5.80,5.97,743750,6652369.00
2012/11/05,5.94,6.10,5.90,6.07,978518,8935116.00
2012/11/06,6.09,6.09,5.86,6.00,689302,6221095.00
2012/11/07,6.00,6.00,5.86,5.94,563350,5042161.00
2012/11/08,5.90,5.90,5.75,5.75,470000,4150132.00
2012/11/09,5.77,5.86,5.75,5.80,366121,3222179.00
2012/11/12,5.78,5.84,5.74,5.80,217619,1905235.00
2012/11/13,5.80,5.80,5.61,5.65,437712,3791452.00
2012/11/14,5.66,5.72,5.51,5.67,475567,4043009.00
2012/11/15,5.64,5.67,5.48,5.54,198600,1682930.00
2012/11/16,5.54,5.54,5.39,5.42,230809,1901251.00
2012/11/19,5.42,5.47,5.34,5.44,499888,4108509.00
2012/11/20,5.46,5.49,5.30,5.35,636204,5193215.00
2012/11/21,5.35,5.46,5.30,5.42,463907,3779257.00
2012/11/22,5.38,5.45,5.37,5.42,361379,2961755.00
2012/11/23,5.42,5.48,5.41,5.46,358395,2960939.00
2012/11/26,5.46,5.52,5.41,5.47,827129,6874887.00
2012/11/27,5.48,5.48,5.20,5.28,728334,5869851.00
2012/11/28,5.14,5.26,5.01,5.03,759820,5835825.00
2012/11/29,5.03,5.12,4.90,5.01,760600,5786095.00
2012/11/30,5.00,5.10,4.87,5.05,603302,4561737.00
2012/12/03,4.88,5.02,4.80,4.80,753573,5552589.00
2012/12/04,4.74,4.80,4.56,4.73,1411818,9949309.00
2012/12/05,4.70,4.90,4.67,4.87,1482473,10819991.00
2012/12/06,4.86,4.92,4.78,4.89,717771,5283903.00
2012/12/07,4.80,5.02,4.80,5.00,785975,5928151.00
2012/12/10,5.06,5.08,4.94,5.07,740397,5634567.00
2012/12/11,5.08,5.08,4.97,5.07,877526,6699927.00
2012/12/12,5.00,5.06,4.99,5.04,551399,4203266.00
2012/12/13,5.00,5.10,4.97,5.00,537529,4113900.00
2012/12/14,5.04,5.26,4.99,5.22,1350232,10627322.00
2012/12/17,5.24,5.31,5.14,5.28,699540,5577953.00
2012/12/18,5.24,5.28,5.19,5.24,656674,5221278.00
2012/12/19,5.20,5.22,5.14,5.20,558300,4389922.00
2012/12/20,5.19,5.25,5.14,5.24,427171,3369938.00
2012/12/21,5.20,5.26,5.17,5.22,490629,3882818.00
2012/12/24,5.20,5.49,5.19,5.41,1903192,15652695.00
2012/12/25,5.41,5.47,5.32,5.43,964721,7919490.00
2012/12/26,5.42,5.60,5.40,5.58,1122550,9359915.00
2012/12/27,5.59,5.77,5.54,5.66,1131429,9715856.00
2012/12/28,5.62,5.76,5.62,5.72,1211154,10466757.00
2012/12/31,5.74,5.85,5.67,5.74,1447781,12614048.00
2013/01/04,5.67,5.70,5.45,5.45,1704691,14115206.00
2013/01/07,5.43,5.62,5.39,5.59,1202308,10090474.00
2013/05/07,5.87,5.87,5.87,5.87,38157,339597.00
2013/05/08,6.17,6.17,6.17,6.17,197501,1846634.00
2013/05/09,6.48,6.48,6.43,6.48,2383834,23405820.00
2013/05/10,6.60,6.60,6.16,6.46,6640790,64057632.00
2013/05/13,6.35,6.47,6.22,6.33,2514776,24100706.00
2013/05/14,6.33,6.48,6.31,6.40,1676816,16227525.00
2013/05/15,6.43,6.43,6.29,6.38,1374310,13219370.00
2013/05/16,6.38,6.38,6.24,6.28,1670490,15932961.00
2013/05/17,6.29,6.36,6.26,6.30,933976,8913558.00
2013/05/20,6.24,6.28,6.14,6.18,2610631,24523360.00
2013/05/21,6.18,6.22,6.12,6.18,947573,8875133.00
2013/05/22,6.19,6.49,6.17,6.49,3068766,29828756.00
2013/05/23,6.42,6.54,6.35,6.43,1901157,18561166.00
2013/05/24,6.40,6.54,6.38,6.49,1101848,10796230.00
2013/05/27,6.50,6.52,6.42,6.45,986389,9645589.00
2013/05/28,6.42,6.55,6.42,6.52,1043770,10278337.00
2013/05/29,6.54,6.54,6.44,6.47,1275142,12530948.00
2013/05/30,6.49,6.80,6.49,6.80,1862176,19016116.00
2013/05/31,6.80,6.93,6.74,6.86,2044577,21171144.00
2013/06/03,6.87,7.21,6.87,7.21,1457140,15771457.00
2013/06/04,7.27,7.31,6.97,7.11,2005438,21603496.00
2013/06/05,7.02,7.33,7.02,7.23,1505672,16426808.00
2013/06/06,7.17,7.17,6.86,7.09,1435337,15296663.00
2013/06/07,7.04,7.31,6.96,7.14,1249339,13507696.00
2013/06/13,7.08,7.18,6.78,7.02,2317465,24581452.00
2013/06/14,7.02,7.37,6.87,7.28,2714685,29571032.00
2013/06/17,7.15,7.31,7.07,7.22,1628585,17774112.00
2013/06/18,7.28,7.28,7.14,7.17,795781,8681337.00
2013/06/19,7.16,7.18,6.96,7.12,1248476,13286610.00
2013/06/20,7.11,7.11,6.94,6.96,775700,8239982.00
2013/06/21,6.88,7.02,6.62,6.97,1203458,12395598.00
2013/06/24,6.93,6.97,6.62,6.63,2087169,21395498.00
2013/06/25,6.61,6.66,6.30,6.35,1158080,11239906.00
2013/06/26,6.45,6.54,6.37,6.52,822606,8024382.00
2013/06/27,6.44,6.53,6.19,6.19,852074,8254337.00
2013/06/28,6.14,6.26,5.94,6.10,445530,4119053.00
2013/07/01,6.10,6.31,6.04,6.26,472723,4455942.00
2013/07/02,6.20,6.33,6.20,6.31,312053,2971696.00
2013/07/03,6.27,6.27,6.14,6.19,677869,6345976.00
2013/07/04,6.18,6.38,6.10,6.25,536531,5057708.00
2013/07/05,6.30,6.40,6.22,6.28,512700,4899630.00
2013/07/08,6.20,6.20,5.96,5.96,650200,5987496.00
2013/07/09,5.94,6.00,5.82,5.96,284614,2559581.00
2013/07/10,5.92,6.08,5.88,6.06,424943,3857511.00
2013/07/11,6.09,6.24,6.04,6.16,391400,3652007.00
2013/07/12,6.16,6.23,6.06,6.13,476311,4440047.00
2013/07/15,6.23,6.23,6.07,6.13,550043,5094194.00
2013/07/16,6.11,6.28,6.10,6.27,793142,7428751.00
2013/07/17,6.23,6.28,6.15,6.16,430903,4069252.00
2013/07/18,6.16,6.22,6.07,6.11,403092,3730823.00
2013/07/19,6.06,6.18,6.01,6.02,457400,4203329.00
2013/07/22,5.72,5.90,5.71,5.80,1032070,9012202.00
2013/07/23,5.75,5.95,5.73,5.92,622230,5530100.00
2013/07/24,5.94,5.97,5.81,5.86,574651,5091498.00
2013/07/25,5.86,5.86,5.64,5.72,754549,6563453.00
2013/07/26,5.63,5.77,5.62,5.74,541950,4686471.00
2013/07/29,5.72,5.90,5.68,5.84,618325,5430228.00
2013/07/30,5.84,6.14,5.74,6.13,1894510,17334420.00
2013/07/31,6.13,6.27,6.08,6.16,566334,5301760.00
2013/08/01,6.14,6.23,6.10,6.16,830336,7766898.00
2013/08/02,6.16,6.48,6.16,6.39,1316464,12788320.00
2013/08/05,6.38,6.44,6.35,6.42,744789,7215753.00
2013/08/06,6.38,6.42,6.29,6.37,756342,7277283.00
2013/08/07,6.34,6.45,6.32,6.40,653929,6336770.00
2013/08/08,6.49,6.73,6.38,6.56,1025443,10277837.00
2013/08/09,6.58,6.70,6.47,6.54,688125,6827524.00
2013/08/12,6.54,6.72,6.54,6.64,563696,5672150.00
2013/08/13,6.65,6.84,6.65,6.84,783994,8043712.00
2013/08/14,6.84,6.90,6.61,6.69,713292,7237323.00
2013/08/15,6.56,6.68,6.48,6.50,1266141,12520309.00
2013/08/16,6.50,6.50,6.18,6.23,1525542,14628440.00
2013/08/19,6.19,6.31,6.11,6.28,821892,7774436.00
2013/08/20,6.28,6.60,6.27,6.60,1833682,18175756.00
2013/08/21,6.62,6.66,6.52,6.60,730347,7294181.00
2013/08/22,6.60,6.67,6.57,6.62,671671,6731451.00
2013/08/23,6.63,6.70,6.49,6.66,1189497,11821727.00
2013/08/26,6.64,6.79,6.64,6.77,879860,8949339.00
2013/08/27,6.67,6.67,6.51,6.56,1531351,15278455.00
2013/08/28,6.58,6.64,6.50,6.58,798859,7946440.00
2013/08/29,6.60,6.64,6.54,6.57,436373,4348255.00
2013/08/30,6.57,6.59,6.35,6.40,977389,9579210.00
2013/09/02,6.40,6.62,6.36,6.54,694958,6822816.00
2013/09/03,6.54,6.66,6.50,6.61,711266,7117373.00
2013/09/04,6.60,6.72,6.56,6.60,611885,6135524.00
2013/09/05,6.64,6.65,6.52,6.54,638140,6341579.00
2013/09/06,6.48,6.64,6.48,6.62,647950,6447359.00
2013/09/09,6.61,6.95,6.59,6.77,1394768,14440270.00
2013/09/10,6.80,6.89,6.72,6.83,703189,7260616.00
2013/09/11,6.78,6.91,6.73,6.77,888237,9148186.00
2013/09/12,6.76,6.82,6.73,6.80,1074733,11044787.00
2013/09/13,6.80,6.86,6.63,6.67,1227807,12431182.00
2013/09/16,6.62,6.73,6.61,6.69,725891,7328370.00
2013/09/17,6.66,6.71,6.48,6.54,539567,5419301.00
2013/09/18,6.54,6.72,6.54,6.70,567849,5716690.00
2013/09/23,6.70,6.80,6.68,6.78,801625,8210599.00
2013/09/24,6.66,6.75,6.60,6.70,1322471,13343187.00
2013/09/25,6.73,6.75,6.64,6.68,720481,7289042.00
2013/09/26,6.66,6.68,6.55,6.60,843480,8419731.00
2013/09/27,6.55,6.66,6.55,6.64,657691,6571323.00
2013/09/30,6.68,6.79,6.62,6.70,617499,6279884.00
2013/10/08,6.67,6.84,6.62,6.78,672736,6899248.00
2013/10/09,6.74,6.78,6.66,6.78,698201,7096534.00
2013/10/10,6.77,6.79,6.68,6.77,606996,6194436.00
2013/10/11,6.76,7.04,6.76,6.99,1645098,17231768.00
2013/10/14,6.97,7.34,6.94,7.34,1494096,16459479.00
2013/10/15,7.54,7.72,7.42,7.44,3128681,36053608.00
2013/10/16,7.41,7.66,7.19,7.60,1573017,17816172.00
2013/10/17,7.70,7.80,7.44,7.46,1490871,17102172.00
2013/10/18,7.39,7.59,7.39,7.46,914327,10367906.00
2013/10/21,7.44,7.83,7.44,7.83,1777604,20867856.00
2013/10/22,7.86,8.22,7.76,8.16,2000165,24517132.00
2013/10/23,8.16,8.47,8.06,8.08,2220360,27737474.00
2013/10/24,7.93,8.19,7.68,8.03,2674509,31650456.00
2013/11/07,8.44,8.44,7.62,7.62,3051140,36295312.00
2013/11/08,7.40,7.54,7.24,7.24,1669800,18376566.00
2013/11/11,7.19,7.19,6.90,7.01,928540,9937014.00
2013/11/12,7.08,7.18,7.03,7.13,598580,6430865.00
2013/11/13,7.12,7.18,6.77,6.77,1195339,12553453.00
2013/11/14,6.68,6.86,6.58,6.85,1013059,10271660.00
2013/11/15,6.78,7.19,6.77,7.18,1778454,18897312.00
2013/11/18,7.18,7.54,7.08,7.54,2114383,23674476.00
2013/11/19,7.51,7.79,7.48,7.66,1756354,20275624.00
2013/11/20,7.68,7.69,7.52,7.62,590639,6797168.00
2013/11/21,7.71,7.79,7.60,7.74,766957,8923315.00
2013/11/22,7.79,8.03,7.74,8.02,1324231,15862132.00
2013/11/25,8.04,8.14,7.84,7.90,806539,9690296.00
2013/11/26,7.86,7.94,7.64,7.72,703945,8315827.00
2013/11/27,7.79,7.80,7.60,7.76,581347,6779331.00
2013/11/28,7.85,8.07,7.67,7.74,1065300,12752728.00
2013/11/29,7.70,7.70,7.57,7.66,697091,8044279.00
2013/12/02,7.30,7.57,7.28,7.28,1427400,15898157.00
2013/12/03,7.08,7.33,7.07,7.24,1158771,12548242.00
2013/12/04,7.26,7.44,7.26,7.36,563242,6295761.00
2013/12/05,7.36,7.70,7.36,7.68,947846,10835691.00
2013/12/06,7.68,7.80,7.60,7.62,412110,4769978.00
2013/12/09,7.67,7.73,7.54,7.64,472516,5429490.00
2013/12/10,7.64,7.66,7.52,7.58,347101,3984541.00
2013/12/11,7.60,7.62,7.53,7.61,282066,3224476.00
2013/12/12,7.76,7.94,7.62,7.64,1184943,13852451.00
2013/12/13,7.60,7.64,7.36,7.46,834725,9417623.00
2013/12/16,7.46,7.46,7.28,7.34,317880,3531852.00
2013/12/17,7.33,7.33,7.21,7.32,265040,2920634.00
2013/12/18,7.31,7.41,7.26,7.28,563001,6230718.00
2013/12/19,7.40,7.40,7.15,7.18,489740,5386941.00
2013/12/20,7.18,7.29,7.14,7.19,431390,4705391.00
2013/12/23,7.25,7.39,7.20,7.37,470970,5225678.00
2013/12/24,7.40,7.40,7.34,7.38,252100,2812695.00
2013/12/25,7.27,7.40,7.27,7.37,279677,3111457.00
2013/12/26,7.30,7.39,7.20,7.21,454300,4997193.00
2013/12/27,7.28,7.34,7.19,7.26,381141,4175818.00
2013/12/30,7.27,7.32,7.17,7.20,333500,3654660.00
2013/12/31,7.18,7.18,6.94,7.09,539531,5783772.00
2014/01/02,7.17,7.30,7.12,7.26,421810,4584237.00
2014/01/03,7.30,7.52,7.30,7.50,829324,9316046.00
2014/01/06,7.52,7.63,7.46,7.47,854500,9749946.00
2014/01/07,7.59,7.59,7.27,7.45,454276,5109224.00
2014/01/08,7.51,7.62,7.36,7.46,505422,5706369.00
2014/01/09,7.37,7.52,7.37,7.37,255400,2863808.00
2014/01/10,7.47,7.50,7.28,7.34,594607,6649841.00
2014/01/13,7.34,7.37,7.14,7.16,309420,3384291.00
2014/01/14,7.22,7.24,7.08,7.24,244520,2651369.00
2014/01/15,7.20,7.34,7.20,7.24,337834,3710154.00
2014/01/16,7.19,7.24,7.00,7.10,452349,4874263.00
2014/01/17,7.13,7.42,7.08,7.34,536338,5920335.00
2014/01/20,7.40,7.40,7.08,7.18,580220,6339949.00
2014/01/21,7.19,7.24,7.12,7.20,314955,3422008.00
2014/01/22,7.22,7.30,7.21,7.28,586406,6457453.00
2014/01/23,7.24,7.32,7.22,7.26,506915,5575199.00
2014/01/24,7.19,7.39,7.16,7.25,511485,5626797.00
2014/01/27,7.25,7.32,7.15,7.31,348473,3817805.00
2014/01/28,7.31,7.32,7.19,7.22,294309,3215757.00
2014/01/29,7.26,7.37,7.24,7.25,395540,4355657.00
2014/01/30,7.20,7.30,7.18,7.19,201540,2205344.00
2014/02/07,6.88,7.24,6.88,7.19,365627,3947702.00
2014/02/10,7.23,7.34,7.14,7.27,783415,8610698.00
2014/02/11,7.21,7.28,7.14,7.17,600202,6540103.00
2014/02/12,7.22,7.22,7.14,7.21,491524,5335712.00
2014/02/13,7.30,7.30,7.16,7.17,630167,6861773.00
2014/02/14,7.18,7.19,7.07,7.16,606019,6550030.00
2014/02/17,7.18,7.20,7.13,7.16,1302886,14108983.00
2014/02/18,7.18,7.37,7.07,7.31,1197343,13053367.00
2014/02/19,7.29,7.32,7.23,7.26,704819,7748664.00
2014/02/20,7.27,7.33,7.18,7.18,507671,5549332.00
2014/02/21,7.15,7.27,7.14,7.16,419529,4566789.00
2014/02/24,7.24,7.24,7.10,7.16,383889,4151151.00
2014/02/25,7.10,7.18,7.02,7.08,508000,5474889.00
2014/02/26,7.04,7.09,6.94,6.97,541790,5751401.00
2014/02/27,6.97,7.06,6.90,6.92,684164,7222701.00
2014/02/28,6.89,6.98,6.76,6.90,569739,5918525.00
2014/03/03,6.91,7.22,6.84,7.19,1013067,10896741.00
2014/03/04,7.19,7.32,7.18,7.31,1504316,16536462.00
2014/08/19,8.05,8.05,8.05,8.05,35570,288473.00
2014/08/20,8.86,8.86,8.86,8.86,69254,617746.00
2014/08/21,9.75,9.75,9.75,9.75,227862,2235326.00
2014/08/22,10.73,10.73,10.73,10.73,194099,2094328.00
2014/08/25,11.81,11.81,11.81,11.81,240213,2851328.00
2014/08/26,13.00,13.00,13.00,13.00,492335,6429895.00
2014/08/27,14.31,14.31,14.31,14.31,458873,6594005.00
2014/08/28,15.75,15.75,15.75,15.75,1236181,19544022.00
2014/08/29,16.94,16.94,15.04,15.43,46502608,744397952.00
2014/09/01,15.14,15.41,14.45,15.35,24229082,364971200.00
2014/09/02,15.25,16.27,15.22,15.55,24498861,386480256.00
2014/09/03,15.38,17.11,15.31,17.11,25606026,429066368.00
2014/09/04,17.54,17.93,16.64,17.16,24193111,417108832.00
2014/09/05,16.92,17.09,16.71,16.76,13374573,225774400.00
2014/09/09,16.44,17.47,16.44,17.05,12197299,208804400.00
2014/09/10,16.80,17.43,16.47,17.37,12184796,208234880.00
2014/09/11,17.29,17.82,16.74,16.76,13822516,237875600.00
2014/09/12,16.60,17.02,16.48,16.73,7759647,130113288.00
2014/09/15,16.64,17.11,16.15,17.02,12026797,201895472.00
2014/09/16,16.95,16.97,16.24,16.27,7919190,132017768.00
2014/09/17,16.19,16.57,15.85,16.24,7562324,122414088.00
2014/09/18,16.24,16.38,15.98,16.16,3239038,52455188.00
2014/09/19,16.14,16.83,16.00,16.51,4505494,74286032.00
2014/09/22,16.34,16.64,16.04,16.40,3741025,61432316.00
2014/09/23,16.44,16.84,16.23,16.73,5795024,96360608.00
2014/09/24,16.74,16.74,16.25,16.54,6110487,101123168.00
2014/09/25,16.60,18.02,15.91,15.93,21880073,364807232.00
2014/09/26,15.30,15.68,15.23,15.43,6924288,107442080.00
2014/09/29,15.82,16.29,15.64,15.66,8057307,129252392.00
2014/09/30,15.54,16.02,15.54,15.76,4232764,67143392.00
2014/10/08,15.81,16.22,15.81,15.99,4239021,68246944.00
2014/10/09,16.12,16.23,15.88,16.09,4380240,70586024.00
2014/10/10,15.94,16.28,15.89,16.11,3491915,56303032.00
2014/10/13,16.05,16.18,15.63,15.73,3654163,58057080.00
2014/10/14,15.66,15.87,15.34,15.63,3140338,49181328.00
2014/10/15,15.46,15.63,15.23,15.45,2694871,41644864.00
2014/10/16,15.45,15.64,15.24,15.50,3491752,54003104.00
2014/10/17,15.50,15.52,14.80,14.82,3052604,46157744.00
2014/10/20,14.81,14.92,14.46,14.68,3987202,58510300.00
2014/10/21,14.76,14.80,14.55,14.66,2036375,30001500.00
2014/10/22,14.66,14.87,14.58,14.68,1666898,24644360.00
2014/10/23,14.72,15.13,14.62,14.67,2428144,36243368.00
2014/10/24,14.47,14.67,14.45,14.51,2229937,32492950.00
2014/10/27,14.52,14.82,14.46,14.58,1844446,27037564.00
2014/10/28,14.63,16.04,14.62,15.10,21559908,321948448.00
2014/10/29,14.85,14.92,14.51,14.79,10376678,153197232.00
2014/10/30,14.80,14.80,14.56,14.65,5207461,76661056.00
2014/10/31,14.61,14.69,14.04,14.19,6294426,90234640.00
2014/11/03,14.22,14.32,14.07,14.30,3345922,47757288.00
2014/11/04,14.23,14.38,13.77,13.79,5651561,79593736.00
2014/11/05,13.81,13.99,13.54,13.94,4894901,67502752.00
2014/11/06,13.87,14.13,13.76,14.07,3494021,49159288.00
2014/11/07,14.12,14.21,13.77,13.80,3436353,48268508.00
2014/11/10,13.74,14.04,13.74,13.80,3108942,43327544.00
2014/11/11,13.81,13.84,12.55,12.76,9154899,120096944.00
2014/11/12,12.80,13.01,12.79,13.00,2868235,37271036.00
2014/11/13,13.04,13.13,12.87,12.90,2409273,31392716.00
2014/11/14,12.94,13.41,12.72,13.23,4811295,63660096.00
2014/11/17,13.18,13.72,13.08,13.44,6348359,86080136.00
2014/11/18,13.34,13.49,13.16,13.32,2302639,30704656.00
2014/11/19,13.37,13.88,13.26,13.63,8248923,113207272.00
2014/11/20,13.58,13.75,13.45,13.64,3039814,41632648.00
2014/11/21,13.61,13.75,13.55,13.68,2310592,31702110.00
2014/11/24,13.60,13.73,13.35,13.43,4203980,56897748.00
2014/11/25,13.43,13.69,13.21,13.68,5366286,72428096.00
2014/11/26,13.64,14.06,13.57,13.81,4811099,66894972.00
2014/11/27,13.79,13.87,13.64,13.75,2979282,41130112.00
2014/11/28,13.70,14.22,13.67,14.15,6462241,90596888.00
2014/12/01,14.13,14.13,13.24,13.28,6985161,94830664.00
2014/12/02,13.24,13.42,13.20,13.35,3133250,41984560.00
2014/12/03,13.34,13.61,12.85,13.40,6883456,91121528.00
2014/12/04,13.37,13.45,13.25,13.33,4286366,57550004.00
2014/12/05,13.35,13.35,12.69,12.91,5170341,67166384.00
2014/12/08,12.83,13.08,12.75,12.87,3806039,49375660.00
2014/12/09,12.87,13.12,12.32,12.70,5073358,65001968.00
2014/12/10,12.55,13.15,12.55,12.98,3343326,43514404.00
2014/12/11,12.95,13.25,12.88,13.24,3669429,48151856.00
2014/12/12,13.23,14.14,13.14,13.84,7584634,103888240.00
2014/12/15,13.59,13.84,13.29,13.73,4756231,65045992.00
2014/12/16,13.72,13.72,13.40,13.48,3295296,44760516.00
2014/12/17,13.48,13.50,13.05,13.09,3310221,43874268.00
2014/12/18,13.04,13.29,12.94,13.10,2335666,30930572.00
2014/12/19,13.07,13.07,12.57,12.60,3240795,41452288.00
2014/12/22,12.53,12.53,11.33,11.94,4416557,52331392.00
2014/12/23,12.01,12.72,12.01,12.18,4741596,58866968.00
2014/12/24,12.14,12.43,12.02,12.22,4151736,51150600.00
2014/12/25,12.23,12.25,11.78,12.07,5858124,70717576.00
2014/12/26,11.95,12.02,11.74,11.95,4988392,59355456.00
2014/12/29,11.96,12.02,11.51,11.89,6613403,78077424.00
2014/12/30,11.74,11.82,11.44,11.63,8194373,95652200.00
2014/12/31,11.67,11.96,11.48,11.95,7084862,84216296.00
2015/01/05,11.95,12.44,11.94,12.10,6009172,73576152.00
2015/01/06,12.07,12.21,11.85,12.18,3790967,45736528.00
2015/01/07,12.15,12.15,11.82,11.96,5328586,63953856.00
2015/01/08,11.84,12.00,11.72,11.85,5185451,61888756.00
2015/01/09,11.90,12.14,11.83,11.88,5488576,66019824.00
2015/01/12,11.84,12.05,11.62,11.83,6380831,75683600.00
2015/01/13,11.79,11.87,11.62,11.78,6330229,74474320.00
2015/01/14,11.82,11.84,11.64,11.75,3641603,42907880.00
2015/01/15,11.76,12.02,11.22,11.61,25621231,294549888.00
2015/01/16,11.45,11.69,11.33,11.61,14287975,165043888.00
2015/01/19,11.34,11.90,11.29,11.52,12238130,143124944.00
2015/01/20,11.52,12.03,11.52,12.01,14328949,170230048.00
2015/01/21,12.14,12.44,11.91,12.33,21858508,268273632.00
2015/01/22,12.34,12.66,12.16,12.65,28675764,358066816.00
2015/01/23,12.72,12.74,12.26,12.31,22921300,286538112.00
2015/01/26,12.32,12.57,12.07,12.42,18611995,232097984.00
2015/01/27,12.42,12.54,12.18,12.30,13537682,167781760.00
2015/01/28,12.25,12.40,12.20,12.32,10767322,133385552.00
2015/01/29,12.26,12.88,12.19,12.75,29644406,376004096.00
2015/01/30,12.74,12.94,12.37,12.38,20197008,256685152.00
2015/02/02,12.37,12.60,12.15,12.26,11968793,148748832.00
2015/02/03,12.31,12.58,12.24,12.39,12989040,162353840.00
2015/02/04,12.38,12.54,12.23,12.30,14395038,178702208.00
2015/02/05,12.41,12.42,12.06,12.25,17389546,213599728.00
2015/02/06,12.13,12.18,11.49,11.52,18385963,216896432.00
2015/02/09,11.51,11.62,11.03,11.23,13684205,154771776.00
2015/02/10,11.23,11.29,11.14,11.23,7441569,83951248.00
2015/02/11,11.32,11.52,11.24,11.42,8702607,99609320.00
2015/02/12,11.42,11.61,11.34,11.60,8219816,95070808.00
2015/02/13,11.62,12.27,11.62,12.22,18435146,222482544.00
2015/02/16,12.36,12.88,12.24,12.44,25241015,317403808.00
2015/02/17,12.49,12.79,12.25,12.72,20849200,263238816.00
2015/02/25,12.74,12.80,12.49,12.56,20898074,263820720.00
2015/02/26,12.63,12.69,12.43,12.63,22599557,284856416.00
2015/02/27,12.67,13.50,12.65,13.22,48013847,634450176.00
2015/03/02,13.26,13.74,13.26,13.37,41236930,557611456.00
2015/03/03,13.30,14.27,13.14,13.83,38895254,535296320.00
2015/03/04,13.83,14.44,13.57,14.39,41522164,581274560.00
2015/03/05,14.34,15.31,14.21,14.97,47364216,702801600.00
2015/03/06,14.96,15.33,14.44,14.45,38453804,568555584.00
2015/03/09,14.29,14.51,13.83,14.29,23119769,329209088.00
2015/03/10,14.24,15.06,14.08,14.82,29614150,435916224.00
2015/03/11,14.24,14.53,13.90,14.30,40288815,575952896.00
2015/03/12,14.21,14.89,13.96,14.55,31565478,457656960.00
2015/03/13,14.56,14.74,14.36,14.50,23958026,349428608.00
2015/03/16,14.64,15.24,14.49,14.97,39794071,597180800.00
2015/03/17,15.23,15.23,14.64,14.85,38159957,567650752.00
2015/03/18,14.80,15.24,14.68,15.24,33535863,506731200.00
2015/03/19,15.26,15.35,14.95,15.27,28781249,437167840.00
2015/03/20,15.25,16.76,15.17,16.30,45637167,739420416.00
2015/03/23,16.36,16.62,16.09,16.43,36420621,597652864.00
2015/03/24,16.43,16.49,15.36,16.27,36159005,582715712.00
2015/03/25,16.14,16.18,15.65,15.96,26033089,413894528.00
2015/03/26,15.83,16.12,15.62,15.82,20763980,329500672.00
2015/03/27,15.75,16.44,15.75,16.14,19845845,322165472.00
2015/03/30,16.14,16.47,15.94,16.18,20606337,334384864.00
2015/03/31,16.19,16.33,15.84,15.91,20964200,336982080.00
2015/04/01,15.92,16.04,15.64,16.03,20197233,321120256.00
2015/04/02,16.07,17.04,16.07,17.00,42096362,701848960.00
2015/04/03,16.84,16.89,16.58,16.75,22340100,375297376.00
2015/04/07,16.74,17.46,16.47,17.18,33206641,562635264.00
2015/04/08,17.18,17.41,16.66,16.85,24253511,413168896.00
2015/04/09,16.90,16.93,15.90,16.27,23200904,379596288.00
2015/04/10,16.27,16.79,15.95,16.57,18187839,300602784.00
2015/04/13,16.69,16.79,16.23,16.40,21584644,355594976.00
2015/04/14,16.36,16.36,15.90,16.00,24306953,392552512.00
2015/04/15,15.92,15.92,15.04,15.24,23312144,361346464.00
2015/04/16,15.14,15.66,14.74,15.30,19906154,304152832.00
2015/04/17,15.40,15.99,15.40,15.63,20868271,329080832.00
2015/04/20,15.25,15.44,14.70,14.75,26056642,394767872.00
2015/04/21,14.74,15.34,14.74,15.31,15802421,240397248.00
2015/04/22,15.39,15.87,15.39,15.72,21456730,336380160.00
2015/04/23,15.79,16.29,15.52,16.23,28717550,459974464.00
2015/04/24,16.22,16.42,15.96,16.26,25056349,407107072.00
2015/04/27,16.29,16.44,15.70,16.05,30358758,488133344.00
2015/04/28,15.99,16.04,15.12,15.49,18422613,288011744.00
2015/04/29,15.32,16.24,15.09,16.18,25813688,412979872.00
2015/04/30,16.04,16.40,15.84,15.85,26907214,435617472.00
2015/05/04,15.82,15.94,15.45,15.68,14495482,228514032.00
2015/05/05,15.68,15.87,15.13,15.22,16747171,260273648.00
2015/05/06,15.24,15.49,14.99,15.11,10538590,161225632.00
2015/05/07,15.21,16.63,15.21,16.63,34155719,548840384.00
2015/05/08,17.33,18.30,16.97,18.17,64543643,1153031296.00
2015/05/11,17.88,18.53,17.53,18.32,53034299,959602176.00
2015/05/12,18.08,19.89,17.97,19.32,46242354,891134592.00
2015/05/13,19.00,19.92,18.84,19.15,33188226,645481152.00
2015/05/14,18.99,19.44,18.84,19.01,24791694,473331168.00
2015/05/15,18.82,20.84,18.65,19.88,40701000,813676160.00
2015/05/18,19.95,21.64,19.57,20.35,35369616,731446656.00
2015/05/19,20.34,20.69,19.94,20.41,20452253,416457472.00
2015/05/20,20.59,22.46,20.59,22.40,36362908,795798144.00
2015/05/21,22.42,24.26,22.24,24.19,31215449,732680448.00
2015/05/22,25.09,25.24,23.74,24.33,38157794,928560000.00
2015/05/25,24.38,26.77,24.37,26.77,30207151,785719936.00
2015/05/26,27.77,29.45,27.75,29.45,39515947,1151996544.00
2015/05/27,30.92,31.93,28.94,29.15,46005508,1401113984.00
2015/05/28,29.11,30.29,28.25,28.43,35660013,1044726016.00
2015/05/29,28.89,29.60,25.58,28.81,33762652,950291200.00
2015/06/01,28.95,30.36,28.49,30.24,30136089,883086464.00
2015/06/02,30.32,31.14,29.55,30.72,26209507,800527488.00
2015/06/03,31.12,33.80,29.94,33.80,31888523,998400512.00
2015/06/04,34.00,37.12,31.13,36.62,42140638,1481998976.00
2015/06/05,37.46,38.94,35.46,37.32,38488640,1440808448.00
2015/10/12,33.58,33.58,33.58,33.58,106200,3572568.00
2015/10/13,30.22,30.22,30.22,30.22,144000,4360320.00
2015/10/14,27.19,27.19,27.19,27.19,115800,3155550.00
2015/10/15,24.47,24.47,24.47,24.47,403100,9888043.00
2015/10/16,22.02,22.02,22.02,22.02,3249700,71753376.00
2015/10/19,19.81,23.94,19.81,23.26,253680952,5305197568.00
2015/10/20,21.74,22.23,20.94,21.40,163431382,3571422464.00
2015/10/21,21.08,22.38,20.07,21.82,129858073,2815555584.00
2015/10/22,21.79,23.72,21.44,23.58,122512623,2718876416.00
2015/10/23,23.32,25.94,22.94,25.94,133861499,3333312512.00
2015/10/26,26.94,28.03,24.52,24.92,143426414,3763551488.00
2015/10/27,24.13,24.52,22.55,23.82,87905582,2067550848.00
2015/10/28,23.29,23.64,22.04,22.36,68782688,1579170560.00
2015/10/29,22.79,23.53,22.07,23.07,58647572,1343491840.00
2015/10/30,22.66,22.84,21.74,22.04,52355771,1164719872.00
2015/11/02,21.34,22.41,21.04,21.39,41274002,900219328.00
2015/11/03,21.64,21.75,20.54,20.93,41368097,871170496.00
2015/11/04,20.90,22.26,20.90,22.13,50246429,1086992384.00
2015/11/05,22.12,22.12,21.17,21.36,49644960,1077730560.00
2015/11/06,21.38,22.14,21.27,21.83,46827723,1020075968.00
2015/11/09,21.59,22.23,20.94,21.92,54850477,1188863872.00
2015/11/10,21.71,23.73,21.54,23.01,72627036,1667674112.00
2015/11/11,23.13,23.91,22.76,23.25,57797545,1345884928.00
2015/11/12,23.29,23.69,22.33,22.62,52562389,1202735360.00
2015/11/13,22.15,22.33,21.44,21.52,42233471,924818112.00
2015/11/16,20.83,21.82,20.66,21.77,27894080,596846144.00
2015/11/17,21.94,22.19,21.34,21.38,34715308,757555392.00
2015/11/18,21.45,21.60,20.94,21.02,24238853,514817792.00
2015/11/19,21.05,21.67,20.88,21.54,27891183,593450176.00
2015/11/20,21.39,23.70,21.34,23.70,79959717,1818872704.00
2015/11/23,23.94,25.16,23.94,24.12,91159639,2233794304.00
2015/11/24,23.70,23.94,22.70,23.03,58851109,1362866560.00
2015/11/25,22.95,23.44,22.64,23.18,44559138,1029478784.00
2015/11/26,23.33,25.50,22.75,24.67,85787644,2055541632.00
2015/11/27,24.34,24.57,22.20,22.23,64897934,1525428736.00
2015/11/30,21.94,22.43,20.12,21.39,46288646,995963904.00
2015/12/01,21.40,21.92,21.04,21.60,30213270,650764160.00
2015/12/02,21.60,21.84,20.44,21.10,25396859,540880896.00
2015/12/03,21.17,21.61,20.94,21.53,25577737,546255680.00
2015/12/04,21.45,22.89,21.24,22.14,46266096,1020293952.00
2015/12/07,22.12,22.62,21.66,22.29,32532253,723539648.00
2015/12/08,22.23,22.23,21.00,21.06,31032216,671083968.00
2015/12/09,20.85,21.43,20.62,21.10,23635752,497237344.00
2015/12/10,20.94,21.21,20.74,20.83,19780140,416098464.00
2015/12/11,20.96,21.33,20.79,20.98,17576152,371021024.00
2015/12/14,20.64,21.39,20.49,21.21,18337940,384267648.00
2015/12/15,21.14,21.72,21.09,21.43,20331140,438446816.00
2015/12/16,21.44,22.39,21.24,21.80,33156702,727560384.00
2015/12/17,22.04,22.61,21.80,22.37,37108444,824936192.00
2015/12/18,22.39,22.50,21.57,21.71,29807300,657019968.00
2015/12/21,21.51,21.88,21.44,21.69,19778526,429596064.00
2015/12/22,21.68,22.31,21.49,22.05,27790149,610984320.00
2015/12/23,22.04,22.31,21.39,21.42,24150592,528749600.00
2015/12/24,21.36,21.58,21.00,21.18,18612864,396090912.00
2015/12/25,21.39,21.54,21.08,21.28,14556000,310622336.00
2015/12/28,21.40,21.79,21.00,21.09,23351686,501540064.00
2015/12/29,21.10,21.73,21.05,21.55,17931289,385203232.00
2015/12/30,21.60,21.63,21.24,21.47,16382883,351745280.00
2015/12/31,21.47,21.69,21.28,21.51,19886588,429143616.00
2016/01/04,21.63,21.86,19.35,19.35,25218361,522626624.00
2016/01/05,17.54,19.24,17.41,17.93,34751106,631110592.00
2016/01/06,18.35,18.72,17.95,18.42,23470272,431694560.00
2016/01/07,18.04,18.04,16.57,16.57,6639499,114143472.00
2016/01/08,16.87,17.24,14.95,16.13,27283633,445265408.00
2016/01/11,15.66,15.66,14.51,14.51,25779894,387414016.00
2016/01/12,14.30,14.58,13.31,14.53,26065294,366407328.00
2016/01/13,14.59,14.68,13.09,13.16,19414239,276177728.00
2016/01/14,12.54,13.80,12.36,13.71,24682955,324391360.00
2016/01/15,13.44,13.62,12.54,12.97,22756507,299280672.00
2016/01/18,12.62,13.54,12.50,13.37,21574631,285623328.00
2016/01/19,13.21,14.09,13.15,13.88,24512151,335945024.00
2016/01/20,13.73,14.13,13.51,13.93,24476672,339996864.00
2016/01/21,13.64,14.01,12.99,13.06,19536116,266935168.00
2016/01/22,13.24,13.89,12.71,13.66,23388891,313559872.00
2016/01/25,13.86,14.05,13.54,13.89,22418015,310190944.00
2016/01/26,13.69,13.76,12.50,12.89,23880417,314342304.00
2016/01/27,13.03,13.19,11.96,13.01,18954300,239012576.00
2016/01/28,12.72,12.93,12.11,12.64,15412332,195559312.00
2016/01/29,12.39,13.51,12.39,13.28,25647882,336698560.00
2016/02/01,13.18,13.44,12.84,13.27,16099278,213310704.00
2016/02/02,14.60,14.60,14.25,14.60,10945369,160346896.00
2016/02/03,14.94,15.44,14.73,14.92,44040966,666440000.00
2016/02/04,14.67,15.21,14.67,14.91,32212713,482897120.00
2016/02/05,14.83,14.92,13.90,14.06,25488674,369152320.00
2016/02/15,13.37,13.90,13.25,13.68,14151227,193300304.00
2016/02/16,13.74,14.59,13.72,14.39,22687582,324402432.00
2016/02/17,14.33,14.53,14.00,14.46,24575782,352321376.00
2016/02/18,14.57,15.24,14.31,14.93,39525231,585406592.00
2016/02/19,14.69,14.90,14.54,14.72,22613584,334214208.00
2016/02/22,14.94,15.09,14.67,14.96,24506946,366944256.00
2016/02/23,15.09,15.32,14.56,14.77,25496790,382760832.00
2016/02/24,14.64,14.81,14.25,14.68,19721093,288344128.00
2016/02/25,14.52,14.63,13.21,13.21,24781511,344326016.00
2016/02/26,13.35,13.39,12.45,13.15,22141660,289481248.00
2016/02/29,12.91,13.03,11.99,12.68,20307259,252304240.00
2016/03/01,12.75,13.00,12.28,12.80,17880351,228197680.00
2016/03/02,12.81,13.95,12.74,13.55,28223969,377737856.00
2016/03/03,13.55,13.79,13.39,13.45,24000128,327378208.00
2016/03/04,13.42,13.42,12.44,12.71,24079808,313846816.00
2016/03/07,12.82,13.21,12.76,12.95,15840616,206439584.00
2016/03/08,12.86,13.38,12.33,13.15,21723886,280771936.00
2016/03/09,12.87,13.03,12.67,12.80,11299552,145884848.00
2016/03/10,12.82,12.98,12.55,12.71,10463126,133734392.00
2016/03/11,12.56,12.73,12.44,12.71,9303896,117719440.00
2016/03/14,12.92,13.58,12.79,13.26,23515246,313186496.00
2016/03/15,13.16,13.34,13.01,13.02,12325743,162851680.00
2016/03/16,13.16,13.26,12.79,12.85,10267067,134296992.00
2016/03/17,13.04,13.41,12.97,13.27,20495867,272749216.00
2016/03/18,13.33,14.04,13.28,13.96,34092826,469765568.00
2016/03/21,14.14,14.54,13.86,14.40,40822529,581451200.00
2016/03/22,14.13,14.40,14.05,14.12,23648247,337749408.00
2016/03/23,14.04,14.60,14.00,14.43,24559435,352401600.00
2016/03/24,14.24,14.41,14.01,14.04,22326884,318550656.00
2016/03/25,13.92,14.47,13.84,14.27,17788612,253255200.00
2016/03/28,14.42,14.56,14.01,14.05,21771006,312675200.00
2016/03/29,14.10,14.10,13.62,13.73,15634965,216960624.00
2016/03/30,13.89,14.42,13.74,14.32,23597713,332797248.00
2016/03/31,14.39,14.88,14.26,14.47,30219554,442074784.00
2016/04/01,14.29,14.52,13.97,14.27,16946192,242251808.00
2016/04/05,14.23,14.99,14.18,14.89,26228840,385742144.00
2016/04/06,14.78,14.97,14.62,14.75,20292843,301203968.00
2016/04/07,14.92,15.79,14.71,15.19,48629576,744999680.00
2016/04/08,14.99,16.42,14.86,16.17,54179119,846406848.00
2016/04/11,16.29,16.71,15.97,16.21,46510832,760750208.00
2016/04/12,16.12,16.29,15.68,16.01,29155722,464731424.00
2016/04/13,16.11,16.32,15.94,15.98,28333099,458632608.00
2016/04/14,16.08,16.69,16.01,16.35,32811025,539136832.00
2016/04/15,16.24,16.29,15.84,15.90,23286788,373147328.00
2016/04/18,15.75,15.89,15.29,15.30,20072441,311434848.00
2016/04/19,15.42,15.68,15.24,15.53,15039297,232873216.00
2016/04/20,15.55,15.66,14.03,14.25,30840803,454001408.00
2016/04/21,14.27,14.47,13.95,13.99,16577345,237084144.00
2016/04/22,13.84,14.09,13.75,14.04,14073539,196711456.00
2016/04/25,14.09,14.28,13.82,14.13,12324737,173873296.00
2016/04/26,14.17,14.91,14.08,14.84,22948960,335406368.00
2016/04/27,14.84,14.84,14.34,14.41,14379553,210801648.00
2016/04/28,14.52,14.71,14.26,14.64,13423043,195517840.00
2016/04/29,14.59,14.89,14.27,14.73,11411558,167552208.00
2016/05/03,14.64,15.09,14.52,15.04,14241570,213334560.00
2016/05/04,15.14,15.70,15.05,15.11,20005806,309248992.00
2016/05/05,15.12,15.39,14.98,15.25,14392942,219385232.00
2016/05/06,15.30,15.40,14.44,14.47,19184102,287082976.00
2016/05/09,14.29,14.29,13.06,13.24,18626380,256057248.00
2016/05/10,13.19,13.46,12.98,13.12,11189188,148836416.00
2016/05/11,13.29,13.43,13.11,13.16,8733018,116365472.00
2016/05/12,12.69,13.01,12.56,12.99,10698453,137654624.00
2016/05/13,13.00,13.17,12.90,13.04,6346129,83140048.00
2016/05/16,13.10,13.22,12.84,13.18,6959507,91571552.00
2016/05/17,13.22,13.43,13.15,13.20,8372605,111749304.00
2016/05/18,13.04,13.09,12.57,12.91,8940276,115230992.00
2016/05/19,12.89,13.10,12.82,12.92,7381757,96081336.00
2016/05/20,12.82,13.09,12.67,13.05,6356888,82907288.00
2016/05/23,13.06,13.22,13.06,13.18,6352008,83916712.00
2016/05/24,13.19,13.36,12.95,13.30,7854090,103542600.00
2016/05/25,13.25,13.60,13.24,13.30,10004649,134838864.00
2016/05/26,13.25,13.50,13.05,13.43,8351270,111426008.00
2016/05/27,13.43,14.04,13.40,13.83,15917138,219639648.00
2016/05/30,13.75,14.01,13.62,13.72,8315954,115668608.00
2016/05/31,13.72,14.24,13.71,14.24,11363735,160651472.00
2016/06/01,14.24,14.30,14.07,14.09,10039266,142924896.00
2016/06/02,14.09,14.19,13.87,14.12,12284543,172832672.00
2016/06/03,14.13,14.14,13.91,13.99,7897205,111074784.00
2016/06/06,14.07,14.25,13.94,14.20,8386001,118386512.00
2016/06/07,14.29,14.29,14.07,14.10,7667070,108774440.00
2016/06/08,14.14,14.19,13.97,14.08,7094478,100411072.00
2016/06/13,13.93,14.03,13.24,13.33,10046704,139381344.00
2016/06/14,13.29,13.52,13.22,13.40,8001593,107374912.00
2016/06/15,13.33,14.02,13.20,13.78,9088667,125492016.00
2016/06/16,13.75,14.18,13.72,13.96,9017054,127093416.00
2016/06/17,14.00,14.44,14.00,14.41,18072464,258875088.00
2016/06/20,14.40,14.40,14.10,14.30,9742175,139558384.00
2016/06/21,14.40,14.94,14.27,14.35,15827616,232076672.00
2016/09/27,15.79,15.79,15.79,15.79,852202,13456270.00
2016/09/28,16.45,17.06,15.91,16.59,47289265,785892416.00
2016/09/29,16.39,16.46,16.01,16.27,26161626,424526400.00
2016/09/30,16.27,16.48,15.48,15.50,27876372,442958432.00
2016/10/10,15.32,15.93,15.32,15.90,16471103,257336032.00
2016/10/11,15.75,16.03,15.71,15.91,13520876,214612400.00
2016/10/12,15.90,15.92,15.55,15.71,10419748,163352208.00
2016/10/13,15.74,16.17,15.67,15.84,15848863,252503520.00
2016/10/14,15.84,15.89,15.57,15.88,9767319,153290944.00
2016/10/17,15.93,16.59,15.93,16.14,28296717,461173792.00
2016/10/18,16.04,16.47,16.01,16.38,18646116,304037472.00
2016/10/19,16.46,16.64,16.20,16.27,14765684,241600288.00
2016/10/20,16.45,17.90,16.45,17.90,49539336,867078848.00
2016/10/21,18.27,18.80,17.84,17.99,56604258,1034377472.00
2016/10/24,17.90,18.24,17.60,17.96,27026594,483144512.00
2016/10/25,17.78,18.37,17.71,18.07,26119322,471438816.00
2016/10/26,17.92,18.70,17.80,18.62,31097198,570429120.00
2016/10/27,18.58,18.69,18.01,18.05,19922357,364432032.00
2016/10/28,18.12,18.26,17.72,18.01,15895606,285915104.00
2016/10/31,17.91,18.06,17.41,17.96,13854973,246455728.00
2016/11/01,18.10,18.65,18.00,18.20,21089374,386183872.00
2016/11/02,18.22,19.20,18.00,18.65,31313007,583047552.00
2016/11/03,18.68,19.43,18.65,18.73,54428268,1038054208.00
2016/11/04,18.65,18.65,17.80,17.81,31218142,565910080.00
2016/11/07,17.72,18.14,17.47,17.90,17368636,309727392.00
2016/11/08,18.00,18.07,17.78,17.94,9767415,174919632.00
2016/11/09,18.03,18.03,17.52,17.80,12141924,215655680.00
2016/11/10,18.00,18.12,17.77,17.99,13139822,235258224.00
2016/11/11,17.98,18.65,17.97,18.50,21170801,389099008.00
2016/11/14,18.50,18.66,18.15,18.30,13530084,248039040.00
2016/11/15,18.28,18.41,18.07,18.22,7516735,136623712.00
2016/11/16,18.25,18.62,18.21,18.44,12060818,221803184.00
2016/11/17,18.44,18.55,18.16,18.39,7755564,142042640.00
2016/11/18,18.38,18.59,18.20,18.25,10090270,185850112.00
2016/11/21,18.27,18.99,18.23,18.81,21076242,394657472.00
2016/11/22,18.95,19.00,18.66,18.82,10504586,197378736.00
2016/11/23,18.81,18.89,18.55,18.57,9507197,177466064.00
2016/11/24,18.45,18.75,18.43,18.54,9358949,173710128.00
2016/11/25,18.50,18.64,18.03,18.45,9826089,179398224.00
2016/11/28,18.55,18.78,18.34,18.37,6942494,128549960.00
2016/11/29,18.33,18.58,18.11,18.13,8916998,162702320.00
2016/11/30,18.16,18.19,17.73,17.86,9641427,172788016.00
2016/12/01,17.77,17.93,17.70,17.77,4822629,86053352.00
2016/12/02,17.83,18.10,17.55,17.68,7231125,128780648.00
2016/12/05,17.64,17.85,17.52,17.66,4976760,87943736.00
2016/12/06,17.69,18.08,17.63,17.95,6229914,111242624.00
2016/12/07,18.00,18.08,17.85,18.02,5037265,90413856.00
2016/12/08,18.10,18.25,17.93,18.10,6451646,116735632.00
2016/12/09,18.11,18.25,17.95,18.03,4821300,87226112.00
2016/12/12,17.96,18.04,16.51,16.77,11604400,201071504.00
2016/12/13,16.99,17.01,16.05,16.86,7988159,132605048.00
2016/12/14,16.80,16.89,16.41,16.68,6971787,115929880.00
2016/12/15,16.70,16.95,16.51,16.74,5553650,92797848.00
2016/12/16,16.79,17.16,16.58,16.95,5319710,90034832.00
2016/12/19,16.95,17.09,16.67,16.79,3319530,55774160.00
2016/12/20,16.79,16.83,16.36,16.79,8142184,134739088.00
2016/12/21,16.78,16.92,16.63,16.78,4778297,80336192.00
2016/12/22,16.81,17.03,16.76,16.93,3827816,64625516.00
2016/12/23,16.88,17.11,16.69,16.95,6105591,103246760.00
2016/12/26,16.88,17.54,16.72,17.42,8018925,138662144.00
2016/12/27,17.45,17.95,17.45,17.91,9534691,169388304.00
2016/12/28,17.92,18.15,17.73,17.75,6889700,123762480.00
2016/12/29,17.80,18.06,17.63,17.67,4170108,74231464.00
2016/12/30,17.60,17.95,17.55,17.74,4388851,78146192.00
2017/01/03,17.75,18.00,17.70,17.95,2945051,52653840.00
2017/01/04,17.82,18.17,17.68,18.03,4747842,85744968.00
2017/01/05,18.14,18.88,17.92,18.42,9854805,182504224.00
2017/01/06,18.42,18.70,18.10,18.17,7456310,136536752.00
2017/01/09,18.21,18.37,18.02,18.14,3779383,68660064.00
2017/01/10,18.10,18.25,17.97,17.99,3628537,65525952.00
2017/01/11,17.90,18.08,17.59,17.67,5579780,99273376.00
2017/01/12,17.67,17.80,17.50,17.51,3943201,69503216.00
2017/01/13,17.52,17.74,17.41,17.54,4560390,80119968.00
2017/01/16,17.60,17.62,15.79,17.16,14777940,244149536.00
2017/01/17,16.90,16.97,16.31,16.82,5152701,86198952.00
2017/01/18,16.82,17.16,16.69,16.70,2686114,45344240.00
2017/01/19,16.71,16.82,16.52,16.75,2290300,38222476.00
2017/01/20,16.75,16.95,16.68,16.80,2671367,44980232.00
2017/01/23,16.58,17.27,16.58,17.07,4813725,81958472.00
2017/01/24,17.10,17.45,17.00,17.38,6680018,115712128.00
2017/01/25,17.39,17.56,17.35,17.39,5138566,89799776.00
2017/01/26,17.50,17.58,17.32,17.52,2406347,42056184.00
2017/02/03,17.52,17.71,17.35,17.42,1662372,29062382.00
2017/02/06,17.42,17.54,17.15,17.39,2665247,46198100.00
2017/02/07,17.39,17.48,17.26,17.42,2855861,49547196.00
2017/02/08,17.42,17.45,17.24,17.44,2921369,50716008.00
2017/02/09,17.44,17.95,17.35,17.67,6006259,106534704.00
2017/02/10,17.56,17.83,17.51,17.58,4191125,73920656.00
2017/02/13,17.58,18.15,17.42,18.04,9235445,164604336.00
2017/02/14,18.10,18.25,17.90,18.06,7925093,143320928.00
2017/02/15,18.06,18.15,17.94,18.02,5149457,92868976.00
2017/02/16,17.93,18.13,17.82,18.10,3962206,71430136.00
2017/02/17,18.10,18.10,17.90,18.05,4639828,83462080.00
2017/02/20,18.03,18.65,18.03,18.45,10243587,188950512.00
2017/02/21,18.50,18.70,18.38,18.41,5497958,101719328.00
2017/02/22,18.41,18.60,18.29,18.34,4522756,83171776.00
2017/02/23,18.36,18.49,17.88,18.10,6288694,114080800.00
2017/02/24,18.18,18.18,17.90,18.11,3787794,68347328.00
2017/02/27,18.11,18.18,17.92,18.00,4196702,75740480.00
2017/02/28,18.10,18.33,17.99,18.08,4313733,78355368.00
2017/03/01,18.00,18.25,17.85,18.10,5788388,104496800.00
2017/03/02,18.10,18.17,17.96,18.01,4721111,85118296.00
2017/03/03,17.91,18.18,17.90,18.09,3497834,63171520.00
2017/03/06,18.09,18.33,18.04,18.30,9553853,174030576.00
2017/03/07,18.36,18.43,18.20,18.29,4542014,83100040.00
2017/03/08,18.37,18.88,18.24,18.28,15307623,283449152.00
2017/03/09,18.05,18.29,17.97,18.18,4984942,90332656.00
2017/03/10,18.16,18.47,18.10,18.23,4999476,91117008.00
2017/03/13,18.13,18.42,18.13,18.17,7186271,130900784.00
2017/03/14,18.20,18.39,18.15,18.36,5879402,107458704.00
2017/03/15,18.50,20.18,18.35,19.85,30707269,595838720.00
2017/03/16,19.80,21.29,19.51,20.89,32502596,660414016.00
2017/03/17,20.72,21.06,20.38,20.50,22369680,461907552.00
2017/03/20,20.00,20.80,20.00,20.62,13154561,269206912.00
2017/03/21,20.62,21.05,20.48,20.83,10910678,226531680.00
2017/03/22,20.65,21.09,20.47,20.54,10062340,209062848.00
2017/03/23,20.48,20.68,19.82,19.99,13481562,272173568.00
2017/03/24,20.17,20.45,20.04,20.37,8406780,170754656.00
2017/03/27,20.20,21.84,20.20,21.37,15535661,327673792.00
2017/03/28,21.43,21.99,21.20,21.36,14717993,318188096.00
2017/03/29,21.26,21.50,20.89,21.01,8645608,182816112.00
2017/03/30,21.01,21.18,20.15,20.81,11184381,231468432.00
2017/03/31,20.70,21.09,20.59,20.84,5961081,124273280.00
2017/04/05,20.55,21.43,20.55,21.19,5999781,126856352.00
2017/04/06,21.21,21.48,21.10,21.28,6368486,135413280.00
2017/04/07,21.31,21.34,20.81,21.00,5885251,124284064.00
2017/04/10,21.05,21.18,20.51,20.59,5740556,118881616.00
2017/04/11,20.60,21.00,20.32,20.80,5617675,116129656.00
2017/04/12,20.55,20.79,18.83,19.45,23936326,470187584.00
2017/04/13,19.38,19.39,18.80,19.23,11906604,227075008.00
2017/04/14,19.30,19.36,18.84,19.03,6525282,124277144.00
2017/04/17,18.91,19.07,18.49,18.73,8132301,152437760.00
2017/04/18,18.60,18.89,18.02,18.03,5414810,99818024.00
2017/07/17,17.21,18.11,16.61,18.05,27282165,477134368.00
2017/07/18,17.98,17.98,17.31,17.77,7915964,140069552.00
2017/07/19,17.56,17.83,17.56,17.75,8133598,143963408.00
2017/07/20,17.90,17.90,17.64,17.67,7910684,140426336.00
2017/07/21,17.66,17.82,17.29,17.81,7872187,137957744.00
2017/07/24,17.80,17.80,17.54,17.60,3478576,61292548.00
2017/07/25,17.40,17.89,17.40,17.85,4493831,79484224.00
2017/07/26,17.83,17.83,17.67,17.71,3154772,55868260.00
2017/07/27,17.68,17.83,17.55,17.76,3855404,68269168.00
2017/07/28,17.88,17.88,17.64,17.80,2901600,51483064.00
2017/08/02,18.03,18.03,18.03,18.03,0,0.00
数据来源:通达信
