600079 人福医药 日线 前复权
      日期	    开盘	    最高	    最低	    收盘	    成交量	    成交额
2010/10/08,10.90,10.94,10.67,10.83,5962772,134508112.00
2010/10/11,10.80,10.83,10.35,10.55,5590256,122861152.00
2010/10/12,10.48,10.76,10.40,10.45,2222026,48855768.00
2010/10/13,10.55,10.73,10.31,10.35,4836657,105262496.00
2010/10/14,10.33,10.33,9.39,9.54,9414138,191767088.00
2010/10/15,9.46,9.80,9.05,9.52,9550970,190347616.00
2010/10/18,9.38,10.07,9.14,9.97,11677367,232709312.00
2010/10/19,9.89,10.31,9.73,10.19,4889569,102872368.00
2010/10/20,10.05,10.49,9.90,10.31,7353312,157501904.00
2010/10/21,10.39,10.43,10.14,10.26,4428407,95062336.00
2010/10/22,10.25,10.33,9.96,10.30,4705936,99803552.00
2010/10/25,10.25,10.40,10.15,10.20,7285403,155849520.00
2010/10/26,10.20,10.23,9.70,10.18,9010319,187515296.00
2010/10/27,10.18,10.60,10.05,10.05,6908437,148833968.00
2010/10/28,9.97,10.15,9.80,9.90,4900449,102290696.00
2010/10/29,9.86,10.19,9.80,10.12,5170578,108828672.00
2010/11/01,10.15,10.80,10.15,10.77,8763641,192567216.00
2010/11/02,10.75,10.86,10.51,10.60,5327215,118485408.00
2010/11/03,10.56,11.40,10.56,11.12,5868406,134678000.00
2010/11/04,11.12,12.27,11.12,12.10,12207974,302529312.00
2010/11/05,12.03,12.27,11.77,12.06,4590011,114240640.00
2010/11/08,12.11,12.20,11.80,12.11,3551815,88354952.00
2010/11/09,12.10,12.90,11.96,12.57,7823360,204808528.00
2010/11/10,12.54,13.60,12.32,12.70,7773180,210128784.00
2010/11/11,12.70,13.00,12.31,12.69,5201972,136273040.00
2010/11/12,12.60,13.38,12.36,12.81,11311093,300166496.00
2010/11/15,12.81,13.63,12.40,13.61,7876553,214723488.00
2010/11/16,13.50,13.85,12.77,12.96,7989453,219413088.00
2010/11/17,12.95,12.95,11.95,12.03,9963102,253959392.00
2010/11/18,12.04,12.53,12.04,12.40,3658378,93864280.00
2010/11/19,12.33,13.04,12.33,13.02,3065568,80142304.00
2010/11/22,13.05,13.67,13.05,13.23,5090914,140204096.00
2010/11/23,13.21,13.49,13.01,13.44,1841676,50302384.00
2010/11/24,13.34,14.38,13.24,14.19,4375446,126550272.00
2010/11/25,14.25,14.45,13.87,14.13,3139406,91640632.00
2010/11/26,14.24,14.24,13.56,13.78,2285838,65032128.00
2010/11/29,13.80,13.95,13.61,13.79,2361563,67273392.00
2010/11/30,13.71,13.79,12.61,13.18,5802689,157119936.00
2010/12/01,13.15,13.15,12.60,13.03,4004512,106461968.00
2010/12/02,13.20,13.28,12.81,12.94,1930537,52015272.00
2010/12/03,12.90,12.99,12.30,12.74,5030538,130400248.00
2010/12/06,12.55,12.80,12.25,12.33,3204508,82879696.00
2010/12/07,12.32,12.90,12.32,12.90,4453135,117223424.00
2010/12/08,12.95,12.99,12.51,12.65,1682198,44480008.00
2010/12/09,12.55,12.85,12.30,12.38,1897752,49032600.00
2010/12/10,12.48,12.71,12.25,12.70,1947755,50593928.00
2010/12/13,12.73,13.09,12.73,12.97,3686204,98789416.00
2010/12/14,13.03,13.10,12.49,12.69,4297416,112684344.00
2010/12/15,12.68,13.03,12.59,12.98,4922937,131152472.00
2010/12/16,12.96,13.45,12.81,13.29,3967827,108588504.00
2010/12/17,13.30,13.42,13.10,13.15,2146341,58728796.00
2010/12/20,13.05,13.20,12.33,12.55,5444097,142343920.00
2010/12/21,12.57,12.63,11.93,12.27,8991263,225752992.00
2010/12/22,12.06,12.27,11.85,12.03,5504657,136977856.00
2010/12/23,12.03,12.45,11.82,12.25,9577332,242009376.00
2010/12/24,12.09,12.60,11.89,12.59,7259836,185742976.00
2010/12/27,12.49,12.59,11.85,12.15,4658693,117236904.00
2010/12/28,11.88,12.03,11.32,11.80,4166989,100715312.00
2010/12/29,11.84,11.90,11.55,11.72,3268168,79595704.00
2010/12/30,11.73,12.33,11.56,11.87,5438323,135439024.00
2010/12/31,11.88,12.32,11.87,12.29,6164264,155393072.00
2011/01/04,12.23,12.61,12.01,12.53,5565071,143044096.00
2011/01/05,12.53,12.83,12.35,12.55,3046757,79625712.00
2011/01/06,12.55,12.85,11.93,12.01,6721156,169503280.00
2011/01/07,12.01,12.18,11.93,11.96,1978590,49428148.00
2011/01/10,11.91,11.96,10.72,10.82,17843599,406468416.00
2011/01/11,10.58,10.69,9.99,10.56,11462407,248137696.00
2011/01/12,10.55,10.74,10.42,10.73,3912323,86327072.00
2011/01/13,10.58,10.99,10.58,10.98,3606534,81468824.00
2011/01/14,10.94,10.98,10.49,10.73,3010671,67341096.00
2011/01/17,10.65,10.70,9.90,10.44,3913301,84911208.00
2011/01/18,10.29,10.87,10.17,10.45,4871611,108097584.00
2011/01/19,10.63,11.07,10.47,10.97,5424776,123063176.00
2011/01/20,10.93,10.99,10.48,10.49,3021491,67218352.00
2011/01/21,10.41,10.80,10.40,10.53,3367836,74488560.00
2011/01/24,10.49,10.74,9.63,10.07,3593475,76032256.00
2011/01/25,10.01,10.50,9.99,10.21,4597226,99048360.00
2011/01/26,10.47,10.64,10.26,10.30,2755907,60107880.00
2011/01/27,10.30,10.78,10.30,10.70,3609951,79440968.00
2011/01/28,10.70,11.05,10.69,11.01,4350547,98849160.00
2011/01/31,10.86,11.20,10.85,11.13,3485842,80054064.00
2011/02/01,11.05,11.29,11.05,11.14,2862219,66522836.00
2011/02/09,10.90,11.22,10.54,10.63,2419270,54429008.00
2011/02/10,10.60,11.15,10.44,11.00,5376812,122133576.00
2011/02/11,10.98,11.14,10.86,10.93,3890438,89235688.00
2011/02/14,11.04,11.44,11.00,11.26,5591680,131345864.00
2011/02/21,11.79,11.79,11.30,11.43,12736899,303640416.00
2011/02/22,11.43,11.43,11.05,11.09,4137553,96323968.00
2011/02/23,11.09,11.66,10.97,11.65,6613079,155974544.00
2011/02/24,11.56,11.95,11.50,11.85,4732652,115426704.00
2011/02/25,11.85,11.85,11.33,11.57,3875693,92889392.00
2011/02/28,11.58,11.65,11.39,11.50,2598386,61939336.00
2011/03/01,11.46,11.66,11.44,11.55,4649386,111476960.00
2011/03/02,11.49,11.54,11.15,11.36,2820769,66139628.00
2011/03/03,11.30,11.36,10.43,10.46,7462325,166838608.00
2011/03/04,10.47,10.68,10.39,10.55,2540943,55924824.00
2011/03/07,10.55,10.69,10.17,10.64,9641353,208099408.00
2011/03/08,10.55,10.55,10.23,10.38,8554907,184885520.00
2011/03/09,10.40,10.73,10.40,10.70,5297050,116657432.00
2011/03/10,10.70,11.17,10.57,10.96,11365300,259300560.00
2011/03/11,10.96,11.00,10.72,10.97,4541989,102725896.00
2011/03/14,10.89,11.54,10.70,11.52,11952443,279115552.00
2011/03/15,11.53,12.38,11.05,11.69,24782202,609306368.00
2011/03/16,11.75,12.04,11.15,11.45,10201940,244082912.00
2011/03/17,11.31,11.73,11.20,11.24,8203024,195073216.00
2011/03/18,11.23,11.32,10.66,10.70,7063559,159922320.00
2011/03/21,10.69,10.88,10.36,10.75,5071530,113229416.00
2011/03/22,10.80,10.80,10.30,10.46,7491239,162492496.00
2011/03/23,10.44,10.58,10.38,10.52,6879767,150541104.00
2011/03/24,10.54,10.71,10.40,10.62,4966557,109559744.00
2011/03/25,10.63,10.75,10.49,10.54,6440736,142701920.00
2011/03/28,10.53,10.60,10.25,10.31,6684856,144135376.00
2011/03/29,10.30,10.48,9.79,10.08,10496778,219761136.00
2011/03/30,10.15,10.25,9.85,10.13,4563002,95523664.00
2011/03/31,10.13,10.24,9.94,10.17,3026086,63897912.00
2011/04/01,10.13,10.29,10.06,10.15,2871570,61062220.00
2011/04/06,10.13,10.13,9.52,9.78,14279191,289223872.00
2011/04/07,9.78,9.88,9.60,9.80,5205936,106514872.00
2011/04/08,9.73,9.99,9.73,9.82,9025878,185659280.00
2011/04/11,9.84,10.05,9.80,9.92,5170258,107059336.00
2011/04/12,9.89,9.95,9.70,9.77,4212733,86645872.00
2011/04/13,9.81,10.15,9.72,10.11,9961225,207936800.00
2011/04/14,10.15,10.48,10.14,10.36,10856058,234612288.00
2011/04/15,10.33,10.33,10.03,10.13,5118825,108527904.00
2011/04/18,10.13,10.40,10.10,10.28,4328330,92557368.00
2011/04/19,10.30,10.45,10.05,10.43,6429507,138212080.00
2011/04/20,10.42,10.86,10.22,10.86,10404924,230495200.00
2011/04/21,10.86,11.05,10.55,10.84,9237300,207851760.00
2011/04/25,10.55,10.97,10.41,10.96,7110916,159257024.00
2011/04/26,10.95,11.20,10.55,10.77,6992478,158103616.00
2011/04/27,10.77,10.79,10.40,10.46,6271362,137899104.00
2011/04/28,10.46,10.57,9.99,10.16,2965055,64119440.00
2011/04/29,10.07,10.47,10.07,10.46,1668657,36074728.00
2011/05/03,10.44,11.04,10.40,10.79,4156473,93533968.00
2011/05/04,10.76,11.00,10.73,10.76,5667605,128125896.00
2011/05/05,10.75,11.05,10.65,11.00,4632029,105788264.00
2011/05/06,10.98,11.18,10.80,11.01,5294990,121191720.00
2011/05/09,11.06,11.15,10.93,11.05,4816198,111059768.00
2011/05/10,11.08,11.15,10.78,10.93,5034081,114877784.00
2011/05/12,10.85,10.95,10.75,10.81,2531621,57104972.00
2011/05/13,10.71,10.92,10.65,10.91,3522399,79075648.00
2011/05/16,11.03,11.54,11.03,11.19,11552316,272175968.00
2011/05/17,11.19,11.35,11.05,11.23,2706925,63065424.00
2011/05/18,11.20,11.46,11.08,11.41,3306327,78203672.00
2011/05/19,11.41,11.64,11.32,11.53,3808438,91312800.00
2011/05/20,11.54,11.58,11.36,11.45,2445426,58310496.00
2011/05/23,11.44,11.44,10.99,11.03,4384281,101598888.00
2011/05/24,11.03,11.12,10.75,10.98,2565509,58040996.00
2011/05/25,11.04,11.30,10.86,11.05,2235522,51579200.00
2011/05/26,11.05,11.26,10.96,11.07,2114243,48752612.00
2011/05/27,11.01,11.14,10.72,10.80,2998489,67694368.00
2011/05/30,10.75,11.06,10.34,10.63,3882457,87431168.00
2011/05/31,10.58,10.89,10.58,10.77,2419398,54181688.00
2011/06/01,10.73,10.93,10.72,10.86,3000522,67797424.00
2011/06/02,10.88,10.95,10.55,10.87,4044718,91147520.00
2011/06/03,10.87,11.20,10.76,11.12,4423278,102150576.00
2011/06/07,11.12,11.30,11.03,11.13,3866774,90009856.00
2011/06/08,11.13,11.17,11.05,11.07,2506321,57831588.00
2011/06/09,11.07,11.16,10.95,10.95,2088544,47931784.00
2011/06/10,10.90,11.17,10.76,11.17,2293411,52052060.00
2011/06/13,11.07,11.16,10.87,11.07,3342937,76603696.00
2011/06/14,11.06,11.20,11.01,11.12,1866700,43094224.00
2011/06/15,11.12,11.32,10.92,10.95,1467606,33826472.00
2011/06/16,10.97,11.01,10.52,10.70,2385505,53074992.00
2011/06/17,10.70,10.75,10.36,10.39,2340650,51137688.00
2011/06/20,10.40,10.44,10.05,10.17,3200328,67651496.00
2011/06/21,10.17,10.30,10.02,10.08,2163376,45654528.00
2011/06/22,10.10,10.32,10.10,10.26,2013057,42802612.00
2011/06/23,10.26,10.48,10.12,10.47,2513743,53650336.00
2011/06/27,10.56,10.81,10.52,10.76,4857541,107797944.00
2011/06/28,10.71,10.79,10.52,10.76,2140418,47489800.00
2011/06/29,10.68,10.72,10.37,10.44,3442186,75307264.00
2011/06/30,10.45,10.62,10.26,10.60,5159206,111915120.00
2011/07/01,10.52,10.62,10.43,10.57,4670355,102056696.00
2011/07/04,10.37,10.87,10.37,10.85,6205033,137477072.00
2011/07/05,10.84,11.08,10.77,10.98,3734303,85050128.00
2011/07/06,10.90,11.19,10.81,11.12,5161604,117741680.00
2011/07/07,11.15,11.27,10.90,11.04,6898996,159334224.00
2011/07/08,11.07,11.37,10.87,10.98,8723781,200959456.00
2011/07/11,10.97,11.36,10.87,11.32,12779198,293765344.00
2011/07/12,11.22,11.58,11.17,11.52,10194860,241703632.00
2011/07/13,11.37,11.71,11.22,11.68,7021857,167774048.00
2011/07/14,11.61,11.99,11.22,11.66,11688664,285922432.00
2011/07/15,11.55,12.03,11.40,11.97,8234012,202105616.00
2011/07/18,11.96,12.52,11.73,11.79,10939625,273893536.00
2011/07/19,11.70,11.97,11.59,11.79,4005029,97652168.00
2011/07/20,11.86,11.86,11.35,11.69,6337128,151456912.00
2011/07/21,11.61,11.70,11.43,11.50,2158268,51787972.00
2011/07/22,11.65,11.79,11.45,11.77,4015264,97324112.00
2011/07/25,11.77,11.79,11.29,11.38,3846454,92038232.00
2011/07/26,11.38,11.51,11.08,11.36,3259832,76091760.00
2011/07/27,11.25,11.66,11.16,11.51,2765934,65652292.00
2011/07/28,11.52,11.60,11.33,11.37,2044005,48542512.00
2011/07/29,11.45,11.58,10.90,11.06,4973916,115206312.00
2011/08/01,11.12,11.20,10.91,11.11,2224424,51212480.00
2011/08/02,11.03,11.18,10.87,11.18,3398306,77537544.00
2011/08/03,11.02,11.33,10.92,11.25,3144409,73175128.00
2011/08/04,11.25,11.47,11.25,11.37,1945288,45878312.00
2011/08/05,11.07,11.58,10.97,11.55,4234261,99406216.00
2011/08/08,11.47,11.77,11.02,11.43,6342278,151388800.00
2011/08/09,11.03,11.42,11.02,11.32,2753253,63980164.00
2011/08/10,11.53,11.61,11.10,11.32,7617239,178036624.00
2011/08/11,11.11,11.46,10.92,11.38,9036777,211338336.00
2011/08/12,11.47,11.75,11.46,11.74,5449429,131180912.00
2011/08/15,11.72,12.01,11.67,11.89,4456140,109874080.00
2011/08/16,11.92,11.92,11.58,11.69,3127560,76056048.00
2011/08/17,11.68,11.75,11.47,11.52,4488688,107504456.00
2011/08/18,11.57,11.57,11.31,11.36,1435162,34083416.00
2011/08/19,11.32,11.45,11.14,11.29,2005473,47035360.00
2011/08/22,11.33,11.43,10.99,11.17,1978334,46261384.00
2011/08/23,11.27,11.32,11.00,11.17,2438486,56485824.00
2011/08/24,11.17,11.29,11.01,11.04,2984687,68768712.00
2011/08/25,11.16,11.35,11.03,11.31,3009698,69836992.00
2011/08/26,11.28,11.50,11.20,11.36,1778677,41980360.00
2011/08/29,11.32,11.35,11.07,11.12,4353258,100962936.00
2011/08/30,11.15,11.22,10.97,11.04,3669897,84594624.00
2011/08/31,11.02,11.14,10.93,11.04,1965326,45077872.00
2011/09/01,11.05,11.14,10.95,10.98,2030932,46459680.00
2011/09/02,11.01,11.01,10.62,10.76,2886337,64436824.00
2011/09/05,10.76,10.76,10.44,10.47,3285775,71851992.00
2011/09/06,10.41,10.58,10.23,10.45,3524205,76459248.00
2011/09/07,10.45,10.80,10.45,10.60,2589239,57212928.00
2011/09/08,10.72,10.74,10.38,10.47,2026443,44248748.00
2011/09/09,10.55,10.62,10.32,10.40,1758398,38263460.00
2011/09/13,10.26,10.32,10.15,10.24,1036480,22073720.00
2011/09/14,10.24,10.32,10.13,10.27,1043514,22195824.00
2011/09/15,10.31,10.49,10.27,10.28,806695,17444960.00
2011/09/16,10.32,10.44,10.32,10.39,714638,15461714.00
2011/09/19,10.33,10.87,10.32,10.84,7162335,158650160.00
2011/09/20,10.81,10.82,10.57,10.72,1751775,38995172.00
2011/09/21,10.67,10.91,10.60,10.76,2690183,60332272.00
2011/09/22,10.67,10.77,10.33,10.43,1756536,38532304.00
2011/09/23,10.32,10.57,10.16,10.43,1877784,40498508.00
2011/09/26,10.33,10.58,10.30,10.51,3389243,73845120.00
2011/09/27,10.54,10.86,10.52,10.70,4182793,93200184.00
2011/09/28,10.76,10.86,10.70,10.71,3778002,84810568.00
2011/09/29,10.75,10.80,10.27,10.28,1681529,36538348.00
2011/09/30,10.28,10.47,10.18,10.31,906735,19442220.00
2011/10/10,10.36,10.46,9.82,10.19,1463688,31081794.00
2011/10/11,10.37,10.44,10.04,10.05,1227334,26012452.00
2011/10/12,9.97,10.36,9.84,10.30,1076809,22994956.00
2011/10/13,10.36,10.60,10.26,10.34,2099829,45521904.00
2011/10/14,10.36,10.54,10.20,10.50,1961263,42294164.00
2011/10/17,10.51,10.60,10.39,10.57,1106229,24227576.00
2011/10/18,10.55,10.58,10.38,10.38,723176,15723843.00
2011/10/19,10.37,10.47,10.06,10.13,1340799,28708500.00
2011/10/20,10.10,10.12,9.51,10.01,4377113,89301072.00
2011/10/21,9.97,10.02,9.67,10.02,1616280,33126084.00
2011/10/24,10.07,10.07,9.68,9.97,1631056,33715988.00
2011/10/25,9.85,10.12,9.79,10.11,2358627,49230540.00
2011/10/26,10.11,10.41,10.07,10.41,3220151,68899008.00
2011/10/27,10.41,10.61,10.27,10.31,1871179,40800332.00
2011/10/28,10.42,10.56,10.23,10.45,2079274,44973256.00
2011/10/31,10.47,10.56,10.32,10.38,1507361,32680388.00
2011/11/01,10.39,10.72,10.35,10.46,1497305,32810152.00
2011/11/02,10.27,10.86,10.27,10.81,2627701,57937856.00
2011/11/03,10.81,11.02,10.70,10.78,3058360,69351568.00
2011/11/04,10.92,11.07,10.77,10.83,4507258,102570928.00
2011/11/07,10.75,10.97,10.74,10.75,3100622,69843848.00
2011/11/08,10.75,10.89,10.55,10.65,2562251,56694592.00
2011/11/09,10.48,10.77,10.47,10.65,1834459,40806544.00
2011/11/10,10.62,10.72,10.57,10.69,2258378,49966344.00
2011/11/11,10.67,10.84,10.55,10.70,1907825,42263244.00
2011/11/14,10.77,11.07,10.62,10.96,2134181,48390404.00
2011/11/15,10.97,11.17,10.87,10.90,2906561,66543712.00
2011/11/16,10.99,11.06,10.60,10.71,1236712,27651744.00
2011/11/17,10.71,10.81,10.63,10.76,423516,9437650.00
2011/11/18,10.72,10.77,10.47,10.71,3268585,71913192.00
2011/11/21,10.59,10.69,10.31,10.46,2851703,61815396.00
2011/11/22,10.36,10.40,10.22,10.34,1761884,37864856.00
2011/11/23,10.34,10.37,10.07,10.22,1278968,27295956.00
2011/11/24,10.10,10.40,10.08,10.39,883353,18855674.00
2011/11/25,10.36,10.67,10.30,10.53,1815034,39837044.00
2011/11/28,10.55,10.69,10.41,10.69,1462839,32033688.00
2011/11/29,10.79,10.79,10.59,10.68,866159,19261284.00
2011/11/30,10.69,10.73,10.19,10.38,1848574,39810184.00
2011/12/01,10.67,10.80,10.52,10.79,2280916,50733872.00
2011/12/02,10.78,10.87,10.65,10.78,1775866,39858696.00
2011/12/05,10.75,10.82,10.47,10.57,892421,19639084.00
2011/12/06,10.46,10.80,10.40,10.77,1847823,40702656.00
2011/12/07,10.76,10.82,10.55,10.57,1410134,31244130.00
2011/12/08,10.51,10.56,10.07,10.39,1834999,39622224.00
2011/12/09,10.36,10.37,9.99,10.06,6031718,126669192.00
2011/12/12,9.94,10.11,9.93,10.03,1522344,31811998.00
2011/12/13,9.95,10.07,9.67,9.88,3229537,66081608.00
2011/12/14,9.88,10.00,9.69,9.81,672672,13734088.00
2011/12/15,9.67,9.79,9.59,9.71,1575311,31785792.00
2011/12/16,9.70,9.87,9.59,9.84,1628230,32910592.00
2011/12/19,9.75,10.01,9.56,9.98,2112130,42912812.00
2011/12/20,9.97,10.07,9.90,10.01,436294,9070319.00
2011/12/21,9.97,10.06,9.81,9.97,1750895,36122824.00
2011/12/22,9.83,10.06,9.57,10.05,1306849,26772566.00
2011/12/23,9.96,10.06,9.90,10.05,1110576,23106488.00
2011/12/26,9.90,10.04,9.57,9.76,1297049,26456424.00
2011/12/27,9.70,9.77,9.51,9.57,1025617,20613036.00
2011/12/28,9.51,9.51,9.17,9.38,2079929,40408000.00
2011/12/29,9.19,9.45,9.17,9.35,2014689,39106608.00
2011/12/30,9.27,9.40,9.03,9.21,2936783,56711040.00
2012/01/04,9.20,9.34,9.12,9.13,1876695,36352224.00
2012/01/05,9.08,9.17,8.37,8.64,8204760,149848784.00
2012/01/06,8.62,8.65,8.17,8.46,4667625,82780968.00
2012/01/09,8.48,8.69,8.32,8.63,4396018,79105992.00
2012/01/10,8.57,9.10,8.57,8.97,4555267,84322320.00
2012/01/11,8.97,9.08,8.85,8.97,2850778,53617628.00
2012/01/12,8.97,9.07,8.87,8.91,1157107,21770622.00
2012/01/13,8.97,8.99,8.45,8.52,2889383,52158580.00
2012/01/16,8.46,8.47,7.67,7.90,4431281,76477544.00
2012/01/17,8.01,8.17,7.47,8.13,11227265,183400368.00
2012/01/18,8.13,8.15,7.67,7.83,4429725,73848240.00
2012/01/19,7.60,7.97,7.57,7.94,4555604,75314920.00
2012/01/20,7.81,8.42,7.81,8.36,4138866,71111312.00
2012/01/30,8.36,8.36,8.11,8.25,1127459,19536536.00
2012/01/31,8.27,8.29,8.18,8.21,407679,7059205.00
2012/02/01,8.22,8.35,8.20,8.22,1276131,22184474.00
2012/02/02,8.23,8.40,8.12,8.37,903987,15813509.00
2012/02/03,8.34,8.64,8.28,8.59,1666048,29567228.00
2012/02/06,8.57,8.69,8.46,8.46,3891046,69924184.00
2012/02/07,8.46,8.46,8.17,8.36,2374596,41464216.00
2012/02/08,8.17,8.57,8.17,8.53,1811727,32026544.00
2012/02/09,8.53,8.78,8.47,8.69,3244648,59060708.00
2012/02/10,8.68,8.78,8.60,8.64,1386200,25311002.00
2012/02/13,8.62,8.64,8.45,8.55,5830616,104510448.00
2012/02/14,8.48,8.72,8.35,8.71,5123336,91864304.00
2012/02/15,8.66,8.80,8.52,8.73,4421006,80152000.00
2012/02/16,8.74,8.89,8.60,8.86,3331656,61123364.00
2012/02/17,8.85,8.87,8.75,8.79,1784571,32964052.00
2012/02/20,8.97,8.97,8.57,8.62,2185380,39980432.00
2012/02/21,8.58,8.66,8.52,8.64,1237948,22346836.00
2012/02/22,8.65,8.83,8.57,8.77,3578058,65361716.00
2012/02/23,8.80,8.90,8.68,8.80,3956778,72763080.00
2012/02/24,8.80,8.98,8.75,8.92,2869942,53319368.00
2012/02/27,8.92,9.12,8.89,8.97,3813246,71804520.00
2012/02/28,8.91,8.97,8.82,8.96,1718754,32048922.00
2012/02/29,8.93,8.96,8.75,8.90,1733314,32185624.00
2012/03/01,8.95,8.95,8.60,8.82,2720701,49749564.00
2012/03/02,8.74,8.89,8.74,8.87,3464571,63871400.00
2012/03/05,8.86,8.96,8.56,8.74,7091092,129867784.00
2012/03/06,8.70,8.70,8.32,8.36,4702891,83398032.00
2012/03/07,8.22,8.42,8.17,8.30,2729963,47754988.00
2012/03/08,8.32,8.39,8.22,8.27,2704215,47221172.00
2012/03/09,8.37,8.41,8.26,8.40,2867227,50244668.00
2012/03/12,8.43,9.07,8.43,8.92,10922456,202362688.00
2012/03/13,8.92,9.11,8.86,9.11,5573569,105168200.00
2012/03/14,9.13,9.20,8.57,8.82,7066261,133287896.00
2012/03/15,8.68,9.18,8.68,9.17,5720621,108100744.00
2012/03/16,9.14,9.52,9.14,9.29,4764011,93194832.00
2012/03/19,9.27,9.53,9.23,9.45,5762236,113761832.00
2012/03/20,9.35,9.47,9.04,9.22,2463624,47689692.00
2012/03/21,9.23,9.26,8.82,8.97,3121008,58597676.00
2012/03/22,8.97,9.12,8.90,8.97,1312139,24815572.00
2012/03/23,8.92,9.00,8.82,8.88,1291496,24136364.00
2012/03/26,9.00,9.01,8.80,8.89,646968,12044516.00
2012/03/27,8.97,9.00,8.85,8.99,1512823,28251382.00
2012/03/28,8.97,9.18,8.72,8.82,3137190,58797464.00
2012/03/29,8.63,9.14,8.33,8.86,3504690,64383172.00
2012/03/30,8.72,8.82,8.56,8.58,2782939,50436644.00
2012/04/05,8.58,8.90,8.58,8.89,1220164,22492076.00
2012/04/06,8.88,9.11,8.88,9.01,2357615,44598972.00
2012/04/09,9.00,9.20,8.93,9.09,2168068,41354688.00
2012/04/10,9.10,9.16,8.91,9.12,1073143,20370350.00
2012/04/11,9.07,9.27,9.02,9.13,1792605,34232328.00
2012/04/12,9.21,9.23,9.08,9.22,1315123,25241174.00
2012/04/13,9.20,9.42,9.20,9.26,3163247,61673280.00
2012/04/16,9.15,9.26,9.03,9.08,1824444,34805988.00
2012/04/17,9.07,9.36,9.07,9.20,3186861,61692176.00
2012/04/18,9.20,9.27,9.08,9.21,3309644,63688528.00
2012/04/19,9.22,9.26,9.03,9.09,2264052,43172336.00
2012/04/20,9.07,9.28,8.91,9.23,2309971,44316688.00
2012/04/23,9.40,9.41,9.14,9.28,3474564,67320624.00
2012/04/24,9.37,9.37,9.05,9.08,2915791,56017324.00
2012/04/25,9.04,9.11,8.85,8.94,2968931,55934948.00
2012/04/26,9.09,9.09,8.76,8.92,4382938,81272112.00
2012/04/27,8.93,8.95,8.82,8.86,4485616,83308912.00
2012/05/02,8.97,9.53,8.89,9.48,6262027,121341296.00
2012/05/03,9.51,9.65,9.43,9.55,8263597,165396496.00
2012/05/04,9.55,9.92,9.55,9.79,4383125,89511952.00
2012/05/07,9.76,10.07,9.61,10.01,6635459,138012384.00
2012/05/08,9.92,10.10,9.75,9.93,4201202,87039616.00
2012/05/09,9.82,9.92,9.58,9.64,3282444,66549160.00
2012/05/11,9.69,10.22,9.69,10.14,8221515,172580288.00
2012/05/14,9.97,10.64,9.82,10.21,9261429,196568960.00
2012/05/15,9.97,10.32,9.91,10.27,3037954,63748436.00
2012/05/16,10.27,10.27,10.07,10.08,1651988,34837296.00
2012/05/17,10.07,10.22,9.90,9.99,1861840,38801344.00
2012/05/18,9.95,10.06,9.72,9.96,2930893,60342200.00
2012/05/21,9.96,10.07,9.87,9.94,1257154,26142396.00
2012/05/22,10.02,10.20,9.95,10.05,2041670,42793568.00
2012/05/23,10.05,10.27,10.03,10.22,3829085,81045232.00
2012/05/24,10.17,10.40,10.10,10.23,3205959,68537712.00
2012/05/25,10.15,10.28,9.72,9.78,3287029,67764832.00
2012/05/28,9.77,9.92,9.63,9.92,2079645,42331464.00
2012/05/29,9.92,10.07,9.82,10.06,3467253,71824624.00
2012/05/30,10.02,10.06,9.83,9.99,2242560,46442936.00
2012/05/31,9.92,10.02,9.84,9.97,2529146,52432984.00
2012/06/01,9.85,10.31,9.85,10.29,3669541,77399368.00
2012/06/04,10.09,10.66,10.08,10.24,4282863,92890528.00
2012/06/05,10.27,10.87,10.17,10.48,5016246,110658784.00
2012/06/06,10.49,10.52,10.33,10.45,1121529,24382044.00
2012/06/07,10.58,10.58,10.25,10.26,1306442,28344294.00
2012/06/08,10.47,10.47,10.12,10.15,2697949,57484884.00
2012/06/11,10.22,10.68,10.22,10.55,3219681,70526088.00
2012/06/12,10.42,10.79,10.42,10.72,5119408,113653016.00
2012/06/13,10.74,11.12,10.69,11.01,3625781,82638120.00
2012/06/15,11.23,11.27,10.73,10.89,11616119,265674000.00
2012/06/18,10.90,11.26,10.89,11.12,5949265,138029232.00
2012/06/19,11.13,11.21,10.77,10.81,3170496,72312944.00
2012/06/20,10.81,10.91,10.51,10.63,3377697,74820496.00
2012/06/21,10.64,10.82,10.42,10.82,2203526,48483540.00
2012/06/25,10.82,10.97,10.49,10.52,2363616,52748080.00
2012/06/26,10.50,10.62,10.32,10.58,3343114,73197016.00
2012/06/27,10.57,10.75,10.55,10.68,3674689,81412048.00
2012/06/28,10.71,11.01,10.63,10.97,3477097,78467856.00
2012/06/29,10.97,11.29,10.82,11.17,4247419,98601352.00
2012/07/02,11.12,11.40,11.09,11.30,4587800,107277248.00
2012/07/03,11.36,11.51,10.98,11.11,4268319,99096816.00
2012/07/04,11.00,11.11,10.66,10.86,6532688,146350832.00
2012/07/05,10.81,11.01,10.56,10.94,3280014,73061040.00
2012/07/06,10.94,11.27,10.76,11.27,5330457,121394720.00
2012/07/09,11.25,11.44,11.05,11.06,4646345,108377024.00
2012/07/10,11.01,11.10,10.61,10.66,4044115,90539616.00
2012/07/11,10.61,10.96,10.56,10.93,3108867,69239968.00
2012/07/12,10.84,11.25,10.74,10.78,5234411,119734672.00
2012/07/13,10.71,11.01,10.66,10.98,2336933,52757296.00
2012/07/16,11.01,11.10,10.68,10.75,2625847,59451724.00
2012/07/17,10.71,10.71,10.31,10.56,6445847,139983664.00
2012/07/18,10.50,10.73,10.37,10.53,4135613,90942632.00
2012/07/19,10.48,10.65,10.44,10.61,2101956,46042000.00
2012/07/20,10.61,10.89,10.61,10.76,3549515,79450280.00
2012/07/23,10.66,10.75,10.48,10.70,1777082,39170800.00
2012/07/24,10.66,10.81,10.51,10.70,2439358,53920768.00
2012/07/25,10.65,10.83,10.56,10.66,1075782,23949528.00
2012/07/26,10.66,10.78,10.56,10.65,1815438,40343060.00
2012/07/27,10.57,10.76,10.36,10.61,5145237,111591984.00
2012/07/30,10.68,10.68,10.14,10.34,5141261,110476080.00
2012/07/31,10.21,10.43,10.21,10.26,2723435,58046336.00
2012/08/01,10.33,10.46,10.25,10.44,1291647,27919648.00
2012/08/02,10.50,10.91,10.44,10.74,4402391,97897296.00
2012/08/03,10.73,11.26,10.69,10.86,3686284,82993208.00
2012/08/06,10.92,11.09,10.87,11.05,2425914,55058932.00
2012/08/07,11.01,11.01,10.77,10.91,2204169,49429804.00
2012/08/08,10.92,10.96,10.71,10.81,1356275,30374752.00
2012/08/09,10.78,11.05,10.70,11.04,4434549,99847712.00
2012/08/10,11.11,11.46,11.03,11.40,6003621,139739872.00
2012/08/13,11.34,11.41,11.14,11.40,4845352,113301432.00
2012/08/14,11.31,11.34,11.10,11.20,2597757,60045056.00
2012/08/15,11.16,11.16,10.82,11.00,2720094,61689076.00
2012/08/16,10.97,11.02,10.70,10.71,1917835,43254428.00
2012/08/17,10.71,10.71,10.31,10.58,3731850,81314800.00
2012/08/20,10.53,10.79,10.46,10.61,1061793,23429250.00
2012/08/21,10.70,10.94,10.62,10.85,3589890,80494440.00
2012/08/22,10.94,11.01,10.78,10.85,3068886,68959408.00
2012/08/23,10.87,10.97,10.81,10.91,2811935,63372084.00
2012/08/24,10.90,10.90,10.66,10.73,1314243,29231920.00
2012/08/27,10.71,10.71,10.36,10.49,1261409,27529496.00
2012/08/28,10.51,10.60,10.35,10.50,954479,20682620.00
2012/08/29,10.45,10.65,10.26,10.33,1207225,26249820.00
2012/08/30,10.31,10.37,9.62,10.10,7835722,160952832.00
2012/08/31,10.25,10.25,9.92,10.10,2778290,57766192.00
2012/09/03,9.96,10.29,9.96,10.24,3847510,81331824.00
2012/09/04,10.24,10.60,10.14,10.35,2438245,52623560.00
2012/09/05,10.24,10.49,10.24,10.39,1147749,24813400.00
2012/09/06,10.48,10.49,10.21,10.36,793324,17028960.00
2012/09/07,10.46,10.71,10.36,10.66,1635758,35979152.00
2012/09/10,10.65,10.71,10.56,10.69,2313766,51029244.00
2012/09/11,10.66,10.85,10.52,10.75,1053434,23424350.00
2012/09/12,10.77,11.06,10.77,10.99,3046658,69279176.00
2012/09/13,11.01,11.06,10.90,10.92,1304988,29673946.00
2012/09/14,11.01,11.11,10.81,10.93,1519238,34547344.00
2012/09/17,10.93,10.94,10.64,10.71,801719,17839480.00
2012/09/18,10.78,10.78,10.54,10.61,1900240,41796472.00
2012/09/19,10.65,10.73,10.52,10.60,2248248,49534224.00
2012/09/20,10.60,10.61,10.35,10.38,830339,18035548.00
2012/09/21,10.38,10.38,10.06,10.11,2351800,49798808.00
2012/09/24,10.26,10.33,10.02,10.26,1291711,27335076.00
2012/09/25,10.31,10.40,10.09,10.23,1105689,23491810.00
2012/09/26,10.31,10.32,10.07,10.24,1285247,27180676.00
2012/09/27,10.27,10.48,10.11,10.32,1339258,28558872.00
2012/09/28,10.31,10.42,10.10,10.38,1818884,38723844.00
2012/10/08,10.36,10.49,10.16,10.28,796692,16999812.00
2012/10/09,10.28,10.60,10.28,10.60,1163438,25324028.00
2012/10/10,10.63,10.92,10.46,10.90,1706944,38300608.00
2012/10/11,10.91,10.99,10.46,10.51,1731806,38673340.00
2012/10/12,10.61,10.69,10.45,10.53,1227116,26927736.00
2012/10/15,10.53,10.77,10.46,10.74,997853,22044312.00
2012/10/16,10.74,11.00,10.56,10.88,2340538,52575300.00
2012/10/17,10.88,10.88,10.63,10.72,3483677,77471608.00
2012/10/18,10.62,10.76,10.58,10.71,4580531,101434744.00
2012/10/19,10.73,10.73,10.47,10.52,2744475,60274852.00
2012/10/22,10.56,10.64,10.48,10.58,1467630,32040576.00
2012/10/23,10.55,10.57,10.29,10.36,2989930,64632516.00
2012/10/24,10.36,10.52,10.21,10.22,1814722,39017792.00
2012/10/25,10.16,10.31,9.82,9.83,5117581,106000800.00
2012/10/26,9.96,10.16,9.86,10.02,8481456,176337344.00
2012/10/29,10.01,10.48,9.92,10.45,3341127,71424184.00
2012/10/30,10.38,10.65,10.36,10.55,4387889,96338232.00
2012/10/31,10.55,10.91,10.37,10.89,5553726,123953672.00
2012/11/01,10.76,11.06,10.76,10.86,4744868,107388776.00
2012/11/02,10.86,11.11,10.77,11.02,2467975,56279492.00
2012/11/05,11.06,11.16,10.88,10.95,3380840,77239368.00
2012/11/06,10.96,11.09,10.75,11.07,3709138,83715776.00
2012/11/07,11.01,11.05,10.86,10.98,2651503,60260616.00
2012/11/08,10.96,11.16,10.83,11.02,2594925,59415592.00
2012/11/09,10.95,11.01,10.66,10.72,2148790,48444456.00
2012/11/12,10.63,10.75,10.31,10.50,2587550,56254456.00
2012/11/13,10.46,10.61,10.40,10.58,1326318,28958620.00
2012/11/14,10.55,10.96,10.40,10.90,2266330,50515688.00
2012/11/15,10.74,10.91,10.68,10.88,3951181,88405608.00
2012/11/16,10.85,10.85,10.50,10.70,2093421,46096352.00
2012/11/19,10.68,10.73,10.41,10.46,1467979,31914024.00
2012/11/20,10.61,10.61,10.33,10.36,1169514,25349248.00
2012/11/21,10.33,10.48,10.31,10.47,578228,12446482.00
2012/11/22,10.46,10.46,10.27,10.28,1035988,22193784.00
2012/11/23,10.27,10.39,10.25,10.30,946620,20227968.00
2012/11/26,10.31,10.46,10.31,10.34,1172408,25263516.00
2012/11/27,10.26,10.36,10.08,10.14,2057958,43619628.00
2012/11/28,10.21,10.30,10.11,10.16,616842,13033657.00
2012/11/29,10.30,10.67,10.10,10.66,3040865,66498024.00
2012/11/30,10.66,10.66,10.20,10.39,3597622,77528416.00
2012/12/03,10.32,10.49,10.13,10.14,1233851,26462716.00
2012/12/04,10.14,10.35,10.00,10.11,2183677,45875880.00
2012/12/05,10.11,10.44,10.01,10.31,5961866,127283712.00
2012/12/06,10.31,10.42,10.13,10.31,3019242,64421984.00
2012/12/07,10.32,10.66,10.32,10.66,3995967,87601312.00
2012/12/10,10.66,10.73,10.47,10.69,3088345,67755480.00
2012/12/11,10.69,10.69,10.43,10.43,1717159,37512720.00
2012/12/12,10.45,10.55,10.36,10.41,1240942,26926160.00
2012/12/13,10.41,10.53,10.31,10.47,1938758,41821520.00
2012/12/14,10.48,10.81,10.39,10.64,5365445,117946992.00
2012/12/17,10.56,10.57,10.06,10.47,7386005,157021280.00
2012/12/18,10.38,10.38,10.11,10.28,3954949,84590064.00
2012/12/19,10.20,10.39,10.11,10.17,4438709,94399256.00
2012/12/20,10.16,10.36,10.13,10.30,2374419,50630560.00
2012/12/21,10.30,10.36,10.19,10.27,2488489,52976008.00
2012/12/24,10.21,10.60,10.17,10.59,3786085,82143400.00
2012/12/25,10.56,10.96,10.44,10.90,3842201,85988424.00
2012/12/26,10.88,11.04,10.76,10.99,5094674,114607800.00
2012/12/27,10.97,11.10,10.77,11.02,3700720,83898216.00
2012/12/28,11.01,11.20,10.87,11.14,2853607,65274504.00
2012/12/31,11.09,11.33,10.73,11.30,10989245,249558912.00
2013/01/04,11.17,11.17,10.75,10.91,9951331,223480464.00
2013/01/07,10.82,10.99,10.71,10.92,4850872,109058576.00
2013/01/08,10.88,11.72,10.80,11.71,12956289,303999136.00
2013/01/09,11.56,12.09,11.51,11.82,6714798,163927552.00
2013/01/10,11.79,11.96,11.56,11.81,4675128,113778488.00
2013/01/11,11.84,11.84,11.52,11.66,4868815,117124984.00
2013/01/14,11.64,11.94,11.56,11.86,8087593,196529408.00
2013/01/15,11.86,12.14,11.76,12.05,4957837,122454096.00
2013/01/16,11.97,12.21,11.79,12.06,3590719,88778648.00
2013/01/17,12.00,12.10,11.71,11.74,4407161,108539512.00
2013/01/18,11.71,12.25,11.66,11.79,4897505,120633704.00
2013/01/21,11.94,12.22,11.83,12.10,7542726,188218784.00
2013/01/22,12.17,12.21,11.60,11.69,4023759,98896544.00
2013/01/23,11.69,11.84,11.52,11.75,3792266,91414712.00
2013/01/24,11.66,11.87,11.38,11.54,4148857,99476736.00
2013/01/25,11.52,11.95,11.42,11.91,3361855,82038680.00
2013/01/28,11.93,12.31,11.92,12.15,4770303,119552720.00
2013/01/29,12.06,12.58,12.06,12.20,6189883,157422880.00
2013/01/30,12.21,12.25,11.85,12.00,5340991,131675056.00
2013/01/31,12.00,12.03,11.86,11.96,2629857,64929464.00
2013/02/01,11.93,12.09,11.93,12.00,1616873,40043056.00
2013/02/04,11.92,12.03,11.55,11.69,3215531,77829872.00
2013/02/05,11.61,11.86,11.61,11.69,3730870,90427616.00
2013/02/06,11.73,11.86,11.65,11.79,3658706,88872496.00
2013/02/07,11.79,12.16,11.70,12.00,3396678,83964512.00
2013/02/08,11.98,12.40,11.97,12.25,4565634,115173448.00
2013/02/18,12.25,12.48,12.10,12.12,4284065,108427792.00
2013/02/19,12.26,12.66,12.16,12.49,5768685,147929936.00
2013/02/20,12.43,13.11,12.43,13.10,6085962,160645952.00
2013/02/21,13.04,13.16,12.77,13.03,5302500,141996336.00
2013/02/22,13.03,13.33,12.73,12.85,3130915,83830168.00
2013/02/25,12.82,12.97,12.51,12.91,2412563,63593204.00
2013/02/26,12.86,13.15,12.68,12.93,3128084,83482128.00
2013/02/27,12.93,12.98,12.36,12.65,3467238,90496616.00
2013/02/28,12.45,12.45,11.73,12.23,17131005,427057056.00
2013/03/01,12.13,12.49,12.13,12.45,4843225,123720232.00
2013/03/04,12.35,12.66,11.86,12.05,5676552,144022528.00
2013/03/05,12.10,13.01,12.08,12.81,8951944,233928416.00
2013/03/06,12.91,13.06,12.71,12.83,5410977,143669760.00
2013/03/07,12.86,12.86,12.15,12.42,4935279,126497968.00
2013/03/08,13.36,13.36,12.16,12.36,6299544,164213408.00
2013/03/11,12.23,12.48,12.11,12.21,3543043,89771888.00
2013/03/12,12.17,12.40,11.76,11.96,5026661,124781784.00
2013/03/13,11.98,12.22,11.72,12.20,1683262,41383296.00
2013/03/14,12.06,12.39,12.05,12.13,2046045,51768352.00
2013/03/15,12.11,12.62,12.07,12.29,3357064,85700480.00
2013/03/18,12.21,12.43,12.11,12.31,1382768,35065508.00
2013/03/19,12.24,12.43,12.21,12.37,2229771,56754392.00
2013/03/20,12.38,12.60,12.25,12.53,2524083,64763076.00
2013/03/21,12.48,12.83,12.46,12.66,3157685,82429448.00
2013/03/22,12.68,12.68,12.50,12.57,1842945,47782296.00
2013/03/25,12.59,12.73,12.30,12.37,2024203,51915172.00
2013/03/26,12.35,12.81,12.21,12.76,3300731,85268512.00
2013/03/27,12.76,12.85,12.67,12.79,2816017,74070680.00
2013/03/28,12.86,12.89,12.52,12.63,4562303,119221896.00
2013/03/29,12.56,12.84,12.56,12.73,2193355,57631608.00
2013/04/01,12.86,12.86,12.33,12.40,4340382,112262440.00
2013/04/02,12.40,12.48,11.89,12.01,3985153,99513296.00
2013/04/03,12.03,12.13,11.89,12.02,1746139,43313560.00
2013/04/08,12.02,12.19,11.86,12.04,1920827,47691704.00
2013/04/09,12.11,12.20,11.62,11.75,5138033,125568496.00
2013/04/10,11.76,11.76,11.43,11.59,4240976,101220208.00
2013/04/11,11.54,11.69,11.51,11.57,1595148,38174720.00
2013/04/12,11.57,11.66,11.54,11.61,2142630,51442672.00
2013/04/15,11.61,11.75,11.53,11.75,1888740,45371720.00
2013/04/16,11.63,11.74,11.53,11.68,2014704,48457792.00
2013/04/17,11.68,11.95,11.66,11.88,2222084,54123840.00
2013/04/18,11.87,12.00,11.79,11.97,1438493,35367336.00
2013/04/19,11.96,12.16,11.89,12.09,2448365,61176864.00
2013/04/22,12.17,12.33,11.91,12.03,2483088,62111520.00
2013/04/23,12.01,12.41,11.87,12.08,2348996,58362296.00
2013/04/24,12.09,12.21,11.94,12.12,2067952,51755552.00
2013/04/25,12.12,12.12,11.88,11.94,1979733,48949884.00
2013/04/26,11.91,11.93,11.43,11.45,3879447,92733568.00
2013/05/02,11.45,11.68,11.43,11.51,5015613,119802360.00
2013/05/03,11.51,11.95,11.48,11.93,4906734,119229192.00
2013/05/06,11.89,12.61,11.84,12.47,6468626,164802736.00
2013/05/07,12.41,12.41,12.11,12.28,3706795,93858584.00
2013/05/08,12.22,12.63,12.22,12.59,7483707,193108944.00
2013/05/09,12.59,12.83,12.36,12.64,6716903,175938256.00
2013/05/10,12.58,12.90,12.36,12.70,3554571,92870312.00
2013/05/13,12.51,12.65,12.26,12.61,5303272,136540208.00
2013/05/14,12.60,12.60,12.20,12.44,2397028,61203876.00
2013/05/15,12.40,12.61,12.31,12.54,2924956,75274592.00
2013/05/16,12.55,12.69,12.26,12.36,6317520,162911936.00
2013/05/17,12.36,12.63,12.31,12.59,4314550,111135640.00
2013/05/20,12.52,12.52,12.08,12.35,8646866,218395472.00
2013/05/21,12.26,12.34,12.10,12.24,4277842,107624408.00
2013/05/22,12.24,12.73,12.24,12.70,5402986,140123808.00
2013/05/23,12.69,12.93,12.37,12.46,5665556,148439664.00
2013/05/24,12.46,12.57,12.19,12.46,3772483,95855968.00
2013/05/27,12.45,12.76,12.44,12.61,4364198,113868016.00
2013/05/28,12.58,13.91,12.55,13.91,12989335,359989536.00
2013/05/29,13.90,13.90,13.44,13.65,7320137,205202080.00
2013/05/30,13.55,13.80,13.51,13.73,3128117,87925616.00
2013/05/31,13.71,14.17,13.57,13.60,7041708,201984512.00
2013/06/03,13.57,14.02,13.57,13.69,3384975,95680384.00
2013/06/04,13.61,13.70,13.15,13.46,3000390,82589392.00
2013/06/05,13.40,13.85,13.32,13.56,2781109,77391328.00
2013/06/06,13.43,13.58,13.25,13.32,3013742,82989520.00
2013/06/07,13.31,13.36,12.86,12.94,3186291,85574216.00
2013/06/13,12.83,13.00,12.46,12.94,4991817,130506040.00
2013/06/14,12.87,13.13,12.74,13.05,2504070,67195584.00
2013/06/17,13.10,13.31,12.81,13.10,3049249,82326336.00
2013/06/18,13.20,13.23,12.86,13.06,2423114,65347464.00
2013/06/19,13.03,13.06,12.69,13.00,3191433,84303368.00
2013/06/20,12.89,12.96,12.55,12.58,2733724,71955960.00
2013/06/21,12.46,12.78,12.28,12.57,3204031,82679024.00
2013/06/24,12.46,12.64,12.05,12.41,5160108,132539112.00
2013/06/25,12.20,12.35,11.33,12.33,12243818,302078336.00
2013/06/26,12.28,12.88,12.17,12.86,4027410,105001616.00
2013/06/27,12.96,13.55,12.59,12.78,1805382,47404052.00
2013/06/28,12.49,12.86,12.49,12.65,2574760,67160960.00
2013/07/01,12.51,12.93,12.26,12.84,4803310,125084192.00
2013/07/02,12.80,13.23,12.66,13.03,3113713,83354656.00
2013/07/03,12.91,13.10,12.76,13.00,2955964,78474584.00
2013/07/04,12.98,13.14,12.86,12.97,3823765,101957104.00
2013/07/05,12.97,13.23,12.88,13.10,5301382,142941664.00
2013/07/08,13.16,13.90,13.06,13.35,13593320,375045760.00
2013/07/09,13.16,13.81,13.06,13.65,8575321,239315936.00
2013/07/10,13.43,13.96,13.43,13.83,4394793,123862728.00
2013/07/11,13.83,14.86,13.76,14.44,10241235,302376832.00
2013/07/12,14.38,15.21,14.30,14.83,7557406,228541056.00
2013/07/15,14.83,15.13,14.74,14.86,4404692,134101928.00
2013/07/16,14.88,14.99,14.67,14.80,2601283,78671440.00
2013/07/17,14.78,14.95,14.31,14.37,2513742,75033248.00
2013/07/18,14.37,14.71,14.14,14.69,2761180,81094928.00
2013/07/19,14.59,14.66,14.41,14.50,1778360,52987552.00
2013/07/22,14.43,15.06,14.19,14.74,2798919,83971080.00
2013/07/23,14.67,14.96,14.53,14.86,2638539,79396008.00
2013/07/24,14.86,15.34,14.55,15.25,3777339,116369864.00
2013/07/25,15.23,15.33,14.56,14.83,3261051,99612312.00
2013/07/26,14.57,14.84,14.21,14.60,2634872,77589584.00
2013/07/29,14.59,14.74,14.15,14.55,2245565,66459060.00
2013/07/30,14.50,14.70,14.08,14.11,3919962,114510776.00
2013/07/31,14.11,14.30,13.84,14.02,3032431,86793464.00
2013/08/01,14.05,14.71,13.96,14.67,3159677,92420432.00
2013/08/02,14.66,14.89,14.48,14.63,1871822,56079424.00
2013/08/05,14.61,14.66,14.38,14.53,4531467,134208320.00
2013/08/06,14.50,15.10,14.31,15.05,5396989,163338016.00
2013/08/07,15.02,15.31,14.81,14.88,3586775,110729976.00
2013/08/08,14.74,15.21,14.56,14.99,3709959,112979824.00
2013/08/09,14.98,15.76,14.96,15.38,5642321,177004992.00
2013/08/12,15.31,15.96,15.19,15.52,5572172,178130176.00
2013/08/13,15.47,15.81,15.02,15.19,5125863,160940736.00
2013/08/14,15.30,15.30,14.89,15.11,3336113,102671352.00
2013/08/15,15.08,15.10,14.60,14.74,3951149,119346960.00
2013/08/16,14.66,14.92,14.42,14.43,3454379,103064424.00
2013/08/19,14.41,15.00,14.31,14.75,3209256,96786912.00
2013/08/20,14.81,15.48,14.76,15.06,6582647,205244208.00
2013/08/21,15.02,15.10,14.64,14.65,6069249,182920224.00
2013/08/22,14.46,15.25,14.46,14.66,7572162,231591952.00
2013/08/23,14.83,15.50,14.66,15.46,7825349,240726336.00
2013/08/26,15.42,17.04,15.42,16.69,12750985,426400480.00
2013/08/27,16.80,17.01,16.26,16.83,4060908,138420768.00
2013/08/28,16.81,16.81,16.03,16.07,3624178,120571720.00
2013/08/29,16.10,16.80,15.82,16.55,4488319,148427920.00
2013/08/30,16.41,16.76,15.90,16.01,4283570,141764496.00
2013/09/02,15.91,16.30,15.86,15.98,3005795,98404976.00
2013/09/03,16.03,16.26,15.88,16.15,3782385,124355888.00
2013/09/04,16.15,16.26,15.61,15.70,3086014,99966208.00
2013/09/05,15.70,16.06,15.33,15.96,5158405,164904528.00
2013/09/06,15.82,15.98,15.61,15.78,2335607,75322432.00
2013/09/09,15.78,15.81,15.36,15.58,3533513,112372384.00
2013/09/10,15.56,15.63,14.96,15.18,5598261,174351200.00
2013/09/11,15.19,15.53,15.06,15.32,3457083,107946952.00
2013/09/12,15.31,15.32,14.91,15.20,2923961,90412336.00
2013/09/13,15.11,15.46,15.06,15.40,2966748,92966144.00
2013/09/16,15.38,15.66,15.32,15.46,4044489,128217592.00
2013/09/17,15.46,15.61,15.06,15.09,3592490,112674744.00
2013/09/18,15.10,15.75,15.03,15.72,5314400,169380368.00
2013/09/23,15.71,16.21,15.51,16.04,3737922,121475896.00
2013/09/24,15.90,16.14,15.54,15.79,2887177,92908592.00
2013/09/25,15.75,15.80,15.29,15.33,2703767,85988184.00
2013/09/26,15.25,16.03,15.16,15.87,4181044,134356032.00
2013/09/27,15.89,16.48,15.74,15.96,4473238,147621824.00
2013/09/30,15.95,16.08,15.31,15.88,4610360,147582064.00
2013/10/08,15.96,16.21,15.65,15.69,2874168,93302408.00
2013/10/09,15.74,15.83,15.50,15.56,2747604,87642248.00
2013/10/10,15.56,15.64,15.04,15.10,5991343,187119216.00
2013/10/11,15.01,15.24,14.95,15.23,5136667,158431040.00
2013/10/14,15.23,15.23,14.61,14.65,7594131,229349568.00
2013/10/15,14.61,15.01,14.45,14.69,7704061,231343312.00
2013/10/16,14.65,14.65,13.66,14.05,15936866,459953056.00
2013/10/17,14.05,14.11,13.11,13.36,15895130,441481728.00
2013/10/18,13.33,13.67,12.91,13.53,7617441,207270160.00
2013/10/21,13.51,14.41,13.38,14.21,12642830,360910304.00
2013/10/22,14.16,14.18,13.56,13.71,6590695,187311984.00
2013/10/23,13.71,14.11,13.61,13.70,4589597,130319720.00
2013/10/24,13.53,13.90,13.11,13.45,7918761,216919296.00
2013/10/25,13.40,13.43,13.07,13.15,4876814,132171968.00
2013/10/28,13.15,13.26,13.01,13.07,4013303,108022112.00
2013/10/29,13.15,13.21,12.32,12.81,5542187,145014016.00
2013/10/30,12.77,12.80,12.16,12.65,12451218,318866176.00
2013/10/31,12.64,13.31,12.64,13.14,8747790,235695040.00
2013/11/01,13.11,13.29,12.76,13.15,4342463,115907680.00
2013/11/04,13.06,13.10,12.41,12.49,10601525,274064032.00
2013/11/05,12.40,12.45,12.11,12.33,5525413,139346560.00
2013/11/06,12.30,12.35,12.14,12.22,5001588,125994592.00
2013/11/07,12.16,12.26,12.02,12.22,2754286,68833032.00
2013/11/08,12.16,12.46,12.11,12.24,2952483,74742720.00
2013/11/11,12.30,12.61,12.18,12.55,3587572,91620112.00
2013/11/12,12.60,12.81,12.51,12.77,5170507,134804080.00
2013/11/13,12.76,12.76,12.47,12.52,1893347,48894704.00
2013/11/14,12.53,12.64,12.42,12.51,2678161,68985424.00
2013/11/15,12.53,12.79,12.46,12.55,4849029,126046648.00
2013/11/18,12.64,12.64,12.20,12.45,9775688,248090048.00
2013/11/19,12.41,12.44,12.14,12.32,6920428,174496144.00
2013/11/20,12.32,12.36,12.16,12.27,5062211,127510880.00
2013/11/21,12.26,13.26,12.17,13.05,11940772,312869440.00
2013/11/22,12.97,13.15,12.79,12.85,6226593,165194192.00
2013/11/25,12.92,12.92,12.67,12.86,3399243,89204216.00
2013/11/26,12.74,12.83,12.61,12.62,3138567,81817960.00
2013/11/27,12.61,12.87,12.58,12.82,3198531,83845688.00
2013/11/28,12.82,13.00,12.76,12.85,3356288,88857640.00
2013/11/29,12.85,13.28,12.85,13.23,5382111,144911456.00
2013/12/02,13.08,13.34,12.67,13.20,6085437,164052496.00
2013/12/03,13.18,13.30,12.92,13.01,5288430,141359888.00
2013/12/04,12.99,13.25,12.90,13.13,6067722,162244384.00
2013/12/05,13.12,13.26,13.04,13.23,3900624,105295352.00
2013/12/06,13.26,13.61,13.16,13.24,6326603,173247632.00
2013/12/09,13.33,13.39,13.00,13.12,5702859,153517408.00
2013/12/10,13.10,13.10,12.84,12.89,4944726,131347744.00
2013/12/11,12.88,13.02,12.83,12.97,3190509,84720416.00
2013/12/12,12.97,13.10,12.88,13.01,3497599,93538056.00
2013/12/13,12.91,13.11,12.86,13.08,4328611,115655056.00
2013/12/16,13.11,13.15,12.91,12.92,2804904,74968640.00
2013/12/17,12.92,13.02,12.56,12.81,3140733,82855000.00
2013/12/18,12.81,12.92,12.59,12.72,2395273,62631392.00
2013/12/19,12.72,12.79,12.26,12.37,3611078,92590304.00
2013/12/20,12.37,12.48,12.13,12.37,3811909,96603072.00
2013/12/23,12.42,12.95,12.36,12.87,6556597,172192288.00
2013/12/24,12.77,13.06,12.72,12.90,4455896,117749896.00
2013/12/25,12.86,12.98,12.65,12.92,2586816,68077688.00
2013/12/26,12.88,13.17,12.80,13.07,4831077,129434200.00
2013/12/27,13.11,13.11,12.79,12.91,4705656,124730992.00
2013/12/30,12.84,12.96,12.56,12.59,6259018,163378256.00
2013/12/31,13.76,13.89,13.36,13.83,31084884,876759424.00
2014/01/02,13.66,14.41,13.50,14.26,15117242,434102496.00
2014/01/03,14.31,14.42,13.97,14.04,8860269,257987488.00
2014/01/06,14.11,14.11,13.51,13.75,5892221,166451216.00
2014/01/07,13.51,14.10,13.51,13.94,3395837,97018432.00
2014/01/08,14.09,14.23,13.83,14.16,5015424,144002480.00
2014/01/09,14.16,14.30,14.01,14.03,4619456,133956944.00
2014/01/10,13.91,14.25,13.58,13.89,3543384,101002864.00
2014/01/13,13.89,13.91,13.40,13.44,4995977,138847440.00
2014/01/14,13.54,14.06,13.46,13.91,6174919,174247712.00
2014/01/15,13.86,14.06,13.50,13.66,5644973,158080240.00
2014/01/16,13.66,13.72,13.44,13.53,5605672,156071696.00
2014/01/17,13.51,13.53,12.99,13.02,7621209,205336320.00
2014/01/20,13.03,13.14,12.51,12.79,8503325,221228944.00
2014/01/21,12.70,12.90,12.66,12.83,4435885,116563520.00
2014/01/22,12.84,13.23,12.84,13.18,6108217,163190288.00
2014/01/23,13.12,13.35,12.95,12.99,7575983,203711152.00
2014/01/24,12.99,13.14,12.83,12.91,6798198,180252144.00
2014/01/27,12.85,12.85,12.37,12.48,8626043,223846304.00
2014/01/28,12.60,12.63,12.31,12.35,5382814,137336768.00
2014/01/29,12.39,12.78,12.23,12.60,7078120,182003296.00
2014/01/30,12.59,12.75,12.51,12.64,4331385,112765592.00
2014/02/07,12.61,12.83,12.41,12.80,2845070,74381104.00
2014/02/10,12.85,13.27,12.85,13.15,7527520,202851984.00
2014/02/11,13.15,13.16,12.46,12.65,14601028,383613184.00
2014/02/12,12.66,12.74,12.53,12.73,7560489,196606480.00
2014/02/13,12.75,12.76,12.21,12.27,15621756,398097568.00
2014/02/14,12.28,12.47,12.28,12.42,7242911,184076704.00
2014/02/17,12.43,12.61,12.40,12.60,8426526,216488320.00
2014/02/18,12.63,12.63,12.43,12.48,5130354,131513376.00
2014/02/19,12.51,12.88,12.43,12.85,8827480,230578320.00
2014/02/20,12.85,12.89,12.61,12.64,4761181,124198040.00
2014/02/21,12.66,12.85,12.31,12.47,5859688,151198656.00
2014/02/24,12.35,12.35,11.91,12.08,11365348,281695072.00
2014/02/25,12.06,12.22,11.83,11.88,7719664,191109424.00
2014/02/26,11.81,11.86,11.10,11.86,7076537,167089696.00
2014/02/27,11.90,11.95,11.30,11.41,7358913,176425616.00
2014/02/28,11.34,11.54,11.16,11.31,5180584,120635696.00
2014/03/03,11.31,11.99,11.31,11.88,7434324,179718672.00
2014/03/04,11.68,11.95,11.68,11.84,4244470,103200768.00
2014/03/05,11.67,11.91,11.45,11.48,7462974,179338224.00
2014/03/06,11.51,11.86,11.41,11.80,6253939,150131296.00
2014/03/07,11.73,11.92,11.69,11.82,3751244,91299352.00
2014/03/10,11.79,12.00,11.70,11.83,4436852,108271200.00
2014/03/11,11.85,12.08,11.73,12.04,5165008,127560360.00
2014/03/12,12.01,12.19,11.82,11.88,5453896,134472432.00
2014/03/13,11.91,12.77,11.91,12.65,14822612,379126144.00
2014/03/14,12.40,12.69,12.21,12.49,9864233,253558448.00
2014/03/17,12.64,12.64,12.31,12.50,11309607,289003392.00
2014/03/18,12.54,12.93,12.46,12.63,9993044,259796560.00
2014/03/19,12.53,12.81,12.49,12.59,8664639,225436096.00
2014/03/26,13.88,13.88,13.88,13.88,3849076,109506208.00
2014/03/27,14.65,14.69,14.02,14.03,45455525,1335568128.00
2014/03/28,14.13,14.32,13.59,13.82,14346434,411464768.00
2014/03/31,13.67,14.10,13.16,13.39,8370056,232575376.00
2014/04/01,13.41,13.66,13.31,13.61,6146520,170035824.00
2014/04/02,13.57,13.80,13.06,13.21,7149881,195044656.00
2014/04/03,13.25,13.34,13.02,13.15,5640866,152207648.00
2014/04/04,13.21,13.56,13.06,13.48,4683108,127650160.00
2014/04/08,13.48,13.77,13.36,13.66,6405205,178794208.00
2014/04/09,13.78,13.78,13.31,13.56,8061969,222065536.00
2014/04/10,13.50,13.58,13.26,13.33,5445004,150177776.00
2014/04/11,13.36,13.70,13.34,13.50,5450585,151565584.00
2014/04/14,13.50,13.61,13.22,13.32,4495609,123256744.00
2014/04/15,13.32,13.44,13.23,13.40,5004258,136944896.00
2014/04/16,13.38,13.43,13.19,13.28,3263466,88801056.00
2014/04/17,13.32,13.38,12.97,13.14,3399453,91511168.00
2014/04/18,13.06,13.28,13.01,13.14,2178757,58810672.00
2014/04/21,13.08,13.45,13.03,13.35,5727167,156972448.00
2014/04/22,13.18,13.36,12.91,13.10,3597529,96758760.00
2014/04/23,13.09,13.20,12.87,12.99,1975061,52793644.00
2014/04/24,13.00,13.18,12.90,13.12,2422839,64999064.00
2014/04/25,13.11,13.29,13.09,13.09,4253304,115084952.00
2014/04/28,13.06,13.24,12.69,12.79,4114282,108809272.00
2014/04/29,12.93,13.07,12.78,12.91,2495532,66192688.00
2014/04/30,12.76,13.21,12.76,12.99,2878348,76826344.00
2014/05/05,12.90,13.15,12.74,13.02,2409772,63859848.00
2014/05/06,13.04,13.41,13.01,13.14,5207151,141559472.00
2014/05/07,13.05,13.24,12.93,13.06,1926996,51826080.00
2014/05/08,13.01,13.22,13.01,13.14,2078568,56139528.00
2014/05/09,13.13,13.23,13.00,13.09,1372091,36887616.00
2014/05/12,13.21,13.33,13.11,13.21,2835209,76956408.00
2014/05/13,13.26,13.58,13.16,13.54,4466640,122931904.00
2014/05/14,13.55,13.63,13.44,13.51,2906496,80735360.00
2014/05/15,13.50,13.61,13.25,13.32,2118227,58169200.00
2014/05/16,13.47,13.47,12.86,12.88,2956586,78927424.00
2014/05/19,12.71,12.85,12.36,12.54,3533659,91255744.00
2014/05/20,12.56,12.79,12.54,12.66,1453099,37834520.00
2014/05/21,12.51,12.71,12.41,12.67,1830903,47204392.00
2014/05/22,12.67,12.76,12.52,12.67,1502419,39085160.00
2014/05/23,12.58,12.83,12.56,12.68,1952102,50915096.00
2014/05/26,12.83,13.20,12.70,13.09,3514709,94147816.00
2014/05/27,13.02,13.16,13.01,13.10,1377937,37047696.00
2014/05/28,13.20,13.20,12.85,13.10,1922196,51668512.00
2014/05/29,13.15,13.39,13.04,13.07,3049069,82817464.00
2014/05/30,13.07,13.20,12.91,12.99,1698438,45436312.00
2014/06/03,12.99,13.16,12.97,13.10,988064,26554924.00
2014/06/04,13.10,13.39,13.01,13.11,4238863,114887544.00
2014/06/05,13.26,13.53,13.06,13.33,4322527,118361552.00
2014/06/06,13.26,14.09,13.21,13.66,7552486,211750080.00
2014/06/09,13.69,14.06,13.52,13.75,5010559,142530704.00
2014/06/10,13.75,14.00,13.66,13.87,3133384,89277056.00
2014/06/11,13.79,14.07,13.71,13.99,3254154,93182824.00
2014/06/12,13.99,14.05,13.71,14.02,3135959,89511408.00
2014/06/13,13.91,14.24,13.81,14.07,4338453,125727264.00
2014/06/16,14.02,14.06,13.75,13.97,4242156,121155976.00
2014/06/17,13.95,13.95,13.59,13.60,3268171,92126072.00
2014/06/18,13.66,13.74,13.51,13.60,1705247,47695588.00
2014/06/19,13.70,13.87,13.33,13.44,2901395,81160152.00
2014/06/20,13.34,13.71,13.34,13.58,3825350,106535496.00
2014/06/23,13.68,13.71,13.33,13.47,4359786,120986760.00
2014/06/24,13.44,14.21,13.44,14.15,5593395,159113408.00
2014/06/25,14.14,14.62,14.07,14.38,4449187,131031512.00
2014/06/26,14.38,14.79,14.28,14.53,5235781,156785520.00
2014/06/27,14.53,14.66,14.41,14.65,2272329,67940032.00
2014/06/30,14.76,14.86,14.32,14.58,4326292,128736888.00
2014/07/01,14.49,14.61,14.33,14.36,2660031,78411168.00
2014/07/02,14.44,14.59,14.31,14.47,4281521,126691272.00
2014/07/03,14.36,15.00,14.36,14.86,5315868,160205456.00
2014/07/04,14.74,15.03,14.69,14.84,3453580,105275856.00
2014/07/07,14.82,15.46,14.82,15.25,5254681,162444928.00
2014/07/08,15.07,15.42,15.07,15.22,3494365,108422248.00
2014/07/09,15.22,15.27,14.44,14.50,5040415,152065104.00
2014/07/10,14.50,14.69,14.42,14.59,1450314,43162800.00
2014/07/11,14.62,14.93,14.62,14.67,2328142,70131000.00
2014/07/14,14.57,14.74,14.22,14.72,2226301,66221600.00
2014/07/15,14.66,14.81,14.29,14.50,2858008,84591448.00
2014/07/16,14.50,14.58,14.31,14.44,1886873,55597096.00
2014/07/17,14.43,14.43,13.99,14.16,2207290,64102128.00
2014/07/18,13.98,14.32,13.96,14.14,4034327,116070144.00
2014/07/21,14.07,14.42,13.92,14.41,2935674,84980592.00
2014/07/22,14.35,14.46,14.21,14.22,3324885,97360224.00
2014/07/23,14.24,14.71,14.12,14.41,4822255,141868608.00
2014/07/24,14.41,14.73,14.21,14.45,2300668,68041704.00
2014/07/25,14.47,14.60,13.98,14.31,3840341,111478040.00
2014/07/28,14.22,14.31,13.57,14.04,13041604,368631840.00
2014/07/29,14.01,14.12,13.68,14.07,7127113,201687296.00
2014/07/30,13.97,14.03,13.89,14.00,6212714,176778208.00
2014/07/31,13.97,14.39,13.91,14.28,5396913,156197168.00
2014/08/01,14.19,14.74,14.05,14.45,6937901,203927536.00
2014/08/04,14.70,14.71,14.28,14.46,3909223,114836384.00
2014/08/05,14.45,14.45,13.96,14.21,5104978,147106384.00
2014/08/06,14.18,14.20,14.01,14.15,2451747,70611784.00
2014/08/07,14.09,14.19,13.97,14.00,2924118,83874120.00
2014/08/08,14.11,14.11,14.00,14.03,1662222,47679272.00
2014/08/11,14.11,14.36,14.01,14.30,4893787,141472128.00
2014/08/12,14.20,14.30,14.13,14.19,3530250,102176720.00
2014/08/13,14.18,14.26,13.92,14.06,3767488,107920320.00
2014/08/14,13.98,14.09,13.70,13.76,7109454,201007008.00
2014/08/15,13.82,13.82,13.31,13.38,15902490,435745312.00
2014/08/18,13.42,13.57,13.32,13.57,9703895,266421264.00
2014/08/19,13.56,13.56,13.42,13.55,4989386,137227568.00
2014/08/20,13.54,13.81,13.39,13.80,7454130,207311200.00
2014/08/21,13.74,13.79,13.43,13.59,6040550,167733408.00
2014/08/22,13.63,13.74,13.55,13.61,7631825,212418352.00
2014/08/25,13.67,13.90,13.58,13.80,6998465,195915984.00
2014/08/26,13.80,13.84,13.25,13.41,7632213,210787456.00
2014/08/27,13.39,13.52,13.30,13.38,4608125,126197376.00
2014/08/28,13.40,13.46,13.17,13.20,3265459,88618448.00
2014/08/29,13.21,13.34,13.12,13.32,3280855,88400704.00
2014/09/01,13.30,13.30,13.08,13.23,10150041,272538464.00
2014/09/02,13.24,13.54,13.15,13.49,7258622,198463856.00
2014/09/03,13.48,13.62,13.37,13.50,9983558,274681920.00
2014/09/04,13.51,13.59,13.43,13.50,9759565,269388704.00
2014/09/05,13.56,13.57,13.34,13.51,8158706,224084512.00
2014/09/09,13.54,13.78,13.48,13.72,10937114,304949056.00
2014/09/10,13.65,13.67,13.57,13.63,7651791,212504848.00
2014/09/11,13.65,13.79,13.55,13.63,9270944,258447584.00
2014/09/12,13.60,13.63,13.45,13.58,6293337,173676512.00
2014/09/15,13.56,13.56,13.39,13.50,11913778,327487456.00
2014/09/16,13.51,13.97,13.42,13.61,20037313,561028992.00
2014/09/17,13.67,14.12,13.64,14.09,19141521,543731968.00
2014/09/18,14.11,14.39,13.93,14.16,15479280,449367776.00
2014/09/19,14.28,14.29,13.93,14.16,11709875,336062400.00
2014/09/22,14.16,14.38,14.08,14.17,9385441,272668992.00
2014/09/23,14.16,14.29,13.95,14.16,9138232,262935728.00
2014/09/24,14.14,14.21,13.96,14.15,9162126,263461472.00
2014/09/25,14.14,14.17,13.70,13.75,12900804,366266528.00
2014/09/26,13.75,13.80,13.33,13.47,13070448,359738784.00
2014/09/29,13.52,13.58,13.41,13.54,12685672,349369696.00
2014/09/30,13.54,13.56,13.47,13.53,7181127,198036688.00
2014/10/08,13.53,13.95,13.53,13.92,13288653,372368640.00
2014/10/09,13.92,13.92,13.61,13.76,9349402,262294208.00
2014/10/10,13.67,13.69,13.45,13.58,14356383,397530912.00
2014/10/13,13.54,13.64,13.47,13.62,8324671,230280912.00
2014/10/14,13.57,13.85,13.57,13.81,12672392,355496800.00
2014/10/15,13.84,14.30,13.84,14.13,22204596,639996672.00
2014/10/16,14.09,14.39,13.97,14.01,17242050,500320384.00
2014/10/17,14.01,14.11,13.57,13.86,8521313,239476192.00
2014/10/20,13.85,14.19,13.83,14.05,7254778,208337584.00
2014/10/21,14.10,14.21,13.72,13.75,5508636,156327472.00
2014/10/22,13.74,13.86,13.50,13.53,6966726,194297568.00
2014/10/23,13.48,13.61,13.17,13.19,6150010,167546928.00
2014/10/24,13.18,13.32,13.15,13.25,3563781,96335040.00
2014/10/27,13.25,13.39,13.25,13.35,3247298,88399576.00
2014/10/28,13.35,13.46,13.29,13.45,4721061,129089456.00
2014/10/29,13.50,13.54,13.23,13.46,7780835,212631824.00
2014/10/30,13.42,14.22,13.42,13.85,22236872,632661120.00
2014/10/31,13.97,14.05,13.46,13.67,10140674,283451072.00
2014/11/03,13.66,13.75,13.42,13.55,9196126,254557552.00
2014/11/04,13.52,13.54,13.27,13.52,10619878,290031232.00
2014/11/05,13.44,13.63,13.37,13.59,4708231,129977224.00
2014/11/06,13.66,13.67,13.34,13.42,6840091,187816512.00
2014/11/07,13.42,13.44,13.12,13.22,10797407,292895136.00
2014/11/10,13.32,13.40,13.16,13.32,8436688,229315248.00
2014/11/11,13.31,13.33,12.58,12.74,14396346,380741376.00
2014/11/12,12.71,12.75,11.93,12.55,14545797,369251488.00
2014/11/13,12.57,12.79,12.26,12.66,9868963,253696000.00
2014/11/14,12.71,12.75,12.41,12.60,6027791,155266384.00
2014/11/17,12.65,12.90,12.57,12.84,6936131,181092192.00
2014/11/18,12.84,12.88,12.61,12.69,4163688,108040600.00
2014/11/19,12.72,12.80,12.62,12.70,2695386,69898488.00
2014/11/20,12.64,12.68,12.43,12.49,3767417,96588640.00
2014/11/21,12.53,12.54,12.22,12.33,13911035,349871872.00
2014/11/24,12.33,12.40,12.20,12.29,17732807,446421120.00
2014/11/25,12.31,12.68,12.23,12.66,12416069,316685248.00
2014/11/26,12.69,12.93,12.59,12.77,9600763,250950592.00
2014/11/27,12.87,12.87,12.63,12.70,8107306,210728736.00
2014/11/28,12.72,12.76,12.29,12.41,16565977,422249312.00
2014/12/01,12.45,12.59,12.29,12.58,11056070,281133696.00
2014/12/02,12.61,12.87,12.58,12.81,12960831,337333600.00
2014/12/03,12.74,12.92,12.62,12.86,17525294,457832960.00
2014/12/04,12.88,13.31,12.88,13.05,21154548,566212928.00
2014/12/05,13.14,13.34,12.72,12.96,17815747,473669952.00
2014/12/08,12.94,12.96,12.62,12.77,14675946,382027680.00
2014/12/09,12.72,13.11,12.61,12.77,14136340,371412832.00
2014/12/10,12.89,13.44,12.89,13.38,19414245,523621280.00
2014/12/11,13.37,13.44,13.07,13.25,11849287,321005504.00
2014/12/12,13.34,13.41,13.16,13.26,8523320,231206528.00
2014/12/15,13.27,13.59,13.23,13.53,9969279,274002144.00
2014/12/16,13.54,13.54,13.22,13.32,7544614,205713408.00
2014/12/17,13.31,13.39,12.66,13.02,12386013,331684096.00
2014/12/18,12.97,13.11,12.75,12.77,9188205,242688160.00
2014/12/19,12.78,12.87,12.43,12.59,7828669,201732688.00
2014/12/22,12.52,12.54,12.17,12.24,10244461,256738096.00
2014/12/23,12.26,12.50,12.07,12.21,9544799,239628112.00
2014/12/24,12.23,12.40,12.14,12.38,5947425,149668976.00
2014/12/25,12.60,12.60,12.23,12.38,5862012,148218240.00
2014/12/26,12.38,12.41,12.26,12.35,6845157,172685776.00
2014/12/29,12.46,12.46,12.07,12.13,8714318,218589744.00
2014/12/30,12.08,12.60,12.08,12.54,13777964,351170848.00
2014/12/31,12.53,12.64,12.27,12.54,7533816,192236000.00
2015/01/05,12.54,12.93,12.37,12.77,14699220,380998656.00
2015/01/06,12.72,13.31,12.67,13.11,23400870,626463488.00
2015/01/07,13.09,13.35,13.03,13.26,14391940,388936480.00
2015/01/08,13.21,13.46,12.97,13.01,10640311,288014688.00
2015/01/09,13.02,13.39,12.82,12.89,10825598,290274688.00
2015/01/12,12.79,13.37,12.72,13.33,13608803,366838432.00
2015/01/13,13.33,13.77,13.31,13.57,13400639,372312096.00
2015/01/14,13.54,13.92,13.47,13.71,10116305,283221344.00
2015/01/15,13.77,13.97,13.57,13.71,10592440,297924192.00
2015/01/16,13.72,13.82,13.46,13.48,7469782,206991296.00
2015/01/19,13.47,14.36,13.28,14.03,26601818,761119808.00
2015/01/20,14.02,14.52,13.87,14.30,16955247,492506016.00
2015/01/21,14.62,14.93,14.32,14.72,21240259,636043456.00
2015/01/22,14.69,14.82,14.40,14.64,9079128,271132448.00
2015/01/23,14.64,14.72,14.21,14.30,10356400,303402944.00
2015/01/26,14.34,14.60,14.31,14.38,7898152,232694880.00
2015/01/27,14.42,14.87,14.38,14.84,11251359,336535328.00
2015/01/28,14.84,15.06,14.71,14.72,7443677,226077504.00
2015/01/29,14.60,14.73,14.14,14.35,8430567,246502064.00
2015/01/30,14.37,14.50,13.97,14.04,8218230,237568512.00
2015/02/02,14.02,14.39,13.74,14.23,7057853,203100992.00
2015/02/03,14.23,14.28,13.77,14.12,8550695,244622160.00
2015/02/04,14.02,14.02,13.59,13.72,12779597,358701408.00
2015/02/05,13.77,13.88,13.62,13.71,6538214,183439728.00
2015/02/06,13.71,13.90,13.64,13.72,5236930,147336992.00
2015/02/09,13.77,13.89,13.35,13.45,7541544,209257392.00
2015/02/10,13.43,13.56,13.32,13.45,5225466,143271520.00
2015/02/11,13.48,13.86,13.43,13.86,6494057,181552160.00
2015/02/12,13.77,13.95,13.72,13.95,3393223,95708744.00
2015/02/13,13.97,14.23,13.90,14.00,7001915,201321072.00
2015/02/16,14.11,14.11,13.89,14.02,5694938,162495184.00
2015/02/17,14.02,14.49,13.97,14.25,5997400,174299104.00
2015/02/25,14.38,14.46,14.12,14.37,6386940,186580736.00
2015/02/26,14.37,14.61,14.20,14.35,5622071,164486992.00
2015/02/27,14.35,14.60,14.27,14.59,7586439,222362896.00
2015/03/02,14.59,14.64,14.37,14.51,8218591,242981008.00
2015/03/03,14.47,14.47,13.94,14.00,15790918,456153152.00
2015/03/04,14.02,14.52,14.02,14.36,16327102,477445568.00
2015/03/05,14.32,14.71,14.22,14.58,11291718,333698592.00
2015/03/06,14.57,14.67,14.22,14.46,8178246,239792368.00
2015/03/09,14.44,14.90,14.19,14.89,14266324,423906208.00
2015/03/10,14.89,15.73,14.89,15.59,17922799,564339776.00
2015/03/11,15.60,15.71,15.22,15.35,6687974,209972688.00
2015/03/12,15.26,15.57,15.12,15.56,7058817,220199056.00
2015/03/13,15.66,15.79,15.36,15.71,8129435,258328864.00
2015/03/16,15.69,15.87,15.36,15.67,11469206,365917184.00
2015/03/17,16.04,16.16,15.42,15.69,15870099,511249280.00
2015/03/18,15.67,15.67,15.32,15.62,12913502,407221280.00
2015/03/19,15.47,15.65,15.29,15.48,9365785,295424320.00
2015/03/20,15.52,16.19,15.48,16.15,16095304,517158656.00
2015/03/23,16.22,16.66,16.22,16.52,15226194,510617952.00
2015/03/24,16.53,18.17,16.37,18.13,22582373,781364736.00
2015/03/25,17.16,17.69,17.02,17.26,22152375,777895104.00
2015/03/26,17.13,17.21,16.76,16.93,14168913,487786784.00
2015/03/27,16.87,17.08,16.75,16.94,8233662,283341024.00
2015/03/30,16.96,17.50,16.81,17.42,12867705,451615744.00
2015/03/31,17.44,17.87,17.04,17.65,10399426,369123968.00
2015/04/01,17.63,17.97,17.38,17.93,9828250,354625088.00
2015/04/02,18.22,18.34,17.24,17.39,18712103,667222336.00
2015/04/03,17.39,17.39,16.67,16.93,25981700,893411008.00
2015/04/07,16.88,17.18,16.78,17.15,24947946,860934400.00
2015/04/08,17.40,17.40,16.81,16.97,17471743,606021056.00
2015/04/09,16.97,16.97,16.07,16.41,16856062,562919808.00
2015/04/10,16.28,17.11,16.22,17.09,17711340,604947968.00
2015/04/13,17.08,18.13,16.88,17.64,24398936,865597504.00
2015/04/14,17.65,17.98,17.22,17.24,17183810,613816384.00
2015/04/15,17.24,17.24,15.50,16.37,12621626,427672832.00
2015/04/16,16.02,16.93,15.92,16.70,10317580,348192896.00
2015/04/17,16.73,16.86,16.27,16.42,13113219,441088576.00
2015/04/20,16.50,16.65,15.92,15.99,15004527,497462752.00
2015/04/21,16.03,16.50,15.95,16.49,13155911,436341440.00
2015/04/22,16.49,16.97,16.47,16.89,17832526,609439104.00
2015/04/23,16.96,17.07,16.76,16.91,16598152,571216256.00
2015/04/24,16.76,17.82,16.62,17.74,28231996,991366720.00
2015/04/27,19.42,19.55,18.39,18.65,36773930,1424117248.00
2015/04/28,18.74,18.96,18.03,18.43,22159608,826441728.00
2015/04/29,18.52,19.30,18.23,19.19,19312807,743437056.00
2015/04/30,19.19,19.42,18.67,18.70,11299737,434953248.00
2015/05/04,18.80,18.82,18.14,18.48,12784349,476648352.00
2015/05/05,18.37,18.37,17.72,17.87,11672207,428826880.00
2015/05/06,18.06,18.34,17.50,17.71,14397426,523984288.00
2015/05/07,17.72,18.22,17.52,17.72,11441057,414548480.00
2015/05/08,17.94,18.22,17.75,18.19,11091822,405849632.00
2015/05/11,18.26,18.76,18.01,18.60,16469961,615614720.00
2015/05/12,18.64,18.92,18.47,18.77,15262127,579722112.00
2015/05/13,18.77,20.12,18.51,19.78,21043015,831499968.00
2015/05/14,19.78,20.11,19.33,19.45,12562246,498834720.00
2015/05/15,19.41,19.41,18.72,18.91,11132951,430192928.00
2015/05/18,18.91,19.56,18.66,19.44,14347979,562406336.00
2015/05/19,19.44,20.15,19.17,20.05,15410222,616142208.00
2015/05/20,20.17,21.35,20.17,20.64,20077459,851633344.00
2015/05/21,20.89,22.49,20.72,21.83,18191676,800801472.00
2015/05/22,22.22,22.96,21.17,22.04,18137260,811048832.00
2015/05/25,21.72,23.46,21.54,23.04,17082287,787365376.00
2015/05/26,23.37,23.95,23.02,23.38,16780188,794600128.00
2015/05/27,23.81,23.82,22.84,23.62,15507832,730126976.00
2015/05/28,23.62,24.67,21.62,21.67,20764561,983503040.00
2015/05/29,22.04,22.79,21.29,22.53,16960496,762567680.00
2015/06/01,23.09,24.81,22.88,24.81,23816509,1166976256.00
2015/06/02,25.02,25.70,24.46,25.68,16619107,845005696.00
2015/06/09,23.67,25.06,23.08,23.37,27811300,1339514752.00
2015/06/10,23.47,24.46,23.34,23.86,17216004,835514944.00
2015/06/11,23.72,24.12,23.09,24.01,16704300,799163392.00
2015/06/12,24.72,26.41,24.72,25.72,28848425,1479211776.00
2015/06/15,25.57,25.58,24.52,24.85,16762299,846490560.00
2015/06/16,24.86,25.45,23.38,24.00,17417678,855306176.00
2015/06/17,23.73,24.21,22.22,24.01,14326818,679066240.00
2015/06/18,24.07,24.08,22.57,22.61,15111430,713771520.00
2015/06/19,22.47,22.96,20.51,20.81,10922609,483994528.00
2015/06/23,20.88,21.66,19.47,21.37,13170892,552668928.00
2015/06/24,21.52,21.97,20.91,21.59,13409408,585025344.00
2015/06/25,21.72,21.77,19.72,20.20,12139008,517455296.00
2015/06/26,19.72,19.72,18.15,18.15,23601730,889378944.00
2015/06/29,18.47,18.60,16.30,16.56,25531268,892205952.00
2015/06/30,16.72,18.24,15.72,18.24,28510632,1006926720.00
2015/07/01,18.27,19.44,18.05,18.18,26669293,1021177792.00
2015/07/02,18.17,18.27,16.38,16.73,21483055,759082048.00
2015/07/03,16.70,17.49,15.03,16.03,32087761,1048863488.00
2015/07/06,17.66,17.66,14.71,16.90,39923817,1346139008.00
2015/07/07,16.22,16.70,15.18,15.18,23202992,735353664.00
2015/07/08,13.63,14.48,13.63,13.63,82288530,2317416704.00
2015/07/09,12.97,15.02,12.97,15.02,21475439,637482112.00
2015/07/10,16.02,16.55,16.02,16.55,7361537,245005872.00
2015/07/13,18.24,18.24,17.39,18.24,23095391,848697984.00
2015/07/14,18.41,19.29,17.97,18.86,32104025,1218666240.00
2015/07/15,18.32,18.47,16.94,16.94,24256482,864003200.00
2015/07/16,16.94,18.29,16.41,17.83,20704608,734440768.00
2015/07/17,18.20,19.37,18.08,19.09,18429365,700208896.00
2015/07/20,19.12,19.60,18.62,18.91,19394915,750468032.00
2015/07/21,18.67,19.61,18.50,19.57,18545487,717061696.00
2015/07/22,19.64,20.01,19.27,19.83,18354835,365037600.00
2015/07/23,19.43,20.09,18.72,19.70,44510631,875162112.00
2015/07/24,19.80,19.98,18.59,18.84,42468916,829552064.00
2015/07/27,18.39,18.77,16.94,16.94,30309627,552179264.00
2015/07/28,16.57,17.19,15.23,16.15,57573344,929756736.00
2015/07/29,16.53,17.29,15.82,17.18,24233294,400342656.00
2015/07/30,16.89,17.44,15.82,16.20,24377644,417585984.00
2015/07/31,16.16,16.63,15.99,16.47,31353896,519711200.00
2015/08/03,16.19,17.99,15.69,17.97,41612331,707456448.00
2015/08/04,18.09,18.79,17.64,18.63,50366077,934848704.00
2015/08/05,18.59,19.56,18.18,18.50,40834663,778052096.00
2015/08/06,18.27,18.94,17.99,18.32,30637729,572918976.00
2015/08/07,18.45,18.78,18.39,18.72,35686259,671889152.00
2015/08/10,18.93,19.73,18.60,19.57,45280409,875788288.00
2015/08/11,19.67,19.68,18.85,19.15,35272088,686202624.00
2015/08/12,19.79,20.57,19.39,19.50,65873054,1320370048.00
2015/08/13,19.66,20.09,18.99,19.93,47768465,945557504.00
2015/08/14,20.24,21.47,20.09,20.67,64256785,1353061760.00
2015/08/17,20.76,22.76,20.75,22.73,68968966,1519644416.00
2015/08/18,23.09,23.59,20.44,20.44,82468171,1822131456.00
2015/08/19,19.04,21.19,18.48,20.87,57900796,1154395392.00
2015/08/20,20.54,20.86,19.25,19.30,36406379,738546496.00
2015/08/21,18.79,19.34,17.35,17.35,51611749,946722880.00
2015/08/24,16.09,16.72,15.59,15.60,63988059,1017911488.00
2015/08/25,14.59,16.07,14.03,14.25,66577801,1010042624.00
2015/08/26,14.64,15.52,14.29,14.80,50782761,767885120.00
2015/08/27,15.29,16.23,14.85,16.18,39647522,617654080.00
2015/08/28,16.42,17.60,16.25,17.13,48079597,813928640.00
2015/08/31,16.79,17.09,16.30,16.39,33020994,559229120.00
2015/09/01,16.62,16.66,15.23,15.28,31023271,495827840.00
2015/09/02,14.39,16.08,14.28,15.67,37671585,589923904.00
2015/09/07,16.09,16.73,14.90,15.85,43258080,693415488.00
2015/09/08,15.59,16.47,15.29,16.22,32255600,518289600.00
2015/09/09,16.39,16.92,15.50,16.01,109984697,1782682368.00
2015/09/10,15.57,16.11,15.44,15.68,34489745,550337728.00
2015/09/11,15.53,15.78,15.27,15.55,26614000,417822912.00
2015/09/14,15.60,15.71,14.00,14.42,44718296,664436672.00
2015/09/15,14.37,14.37,12.99,13.10,33246522,462033920.00
2015/09/16,13.44,14.43,13.19,14.35,36997307,515148288.00
2015/09/17,14.05,14.58,13.75,13.76,36170231,519487104.00
2015/09/18,13.97,14.20,13.74,13.91,19570538,276495648.00
2015/09/21,13.79,14.64,13.67,14.48,27259662,394692960.00
2015/09/22,14.69,15.49,14.60,15.02,45903679,704232128.00
2015/09/23,14.64,15.02,14.54,14.61,20990067,314574368.00
2015/09/24,14.79,14.99,14.63,14.76,14711329,220422880.00
2015/09/25,14.71,14.86,14.05,14.22,18263300,267843936.00
2015/09/28,14.24,14.86,14.11,14.68,14059486,207381392.00
2015/09/29,14.46,15.15,14.41,14.87,25576146,387209440.00
2015/09/30,14.84,15.17,14.70,14.88,18044107,272839072.00
2015/10/08,15.54,15.96,15.30,15.81,29095812,463295584.00
2015/10/09,15.66,16.36,15.61,16.31,36118405,585934336.00
2015/10/12,16.67,17.59,16.67,17.31,42028990,736332416.00
2015/10/13,17.09,17.75,16.99,17.33,35522260,627199680.00
2015/10/14,17.49,18.09,16.89,17.10,31944478,568210560.00
2015/10/15,17.79,18.83,17.79,18.65,48273060,902352768.00
2015/10/16,18.68,18.98,18.17,18.67,24590752,462798784.00
2015/10/19,19.29,19.55,18.20,18.41,34550782,657909696.00
2015/10/20,18.39,18.96,17.84,18.79,27191014,507504736.00
2015/10/21,18.78,18.78,17.37,17.55,34030696,623390464.00
2015/10/22,17.84,18.79,17.54,18.64,30891575,571657664.00
2015/10/23,19.19,20.19,18.86,18.92,54178371,1062534592.00
2015/10/26,19.27,19.31,18.54,18.93,38332184,732184512.00
2015/10/27,18.70,19.95,18.39,19.79,41393813,801852032.00
2015/10/28,19.72,20.21,19.09,19.25,27483428,544300288.00
2015/10/29,19.29,19.57,18.84,19.31,18958744,369398016.00
2015/10/30,19.48,19.95,18.94,19.55,24729235,488065760.00
2015/11/02,19.04,19.76,18.89,19.00,19296780,378200672.00
2015/11/03,19.08,19.18,18.24,18.42,19065141,358450368.00
2015/11/04,18.45,19.52,18.45,19.49,23821579,458875104.00
2015/11/05,19.49,19.84,18.89,18.94,31287413,612998464.00
2015/11/06,18.88,19.46,18.87,19.19,23495431,457572000.00
2015/11/09,19.00,19.39,18.81,18.90,51237494,987562752.00
2015/11/10,18.99,19.89,18.91,19.51,53930685,1061758720.00
2015/11/11,19.50,19.91,19.01,19.75,34895787,684864128.00
2015/11/12,19.80,20.29,19.32,19.47,29785128,593549376.00
2015/11/13,19.29,19.29,18.57,18.75,23302303,444972064.00
2015/11/16,18.39,18.89,18.22,18.86,16309743,306799328.00
2015/11/17,19.00,19.30,18.54,18.64,23610050,450975744.00
2015/11/18,18.64,18.74,17.94,18.04,23307903,429378560.00
2015/11/19,18.34,18.91,18.34,18.77,26550485,500409472.00
2015/11/20,19.10,19.44,18.86,19.04,30911855,597741312.00
2015/11/23,19.04,19.34,18.79,19.30,26859405,518105792.00
2015/11/24,19.37,19.39,18.95,19.30,19020801,369189792.00
2015/11/25,19.24,19.54,19.11,19.49,21236810,415654272.00
2015/11/26,19.60,20.23,19.57,19.77,33214428,669837440.00
2015/11/27,19.69,19.74,18.29,18.78,23341202,449889376.00
2015/11/30,18.78,18.79,17.80,18.50,23645696,436803680.00
2015/12/01,18.78,20.37,18.78,19.72,59314321,1188945408.00
2015/12/02,19.25,19.59,18.52,19.29,28000105,541206528.00
2015/12/03,19.35,21.24,19.19,21.04,53268827,1098520064.00
2015/12/04,20.80,21.72,20.72,20.93,39006736,831928640.00
2015/12/07,21.09,21.27,20.49,21.23,23976363,503822816.00
2015/12/08,21.30,21.32,20.40,20.44,23915104,502375072.00
2015/12/09,20.64,20.99,20.10,20.26,22719114,471542592.00
2015/12/10,20.09,20.45,19.68,19.93,19405602,392030336.00
2015/12/11,19.92,20.04,19.20,19.24,19486607,384946784.00
2015/12/14,18.91,19.83,18.90,19.82,14360136,282195296.00
2015/12/15,19.79,20.44,19.69,19.94,14061809,285143264.00
2015/12/16,20.15,20.89,20.15,20.52,27723260,578182656.00
2015/12/17,20.81,20.93,20.45,20.73,17683356,368811680.00
2015/12/18,20.78,21.29,20.60,20.72,17812468,375717376.00
2015/12/21,20.71,20.97,20.59,20.86,14193768,298009504.00
2015/12/22,21.00,21.16,20.29,20.75,19601020,407620928.00
2015/12/23,20.69,22.83,20.47,22.00,44751441,984646528.00
2015/12/24,21.74,22.11,21.26,21.98,17312354,378457376.00
2015/12/25,21.80,22.99,21.80,22.38,21553000,491403296.00
2015/12/28,23.07,23.07,21.49,21.59,25730332,574741696.00
2015/12/29,21.39,22.18,21.35,22.10,11564189,254067104.00
2015/12/30,22.10,22.53,21.89,22.17,13222364,296476224.00
2015/12/31,22.18,22.88,21.70,22.05,17431394,393445344.00
2016/01/04,22.06,22.13,19.85,19.87,14034125,299433952.00
2016/01/05,19.04,20.48,19.04,20.13,28194723,561645248.00
2016/01/06,19.99,20.52,19.79,20.46,14212413,290214784.00
2016/01/07,19.99,20.04,18.78,18.90,3537444,69218728.00
2016/01/08,19.39,19.78,18.29,19.54,19422193,378375456.00
2016/01/11,19.35,19.35,17.82,17.83,17672027,336001120.00
2016/01/12,18.14,18.29,17.59,17.99,10785702,196308880.00
2016/01/13,18.04,18.44,16.59,16.93,12742674,229727616.00
2016/01/14,16.39,18.19,16.29,18.04,14160963,247199712.00
2016/01/15,17.77,18.09,16.85,17.12,11509611,203407840.00
2016/01/18,16.79,18.05,16.79,17.70,9866970,176260928.00
2016/01/19,17.66,18.58,17.59,18.39,9314741,171270400.00
2016/01/20,18.84,19.16,17.99,18.51,14325367,270835584.00
2016/01/21,18.00,18.57,17.77,17.78,9732882,178237024.00
2016/01/22,17.94,18.26,17.29,17.68,7056343,125613096.00
2016/01/25,17.68,17.89,17.41,17.75,6261914,111883792.00
2016/01/26,17.47,17.61,16.09,16.31,15451251,261897904.00
2016/01/27,16.39,16.54,15.14,15.90,20375985,323567904.00
2016/01/28,15.66,16.19,15.45,15.52,10867236,173472624.00
2016/01/29,15.70,16.18,15.46,16.04,10622366,171809664.00
2016/02/01,16.19,16.73,15.91,16.68,14269991,237470496.00
2016/02/02,16.64,17.14,16.48,17.06,9277677,159126672.00
2016/02/03,16.82,17.31,16.57,17.17,8708344,150335344.00
2016/02/04,17.25,17.47,17.05,17.31,8596518,150179760.00
2016/02/05,17.30,17.33,17.04,17.15,5104026,88712344.00
2016/02/15,16.47,17.43,16.47,17.31,5049002,87431384.00
2016/02/16,17.48,18.02,17.31,17.86,10317557,185580096.00
2016/02/17,17.87,17.95,17.39,17.75,8056421,144058464.00
2016/02/18,17.70,18.04,17.67,17.81,8326566,150586976.00
2016/02/19,17.84,17.99,17.59,17.75,7177111,128866416.00
2016/02/22,17.79,18.08,17.59,17.95,9592045,173074480.00
2016/02/23,17.94,17.96,17.22,17.36,11705442,207038352.00
2016/02/24,17.43,17.56,16.67,17.12,11953866,206548832.00
2016/02/25,17.04,17.04,15.39,15.63,15937719,260681680.00
2016/02/26,15.82,15.98,15.07,15.84,16254257,257126528.00
2016/02/29,15.63,15.74,14.79,14.97,16859140,258915152.00
2016/03/01,14.97,15.28,14.39,15.08,12965017,195169584.00
2016/03/02,14.97,15.81,14.97,15.70,20578004,323092576.00
2016/03/03,15.74,15.94,15.51,15.74,14802923,235923456.00
2016/03/04,15.76,15.78,14.77,15.03,21892588,336074336.00
2016/03/07,15.14,15.54,15.03,15.36,15079921,233754848.00
2016/03/08,15.33,15.65,14.84,15.57,13563515,209578464.00
2016/03/09,15.39,15.64,15.10,15.27,9569271,149228288.00
2016/03/10,15.26,15.51,15.17,15.19,9905357,153865312.00
2016/03/11,15.09,15.24,15.01,15.15,6852090,104980456.00
2016/03/14,15.35,15.84,15.34,15.67,15390416,244025408.00
2016/03/15,15.67,16.13,15.58,16.10,18624815,298917920.00
2016/03/16,16.00,16.13,15.61,15.70,11368557,182547296.00
2016/03/17,15.78,16.19,15.72,16.18,14150967,229630160.00
2016/03/18,16.29,16.99,16.28,16.44,25417767,427219968.00
2016/03/21,16.74,16.96,16.60,16.87,19646848,333876032.00
2016/03/22,16.75,17.35,16.60,17.18,19177326,331579872.00
2016/03/23,17.33,17.48,16.82,17.13,15659322,270062688.00
2016/03/24,17.07,17.16,16.82,16.91,12333580,212200240.00
2016/03/25,16.89,17.01,16.47,16.79,20476413,346142752.00
2016/03/28,16.99,17.05,16.62,16.77,16957511,289302816.00
2016/03/29,16.74,16.84,16.13,16.43,16775813,279073984.00
2016/03/30,18.09,18.09,17.41,17.80,67601539,1221714176.00
2016/03/31,17.80,18.45,17.71,18.39,42973459,789994304.00
2016/04/01,18.29,18.29,17.77,17.99,22027481,400069184.00
2016/04/05,17.98,18.16,17.75,18.04,23637517,429379040.00
2016/04/06,17.99,17.99,17.41,17.65,32878675,586960384.00
2016/04/07,17.70,17.75,17.34,17.37,19086943,338493280.00
2016/04/08,17.29,17.54,17.09,17.24,12998350,227073792.00
2016/04/11,17.50,17.68,17.39,17.66,23152706,411377728.00
2016/04/12,17.64,17.76,17.16,17.30,16296103,287058784.00
2016/04/13,17.43,17.76,17.29,17.38,29688196,526504832.00
2016/04/14,17.45,17.50,17.25,17.47,16782878,295425920.00
2016/04/15,17.46,17.49,17.27,17.35,10710574,188085952.00
2016/04/18,17.30,17.30,16.77,16.88,19187714,327945152.00
2016/04/19,16.90,16.99,16.67,16.83,11632229,197801872.00
2016/04/20,16.84,16.87,15.58,15.99,28529378,467473728.00
2016/04/21,15.84,16.12,15.81,15.96,11562723,187713552.00
2016/04/22,15.96,16.13,15.86,16.10,7574044,122822824.00
2016/04/25,16.11,16.13,15.69,15.81,9109022,146083440.00
2016/04/26,15.79,16.12,15.77,16.07,7658562,124109512.00
2016/04/27,16.07,16.21,15.95,15.99,7444802,121488032.00
2016/04/28,15.99,16.09,15.59,15.89,7153380,114552280.00
2016/04/29,15.87,15.95,15.75,15.87,6200859,99639760.00
2016/05/03,15.94,16.39,15.82,16.33,13092147,214764976.00
2016/05/04,16.29,16.43,16.20,16.28,9256819,152886464.00
2016/05/05,16.24,16.35,16.14,16.28,5451781,89733032.00
2016/05/06,16.30,16.42,15.96,15.98,13671184,224150976.00
2016/05/09,15.88,15.88,15.24,15.33,13355457,208687776.00
2016/05/10,15.33,15.45,15.11,15.27,8542206,132416680.00
2016/05/11,15.34,15.89,15.17,15.57,15966301,252065856.00
2016/05/12,15.35,15.49,15.09,15.46,8474643,131736272.00
2016/05/13,15.37,15.54,15.21,15.30,4776635,74391040.00
2016/05/16,15.15,15.40,15.09,15.39,7457982,115006520.00
2016/05/17,15.43,15.65,15.34,15.60,11158700,175618160.00
2016/05/18,15.49,15.52,15.21,15.31,6158834,95722648.00
2016/05/19,15.40,15.69,15.28,15.51,10500927,165001776.00
2016/05/20,15.41,15.75,15.31,15.73,8999392,142083184.00
2016/05/23,15.73,15.95,15.64,15.75,8862808,141806624.00
2016/05/24,15.71,15.75,15.51,15.70,6041633,95575488.00
2016/05/25,15.89,15.98,15.49,15.59,7510629,119692664.00
2016/05/26,15.59,15.92,15.50,15.90,8385541,133412280.00
2016/05/27,15.97,16.11,15.81,16.02,9455086,153507424.00
2016/05/30,15.89,16.06,15.69,15.94,5006762,80640072.00
2016/05/31,15.85,16.40,15.85,16.39,16060220,264536512.00
2016/06/01,16.39,16.54,16.29,16.36,10606416,176369360.00
2016/06/02,16.39,16.39,16.09,16.22,12261117,201135248.00
2016/06/03,16.15,16.41,16.01,16.28,13331151,218899088.00
2016/06/06,16.27,16.72,16.24,16.55,15763489,264358352.00
2016/06/07,16.56,16.71,16.41,16.58,9376085,157353520.00
2016/06/08,16.59,16.59,16.18,16.33,9155542,151702944.00
2016/06/13,16.20,16.27,15.64,15.67,8255879,133839144.00
2016/06/14,15.67,15.79,15.39,15.51,7879181,124218408.00
2016/06/15,15.40,15.86,15.37,15.85,8182305,130236648.00
2016/06/16,15.89,15.89,15.57,15.60,6773374,107534016.00
2016/06/17,15.60,15.87,15.54,15.65,6016220,95693664.00
2016/06/20,15.60,15.95,15.60,15.82,8857023,141569824.00
2016/06/21,15.90,16.13,15.84,15.88,11255267,182447168.00
2016/06/22,15.88,16.03,15.84,16.02,6561491,105870360.00
2016/06/23,16.06,16.06,15.85,15.92,5363513,86522728.00
2016/06/24,15.89,16.03,15.44,15.75,8606133,137595488.00
2016/06/27,15.60,16.09,15.59,16.06,9657144,156133424.00
2016/06/28,15.99,16.47,15.95,16.39,13301249,219402208.00
2016/06/29,16.49,16.54,16.27,16.37,7408569,123140816.00
2016/06/30,16.50,16.84,16.46,16.56,12478913,210651488.00
2016/07/01,16.55,16.59,16.30,16.31,6520256,108375752.00
2016/07/04,16.24,16.61,16.20,16.53,8810742,147026640.00
2016/07/05,16.54,16.69,16.43,16.54,8748443,146688048.00
2016/07/06,16.45,16.72,16.28,16.68,11820808,198026144.00
2016/07/07,16.67,17.45,16.64,17.22,33216946,578774016.00
2016/07/08,17.24,17.32,16.91,16.98,14764235,254486672.00
2016/07/11,17.02,17.31,16.89,17.02,10918350,189035168.00
2016/07/12,17.19,17.51,16.99,17.48,17756354,310306560.00
2016/07/13,17.71,18.14,17.57,17.71,25506254,461038720.00
2016/07/14,17.62,17.62,17.35,17.45,10030239,177168960.00
2016/07/15,17.54,18.18,17.54,17.68,22378980,405305088.00
2016/07/18,17.87,18.16,17.68,18.01,22892727,416422240.00
2016/07/19,18.24,18.34,17.74,17.89,10121273,183261856.00
2016/07/20,17.90,18.25,17.64,17.66,14725900,267754912.00
2016/07/21,17.61,17.90,17.59,17.69,12158521,218182432.00
2016/07/22,17.73,17.79,17.20,17.28,10796952,189212400.00
2016/07/25,17.28,17.69,17.22,17.56,8237350,145408784.00
2016/07/26,17.43,17.83,17.43,17.83,8708059,155258928.00
2016/07/27,18.50,19.62,18.50,19.62,82334158,1611393280.00
2016/07/29,19.70,20.72,19.56,19.68,73701246,1488957184.00
2016/08/01,19.89,19.99,18.84,19.33,27009444,520424128.00
2016/08/02,19.19,19.49,18.89,19.22,17850187,344118560.00
2016/08/03,19.26,19.67,19.10,19.37,21408957,419241824.00
2016/08/04,19.24,19.35,18.91,19.21,10032831,193330240.00
2016/08/05,19.28,19.55,18.89,18.98,11049455,212895952.00
2016/08/08,18.79,19.19,18.56,19.06,12256506,232021440.00
2016/08/09,18.91,19.87,18.89,19.81,16318214,320271936.00
2016/08/10,19.69,19.85,19.33,19.48,12141701,239438448.00
2016/08/11,19.57,19.74,19.20,19.40,9726748,190436896.00
2016/08/12,19.25,19.55,19.15,19.45,7903825,153516288.00
2016/08/15,19.47,20.29,19.11,20.10,16942269,333593344.00
2016/08/16,20.04,20.47,19.82,19.93,11543325,232843440.00
2016/08/17,19.90,20.69,19.90,20.47,14720047,302312704.00
2016/08/18,20.28,20.87,20.19,20.39,11343226,234146800.00
2016/08/19,20.33,20.57,20.08,20.40,8185687,167401536.00
2016/08/22,20.44,21.45,20.44,21.10,18775245,398854816.00
2016/09/01,21.44,21.94,20.59,20.72,26288231,561834368.00
2016/09/02,20.61,21.08,20.39,20.83,14531684,301941984.00
2016/09/05,20.44,21.35,20.17,21.10,15228059,316047584.00
2016/09/06,21.09,21.12,20.59,20.80,10167099,212295328.00
2016/09/07,20.75,21.47,20.58,21.03,12727704,270481984.00
2016/09/08,20.79,21.19,20.54,20.71,8070818,168488736.00
2016/09/09,20.60,20.99,20.34,20.35,6059056,125127704.00
2016/09/12,19.94,20.15,19.49,20.12,12360388,246884560.00
2016/09/13,20.12,20.18,19.74,19.82,6830544,136638192.00
2016/09/14,19.88,19.98,19.63,19.69,5172241,102760904.00
2016/09/19,19.69,20.07,19.69,20.04,4295656,86240280.00
2016/09/20,20.01,20.27,19.90,20.22,4324256,87546664.00
2016/09/21,20.22,20.33,19.97,20.17,3091225,62554132.00
2016/09/22,20.19,20.39,20.11,20.25,3770847,76769304.00
2016/09/23,20.26,20.34,20.02,20.11,1962852,39775496.00
2016/09/26,20.11,20.11,19.40,19.54,6043537,119758088.00
2016/09/27,19.54,20.09,19.54,20.08,9294991,185217344.00
2016/09/28,20.24,20.46,19.87,20.33,7129005,144600400.00
2016/09/29,20.34,20.45,20.11,20.29,4726864,96521952.00
2016/09/30,20.29,20.67,20.24,20.48,4939892,101507280.00
2016/10/10,20.59,21.39,20.59,20.97,9127074,192709808.00
2016/10/11,20.92,20.98,20.41,20.78,12624520,262123888.00
2016/10/12,20.54,20.94,20.54,20.78,7800696,162916416.00
2016/10/13,20.66,21.14,20.66,20.92,9045133,190691328.00
2016/10/14,20.85,20.99,20.77,20.86,3476075,72988712.00
2016/10/17,20.71,21.42,20.69,20.96,10945961,233722240.00
2016/10/18,21.01,21.54,20.89,21.38,9793738,210020368.00
2016/10/19,21.39,21.57,21.11,21.19,5592812,119750112.00
2016/10/20,21.18,21.27,20.79,21.13,6433387,135882528.00
2016/10/21,21.01,21.16,20.66,20.79,5705040,119654584.00
2016/10/24,20.81,21.44,20.72,21.18,9585784,203877760.00
2016/10/25,21.14,21.27,20.70,20.99,10641324,224418000.00
2016/10/26,20.98,20.99,20.67,20.90,7453955,155799072.00
2016/10/27,20.88,20.97,20.20,20.37,9579238,197221520.00
2016/10/28,20.41,20.67,20.30,20.37,8144424,167751616.00
2016/10/31,20.27,20.53,20.05,20.37,15013911,306081568.00
2016/11/01,20.39,20.55,20.19,20.43,5944800,122175560.00
2016/11/02,20.48,20.88,20.34,20.53,10184469,210947424.00
2016/11/03,20.59,20.62,20.31,20.47,7134299,146760240.00
2016/11/04,20.49,20.53,19.90,20.14,10552928,213920720.00
2016/11/07,20.15,20.17,19.69,19.80,9022143,179995536.00
2016/11/08,19.90,20.55,19.84,20.45,10335296,211240896.00
2016/11/09,20.41,20.80,20.04,20.52,6563828,134971120.00
2016/11/10,20.52,20.73,20.36,20.37,5909918,122076008.00
2016/11/11,20.37,20.48,19.88,19.89,11207570,225712672.00
2016/11/14,19.94,20.19,19.80,19.93,8070683,161629968.00
2016/11/15,19.93,20.15,19.84,20.02,6576110,132157952.00
2016/11/16,20.04,20.14,19.98,20.04,5311687,107133344.00
2016/11/17,20.00,20.14,19.92,20.09,2908029,58538836.00
2016/11/18,20.05,20.34,20.05,20.08,4522521,91678120.00
2016/11/21,20.10,20.13,19.85,19.92,4815763,96553440.00
2016/11/22,20.02,20.21,19.80,20.00,9016248,181518048.00
2016/11/23,19.98,20.19,19.80,19.94,8382922,168148624.00
2016/11/24,19.89,19.99,19.77,19.83,7553133,150705552.00
2016/11/25,19.79,19.96,19.64,19.95,6697731,133601736.00
2016/11/28,20.00,20.23,19.95,20.08,8198646,165996928.00
2016/11/29,20.02,20.30,20.01,20.18,8934961,181110848.00
2016/11/30,20.19,20.20,19.88,19.96,6929555,139760480.00
2016/12/01,19.94,19.97,19.47,19.74,13539271,268720448.00
2016/12/02,19.67,19.78,19.59,19.70,6341398,125420528.00
2016/12/05,19.62,19.82,17.72,19.79,9818477,191890320.00
2016/12/06,19.60,19.81,19.59,19.70,6847604,135582496.00
2016/12/07,19.60,19.87,19.56,19.68,7226044,143150112.00
2016/12/08,19.60,19.78,19.24,19.32,10364251,202540304.00
2016/12/09,19.42,19.54,19.21,19.26,5602700,109318872.00
2016/12/12,19.28,19.36,18.63,19.01,14132900,268795392.00
2016/12/13,18.79,19.04,18.74,18.79,7872768,149730352.00
2016/12/14,18.85,18.93,18.61,18.66,4559861,85953696.00
2016/12/15,18.61,18.80,18.54,18.58,5433363,101887384.00
2016/12/16,18.73,19.12,18.66,19.07,10476055,200147264.00
2016/12/19,19.09,19.43,18.91,19.18,7430037,143880704.00
2016/12/20,19.17,19.43,19.09,19.22,6040263,117234368.00
2016/12/21,19.31,19.61,19.29,19.59,6153332,120490680.00
2016/12/22,19.68,19.74,19.50,19.57,3830924,75439944.00
2016/12/23,19.58,19.64,19.32,19.58,3799345,74347968.00
2016/12/26,19.39,19.60,19.06,19.52,4867937,94728608.00
2016/12/27,19.59,19.62,19.37,19.41,3336069,65384136.00
2016/12/28,19.40,19.40,19.01,19.31,5293600,102435232.00
2016/12/29,19.31,19.59,19.07,19.37,4703509,91559264.00
2016/12/30,19.37,19.99,19.29,19.84,7980513,158534928.00
2017/01/03,19.84,19.92,19.56,19.64,9267897,183359920.00
2017/01/04,19.61,19.84,19.58,19.70,7057462,139631120.00
2017/01/05,19.70,19.83,19.58,19.73,7174617,142332896.00
2017/01/06,19.66,19.81,19.52,19.63,5297490,104686968.00
2017/01/09,19.62,19.70,19.43,19.48,7538202,148039952.00
2017/01/10,19.45,19.67,19.40,19.53,4662575,91515976.00
2017/01/11,19.53,19.66,19.45,19.56,4227747,83134024.00
2017/01/12,19.49,19.57,19.07,19.34,4380401,85004752.00
2017/01/13,19.23,19.34,18.61,18.93,11802906,224996320.00
2017/01/16,18.73,19.33,18.61,19.22,11210392,213841168.00
2017/01/17,19.13,19.14,18.88,19.06,3617172,69260792.00
2017/01/18,19.06,19.13,18.89,18.90,2254725,43100736.00
2017/01/19,18.90,18.96,18.67,18.78,3782483,71475232.00
2017/01/20,18.71,19.06,18.71,18.86,5582025,105987016.00
2017/01/23,18.87,19.00,18.77,18.95,5050972,95959736.00
2017/01/24,18.89,18.96,18.79,18.95,3416066,64891780.00
2017/01/25,18.95,19.17,18.89,19.07,3422372,65530024.00
2017/01/26,19.12,19.33,19.08,19.30,4395577,85134680.00
2017/02/03,19.38,19.38,19.18,19.27,2384137,46163824.00
2017/02/06,19.23,19.47,19.20,19.33,2211765,43035856.00
2017/02/07,19.28,19.44,19.19,19.24,2290088,44418796.00
2017/02/08,19.21,19.31,19.07,19.29,4075333,78667808.00
2017/02/09,19.34,19.34,19.23,19.29,3011713,58378616.00
2017/02/10,19.27,19.34,18.88,18.98,10790805,206502768.00
2017/02/13,18.97,19.18,18.57,19.12,19080647,360010720.00
2017/02/14,19.09,19.19,18.95,19.12,7302897,140323680.00
2017/02/15,19.06,19.09,18.70,18.81,7164529,136165984.00
2017/02/16,18.79,18.83,18.63,18.74,5670755,106687240.00
2017/02/17,18.74,18.80,18.49,18.61,5826830,109286920.00
2017/02/20,18.58,18.83,18.44,18.80,10255844,191571952.00
2017/02/21,18.74,19.07,18.74,19.01,8497192,162051408.00
2017/02/22,18.98,19.14,18.96,19.02,5041269,96684416.00
2017/02/23,19.10,20.93,19.00,20.32,46362218,940242624.00
2017/02/24,20.99,21.27,20.42,20.58,34823258,728788864.00
2017/02/27,20.54,21.15,20.19,20.85,20614612,431919968.00
2017/02/28,20.60,21.01,20.39,20.57,9744841,202220576.00
2017/03/01,20.56,20.68,20.16,20.21,16864828,345423936.00
2017/03/02,20.21,20.47,20.09,20.17,7950648,162109792.00
2017/03/03,20.17,20.34,19.99,20.20,9654154,195600304.00
2017/03/06,20.17,20.46,20.17,20.28,10087292,206215776.00
2017/03/07,20.29,20.52,20.27,20.41,7024764,144127120.00
2017/03/08,20.38,20.99,20.29,20.66,10625205,221466912.00
2017/03/09,20.59,20.64,20.09,20.31,7896562,160980640.00
2017/03/10,20.28,20.35,20.11,20.24,5356115,108999952.00
2017/03/13,20.27,20.56,20.01,20.31,9968666,203958576.00
2017/03/14,20.39,20.43,20.10,20.31,8122057,164984240.00
2017/03/15,20.22,20.48,20.09,20.40,6725956,137484256.00
2017/03/16,20.45,20.55,20.26,20.37,5628901,115376920.00
2017/03/17,20.39,20.44,20.14,20.18,6459148,131757528.00
2017/03/20,20.04,20.18,19.87,20.03,8530214,171636816.00
2017/03/21,20.02,20.39,19.95,20.25,8563781,174054640.00
2017/03/22,20.22,21.18,20.14,21.08,22931168,479531648.00
2017/03/23,21.05,21.26,20.65,20.98,12042083,253991664.00
2017/03/24,21.00,21.27,20.77,20.90,13504043,284682496.00
2017/03/27,20.90,21.19,20.64,20.67,8909845,187216336.00
2017/03/28,20.61,20.75,20.45,20.66,6804336,140754128.00
2017/03/29,20.50,20.54,19.85,19.90,24601404,497299456.00
2017/03/30,19.81,19.95,19.39,19.79,10861527,214646512.00
2017/03/31,19.68,19.93,19.59,19.63,5650779,112144960.00
2017/04/05,19.62,19.92,19.59,19.83,6997300,139395328.00
2017/04/06,19.84,20.25,19.84,20.24,8069351,163347616.00
2017/04/07,20.24,20.27,19.99,20.17,6246636,126568208.00
2017/04/10,20.16,20.16,19.64,19.85,9403701,188339952.00
2017/04/11,19.85,20.04,19.50,19.70,9447193,186849568.00
2017/04/12,19.66,19.97,19.61,19.91,6448909,128276608.00
2017/04/13,19.87,20.11,19.70,20.01,8118653,162962352.00
2017/04/14,20.11,20.11,19.80,19.98,4972736,99554336.00
2017/04/17,20.02,20.03,19.54,19.66,6808487,134772928.00
2017/04/18,19.67,20.15,19.65,19.78,9364802,187368160.00
2017/04/19,19.77,20.05,19.67,20.01,7184274,143945008.00
2017/04/20,20.01,20.64,19.89,20.31,14020001,286598208.00
2017/04/21,20.47,20.49,19.87,20.40,11196050,227413456.00
2017/04/24,20.29,20.56,19.91,20.54,10774419,219493776.00
2017/04/25,20.43,20.58,20.19,20.38,6663534,136631712.00
2017/04/26,20.34,20.47,20.14,20.16,5740957,117238776.00
2017/04/27,20.13,20.21,19.74,20.11,7142417,143441152.00
2017/04/28,20.09,20.11,19.84,19.89,6102647,122323672.00
2017/05/02,19.80,20.11,19.80,20.09,3426153,68797336.00
2017/05/03,20.01,20.07,19.84,19.91,5170341,103457664.00
2017/05/04,19.91,20.20,19.79,20.02,6476804,130584592.00
2017/05/05,20.03,20.23,19.84,20.14,5678158,114499728.00
2017/05/08,20.18,20.51,20.04,20.23,10000229,204515552.00
2017/05/09,20.18,20.18,19.79,19.92,7543321,151155760.00
2017/05/10,19.90,20.01,19.52,19.81,7959653,158110496.00
2017/05/11,19.63,19.98,19.21,19.87,11246057,221767232.00
2017/05/12,19.69,19.88,19.55,19.59,5227313,103636080.00
2017/05/15,19.54,19.96,19.50,19.69,3445508,68579784.00
2017/05/16,19.71,20.47,19.65,20.37,9384913,189877808.00
2017/05/17,20.37,20.56,20.24,20.35,5756041,117850152.00
2017/05/18,20.37,20.46,20.19,20.38,7898684,161826864.00
2017/05/19,20.31,20.34,19.95,20.04,6006440,121701960.00
2017/05/22,19.91,20.67,19.91,20.56,10534174,215935072.00
2017/05/23,20.56,21.21,20.41,20.85,13640183,284824896.00
2017/05/24,20.74,20.98,20.19,20.97,10395646,215047136.00
2017/05/31,21.39,21.39,18.86,19.27,58022791,1133361920.00
2017/06/01,18.99,19.49,18.64,19.44,30931240,593566144.00
2017/06/02,19.24,19.24,18.74,18.78,21150803,401421280.00
2017/06/05,18.77,19.01,18.65,18.82,10373113,197132464.00
2017/06/06,18.77,18.96,18.47,18.62,15510412,290652128.00
2017/06/07,18.61,18.98,18.56,18.89,17059657,322716800.00
2017/06/08,18.88,19.29,18.82,19.24,15387675,293824224.00
2017/06/09,19.25,19.25,18.96,18.99,12511589,240103328.00
2017/06/12,18.95,19.16,18.78,18.92,14015474,267187936.00
2017/06/13,19.13,19.59,19.13,19.36,29292759,569213952.00
2017/06/14,19.25,19.29,19.03,19.12,9360250,179841840.00
2017/06/15,19.15,19.23,19.02,19.19,8690453,167256192.00
2017/06/16,19.25,19.25,19.06,19.14,6245470,119435976.00
2017/06/19,19.15,19.18,18.92,19.08,9854393,187429184.00
2017/06/20,19.08,19.23,19.06,19.09,8536601,163448976.00
2017/06/21,19.14,19.15,19.01,19.14,6935106,132373200.00
2017/06/22,19.12,19.28,19.04,19.21,15398748,295529408.00
2017/06/23,19.10,19.15,18.91,19.07,13642807,259083312.00
2017/06/26,19.04,19.31,18.85,19.26,14990278,285798176.00
2017/06/27,19.25,19.25,18.95,19.09,13915766,265445472.00
2017/06/28,19.41,19.69,19.26,19.39,26716674,520224224.00
2017/06/29,19.40,19.74,19.33,19.66,14040749,274446240.00
2017/06/30,19.60,19.68,19.51,19.62,6303224,123449520.00
2017/07/03,19.60,19.87,19.50,19.60,9100434,178708960.00
2017/07/04,19.60,19.66,19.44,19.48,6455009,125944656.00
2017/07/05,19.41,19.54,19.29,19.48,11677112,226418080.00
2017/07/06,19.49,19.49,18.98,19.15,12934350,248272864.00
2017/07/07,19.12,19.12,18.97,19.02,11204395,213052496.00
2017/07/10,19.02,19.07,18.86,18.89,9793388,185573424.00
2017/07/11,18.90,18.98,18.84,18.85,7115500,134436384.00
2017/07/12,18.81,18.92,18.50,18.85,10369396,194082416.00
2017/07/13,18.88,18.98,18.82,18.92,7087862,134115376.00
2017/07/14,18.87,19.04,18.80,18.88,4585927,86724512.00
2017/07/17,18.87,18.87,18.19,18.25,8897067,164188272.00
2017/07/18,18.25,18.40,17.86,18.18,14205613,256105360.00
2017/07/19,18.15,18.18,17.91,18.17,13029187,234529872.00
2017/07/20,18.17,18.32,18.06,18.19,11278157,205133952.00
2017/07/21,18.18,18.36,18.08,18.24,5158422,94115304.00
2017/07/24,18.18,18.46,18.18,18.31,4506773,82714112.00
2017/07/25,18.34,18.40,18.20,18.30,3611600,66102436.00
2017/07/26,18.30,18.30,18.00,18.08,5220519,94468792.00
2017/07/27,18.00,18.33,18.00,18.26,5608615,102089704.00
2017/07/28,18.35,18.68,18.28,18.60,7747100,143649232.00
2017/08/02,18.55,18.55,18.55,18.55,0,0.00
数据来源:通达信
