600280 中央商场 日线 前复权
      日期	    开盘	    最高	    最低	    收盘	    成交量	    成交额
2010/10/08,3.54,3.64,3.54,3.61,422688,13295001.00
2010/10/11,3.63,3.63,3.33,3.42,1947409,58854960.00
2010/10/12,3.42,3.49,3.31,3.45,1050864,31680668.00
2010/10/13,3.43,3.46,3.34,3.40,1264177,37511488.00
2010/10/14,3.33,3.41,3.09,3.10,2271963,63573288.00
2010/10/15,3.04,3.14,3.02,3.06,1378670,37573312.00
2010/10/19,3.02,3.20,2.98,3.15,1060410,29361112.00
2010/10/20,3.05,3.33,3.04,3.20,1312605,37375404.00
2010/10/21,3.25,3.25,3.17,3.19,907608,25675662.00
2010/10/22,3.20,3.23,3.10,3.16,959359,26685284.00
2010/10/25,3.11,3.27,3.10,3.26,834356,23541568.00
2010/10/26,3.28,3.29,3.22,3.27,921861,26380100.00
2010/10/27,3.25,3.34,3.25,3.32,770389,22516024.00
2010/10/28,3.34,3.36,3.25,3.32,678859,19754156.00
2010/10/29,3.29,3.30,3.24,3.25,497893,14317278.00
2010/11/01,3.22,3.30,3.18,3.29,838844,23946144.00
2010/11/02,3.38,3.38,3.25,3.25,693047,20147576.00
2010/11/03,3.25,3.37,3.19,3.33,1035488,29951076.00
2010/11/04,3.37,3.41,3.28,3.31,638129,18597560.00
2010/11/05,3.33,3.35,3.25,3.27,647365,18773180.00
2010/11/08,3.30,3.30,3.23,3.28,1676290,48357760.00
2010/11/09,3.29,3.39,3.26,3.38,1132569,33248128.00
2010/11/10,3.40,3.50,3.37,3.45,1350349,41037632.00
2010/11/11,3.42,3.45,3.30,3.36,732287,21860188.00
2010/11/12,3.35,3.39,3.22,3.28,944970,27402180.00
2010/11/15,3.27,3.60,3.10,3.50,1433723,41991112.00
2010/11/16,3.45,3.54,3.29,3.38,1240387,37723852.00
2010/11/17,3.34,3.44,3.23,3.35,347750,10198132.00
2010/11/18,3.35,3.41,3.30,3.37,266201,7906334.00
2010/11/19,3.31,3.48,3.30,3.45,646634,19353454.00
2010/11/22,3.46,3.54,3.42,3.50,693261,21212832.00
2010/11/23,3.46,3.51,3.35,3.41,284734,8546704.00
2010/11/24,3.37,3.43,3.32,3.43,399141,11838125.00
2010/11/25,3.43,3.50,3.41,3.47,389912,11833863.00
2010/11/26,3.47,3.49,3.39,3.41,227826,6841074.00
2010/11/29,3.45,3.54,3.36,3.50,443438,13523916.00
2010/11/30,3.52,3.69,3.40,3.64,1283879,40202864.00
2010/12/01,3.65,3.65,3.50,3.56,385596,12103348.00
2010/12/02,3.63,3.64,3.51,3.55,339007,10532235.00
2010/12/03,3.55,3.55,3.46,3.47,287433,8813544.00
2010/12/06,3.48,3.49,3.32,3.48,648724,19400284.00
2010/12/07,3.47,3.51,3.34,3.48,246132,7454417.00
2010/12/08,3.47,3.50,3.41,3.49,276868,8370066.00
2010/12/09,3.46,3.46,3.40,3.43,332573,10000517.00
2010/12/10,3.30,3.45,3.30,3.37,296136,8832820.00
2010/12/13,3.36,3.42,3.35,3.39,345522,10233212.00
2010/12/14,3.39,3.47,3.35,3.36,502022,14846344.00
2010/12/15,3.35,3.35,3.30,3.31,660716,19298104.00
2010/12/16,3.29,3.32,3.29,3.29,544559,15860561.00
2010/12/17,3.29,3.34,3.29,3.33,540682,15796281.00
2010/12/20,3.33,3.36,3.21,3.25,395174,11473662.00
2010/12/21,3.29,3.29,3.20,3.23,385071,11000200.00
2010/12/22,3.24,3.24,3.17,3.18,570762,16115400.00
2010/12/23,3.17,3.18,3.10,3.15,384051,10653367.00
2010/12/24,3.15,3.15,3.11,3.12,358060,9884777.00
2010/12/27,3.10,3.14,3.00,3.02,316194,8614096.00
2010/12/28,2.99,3.03,2.82,3.02,736466,19463096.00
2010/12/29,3.01,3.03,2.96,3.00,271751,7210920.00
2010/12/30,3.00,3.11,2.93,3.04,265001,7041009.00
2010/12/31,3.04,3.19,2.98,3.12,766170,20946784.00
2011/01/04,3.04,3.15,3.04,3.07,416864,11434451.00
2011/01/05,3.08,3.08,2.98,2.99,583459,15612622.00
2011/01/06,2.99,3.03,2.92,2.98,542594,14296466.00
2011/01/07,2.92,3.02,2.92,3.00,194622,5147725.00
2011/01/10,3.00,3.00,2.94,2.95,206459,5433653.00
2011/01/11,2.92,2.95,2.92,2.94,139603,3651064.00
2011/01/12,2.94,2.96,2.92,2.95,166989,4376918.00
2011/01/13,2.95,2.98,2.93,2.96,176464,4639020.00
2011/01/14,2.96,2.96,2.84,2.84,351243,9012155.00
2011/01/17,2.84,2.84,2.77,2.79,203087,5084865.00
2011/01/18,2.71,2.83,2.71,2.80,139159,3485155.00
2011/01/19,2.81,2.85,2.76,2.83,176804,4435556.00
2011/01/20,2.85,2.85,2.58,2.59,475431,11559857.00
2011/01/21,2.59,2.63,2.54,2.59,166233,3895957.00
2011/01/24,2.60,2.63,2.42,2.50,586408,13329622.00
2011/01/25,2.42,2.48,2.39,2.43,775619,17104260.00
2011/01/26,2.47,2.48,2.39,2.45,538855,11870833.00
2011/01/27,2.45,2.45,2.38,2.44,1112390,24442528.00
2011/01/28,2.44,2.51,2.37,2.51,1834831,40722768.00
2011/01/31,2.48,2.55,2.47,2.51,769324,17465688.00
2011/02/01,2.51,2.51,2.39,2.46,1219746,26965380.00
2011/02/09,2.42,2.45,2.37,2.38,620855,13628364.00
2011/02/10,2.36,2.47,2.36,2.46,856097,18917556.00
2011/02/11,2.46,2.56,2.46,2.54,1446840,33145952.00
2011/02/14,2.60,2.63,2.55,2.62,1904535,44668608.00
2011/02/15,2.62,2.62,2.55,2.58,2346390,54581208.00
2011/02/16,2.57,2.62,2.56,2.61,1264494,29585422.00
2011/02/17,2.62,2.68,2.59,2.62,819367,19391464.00
2011/02/18,2.64,2.64,2.57,2.60,688884,16129877.00
2011/02/22,2.64,2.67,2.53,2.53,1242886,29004772.00
2011/02/23,2.49,2.55,2.49,2.55,560371,12796593.00
2011/02/24,2.54,2.55,2.49,2.52,461511,10539726.00
2011/02/25,2.52,2.67,2.51,2.64,882124,20753032.00
2011/02/28,2.64,2.79,2.62,2.69,1113060,26913328.00
2011/03/01,2.69,2.75,2.66,2.71,826530,19981872.00
2011/03/02,2.69,2.73,2.64,2.72,632647,15292750.00
2011/03/03,2.72,2.74,2.63,2.65,554740,13343988.00
2011/03/04,2.65,2.82,2.65,2.79,2864116,71202848.00
2011/03/07,2.79,2.87,2.79,2.85,1643411,41747704.00
2011/03/08,2.88,2.88,2.77,2.85,1099627,27557488.00
2011/03/09,2.85,2.88,2.77,2.82,744541,18744138.00
2011/03/10,2.82,2.82,2.75,2.75,722986,17981180.00
2011/03/11,2.76,2.76,2.69,2.74,630534,15429685.00
2011/03/14,2.74,2.79,2.71,2.79,723220,17830748.00
2011/03/15,2.78,2.78,2.67,2.71,445344,10847588.00
2011/03/16,2.75,2.75,2.67,2.73,662044,16084801.00
2011/03/17,2.71,2.71,2.59,2.65,672145,16019687.00
2011/03/18,2.62,2.65,2.56,2.61,957685,22321434.00
2011/03/21,2.60,2.60,2.56,2.59,372459,8657191.00
2011/03/22,2.59,2.65,2.56,2.64,537261,12621725.00
2011/03/23,2.64,2.64,2.60,2.63,230579,5454050.00
2011/03/24,2.64,2.67,2.62,2.64,379780,9057458.00
2011/03/25,2.63,2.64,2.57,2.63,681476,15998906.00
2011/03/28,2.63,2.70,2.57,2.64,2202404,52165828.00
2011/03/29,2.64,2.64,2.56,2.58,1688324,39657776.00
2011/03/30,2.52,2.57,2.51,2.51,1634431,37427508.00
2011/03/31,2.52,2.58,2.40,2.44,587726,13048885.00
2011/04/01,2.43,2.65,2.43,2.61,753284,17361056.00
2011/04/06,2.60,2.63,2.48,2.62,1149965,26579900.00
2011/04/07,2.58,2.69,2.56,2.68,1385665,32822600.00
2011/04/08,2.67,2.75,2.67,2.73,1019730,24955092.00
2011/04/11,2.79,2.79,2.65,2.70,602483,14646981.00
2011/04/12,2.68,2.71,2.59,2.62,723041,17149280.00
2011/04/13,2.60,2.74,2.59,2.73,818527,19619916.00
2011/04/14,2.73,2.74,2.70,2.71,279070,6814115.00
2011/04/15,2.71,2.72,2.65,2.67,458480,11063923.00
2011/04/18,2.66,2.72,2.63,2.71,365740,8870008.00
2011/04/19,2.70,2.75,2.67,2.72,401872,9756062.00
2011/04/20,2.72,2.83,2.67,2.82,1357119,33991320.00
2011/04/21,2.80,2.97,2.80,2.90,1753390,45602752.00
2011/04/22,2.94,2.94,2.81,2.87,490990,12654161.00
2011/04/25,2.85,3.04,2.82,2.98,2414644,64244564.00
2011/04/26,2.95,3.08,2.93,3.06,1064819,28666812.00
2011/04/27,3.07,3.07,3.01,3.05,895668,24177832.00
2011/04/28,3.04,3.05,2.83,2.84,745215,19339656.00
2011/04/29,2.78,2.89,2.76,2.87,326398,8294989.00
2011/05/03,2.83,2.93,2.82,2.92,278440,7142959.00
2011/05/04,2.92,2.92,2.87,2.90,171435,4426680.00
2011/05/05,2.91,3.00,2.88,2.98,416567,10878524.00
2011/05/06,2.98,3.04,2.94,3.00,505026,13525950.00
2011/05/09,3.01,3.01,2.82,2.91,271708,7145444.00
2011/05/10,2.87,2.91,2.87,2.90,172197,4429619.00
2011/05/11,2.89,3.00,2.83,2.99,475414,12286796.00
2011/05/12,2.96,3.02,2.93,2.94,216517,5737322.00
2011/05/13,2.92,2.99,2.89,2.90,269859,7026935.00
2011/05/17,2.87,2.89,2.81,2.83,395772,10056292.00
2011/05/18,2.79,2.85,2.75,2.85,294751,7392852.00
2011/05/19,2.83,2.87,2.83,2.83,137433,3495122.00
2011/05/20,2.84,2.85,2.78,2.81,165332,4176260.00
2011/05/23,2.71,2.81,2.71,2.74,150002,3708351.00
2011/05/24,2.72,2.75,2.61,2.75,222791,5361032.00
2011/05/25,2.75,2.75,2.62,2.64,179862,4350685.00
2011/05/26,2.64,2.71,2.63,2.68,305006,7306113.00
2011/05/27,2.64,2.74,2.54,2.70,202753,4858417.00
2011/05/30,2.63,2.68,2.55,2.62,294716,6982302.00
2011/05/31,2.62,2.65,2.52,2.62,489066,11383026.00
2011/06/01,2.61,2.61,2.53,2.58,355928,8258329.00
2011/06/02,2.56,2.58,2.49,2.58,192965,4450025.00
2011/06/03,2.55,2.64,2.55,2.62,171857,4042433.00
2011/06/07,2.60,2.67,2.56,2.65,89011,2107502.00
2011/06/08,2.61,2.65,2.60,2.62,245080,5775561.00
2011/06/09,2.63,2.72,2.61,2.71,332422,7948395.00
2011/06/10,2.71,2.74,2.57,2.67,341818,8156513.00
2011/06/13,2.52,2.69,2.50,2.67,158131,3753810.00
2011/06/14,2.67,2.69,2.65,2.67,390554,9380527.00
2011/06/15,2.61,2.72,2.61,2.65,137000,3282486.00
2011/06/16,2.64,2.65,2.62,2.64,63100,1500501.00
2011/06/17,2.61,2.64,2.60,2.60,41632,981526.00
2011/06/20,2.59,2.64,2.52,2.60,89702,2083459.00
2011/06/21,2.55,2.60,2.55,2.59,250201,5864594.00
2011/06/22,2.62,2.65,2.58,2.59,179211,4220641.00
2011/06/23,2.55,2.65,2.55,2.63,320241,7579786.00
2011/06/24,2.58,2.70,2.58,2.70,433068,10374982.00
2011/06/27,2.64,2.87,2.64,2.78,1184226,29311732.00
2011/06/28,2.75,2.87,2.75,2.80,432616,10874697.00
2011/06/29,2.74,2.87,2.74,2.81,1170651,29553860.00
2011/06/30,2.85,3.07,2.85,3.04,1227621,32379880.00
2011/07/01,3.02,3.05,2.98,3.00,572685,15385786.00
2011/07/04,3.03,3.09,3.00,3.07,563256,15238943.00
2011/07/05,3.06,3.09,3.01,3.03,394820,10632091.00
2011/07/06,3.02,3.02,2.94,2.99,201101,5347463.00
2011/07/07,2.99,3.06,2.95,3.06,664928,17670866.00
2011/07/08,3.03,3.05,2.93,3.02,158801,4249773.00
2011/07/11,2.98,3.04,2.98,3.01,144355,3862726.00
2011/07/12,3.00,3.06,2.96,3.05,158534,4233229.00
2011/07/13,3.05,3.19,3.05,3.17,459210,12750926.00
2011/07/14,3.14,3.18,3.14,3.17,193248,5356186.00
2011/07/15,3.04,3.21,3.04,3.17,146360,4068807.00
2011/07/18,3.13,3.31,3.13,3.28,369755,10636319.00
2011/07/19,3.27,3.31,3.15,3.29,755135,21249096.00
2011/07/20,3.31,3.31,3.17,3.24,246220,7018654.00
2011/07/21,3.19,3.27,3.19,3.23,434301,12361221.00
2011/07/22,3.23,3.29,3.15,3.19,243700,6915877.00
2011/07/25,3.19,3.25,3.05,3.09,306320,8444284.00
2011/07/26,3.06,3.14,3.05,3.12,172111,4718829.00
2011/07/27,3.07,3.15,3.07,3.13,86902,2383012.00
2011/07/28,3.15,3.16,3.07,3.14,113602,3139044.00
2011/07/29,3.18,3.18,3.11,3.13,86619,2406828.00
2011/08/01,3.11,3.17,3.11,3.14,96036,2648798.00
2011/08/02,3.09,3.15,3.06,3.14,190077,5230876.00
2011/08/03,3.10,3.23,3.10,3.22,158931,4452341.00
2011/08/04,3.25,3.27,3.19,3.26,119777,3411550.00
2011/08/05,2.90,3.27,2.90,3.26,361632,10186771.00
2011/08/08,3.19,3.26,3.13,3.18,521971,14615096.00
2011/08/09,2.92,3.16,2.89,3.10,176226,4766786.00
2011/08/10,3.09,3.18,3.09,3.11,161359,4463355.00
2011/08/11,3.06,3.26,2.99,3.24,203187,5686782.00
2011/08/12,3.24,3.28,3.20,3.21,254092,7221475.00
2011/08/15,3.26,3.26,3.12,3.16,308237,8551516.00
2011/08/16,3.14,3.16,3.07,3.07,252369,6889059.00
2011/08/17,3.06,3.10,3.01,3.10,157843,4254397.00
2011/08/18,3.09,3.10,2.97,3.08,265558,7073932.00
2011/08/19,3.03,3.11,2.99,3.07,210014,5672667.00
2011/08/22,3.10,3.11,3.00,3.02,177982,4773605.00
2011/08/23,3.00,3.10,3.00,3.07,291657,7842035.00
2011/08/24,3.07,3.10,3.06,3.08,185396,5023204.00
2011/08/25,3.05,3.09,3.05,3.08,258104,6998288.00
2011/08/26,3.09,3.21,3.08,3.13,311679,8645890.00
2011/08/29,3.11,3.19,3.11,3.18,257865,7162968.00
2011/08/30,3.21,3.26,3.15,3.23,533649,15189951.00
2011/08/31,3.25,3.25,3.16,3.19,113590,3188757.00
2011/09/01,3.24,3.24,3.15,3.15,57234,1597411.00
2011/09/02,3.15,3.22,3.04,3.22,311313,8514384.00
2011/09/05,3.16,3.22,3.15,3.21,306192,8540174.00
2011/09/06,3.16,3.18,3.06,3.12,310081,8551194.00
2011/09/07,3.12,3.15,3.07,3.14,69900,1924473.00
2011/09/08,3.13,3.24,3.13,3.22,141824,3961613.00
2011/09/09,3.23,3.31,3.18,3.19,167380,4737872.00
2011/09/13,3.18,3.24,3.08,3.13,129412,3571483.00
2011/09/14,3.13,3.16,3.10,3.16,79792,2195145.00
2011/09/15,3.18,3.20,3.15,3.19,179621,5024020.00
2011/09/16,3.20,3.24,3.14,3.16,134417,3757325.00
2011/09/19,3.15,3.17,3.13,3.13,111951,3098425.00
2011/09/20,3.17,3.19,3.14,3.17,80131,2231809.00
2011/09/21,3.17,3.30,3.17,3.26,234086,6635799.00
2011/09/22,3.23,3.31,3.23,3.26,1258654,35979076.00
2011/09/23,3.27,3.27,3.06,3.11,356144,9897385.00
2011/09/26,3.03,3.09,2.92,2.93,353779,9317480.00
2011/09/27,2.89,3.03,2.78,3.00,473245,12036293.00
2011/09/28,2.99,3.04,2.92,3.02,146493,3835286.00
2011/09/29,2.97,2.99,2.83,2.87,136558,3489942.00
2011/09/30,2.86,2.89,2.79,2.87,107595,2720256.00
2011/10/10,2.85,2.86,2.81,2.83,125869,3187079.00
2011/10/11,2.89,2.90,2.67,2.81,161680,4040485.00
2011/10/12,2.76,2.94,2.72,2.86,151300,3837121.00
2011/10/13,2.86,2.86,2.81,2.85,169387,4290925.00
2011/10/14,2.85,2.85,2.82,2.82,52505,1320985.00
2011/10/17,2.78,2.83,2.78,2.83,56255,1409697.00
2011/10/18,2.82,2.86,2.82,2.83,255432,6436614.00
2011/10/19,2.81,2.85,2.81,2.81,36700,922216.00
2011/10/20,2.78,2.84,2.78,2.80,95159,2379881.00
2011/10/21,2.70,2.80,2.68,2.74,170633,4151170.00
2011/10/24,2.58,2.76,2.58,2.74,312111,7495667.00
2011/10/25,2.73,2.87,2.56,2.85,342275,8316469.00
2011/10/26,2.87,3.06,2.87,3.03,583903,15376242.00
2011/10/27,3.02,3.09,3.01,3.04,279965,7532528.00
2011/10/28,3.01,3.06,3.00,3.04,126800,3405960.00
2011/10/31,2.96,3.05,2.96,3.04,65498,1746509.00
2011/11/01,2.98,3.05,2.98,3.05,109996,2942123.00
2011/11/02,2.95,3.18,2.95,3.18,258860,7119120.00
2011/11/03,3.25,3.25,3.14,3.22,190042,5331321.00
2011/11/04,3.22,3.25,3.15,3.20,40386,1129924.00
2011/11/07,3.23,3.30,3.16,3.28,278543,7946839.00
2011/11/08,3.21,3.31,3.20,3.31,132435,3811258.00
2011/11/09,3.32,3.33,3.26,3.33,195137,5645280.00
2011/11/10,3.32,3.37,3.29,3.32,324807,9438757.00
2011/11/14,3.34,3.36,3.23,3.35,222782,6449440.00
2011/11/15,3.37,3.37,3.27,3.31,266582,7719599.00
2011/11/16,3.32,3.33,3.24,3.31,141557,4072572.00
2011/11/17,3.30,3.33,3.26,3.31,60061,1732304.00
2011/11/18,3.30,3.31,3.26,3.30,71200,2051454.00
2011/11/21,3.29,3.33,3.28,3.31,186711,5410417.00
2011/11/22,3.31,3.31,3.25,3.28,53400,1533668.00
2011/11/23,3.32,3.32,3.22,3.28,112700,3232250.00
2011/11/24,3.28,3.28,3.15,3.27,77953,2206688.00
2011/11/25,3.21,3.27,3.19,3.23,50501,1427823.00
2011/11/28,3.17,3.31,3.16,3.27,207856,5924605.00
2011/11/29,3.30,3.31,3.19,3.28,128384,3647583.00
2011/11/30,3.23,3.26,3.13,3.21,56900,1600312.00
2011/12/01,3.29,3.31,3.22,3.26,372210,10647553.00
2011/12/02,3.26,3.26,3.16,3.21,52590,1480817.00
2011/12/05,3.15,3.16,2.97,3.08,238968,6466591.00
2011/12/06,2.99,3.07,2.96,3.04,137410,3639517.00
2011/12/07,3.00,3.06,3.00,3.03,27350,729202.00
2011/12/08,3.04,3.10,3.00,3.00,258491,6973174.00
2011/12/09,3.05,3.05,2.96,3.03,415400,11131120.00
2011/12/12,3.04,3.07,3.01,3.01,69099,1860540.00
2011/12/13,2.90,3.10,2.78,3.05,574445,15158185.00
2011/12/14,2.99,3.02,2.91,2.96,197307,5178214.00
2011/12/15,2.96,2.96,2.84,2.92,44800,1161767.00
2011/12/16,2.83,3.14,2.83,3.13,154277,4125344.00
2011/12/19,3.12,3.13,3.00,3.12,47125,1279472.00
2011/12/20,3.12,3.12,3.04,3.07,39099,1060989.00
2011/12/21,3.10,3.18,3.04,3.09,121290,3307123.00
2011/12/22,3.09,3.12,2.94,3.10,137708,3698357.00
2011/12/23,3.07,3.11,2.81,3.08,55980,1495143.00
2011/12/26,3.08,3.08,3.01,3.03,40680,1092952.00
2011/12/27,3.03,3.03,2.89,2.90,149624,3866562.00
2011/12/28,2.90,2.93,2.79,2.79,128291,3230339.00
2011/12/29,2.83,2.83,2.71,2.81,233810,5771391.00
2011/12/30,2.83,2.97,2.80,2.81,725748,18244908.00
2012/01/04,2.81,2.82,2.67,2.71,232450,5632839.00
2012/01/05,2.66,2.79,2.52,2.54,292171,6869964.00
2012/01/06,2.54,2.57,2.49,2.54,23879,543093.00
2012/01/09,2.55,2.67,2.47,2.64,296501,6872407.00
2012/01/10,2.62,2.71,2.58,2.67,270200,6431475.00
2012/01/11,2.69,2.70,2.65,2.69,316900,7594159.00
2012/01/12,2.64,2.70,2.62,2.69,283315,6782655.00
2012/01/13,2.71,2.71,2.54,2.62,261650,6074864.00
2012/01/16,2.50,2.59,2.50,2.56,50678,1167005.00
2012/01/17,2.50,2.66,2.46,2.61,436792,10029227.00
2012/01/18,2.58,2.61,2.49,2.49,193140,4421126.00
2012/01/19,2.45,2.53,2.41,2.50,278469,6157764.00
2012/01/20,2.44,2.56,2.44,2.51,147526,3323640.00
2012/01/30,2.52,2.56,2.47,2.53,157812,3572320.00
2012/01/31,2.53,2.54,2.47,2.52,106200,2379682.00
2012/02/01,2.47,2.55,2.47,2.52,86104,1945194.00
2012/02/02,2.52,2.60,2.52,2.58,404622,9280550.00
2012/02/03,2.52,2.69,2.52,2.68,470666,11079307.00
2012/02/06,2.65,2.75,2.65,2.70,325438,7881747.00
2012/02/07,2.70,2.70,2.66,2.69,78401,1879473.00
2012/02/08,2.69,2.71,2.67,2.70,149224,3579369.00
2012/02/09,2.70,2.75,2.69,2.75,345649,8444557.00
2012/02/10,2.75,2.77,2.72,2.73,62900,1538899.00
2012/02/13,2.69,2.77,2.69,2.72,125600,3060624.00
2012/02/14,2.73,2.75,2.70,2.74,64702,1574876.00
2012/02/15,2.75,2.77,2.72,2.75,152611,3745569.00
2012/02/16,2.76,2.85,2.76,2.81,229549,5755250.00
2012/02/17,2.79,2.84,2.76,2.81,186900,4667356.00
2012/02/27,3.12,3.12,3.11,3.12,1278363,35166916.00
2012/02/28,3.18,3.37,3.12,3.30,2673527,75844848.00
2012/02/29,3.30,3.35,3.19,3.24,1780943,50946044.00
2012/03/01,3.22,3.30,3.19,3.21,572881,16277984.00
2012/03/02,3.21,3.24,3.19,3.24,576615,16202241.00
2012/03/05,3.24,3.24,3.19,3.21,223123,6282572.00
2012/03/06,3.19,3.22,3.16,3.18,328295,9190860.00
2012/03/07,3.13,3.22,3.13,3.19,214413,6039919.00
2012/03/08,3.18,3.21,3.15,3.21,196297,5499894.00
2012/03/09,3.19,3.23,3.19,3.22,213903,6037564.00
2012/03/12,3.22,3.34,3.21,3.29,924442,26744784.00
2012/03/13,3.31,3.36,3.25,3.35,381289,11102669.00
2012/03/14,3.35,3.56,3.28,3.37,1199219,36186096.00
2012/03/15,3.37,3.62,3.33,3.55,935134,28577884.00
2012/03/16,3.56,3.60,3.45,3.59,254783,7801352.00
2012/03/19,3.53,3.58,3.41,3.52,431441,13151963.00
2012/03/20,3.44,3.52,3.44,3.46,204999,6224118.00
2012/03/21,3.50,3.52,3.38,3.44,188314,5670515.00
2012/03/22,3.45,3.60,3.45,3.51,545777,16706070.00
2012/03/23,3.62,3.62,3.22,3.37,390003,11813702.00
2012/03/26,3.26,3.43,3.25,3.40,134483,3943668.00
2012/03/27,3.40,3.41,3.30,3.39,118710,3480164.00
2012/03/28,3.34,3.40,3.29,3.37,184621,5366173.00
2012/03/29,3.39,3.39,3.22,3.28,120376,3440716.00
2012/03/30,3.27,3.34,3.19,3.32,97890,2777222.00
2012/04/05,3.29,3.37,3.24,3.35,102851,2988611.00
2012/04/06,3.35,3.36,3.29,3.33,62158,1802613.00
2012/04/09,3.27,3.36,3.27,3.33,115363,3352384.00
2012/04/10,3.34,3.41,3.24,3.41,261232,7530256.00
2012/04/11,3.40,3.45,3.36,3.44,92296,2757355.00
2012/04/12,3.42,3.50,3.37,3.45,218688,6579638.00
2012/04/13,3.46,3.46,3.33,3.45,115386,3444694.00
2012/04/16,3.45,3.53,3.34,3.42,241075,7170335.00
2012/04/17,3.40,3.40,3.29,3.31,142153,4141908.00
2012/04/18,3.33,3.41,3.29,3.36,137034,4018573.00
2012/04/19,3.32,3.36,3.31,3.36,57670,1684588.00
2012/04/20,3.31,3.32,3.19,3.22,415627,11753541.00
2012/04/23,3.16,3.18,3.12,3.17,140232,3895121.00
2012/04/24,3.12,3.18,3.11,3.17,140935,3903431.00
2012/04/25,3.16,3.24,3.15,3.23,143237,4045911.00
2012/04/26,3.22,3.25,3.16,3.18,131199,3675546.00
2012/04/27,3.21,3.21,3.12,3.16,87926,2440703.00
2012/05/02,3.21,3.21,3.09,3.12,470162,12861530.00
2012/05/03,3.10,3.15,3.06,3.14,227300,6203572.00
2012/05/04,3.12,3.16,3.09,3.15,133608,3701281.00
2012/05/07,3.15,3.20,3.10,3.19,166775,4653917.00
2012/05/08,3.20,3.25,3.18,3.24,122978,3475854.00
2012/05/09,3.21,3.26,3.16,3.16,169889,4784349.00
2012/05/10,3.15,3.18,3.07,3.14,89104,2455315.00
2012/05/14,3.14,3.24,3.12,3.21,353314,9812605.00
2012/05/15,3.19,3.23,3.19,3.23,306820,8651144.00
2012/05/16,3.23,3.39,3.23,3.30,1235006,35985176.00
2012/05/17,3.30,3.32,3.25,3.29,310335,8904451.00
2012/05/18,3.27,3.29,3.17,3.19,323685,9215028.00
2012/05/21,3.16,3.22,3.12,3.16,229135,6347622.00
2012/05/22,3.14,3.17,3.13,3.15,376500,10430051.00
2012/05/23,3.17,3.17,3.10,3.10,721652,19817300.00
2012/05/24,3.09,3.14,3.09,3.10,645531,17719656.00
2012/05/25,3.09,3.10,3.09,3.10,252755,6891774.00
2012/05/28,3.07,3.09,3.04,3.05,821930,22144622.00
2012/05/29,3.05,3.08,3.05,3.08,1048262,28284350.00
2012/05/30,3.11,3.11,3.00,3.05,409222,11020884.00
2012/05/31,3.06,3.09,3.05,3.08,666976,18035358.00
2012/06/01,3.07,3.21,3.07,3.19,581670,16143951.00
2012/06/05,3.20,3.54,3.07,3.34,638954,18603232.00
2012/06/06,3.34,3.43,3.23,3.31,289741,8435188.00
2012/06/07,3.37,3.49,3.37,3.47,651685,19589836.00
2012/06/08,3.48,3.52,3.41,3.50,405497,12300427.00
2012/06/11,3.50,3.62,3.42,3.51,592681,17987764.00
2012/06/12,3.51,3.66,3.51,3.64,1003012,31663778.00
2012/06/13,3.61,3.68,3.58,3.66,234084,7445110.00
2012/06/14,3.66,3.69,3.60,3.65,267549,8481684.00
2012/06/15,3.65,3.67,3.62,3.65,185558,5856901.00
2012/06/18,3.65,3.84,3.64,3.82,245265,8003482.00
2012/06/19,3.82,3.85,3.75,3.77,89032,2917195.00
2012/06/20,3.79,3.79,3.59,3.70,186368,6017812.00
2012/06/21,3.68,3.75,3.63,3.75,122660,3912639.00
2012/06/25,3.72,3.72,3.65,3.67,62801,2006334.00
2012/06/26,3.66,3.71,3.65,3.66,61350,1954860.00
2012/06/27,3.63,3.75,3.63,3.63,97500,3110952.00
2012/06/28,3.63,3.65,3.49,3.57,249139,7791794.00
2012/06/29,3.53,3.64,3.53,3.62,93824,2931358.00
2012/07/02,3.71,3.75,3.62,3.63,86695,2746810.00
2012/07/03,3.59,3.70,3.59,3.69,136900,4343345.00
2012/07/04,3.66,3.75,3.52,3.69,141936,4524317.00
2012/07/05,3.63,3.71,3.62,3.70,76238,2408801.00
2012/07/06,3.67,3.70,3.60,3.70,146622,4616097.00
2012/07/09,3.63,3.67,3.46,3.57,531659,16287098.00
2012/07/10,3.55,3.55,3.19,3.19,828505,23414880.00
2012/07/11,3.12,3.26,3.08,3.23,336554,9329796.00
2012/07/12,3.22,3.23,3.11,3.19,301101,8357031.00
2012/07/13,3.19,3.21,3.14,3.17,114440,3159583.00
2012/07/16,3.13,3.13,2.91,3.08,274818,7292007.00
2012/07/17,2.97,3.08,2.94,2.99,259823,6888867.00
2012/07/18,2.97,2.97,2.77,2.82,489817,12304186.00
2012/07/19,2.81,3.02,2.77,3.01,666707,17159796.00
2012/07/20,3.06,3.06,2.93,2.96,266496,6956234.00
2012/07/23,2.96,2.98,2.91,2.97,53002,1376516.00
2012/07/24,2.97,3.27,2.97,3.12,607040,16778282.00
2012/07/25,3.10,3.17,2.99,3.16,555325,15012377.00
2012/07/26,3.14,3.15,3.07,3.11,182342,4968856.00
2012/07/27,3.10,3.10,3.00,3.02,60470,1612655.00
2012/07/30,3.03,3.04,2.83,2.95,87528,2272255.00
2012/07/31,2.95,2.98,2.89,2.96,53021,1370015.00
2012/08/01,2.93,3.02,2.92,3.01,82050,2161515.00
2012/08/02,3.01,3.03,2.95,3.02,55584,1451108.00
2012/08/03,3.01,3.24,2.97,3.18,230352,6343693.00
2012/08/06,3.15,3.18,3.03,3.16,170877,4660111.00
2012/08/07,3.16,3.16,3.08,3.13,74648,2028848.00
2012/08/08,3.10,3.16,3.07,3.15,131443,3601551.00
2012/08/09,3.09,3.15,3.08,3.13,198023,5393244.00
2012/08/10,3.21,3.46,3.13,3.44,982401,27998484.00
2012/08/13,3.44,3.49,3.34,3.35,612338,18197236.00
2012/08/14,3.36,3.39,3.15,3.26,878454,24826480.00
2012/08/15,3.27,3.31,3.17,3.28,208008,5917870.00
2012/08/16,3.28,3.32,3.17,3.19,114129,3224297.00
2012/08/17,3.17,3.22,3.08,3.13,246647,6736171.00
2012/08/20,3.19,3.19,3.09,3.14,68896,1888525.00
2012/08/21,3.11,3.37,3.09,3.32,1034712,29578760.00
2012/08/22,3.32,3.40,3.32,3.36,534736,15665088.00
2012/08/23,3.33,3.39,3.29,3.35,216872,6348016.00
2012/08/24,3.36,3.43,3.33,3.36,308752,9022417.00
2012/08/27,3.35,3.35,3.30,3.31,536952,15505293.00
2012/08/28,3.32,3.33,3.27,3.32,375112,10804056.00
2012/08/29,3.34,3.41,3.31,3.39,351474,10256184.00
2012/08/30,3.34,3.43,3.28,3.37,533043,15583160.00
2012/08/31,3.38,3.40,3.29,3.35,156644,4576295.00
2012/09/03,3.29,3.39,3.29,3.39,58653,1716109.00
2012/09/04,3.33,3.38,3.22,3.26,836969,23812262.00
2012/09/05,3.22,3.26,3.12,3.25,840847,23212656.00
2012/09/06,3.26,3.26,3.20,3.23,172402,4840556.00
2012/09/07,3.22,3.31,3.21,3.30,276227,7905839.00
2012/09/10,3.34,3.66,3.34,3.66,2038596,62376952.00
2012/09/11,3.71,3.71,3.56,3.59,624391,19570784.00
2012/09/12,3.62,3.62,3.53,3.62,644296,19950264.00
2012/09/13,3.60,3.71,3.59,3.65,261112,8256576.00
2012/09/14,3.59,3.68,3.58,3.63,157375,4915774.00
2012/09/17,3.62,3.71,3.54,3.64,584828,18449368.00
2012/09/18,3.64,3.76,3.64,3.70,487513,15591522.00
2012/09/19,3.75,4.08,3.75,4.01,814487,27880362.00
2012/09/20,4.02,4.11,3.96,4.07,580919,20190820.00
2012/09/21,4.04,4.48,3.96,4.28,1172783,42824464.00
2012/09/24,4.19,4.31,4.05,4.21,417077,15037470.00
2012/09/25,4.13,4.19,3.97,4.04,474385,16458398.00
2012/09/26,4.03,4.19,3.99,4.03,619038,21632794.00
2012/09/27,4.00,4.09,3.88,4.03,591355,20226672.00
2012/09/28,3.96,4.21,3.93,4.20,427867,14877698.00
2012/10/08,4.21,4.24,3.99,4.15,196284,6949833.00
2012/10/09,4.14,4.19,4.09,4.16,377968,13391935.00
2012/10/10,4.13,4.13,3.99,4.05,429387,14904636.00
2012/10/11,4.03,4.06,3.93,4.01,582890,19973892.00
2012/10/12,4.04,4.21,4.01,4.18,465382,16510125.00
2012/10/15,4.19,4.21,4.04,4.09,257786,9082756.00
2012/10/16,4.09,4.09,4.01,4.02,295349,10253577.00
2012/10/17,4.02,4.07,3.94,4.02,262758,9051680.00
2012/10/18,4.02,4.05,3.99,4.00,240390,8283841.00
2012/10/19,3.96,4.02,3.89,3.91,324989,11082952.00
2012/10/22,3.93,3.93,3.78,3.83,443809,14657143.00
2012/10/23,3.78,3.94,3.77,3.91,287372,9640445.00
2012/10/24,3.92,3.99,3.87,3.92,214291,7259732.00
2012/10/25,3.92,3.98,3.81,3.81,129405,4306929.00
2012/10/26,3.76,3.79,3.67,3.71,134092,4311410.00
2012/10/29,3.64,3.77,3.62,3.73,439689,13926045.00
2012/10/30,3.74,3.74,3.64,3.70,153100,4888213.00
2012/10/31,3.65,3.77,3.65,3.75,53589,1730396.00
2012/11/01,3.73,3.81,3.71,3.74,216187,7015015.00
2012/11/02,3.75,3.83,3.75,3.82,227218,7431313.00
2012/11/05,3.83,3.89,3.76,3.85,169185,5612757.00
2012/11/06,3.85,3.85,3.76,3.79,81976,2679889.00
2012/11/07,3.75,3.81,3.71,3.79,63385,2050474.00
2012/11/08,3.71,3.79,3.71,3.75,105437,3396731.00
2012/11/09,3.67,3.75,3.66,3.74,189440,6045836.00
2012/11/12,3.71,3.75,3.67,3.70,81700,2611079.00
2012/11/13,3.68,3.70,3.56,3.64,176159,5536126.00
2012/11/14,3.58,3.89,3.58,3.84,493346,15913213.00
2012/11/15,3.84,3.88,3.72,3.76,106050,3459223.00
2012/11/16,3.73,3.77,3.68,3.71,115729,3713468.00
2012/11/19,3.71,3.77,3.66,3.73,83812,2682186.00
2012/11/20,3.77,3.77,3.71,3.73,30090,966215.00
2012/11/21,3.71,3.74,3.60,3.70,255022,8077763.00
2012/11/22,3.68,3.68,3.62,3.67,363227,11441394.00
2012/11/23,3.64,3.64,3.53,3.59,429835,13415767.00
2012/11/26,3.64,3.65,3.59,3.63,727559,22773376.00
2012/11/27,3.58,3.62,3.54,3.54,383550,11897879.00
2012/11/28,3.52,3.54,3.41,3.44,222630,6715630.00
2012/11/29,3.44,3.46,3.42,3.43,157484,4693741.00
2012/11/30,3.49,3.49,3.42,3.48,181946,5426538.00
2012/12/03,3.48,3.48,3.35,3.43,106585,3168138.00
2012/12/04,3.37,3.45,3.36,3.43,87813,2597102.00
2012/12/05,3.45,3.52,3.42,3.43,962996,28935528.00
2012/12/06,3.45,3.54,3.44,3.53,392223,11840972.00
2012/12/07,3.52,3.76,3.44,3.73,506167,15913860.00
2012/12/10,3.72,3.85,3.64,3.76,242457,7772646.00
2012/12/11,3.70,3.76,3.70,3.72,145838,4701317.00
2012/12/12,3.68,3.82,3.46,3.81,156117,5036025.00
2012/12/13,3.81,3.88,3.76,3.85,395276,13066081.00
2012/12/14,3.84,3.94,3.79,3.94,410166,13707269.00
2012/12/17,3.94,3.95,3.83,3.89,250202,8359886.00
2012/12/18,3.88,4.02,3.78,3.79,289100,9769277.00
2012/12/19,3.74,3.81,3.68,3.74,386434,12370445.00
2012/12/20,3.70,3.76,3.68,3.74,258741,8307421.00
2012/12/21,3.71,3.81,3.71,3.81,276000,8966192.00
2012/12/24,3.86,4.00,3.86,3.96,421135,14274630.00
2012/12/25,3.96,4.09,3.86,4.08,562342,19289288.00
2012/12/26,4.05,4.13,4.02,4.11,426080,14919170.00
2012/12/27,4.09,4.13,3.99,4.10,365921,12717991.00
2012/12/28,4.04,4.14,4.03,4.13,371971,13038701.00
2012/12/31,4.08,4.21,4.00,4.18,743799,26204242.00
2013/01/04,4.22,4.22,4.03,4.05,263644,9229970.00
2013/01/07,4.01,4.02,3.89,3.94,870513,29360864.00
2013/01/08,3.92,3.96,3.86,3.95,427924,14406425.00
2013/01/09,3.90,4.03,3.90,3.99,402686,13799072.00
2013/01/10,4.00,4.02,3.97,4.00,240464,8258476.00
2013/01/11,3.95,3.98,3.88,3.91,278250,9418160.00
2013/01/14,3.90,4.00,3.83,3.96,930263,31205564.00
2013/01/15,3.91,3.93,3.84,3.89,809704,27026376.00
2013/01/16,3.88,3.99,3.86,3.99,1050574,35394904.00
2013/01/17,3.99,4.08,3.91,3.93,747278,25611836.00
2013/01/18,3.87,3.98,3.87,3.91,433839,14591818.00
2013/01/21,3.95,3.98,3.85,3.92,898499,30328528.00
2013/01/22,3.91,3.97,3.90,3.96,678497,23010790.00
2013/01/23,3.95,3.97,3.87,3.90,526284,17730216.00
2013/01/24,3.90,3.94,3.68,3.70,991151,32463652.00
2013/01/25,3.69,3.72,3.61,3.62,532692,16756811.00
2013/01/28,3.63,3.70,3.62,3.69,454950,14333124.00
2013/01/29,3.69,3.77,3.66,3.73,311798,10032449.00
2013/01/30,3.72,3.76,3.64,3.66,765230,24486540.00
2013/01/31,3.66,3.67,3.54,3.60,583543,18210848.00
2013/02/01,3.56,3.64,3.54,3.61,597737,18635738.00
2013/02/04,3.61,3.64,3.52,3.60,621888,19224852.00
2013/02/05,3.70,3.70,3.57,3.61,444848,13896646.00
2013/02/06,3.63,3.68,3.59,3.68,754149,23686864.00
2013/02/07,3.68,3.70,3.65,3.68,387994,12299747.00
2013/02/08,3.64,3.70,3.64,3.70,552089,17538758.00
2013/02/18,3.71,3.83,3.68,3.81,717913,23303276.00
2013/02/19,3.75,3.89,3.75,3.81,627167,20753948.00
2013/02/20,3.80,3.89,3.80,3.87,368235,12252472.00
2013/02/21,3.87,3.94,3.81,3.83,701640,23291228.00
2013/02/22,3.86,3.90,3.79,3.89,479338,15938790.00
2013/02/25,3.89,3.94,3.82,3.87,355265,11839616.00
2013/02/26,3.81,3.87,3.81,3.85,259615,8580460.00
2013/02/27,3.84,4.02,3.83,3.98,373550,12557570.00
2013/02/28,4.02,4.02,3.92,4.00,497451,16987796.00
2013/03/01,3.98,4.27,3.98,4.21,919507,32692476.00
2013/03/04,4.17,4.32,4.02,4.08,567337,20310380.00
2013/03/05,4.08,4.46,4.06,4.41,1150145,42260632.00
2013/03/06,4.42,4.88,4.41,4.77,1384372,55941124.00
2013/03/07,4.84,4.84,4.70,4.77,621373,25129308.00
2013/03/08,4.74,4.81,4.55,4.66,955688,37736948.00
2013/03/11,4.58,4.66,4.56,4.58,528560,20796804.00
2013/03/12,4.58,4.89,4.58,4.87,742284,30037870.00
2013/03/13,4.89,4.89,4.67,4.69,534921,21436088.00
2013/03/14,4.68,4.70,4.59,4.66,274315,10861692.00
2013/03/15,4.65,4.75,4.60,4.68,297096,11832903.00
2013/03/18,4.68,5.08,4.68,5.08,1182540,49270872.00
2013/03/19,5.09,5.25,5.01,5.13,640619,27734712.00
2013/03/20,5.13,5.27,5.08,5.18,481124,20998344.00
2013/03/21,5.21,5.31,5.09,5.28,775096,34248812.00
2013/03/22,5.26,5.33,5.22,5.28,397331,17727680.00
2013/03/25,5.29,5.33,5.08,5.21,623094,27397392.00
2013/03/26,5.13,5.26,5.13,5.20,319392,14017342.00
2013/03/27,5.17,5.52,5.17,5.35,318908,14280042.00
2013/03/28,5.36,5.36,5.10,5.27,323165,14324945.00
2013/03/29,5.23,5.30,5.02,5.17,596827,26027716.00
2013/04/01,5.14,5.16,5.02,5.07,421791,18075914.00
2013/04/02,5.06,5.11,4.93,4.93,409829,17438968.00
2013/04/03,4.92,4.92,4.66,4.68,939519,37951376.00
2013/04/08,4.62,4.87,4.58,4.82,629327,25452012.00
2013/04/09,4.82,5.00,4.82,4.91,287804,11880963.00
2013/04/10,4.91,5.00,4.91,4.95,164466,6905177.00
2013/04/11,4.94,5.39,4.94,5.29,729619,31778688.00
2013/04/12,5.29,5.46,5.29,5.32,679201,30696560.00
2013/04/15,5.32,5.32,4.99,5.13,1341819,58456392.00
2013/04/16,4.98,5.11,4.91,5.02,308478,13052314.00
2013/04/17,5.04,5.07,4.99,5.02,255533,10883795.00
2013/04/18,5.04,5.04,4.83,4.85,539244,22471122.00
2013/04/19,4.77,4.88,4.71,4.87,1270292,51928988.00
2013/04/22,4.87,4.87,4.68,4.77,979043,39663104.00
2013/04/23,4.71,4.80,4.68,4.73,359379,14451569.00
2013/04/24,4.73,4.87,4.70,4.83,519932,21201306.00
2013/04/25,4.85,4.85,4.31,4.41,1822085,69177400.00
2013/04/26,4.33,4.33,4.08,4.31,1076833,38883364.00
2013/05/02,4.26,4.67,4.21,4.66,1303077,50142632.00
2013/05/03,4.61,4.87,4.60,4.87,1235610,50542108.00
2013/05/06,4.91,4.92,4.72,4.74,813420,32946264.00
2013/05/07,4.71,4.74,4.70,4.73,377403,15157433.00
2013/05/08,4.73,4.74,4.59,4.66,443914,17553444.00
2013/05/09,4.75,4.86,4.67,4.71,1098291,44426552.00
2013/05/10,4.73,4.83,4.69,4.75,420810,17049788.00
2013/05/13,4.75,5.25,4.75,5.25,1849921,79411616.00
2013/05/14,5.22,5.32,5.07,5.20,979558,43317216.00
2013/05/15,5.20,5.27,5.14,5.25,740189,32785584.00
2013/05/16,5.31,5.71,5.20,5.64,1656691,76077688.00
2013/05/17,5.58,5.92,5.55,5.89,1630327,78636832.00
2013/05/20,5.84,6.03,5.75,5.87,1264508,62873856.00
2013/05/21,5.81,5.90,5.75,5.84,954437,46835072.00
2013/05/22,5.96,6.45,5.96,6.45,2105060,56316984.00
2013/05/23,6.69,6.80,6.13,6.22,7001617,186254048.00
2013/05/24,6.21,6.35,5.99,6.34,3580386,91183680.00
2013/05/27,6.25,6.33,6.17,6.20,2372846,61768304.00
2013/05/28,6.18,6.53,6.05,6.37,3434791,91412064.00
2013/05/29,6.26,6.48,6.15,6.32,2825029,74749560.00
2013/05/30,6.24,6.96,6.23,6.85,3583238,98377232.00
2013/05/31,6.85,7.22,6.80,7.11,4501059,131181816.00
2013/06/03,7.08,7.16,6.73,6.81,3155016,90802864.00
2013/06/04,6.73,6.81,6.44,6.59,2223610,60970312.00
2013/06/05,6.50,6.81,6.50,6.66,1320755,36713112.00
2013/06/06,6.59,6.64,6.29,6.32,1723696,45957900.00
2013/06/07,6.31,6.45,6.25,6.35,1303860,34633712.00
2013/06/13,6.20,6.35,5.73,6.09,1386249,35009516.00
2013/06/14,6.10,6.25,6.03,6.20,1152126,29638880.00
2013/06/17,6.23,6.38,5.98,6.36,1708849,44197684.00
2013/06/18,6.38,6.47,6.27,6.34,1121768,29708076.00
2013/06/19,6.33,6.33,6.06,6.22,813130,20984532.00
2013/06/20,6.20,6.20,5.63,5.65,1441432,35696340.00
2013/06/21,5.47,5.84,5.42,5.62,1557324,36841028.00
2013/06/24,5.49,5.65,5.03,5.04,1860293,41050024.00
2013/06/25,4.88,5.56,4.83,5.47,2833162,61479140.00
2013/06/26,5.43,5.64,5.41,5.58,1446300,33633844.00
2013/06/27,5.62,5.62,5.33,5.35,1471993,33839284.00
2013/06/28,5.27,5.57,5.17,5.38,1111386,25362806.00
2013/07/01,5.41,5.67,5.41,5.64,1515400,35517376.00
2013/07/02,5.68,6.06,5.68,6.05,1855460,45481720.00
2013/07/03,6.05,6.05,5.78,5.95,1668559,41115184.00
2013/07/04,6.02,6.35,5.86,6.21,2287329,58679948.00
2013/07/05,6.10,6.35,6.07,6.10,1349435,35042984.00
2013/07/08,6.08,6.08,5.70,5.70,1502775,36880944.00
2013/07/09,5.63,5.80,5.59,5.73,867004,20798220.00
2013/07/10,5.76,5.95,5.69,5.95,795398,19402640.00
2013/07/11,5.98,6.32,5.97,6.21,1662235,43008000.00
2013/07/12,6.24,6.29,6.13,6.21,1178796,30504156.00
2013/07/15,6.20,6.43,6.20,6.27,1438214,37767700.00
2013/07/16,6.35,6.62,6.27,6.60,1754016,47073496.00
2013/07/17,6.73,6.73,6.23,6.23,2308875,61680468.00
2013/07/18,6.18,6.35,5.95,6.02,2122512,54265356.00
2013/07/19,5.98,6.22,5.84,5.88,1517337,37855520.00
2013/07/22,5.79,6.02,5.75,6.00,858792,21299324.00
2013/07/23,6.09,6.23,5.97,6.16,1382908,35317708.00
2013/07/24,6.16,6.16,5.80,5.98,2309959,57281508.00
2013/07/25,6.03,6.03,5.73,5.78,1909985,46685088.00
2013/07/26,5.74,5.80,5.65,5.71,1208432,28879796.00
2013/07/29,5.67,5.97,5.63,5.79,1098779,26862064.00
2013/07/30,5.80,5.90,5.62,5.72,695501,16695936.00
2013/07/31,5.67,5.80,5.67,5.72,389909,9381747.00
2013/08/01,5.78,5.85,5.69,5.85,942729,22754084.00
2013/08/02,5.85,6.05,5.85,5.99,1630921,40835952.00
2013/08/05,6.00,6.07,5.91,6.01,974746,24348772.00
2013/08/06,6.04,6.04,5.88,5.97,875544,21733272.00
2013/08/07,5.97,6.36,5.89,6.29,2821441,72871272.00
2013/08/08,6.29,6.29,6.11,6.17,1571117,40528488.00
2013/08/09,6.06,6.37,5.97,6.08,1590467,40873680.00
2013/08/12,6.04,6.22,5.98,6.14,1449330,36829984.00
2013/08/13,6.15,6.17,5.98,6.05,1285361,32430684.00
2013/08/14,6.03,6.11,6.03,6.10,1058118,26827614.00
2013/08/15,6.10,6.10,6.01,6.04,745012,18826448.00
2013/08/16,6.04,6.04,5.68,5.69,1838911,44883696.00
2013/08/19,5.68,5.77,5.57,5.67,1437004,34260176.00
2013/08/20,5.63,5.80,5.63,5.72,820383,19654960.00
2013/08/21,5.65,5.84,5.65,5.78,1192821,28833786.00
2013/08/22,5.78,5.79,5.49,5.54,2504802,58629724.00
2013/08/23,5.50,5.97,5.50,5.95,2840686,67797600.00
2013/08/26,6.23,6.57,6.12,6.41,11053202,292948160.00
2013/08/27,6.33,6.67,6.23,6.59,7088305,193363632.00
2013/08/28,6.54,6.54,6.40,6.47,3755645,101330488.00
2013/08/29,6.43,6.50,6.35,6.47,2526671,67733176.00
2013/08/30,6.45,6.49,6.13,6.18,2892326,76721992.00
2013/09/02,6.20,6.31,6.05,6.29,2597754,66861832.00
2013/09/03,6.23,6.46,6.22,6.34,1994612,52932136.00
2013/09/04,6.33,6.40,6.12,6.18,2375536,62108636.00
2013/09/05,6.22,6.35,6.12,6.30,2205103,57709028.00
2013/09/06,6.28,6.32,6.14,6.22,2668100,68900720.00
2013/09/09,6.20,6.30,6.15,6.26,2181482,56866328.00
2013/09/10,6.27,6.31,6.15,6.25,1958187,50686276.00
2013/09/11,6.22,6.50,5.99,6.47,3720064,96081920.00
2013/09/12,6.43,6.98,6.32,6.84,7056970,198316336.00
2013/09/13,6.81,7.24,6.80,6.86,6775247,198026720.00
2013/09/16,6.85,7.17,6.77,7.07,4769115,138378000.00
2013/09/17,7.15,7.60,7.10,7.37,6311844,193260960.00
2013/09/18,7.43,7.43,6.84,7.10,5055490,149316432.00
2013/09/23,7.10,7.23,6.85,7.06,3705082,108081520.00
2013/09/24,7.07,7.56,7.00,7.52,6874409,209265616.00
2013/09/25,7.55,8.29,7.55,8.29,11637106,191290640.00
2013/09/26,7.90,8.25,7.44,7.44,14484448,233439664.00
2013/09/27,7.24,7.65,7.20,7.37,7959957,122158928.00
2013/09/30,7.49,7.73,7.39,7.45,6406199,99413224.00
2013/10/08,7.60,8.00,7.26,7.71,9208269,145000576.00
2013/10/09,7.70,7.75,7.45,7.62,6214900,97411600.00
2013/10/10,7.60,8.00,7.59,7.93,10749728,174326544.00
2013/10/11,8.14,8.35,8.06,8.18,13963144,236341600.00
2013/10/14,8.26,9.02,8.25,9.00,16232119,290498336.00
2013/10/15,9.13,9.13,8.43,8.68,10515162,188006592.00
2013/10/16,8.80,9.23,8.59,8.73,23248127,426007424.00
2013/10/17,8.65,8.78,8.10,8.30,13268186,228325184.00
2013/10/18,8.33,8.75,8.01,8.74,8532523,146145072.00
2013/10/21,8.73,8.93,8.60,8.85,11721867,212373200.00
2013/10/22,8.85,8.85,8.36,8.48,10910108,191408912.00
2013/10/23,8.35,8.45,7.61,7.61,11888226,192455120.00
2013/10/24,7.33,7.58,7.30,7.36,7028161,107255240.00
2013/10/25,7.45,7.45,6.84,7.22,7943556,116483248.00
2013/10/28,7.11,7.25,6.92,7.01,5309939,77306304.00
2013/10/29,7.02,7.20,6.51,6.90,7045541,99605800.00
2013/10/30,6.97,7.15,6.93,7.04,4761261,69246216.00
2013/10/31,7.05,7.05,6.69,6.76,4211893,59511312.00
2013/11/01,6.74,6.80,6.38,6.63,5537265,75410184.00
2013/11/04,6.64,6.98,6.64,6.85,5719733,81099568.00
2013/11/05,6.87,7.00,6.70,6.97,3446870,49031420.00
2013/11/06,6.98,7.14,6.76,6.80,6244167,90575448.00
2013/11/07,6.80,6.80,6.48,6.50,4969548,68175312.00
2013/11/08,6.46,6.62,6.25,6.56,4047380,54059236.00
2013/11/11,6.51,6.62,6.40,6.54,2144355,29070984.00
2013/11/12,6.60,6.72,6.55,6.64,2771773,38198688.00
2013/11/13,6.58,6.61,6.30,6.41,3081546,41270932.00
2013/11/14,6.37,6.45,6.21,6.36,3235818,42495824.00
2013/11/15,6.36,6.58,6.36,6.40,4622016,62130720.00
2013/11/18,6.42,6.55,6.40,6.52,5776178,77558160.00
2013/11/19,6.54,6.94,6.53,6.85,8184068,114913488.00
2013/11/20,6.88,6.90,6.69,6.80,4166190,58352076.00
2013/11/21,6.80,6.83,6.55,6.70,4961007,68349984.00
2013/11/22,6.68,6.71,6.48,6.54,4015638,54783048.00
2013/11/25,6.54,6.57,6.42,6.47,2738985,36882448.00
2013/11/26,6.53,6.58,6.44,6.54,1964720,26593544.00
2013/11/27,6.53,6.56,6.43,6.49,3597978,48429336.00
2013/11/28,6.47,6.62,6.46,6.58,4353950,59141580.00
2013/11/29,6.59,6.60,6.50,6.52,3406823,46217632.00
2013/12/02,6.46,6.47,6.11,6.12,6020253,78442432.00
2013/12/03,6.05,6.28,5.95,6.24,5111317,64921816.00
2013/12/04,6.18,6.36,6.15,6.29,3638133,47650132.00
2013/12/05,6.30,6.36,6.27,6.32,2074562,27242886.00
2013/12/06,6.34,6.43,6.31,6.37,3250861,43129740.00
2013/12/09,6.35,6.40,6.18,6.24,3838291,49965136.00
2013/12/10,6.23,6.49,6.19,6.48,6193334,82338256.00
2013/12/11,6.48,6.73,6.41,6.68,11321502,155874480.00
2013/12/12,6.68,6.98,6.61,6.92,10233040,145699584.00
2013/12/13,6.95,6.98,6.76,6.82,4647567,65716608.00
2013/12/16,6.75,6.80,6.50,6.50,4266297,58412704.00
2013/12/17,6.47,6.64,6.41,6.51,2024135,27411888.00
2013/12/18,6.60,6.60,6.34,6.38,2503861,33425224.00
2013/12/19,6.38,6.45,6.25,6.28,1941648,25611398.00
2013/12/20,6.34,6.34,6.23,6.33,1659793,21697202.00
2013/12/23,6.30,6.35,6.12,6.31,1796822,23287376.00
2013/12/24,6.34,6.54,6.28,6.50,3243038,43275228.00
2013/12/25,6.50,6.56,6.37,6.50,3359621,45296832.00
2013/12/26,6.52,6.54,6.23,6.24,3981856,52277472.00
2013/12/27,6.23,6.29,6.13,6.28,3243727,41964104.00
2013/12/30,6.29,6.40,6.13,6.13,4130058,53119532.00
2013/12/31,6.13,6.23,6.13,6.16,2551639,32825260.00
2014/01/02,6.15,6.28,6.09,6.22,2642248,34029432.00
2014/01/03,6.21,6.21,6.08,6.13,2503195,31923040.00
2014/01/06,6.13,6.15,5.98,5.99,3238759,40732932.00
2014/01/07,5.99,6.16,5.99,6.04,2076119,26145312.00
2014/01/08,6.04,6.16,5.84,5.87,3832899,47438852.00
2014/01/09,5.85,5.97,5.74,5.75,2825393,34460272.00
2014/01/10,5.75,5.80,5.50,5.58,2661153,31073772.00
2014/01/13,5.50,5.60,5.24,5.50,5449292,62061664.00
2014/01/14,5.50,5.60,5.37,5.60,2361731,27166092.00
2014/01/15,5.58,5.58,5.48,5.50,1837736,21202464.00
2014/01/16,5.50,5.58,5.47,5.56,1575733,18218564.00
2014/01/17,5.56,5.58,5.47,5.51,1499789,17331338.00
2014/01/20,5.51,5.57,5.27,5.31,1793908,20254372.00
2014/01/21,5.31,5.35,5.18,5.24,3255828,35925100.00
2014/01/22,5.23,5.49,5.21,5.49,4018097,44946448.00
2014/01/23,5.72,6.06,5.72,6.06,8064724,99534912.00
2014/01/24,6.25,6.54,6.10,6.11,18956793,248727520.00
2014/01/27,6.03,6.04,5.75,5.91,9025081,110570592.00
2014/01/28,5.91,6.45,5.86,6.42,12236234,158573424.00
2014/01/29,6.38,6.46,6.27,6.38,6908476,91091776.00
2014/01/30,6.35,6.44,6.26,6.37,3672101,48456680.00
2014/02/07,6.33,6.33,6.10,6.23,5845783,75037456.00
2014/02/10,6.21,6.34,6.13,6.31,6866193,89602816.00
2014/02/11,6.30,6.41,6.18,6.38,8405998,109534256.00
2014/02/12,6.50,6.65,6.40,6.47,9333642,126275744.00
2014/02/13,6.48,6.52,6.23,6.23,6540591,85824080.00
2014/02/14,6.20,6.53,6.16,6.46,8926532,118643968.00
2014/02/17,6.51,6.84,6.51,6.81,12029394,167701200.00
2014/02/18,6.82,6.84,6.58,6.66,8712562,120269704.00
2014/02/19,6.66,6.68,6.48,6.64,5925331,81021928.00
2014/02/20,6.68,6.70,6.33,6.33,6529757,87564720.00
2014/02/21,6.33,6.38,6.22,6.30,4664889,61025016.00
2014/02/24,6.28,6.29,5.86,5.97,6103278,76720632.00
2014/02/25,6.03,6.08,5.75,5.84,3892810,48259796.00
2014/02/26,5.85,5.89,5.61,5.75,3235460,38566472.00
2014/02/27,5.79,5.93,5.74,5.76,2780259,33821480.00
2014/02/28,5.76,5.86,5.70,5.86,2074181,24916412.00
2014/03/03,5.81,5.99,5.80,5.97,3613182,44403624.00
2014/03/04,5.96,5.96,5.72,5.77,3924639,47336904.00
2014/03/05,5.77,5.82,5.61,5.64,4583497,54591484.00
2014/03/06,5.63,5.68,5.43,5.53,4843915,55895272.00
2014/03/07,5.55,5.72,5.45,5.56,5335982,62218392.00
2014/03/10,5.53,5.53,5.28,5.30,3538071,39709468.00
2014/03/11,5.26,5.37,5.25,5.36,2088692,23322792.00
2014/03/12,5.36,5.43,5.31,5.37,2109975,23703084.00
2014/03/13,5.43,5.50,5.35,5.40,3222163,36522248.00
2014/03/14,5.39,5.39,5.25,5.29,2697394,29988838.00
2014/03/17,5.33,5.41,5.30,5.39,2713839,30316564.00
2014/03/18,5.41,5.50,5.31,5.35,4833355,54720360.00
2014/03/19,5.33,5.34,5.18,5.23,4291301,47060024.00
2014/03/20,5.19,5.28,5.15,5.16,2749649,30069954.00
2014/03/21,5.14,5.29,4.99,5.27,4274444,46042864.00
2014/03/24,5.25,5.36,5.23,5.34,3342986,36997576.00
2014/03/25,5.34,5.49,5.29,5.47,3754803,42255696.00
2014/03/26,5.43,5.51,5.37,5.47,3052533,34718964.00
2014/03/27,5.43,5.70,5.40,5.40,7687643,89300080.00
2014/03/28,5.36,5.40,5.16,5.17,4291702,47118652.00
2014/03/31,5.16,5.23,5.00,5.08,3804388,40728208.00
2014/04/01,5.04,5.10,4.95,5.10,5050883,53139544.00
2014/04/02,5.11,5.12,4.97,5.00,4624695,48693608.00
2014/04/03,4.98,5.04,4.98,5.03,3169206,33336360.00
2014/04/04,5.04,5.07,4.98,5.06,1874774,19805796.00
2014/04/08,5.05,5.18,5.03,5.17,3003773,32209944.00
2014/04/09,5.18,5.19,5.13,5.16,2456806,26514280.00
2014/04/10,5.16,5.23,5.15,5.20,3012487,32747860.00
2014/04/11,5.20,5.20,5.13,5.17,2415203,26115670.00
2014/04/14,5.17,5.27,5.16,5.21,3165820,34575368.00
2014/04/15,5.21,5.21,5.06,5.08,3616405,38756280.00
2014/04/16,5.06,5.07,4.98,5.05,3804502,40016444.00
2014/04/17,5.05,5.06,5.00,5.02,1889377,19913072.00
2014/04/18,5.02,5.07,5.00,5.07,1786570,18885724.00
2014/04/21,5.04,5.05,4.97,4.98,2521533,26481620.00
2014/04/22,4.97,5.00,4.84,4.89,3630214,37342424.00
2014/04/23,4.89,4.97,4.88,4.91,2088488,21580364.00
2014/04/24,4.92,4.93,4.76,4.77,3082393,31350774.00
2014/04/25,4.78,4.80,4.62,4.62,3442893,34015008.00
2014/04/28,4.61,4.61,4.30,4.34,3197800,29880240.00
2014/04/29,4.33,4.40,4.33,4.39,2113626,19477864.00
2014/04/30,4.34,4.40,4.30,4.40,3346859,30829602.00
2014/05/05,4.43,4.43,4.35,4.39,2439189,22544952.00
2014/05/06,4.39,4.43,4.36,4.40,2908069,27037944.00
2014/05/07,4.41,4.41,4.24,4.26,2673894,24371622.00
2014/05/08,4.25,4.36,4.21,4.31,2202771,20066472.00
2014/05/09,4.29,4.31,4.23,4.23,1665352,14992124.00
2014/05/12,4.27,4.43,4.27,4.40,2541803,23391216.00
2014/05/13,4.40,4.41,4.33,4.36,1841913,16984006.00
2014/05/14,4.36,4.41,4.35,4.37,1601591,14836949.00
2014/05/15,4.37,4.37,4.25,4.26,2062041,18829792.00
2014/05/16,4.25,4.33,4.24,4.32,1315603,11925219.00
2014/05/19,4.33,4.33,4.23,4.26,1256128,11312464.00
2014/05/20,4.29,4.39,4.27,4.30,1158134,10581300.00
2014/05/21,4.29,4.38,4.25,4.36,1527319,13958286.00
2014/05/22,4.35,4.39,4.29,4.31,1833020,16804142.00
2014/05/23,4.31,4.36,4.29,4.35,1198048,10988699.00
2014/05/26,4.37,4.40,4.36,4.40,1706952,15811129.00
2014/05/27,4.42,4.42,4.35,4.37,918186,8484944.00
2014/05/28,4.34,4.39,4.32,4.39,1933018,17796948.00
2014/05/29,4.38,4.38,4.31,4.32,1393579,12814607.00
2014/05/30,4.32,4.36,4.31,4.33,1311929,12007888.00
2014/06/03,4.32,4.35,4.31,4.32,873534,7999298.00
2014/06/04,4.31,4.34,4.23,4.27,2096840,19003280.00
2014/06/05,4.26,4.29,4.22,4.28,1351140,12161134.00
2014/06/06,4.29,4.29,4.25,4.27,1189845,10742069.00
2014/06/09,4.25,4.28,4.22,4.24,1183351,10650214.00
2014/06/10,4.24,4.31,4.23,4.30,1363073,12336069.00
2014/06/11,4.30,4.30,4.26,4.29,1142163,10334419.00
2014/06/12,4.28,4.30,4.26,4.30,955650,8675271.00
2014/06/13,4.31,4.36,4.27,4.36,2012489,18415700.00
2014/06/16,4.39,4.40,4.35,4.35,1863574,17006368.00
2014/06/17,4.35,4.37,4.29,4.32,1524473,13800187.00
2014/06/18,4.31,4.31,4.17,4.19,2700531,23921332.00
2014/06/19,4.18,4.22,3.95,3.97,2797115,23901630.00
2014/06/20,3.95,4.00,3.90,3.97,1826730,15123080.00
2014/06/23,3.98,3.98,3.93,3.94,1590992,13200337.00
2014/06/24,3.95,3.97,3.92,3.97,1844157,15268224.00
2014/06/25,3.98,4.38,3.95,4.38,5136267,46495268.00
2014/06/26,4.53,4.58,4.37,4.38,13761125,127972144.00
2014/06/27,4.37,4.53,4.26,4.53,11331557,105085792.00
2014/06/30,4.56,5.00,4.56,4.85,14390175,145081920.00
2014/07/01,4.88,5.03,4.75,4.89,8984401,90970136.00
2014/07/02,4.81,5.01,4.78,4.88,6544907,66523528.00
2014/07/03,4.86,5.31,4.80,5.20,12297194,130467200.00
2014/07/04,5.12,5.34,5.05,5.21,7031298,75674192.00
2014/07/07,5.26,5.30,5.05,5.08,5568575,59270568.00
2014/07/08,5.11,5.13,4.86,4.97,7444690,76510696.00
2014/07/09,4.99,5.04,4.91,4.92,3583034,36994112.00
2014/07/10,4.89,4.97,4.80,4.80,3872899,39366060.00
2014/07/11,4.80,5.14,4.76,5.06,7273825,75840272.00
2014/07/14,5.08,5.16,4.93,5.12,5857709,61721476.00
2014/07/15,5.10,5.12,4.95,4.98,3563416,37261788.00
2014/07/16,4.95,5.03,4.85,4.87,2821404,28880384.00
2014/07/17,4.89,4.95,4.84,4.90,2213418,22581194.00
2014/07/18,4.86,4.93,4.83,4.87,1959644,19869660.00
2014/07/21,4.86,5.00,4.86,4.95,2525266,25946014.00
2014/07/22,4.93,5.00,4.90,4.97,2641772,27269100.00
2014/07/23,4.95,5.05,4.86,4.88,2780139,28713420.00
2014/07/24,4.88,4.90,4.69,4.70,5541336,54640592.00
2014/07/25,4.70,4.77,4.69,4.72,2556620,25125412.00
2014/07/28,4.73,4.85,4.70,4.82,3880582,38607628.00
2014/07/29,4.83,5.15,4.83,5.01,6251595,65293764.00
2014/07/30,5.01,5.01,4.90,4.94,3282024,33759640.00
2014/07/31,4.94,5.06,4.92,5.02,3860814,40171848.00
2014/08/01,5.00,5.08,4.95,5.00,4903728,51213392.00
2014/08/04,5.00,5.24,5.00,5.24,8356020,89298128.00
2014/08/05,5.28,5.29,5.15,5.21,4730937,50993896.00
2014/08/06,5.22,5.22,5.10,5.12,4920971,52350520.00
2014/08/07,5.11,5.18,5.05,5.09,4474359,47463412.00
2014/08/08,5.08,5.13,5.05,5.12,2839028,30023504.00
2014/08/11,5.13,5.16,5.10,5.14,3402715,36243800.00
2014/08/12,5.20,5.39,5.11,5.36,10129650,110675232.00
2014/08/13,5.31,5.35,5.19,5.31,6065250,66406220.00
2014/08/14,5.30,5.30,5.13,5.14,4724126,51142684.00
2014/08/15,5.13,5.19,5.06,5.15,3551993,37779000.00
2014/08/18,5.16,5.18,5.10,5.17,3608811,38514156.00
2014/08/19,5.18,5.20,5.13,5.14,3976168,42543192.00
2014/08/20,5.13,5.33,5.10,5.24,6879002,74723264.00
2014/08/21,5.24,5.30,5.18,5.28,5365851,58432936.00
2014/08/22,5.28,5.52,5.24,5.50,12011650,134824848.00
2014/08/25,5.53,5.73,5.42,5.51,10482542,120882664.00
2014/08/26,5.44,5.60,5.25,5.29,6995708,78436176.00
2014/08/27,5.29,5.84,5.24,5.80,17365247,203582416.00
2014/08/28,5.75,5.75,5.55,5.66,11058023,129294816.00
2014/08/29,5.55,5.65,5.51,5.61,5967190,68958888.00
2014/09/01,5.60,5.83,5.58,5.72,5952850,70131872.00
2014/09/02,5.73,5.79,5.68,5.79,6400857,76015048.00
2014/09/03,5.80,5.84,5.72,5.72,7614954,90882200.00
2014/09/04,5.65,5.75,5.63,5.72,4716655,55659352.00
2014/09/05,5.75,6.00,5.72,5.93,10497910,128077088.00
2014/09/09,5.96,6.21,5.86,6.08,9886252,123421872.00
2014/09/10,6.00,6.24,5.95,5.98,10485375,131785416.00
2014/09/11,6.01,6.01,5.84,5.87,6760454,82757728.00
2014/09/12,5.85,5.95,5.80,5.95,5118203,62092320.00
2014/09/15,5.95,5.96,5.82,5.90,5502544,66900524.00
2014/09/16,5.89,5.90,5.51,5.52,9284542,109770976.00
2014/09/17,5.53,5.60,5.41,5.48,5673996,64418428.00
2014/09/18,5.50,5.57,5.42,5.47,4461958,50689288.00
2014/09/19,5.43,5.59,5.42,5.57,4068260,46520360.00
2014/09/22,5.55,5.57,5.43,5.43,3247425,36788760.00
2014/09/23,5.43,5.77,5.43,5.73,6368111,74001272.00
2014/09/24,5.61,5.80,5.61,5.76,5859339,69283360.00
2014/09/25,5.74,5.80,5.64,5.69,4737819,56043120.00
2014/09/26,5.67,5.73,5.63,5.72,2691398,31708696.00
2014/09/29,5.75,5.86,5.71,5.78,5048393,60288524.00
2014/09/30,5.78,5.88,5.78,5.84,5052242,61010808.00
2014/10/08,5.84,5.86,5.72,5.76,5543140,65938356.00
2014/10/09,5.77,5.78,5.56,5.65,7974578,93338840.00
2014/10/10,5.64,5.64,5.45,5.51,7934677,90520776.00
2014/10/13,5.51,5.55,5.44,5.54,4981341,56501288.00
2014/10/14,5.51,5.59,5.44,5.49,5531085,63320524.00
2014/10/15,5.49,5.52,5.44,5.50,3204894,36438664.00
2014/10/16,5.48,5.58,5.44,5.48,4182445,47864284.00
2014/10/17,5.49,5.49,5.24,5.26,5268077,58233004.00
2014/10/20,5.28,5.43,5.25,5.42,3775623,41889696.00
2014/10/21,5.43,5.57,5.43,5.48,5041129,57510080.00
2014/10/22,5.45,5.50,5.30,5.31,3363570,37649240.00
2014/10/23,5.31,5.33,5.12,5.15,3099660,33550608.00
2014/10/24,5.16,5.20,5.13,5.17,1667660,17876226.00
2014/10/27,5.17,5.17,5.05,5.15,2251510,23887118.00
2014/10/28,5.18,5.43,5.16,5.41,3575725,39464408.00
2014/10/29,5.40,5.53,5.38,5.47,5248090,59510208.00
2014/10/30,5.54,5.56,5.44,5.56,5672229,64770576.00
2014/10/31,5.54,5.57,5.45,5.56,5543349,63464640.00
2014/11/03,5.56,5.72,5.53,5.64,8110701,94907848.00
2014/11/04,5.61,5.63,5.53,5.56,3781566,43629508.00
2014/11/05,5.55,5.62,5.53,5.55,2782949,32115138.00
2014/11/06,5.55,5.56,5.44,5.48,3489774,39624056.00
2014/11/07,5.49,5.53,5.34,5.35,4271177,48137992.00
2014/11/10,5.36,5.44,5.36,5.42,2788836,31224870.00
2014/11/11,5.41,5.48,5.23,5.27,4200339,46847684.00
2014/11/12,5.29,5.45,5.27,5.45,3437327,38461336.00
2014/11/13,5.48,5.50,5.36,5.39,3102533,34797688.00
2014/11/14,5.38,5.40,5.32,5.35,2280047,25338504.00
2014/11/17,5.36,5.41,5.35,5.36,2026247,22619624.00
2014/11/18,5.35,5.41,5.33,5.37,2159456,24095200.00
2014/11/19,5.37,5.39,5.27,5.28,3299887,36496696.00
2014/11/20,5.29,5.32,5.20,5.24,2737310,29787048.00
2014/11/21,5.24,5.41,5.22,5.40,4256991,46988748.00
2014/11/24,5.43,5.53,5.39,5.51,6426544,73031840.00
2014/11/25,5.51,5.62,5.44,5.58,6317935,72560968.00
2014/11/26,5.58,5.63,5.49,5.58,5229303,60124408.00
2014/11/27,5.73,5.73,5.57,5.67,7483373,87379888.00
2014/11/28,5.70,5.79,5.58,5.65,6549749,76739688.00
2014/12/01,5.64,6.08,5.61,5.77,17333606,205755024.00
2014/12/02,5.70,5.98,5.66,5.94,15944461,191957728.00
2014/12/03,6.06,6.56,6.05,6.40,26519747,347063904.00
2014/12/04,6.40,6.64,6.30,6.51,16141509,215425248.00
2014/12/05,6.55,6.59,5.99,6.37,17094246,223822752.00
2014/12/08,6.36,7.03,6.31,6.90,21028406,292745024.00
2014/12/09,6.90,7.01,6.31,6.33,18702078,260356960.00
2014/12/10,6.32,6.95,6.16,6.83,14946609,202119504.00
2014/12/11,6.80,6.93,6.69,6.85,9360556,131117544.00
2014/12/12,6.85,7.17,6.76,7.15,13591024,195298304.00
2014/12/15,7.05,7.14,6.93,7.07,8402983,121886824.00
2014/12/16,7.04,7.36,6.98,7.00,9880199,144776096.00
2014/12/17,6.93,6.93,6.37,6.54,14869368,204022016.00
2014/12/18,6.51,6.81,6.39,6.80,13371930,182407584.00
2014/12/19,6.70,6.82,6.50,6.70,6474147,88650408.00
2014/12/22,6.60,6.61,6.11,6.13,9347278,121345872.00
2014/12/23,6.01,6.26,5.94,5.96,7933990,100130904.00
2014/12/24,6.00,6.43,6.00,6.36,9236843,119668344.00
2014/12/25,6.37,6.61,6.29,6.59,6426194,86411240.00
2014/12/26,6.68,6.68,6.43,6.55,4595030,61825168.00
2014/12/29,6.50,6.90,6.38,6.81,10317072,141695360.00
2014/12/30,6.78,7.28,6.73,7.10,16418871,240225504.00
2014/12/31,7.03,7.21,6.90,7.00,7600825,110440864.00
2015/01/05,7.02,7.35,7.01,7.20,10711913,159263824.00
2015/01/06,7.09,7.20,6.90,7.10,7539962,109370896.00
2015/01/07,7.00,7.18,6.93,7.04,4679947,67955072.00
2015/01/08,7.06,7.08,6.79,6.83,6772678,95854400.00
2015/01/09,6.84,7.00,6.61,6.67,7642543,106499328.00
2015/01/12,6.65,6.65,6.40,6.49,5672397,75715720.00
2015/01/13,6.50,6.55,6.43,6.54,2679011,35947864.00
2015/01/14,6.55,6.58,6.30,6.34,4257088,56396384.00
2015/01/15,6.33,6.46,6.27,6.41,5790776,75920752.00
2015/01/16,6.44,6.61,6.44,6.61,4794921,64824172.00
2015/01/19,6.53,6.58,5.96,6.10,9784605,126433808.00
2015/01/20,6.16,6.34,6.16,6.28,6668466,85956064.00
2015/01/21,6.30,6.55,6.26,6.53,6604684,87587744.00
2015/01/22,6.54,6.59,6.44,6.52,8895128,118968200.00
2015/01/23,6.52,6.55,6.41,6.43,5256000,69950048.00
2015/01/26,6.47,6.59,6.40,6.59,7129175,95555456.00
2015/01/27,6.64,6.90,6.56,6.87,11291264,156058176.00
2015/01/28,6.88,6.88,6.65,6.69,8308174,115439488.00
2015/01/29,6.65,6.65,6.52,6.54,4981623,67429296.00
2015/01/30,6.47,6.59,6.43,6.45,4477788,59902048.00
2015/02/02,6.40,6.48,6.29,6.43,4248256,55863344.00
2015/02/03,6.43,6.52,6.36,6.43,8577626,113491048.00
2015/02/04,6.44,6.50,6.32,6.34,7027358,92709240.00
2015/02/05,6.36,6.41,6.32,6.36,5333495,69922024.00
2015/02/06,6.31,6.36,6.08,6.15,5337352,68219392.00
2015/02/09,6.13,6.19,6.10,6.13,2627701,33402342.00
2015/02/10,6.13,6.23,6.11,6.23,3857814,49316044.00
2015/02/11,6.23,6.33,6.23,6.32,3155442,40998412.00
2015/02/12,6.32,6.35,6.23,6.33,2824767,36671016.00
2015/02/13,6.40,6.55,6.40,6.46,6880079,92055984.00
2015/02/16,6.62,6.68,6.50,6.59,10178382,138219968.00
2015/02/17,6.58,6.73,6.51,6.61,7283700,99106800.00
2015/02/25,6.75,6.88,6.61,6.63,11820144,164521088.00
2015/02/26,6.62,6.77,6.58,6.71,8964062,123604352.00
2015/02/27,6.73,6.75,6.66,6.68,5321992,73245464.00
2015/03/02,6.70,6.75,6.61,6.67,6732632,92157800.00
2015/03/03,6.63,6.63,6.46,6.48,8445753,113733992.00
2015/03/04,6.49,6.57,6.46,6.55,7615845,102599304.00
2015/03/05,6.56,6.56,6.47,6.53,5818739,78096160.00
2015/03/06,6.58,7.10,6.55,6.98,21119996,298346304.00
2015/03/09,6.97,7.35,6.81,7.31,23079474,339462208.00
2015/03/10,7.25,7.58,7.20,7.44,18886955,288935552.00
2015/03/11,7.45,7.45,7.14,7.39,12941421,192994112.00
2015/03/12,7.31,7.50,7.21,7.30,7154083,107300896.00
2015/03/13,7.34,7.37,7.18,7.26,5853657,87367160.00
2015/03/16,7.30,7.41,7.26,7.37,10814705,163201296.00
2015/03/17,7.40,7.85,7.39,7.77,14096230,222486688.00
2015/03/18,7.75,8.09,7.65,8.06,15451582,251606192.00
2015/03/19,8.10,8.46,7.91,8.25,18475088,312731328.00
2015/03/20,8.30,9.10,8.20,9.10,19783760,358462784.00
2015/03/23,9.23,10.00,9.23,9.62,20773483,408543264.00
2015/03/24,9.70,9.70,8.93,9.13,27748346,520342336.00
2015/03/25,8.80,8.95,8.65,8.76,29707740,533655296.00
2015/03/26,8.66,8.66,8.00,8.19,42552773,720265728.00
2015/03/30,7.48,8.19,7.48,7.83,52117458,823371200.00
2015/03/31,7.73,8.05,7.68,8.04,39003069,631824384.00
2015/04/01,8.00,8.14,7.93,8.13,30074220,494924256.00
2015/04/02,8.10,8.29,8.07,8.23,25124047,422163712.00
2015/04/03,8.19,8.25,8.07,8.23,21191800,354640704.00
2015/04/07,8.24,8.75,8.22,8.67,33116362,569996480.00
2015/04/08,8.63,8.65,8.35,8.51,23816887,413715168.00
2015/04/09,8.49,8.50,7.92,8.25,18619813,313087744.00
2015/04/10,8.15,8.55,8.10,8.42,15987849,273964768.00
2015/04/13,8.41,8.79,8.38,8.72,27104152,477178112.00
2015/04/14,8.78,8.80,8.47,8.58,17671959,312447168.00
2015/04/15,8.52,8.58,8.05,8.07,15273380,260128928.00
2015/04/16,7.91,8.32,7.83,8.25,11364157,188821024.00
2015/04/17,8.26,8.38,8.12,8.21,15035541,254163712.00
2015/04/20,8.19,8.19,7.81,7.87,18235561,298667488.00
2015/04/21,7.85,8.18,7.81,8.16,12315138,203234752.00
2015/04/22,8.21,8.61,8.19,8.57,23487835,405091872.00
2015/04/23,8.57,8.90,8.43,8.89,32464246,577198976.00
2015/04/24,8.75,9.30,8.64,9.24,37023113,679311232.00
2015/05/12,10.18,10.18,10.18,10.18,1116723,23183168.00
2015/05/13,11.22,11.22,11.00,11.22,26142734,597027712.00
2015/05/14,11.80,12.36,11.35,12.36,30519166,754578944.00
2015/05/15,13.09,13.62,11.83,13.27,50239934,1316887296.00
2015/05/18,13.29,14.62,12.71,13.93,41821163,1158955008.00
2015/05/19,13.85,14.30,13.54,13.74,24294455,682069376.00
2015/05/20,13.76,15.05,13.76,14.16,30708953,899032000.00
2015/05/21,14.16,15.34,14.16,15.20,32128816,962957760.00
2015/05/22,15.08,16.74,15.05,16.61,28438709,923923008.00
2015/05/25,16.39,18.29,16.25,18.29,22121352,791209216.00
2015/05/26,18.38,19.53,17.75,18.03,27340980,1027666432.00
2015/05/27,18.03,18.03,16.45,17.18,25759772,897640576.00
2015/05/28,17.15,17.89,16.45,16.65,23113572,797078720.00
2015/05/29,16.85,17.80,16.30,17.29,21192243,741030848.00
2015/06/01,17.28,19.04,16.81,19.04,29443403,1063610112.00
2015/06/02,19.55,20.77,19.45,20.03,25638837,1039889216.00
2015/06/03,20.14,20.33,18.80,19.27,16688655,657819008.00
2015/06/04,19.10,19.10,17.33,18.65,19093345,696479872.00
2015/06/05,19.80,19.80,18.31,18.95,16851884,648332800.00
2015/06/08,19.24,19.65,18.30,18.81,16438853,630738432.00
2015/06/09,18.70,19.08,18.09,18.48,16923600,634819328.00
2015/06/10,18.48,20.28,18.15,19.27,24587221,956027840.00
2015/06/11,19.85,20.24,19.25,19.78,31279300,1248136192.00
2015/06/12,20.02,21.77,20.02,21.39,33140352,697851392.00
2015/06/15,20.92,21.37,20.12,20.49,61067904,1269512576.00
2015/06/16,20.02,20.43,18.93,19.26,23155653,453659232.00
2015/06/17,19.26,19.93,17.93,19.07,22130441,416381024.00
2015/06/18,19.11,19.52,18.08,18.23,23512582,442846336.00
2015/06/19,17.85,17.85,16.40,16.40,22004816,372371712.00
2015/06/23,16.13,16.13,14.75,15.53,51690237,795612416.00
2015/06/24,15.73,15.93,14.93,15.73,34098866,532045088.00
2015/06/25,15.73,17.00,15.63,16.32,55125000,908189376.00
2015/06/26,15.93,15.93,14.68,14.68,28822098,440720864.00
2015/06/29,15.22,15.23,13.21,13.21,31721299,438668256.00
2015/06/30,12.21,14.23,11.88,13.80,37123364,484753184.00
2015/07/01,13.78,14.80,12.42,12.73,37322039,525046080.00
2015/07/02,12.71,12.76,11.45,11.45,28338089,340269696.00
2015/07/03,10.54,12.43,10.30,11.00,97743054,1087735680.00
2015/07/06,12.11,12.11,10.43,10.64,43141240,496055552.00
2015/07/21,11.71,11.71,11.71,11.71,1290580,15203032.00
2015/07/22,12.89,12.89,12.89,12.89,475614,6163957.00
2015/07/23,14.19,14.19,14.19,14.19,1553491,22152782.00
2015/07/24,15.62,15.62,15.62,15.62,11942486,187377600.00
2015/07/27,15.93,16.23,14.05,14.05,118462795,1825245824.00
2015/07/28,13.03,14.18,12.64,12.93,50402383,664235648.00
2015/07/29,13.32,13.99,12.79,13.75,55314542,739707392.00
2015/07/30,13.72,13.93,12.93,13.41,42178670,573846592.00
2015/07/31,13.19,13.41,12.43,12.93,27508853,359050880.00
2015/08/03,12.76,12.76,11.63,11.63,23349651,282400992.00
2015/08/04,11.58,12.33,10.68,12.28,91763830,1064056896.00
2015/08/05,11.93,12.18,11.28,11.35,59887094,705651776.00
2015/08/06,10.93,11.33,10.73,10.93,40768917,450249344.00
2015/08/07,11.05,11.80,10.91,11.61,60836420,686585472.00
2015/08/10,11.68,12.53,11.48,12.36,62965536,764467584.00
2015/08/11,12.13,13.60,12.02,13.36,105770963,1399308800.00
2015/08/12,13.36,13.36,12.58,12.62,80762333,1049433792.00
2015/08/13,12.51,12.90,12.33,12.82,40885906,519521792.00
2015/08/14,12.94,13.23,12.73,13.03,53762929,703191360.00
2015/11/02,11.72,11.72,11.72,11.72,2501300,29490328.00
2015/11/03,10.54,10.54,10.54,10.54,4245700,45046876.00
2015/11/04,9.73,11.04,9.73,10.75,93848308,972780352.00
2015/11/05,10.38,10.72,10.28,10.53,54654962,577382080.00
2015/11/09,10.79,11.59,10.79,11.26,56291835,632168896.00
2015/11/10,11.09,11.24,10.93,11.07,44242254,493675904.00
2015/11/11,11.15,11.43,10.95,11.33,45036666,507767168.00
2015/11/12,11.42,11.42,10.96,11.09,42633441,475959520.00
2015/11/13,10.89,11.01,10.69,10.78,31138722,339660928.00
2015/11/16,10.53,11.08,10.43,11.07,30260188,332882816.00
2015/11/17,11.22,11.31,10.85,10.94,32652501,363108224.00
2015/11/18,10.94,11.02,10.64,10.71,20364854,221675408.00
2015/11/19,10.64,10.90,10.64,10.88,19054540,206182816.00
2015/11/20,10.89,10.93,10.75,10.85,25773099,280710400.00
2015/11/23,10.84,11.94,10.76,11.94,54774093,634377088.00
2015/11/24,12.14,12.73,12.07,12.32,96382706,1198599296.00
2015/11/25,12.08,12.43,11.94,12.38,56877154,698521792.00
2015/11/26,12.53,12.62,12.13,12.14,41410795,510623936.00
2015/11/27,12.13,12.13,10.93,11.01,46702568,542400256.00
2015/11/30,10.88,11.14,9.98,10.72,34765586,372994816.00
2015/12/01,10.73,10.92,10.44,10.87,24208677,259540224.00
2015/12/02,10.87,10.87,10.45,10.86,18855824,203245552.00
2015/12/03,10.81,11.13,10.76,11.10,20301244,225190512.00
2015/12/04,11.06,11.41,10.95,11.27,28351922,319295456.00
2015/12/07,11.27,11.38,11.12,11.30,19752509,223318480.00
2015/12/08,11.20,11.23,10.74,10.76,23006341,253383824.00
2015/12/09,10.57,10.76,10.54,10.61,15635576,167161616.00
2015/12/10,10.61,10.83,10.58,10.63,12751068,137137072.00
2015/12/11,10.61,10.61,10.23,10.37,14592903,152692320.00
2015/12/14,10.18,10.65,10.13,10.58,15136159,157357888.00
2015/12/15,10.65,10.65,10.49,10.55,13582098,144364816.00
2015/12/16,10.48,10.62,10.48,10.56,14145905,150300240.00
2015/12/17,10.56,11.01,10.56,10.95,24634294,267305744.00
2015/12/18,10.83,10.96,10.66,10.72,19483848,211351088.00
2015/12/21,10.73,10.87,10.63,10.78,18525437,200364880.00
2015/12/22,10.78,10.82,10.62,10.78,19445508,209821232.00
2015/12/23,10.74,11.87,10.67,11.87,24665229,288172256.00
2015/12/24,12.33,12.62,11.62,11.74,99789486,1220724992.00
2015/12/25,11.53,12.43,11.34,12.16,68751300,816352448.00
2015/12/28,12.03,12.32,11.43,11.45,46894060,560422464.00
2015/12/29,11.35,11.50,11.08,11.47,26786208,304712576.00
2015/12/30,11.48,11.49,11.23,11.37,18542235,212018704.00
2015/12/31,11.41,11.43,11.08,11.10,17073333,193066576.00
2016/01/04,11.03,11.08,9.98,9.99,22166575,233246352.00
2016/01/05,9.29,10.16,9.29,9.75,29023303,284219360.00
2016/01/06,9.83,10.16,9.67,9.94,23014260,229379056.00
2016/01/07,9.80,9.80,8.94,8.95,6469400,60334056.00
2016/01/08,9.25,9.41,8.45,8.97,24046150,217723280.00
2016/01/11,8.83,8.84,8.07,8.07,23452537,199061632.00
2016/01/12,8.09,8.23,7.68,8.12,17246408,138916976.00
2016/01/13,8.16,8.20,7.57,7.62,14592883,116869136.00
2016/01/14,7.38,7.90,7.21,7.80,16701110,127040096.00
2016/01/15,7.72,7.73,7.13,7.28,17054789,127912144.00
2016/01/18,7.08,7.47,7.01,7.32,12829972,94552936.00
2016/01/19,7.32,7.91,7.24,7.80,19168480,145653232.00
2016/01/20,7.63,7.79,7.48,7.57,16122942,124313552.00
2016/01/21,7.42,7.63,7.05,7.11,15401948,115094792.00
2016/01/22,7.21,7.37,7.02,7.24,12792875,92686528.00
2016/01/25,7.25,7.41,7.19,7.32,10144163,74980080.00
2016/01/26,7.23,7.28,6.58,6.58,16462726,115048976.00
2016/01/27,6.60,6.68,6.04,6.41,13947843,89832752.00
2016/01/28,6.43,6.73,6.23,6.26,13194712,86631432.00
2016/01/29,6.13,6.56,6.10,6.45,14171860,91164832.00
2016/02/01,6.43,6.47,6.13,6.27,10624113,68004704.00
2016/02/02,6.31,6.57,6.29,6.52,12928035,84435824.00
2016/02/03,6.41,6.52,6.28,6.46,9876174,63767064.00
2016/02/04,6.50,6.71,6.43,6.66,14535754,96973336.00
2016/02/05,6.66,6.73,6.54,6.67,10171979,68305168.00
2016/02/15,6.37,6.59,6.32,6.51,8423963,54943248.00
2016/02/16,6.54,7.14,6.53,7.00,19725242,135833040.00
2016/02/17,6.93,7.06,6.85,7.03,16520639,116109056.00
2016/02/18,7.08,7.18,6.96,7.00,16036212,114303896.00
2016/02/19,6.98,7.08,6.88,7.02,12585462,88688368.00
2016/02/22,7.13,7.29,7.02,7.22,19373839,139462688.00
2016/02/23,7.16,7.23,6.95,7.07,17624719,125840256.00
2016/02/24,7.05,7.26,6.98,7.19,16468254,118143680.00
2016/02/25,7.16,7.18,6.46,6.46,23100698,158347120.00
2016/02/26,6.51,6.58,6.28,6.42,14157751,92000776.00
2016/02/29,6.43,6.46,5.89,5.98,11795366,72023440.00
2016/03/01,6.03,6.17,5.89,6.08,11377688,69351480.00
2016/03/02,6.09,6.55,6.05,6.44,16580381,105426432.00
2016/03/03,6.39,6.91,6.38,6.82,25038839,166771152.00
2016/03/04,6.77,6.79,6.32,6.44,19153518,127322688.00
2016/03/07,6.39,6.76,6.39,6.58,11894082,79247232.00
2016/03/08,6.71,6.71,6.24,6.61,11820430,76980272.00
2016/03/09,6.39,6.48,6.31,6.37,8532910,55174900.00
2016/03/10,6.38,6.49,6.14,6.27,8590327,55292080.00
2016/03/11,6.20,6.25,6.09,6.20,7912177,49419996.00
2016/03/14,6.26,6.53,6.24,6.41,15324742,99390544.00
2016/03/15,6.37,6.45,6.29,6.35,8590679,55310620.00
2016/03/16,6.35,6.44,6.23,6.26,7793685,49671320.00
2016/03/17,6.32,6.50,6.27,6.46,20583556,133114816.00
2016/03/18,6.47,6.74,6.42,6.71,23716482,158848128.00
2016/03/21,6.76,7.13,6.74,6.98,31815122,222374496.00
2016/03/22,6.91,7.13,6.84,6.99,23637874,167322896.00
2016/03/23,6.93,7.09,6.93,7.07,17813706,126259808.00
2016/03/24,7.02,7.22,6.86,6.97,23077396,162781216.00
2016/03/25,6.92,7.00,6.91,7.00,10786844,75875712.00
2016/03/28,7.02,7.16,6.90,6.92,12246360,86991416.00
2016/03/29,6.86,7.17,6.74,7.16,41033593,292621632.00
2016/03/30,7.18,7.42,7.05,7.31,39546525,286764160.00
2016/03/31,7.31,7.31,7.11,7.14,23784646,172544576.00
2016/04/01,7.09,7.13,6.90,7.02,15285400,108029592.00
2016/04/05,7.02,7.21,6.94,7.20,16605677,119245672.00
2016/04/06,7.13,7.29,7.10,7.27,19763580,144093424.00
2016/04/07,7.27,8.00,7.22,7.82,69582879,549190272.00
2016/04/08,7.63,7.91,7.54,7.66,43243088,334512832.00
2016/04/11,7.69,7.80,7.63,7.72,28527315,221658432.00
2016/04/12,7.68,7.70,7.44,7.54,21901867,166308048.00
2016/04/13,7.61,7.69,7.55,7.63,20263219,156225616.00
2016/04/14,7.88,7.93,7.66,7.72,20005787,156965360.00
2016/04/15,7.68,7.72,7.43,7.60,19873746,151820016.00
2016/04/18,7.51,7.52,7.39,7.45,12152816,91149856.00
2016/04/19,7.48,7.52,7.41,7.47,8961366,67444672.00
2016/04/20,7.49,7.53,6.78,6.98,20163346,145524736.00
2016/04/21,6.98,7.09,6.88,6.90,11647706,81895128.00
2016/04/22,6.81,6.91,6.63,6.85,11677756,80202888.00
2016/04/25,6.76,6.83,6.67,6.77,7149668,48685300.00
2016/04/26,6.77,7.38,6.77,7.15,20521617,147925184.00
2016/04/27,7.08,7.19,7.00,7.07,10421025,74716968.00
2016/04/28,7.06,7.07,6.44,6.75,10409337,72949600.00
2016/04/29,7.04,7.30,6.95,7.21,19051467,137586032.00
2016/05/03,7.13,7.43,7.08,7.33,18526302,136359024.00
2016/05/04,7.35,7.35,7.19,7.28,14496867,106450688.00
2016/05/05,7.28,7.30,7.16,7.26,9345597,68263624.00
2016/05/06,7.28,7.32,6.93,6.94,12528642,89848256.00
2016/05/09,6.90,6.93,6.60,6.67,11960160,81286904.00
2016/05/10,6.69,6.78,6.59,6.64,5444177,36634836.00
2016/05/11,6.65,6.72,6.55,6.61,5292946,35493168.00
2016/05/12,6.52,6.59,6.39,6.58,6533426,42850148.00
2016/05/13,6.55,6.70,6.51,6.57,4894410,32678204.00
2016/05/16,6.60,6.68,6.55,6.67,4122435,27556684.00
2016/05/17,6.64,6.68,6.58,6.60,4656037,31148360.00
2016/05/18,6.60,6.60,6.27,6.36,8796020,56927908.00
2016/05/19,6.36,6.45,6.31,6.34,4994112,32250852.00
2016/05/20,6.30,6.41,6.19,6.37,4933975,31471910.00
2016/05/23,6.38,6.53,6.38,6.51,5179618,33770520.00
2016/05/24,6.47,6.50,6.35,6.40,4021211,26054968.00
2016/05/25,6.43,6.49,6.31,6.38,3245309,20984888.00
2016/05/26,6.34,6.40,6.17,6.34,5363641,33990472.00
2016/05/27,6.33,6.44,6.25,6.37,5475453,35194532.00
2016/05/30,6.26,6.36,6.25,6.28,3866648,24590284.00
2016/05/31,6.25,6.58,6.25,6.55,9380759,61392220.00
2016/06/01,6.55,6.61,6.51,6.54,8273788,54825296.00
2016/06/02,6.51,6.62,6.43,6.60,8964376,59480856.00
2016/06/03,6.60,6.67,6.58,6.59,8785195,58840928.00
2016/06/06,6.60,6.72,6.59,6.65,8089619,54471640.00
2016/06/07,6.66,6.70,6.53,6.58,5882235,39144716.00
2016/06/08,6.57,6.76,6.54,6.75,10891671,73727528.00
2016/06/13,6.68,6.68,6.36,6.38,8883623,58958304.00
2016/06/14,6.34,6.45,6.33,6.40,4392757,28321336.00
2016/06/15,6.35,6.58,6.33,6.53,6873117,45066376.00
2016/06/16,6.53,6.53,6.38,6.44,6024242,39323092.00
2016/06/17,6.44,6.54,6.34,6.48,6509664,42533756.00
2016/06/20,6.45,6.62,6.41,6.59,9853861,65184928.00
2016/06/21,6.61,6.63,6.47,6.49,7055253,46694304.00
2016/06/22,6.49,6.71,6.42,6.66,10501774,69762856.00
2016/06/23,6.60,6.80,6.53,6.69,10555184,70959168.00
2016/06/24,6.65,6.67,6.33,6.50,11132833,73321736.00
2016/06/27,6.45,6.78,6.34,6.75,23053852,154966336.00
2016/06/28,6.76,6.91,6.58,6.76,26048494,177708224.00
2016/06/29,6.70,6.87,6.68,6.76,14062194,96068136.00
2016/06/30,6.73,6.78,6.65,6.69,8537487,57704416.00
2016/07/01,6.69,6.78,6.65,6.71,8175759,55444612.00
2016/07/04,6.66,6.81,6.65,6.78,12463389,85132288.00
2016/07/05,6.80,6.82,6.74,6.79,10740626,73481560.00
2016/07/06,6.78,6.86,6.74,6.82,11327059,77839288.00
2016/07/07,6.81,6.87,6.68,6.83,13444655,92113352.00
2016/07/08,6.79,6.82,6.75,6.78,7060053,48430632.00
2016/07/11,6.77,6.81,6.72,6.73,8439812,57689636.00
2016/07/12,6.71,6.79,6.60,6.78,12658831,85712144.00
2016/07/13,6.81,6.88,6.78,6.86,15816194,109293496.00
2016/07/14,6.89,6.92,6.77,6.83,8981608,61960480.00
2016/07/15,6.82,6.84,6.70,6.75,9880013,67506112.00
2016/07/18,6.74,6.75,6.66,6.72,6474580,43903828.00
2016/07/19,6.72,6.78,6.68,6.77,6246427,42443160.00
2016/07/20,6.76,6.77,6.69,6.70,5924424,40253448.00
2016/07/21,6.72,6.77,6.69,6.71,7898446,53676956.00
2016/07/22,6.69,6.72,6.62,6.64,7600848,51134424.00
2016/07/25,6.60,6.65,6.58,6.60,5629350,37610480.00
2016/07/26,6.60,6.71,6.59,6.71,6390046,43090468.00
2016/07/27,6.70,6.71,6.31,6.38,13206282,86512560.00
2016/07/28,6.40,6.46,6.34,6.44,6987591,45250316.00
2016/07/29,6.46,6.47,6.38,6.39,4186753,27032088.00
2016/08/01,6.38,6.39,6.24,6.36,6081481,38568292.00
2016/08/02,6.36,6.40,6.32,6.40,3867849,24752896.00
2016/08/03,6.38,6.41,6.34,6.41,3569726,22899044.00
2016/08/04,6.38,6.42,6.36,6.41,3203605,20606460.00
2016/08/05,6.38,6.46,6.37,6.41,4405413,28501850.00
2016/08/08,6.41,6.49,6.36,6.47,4804858,31137112.00
2016/08/09,6.47,6.55,6.45,6.51,5845681,38319444.00
2016/08/10,6.53,6.54,6.46,6.47,4406035,28781424.00
2016/08/11,6.46,6.49,6.35,6.36,4719073,30417104.00
2016/08/12,6.36,6.43,6.34,6.41,4070732,26164468.00
2016/08/15,6.41,6.58,6.40,6.54,8541459,55959224.00
2016/08/16,6.57,6.60,6.52,6.59,7219024,47665052.00
2016/08/17,6.59,6.60,6.54,6.57,5107883,33750668.00
2016/08/18,6.57,6.71,6.55,6.64,11349696,76029728.00
2016/08/19,6.61,7.24,6.59,7.04,39192054,277164544.00
2016/08/22,6.98,7.08,6.79,6.82,20849809,144535520.00
2016/08/23,6.81,6.90,6.69,6.77,11161503,76287488.00
2016/08/24,6.80,6.94,6.74,6.91,13896303,95715448.00
2016/08/25,6.85,6.85,6.73,6.78,8990636,61268472.00
2016/08/26,6.74,6.84,6.72,6.78,8013658,54605380.00
2016/08/29,6.76,6.78,6.71,6.76,6601904,44793228.00
2016/08/30,6.77,6.77,6.69,6.72,6334928,42811736.00
2016/08/31,6.73,7.01,6.69,6.92,11897582,81072168.00
2016/09/01,6.91,6.93,6.77,6.85,13300254,91617528.00
2016/09/02,6.85,6.92,6.72,6.84,12841644,87888448.00
2016/09/05,6.83,6.83,6.71,6.72,12715890,86513520.00
2016/09/06,6.71,6.79,6.63,6.77,8314292,56138108.00
2016/09/07,6.78,6.84,6.73,6.77,10522216,71831728.00
2016/09/08,6.79,6.91,6.79,6.86,12539777,86472456.00
2016/09/09,6.81,6.86,6.74,6.79,7836692,53633736.00
2016/09/12,6.66,6.69,6.57,6.57,9444734,62885996.00
2016/09/13,6.62,6.71,6.58,6.69,6179562,41384680.00
2016/09/14,6.66,6.69,6.58,6.64,3639000,24258428.00
2016/09/19,6.64,6.78,6.64,6.71,5259286,35530736.00
2016/09/20,6.70,6.77,6.67,6.69,5713975,38632864.00
2016/09/21,6.65,6.81,6.65,6.76,5645069,38336460.00
2016/09/22,6.82,6.83,6.74,6.74,6003365,40983784.00
2016/09/23,6.81,7.23,6.78,6.97,27273667,192233280.00
2016/09/26,6.96,7.05,6.82,6.85,14240187,99405680.00
2016/09/27,6.80,6.92,6.75,6.89,8776820,60227688.00
2016/09/28,6.89,6.89,6.76,6.77,7221949,49425124.00
2016/09/29,6.77,6.92,6.76,6.85,7550152,51847328.00
2016/09/30,6.84,6.88,6.82,6.84,4906619,33800488.00
2016/10/10,6.84,7.00,6.80,6.95,9744808,67591480.00
2016/10/11,6.96,6.96,6.88,6.93,7480272,52023172.00
2016/10/12,6.90,7.19,6.89,7.15,22546056,160386288.00
2016/10/13,7.11,7.19,7.08,7.10,12167582,87125992.00
2016/10/14,7.09,7.16,7.03,7.12,9391764,66905200.00
2016/10/17,7.11,7.41,7.07,7.13,22902041,167151024.00
2016/10/18,7.12,7.31,7.09,7.19,14729880,106359208.00
2016/10/19,7.16,7.19,7.07,7.09,12062054,86306640.00
2016/10/20,7.08,7.17,7.06,7.11,9718583,69458152.00
2016/10/21,7.09,7.12,6.96,6.99,13660663,96447520.00
2016/10/24,6.99,7.03,6.92,7.00,9041159,63561184.00
2016/10/25,7.01,7.03,6.97,7.01,7106802,50000680.00
2016/10/26,7.01,7.01,6.91,6.94,7384515,51629944.00
2016/10/27,6.94,7.01,6.91,6.98,5231557,36688360.00
2016/10/28,6.98,7.03,6.90,6.92,7049534,49265016.00
2016/10/31,6.92,6.94,6.83,6.86,5173631,35694876.00
2016/11/01,6.83,7.03,6.83,6.98,8783550,61342460.00
2016/11/02,6.96,7.01,6.89,6.91,4850102,33846280.00
2016/11/03,6.88,6.99,6.88,6.94,7642801,53422692.00
2016/11/04,6.92,6.99,6.88,6.92,6521220,45429448.00
2016/11/07,6.92,6.97,6.90,6.95,6114351,42751176.00
2016/11/08,6.96,7.16,6.94,7.15,18199412,129467952.00
2016/11/09,7.87,7.87,7.87,7.87,24768844,195921552.00
2016/11/10,8.66,8.66,8.66,8.66,4414251,38403984.00
2016/11/11,9.53,9.53,9.53,9.53,5673250,54293004.00
2016/11/14,10.16,10.36,9.86,10.12,184561591,1866271104.00
2016/11/15,9.63,10.96,9.54,10.49,158805477,1611007104.00
2016/11/16,10.54,10.55,9.66,9.74,106549547,1072389568.00
2016/11/17,9.66,9.92,9.25,9.34,80842228,776784448.00
2016/11/18,9.26,9.50,9.12,9.26,57837158,538656192.00
2016/11/21,9.26,9.26,8.88,8.99,58118808,527306720.00
2016/11/22,9.06,9.20,8.91,9.15,47983607,437865152.00
2016/11/23,9.17,9.30,8.99,9.05,46315763,423991008.00
2016/11/24,9.04,9.09,8.75,8.81,42836317,382515232.00
2016/11/25,8.78,8.80,8.44,8.70,33297921,288712704.00
2016/11/28,8.68,8.87,8.62,8.81,25418395,223626448.00
2016/11/29,8.76,8.78,8.28,8.32,28462640,244716800.00
2016/11/30,8.29,8.39,8.15,8.37,19467742,162165536.00
2016/12/01,8.37,8.49,8.29,8.43,17426922,147178688.00
2016/12/02,8.50,8.71,8.28,8.30,26050955,223199360.00
2016/12/05,8.14,8.39,8.01,8.36,17476083,143345360.00
2016/12/06,8.45,8.50,8.32,8.43,16869247,142576272.00
2016/12/07,8.42,8.84,8.36,8.76,48930857,428016928.00
2016/12/08,8.66,8.82,8.55,8.58,25517897,221807760.00
2016/12/09,8.52,8.75,8.39,8.54,26806500,231575840.00
2016/12/12,8.47,8.51,7.71,7.76,31026000,252844448.00
2016/12/13,7.77,7.93,7.58,7.85,17221242,134985552.00
2016/12/14,7.86,8.24,7.66,7.99,25198150,201651952.00
2016/12/15,7.78,8.45,7.78,8.31,30643775,252052208.00
2016/12/16,8.21,8.76,8.19,8.52,37429605,318978400.00
2016/12/19,8.46,8.55,8.22,8.35,19762458,166273664.00
2016/12/20,8.35,8.75,8.32,8.59,29383987,253581824.00
2016/12/21,8.56,8.70,8.42,8.60,20688319,177451552.00
2016/12/22,8.51,8.60,8.35,8.41,14069341,119442200.00
2016/12/23,8.42,8.49,8.08,8.10,14252869,118804472.00
2016/12/26,8.05,8.30,7.82,8.29,12551479,102146224.00
2016/12/27,8.31,8.61,8.24,8.56,25704653,220049840.00
2016/12/28,8.46,8.75,8.41,8.50,22381163,193073984.00
2016/12/29,8.49,8.74,8.46,8.73,24956436,216101280.00
2016/12/30,8.70,8.86,8.54,8.57,22862912,199418656.00
2017/01/03,8.55,8.71,8.46,8.70,14687807,126907120.00
2017/01/04,8.65,8.75,8.61,8.69,16657397,145237072.00
2017/01/05,8.66,8.66,8.51,8.52,14541801,125241200.00
2017/01/06,8.49,8.51,8.28,8.29,15073639,126706240.00
2017/01/09,8.30,8.37,8.22,8.36,11941368,99395304.00
2017/01/10,8.34,8.84,8.34,8.71,37778643,328700288.00
2017/01/11,8.62,8.68,8.52,8.66,20159067,174032176.00
2017/01/12,8.68,8.76,8.46,8.47,17471233,151061472.00
2017/01/13,8.41,8.46,8.06,8.08,17885100,148723824.00
2017/01/16,7.96,8.05,7.28,7.58,22659926,176347024.00
2017/01/17,7.60,7.73,7.52,7.71,9412894,72294760.00
2017/01/18,7.71,7.74,7.62,7.69,6553113,50746624.00
2017/01/19,7.65,7.65,7.48,7.52,8809420,66788648.00
2017/01/20,7.53,7.73,7.52,7.71,7336495,56326660.00
2017/01/23,7.73,7.89,7.73,7.80,6753800,53034872.00
2017/01/24,7.80,7.81,7.68,7.70,5141200,39902984.00
2017/01/25,7.70,7.77,7.64,7.72,4637353,35940624.00
2017/01/26,7.75,7.86,7.72,7.74,5433800,42432224.00
2017/02/03,7.72,7.75,7.61,7.64,4949000,38136372.00
2017/02/06,7.64,7.77,7.64,7.75,6637800,51414692.00
2017/02/07,7.76,7.98,7.70,7.96,14553994,114800024.00
2017/02/08,7.87,7.94,7.78,7.93,8711091,68801936.00
2017/02/09,7.94,8.01,7.87,7.95,8327323,66412000.00
2017/02/10,7.98,7.99,7.81,7.86,8713138,69057648.00
2017/02/13,7.86,7.96,7.79,7.93,7391027,58686168.00
2017/02/14,8.01,8.03,7.93,7.96,10286735,82421544.00
2017/02/15,7.96,7.98,7.82,7.84,8821500,70114224.00
2017/02/16,7.80,8.07,7.73,8.05,12980478,103364544.00
2017/02/17,8.03,8.23,7.85,8.11,18117535,146707440.00
2017/02/20,7.96,8.10,7.93,8.07,11305968,91032664.00
2017/02/21,8.06,8.72,8.06,8.53,32277431,272226688.00
2017/02/22,8.46,8.52,8.26,8.36,16711139,140503584.00
2017/02/23,8.36,8.43,8.28,8.35,9097203,76169344.00
2017/02/24,8.34,8.51,8.33,8.39,9270663,78429576.00
2017/02/27,8.37,8.37,8.21,8.22,8115685,67490336.00
2017/02/28,8.16,8.30,8.15,8.20,7491244,61780088.00
2017/03/01,8.19,8.35,8.11,8.34,8657501,71814512.00
2017/03/02,8.31,8.50,8.28,8.30,9659732,81276848.00
2017/03/03,8.32,8.34,8.16,8.24,5818218,48141476.00
2017/03/06,8.25,8.33,8.19,8.32,7437796,61613284.00
2017/03/07,8.28,8.39,8.26,8.37,7158699,59898728.00
2017/03/08,8.37,8.51,8.34,8.40,10600663,89779896.00
2017/03/09,8.44,8.51,8.38,8.42,9115737,77284832.00
2017/03/10,8.44,8.63,8.38,8.51,12268514,104826776.00
2017/03/13,8.51,8.51,8.36,8.41,8273561,70027520.00
2017/03/14,8.38,8.47,8.34,8.39,6444151,54304360.00
2017/03/15,8.38,8.41,8.28,8.29,5949700,49750460.00
2017/03/16,8.29,8.37,8.24,8.32,6855947,57300888.00
2017/03/17,8.31,8.44,8.29,8.32,9098457,76523496.00
2017/03/20,8.31,8.41,8.25,8.33,7204033,60161600.00
2017/03/21,8.31,8.34,8.20,8.23,10877325,90399808.00
2017/03/22,8.22,8.27,8.07,8.10,7589400,62107392.00
2017/03/23,8.10,8.29,8.10,8.27,9911659,81750344.00
2017/03/24,8.23,8.31,8.21,8.25,5717157,47438704.00
2017/03/27,8.25,8.37,8.24,8.36,7062361,59092260.00
2017/03/28,8.35,8.40,8.31,8.36,7187529,60405896.00
2017/03/29,8.36,8.38,8.22,8.29,6576055,54800248.00
2017/03/30,8.27,8.29,8.13,8.14,7384870,60668264.00
2017/03/31,8.13,8.27,8.13,8.21,3808408,31388252.00
2017/04/05,8.22,8.52,8.21,8.51,14092963,119084792.00
2017/04/06,8.47,8.57,8.39,8.43,10521225,89452656.00
2017/04/07,8.45,8.58,8.39,8.57,12760863,109276048.00
2017/04/10,8.59,8.80,8.49,8.59,19190580,167159296.00
2017/04/11,8.58,8.74,8.47,8.74,14011339,121297408.00
2017/04/12,8.69,8.74,8.51,8.52,11128988,96409008.00
2017/04/13,8.43,8.57,8.43,8.54,5222327,44700260.00
2017/04/14,8.54,8.64,8.49,8.57,10671129,92023384.00
2017/04/17,8.52,8.58,8.34,8.45,8553621,72441632.00
2017/04/18,8.39,8.55,8.38,8.47,6944930,59159124.00
2017/04/19,8.42,8.47,8.23,8.26,8268500,69460504.00
2017/04/20,8.26,8.38,8.21,8.30,5452500,45540424.00
2017/04/21,8.29,8.49,8.29,8.37,6062188,51182816.00
2017/04/24,8.37,8.45,8.16,8.20,7734930,64449176.00
2017/04/25,8.20,8.20,7.38,7.91,18810428,145878368.00
2017/04/26,7.80,8.13,7.71,8.12,9319945,73845136.00
2017/04/27,8.11,8.14,7.86,7.93,6306316,50572148.00
2017/04/28,7.96,8.06,7.92,7.94,4291500,34484084.00
2017/05/02,7.94,8.06,7.86,8.01,4868698,39032304.00
2017/05/03,7.98,8.08,7.97,8.02,5257255,42406328.00
2017/05/04,8.01,8.09,7.97,8.08,6903209,55860896.00
2017/05/05,8.07,8.14,7.98,8.05,3241600,26234056.00
2017/05/08,8.05,8.05,7.69,7.72,7515439,59369684.00
2017/05/09,7.78,7.78,7.55,7.71,4803075,36898888.00
2017/05/10,7.71,7.81,7.54,7.60,4431384,34148168.00
2017/05/11,7.59,7.64,7.06,7.32,7582400,56334220.00
2017/05/12,7.33,7.42,7.26,7.35,5915176,43725404.00
2017/05/15,7.37,7.72,7.36,7.52,5989693,45603636.00
2017/05/16,7.53,7.62,7.35,7.55,3769302,28297942.00
2017/05/17,7.56,7.61,7.51,7.52,2939490,22368470.00
2017/05/18,7.49,7.58,7.44,7.45,3222384,24272298.00
2017/05/19,7.50,7.54,7.41,7.46,2647500,19870736.00
2017/05/22,7.46,7.49,7.31,7.33,2727035,20274014.00
2017/05/23,7.33,7.33,6.96,7.03,6728738,48287000.00
2017/05/24,7.03,7.18,6.66,7.16,7464240,52147200.00
2017/05/25,7.17,7.26,7.11,7.25,4336834,31365816.00
2017/05/26,7.26,7.33,7.20,7.27,3534427,25794796.00
2017/05/31,7.46,7.52,7.31,7.37,4541166,33792764.00
2017/06/01,7.37,7.41,7.15,7.18,4328899,31490056.00
2017/06/02,7.15,7.47,7.14,7.43,3214159,23640552.00
2017/06/05,7.47,7.47,7.39,7.45,2898018,21635116.00
2017/06/06,7.44,7.45,7.37,7.42,1947610,14514580.00
2017/06/07,7.39,7.52,7.39,7.46,4275554,32085344.00
2017/06/08,7.49,7.50,7.41,7.46,3011163,22555670.00
2017/06/09,7.47,7.47,7.39,7.43,2885070,21575288.00
2017/06/12,7.42,7.74,7.36,7.61,6060998,46100136.00
2017/06/13,7.59,7.72,7.56,7.67,4499554,34663144.00
2017/06/14,7.67,7.71,7.59,7.60,2260890,17356840.00
2017/06/15,7.60,8.14,7.57,8.01,9511273,75220928.00
2017/06/16,8.26,8.26,7.91,7.91,8876927,71564392.00
2017/06/19,7.95,7.99,7.83,7.84,3564064,28286356.00
2017/06/20,7.85,8.13,7.85,8.08,7534488,60959476.00
2017/06/21,8.16,8.25,8.02,8.05,5049148,41031544.00
2017/06/22,8.04,8.07,7.81,7.86,4392661,35145428.00
2017/06/23,7.86,8.04,7.73,7.91,4104201,32608316.00
2017/06/26,7.87,8.00,7.87,7.96,2671788,21330556.00
2017/06/27,7.95,8.00,7.92,7.95,2206824,17647536.00
2017/06/28,7.94,7.98,7.86,7.95,3282200,26207342.00
2017/06/29,7.95,8.16,7.94,7.97,4247195,34250248.00
2017/06/30,7.97,7.99,7.84,7.89,3129900,24813820.00
2017/07/03,7.89,7.98,7.82,7.95,3423034,27182904.00
2017/07/04,7.94,7.97,7.81,7.83,2860402,22639220.00
2017/07/05,7.85,7.87,7.74,7.85,2773185,21764914.00
2017/07/06,7.86,7.88,7.75,7.76,2386111,18707210.00
2017/07/07,7.77,7.79,7.70,7.75,2510900,19528436.00
2017/07/10,7.75,7.78,7.49,7.53,7019521,53778452.00
2017/07/11,7.51,7.67,7.49,7.53,3775301,28755060.00
2017/07/12,7.46,7.65,7.45,7.64,4805817,36539800.00
2017/07/13,7.64,7.72,7.59,7.64,2906810,22325646.00
2017/07/14,7.68,7.68,7.58,7.61,1863300,14188008.00
2017/07/17,7.62,7.64,6.85,7.25,4575680,33468252.00
2017/07/18,7.18,7.52,7.18,7.46,6551436,48163800.00
2017/07/19,7.45,7.54,7.40,7.50,3442002,25714292.00
2017/07/20,7.52,7.56,7.48,7.51,2581700,19428880.00
2017/07/21,7.51,7.51,7.38,7.43,2913038,21653970.00
2017/07/24,7.45,7.45,7.34,7.37,2647100,19528116.00
2017/07/25,7.37,7.41,7.32,7.40,2712876,19963076.00
2017/07/26,7.40,7.44,7.34,7.40,3022005,22342826.00
2017/07/27,7.40,7.55,7.36,7.52,3657810,27338034.00
2017/07/28,7.50,7.56,7.41,7.47,2582000,19264804.00
2017/08/02,7.48,7.48,7.48,7.48,0,0.00
数据来源:通达信
