600093 易见股份 日线 前复权
      日期	    开盘	    最高	    最低	    收盘	    成交量	    成交额
2010/10/08,6.53,6.73,6.47,6.67,16691232,115866592.00
2010/10/11,6.83,7.27,6.79,6.90,27721807,202624768.00
2010/10/12,6.84,7.04,6.71,6.93,17871740,128586016.00
2010/10/13,6.92,7.04,6.80,6.95,12825398,92499280.00
2010/10/14,6.97,7.09,6.79,6.85,17952475,130146864.00
2010/10/15,6.72,6.77,6.49,6.58,15644761,108570752.00
2010/10/18,6.54,6.57,6.24,6.39,10110653,67519072.00
2010/10/19,6.41,6.61,6.34,6.61,7302136,49797500.00
2010/10/20,6.47,6.86,6.42,6.81,16868097,117871992.00
2010/10/21,6.84,6.85,6.59,6.67,9465197,66226476.00
2010/10/22,6.70,6.91,6.55,6.89,15052821,106127616.00
2010/10/25,6.90,6.98,6.78,6.92,19379854,139785728.00
2010/10/26,6.92,6.94,6.72,6.83,13536008,96211224.00
2010/10/27,6.76,6.93,6.76,6.82,12065899,86343768.00
2010/10/28,6.80,7.14,6.73,7.04,23580823,170984912.00
2010/10/29,6.99,7.05,6.83,6.93,11699555,84560184.00
2010/11/01,6.89,7.07,6.89,7.04,15079448,110119088.00
2010/11/02,7.05,7.08,6.89,6.94,15411359,111892368.00
2010/11/03,6.93,7.23,6.90,7.05,24456155,181505376.00
2010/11/04,7.08,7.26,6.99,7.25,19124031,142713344.00
2010/11/05,7.35,7.37,7.10,7.21,18954170,142678032.00
2010/11/08,7.22,7.59,7.14,7.52,23409089,181812352.00
2010/11/09,7.49,7.56,7.32,7.48,17559539,135885792.00
2010/11/10,7.44,7.71,7.42,7.49,16287952,128223432.00
2010/11/11,7.44,7.47,7.23,7.25,17840598,136676640.00
2010/11/12,7.21,7.27,6.67,7.00,19481026,142139184.00
2010/11/15,6.95,7.38,6.89,7.33,16187629,120945568.00
2010/11/16,7.29,7.60,7.01,7.51,30211986,232517520.00
2010/11/17,7.34,7.64,7.15,7.44,23947120,184544176.00
2010/11/18,7.49,7.64,7.30,7.57,31332235,245069328.00
2010/11/19,7.52,7.64,7.20,7.47,20801023,160321024.00
2010/11/22,7.37,7.44,7.22,7.30,14293371,109103792.00
2010/11/23,7.24,7.27,6.74,6.87,15313636,110767920.00
2010/11/24,6.74,6.95,6.74,6.94,8593758,61731240.00
2010/11/25,6.94,7.02,6.90,7.00,8065092,58625828.00
2010/11/26,6.99,7.00,6.78,6.89,7669972,55218296.00
2010/11/30,6.87,6.91,6.19,6.45,11932214,81517256.00
2010/12/01,6.46,6.55,6.36,6.49,4856182,32944456.00
2010/12/02,6.56,6.68,6.48,6.54,7637119,52515660.00
2010/12/03,6.54,6.58,6.41,6.54,4568066,31059740.00
2010/12/06,6.59,6.64,6.39,6.62,6960279,47594692.00
2010/12/07,6.58,6.84,6.54,6.71,8598338,60158648.00
2010/12/08,6.64,6.66,6.44,6.54,5694374,39162224.00
2010/12/09,6.50,6.53,6.29,6.33,4662725,31151006.00
2010/12/10,6.31,6.40,6.25,6.34,3313196,21991440.00
2010/12/13,6.38,6.49,6.38,6.48,4434927,29965110.00
2010/12/14,6.48,6.68,6.44,6.63,8245315,56932800.00
2010/12/15,6.59,6.75,6.53,6.56,7335654,51024288.00
2010/12/16,6.51,6.61,6.49,6.52,3919063,26820352.00
2010/12/17,6.55,6.63,6.52,6.57,3373771,23207842.00
2010/12/20,6.63,6.82,6.50,6.78,14179448,99368400.00
2010/12/21,6.84,6.86,6.67,6.79,8593641,60693696.00
2010/12/22,6.79,6.79,6.61,6.62,5762142,40224084.00
2010/12/23,6.62,6.73,6.52,6.53,4493465,31203170.00
2010/12/24,6.53,6.53,6.25,6.33,4410455,29413958.00
2010/12/27,6.35,6.40,5.99,6.04,4859710,31830908.00
2010/12/28,6.00,6.02,5.81,5.90,4060887,25225088.00
2010/12/29,5.90,6.04,5.86,6.03,2579532,16113935.00
2010/12/30,6.01,6.02,5.88,5.96,1790796,11207143.00
2010/12/31,5.97,6.09,5.97,6.08,2506082,15883467.00
2011/01/04,6.18,6.18,6.06,6.11,3444446,22104304.00
2011/01/05,6.13,6.16,6.04,6.14,3609569,23192212.00
2011/01/06,6.17,6.17,6.07,6.09,2822573,18106804.00
2011/01/07,6.04,6.15,5.98,6.09,3332631,21308214.00
2011/01/10,6.05,6.09,5.86,5.88,3036746,19055678.00
2011/01/11,5.88,5.89,5.73,5.84,2426859,14859678.00
2011/01/12,5.87,5.97,5.81,5.96,2967267,18395952.00
2011/01/13,5.95,6.08,5.90,6.06,4325276,27387498.00
2011/01/14,6.17,6.17,5.96,6.05,3668521,23297350.00
2011/01/17,6.06,6.22,5.92,6.19,9241820,59229900.00
2011/01/18,6.16,6.84,6.09,6.59,21237472,143395248.00
2011/01/19,6.43,6.69,6.37,6.52,15924083,108121688.00
2011/01/20,6.47,6.54,6.21,6.39,11004287,73642128.00
2011/01/21,6.27,6.52,6.17,6.34,7872614,52205328.00
2011/01/24,6.29,6.34,6.01,6.02,5405600,35129644.00
2011/01/25,5.98,6.26,5.63,5.71,6469613,39494984.00
2011/01/26,5.74,5.78,5.65,5.77,3111918,18769772.00
2011/01/27,5.77,5.86,5.69,5.85,3342215,20366512.00
2011/01/28,5.87,5.94,5.80,5.90,3127254,19325964.00
2011/01/31,5.87,6.03,5.87,6.00,4268263,26793302.00
2011/02/01,6.02,6.07,5.96,6.02,3177818,20101704.00
2011/02/09,5.99,6.65,5.96,6.65,28318810,194552736.00
2011/02/10,6.79,7.03,6.69,6.88,30471021,219310784.00
2011/02/11,6.78,6.86,6.69,6.78,17707539,125197416.00
2011/02/14,6.79,7.03,6.72,6.88,21483849,154018672.00
2011/02/15,6.88,7.18,6.75,7.06,26126748,189489168.00
2011/02/16,6.97,7.06,6.85,6.98,16237705,117942072.00
2011/02/17,6.99,7.15,6.87,7.07,19936548,146343008.00
2011/02/18,7.04,7.04,6.84,6.84,12998108,93616680.00
2011/02/21,6.79,7.04,6.79,6.97,10695069,77476400.00
2011/02/22,6.90,7.37,6.80,7.06,27388601,202563216.00
2011/02/23,7.03,7.16,6.86,7.02,15381621,112505704.00
2011/02/24,6.94,7.28,6.90,7.15,16030948,119216696.00
2011/02/25,7.12,7.27,6.97,7.24,13349462,99281904.00
2011/02/28,7.31,7.45,7.20,7.28,17968478,137055552.00
2011/03/01,7.28,7.42,7.11,7.34,17362205,130828536.00
2011/03/02,7.24,7.24,7.02,7.15,10935768,81571592.00
2011/03/03,7.14,7.24,6.90,6.94,9202941,67650056.00
2011/03/04,6.95,7.13,6.90,7.08,7337619,53867120.00
2011/03/07,7.05,7.18,7.03,7.15,10201960,75553816.00
2011/03/08,7.10,7.18,7.05,7.14,7329338,54525592.00
2011/03/09,7.13,7.26,7.09,7.24,11201877,84118680.00
2011/03/10,7.19,7.23,7.00,7.07,9669692,71576120.00
2011/03/11,6.99,7.10,6.97,7.00,8316174,61051000.00
2011/03/14,6.99,7.30,6.93,7.14,10265302,75990872.00
2011/03/15,7.11,7.16,6.80,6.91,8272211,60054804.00
2011/03/16,6.90,7.02,6.87,6.96,6419358,46570596.00
2011/03/17,6.89,7.25,6.84,7.06,17809770,132351568.00
2011/03/18,7.11,7.22,7.02,7.16,10032000,74743760.00
2011/03/21,7.09,7.16,6.91,7.01,7839463,57451832.00
2011/03/22,6.99,7.01,6.85,6.95,5212619,37637896.00
2011/03/23,6.87,7.01,6.87,6.98,3747812,27231000.00
2011/03/24,6.97,7.23,6.94,7.19,12762077,94865880.00
2011/03/25,7.16,7.29,7.13,7.24,12606007,94760488.00
2011/03/28,7.17,7.39,7.14,7.24,17494361,132727096.00
2011/03/29,7.20,7.61,7.17,7.36,27148840,209724400.00
2011/03/30,7.36,7.45,6.92,6.99,18001283,133550288.00
2011/03/31,6.89,7.07,6.82,6.84,9583391,68988016.00
2011/04/01,6.83,6.93,6.74,6.90,5663395,40561676.00
2011/04/06,6.91,6.99,6.83,6.95,5793892,41931040.00
2011/04/07,6.98,6.98,6.84,6.93,5689311,41041284.00
2011/04/08,7.08,7.08,6.92,6.98,4578834,33370092.00
2011/04/11,6.92,7.01,6.84,6.90,6280627,45396488.00
2011/04/12,6.88,6.99,6.87,6.95,5151786,37271784.00
2011/04/13,6.94,7.17,6.87,7.12,9465310,69726304.00
2011/04/14,7.13,7.32,7.09,7.19,13347796,100111776.00
2011/04/15,7.19,7.21,6.90,7.03,7966231,58555528.00
2011/04/18,6.98,7.34,6.97,7.34,14259267,107304952.00
2011/04/19,7.29,7.54,7.20,7.21,17763893,136380336.00
2011/04/20,7.19,7.49,7.12,7.29,12590919,96038624.00
2011/04/21,7.29,7.74,7.24,7.54,24831014,194822832.00
2011/04/22,7.49,7.56,7.31,7.45,12404191,96112384.00
2011/04/25,7.41,7.54,7.27,7.33,11416922,88071152.00
2011/04/26,7.27,7.29,6.94,7.10,10486103,77341248.00
2011/04/27,7.07,7.14,6.84,6.92,6395112,46715816.00
2011/04/28,6.92,7.05,6.41,6.43,7506018,53139080.00
2011/04/29,6.40,6.54,6.37,6.51,5340048,36247688.00
2011/05/03,6.53,6.65,6.45,6.63,5075190,34911392.00
2011/05/04,6.59,6.59,6.37,6.38,6528671,44183268.00
2011/05/05,6.37,6.52,6.36,6.49,3737621,25223704.00
2011/05/06,6.47,6.69,6.35,6.63,6488288,44693020.00
2011/05/09,6.69,6.88,6.63,6.81,9973137,70909792.00
2011/05/10,6.80,7.04,6.71,6.92,11885156,85845512.00
2011/05/11,6.87,7.08,6.84,6.94,8953398,64994296.00
2011/05/12,6.89,7.00,6.79,6.82,7126930,51441088.00
2011/05/13,6.81,6.99,6.71,6.99,7776750,55827992.00
2011/05/16,6.95,7.17,6.90,6.92,7197179,52717356.00
2011/05/17,6.84,6.86,6.55,6.60,11446881,79966840.00
2011/05/18,6.51,6.68,6.50,6.68,4507366,31287706.00
2011/05/19,6.64,6.70,6.57,6.61,3386060,23539264.00
2011/05/20,6.56,6.62,6.49,6.56,3416639,23464442.00
2011/05/23,6.57,7.25,6.54,6.85,29017733,211712320.00
2011/05/24,6.71,6.77,6.13,6.45,17747659,118958176.00
2011/05/25,6.38,6.70,6.27,6.49,10405686,71563424.00
2011/05/26,6.51,6.82,6.50,6.75,11922654,83602624.00
2011/05/27,6.72,6.87,6.38,6.52,9920521,68450256.00
2011/05/30,6.37,6.46,5.95,5.99,8097267,52939504.00
2011/05/31,6.02,6.18,5.92,6.16,4691990,29859536.00
2011/06/01,6.15,6.50,6.08,6.31,6546763,43331840.00
2011/06/02,6.23,6.24,5.99,6.13,4852239,31248480.00
2011/06/03,6.14,6.37,6.13,6.23,3791337,24818368.00
2011/06/07,6.20,6.29,6.17,6.28,3226587,21129164.00
2011/06/08,6.26,6.42,6.21,6.41,5529919,36830024.00
2011/06/09,6.36,6.37,6.16,6.16,4521030,29644932.00
2011/06/10,6.16,6.22,6.01,6.20,3015383,19340700.00
2011/06/13,6.16,6.17,6.03,6.14,2435105,15599523.00
2011/06/14,6.05,6.39,6.05,6.25,4008357,26260010.00
2011/06/15,6.22,6.32,6.20,6.21,2619601,17187738.00
2011/06/16,6.09,6.17,5.98,6.07,3377566,21544920.00
2011/06/17,6.17,6.17,5.90,5.94,2729598,17311066.00
2011/06/21,5.85,5.96,5.77,5.91,3399215,21029136.00
2011/06/22,5.91,5.96,5.83,5.89,1745739,10836572.00
2011/06/23,5.89,5.98,5.72,5.95,3176157,19611744.00
2011/06/24,5.91,6.09,5.89,6.08,4422415,28024060.00
2011/06/27,6.05,6.27,6.03,6.18,4849935,31328964.00
2011/06/28,6.27,6.27,6.10,6.15,3300071,21311934.00
2011/06/29,6.15,6.20,6.03,6.04,2671014,17207280.00
2011/06/30,6.03,6.17,6.01,6.15,3238047,20785756.00
2011/07/01,6.17,6.59,6.11,6.50,15789217,105690656.00
2011/07/04,6.44,7.18,6.44,7.13,42738874,311100608.00
2011/07/05,7.07,7.11,6.92,7.06,38795386,284311072.00
2011/07/06,7.01,7.10,6.92,7.08,31405893,230125328.00
2011/07/07,7.07,7.08,6.85,6.92,19671189,143251744.00
2011/07/08,6.89,6.99,6.80,6.98,12069128,87239792.00
2011/07/11,6.93,7.07,6.84,6.96,11808098,86062328.00
2011/07/12,6.94,7.22,6.83,7.12,22722072,167660240.00
2011/07/13,7.13,7.27,7.04,7.19,14148853,105966400.00
2011/07/14,7.19,7.21,7.05,7.09,15600596,115785520.00
2011/07/15,7.04,7.41,7.03,7.40,41383509,315748352.00
2011/07/18,7.52,7.52,7.23,7.44,41002624,315192256.00
2011/07/19,7.45,7.45,7.21,7.39,28673111,219998112.00
2011/07/20,7.39,7.57,7.26,7.54,33923005,262546032.00
2011/07/21,7.53,7.60,7.32,7.41,35310017,273918720.00
2011/07/22,7.41,7.51,7.33,7.45,26216786,202539936.00
2011/07/25,7.38,7.56,7.13,7.40,31861034,244926576.00
2011/07/26,7.38,8.05,7.24,7.89,49849159,396148224.00
2011/07/27,7.89,7.89,7.37,7.60,38230670,301624096.00
2011/07/28,7.41,7.53,7.25,7.47,15763765,121445344.00
2011/07/29,7.39,7.48,6.91,6.93,21574032,160287200.00
2011/08/01,6.91,7.04,6.88,6.96,9726725,70693048.00
2011/08/02,6.94,7.00,6.77,6.95,7886910,56693720.00
2011/08/03,6.85,7.15,6.81,7.03,10189563,74691392.00
2011/08/04,7.02,7.08,6.89,6.91,7875654,57364632.00
2011/08/05,6.66,6.76,6.56,6.57,11642688,81238080.00
2011/08/08,6.41,6.54,5.92,6.10,10604130,69397016.00
2011/08/09,5.92,6.27,5.67,6.20,11023182,69819368.00
2011/08/10,6.32,6.41,6.21,6.23,10032523,66240888.00
2011/08/11,6.07,6.46,5.99,6.44,10232225,67931144.00
2011/08/12,6.52,6.75,6.39,6.63,13202695,90762192.00
2011/08/15,6.59,6.90,6.48,6.70,11541406,81047632.00
2011/08/16,6.71,6.75,6.55,6.57,8535178,59212508.00
2011/08/17,6.55,6.61,6.41,6.47,7199161,49207704.00
2011/08/18,6.47,6.52,6.19,6.22,8157322,54235920.00
2011/08/19,6.07,6.16,6.01,6.12,5908195,37762420.00
2011/08/22,6.15,6.22,6.07,6.08,4028550,25996544.00
2011/08/23,6.14,6.28,6.09,6.28,4181027,27240648.00
2011/08/24,6.35,6.35,6.18,6.20,4247492,27921940.00
2011/08/25,6.21,6.39,6.19,6.38,6329714,42011304.00
2011/08/26,6.37,6.48,6.31,6.40,5584411,37500296.00
2011/08/29,6.37,6.52,6.35,6.39,5864601,39586452.00
2011/08/30,6.46,6.66,6.27,6.30,6740840,45685176.00
2011/08/31,6.26,6.56,6.24,6.49,8173531,55113816.00
2011/09/01,6.52,6.53,6.29,6.33,5042229,33820776.00
2011/09/02,6.32,6.37,6.08,6.16,5347454,34601408.00
2011/09/05,6.10,6.11,5.99,6.07,2976471,18944072.00
2011/09/06,6.04,6.08,5.95,5.99,2887688,18235112.00
2011/09/07,6.03,6.19,6.02,6.15,4347180,27901170.00
2011/09/08,6.20,6.23,6.05,6.06,3844220,24844064.00
2011/09/09,6.06,6.16,5.97,6.01,3095195,19695720.00
2011/09/13,5.93,5.99,5.87,5.94,2341329,14612170.00
2011/09/14,5.96,6.07,5.89,6.06,2793094,17564206.00
2011/09/15,6.07,6.17,6.04,6.07,3115787,19984112.00
2011/09/16,6.08,6.14,6.03,6.05,1924468,12294278.00
2011/09/19,6.05,6.05,5.89,5.91,2449604,15376664.00
2011/09/20,5.92,6.01,5.85,5.91,2123501,13237832.00
2011/09/21,5.89,6.13,5.88,6.08,3794465,24076916.00
2011/09/22,6.03,6.13,5.90,5.91,3893652,24665472.00
2011/09/23,5.87,5.88,5.75,5.85,2681045,16455510.00
2011/09/26,5.82,5.90,5.76,5.77,1900010,11647558.00
2011/09/27,5.83,5.88,5.78,5.80,1882669,11547434.00
2011/09/28,5.88,6.04,5.79,5.93,8154626,50885088.00
2011/09/29,5.89,5.93,5.41,5.49,7231214,43607424.00
2011/09/30,5.54,5.56,5.20,5.35,4172021,23668192.00
2011/10/10,5.37,5.42,5.31,5.32,1237235,7013659.00
2011/10/11,5.48,5.52,5.17,5.23,2855394,16116559.00
2011/10/12,5.23,5.47,5.18,5.44,3489716,19824624.00
2011/10/13,5.42,5.54,5.36,5.53,4234000,24591210.00
2011/10/14,5.55,5.55,5.43,5.51,2694836,15624808.00
2011/10/17,5.52,5.56,5.49,5.51,2459443,14346484.00
2011/10/18,5.46,5.69,5.33,5.40,7447397,43770148.00
2011/10/19,5.40,5.54,5.40,5.52,3330898,19283144.00
2011/10/20,5.53,5.53,5.25,5.29,3230853,18209912.00
2011/10/21,5.31,5.53,5.29,5.45,5362153,30805824.00
2011/10/24,5.47,5.66,5.46,5.65,7316828,42940160.00
2011/10/25,5.62,5.84,5.54,5.75,9358424,56588720.00
2011/10/26,5.70,6.00,5.66,5.97,15753884,97395808.00
2011/10/27,5.93,6.03,5.84,6.00,17456370,108884032.00
2011/10/28,5.97,6.44,5.87,6.29,23283683,148360736.00
2011/10/31,6.20,6.33,6.08,6.32,9619005,62493240.00
2011/11/01,6.32,6.46,6.18,6.35,23651333,156318224.00
2011/11/02,6.26,6.33,6.05,6.30,20296784,132732032.00
2011/11/03,6.30,6.66,6.18,6.31,22781634,151579744.00
2011/11/04,6.33,6.54,6.16,6.21,13701512,89814200.00
2011/11/07,6.17,6.28,6.03,6.05,7944434,50804208.00
2011/11/08,6.05,6.16,6.01,6.05,5094788,32565044.00
2011/11/09,6.09,6.14,5.93,6.07,5834692,37010868.00
2011/11/10,5.98,6.04,5.94,5.96,4899366,30832328.00
2011/11/11,5.98,6.12,5.95,6.05,6494716,41361920.00
2011/11/14,6.09,6.16,6.05,6.15,6242087,40150472.00
2011/11/15,6.15,6.17,6.07,6.14,5161278,33184936.00
2011/11/16,6.10,6.16,5.77,5.79,8512723,53132016.00
2011/11/17,5.81,5.84,5.67,5.72,5376014,32577876.00
2011/11/18,5.71,5.71,5.54,5.56,4439948,26327708.00
2011/11/21,5.58,5.67,5.57,5.66,2574271,15252118.00
2011/11/22,5.66,5.66,5.52,5.63,2559652,15090230.00
2011/11/23,5.67,5.70,5.59,5.60,2277534,13561344.00
2011/11/24,5.57,5.62,5.46,5.52,2318492,13551222.00
2011/11/25,5.52,5.59,5.42,5.45,1620994,9427758.00
2011/11/28,5.47,5.63,5.47,5.57,2650669,15573959.00
2011/11/29,5.62,5.73,5.60,5.68,3488419,20846568.00
2011/11/30,5.64,5.68,5.22,5.34,4140548,23738700.00
2011/12/01,5.51,5.57,5.40,5.41,3692298,21379542.00
2011/12/02,5.41,5.42,5.23,5.26,2455766,13754395.00
2011/12/05,5.27,5.27,5.09,5.10,1983226,10857954.00
2011/12/06,5.11,5.15,5.01,5.09,1536129,8269730.00
2011/12/07,5.09,5.16,5.08,5.15,1378610,7493891.00
2011/12/08,5.12,5.25,5.03,5.19,2151405,11725056.00
2011/12/09,5.14,5.18,5.09,5.12,1119321,6089768.00
2011/12/12,5.12,5.17,5.02,5.03,1277250,6913263.00
2011/12/13,5.02,5.02,4.69,4.70,2940749,15040328.00
2011/12/14,4.67,4.80,4.61,4.62,1943167,9746894.00
2011/12/15,4.61,4.62,4.25,4.31,3302644,15509889.00
2011/12/16,4.33,4.50,4.30,4.49,2217221,10416980.00
2011/12/19,4.49,4.50,4.30,4.48,1999496,9430409.00
2011/12/20,4.45,4.54,4.40,4.41,1916618,9184205.00
2011/12/21,4.47,4.52,4.26,4.26,1899735,8932501.00
2011/12/22,4.20,4.25,3.95,4.15,3332857,14664589.00
2011/12/23,4.13,4.24,4.09,4.17,1673249,7509876.00
2011/12/26,4.17,4.31,4.13,4.19,3165293,14359976.00
2011/12/27,4.14,4.20,4.01,4.01,1888732,8351984.00
2011/12/28,4.00,4.07,3.85,4.02,2429336,10344832.00
2011/12/29,4.01,4.09,3.96,4.04,1680988,7319580.00
2011/12/30,4.02,4.15,4.02,4.13,1903526,8414637.00
2012/01/04,4.19,4.19,4.01,4.03,1872680,8293334.00
2012/01/05,4.02,4.02,3.77,3.81,1848918,7804104.00
2012/01/06,3.78,3.82,3.59,3.79,2637418,10578679.00
2012/01/09,3.80,4.06,3.72,4.02,2639974,11203444.00
2012/01/10,4.04,4.23,4.02,4.21,4671277,20942482.00
2012/01/11,4.16,4.26,4.13,4.22,3974514,17871484.00
2012/01/12,4.19,4.29,4.15,4.19,2781152,12591102.00
2012/01/13,4.18,4.23,3.97,4.01,2758837,12132220.00
2012/01/16,3.95,4.05,3.91,3.93,1402964,6028960.00
2012/01/17,3.95,4.19,3.92,4.17,2134384,9378114.00
2012/01/18,4.16,4.26,4.05,4.08,2059851,9220477.00
2012/01/19,4.09,4.25,4.09,4.16,2222755,9972776.00
2012/01/20,4.17,4.28,4.16,4.28,3284473,14973165.00
2012/01/30,4.31,4.36,4.23,4.23,3467527,15927032.00
2012/01/31,4.30,4.37,4.26,4.33,4006970,18530532.00
2012/02/01,4.33,4.53,4.29,4.42,6534656,30996144.00
2012/02/02,4.49,4.71,4.49,4.70,9820747,48081508.00
2012/02/03,4.67,4.70,4.58,4.64,8097050,39969276.00
2012/02/06,4.64,4.65,4.56,4.60,4854120,23805700.00
2012/02/07,4.59,4.62,4.46,4.50,3969924,19252912.00
2012/02/08,4.49,4.61,4.46,4.60,3975289,19309988.00
2012/02/09,4.64,4.64,4.56,4.58,5730075,28107952.00
2012/02/10,4.57,4.66,4.56,4.61,4790153,23567296.00
2012/02/13,4.56,4.64,4.52,4.61,3572372,17498688.00
2012/02/14,4.61,4.64,4.56,4.62,2801527,13754403.00
2012/02/15,4.59,4.70,4.58,4.69,5776794,28699662.00
2012/02/16,4.69,4.82,4.67,4.77,7080493,35814320.00
2012/02/17,4.79,4.81,4.63,4.67,3986440,19969018.00
2012/02/20,4.76,4.76,4.64,4.65,3706741,18562236.00
2012/02/21,4.65,4.71,4.57,4.70,3588737,17772044.00
2012/02/22,4.69,4.77,4.66,4.76,5238607,26415574.00
2012/02/23,4.78,4.86,4.74,4.78,5558416,28338652.00
2012/02/24,4.79,4.83,4.71,4.82,5903155,30060504.00
2012/02/27,4.82,4.93,4.81,4.83,6834168,35467384.00
2012/02/28,4.79,5.04,4.74,4.94,9113900,47241112.00
2012/02/29,4.90,4.94,4.79,4.79,5294274,27307924.00
2012/03/01,4.78,4.83,4.72,4.80,3003729,15322855.00
2012/03/02,4.79,4.88,4.79,4.88,4188784,21634824.00
2012/03/05,4.89,4.96,4.85,4.89,5483825,28585400.00
2012/03/06,4.88,4.89,4.75,4.77,4268972,21787304.00
2012/03/07,4.69,4.81,4.67,4.71,4178389,21132676.00
2012/03/08,4.74,4.81,4.74,4.79,3072724,15629225.00
2012/03/09,4.84,4.93,4.81,4.90,6490423,33718272.00
2012/03/12,4.93,5.01,4.88,5.00,8166213,42977808.00
2012/03/13,4.98,5.53,4.95,5.49,25193322,141226944.00
2012/03/14,5.39,5.39,5.09,5.12,19149031,107620424.00
2012/03/15,5.04,5.33,4.89,5.29,14207871,77850464.00
2012/03/16,5.31,5.77,5.22,5.66,19202130,110979568.00
2012/03/19,5.49,5.65,5.46,5.58,26067217,152022240.00
2012/03/20,5.50,5.50,5.25,5.26,9547318,53846480.00
2012/03/21,5.25,5.33,5.10,5.33,6142298,34151972.00
2012/03/22,5.32,5.32,5.14,5.24,3573150,19834832.00
2012/03/23,5.22,5.26,5.12,5.16,3295968,18069002.00
2012/03/26,5.17,5.20,4.87,4.93,5800611,30910360.00
2012/03/27,4.98,4.99,4.79,4.80,5203321,27035164.00
2012/03/28,4.74,4.81,4.47,4.49,6156144,30078516.00
2012/03/29,4.48,4.48,4.34,4.38,3582054,16914466.00
2012/03/30,4.43,4.56,4.32,4.52,4527499,21424284.00
2012/04/05,4.49,4.74,4.48,4.68,5016886,24583712.00
2012/04/06,4.64,4.73,4.58,4.64,3596396,17899368.00
2012/04/09,4.63,4.66,4.42,4.45,2678198,13094927.00
2012/04/10,4.42,4.60,4.36,4.59,3131291,14992913.00
2012/04/11,4.52,4.63,4.45,4.59,2801268,13647305.00
2012/04/12,4.59,4.74,4.59,4.69,5019200,25022044.00
2012/04/13,4.70,4.83,4.67,4.77,5726144,29072208.00
2012/04/16,4.74,5.00,4.71,4.92,7398863,38451888.00
2012/04/17,4.92,4.93,4.74,4.75,5732817,29398348.00
2012/04/19,4.86,4.90,4.80,4.82,4981875,25720336.00
2012/04/20,4.81,4.89,4.77,4.87,4712228,24278472.00
2012/04/23,4.86,4.87,4.72,4.73,4676870,23837012.00
2012/04/24,4.69,4.77,4.46,4.63,5158528,25426304.00
2012/04/25,4.63,4.77,4.58,4.76,4283574,21477776.00
2012/04/26,4.77,4.93,4.75,4.86,5776318,29720398.00
2012/04/27,4.83,4.87,4.70,4.75,3458250,17569904.00
2012/05/02,4.78,4.87,4.75,4.83,3812571,19510348.00
2012/05/03,4.83,4.83,4.69,4.76,4841026,24465784.00
2012/05/04,4.75,4.83,4.72,4.83,3517795,17918056.00
2012/05/07,4.81,4.81,4.69,4.78,3644782,18420372.00
2012/05/08,4.75,4.81,4.68,4.78,4098692,20734724.00
2012/05/09,4.74,4.74,4.58,4.62,4555193,22601836.00
2012/05/10,4.61,4.66,4.59,4.64,2448836,12074493.00
2012/05/11,4.64,4.68,4.59,4.59,2232247,11030083.00
2012/05/14,4.67,4.67,4.58,4.59,1932876,9515179.00
2012/05/15,4.57,4.61,4.54,4.60,1963731,9599092.00
2012/05/16,4.60,4.65,4.57,4.58,1911715,9408411.00
2012/05/17,4.57,4.65,4.50,4.63,2453164,12008894.00
2012/05/18,4.59,4.62,4.53,4.56,1634822,7968832.00
2012/05/21,4.50,4.57,4.44,4.53,1672710,8061113.00
2012/05/22,4.56,4.59,4.52,4.58,1263448,6144633.00
2012/05/23,4.55,4.58,4.49,4.50,1735395,8379561.00
2012/05/24,4.50,4.53,4.45,4.48,1816420,8724479.00
2012/05/25,4.47,4.50,4.38,4.41,1967946,9307792.00
2012/05/28,4.38,4.45,4.23,4.44,2455327,11435458.00
2012/05/29,4.40,4.54,4.40,4.52,2392230,11488420.00
2012/05/30,4.51,4.55,4.49,4.53,1802673,8704204.00
2012/05/31,4.49,4.56,4.48,4.54,1889851,9142899.00
2012/06/01,4.54,4.56,4.49,4.50,1550918,7491397.00
2012/06/04,4.42,4.43,4.28,4.30,2256647,10507012.00
2012/06/05,4.34,4.34,4.25,4.28,985427,4532208.00
2012/06/07,4.31,4.34,4.25,4.29,2689838,12345389.00
2012/06/08,4.30,4.33,4.24,4.27,1592809,7315384.00
2012/06/11,4.25,4.37,4.24,4.34,1973636,9111475.00
2012/06/12,4.31,4.34,4.25,4.28,1073418,4938551.00
2012/06/13,4.29,4.35,4.26,4.34,1518292,7023393.00
2012/06/14,4.34,4.41,4.31,4.38,2623453,12277260.00
2012/06/15,4.41,4.41,4.32,4.36,1975345,9250551.00
2012/06/26,4.83,4.83,4.83,4.83,5547191,28512562.00
2012/06/27,5.08,5.34,5.00,5.34,36878889,204347936.00
2012/06/28,4.78,5.38,4.78,5.23,20798465,115082832.00
2012/06/29,5.14,5.34,5.04,5.17,11882737,65122208.00
2012/07/02,5.17,5.23,4.99,5.14,12893246,69718112.00
2012/07/03,5.05,5.64,5.04,5.50,21336342,118789304.00
2012/07/04,5.40,5.40,5.17,5.20,14757610,82432976.00
2012/07/05,5.21,5.26,5.08,5.10,7986410,43708712.00
2012/07/06,5.14,5.16,4.79,5.01,9014506,47349072.00
2012/07/09,5.01,5.15,4.89,4.98,7447493,39726092.00
2012/07/10,4.90,5.06,4.85,4.91,5248866,27692712.00
2012/07/11,4.94,5.18,4.92,5.05,8196492,44230880.00
2012/07/12,4.98,5.07,4.85,5.03,8616327,45354144.00
2012/07/13,5.01,5.07,4.85,4.88,6316457,33179372.00
2012/07/16,4.84,4.88,4.60,4.62,7077674,35569000.00
2012/07/17,4.63,4.68,4.46,4.67,3249277,15908109.00
2012/07/18,4.62,4.79,4.58,4.78,3980767,19987176.00
2012/07/19,4.78,4.86,4.71,4.74,4898118,24928900.00
2012/07/20,4.71,4.82,4.70,4.72,2574241,13045663.00
2012/07/23,4.67,4.86,4.59,4.76,3997470,20284368.00
2012/07/24,4.76,4.77,4.61,4.74,3064845,15363735.00
2012/07/25,4.74,4.76,4.61,4.62,2455989,12262686.00
2012/07/26,4.60,4.94,4.59,4.93,8692305,44577928.00
2012/07/27,4.92,5.23,4.86,5.04,8957987,48118024.00
2012/07/30,5.02,5.03,4.76,4.83,4134069,21419668.00
2012/07/31,4.73,4.73,4.42,4.56,4876606,23909380.00
2012/08/01,4.56,4.73,4.53,4.67,2379180,11799401.00
2012/08/02,4.61,4.71,4.59,4.63,1527651,7568840.00
2012/08/03,4.57,4.67,4.55,4.65,1918648,9467814.00
2012/08/06,4.68,4.86,4.60,4.83,3397941,17168234.00
2012/08/07,4.83,4.92,4.79,4.86,4047868,20858820.00
2012/08/08,4.86,4.86,4.76,4.83,3450531,17644728.00
2012/08/09,4.85,5.04,4.80,4.99,6597197,34793336.00
2012/08/10,4.97,4.99,4.90,4.93,2822698,14806013.00
2012/08/13,4.93,5.05,4.84,4.86,5012616,26313954.00
2012/08/14,4.85,5.00,4.79,4.98,3833478,20025246.00
2012/08/15,4.94,4.95,4.79,4.82,3209168,16604219.00
2012/08/16,4.79,4.90,4.77,4.81,1810339,9291780.00
2012/08/17,4.77,4.84,4.72,4.76,1480272,7527700.00
2012/08/20,4.77,4.94,4.72,4.89,3208728,16489974.00
2012/08/21,4.90,4.94,4.84,4.90,3455999,17995408.00
2012/08/22,4.94,4.96,4.79,4.84,2275513,11797948.00
2012/08/23,4.86,5.18,4.84,5.01,7660024,41114728.00
2012/08/24,4.95,5.07,4.85,4.87,3639665,19174308.00
2012/08/27,4.88,4.97,4.79,4.84,2636700,13611655.00
2012/08/28,4.88,4.95,4.81,4.93,2387003,12434370.00
2012/08/29,4.92,5.12,4.90,4.97,4738240,25256896.00
2012/08/30,4.92,5.04,4.73,4.84,3371752,17471184.00
2012/08/31,4.79,4.88,4.74,4.86,1734017,8884559.00
2012/09/03,4.85,4.96,4.81,4.95,3159574,16511220.00
2012/09/04,4.95,4.97,4.85,4.86,2122526,11074062.00
2012/09/05,4.86,4.95,4.81,4.91,2280691,11859001.00
2012/09/06,4.92,5.03,4.89,5.01,2884474,15164725.00
2012/09/07,5.04,5.14,4.94,5.11,7057475,38069436.00
2012/09/10,5.12,5.13,5.03,5.09,5264430,28330848.00
2012/09/11,5.08,5.28,5.02,5.14,6569589,35977160.00
2012/09/12,5.08,5.25,5.08,5.17,4181939,22874024.00
2012/09/13,5.16,5.20,5.02,5.05,3355938,18150504.00
2012/09/14,5.04,5.14,5.02,5.05,2273507,12210372.00
2012/09/17,5.02,5.08,4.82,4.84,2969735,15596003.00
2012/09/18,4.86,4.90,4.79,4.81,1878490,9675939.00
2012/09/19,4.82,4.86,4.78,4.85,1517570,7781028.00
2012/09/20,4.85,4.85,4.67,4.69,2858499,14473701.00
2012/09/21,4.68,4.80,4.67,4.72,1087636,5498854.00
2012/09/24,4.69,4.73,4.57,4.69,1852264,9158617.00
2012/09/25,4.71,4.75,4.52,4.57,2271005,11191982.00
2012/09/26,4.56,4.59,4.44,4.45,1637060,7851391.00
2012/09/27,4.46,4.58,4.42,4.53,1838545,8859463.00
2012/09/28,4.53,4.63,4.50,4.59,1402091,6863885.00
2012/10/08,4.59,4.64,4.54,4.58,1159725,5673084.00
2012/10/09,4.58,4.70,4.58,4.69,1706596,8478669.00
2012/10/10,4.69,4.80,4.67,4.79,2274135,11543945.00
2012/10/11,4.80,4.80,4.69,4.70,1609589,8104163.00
2012/10/12,4.72,4.74,4.64,4.70,1244169,6218007.00
2012/10/15,4.70,4.70,4.50,4.59,1945099,9482433.00
2012/10/16,4.59,4.63,4.55,4.58,1236350,6049298.00
2012/10/17,4.61,4.65,4.58,4.65,1003070,4943887.00
2012/10/18,4.66,4.75,4.65,4.72,2043264,10259168.00
2012/10/19,4.70,4.75,4.67,4.72,1272857,6386999.00
2012/10/22,4.69,4.73,4.62,4.71,1121922,5595213.00
2012/10/23,4.70,4.75,4.65,4.66,813572,4068894.00
2012/10/24,4.68,4.72,4.64,4.68,1034043,5168023.00
2012/10/25,4.68,4.72,4.58,4.59,1376498,6827141.00
2012/10/26,4.59,4.60,4.49,4.55,1416429,6874085.00
2012/10/29,4.55,4.56,4.50,4.55,654769,3168174.00
2012/10/30,4.57,4.60,4.51,4.53,649000,3148748.00
2012/10/31,4.54,4.55,4.47,4.52,808931,3895414.00
2012/11/01,4.49,4.68,4.49,4.64,1391847,6854603.00
2012/11/02,4.66,4.67,4.61,4.66,767075,3798936.00
2012/11/05,4.65,4.69,4.64,4.68,966341,4812518.00
2012/11/06,4.66,4.69,4.55,4.69,1247867,6148379.00
2012/11/07,4.66,4.69,4.62,4.64,1066701,5294089.00
2012/11/08,4.81,5.14,4.80,5.14,9981962,54055840.00
2012/11/09,5.18,5.18,4.83,4.93,14538038,76744600.00
2012/11/12,4.85,5.05,4.83,4.97,9341812,49113584.00
2012/11/13,4.90,5.02,4.81,4.98,6736966,35154992.00
2012/11/14,4.90,4.96,4.62,4.72,6049312,30950890.00
2012/11/15,4.60,4.66,4.39,4.61,3443311,16847638.00
2012/11/16,4.57,4.59,4.45,4.53,2139749,10329067.00
2012/11/19,4.49,4.59,4.47,4.57,1241318,6009730.00
2012/11/20,4.57,4.62,4.55,4.57,1252060,6121946.00
2012/11/21,4.58,4.61,4.38,4.56,3254523,15587349.00
2012/11/22,4.51,4.54,4.44,4.45,1474514,7062692.00
2012/11/23,4.45,4.53,4.41,4.48,1483900,7117577.00
2012/11/26,4.49,4.49,4.36,4.43,1121030,5317631.00
2012/11/27,4.42,4.43,4.19,4.23,2097200,9632753.00
2012/11/28,4.24,4.24,4.07,4.09,1206053,5359434.00
2012/11/29,4.09,4.14,4.03,4.04,736050,3244712.00
2012/11/30,4.03,4.17,4.03,4.14,1572709,6979784.00
2012/12/03,4.14,4.20,4.00,4.04,956050,4229368.00
2012/12/04,4.00,4.09,3.93,4.08,1404460,6066408.00
2012/12/05,4.06,4.38,4.05,4.22,2298637,10445463.00
2012/12/06,4.21,4.26,4.18,4.19,945288,4266003.00
2012/12/07,4.16,4.34,4.16,4.28,2087722,9602598.00
2012/12/10,4.29,4.45,4.26,4.43,3137080,14648606.00
2012/12/11,4.39,4.42,4.32,4.35,1558953,7294164.00
2012/12/12,4.35,4.41,4.29,4.35,1373202,6388389.00
2012/12/13,4.39,4.40,4.23,4.24,1786367,8205068.00
2012/12/14,4.24,4.44,4.23,4.41,2450483,11489654.00
2012/12/17,4.42,4.49,4.41,4.44,1962942,9315590.00
2012/12/18,4.44,4.54,4.37,4.43,2180726,10414120.00
2012/12/19,4.44,4.44,4.38,4.41,1752352,8263708.00
2012/12/20,4.40,4.40,4.30,4.38,1844989,8603539.00
2012/12/21,4.38,4.44,4.34,4.41,1681753,7912240.00
2012/12/24,4.36,4.49,4.36,4.44,1881899,8954014.00
2012/12/25,4.40,4.62,4.40,4.58,4735491,23103612.00
2012/12/26,4.54,4.62,4.50,4.61,2663007,13002086.00
2012/12/27,4.61,4.78,4.57,4.58,4497526,22441540.00
2012/12/28,4.75,5.07,4.75,4.91,10806510,56608608.00
2012/12/31,4.83,5.06,4.79,5.03,8209642,43096480.00
2013/01/04,4.93,5.05,4.82,4.85,4328635,22448924.00
2013/01/07,4.84,4.86,4.77,4.81,3060445,15666132.00
2013/01/08,4.83,4.87,4.78,4.86,2401649,12330033.00
2013/01/09,4.86,4.89,4.79,4.83,3321815,17043680.00
2013/01/10,4.82,4.89,4.77,4.83,2287541,11746086.00
2013/01/11,4.83,4.84,4.62,4.63,3619390,18171848.00
2013/01/14,4.62,4.75,4.49,4.72,3802210,18992224.00
2013/01/15,4.72,4.87,4.71,4.85,5366702,27504748.00
2013/01/16,4.82,4.95,4.80,4.89,5029548,26062964.00
2013/01/17,4.88,4.89,4.79,4.85,2701325,13886961.00
2013/01/18,4.84,4.97,4.84,4.95,4547149,23734308.00
2013/01/21,4.95,5.01,4.91,4.96,2985339,15705815.00
2013/01/22,4.95,4.98,4.81,4.92,3039541,15811303.00
2013/01/23,4.94,4.97,4.81,4.86,2366601,12301566.00
2013/01/24,4.85,4.94,4.74,4.77,3390904,17409848.00
2013/01/25,4.77,4.80,4.73,4.79,1437228,7304213.00
2013/01/28,4.81,4.91,4.80,4.87,2303401,11946695.00
2013/01/29,4.89,4.93,4.85,4.93,2338783,12159489.00
2013/01/30,4.89,5.09,4.87,5.07,6381132,33890080.00
2013/01/31,5.04,5.08,4.94,5.06,3402657,18100516.00
2013/02/01,5.05,5.16,4.95,5.06,5318205,28594552.00
2013/02/04,5.09,5.13,4.97,5.04,2310591,12312200.00
2013/02/05,4.99,5.09,4.94,5.07,2570051,13692802.00
2013/02/06,5.07,5.14,5.05,5.08,2156970,11641182.00
2013/02/07,5.06,5.11,5.04,5.07,1427690,7690597.00
2013/02/08,5.10,5.44,5.06,5.39,6437147,35880472.00
2013/02/18,5.37,5.51,5.24,5.41,5204287,29591556.00
2013/02/19,5.42,5.42,5.25,5.32,3193871,17917460.00
2013/02/20,5.30,5.44,5.25,5.41,2628076,14833296.00
2013/02/21,5.49,5.49,5.24,5.38,4447939,25206734.00
2013/02/22,5.30,5.39,5.28,5.29,2128051,11974047.00
2013/02/25,5.29,5.43,5.26,5.37,2232062,12575781.00
2013/02/26,5.37,5.39,5.26,5.30,2122800,11967716.00
2013/02/27,5.26,5.35,5.15,5.17,2330217,12890515.00
2013/02/28,5.23,5.39,5.12,5.32,3517270,19582252.00
2013/03/01,5.33,5.36,5.26,5.30,2061266,11543128.00
2013/03/04,5.30,5.30,5.07,5.18,4291530,23417010.00
2013/03/05,5.18,5.18,5.08,5.11,4615259,25023128.00
2013/03/06,5.14,5.28,5.08,5.22,5682742,31102978.00
2013/03/07,5.21,5.26,5.12,5.17,2453657,13472369.00
2013/03/08,5.17,5.31,5.13,5.19,2620450,14543252.00
2013/03/11,5.22,5.23,5.15,5.16,1470956,8081364.00
2013/03/12,5.22,5.24,4.92,4.99,3138598,16791568.00
2013/03/13,5.01,5.05,4.87,4.99,1616196,8510428.00
2013/03/14,4.95,5.04,4.92,4.97,791709,4187334.00
2013/03/15,4.94,5.05,4.94,4.96,1323399,7030599.00
2013/03/18,4.96,5.05,4.93,4.94,1409701,7470591.00
2013/03/19,4.96,5.11,4.94,5.06,2058826,11016081.00
2013/03/20,5.02,5.14,5.02,5.12,2307997,12466605.00
2013/03/21,5.12,5.19,5.09,5.17,2001460,10926608.00
2013/03/22,5.23,5.54,5.23,5.33,6862899,39044536.00
2013/03/25,5.28,5.40,5.19,5.22,4386092,24533854.00
2013/03/26,5.21,5.26,5.14,5.23,2198239,12151537.00
2013/03/27,5.21,5.33,5.21,5.25,2112156,11780187.00
2013/03/28,5.29,5.41,5.15,5.33,6094275,34291980.00
2013/03/29,5.34,5.36,5.22,5.27,2732501,15307907.00
2013/04/01,5.24,5.42,5.19,5.41,2987945,16895964.00
2013/04/02,5.41,5.48,5.34,5.47,3966228,22732960.00
2013/04/03,5.50,5.52,5.30,5.33,4853921,27593718.00
2013/04/08,5.29,5.32,5.08,5.28,2550628,14100342.00
2013/04/09,5.27,5.37,5.26,5.36,1481138,8320219.00
2013/04/10,5.33,5.43,5.32,5.42,1721816,9786709.00
2013/04/11,5.41,5.44,5.35,5.37,1701167,9692958.00
2013/04/12,5.34,5.39,5.27,5.28,1855600,10428334.00
2013/04/15,5.25,5.31,5.22,5.26,1084476,6050234.00
2013/04/16,5.22,5.29,5.16,5.27,1131266,6259512.00
2013/04/17,5.26,5.29,5.20,5.29,1085718,6034948.00
2013/04/18,5.27,5.30,5.22,5.27,917387,5107546.00
2013/04/19,5.27,5.52,5.25,5.48,4882171,28181756.00
2013/04/22,5.44,5.88,5.41,5.79,11107855,66726200.00
2013/04/23,5.77,5.78,5.54,5.60,5680118,33889296.00
2013/04/24,5.63,6.15,5.61,5.87,10314177,64464716.00
2013/04/25,5.81,6.26,5.81,6.11,13297049,85263232.00
2013/04/26,6.05,6.28,5.84,5.87,8495547,54078488.00
2013/05/02,5.88,6.19,5.67,6.16,6277644,39109336.00
2013/05/03,6.13,6.33,6.09,6.17,5811100,37740628.00
2013/05/06,6.22,6.27,6.04,6.10,5549383,35633024.00
2013/05/07,6.06,6.17,5.98,6.01,4108087,26030974.00
2013/05/08,6.06,6.12,5.99,6.07,3275262,20837860.00
2013/05/09,6.07,6.13,5.85,6.00,4802992,30267544.00
2013/05/10,5.99,6.26,5.92,6.19,5599027,36137372.00
2013/05/13,6.25,6.25,6.06,6.10,2709555,17441216.00
2013/05/14,6.10,6.10,5.85,5.89,4353415,27171894.00
2013/05/15,5.89,5.99,5.87,5.99,1962076,12281150.00
2013/05/16,5.99,6.18,5.91,6.12,3036997,19397436.00
2013/05/17,6.13,6.24,6.08,6.14,3796467,24553340.00
2013/05/20,6.14,6.59,6.09,6.48,6160627,41193344.00
2013/05/21,6.45,6.53,6.40,6.50,3805071,25775276.00
2013/05/22,6.51,6.53,6.27,6.32,3823129,25602924.00
2013/05/23,6.27,6.37,6.14,6.21,3201883,20998728.00
2013/05/24,6.21,6.32,6.19,6.31,2485153,16331687.00
2013/05/27,6.30,6.43,6.26,6.42,2929456,19586956.00
2013/05/28,6.43,6.48,6.28,6.30,3580972,23881632.00
2013/05/29,6.29,6.36,6.14,6.22,5634529,36754932.00
2013/05/30,6.20,6.23,5.94,6.11,7496303,47562052.00
2013/05/31,6.07,6.25,6.06,6.17,4454660,28827410.00
2013/06/03,6.17,6.35,6.17,6.21,3903351,25682200.00
2013/06/04,6.20,6.26,5.99,6.09,2389714,15326347.00
2013/06/05,6.05,6.13,6.03,6.10,1548192,9896344.00
2013/06/06,6.07,6.14,6.00,6.01,1733120,11086885.00
2013/06/07,6.06,6.14,5.92,5.99,1889540,11970914.00
2013/06/13,5.97,5.97,5.70,5.85,2111127,12911093.00
2013/06/14,5.93,6.38,5.93,6.17,4543307,29681908.00
2013/06/17,6.15,6.38,6.09,6.28,4675580,30720860.00
2013/06/18,6.32,6.33,6.20,6.28,2496507,16404169.00
2013/06/19,6.26,6.48,6.15,6.44,5591409,37196316.00
2013/06/20,6.41,6.54,6.06,6.10,4281769,28178746.00
2013/06/21,5.99,6.17,5.87,6.08,2822741,17817596.00
2013/06/24,6.02,6.09,5.49,5.64,4504504,27440628.00
2013/06/25,5.67,5.76,5.05,5.64,4309121,24684628.00
2013/06/26,5.59,5.81,5.53,5.69,2417536,14483126.00
2013/06/27,5.78,5.78,5.54,5.57,1981600,11780242.00
2013/06/28,5.54,5.66,5.30,5.64,1832645,10738139.00
2013/07/01,5.59,5.77,5.49,5.75,1693151,10173117.00
2013/07/02,5.72,5.78,5.65,5.76,2161113,13034088.00
2013/07/03,5.76,5.76,5.53,5.63,1999019,11832634.00
2013/07/04,5.64,5.69,5.54,5.61,1719388,10174788.00
2013/07/05,5.60,5.73,5.55,5.69,2063851,12305190.00
2013/07/08,5.60,5.64,5.36,5.40,1821185,10580810.00
2013/07/09,5.39,5.47,5.19,5.34,2296716,12971287.00
2013/07/10,5.35,5.47,5.21,5.46,1516728,8659522.00
2013/07/11,5.47,5.68,5.46,5.57,2275583,13455279.00
2013/07/12,5.58,5.66,5.52,5.58,1298920,7677421.00
2013/07/15,5.57,5.64,5.55,5.62,1700276,10072989.00
2013/07/16,5.62,5.72,5.44,5.70,2043556,12047903.00
2013/07/17,5.71,5.73,5.56,5.56,1573169,9338731.00
2013/07/18,5.56,5.63,5.35,5.49,1104346,6420547.00
2013/07/19,5.49,5.59,5.40,5.40,1341639,7775215.00
2013/07/22,5.39,5.70,5.30,5.61,1765111,10296478.00
2013/07/23,5.57,5.76,5.56,5.67,2107667,12638407.00
2013/07/24,5.67,5.73,5.59,5.66,1125962,6685032.00
2013/07/25,5.62,5.68,5.55,5.55,1694683,10026412.00
2013/07/26,5.51,5.56,5.41,5.50,1014792,5871064.00
2013/07/29,5.50,5.50,5.22,5.33,2497442,14088818.00
2013/07/30,5.41,5.64,5.33,5.50,2325835,13490601.00
2013/07/31,5.45,5.57,5.45,5.48,756861,4396250.00
2013/08/01,5.44,5.64,5.42,5.60,2500559,14621632.00
2013/08/02,5.59,5.72,5.54,5.64,2223507,13226173.00
2013/08/05,5.67,5.67,5.55,5.64,1288949,7628297.00
2013/08/06,5.63,5.74,5.60,5.72,2181419,13124137.00
2013/08/07,5.72,5.73,5.59,5.60,1695475,10130028.00
2013/08/08,5.57,5.69,5.55,5.65,1184927,7065013.00
2013/08/09,5.69,5.71,5.62,5.67,1410275,8418756.00
2013/08/12,5.71,5.79,5.64,5.78,1847394,11170767.00
2013/08/13,5.77,5.82,5.75,5.77,1719580,10460833.00
2013/08/14,5.77,5.84,5.72,5.75,1694889,10333750.00
2013/08/15,5.74,5.75,5.62,5.64,1791800,10753134.00
2013/08/16,5.64,5.72,5.53,5.61,2840998,16751848.00
2013/08/19,5.60,5.74,5.50,5.69,2070984,12276392.00
2013/08/20,5.69,5.74,5.62,5.64,1737567,10409477.00
2013/08/21,5.64,5.69,5.60,5.65,995847,5928500.00
2013/08/22,5.62,5.69,5.59,5.67,1770594,10559391.00
2013/08/23,5.67,5.70,5.55,5.65,1467737,8706483.00
2013/08/26,5.58,5.67,5.58,5.66,1876401,11182620.00
2013/08/27,5.67,5.77,5.63,5.69,2839227,17109608.00
2013/08/28,5.64,5.86,5.64,5.83,4130819,25200944.00
2013/08/29,5.81,6.36,5.78,6.13,12753361,82328032.00
2013/08/30,6.11,6.27,6.00,6.03,5986096,38569080.00
2013/09/02,6.06,6.14,5.92,6.05,2900342,18322404.00
2013/09/03,6.05,6.27,6.05,6.18,4860047,31539662.00
2013/09/04,6.17,6.21,6.04,6.16,2398872,15396936.00
2013/09/05,6.18,6.19,5.98,6.03,2805986,17790396.00
2013/09/06,6.00,6.07,5.92,6.04,2975037,18754134.00
2013/09/09,5.99,6.08,5.97,6.02,2314448,14701671.00
2013/09/10,6.01,6.16,5.99,6.09,2987356,19119038.00
2013/09/11,6.10,6.20,5.99,6.11,3998273,25597714.00
2013/09/12,6.14,6.15,5.95,5.97,2990493,18889740.00
2013/09/13,5.97,6.07,5.92,6.00,1821726,11496406.00
2013/09/16,6.00,6.32,6.00,6.30,5940857,38613304.00
2013/09/17,6.27,6.47,5.69,6.26,10893625,71953152.00
2013/09/18,6.21,6.23,6.08,6.16,2992886,19299622.00
2013/09/23,6.18,6.27,6.05,6.22,2715580,17523346.00
2013/09/24,6.16,6.22,6.06,6.15,2817171,18067426.00
2013/09/25,6.11,6.17,6.01,6.13,2594410,16616004.00
2013/09/26,6.07,6.13,5.91,5.92,2325586,14655740.00
2013/09/27,5.96,6.13,5.93,6.02,1744797,11016616.00
2013/09/30,6.00,6.27,6.00,6.22,2763519,17844112.00
2013/10/08,6.20,6.35,6.06,6.29,4799393,31389380.00
2013/10/09,6.25,6.33,6.21,6.25,2159003,14167357.00
2013/10/10,6.22,6.29,6.11,6.22,2953489,19251016.00
2013/10/11,6.22,6.42,6.19,6.39,7150459,47693580.00
2013/10/14,6.39,6.69,6.34,6.55,8245188,56278056.00
2013/10/15,6.54,6.67,6.48,6.60,3541164,24298264.00
2013/10/16,6.59,6.59,6.32,6.43,4117835,27722772.00
2013/10/17,6.42,6.49,6.29,6.30,2224992,14892372.00
2013/10/18,6.32,6.44,6.24,6.31,1906435,12694077.00
2013/10/21,6.32,6.46,6.25,6.41,4600074,30568296.00
2013/10/22,6.39,6.43,6.30,6.35,2089018,13922506.00
2013/10/23,6.39,6.41,6.09,6.15,3043539,19835538.00
2013/10/24,6.11,6.14,5.96,6.02,2236389,14179762.00
2013/10/25,6.03,6.17,5.95,5.98,2393283,15202933.00
2013/10/28,6.00,6.11,5.96,6.08,1258254,7989019.00
2013/10/29,6.07,6.14,5.58,5.88,4588245,28109448.00
2013/10/30,5.98,5.98,5.79,5.93,1685725,10403276.00
2013/10/31,6.04,6.39,6.04,6.09,5880198,38218844.00
2013/11/01,6.00,6.10,5.89,6.01,1906585,11973847.00
2013/11/04,6.01,6.04,5.87,5.92,2365293,14770762.00
2013/11/05,5.88,6.02,5.79,5.98,2113303,13126886.00
2013/11/06,5.98,6.00,5.84,5.88,1565600,9744065.00
2013/11/07,5.87,5.99,5.83,5.90,1896240,11823738.00
2013/11/08,5.85,5.91,5.69,5.76,1879650,11450060.00
2013/11/11,5.76,5.81,5.69,5.78,592045,3598012.00
2013/11/12,5.80,5.99,5.77,5.90,1295599,8015108.00
2013/11/13,5.87,5.93,5.77,5.77,1017900,6241991.00
2013/11/14,5.81,5.87,5.77,5.82,990502,6068803.00
2013/11/15,5.79,5.94,5.79,5.88,2175281,13458314.00
2013/11/18,5.89,5.97,5.84,5.94,2214122,13794931.00
2013/11/19,5.98,5.98,5.90,5.98,1487323,9288960.00
2013/11/20,5.99,6.04,5.90,6.04,2331726,14639109.00
2013/11/21,6.00,6.18,5.98,6.10,3859193,24671160.00
2013/11/22,6.10,6.14,5.97,6.00,1805805,11433248.00
2013/11/25,5.97,6.04,5.92,5.98,1385835,8733306.00
2013/11/26,5.95,6.03,5.90,5.96,1842755,11559692.00
2013/11/27,5.94,6.00,5.93,5.97,1508879,9469943.00
2013/11/28,5.97,6.03,5.93,5.99,3493791,21927650.00
2013/11/29,5.99,6.02,5.96,5.99,1828969,11511023.00
2013/12/02,5.94,5.94,5.55,5.58,5641785,33833964.00
2013/12/03,5.54,5.68,5.48,5.67,2142161,12630178.00
2013/12/04,5.66,5.76,5.64,5.73,2193791,13230987.00
2013/12/05,5.74,5.74,5.67,5.68,1532600,9211621.00
2013/12/06,5.68,5.73,5.68,5.70,1418395,8513112.00
2013/12/09,5.70,5.76,5.67,5.68,1354628,8147701.00
2013/12/10,5.69,5.72,5.63,5.64,1351851,8070260.00
2013/12/11,5.64,5.65,5.57,5.61,1339827,7936918.00
2013/12/12,5.59,5.67,5.49,5.63,1965639,11639786.00
2013/12/13,5.59,5.65,5.57,5.60,1303444,7707054.00
2013/12/16,5.63,5.64,5.44,5.45,2155963,12566478.00
2013/12/17,5.44,5.50,5.41,5.43,1161526,6694523.00
2013/12/18,5.43,5.47,5.37,5.43,1286704,7369083.00
2013/12/19,5.42,5.46,5.26,5.28,1488201,8456422.00
2013/12/20,5.40,5.83,5.40,5.49,6352992,37425580.00
2013/12/23,5.38,5.63,5.29,5.58,4262012,24692456.00
2013/12/24,5.58,5.72,5.51,5.64,3482870,20748796.00
2013/12/25,5.64,5.72,5.56,5.69,2525019,15005827.00
2013/12/26,5.68,5.70,5.56,5.59,2112885,12540437.00
2013/12/27,5.59,5.67,5.56,5.63,1423679,8468513.00
2013/12/30,5.64,5.67,5.50,5.56,1534779,9013700.00
2013/12/31,5.54,5.61,5.52,5.58,1087932,6396798.00
2014/01/02,5.52,5.59,5.52,5.58,920472,5405540.00
2014/01/03,5.52,5.62,5.51,5.60,1274586,7483146.00
2014/01/06,5.61,5.64,5.52,5.53,1472456,8662255.00
2014/01/07,5.51,5.54,5.45,5.47,943968,5467606.00
2014/01/08,5.47,5.52,5.41,5.44,1153375,6649679.00
2014/01/09,5.41,5.47,5.40,5.42,725310,4161427.00
2014/01/10,5.42,5.43,5.28,5.28,1258537,7099305.00
2014/01/13,5.27,5.40,5.19,5.27,927102,5196547.00
2014/01/14,5.27,5.36,5.22,5.35,744244,4163682.00
2014/01/15,5.34,5.47,5.30,5.46,753800,4309857.00
2014/01/16,5.41,5.47,5.36,5.38,721936,4133193.00
2014/01/17,5.35,5.37,5.23,5.25,1014563,5681173.00
2014/01/20,5.25,5.38,5.24,5.33,1012106,5691734.00
2014/01/21,5.33,5.44,5.31,5.42,730645,4171382.00
2014/01/22,5.43,5.52,5.39,5.51,968280,5603217.00
2014/01/23,5.55,5.55,5.42,5.47,1209604,6986228.00
2014/01/24,5.55,5.63,5.49,5.60,1492855,8791490.00
2014/01/27,5.57,5.60,5.47,5.55,1058305,6185714.00
2014/01/28,5.55,5.58,5.47,5.49,1446394,8402015.00
2014/01/29,5.45,5.57,5.45,5.56,758263,4426987.00
2014/01/30,5.59,5.67,5.54,5.62,1049803,6213311.00
2014/02/07,5.60,5.66,5.53,5.65,1311714,7745996.00
2014/02/10,5.67,5.81,5.62,5.79,2340580,14111532.00
2014/02/11,5.79,5.81,5.68,5.74,3013405,18228328.00
2014/02/12,5.74,5.78,5.69,5.74,2132482,12890099.00
2014/02/13,5.72,5.78,5.65,5.65,2092807,12614967.00
2014/02/14,5.64,5.74,5.64,5.74,1606078,9654342.00
2014/02/17,5.77,6.06,5.71,6.05,8959143,56124196.00
2014/02/18,6.05,6.35,5.96,6.16,12016867,78150872.00
2014/02/19,6.16,6.37,6.06,6.28,7479423,48973592.00
2014/02/20,6.25,6.44,6.11,6.27,6334232,41928776.00
2014/02/21,6.28,6.31,6.18,6.30,2803431,18376324.00
2014/02/24,6.22,6.53,6.22,6.40,6770396,45433552.00
2014/02/25,6.41,6.44,5.94,5.99,6275800,40696808.00
2014/02/26,5.95,6.18,5.92,6.13,3480214,22269548.00
2014/02/27,6.13,6.19,5.97,6.00,2955145,18906600.00
2014/02/28,5.97,6.07,5.92,6.07,2168631,13664900.00
2014/03/03,6.07,6.12,6.01,6.12,2128709,13602551.00
2014/03/04,6.05,6.24,5.99,6.20,2393798,15427543.00
2014/03/05,6.19,6.55,6.17,6.37,6237515,41841192.00
2014/03/06,6.39,6.42,6.24,6.36,2522941,16830902.00
2014/03/07,6.35,6.40,6.11,6.22,3744231,24500572.00
2014/03/10,6.19,6.21,5.87,5.94,3455674,21756852.00
2014/03/11,5.94,5.99,5.85,5.99,1417562,8811671.00
2014/03/12,5.99,6.00,5.78,5.84,1870397,11524271.00
2014/03/13,5.85,5.99,5.79,5.80,2121705,13098914.00
2014/03/14,5.80,5.90,5.79,5.87,1423990,8768560.00
2014/03/17,5.81,5.97,5.80,5.91,2108268,13085061.00
2014/03/18,5.91,6.09,5.89,5.99,3840450,24230156.00
2014/03/19,6.03,6.03,5.89,6.00,1276689,8011369.00
2014/03/20,6.00,6.02,5.82,5.86,2487558,15544812.00
2014/03/21,5.82,6.19,5.80,6.01,2567826,16008631.00
2014/03/24,6.01,6.11,5.93,6.07,3330985,21155088.00
2014/03/25,6.07,6.12,6.00,6.07,1975702,12593055.00
2014/03/26,6.09,6.11,6.01,6.09,1638019,10429421.00
2014/03/27,6.07,6.07,5.95,5.96,1439106,9105161.00
2014/03/28,5.99,5.99,5.80,5.86,2175480,13467198.00
2014/03/31,5.86,5.91,5.78,5.82,1258508,7721306.00
2014/04/01,5.82,5.89,5.81,5.88,1336899,8238233.00
2014/04/02,5.93,5.93,5.81,5.85,1285127,7943016.00
2014/04/03,5.83,5.93,5.83,5.88,1719127,10626960.00
2014/04/04,5.85,6.01,5.84,6.00,2044059,12797569.00
2014/04/08,5.97,6.09,5.94,6.04,2916203,18439194.00
2014/04/09,6.04,6.12,6.02,6.08,3000985,19164722.00
2014/04/10,6.07,6.11,6.00,6.05,1997902,12694575.00
2014/04/11,6.06,6.09,6.00,6.07,1268422,8073807.00
2014/04/14,6.07,6.09,6.02,6.09,1612482,10282342.00
2014/04/15,6.08,6.34,5.99,6.00,5418194,34865916.00
2014/04/16,5.99,6.09,5.94,6.02,3540134,22303128.00
2014/04/17,6.03,6.21,5.93,6.18,5277920,33696348.00
2014/04/18,6.14,6.83,6.13,6.83,24198052,168679776.00
2014/04/21,6.85,6.97,6.68,6.95,20213964,144622592.00
2014/04/22,6.80,6.97,6.68,6.89,12545506,89638512.00
2014/04/23,6.86,7.03,6.74,6.90,28922734,208790368.00
2014/04/24,6.79,7.10,6.54,6.75,20871844,149298912.00
2014/04/25,6.69,6.93,6.39,6.41,15459588,107226784.00
2014/04/28,6.34,6.39,6.02,6.05,9678218,62929456.00
2014/04/29,6.03,6.16,5.94,6.12,5069959,32341730.00
2014/04/30,6.07,6.33,6.06,6.20,7494004,49098068.00
2014/05/05,6.14,6.56,6.09,6.45,7078819,46997096.00
2014/05/06,6.41,6.57,6.33,6.54,8829933,59598024.00
2014/05/07,6.52,6.54,6.25,6.26,9784987,66215620.00
2014/05/08,6.15,6.56,6.14,6.55,7342893,49397016.00
2014/05/09,6.62,6.62,6.44,6.53,5709439,39058828.00
2014/05/12,6.57,6.74,6.49,6.58,7718975,53156688.00
2014/05/13,6.58,6.58,6.21,6.27,9255944,61503872.00
2014/05/14,6.28,6.42,6.22,6.31,3842514,25583804.00
2014/05/15,6.32,6.34,6.03,6.05,5938262,38190452.00
2014/05/16,6.00,6.11,5.93,6.03,3371688,21296500.00
2014/05/19,6.03,6.10,5.93,6.00,2523709,15927076.00
2014/05/20,6.01,6.06,5.86,5.91,3504273,21871240.00
2014/05/21,5.91,5.92,5.70,5.89,3110148,19047138.00
2014/05/22,5.91,5.96,5.81,5.91,2235727,13904460.00
2014/05/23,5.89,5.93,5.80,5.93,2343326,14477415.00
2014/05/26,5.94,5.95,5.87,5.95,2419719,15040699.00
2014/05/27,5.94,5.94,5.76,5.79,3961070,24350240.00
2014/05/28,5.79,5.90,5.79,5.86,2322984,14318201.00
2014/05/29,5.88,5.94,5.84,5.89,3247202,20093480.00
2014/05/30,5.88,5.89,5.80,5.82,2639375,16198722.00
2014/06/03,5.83,5.89,5.82,5.84,1263890,7787356.00
2014/06/04,5.84,5.84,5.67,5.76,2718370,16412654.00
2014/06/05,5.77,5.79,5.70,5.79,1821259,11043602.00
2014/06/06,5.77,5.79,5.71,5.79,2802645,16942080.00
2014/06/09,5.78,5.78,5.69,5.72,2552731,15397219.00
2014/06/10,5.70,5.74,5.59,5.71,2196229,13156292.00
2014/06/11,5.71,5.72,5.64,5.68,2359686,14130914.00
2014/06/12,5.68,5.76,5.64,5.75,2030182,12243997.00
2014/06/13,5.75,5.81,5.70,5.80,2379808,14460826.00
2014/06/16,5.80,5.84,5.76,5.82,1742628,10658145.00
2014/06/17,5.82,5.82,5.71,5.72,2515229,15227760.00
2014/06/18,5.69,5.76,5.69,5.72,1574529,9500179.00
2014/06/19,5.72,5.75,5.59,5.61,1739398,10384866.00
2014/06/20,5.61,5.64,5.55,5.61,972464,5743659.00
2014/06/23,5.61,5.69,5.61,5.66,910751,5428685.00
2014/06/24,5.66,5.70,5.63,5.68,1226346,7335942.00
2014/06/25,5.69,5.69,5.59,5.64,1230265,7308412.00
2014/06/26,5.64,5.72,5.64,5.71,1788616,10726601.00
2014/06/27,5.67,5.77,5.67,5.73,1997538,12065223.00
2014/06/30,5.76,5.83,5.73,5.81,2507522,15276324.00
2014/07/01,5.79,5.84,5.78,5.81,1776961,10873374.00
2014/07/02,5.85,5.85,5.71,5.83,2043738,12529907.00
2014/07/03,5.79,5.85,5.76,5.84,3150698,19286148.00
2014/07/04,5.84,5.84,5.76,5.82,2720701,16608237.00
2014/07/07,5.82,5.94,5.79,5.94,4045675,25085092.00
2014/07/08,5.93,5.93,5.85,5.93,2194105,13599077.00
2014/07/09,5.93,5.93,5.77,5.80,2877887,17760308.00
2014/07/10,5.78,5.84,5.78,5.81,1683652,10305549.00
2014/07/11,5.83,5.93,5.82,5.89,2406800,14934026.00
2014/07/14,5.89,6.09,5.89,6.03,5082767,32156322.00
2014/07/15,5.99,6.06,5.94,6.05,3067919,19372862.00
2014/07/16,6.05,6.11,5.98,6.10,3666807,23319596.00
2014/07/17,6.07,6.09,5.97,6.03,2679788,16950924.00
2014/07/18,6.04,6.08,6.01,6.06,2892758,18380828.00
2014/07/21,6.07,6.07,5.94,5.97,2376673,14944105.00
2014/07/22,5.96,6.05,5.94,6.00,1804690,11400736.00
2014/07/23,6.00,6.11,5.98,6.11,4457372,28365946.00
2014/07/24,6.15,6.17,6.00,6.04,3253395,20677588.00
2014/07/25,6.02,6.07,5.97,6.04,2670456,16912586.00
2014/07/28,6.05,6.12,6.04,6.09,4511748,28849516.00
2014/07/29,6.08,6.15,6.05,6.08,5313870,34068904.00
2014/07/30,6.09,6.11,6.00,6.07,4565787,29030664.00
2014/07/31,6.06,6.19,6.03,6.16,6888156,44256656.00
2014/08/01,6.14,6.35,6.11,6.17,9342621,60965488.00
2014/08/04,6.17,6.26,6.16,6.25,5656140,36976444.00
2014/08/05,6.26,6.28,6.17,6.27,4587775,29981466.00
2014/08/06,6.25,6.27,6.18,6.25,3514928,22983164.00
2014/08/07,6.25,6.35,6.16,6.19,6095181,40026444.00
2014/08/08,6.20,6.24,6.13,6.22,3833940,24887856.00
2014/08/11,6.22,6.35,6.16,6.29,6661276,43834280.00
2014/08/12,6.29,6.41,6.26,6.40,6786265,45247560.00
2014/08/13,6.42,6.42,6.30,6.40,4291749,28596888.00
2014/08/14,6.37,6.43,6.27,6.28,5558437,37005380.00
2014/08/15,6.27,6.52,6.26,6.46,6491408,43570824.00
2014/08/18,6.47,6.71,6.45,6.60,8618080,59498824.00
2014/08/19,6.57,6.71,6.54,6.62,6487193,44979088.00
2014/08/20,6.59,6.79,6.59,6.72,6745693,47317396.00
2014/08/21,6.70,6.84,6.66,6.83,7514559,52926288.00
2014/08/22,6.81,6.95,6.68,6.72,8986019,63680344.00
2014/08/25,6.72,6.72,6.50,6.66,8587710,59333248.00
2014/08/26,6.61,6.66,6.46,6.64,6324703,43355412.00
2014/09/25,7.34,7.34,7.34,7.34,508459,3889711.00
2014/09/26,8.11,8.11,8.11,8.11,1183787,9967487.00
2014/09/29,8.95,8.95,8.95,8.95,2298921,21288008.00
2014/09/30,9.88,9.88,9.88,9.88,2220435,22626232.00
2014/10/08,10.90,10.90,10.90,10.90,1410171,15808017.00
2014/10/09,12.02,12.02,12.02,12.02,2665793,32869228.00
2014/10/10,13.25,13.25,12.44,12.74,106475808,1419162880.00
2014/10/13,12.75,12.99,12.04,12.20,47892314,612945216.00
2014/10/14,12.07,12.27,11.85,11.97,36046678,444457984.00
2014/10/15,12.04,12.16,11.81,11.99,23922182,294238688.00
2014/10/16,11.83,12.04,11.63,11.70,17896155,216543392.00
2014/10/17,11.54,11.73,10.50,10.66,36420500,408917408.00
2014/10/20,10.69,10.95,10.60,10.79,20132807,223090576.00
2014/10/21,10.78,10.94,10.62,10.83,16845873,186972336.00
2014/10/22,10.79,10.82,10.28,10.33,16666328,180769824.00
2014/10/23,10.29,10.47,10.24,10.38,9579473,102290608.00
2014/10/24,10.41,10.46,10.25,10.30,6007458,64096216.00
2014/10/27,10.29,10.87,10.26,10.63,15581303,170091840.00
2014/10/28,10.58,10.82,10.47,10.80,23541517,259378304.00
2014/10/29,10.85,11.11,10.76,11.00,19657151,221589152.00
2014/10/30,11.04,11.31,10.79,11.08,35642796,403873472.00
2014/10/31,11.00,11.18,10.82,10.91,12548043,141038160.00
2014/11/03,10.88,11.03,10.76,10.92,19027887,214241456.00
2014/11/04,10.85,11.03,10.71,10.89,9954322,111072984.00
2014/11/05,10.99,11.46,10.84,11.36,27831700,319263584.00
2014/11/06,11.18,11.32,10.77,10.86,30544790,347208256.00
2014/11/07,10.75,10.90,10.45,10.50,17794944,196218896.00
2014/11/10,10.50,10.58,10.35,10.50,6760761,72681840.00
2014/11/11,10.51,10.62,10.22,10.46,12605110,135422048.00
2014/11/12,10.46,10.53,10.34,10.48,9524708,102603744.00
2014/11/13,10.44,10.45,9.92,10.04,15088394,157320784.00
2014/11/14,10.04,10.15,9.86,9.96,10377819,107572216.00
2014/11/17,9.98,10.54,9.98,10.11,7877321,82267576.00
2014/11/18,10.10,10.14,9.91,10.04,4380964,45208008.00
2014/11/19,10.22,10.48,10.09,10.33,10953028,116136344.00
2014/11/20,10.25,10.77,10.06,10.48,17302326,186579728.00
2014/11/21,10.40,10.55,10.32,10.38,7642916,81890848.00
2014/11/24,10.44,10.73,10.28,10.55,9630977,104205720.00
2014/11/25,10.49,10.63,10.39,10.51,7273645,78644912.00
2014/11/26,10.48,10.67,10.24,10.38,10476677,112618256.00
2014/11/27,10.39,10.53,10.26,10.51,11248220,120342624.00
2014/11/28,10.49,11.15,10.44,10.62,27630074,306394656.00
2014/12/01,10.49,10.57,10.27,10.52,10186984,109061032.00
2014/12/02,10.46,10.64,10.46,10.54,8988886,97525984.00
2014/12/03,10.52,10.74,10.27,10.67,13033296,140851264.00
2014/12/04,10.64,10.87,10.56,10.69,12263908,134987568.00
2014/12/05,10.61,10.68,9.69,10.56,16661629,177520224.00
2014/12/08,10.40,10.61,10.25,10.40,8444172,90263624.00
2014/12/09,10.37,10.43,9.86,9.94,14030345,147329600.00
2014/12/10,9.89,10.16,9.82,10.09,6786769,69815792.00
2014/12/11,10.04,10.14,9.89,10.12,9437405,97676464.00
2014/12/12,10.14,10.22,10.06,10.19,6136665,64177144.00
2014/12/15,10.19,11.18,10.17,10.88,29239590,319493856.00
2014/12/16,10.74,11.19,10.60,10.72,27764054,307672096.00
2014/12/17,10.62,10.84,10.26,10.54,17974507,195839792.00
2014/12/18,10.44,10.72,10.41,10.52,13533047,147052992.00
2014/12/19,10.52,10.59,9.96,9.99,11638952,122565080.00
2014/12/22,9.87,9.88,8.96,8.96,14161912,135351536.00
2014/12/23,8.69,8.90,8.51,8.65,10687341,96461752.00
2014/12/24,8.69,8.84,8.67,8.81,4083530,37080316.00
2014/12/25,8.84,9.08,8.78,9.06,10127887,93377960.00
2014/12/26,8.93,9.17,8.92,9.08,8413080,78321928.00
2014/12/29,9.04,9.19,8.47,8.55,9758254,88439680.00
2014/12/30,8.49,8.66,8.19,8.31,6175071,53985380.00
2014/12/31,8.32,8.44,8.18,8.38,5777786,49766348.00
2015/01/05,8.41,8.68,8.22,8.64,7324647,63980456.00
2015/01/06,8.54,8.85,8.42,8.71,7128228,63675272.00
2015/01/07,8.67,9.07,8.60,8.83,8251912,75554528.00
2015/01/08,9.00,9.13,8.74,8.83,8770570,80920048.00
2015/01/09,8.79,8.92,8.63,8.65,4353640,39761056.00
2015/01/12,8.61,8.90,8.45,8.76,10942116,98967664.00
2015/01/13,8.78,8.89,8.68,8.87,7190711,65521436.00
2015/01/14,8.83,9.46,8.78,9.14,17864739,169066608.00
2015/01/15,9.14,9.16,8.95,9.05,5641662,52647640.00
2015/01/16,9.03,9.08,8.93,8.97,4312861,40091176.00
2015/01/19,8.86,8.97,8.43,8.56,5619625,50760328.00
2015/01/20,8.58,8.84,8.50,8.82,4759233,42810608.00
2015/01/21,8.82,9.27,8.77,9.20,10933934,103085656.00
2015/01/22,9.25,9.67,9.10,9.56,13277542,129022520.00
2015/01/23,9.49,9.56,9.29,9.38,8180000,79451360.00
2015/01/26,9.42,9.63,9.34,9.55,10909354,107052744.00
2015/01/27,9.62,9.84,9.29,9.60,9608584,95669752.00
2015/01/28,9.83,10.59,9.78,10.06,33483185,356918240.00
2015/01/29,9.71,9.87,9.37,9.53,18041902,178851120.00
2015/01/30,9.47,9.63,9.42,9.54,9160488,90119088.00
2015/02/02,9.44,9.60,9.35,9.53,4628064,45500956.00
2015/02/03,9.63,10.01,9.50,9.81,12037949,121908704.00
2015/02/04,9.88,10.46,9.81,10.12,17981462,187959440.00
2015/02/05,10.17,10.80,9.88,10.46,23001914,247300400.00
2015/02/06,10.39,10.58,9.99,10.03,8540322,89992536.00
2015/02/09,10.00,10.16,9.67,9.69,7233017,73643280.00
2015/02/10,9.59,9.81,9.56,9.81,4154981,41497468.00
2015/02/11,10.12,10.13,9.84,9.94,6063847,62381948.00
2015/02/12,9.93,10.00,9.67,9.90,7336615,74157704.00
2015/02/13,9.90,10.07,9.77,10.06,7831655,80370824.00
2015/02/16,10.07,10.34,10.02,10.25,8509288,89408256.00
2015/02/17,10.36,10.43,10.08,10.27,8709700,91784992.00
2015/02/25,11.33,11.33,11.04,11.33,24100773,280186816.00
2015/02/26,11.39,11.88,11.16,11.61,42400285,500907072.00
2015/02/27,11.60,12.07,11.26,11.96,25985678,310868512.00
2015/03/02,11.81,13.19,11.69,13.19,35971639,464170240.00
2015/03/03,13.18,14.54,12.85,13.92,43273528,620862400.00
2015/03/04,13.74,14.49,13.47,13.98,29125925,416047520.00
2015/03/05,13.97,15.41,13.73,15.41,32147352,485800384.00
2015/03/06,15.47,15.88,14.39,14.66,34112480,521977856.00
2015/03/09,15.45,16.16,14.64,16.16,38243446,608101248.00
2015/03/10,16.38,16.61,15.73,15.80,23994326,394603872.00
2015/03/11,15.70,15.81,14.69,15.06,26394722,405914048.00
2015/03/12,14.86,15.06,14.28,14.77,19751522,296197088.00
2015/03/13,14.74,15.08,14.62,14.91,12937073,196571296.00
2015/03/16,15.18,15.49,14.98,15.21,18036960,280623488.00
2015/03/17,15.27,15.81,14.74,15.72,23455964,365541568.00
2015/03/18,15.78,15.80,15.37,15.62,13896857,220590736.00
2015/03/19,15.37,15.46,14.94,15.08,17090446,264964112.00
2015/03/20,14.98,15.35,14.83,14.93,17348191,266644912.00
2015/03/23,14.95,15.81,14.68,15.68,28705093,447279072.00
2015/03/24,15.54,15.62,14.61,15.20,23456599,363602432.00
2015/03/25,15.18,16.75,14.92,16.75,39889516,649590144.00
2015/03/26,16.74,16.74,15.19,15.30,30160352,487106912.00
2015/03/27,15.27,15.59,14.82,15.33,16491819,254471472.00
2015/03/30,15.33,15.33,14.99,15.10,11829568,182323632.00
2015/03/31,15.06,15.83,14.93,15.18,15904409,249092624.00
2015/04/01,15.16,15.78,14.91,15.39,12893710,203031840.00
2015/04/02,15.65,16.50,15.65,15.95,18520846,302088768.00
2015/04/03,15.77,17.58,15.70,17.58,25305600,434575712.00
2015/04/07,18.20,19.35,18.01,18.47,26121778,492157504.00
2015/04/08,18.48,18.67,16.99,17.80,23529419,426531232.00
2015/04/09,18.19,18.69,16.71,17.47,23717197,428965376.00
2015/04/10,17.07,19.25,17.07,18.66,29366452,544001024.00
2015/04/13,19.02,19.57,18.39,18.72,21796920,417596288.00
2015/04/14,18.36,18.39,17.66,17.75,20434272,373185408.00
2015/04/15,17.55,17.95,16.94,16.95,14685276,261059776.00
2015/04/16,16.68,17.36,16.46,16.90,12026937,207241104.00
2015/04/17,17.17,17.27,16.75,16.88,10497088,181224496.00
2015/04/20,16.69,16.87,16.00,16.03,14481203,242899856.00
2015/04/21,15.91,16.92,15.82,16.88,10789022,181439888.00
2015/04/22,16.96,17.50,16.89,17.12,12661200,221363952.00
2015/04/23,17.27,17.27,16.69,16.87,11535609,198475904.00
2015/04/24,16.79,17.09,16.37,16.91,8828384,150991888.00
2015/04/27,16.90,18.08,16.86,17.86,23660773,422114208.00
2015/04/28,17.87,17.88,16.71,16.84,12914319,225515056.00
2015/04/29,16.84,17.34,16.50,17.01,8967068,155613840.00
2015/04/30,17.01,18.04,17.01,17.23,15513887,277548832.00
2015/05/04,17.24,17.47,16.57,17.07,10030827,174248608.00
2015/05/05,17.09,17.16,15.82,15.94,13541191,227126528.00
2015/05/06,15.99,16.27,15.20,15.32,8442218,136331936.00
2015/05/07,15.34,15.46,14.84,15.12,8463369,130699312.00
2015/05/08,15.42,16.33,15.37,16.01,10939425,176226720.00
2015/05/11,16.19,16.86,16.12,16.66,11608807,195934784.00
2015/05/12,16.67,17.12,16.59,16.77,11349655,194494240.00
2015/05/13,16.59,18.48,16.40,18.48,24024002,438148928.00
2015/05/14,19.19,19.19,17.90,18.51,26311240,495109024.00
2015/05/15,18.33,18.46,17.71,17.90,14132703,258267888.00
2015/05/18,17.69,18.37,17.47,17.94,15334779,279220800.00
2015/05/19,18.09,18.74,17.94,18.07,13963084,258892576.00
2015/05/20,18.12,19.38,17.89,18.48,22794743,433175328.00
2015/05/21,18.48,20.36,18.41,20.36,23269448,466647424.00
2015/05/22,20.80,22.24,20.37,21.68,29567993,639223424.00
2015/05/25,21.20,23.88,21.09,23.44,30035471,700000256.00
2015/05/26,23.49,24.54,22.97,23.59,24589539,589487680.00
2015/05/27,23.43,23.45,22.24,23.02,24732228,571144192.00
2015/05/28,23.02,24.64,21.59,21.69,24462626,579168064.00
2015/05/29,21.50,22.88,20.69,22.47,21114985,475809920.00
2015/06/01,23.10,24.75,23.04,24.75,10816375,269519744.00
2015/06/02,26.69,27.26,26.55,27.26,4744667,129798664.00
2015/06/03,29.97,30.01,25.51,26.47,31034651,867241152.00
2015/06/04,26.47,28.34,24.39,27.88,23534205,639538880.00
2015/06/05,28.00,29.25,26.51,27.23,22069463,614157440.00
2015/06/08,27.38,28.04,26.19,26.48,18239498,497066080.00
2015/06/09,25.99,27.11,25.69,26.61,12596900,337795296.00
2015/06/10,26.50,29.02,25.99,28.32,21084034,598049792.00
2015/06/11,28.19,28.75,27.49,28.39,13443000,382471200.00
2015/06/12,28.69,30.69,28.39,29.24,15429901,459137184.00
2015/06/15,29.19,29.24,27.39,27.74,12283399,351394976.00
2015/06/16,27.59,27.59,24.94,25.39,12807167,338935712.00
2015/06/17,25.14,26.05,23.50,25.58,13281622,333989408.00
2015/06/18,25.30,25.34,23.65,23.74,15327946,378475072.00
2015/06/19,23.28,23.57,21.46,21.64,11339655,257302272.00
2015/06/23,21.57,22.74,19.59,22.70,14542156,315341024.00
2015/06/24,22.69,23.48,21.59,22.62,13607931,309997536.00
2015/06/25,22.69,22.96,20.34,20.58,14051401,309552416.00
2015/06/26,18.82,19.59,18.49,18.49,10405735,198453904.00
2015/06/29,18.84,19.17,16.61,16.61,17980361,312660704.00
2015/06/30,15.89,18.30,14.92,17.99,21045128,347770112.00
2015/07/01,17.69,18.84,16.16,16.16,20966275,385276512.00
2015/07/02,15.69,17.00,14.51,14.51,18963346,289602624.00
2015/07/03,13.49,14.77,13.03,13.03,17220123,236166128.00
2015/07/06,14.36,14.36,11.70,11.70,31712347,423585280.00
2015/07/07,10.69,11.20,10.50,10.50,17589625,193042304.00
2015/07/13,11.58,11.58,11.58,11.58,482407,5735819.00
2015/07/14,12.77,12.77,12.77,12.77,270042,3532149.00
2015/07/15,14.08,14.08,12.59,12.92,46836402,648364032.00
2015/07/16,12.10,13.74,11.69,13.01,24066244,316629504.00
2015/07/17,13.04,14.26,12.90,13.97,36950479,512835488.00
2015/07/20,14.06,15.40,13.77,15.40,35982095,531637856.00
2015/07/21,14.94,16.15,14.61,15.99,33115938,526273792.00
2015/07/22,15.78,16.05,15.00,15.55,24687797,392221408.00
2015/07/23,15.42,16.18,15.25,15.90,21393371,342889664.00
2015/07/24,15.87,16.18,14.90,15.22,24680236,396578080.00
2015/07/27,14.69,15.41,13.67,13.67,20880774,311871488.00
2015/07/28,12.34,13.65,12.27,12.35,32606420,419339488.00
2015/07/29,12.64,13.19,11.77,13.08,21796871,278957024.00
2015/07/30,12.97,13.15,12.34,12.50,23130153,304741088.00
2015/07/31,12.27,12.37,11.27,11.37,17926434,218700736.00
2015/08/03,11.14,12.18,10.95,11.53,19402050,229899920.00
2015/08/04,11.64,12.64,11.57,12.62,20422681,253785616.00
2015/08/05,12.74,13.12,12.29,12.85,24902582,325136608.00
2015/08/06,12.59,13.63,12.35,13.57,21373713,289730304.00
2015/08/07,13.81,14.44,13.35,14.11,25684996,363877408.00
2015/08/10,14.14,15.14,13.79,14.76,23283028,345307520.00
2015/08/11,14.98,15.50,14.69,14.82,21140991,325438464.00
2015/08/12,14.59,15.07,14.19,14.51,15217729,227201824.00
2015/08/13,14.51,14.77,13.99,14.75,12625831,186934576.00
2015/08/14,14.76,15.66,14.76,15.48,20326275,316741984.00
2015/08/17,15.19,16.04,15.18,16.02,19937100,319895136.00
2015/08/18,16.19,16.59,14.39,14.39,26615610,414961024.00
2015/08/19,13.70,14.60,12.92,14.42,19965438,277912160.00
2015/08/20,14.23,14.97,13.68,14.44,15571761,226449968.00
2015/08/21,13.99,14.10,12.97,12.97,12344686,169801152.00
2015/08/24,11.74,12.19,11.64,11.64,18090016,216752384.00
2015/08/25,10.45,10.86,10.45,10.45,14282999,154274192.00
2015/08/26,10.65,10.97,9.65,9.99,16484935,175928416.00
2015/08/27,10.39,10.89,9.98,10.86,14162438,153516720.00
2015/08/28,11.08,11.86,11.00,11.82,13492724,157470976.00
2015/08/31,11.76,11.76,10.99,11.25,12437611,144340784.00
2015/09/01,11.17,11.69,10.49,10.87,14207227,162936432.00
2015/09/02,10.49,11.54,10.00,10.67,12712996,143526272.00
2015/09/07,11.00,11.72,11.00,11.29,15296524,178893152.00
2015/09/08,11.19,12.18,11.11,12.12,10620100,126317504.00
2015/09/09,12.29,12.69,12.00,12.59,13278868,169223232.00
2015/09/10,12.30,12.55,12.01,12.05,7905153,99954712.00
2015/09/11,12.07,12.42,11.99,12.37,7543800,94583144.00
2015/09/14,12.44,12.54,11.10,11.10,11425005,134833952.00
2015/09/15,10.76,11.21,9.96,9.96,9474399,100986936.00
2015/09/16,10.05,10.99,9.85,10.97,13361610,141636976.00
2015/09/17,10.69,11.34,10.59,10.60,11831052,133700840.00
2015/09/18,10.67,10.97,10.49,10.79,6762052,74374272.00
2015/09/21,10.70,11.69,10.51,11.67,10988419,127662600.00
2015/09/22,11.88,12.69,11.86,12.60,14078986,178547824.00
2015/09/23,12.21,12.46,11.79,12.14,9252298,115605376.00
2015/09/24,12.21,12.49,11.79,12.23,8998977,112314000.00
2015/09/25,12.21,12.21,11.22,11.43,6711500,80381216.00
2015/09/28,11.41,12.29,11.20,12.20,6701020,81110128.00
2015/09/29,11.79,12.19,11.71,11.88,3856809,47275428.00
2015/09/30,12.17,12.24,11.81,12.09,3658054,45341576.00
2015/10/08,12.54,12.86,12.39,12.63,8301674,107652240.00
2015/10/09,12.62,13.29,12.54,13.18,9272774,123660736.00
2015/10/12,13.19,14.14,13.09,13.66,12927651,181822784.00
2015/10/13,13.69,14.24,13.41,14.04,8763105,125422864.00
2015/10/14,13.99,14.01,13.37,13.38,8614768,119883760.00
2015/10/15,13.49,13.98,13.35,13.94,8406027,118321944.00
2015/10/16,14.09,14.19,13.60,13.98,6958230,98915736.00
2015/10/19,13.99,14.07,13.39,13.71,6809578,95692248.00
2015/10/20,13.76,15.11,13.52,15.11,19691042,293546304.00
2015/10/21,15.49,15.87,13.87,14.52,22708340,349642944.00
2015/10/22,14.60,16.00,14.60,16.00,32627440,523961472.00
2015/10/23,17.14,17.63,16.19,17.63,30985964,533894720.00
2015/10/26,17.57,17.57,16.39,16.88,18210254,314394912.00
2015/10/27,16.59,16.69,15.17,16.50,20136534,328014144.00
2015/10/28,16.28,16.36,15.33,15.91,13692843,221747216.00
2015/10/29,15.93,16.55,15.85,16.06,12342750,203553152.00
2015/10/30,15.84,16.34,15.34,16.13,13411488,217318016.00
2015/11/02,15.69,16.24,15.50,15.60,10947196,176668992.00
2015/11/03,15.61,16.52,15.61,16.10,12091767,199573568.00
2015/11/04,16.33,17.18,16.23,17.09,14460424,248071120.00
2015/11/05,17.00,17.35,16.41,17.00,14994300,256749968.00
2015/11/06,16.89,18.61,16.86,18.16,15594036,286312512.00
2015/11/09,17.94,20.01,17.72,19.82,17866863,347803648.00
2015/11/10,19.44,20.80,19.19,19.96,17365732,351093504.00
2015/11/11,19.60,21.59,19.60,21.00,18304502,381920832.00
2015/11/12,20.71,20.98,20.04,20.39,11106299,230889136.00
2015/11/13,19.88,20.38,18.84,18.86,13322864,265117840.00
2015/11/16,17.96,19.87,17.94,19.30,11134031,215410448.00
2015/11/17,19.39,20.34,19.02,19.37,9589947,193214656.00
2015/11/18,19.39,19.57,17.87,18.25,8614013,163549152.00
2015/11/19,18.08,19.35,18.08,19.28,10234381,195210064.00
2015/11/20,19.29,19.87,19.20,19.66,9313281,184836256.00
2015/11/23,19.40,19.40,18.29,18.55,14285393,272376512.00
2015/11/24,18.62,18.76,17.52,18.18,14529393,264977888.00
2015/11/25,18.07,18.12,17.54,18.06,21597438,391155488.00
2015/11/26,18.39,19.84,18.13,19.16,26802285,516747712.00
2015/11/27,18.98,18.98,17.21,17.21,17778469,326196608.00
2015/11/30,16.98,17.28,15.54,16.63,18560731,309801056.00
2015/12/01,16.28,16.86,16.05,16.83,10745607,180484640.00
2015/12/02,16.67,16.69,15.64,16.21,7687575,126769640.00
2015/12/03,16.27,16.83,16.27,16.78,8754226,148210128.00
2015/12/04,16.65,16.74,16.27,16.57,8724448,146523696.00
2015/12/07,16.46,16.79,16.29,16.61,7890535,132740576.00
2015/12/08,16.49,17.38,16.37,16.90,11961790,205454720.00
2015/12/09,16.70,16.84,15.84,16.22,8519565,142143648.00
2015/12/10,16.21,16.60,15.79,16.34,6808162,112876688.00
2015/12/11,16.33,16.59,16.19,16.20,5344529,89288840.00
2015/12/14,16.04,16.39,15.55,16.08,10434863,168570640.00
2015/12/15,16.08,16.69,16.00,16.22,9741852,161831376.00
2015/12/16,16.31,16.89,16.11,16.68,12605176,212797328.00
2015/12/17,16.80,17.07,16.69,17.00,18644989,319856704.00
2015/12/18,17.37,17.74,17.20,17.26,18721200,331777216.00
2015/12/21,17.01,17.33,17.00,17.28,8615843,150110128.00
2015/12/22,17.45,17.97,17.43,17.56,11832043,212440592.00
2015/12/23,17.49,17.73,16.99,17.13,9777700,172263392.00
2015/12/24,17.20,17.22,16.55,16.73,11382960,193967648.00
2015/12/25,16.74,17.06,16.69,16.97,6454600,110886456.00
2015/12/28,16.98,17.04,16.19,16.20,10831006,183018288.00
2015/12/29,16.14,16.43,15.84,16.19,8387589,137307968.00
2015/12/30,16.20,16.47,16.05,16.36,6480706,107196880.00
2015/12/31,16.39,16.39,15.94,16.06,6332369,104108368.00
2016/01/04,15.91,15.98,14.42,14.43,7282787,113999008.00
2016/01/05,13.70,14.32,12.96,13.61,11782456,164540464.00
2016/01/06,13.69,13.99,13.57,13.89,7993337,112502488.00
2016/01/07,13.68,13.68,12.47,12.47,2461100,32504676.00
2016/01/08,12.69,12.89,11.26,12.37,10364860,131077544.00
2016/01/11,11.98,12.85,11.27,11.56,9309136,115428944.00
2016/01/12,11.66,11.87,11.37,11.71,6845876,81902064.00
2016/01/13,11.79,11.98,11.37,11.41,7655982,92592768.00
2016/01/14,10.90,11.93,10.81,11.86,8568387,100754664.00
2016/01/15,11.73,12.17,11.19,11.37,7455010,89678976.00
2016/01/18,11.08,12.05,10.90,11.92,9260548,111324896.00
2016/01/19,11.95,12.39,11.75,12.32,6709362,83383768.00
2016/01/20,12.34,12.71,12.26,12.41,10156602,130282264.00
2016/01/21,12.14,12.79,11.98,12.00,7443576,95032960.00
2016/01/22,12.23,13.11,12.00,12.91,12282074,158157120.00
2016/01/25,12.89,13.17,12.69,13.10,9050618,119485112.00
2016/01/26,12.86,13.13,11.76,11.78,8516587,109777680.00
2016/01/27,12.17,12.99,12.17,12.99,29973490,395230752.00
2016/01/28,12.69,13.25,11.66,11.79,26986055,345417696.00
2016/01/29,11.94,12.39,11.21,12.12,13155485,160604080.00
2016/02/01,12.14,12.22,11.54,12.10,10047283,123232448.00
2016/02/02,12.08,12.77,12.00,12.61,8670967,111269904.00
2016/02/03,12.43,12.61,12.09,12.44,7186469,90945800.00
2016/02/04,12.55,12.94,12.47,12.75,10422269,136029392.00
2016/02/05,12.88,13.03,12.60,12.75,7263304,95453368.00
2016/02/15,12.12,12.94,12.12,12.86,5713344,73505696.00
2016/02/16,12.89,13.51,12.89,13.45,7492112,101811536.00
2016/02/17,13.45,13.57,13.07,13.46,7186540,97850736.00
2016/02/18,13.46,13.77,13.28,13.35,6205361,85763472.00
2016/02/19,13.33,13.43,13.09,13.24,5696266,77294576.00
2016/02/22,13.38,13.86,13.27,13.70,8157175,113289768.00
2016/02/23,13.69,13.69,13.19,13.36,6483016,88877968.00
2016/02/24,13.37,13.60,13.19,13.52,5703957,78276896.00
2016/02/25,13.44,13.52,12.14,12.15,9132853,118515464.00
2016/02/26,12.16,12.33,11.50,11.83,5601942,68444104.00
2016/02/29,11.77,11.82,10.77,11.03,4832169,55082208.00
2016/03/01,11.00,11.65,10.82,11.40,4599029,52866656.00
2016/03/02,11.41,12.24,11.29,12.05,5718869,69224184.00
2016/03/03,12.01,12.31,11.79,11.85,6107728,75439096.00
2016/03/04,11.71,11.90,11.04,11.28,5899811,69697584.00
2016/03/07,11.55,11.79,11.32,11.58,4957696,59306720.00
2016/03/08,11.69,11.74,11.09,11.59,4907658,57417636.00
2016/03/09,11.44,11.45,11.09,11.24,3796392,43958976.00
2016/03/10,11.19,11.39,11.09,11.13,2978125,34437092.00
2016/03/11,10.94,11.30,10.94,11.19,3092876,35549176.00
2016/03/14,11.39,11.81,11.30,11.70,7128734,85416096.00
2016/03/15,11.66,11.99,11.61,11.63,4387682,52865372.00
2016/03/16,11.74,11.81,11.40,11.48,3058534,36346080.00
2016/03/17,11.48,11.96,11.48,11.86,5236647,63456508.00
2016/03/18,11.93,12.48,11.81,12.37,7554298,95162928.00
2016/03/21,12.64,12.89,12.55,12.63,6815919,88651648.00
2016/03/22,12.61,12.61,12.29,12.51,7051992,90249280.00
2016/03/23,12.49,12.71,12.34,12.62,6869830,88073760.00
2016/03/24,12.53,13.04,12.25,12.62,9921393,128402248.00
2016/03/25,12.57,12.66,12.30,12.50,5964839,76131648.00
2016/03/28,12.52,12.84,12.37,12.45,4249537,54967428.00
2016/03/29,12.49,12.58,11.82,12.04,8632005,106782216.00
2016/03/30,12.08,12.67,12.04,12.59,6271897,79589400.00
2016/03/31,12.59,12.82,12.57,12.60,6722471,87281240.00
2016/04/01,12.64,13.22,12.52,13.07,11764106,154935040.00
2016/04/05,13.06,13.80,12.92,13.58,12201190,167499632.00
2016/04/06,13.64,13.64,13.29,13.49,7341587,100724320.00
2016/04/07,13.46,13.57,12.88,12.99,7556904,101790776.00
2016/04/08,12.99,13.34,12.76,13.25,6812975,90679688.00
2016/04/11,13.29,13.70,13.14,13.36,7893451,108942568.00
2016/04/12,13.39,13.82,13.31,13.74,11683610,162646896.00
2016/04/13,13.55,14.19,13.54,13.75,12496531,177919568.00
2016/04/14,13.75,13.86,13.54,13.66,7524217,105160848.00
2016/04/15,13.69,13.99,13.67,13.78,6808315,96233656.00
2016/04/18,13.66,14.19,13.40,13.92,8838504,125010560.00
2016/04/19,13.77,13.94,13.57,13.68,4954916,69440080.00
2016/04/20,13.68,13.80,12.52,12.94,7833074,105558952.00
2016/04/21,12.94,13.26,12.87,12.91,5029088,67191496.00
2016/04/22,12.92,13.35,12.76,13.30,4085221,54777832.00
2016/04/25,13.45,13.60,12.87,13.01,8385646,113656528.00
2016/04/26,12.99,13.12,12.68,12.97,6364736,83892632.00
2016/04/27,12.98,13.16,12.87,13.01,5070264,67683440.00
2016/04/28,13.10,13.10,12.70,12.97,5458563,72125680.00
2016/04/29,12.94,13.08,12.80,12.92,3929787,52078160.00
2016/05/03,12.96,13.02,12.39,13.01,10949124,143537728.00
2016/05/04,12.94,13.00,12.71,12.78,8685529,114104848.00
2016/05/05,12.82,13.58,12.71,13.41,10812703,144828864.00
2016/05/06,13.39,13.77,12.75,12.78,13651978,186570688.00
2016/05/09,12.41,12.63,11.89,12.47,9278213,117120080.00
2016/05/10,12.44,12.71,12.30,12.48,4641796,59454340.00
2016/05/11,12.57,12.64,12.18,12.20,5192653,65729768.00
2016/05/12,11.99,12.39,11.81,12.27,4762984,59320832.00
2016/05/13,12.24,12.28,11.82,11.99,6184844,76258000.00
2016/05/16,11.95,12.17,11.86,12.12,4396248,54327712.00
2016/05/17,12.12,12.17,11.87,12.00,4665404,57313048.00
2016/05/18,11.89,12.14,11.74,11.89,4069550,49830568.00
2016/05/19,11.89,12.27,11.84,12.10,5211588,64740636.00
2016/05/20,12.04,12.47,11.94,12.35,6174282,77890144.00
2016/05/23,12.48,12.79,12.47,12.52,7369766,95279024.00
2016/05/24,12.47,12.76,12.35,12.63,4527635,58100340.00
2016/05/25,12.63,12.82,12.42,12.54,3783186,48978616.00
2016/05/26,12.49,12.63,12.16,12.40,3297049,41595436.00
2016/05/27,12.29,12.49,12.27,12.33,1621819,20576818.00
2016/05/30,12.24,12.44,12.01,12.22,2390912,30060652.00
2016/05/31,12.22,12.73,12.22,12.71,6697604,86266392.00
2016/06/01,12.68,12.94,12.56,12.63,6178978,80608664.00
2016/06/02,12.73,12.77,12.55,12.69,4233641,54778960.00
2016/06/03,12.70,12.77,12.55,12.68,5702047,73882888.00
2016/06/06,12.70,12.76,12.39,12.50,6026589,77464832.00
2016/06/07,12.49,12.52,12.31,12.45,4099209,52157628.00
2016/06/08,12.43,12.45,12.24,12.34,4052652,51228928.00
2016/06/13,12.19,12.26,11.57,11.59,6062997,74612200.00
2016/06/14,11.69,11.72,11.48,11.68,3748769,44666392.00
2016/06/15,11.60,12.03,11.49,11.90,4725595,57450468.00
2016/06/16,11.86,12.07,11.59,11.65,5504752,66805424.00
2016/06/17,11.68,11.95,11.65,11.78,4227451,51326100.00
2016/06/20,11.78,12.02,11.72,11.95,3645545,44574152.00
2016/06/21,11.97,12.12,11.81,11.94,3608975,44258244.00
2016/06/22,11.86,12.01,11.82,11.98,1980984,24244368.00
2016/06/23,11.99,12.07,11.89,12.00,2954329,36269216.00
2016/06/24,11.93,12.03,11.40,11.69,4162649,50133256.00
2016/06/27,11.59,12.02,11.57,11.96,4077931,49601808.00
2016/06/28,11.90,12.18,11.90,12.16,4996278,61814784.00
2016/06/29,12.19,12.33,12.06,12.09,3549286,44268172.00
2016/06/30,12.12,12.17,12.01,12.10,2506326,31049204.00
2016/07/01,12.18,12.29,11.99,12.10,3719601,46357488.00
2016/07/04,12.01,12.61,11.92,12.55,7750912,98532576.00
2016/07/05,12.56,12.84,12.54,12.66,6604722,86009176.00
2016/07/06,12.64,12.76,12.43,12.66,4613251,59717240.00
2016/07/07,12.60,13.20,12.59,13.02,9273270,122841408.00
2016/07/08,13.06,13.19,12.87,13.12,6259487,83736312.00
2016/07/11,14.09,14.09,13.46,13.58,18043156,253778880.00
2016/07/12,13.73,13.83,13.29,13.59,10574587,146344784.00
2016/07/13,13.49,13.59,13.27,13.47,11236404,154280432.00
2016/07/14,13.47,13.47,13.27,13.36,6109236,83344832.00
2016/07/15,13.39,13.57,13.29,13.35,5746867,78496472.00
2016/07/18,13.32,13.42,12.97,13.03,7911885,105871568.00
2016/07/19,13.00,13.18,12.91,13.17,5414093,72168544.00
2016/07/20,13.09,13.21,13.08,13.10,3813174,51161840.00
2016/07/21,13.11,13.97,13.03,13.73,17239516,239632688.00
2016/07/22,13.63,14.09,13.56,13.78,12096419,170537632.00
2016/07/25,13.75,13.84,13.45,13.54,5656263,78376416.00
2016/07/26,13.49,13.68,13.46,13.65,4898565,67700536.00
2016/07/27,13.65,13.78,12.75,12.97,9109058,122977712.00
2016/07/28,12.96,13.25,12.85,13.24,5163934,69042688.00
2016/07/29,13.20,13.30,12.86,12.96,3857471,51496008.00
2016/08/01,12.98,12.98,12.33,12.45,6159368,79196720.00
2016/08/02,12.46,12.60,12.36,12.47,3074525,39115116.00
2016/08/03,12.48,12.52,12.34,12.42,3489106,44298488.00
2016/08/04,12.42,12.66,12.36,12.62,3062099,39171316.00
2016/08/05,12.63,12.65,12.38,12.55,3479185,44528612.00
2016/08/08,12.48,12.91,12.44,12.84,4755316,61933000.00
2016/08/09,12.78,12.90,12.73,12.86,2656090,34799496.00
2016/08/10,12.88,12.93,12.73,12.78,3076729,40224512.00
2016/08/11,12.68,12.71,12.42,12.44,3165213,40614524.00
2016/08/12,12.43,12.56,12.24,12.55,3501572,44471104.00
2016/08/15,12.55,12.87,12.45,12.82,5973482,77665352.00
2016/08/16,12.83,12.93,12.80,12.92,4566894,59985500.00
2016/08/17,12.93,13.13,12.88,12.97,4234510,56238936.00
2016/08/18,12.93,13.10,12.91,13.08,4911423,65234756.00
2016/08/19,13.13,13.21,12.98,13.17,3556826,47415984.00
2016/08/22,13.17,13.32,12.95,13.12,5251971,70536032.00
2016/08/23,13.18,13.21,12.81,12.85,6733578,88713504.00
2016/08/24,12.81,12.94,12.75,12.89,2603893,34185144.00
2016/08/25,12.84,13.17,12.53,13.08,5616243,74163952.00
2016/08/26,13.13,13.15,13.01,13.11,5321823,71075048.00
2016/08/29,13.02,13.36,13.02,13.26,5239084,70756968.00
2016/08/30,13.20,13.68,13.20,13.65,10349610,142674176.00
2016/08/31,13.66,13.77,13.49,13.65,12076712,167851600.00
2016/09/01,13.61,13.70,13.53,13.54,9684336,134487568.00
2016/09/02,13.51,13.66,13.24,13.59,5376280,73658056.00
2016/09/05,13.63,13.84,13.45,13.50,6829156,94831520.00
2016/09/06,13.51,13.79,13.41,13.68,7169268,99787832.00
2016/09/07,13.76,14.62,13.54,14.18,16820007,240533472.00
2016/09/08,14.18,14.56,14.10,14.34,12559302,182927168.00
2016/09/09,14.33,14.53,14.14,14.33,10668211,155700960.00
2016/09/12,13.78,14.08,13.55,13.56,10369684,146031888.00
2016/09/13,13.74,13.76,13.44,13.65,4551469,63148752.00
2016/09/14,13.54,13.61,13.29,13.44,4213226,57693120.00
2016/09/19,13.43,13.59,13.40,13.57,3214311,44282996.00
2016/09/20,13.57,13.80,13.47,13.69,4400554,61437272.00
2016/09/21,13.68,13.76,13.55,13.63,3445791,47998216.00
2016/09/22,13.80,14.09,13.63,14.02,7188100,101706464.00
2016/09/23,14.11,14.32,13.84,13.86,5612439,80603304.00
2016/09/26,13.86,14.07,13.57,13.83,7242243,102118000.00
2016/09/27,13.70,14.08,13.68,14.03,3669950,51871824.00
2016/09/28,13.96,14.28,13.95,14.10,5902406,85158736.00
2016/09/29,14.13,14.20,13.93,13.99,3890229,55587776.00
2016/09/30,14.07,14.07,13.87,14.01,3153449,44858840.00
2016/10/10,14.26,14.26,13.91,14.19,6212984,89206760.00
2016/10/11,14.16,14.31,13.99,14.24,6724679,96986200.00
2016/10/12,14.14,14.26,14.03,14.07,5124820,73774160.00
2016/10/13,14.03,14.10,13.79,13.86,4977274,70675072.00
2016/10/14,13.88,13.95,13.68,13.89,2734835,38535976.00
2016/10/17,14.02,14.23,13.92,13.98,5355926,76995232.00
2016/10/18,13.83,14.23,13.83,14.10,4666221,66925248.00
2016/10/19,14.08,14.38,14.06,14.11,3853485,55799276.00
2016/10/20,14.15,14.37,14.03,14.35,5421191,78641040.00
2016/10/21,14.39,14.39,14.03,14.09,3863364,55793068.00
2016/10/24,14.10,14.27,14.03,14.10,4828311,69419488.00
2016/10/25,14.10,14.33,14.08,14.31,5096604,73891176.00
2016/10/26,14.33,15.12,14.26,14.91,13142236,197082448.00
2016/10/27,14.74,14.87,14.58,14.71,5038591,75397352.00
2016/10/28,14.73,15.36,14.63,15.11,11444708,175068512.00
2016/10/31,15.09,15.63,14.89,15.39,12337056,192029808.00
2016/11/01,15.28,15.67,15.08,15.29,8258107,129016776.00
2016/11/02,15.34,15.52,14.98,15.00,7386913,114403592.00
2016/11/03,15.01,15.18,14.78,15.06,7426985,113248888.00
2016/11/04,15.03,15.62,14.97,15.53,10283199,161066640.00
2016/11/07,15.58,15.91,15.39,15.60,6992450,111629480.00
2016/11/08,15.60,15.78,15.38,15.46,4115336,64878256.00
2016/11/09,15.43,15.78,15.13,15.46,7815537,123466376.00
2016/11/10,15.66,16.11,15.41,15.95,10078968,162083888.00
2016/11/11,15.95,16.01,15.74,15.96,4834035,78083808.00
2016/11/14,15.97,16.03,15.74,15.87,4273713,68870416.00
2016/11/15,15.86,16.23,15.74,15.91,4158455,67609832.00
2016/11/16,15.92,16.03,15.54,15.63,5386689,85978744.00
2016/11/17,15.65,15.67,15.34,15.39,3696049,58055248.00
2016/11/18,15.51,15.63,15.41,15.46,3161849,49982124.00
2016/11/21,15.46,15.69,15.33,15.68,3908332,61894524.00
2016/11/22,15.67,15.78,15.54,15.75,2886362,45985504.00
2016/11/23,15.73,15.81,15.01,15.07,8468100,131729208.00
2016/11/24,15.16,15.28,14.93,15.09,5746802,88392360.00
2016/11/25,15.03,15.11,14.68,15.07,4063720,61453400.00
2016/11/28,14.88,15.28,14.88,15.11,5097939,78533240.00
2016/11/29,15.05,15.11,14.79,14.84,4528788,68830456.00
2016/11/30,14.99,16.35,14.93,15.35,10280120,162020944.00
2016/12/01,15.35,15.42,14.91,15.04,6061312,93553872.00
2016/12/02,15.09,15.09,14.46,14.52,5138554,76899856.00
2016/12/05,14.34,14.72,14.23,14.46,2221721,32805684.00
2016/12/06,14.46,14.51,14.31,14.35,1950800,28613804.00
2016/12/07,14.36,14.78,14.35,14.65,2337889,34543364.00
2016/12/08,14.65,14.74,14.53,14.64,3790566,56549800.00
2016/12/09,14.73,14.83,14.48,14.62,2943100,43820240.00
2016/12/12,14.69,14.74,13.48,13.69,7753200,109893328.00
2016/12/13,13.72,13.89,13.40,13.72,4726618,65596644.00
2016/12/14,13.73,13.73,13.02,13.08,5544700,75518840.00
2016/12/15,13.04,13.28,13.04,13.22,3526917,47440012.00
2016/12/16,13.38,13.72,13.24,13.51,2992592,41225800.00
2016/12/19,13.55,13.68,13.48,13.49,2894914,40075688.00
2016/12/20,13.45,13.56,13.25,13.33,2233961,30522662.00
2016/12/21,13.37,13.67,13.37,13.56,3146359,43531992.00
2016/12/22,13.58,13.58,13.23,13.40,2275161,31086516.00
2016/12/23,13.43,13.60,13.32,13.41,1940707,26609296.00
2016/12/26,13.42,13.48,13.38,13.47,2823465,38695360.00
2016/12/27,13.62,14.17,13.59,14.04,6527865,92865016.00
2016/12/28,13.96,14.13,13.83,14.09,3463958,49349076.00
2016/12/29,13.97,14.29,13.94,14.22,4880235,70675936.00
2016/12/30,14.20,14.43,14.16,14.23,4605133,67037516.00
2017/01/03,14.14,14.23,13.79,13.88,8081291,114344320.00
2017/01/04,13.87,13.93,13.62,13.76,8190612,114533872.00
2017/01/05,13.79,13.79,13.64,13.73,5617013,78507856.00
2017/01/06,13.66,13.77,13.40,13.46,4879674,67318736.00
2017/01/09,13.35,13.56,13.25,13.52,3461372,47328816.00
2017/01/10,13.47,13.69,13.35,13.67,3343131,46241840.00
2017/01/11,13.66,13.71,13.41,13.43,2493725,34515404.00
2017/01/12,13.37,13.51,13.26,13.37,2529551,34471988.00
2017/01/13,13.28,13.59,13.28,13.52,3223754,44280892.00
2017/01/16,13.52,13.60,12.14,12.43,6050991,78803384.00
2017/01/17,12.35,12.66,12.28,12.58,2558038,32558324.00
2017/01/18,12.58,12.58,12.32,12.43,3776389,47934208.00
2017/01/19,12.69,12.80,12.22,12.31,5994218,76444032.00
2017/01/20,12.31,12.58,12.31,12.55,4589301,58513552.00
2017/01/23,12.68,12.78,12.56,12.70,2922441,37916296.00
2017/01/24,12.70,12.88,12.70,12.75,2887713,37700280.00
2017/01/25,12.72,12.84,12.63,12.79,2529365,32953912.00
2017/01/26,12.84,12.97,12.79,12.91,1490135,19626392.00
2017/02/03,12.96,13.01,12.79,12.97,1780085,23441520.00
2017/02/06,12.96,13.17,12.89,13.15,3132351,41665784.00
2017/02/07,13.15,13.19,12.94,13.07,4788242,63807664.00
2017/02/08,13.07,13.14,12.94,13.11,2955352,39311632.00
2017/02/09,13.05,13.31,13.03,13.22,3367759,45438076.00
2017/02/10,13.25,13.35,13.14,13.21,1994573,26911254.00
2017/02/13,13.19,13.19,12.97,13.07,4455929,59341500.00
2017/02/14,13.07,13.25,13.02,13.22,2729202,36696656.00
2017/02/15,13.19,13.27,12.85,12.95,3150357,42008748.00
2017/02/16,12.85,13.06,12.85,13.04,2056911,27232580.00
2017/02/17,13.04,13.10,12.76,12.80,2747957,36150956.00
2017/02/20,12.86,13.02,12.85,12.99,2737790,36174584.00
2017/02/21,12.98,13.27,12.98,13.25,3658343,49270600.00
2017/02/22,13.25,13.29,13.14,13.26,2456871,33159004.00
2017/02/23,13.35,13.59,13.31,13.37,4502160,61812072.00
2017/02/24,13.38,13.43,13.11,13.24,5011626,67588712.00
2017/02/27,13.27,13.37,13.12,13.23,3964040,53455808.00
2017/02/28,13.19,13.35,13.14,13.30,3424683,46340320.00
2017/03/01,13.31,13.43,13.18,13.26,6151562,83521160.00
2017/03/02,13.25,13.33,12.97,13.00,3552873,47755928.00
2017/03/03,12.99,13.20,12.80,13.15,4350966,57621032.00
2017/03/06,13.09,13.47,13.07,13.43,4903761,66660148.00
2017/03/07,13.43,13.84,13.35,13.73,7524515,104508368.00
2017/03/08,13.73,13.85,13.61,13.70,3805736,53213852.00
2017/03/09,13.63,13.77,13.38,13.64,3433774,47533252.00
2017/03/10,13.58,13.91,13.43,13.47,4627269,64799568.00
2017/03/13,13.48,14.03,13.38,14.00,8772470,123301928.00
2017/03/14,13.99,14.15,13.79,13.91,4845152,68964448.00
2017/03/15,13.63,13.71,13.50,13.63,5818756,80709344.00
2017/03/16,13.56,13.95,13.56,13.82,4020296,56658888.00
2017/03/17,13.82,14.20,13.74,13.88,6530943,93201672.00
2017/03/20,13.90,14.03,13.78,14.00,3726789,52769276.00
2017/03/21,14.19,14.24,13.88,14.03,5621727,80352608.00
2017/03/22,14.02,14.12,13.80,13.94,4747660,67467408.00
2017/03/23,13.98,14.08,13.71,13.97,4487468,63492936.00
2017/03/24,13.92,13.95,13.73,13.86,4307151,60677556.00
2017/03/27,13.86,14.06,13.78,13.85,3552443,50229384.00
2017/03/28,13.82,13.90,13.60,13.61,4262988,59702408.00
2017/03/29,13.67,13.75,13.54,13.68,2932790,40873544.00
2017/03/30,13.68,13.68,13.33,13.35,3463271,47591088.00
2017/03/31,13.38,13.59,13.29,13.36,2677094,36654736.00
2017/04/05,13.36,13.68,13.33,13.63,2970282,41185748.00
2017/04/06,13.56,13.72,13.56,13.65,2673046,37168528.00
2017/04/07,13.66,14.01,13.63,13.96,4849122,68398240.00
2017/04/10,13.96,14.03,13.80,13.99,4335394,61551304.00
2017/04/11,13.96,14.23,13.80,14.15,6007525,86043992.00
2017/04/12,14.21,14.60,14.00,14.13,7454556,109359136.00
2017/04/13,14.13,14.38,13.85,13.87,5524341,79044048.00
2017/04/14,13.91,13.99,13.65,13.69,3820238,53575568.00
2017/04/17,13.69,13.81,13.48,13.73,2462412,34316108.00
2017/04/18,13.74,13.74,13.44,13.45,2445779,33919848.00
2017/04/19,13.45,13.54,12.83,12.96,4778828,63806888.00
2017/04/20,13.03,13.17,12.70,12.82,2785344,36727948.00
2017/04/21,12.87,12.90,12.43,12.78,4762652,61549456.00
2017/04/24,12.73,12.87,12.35,12.80,2904919,37494840.00
2017/04/25,12.78,12.92,12.64,12.67,2157413,28210304.00
2017/04/26,12.64,12.82,12.53,12.69,2349051,30330396.00
2017/04/27,12.72,13.19,12.69,13.01,3984437,52358512.00
2017/04/28,13.18,13.18,12.89,12.92,3154914,41877156.00
2017/05/02,12.88,13.15,12.79,12.93,3135404,41358692.00
2017/05/03,12.98,12.99,12.74,12.81,2741436,36004256.00
2017/05/04,12.74,13.01,12.74,12.97,2731319,36029800.00
2017/05/05,12.90,13.08,12.83,12.96,2675265,35425696.00
2017/05/08,12.95,13.00,12.69,12.71,2271286,29779800.00
2017/05/09,12.71,12.99,12.33,12.97,2916900,37705404.00
2017/05/10,12.99,13.01,12.13,12.30,3445835,44244744.00
2017/05/11,12.32,12.47,12.14,12.44,3112732,39243860.00
2017/05/12,12.49,12.64,12.36,12.57,1500447,19150974.00
2017/05/15,12.54,12.75,12.54,12.57,2582005,33355730.00
2017/06/12,13.85,13.85,13.24,13.44,17574119,242512864.00
2017/06/13,13.30,13.39,13.07,13.25,7608151,102474144.00
2017/06/14,13.14,13.34,13.08,13.08,4727639,63471328.00
2017/06/15,13.10,13.20,12.96,13.11,3408551,45465824.00
2017/06/16,13.09,13.18,12.96,13.01,2314179,30739780.00
2017/06/19,13.00,13.01,12.88,12.93,3037893,40050084.00
2017/06/20,12.94,12.98,12.79,12.85,3380261,44432548.00
2017/06/21,12.84,13.00,12.79,12.98,2685826,35389164.00
2017/06/22,12.99,13.03,12.85,12.86,3034701,40187988.00
2017/06/23,12.83,12.90,12.62,12.77,2270626,29586676.00
2017/06/26,12.72,12.87,12.71,12.84,2805778,36654152.00
2017/06/27,12.87,12.89,12.81,12.82,1707480,22413636.00
2017/06/28,12.82,12.86,12.69,12.79,2817864,36760628.00
2017/06/29,12.86,12.89,12.79,12.84,2733457,35860096.00
2017/06/30,12.85,13.28,12.82,13.16,6839592,91416480.00
2017/07/03,13.21,13.26,12.97,13.17,2877990,38482892.00
2017/07/04,13.13,13.17,13.03,13.07,2381123,31817588.00
2017/07/05,13.13,13.13,13.04,13.09,2386900,31852356.00
2017/07/06,13.10,13.19,13.04,13.13,2896033,38797488.00
2017/07/07,13.13,13.19,13.06,13.18,2326361,31236304.00
2017/07/10,13.17,13.42,13.11,13.24,4171391,56511380.00
2017/07/11,13.25,13.33,13.10,13.13,2438710,32888028.00
2017/07/12,13.13,13.18,12.84,13.05,2739934,36360160.00
2017/07/13,13.05,13.16,13.00,13.10,1959661,26177280.00
2017/07/14,13.17,13.17,12.88,12.93,3178326,41119036.00
2017/07/17,12.95,12.95,12.35,12.39,8695491,109147376.00
2017/07/18,12.51,12.83,12.37,12.76,6087933,76300064.00
2017/07/19,12.71,12.84,12.60,12.81,3347126,42674036.00
2017/07/20,12.70,12.83,12.65,12.82,2624419,33516136.00
2017/07/21,12.82,12.98,12.72,12.82,2460150,31678416.00
2017/07/24,12.73,13.10,12.73,13.03,4096020,53282656.00
2017/07/25,13.00,13.04,12.78,12.84,2765700,35539184.00
2017/07/26,12.83,12.91,12.68,12.82,2548700,32528134.00
2017/07/27,12.78,13.02,12.75,12.98,2774837,35772348.00
2017/07/28,12.95,13.14,12.83,12.88,3364400,43667112.00
2017/08/02,12.94,12.94,12.94,12.94,0,0.00
数据来源:通达信
