601010 文峰股份 日线 前复权
      日期	    开盘	    最高	    最低	    收盘	    成交量	    成交额
2011/06/03,4.24,4.44,4.24,4.31,17708363,325953344.00
2011/06/07,4.36,4.41,4.20,4.26,6416110,116757696.00
2011/06/08,4.24,4.24,4.03,4.06,8064406,141049744.00
2011/06/09,4.06,4.10,3.96,3.96,3963670,68403784.00
2011/06/10,3.94,3.98,3.85,3.94,3933988,66128272.00
2011/06/13,3.88,3.94,3.85,3.90,2244350,37604852.00
2011/06/14,3.90,3.97,3.88,3.93,2403592,40631824.00
2011/06/15,3.93,3.93,3.85,3.85,2282812,38249388.00
2011/06/16,3.81,3.81,3.66,3.67,2649967,42737212.00
2011/06/17,3.66,3.69,3.57,3.57,1487568,23557894.00
2011/06/20,3.56,3.68,3.56,3.62,1158882,18132940.00
2011/06/21,3.60,3.71,3.60,3.69,1885755,29954396.00
2011/06/22,3.72,3.72,3.61,3.66,1169767,18575920.00
2011/06/23,3.64,4.00,3.63,3.94,6080163,101252704.00
2011/06/24,3.93,4.13,3.93,4.02,5734548,99871496.00
2011/06/28,4.06,4.14,4.05,4.06,3014819,52867240.00
2011/06/29,4.04,4.08,3.99,4.00,1314070,22733252.00
2011/06/30,4.01,4.31,4.01,4.22,4951714,89102448.00
2011/07/01,4.25,4.30,4.18,4.27,1633205,29534192.00
2011/07/04,4.28,4.53,4.24,4.36,3216019,60065728.00
2011/07/05,4.36,4.43,4.24,4.28,1831917,33588420.00
2011/07/06,4.25,4.32,4.19,4.29,2563612,46282192.00
2011/07/07,4.29,4.44,4.26,4.33,2070237,38318416.00
2011/07/08,4.32,4.37,4.28,4.31,1185976,21748800.00
2011/07/11,4.32,4.35,4.28,4.31,2351809,43168120.00
2011/07/12,4.31,4.32,4.16,4.18,1945593,34895368.00
2011/07/13,4.17,4.33,4.17,4.29,1586199,28904480.00
2011/07/14,4.30,4.42,4.29,4.41,3417453,63232364.00
2011/07/15,4.41,4.48,4.36,4.48,2817847,52978664.00
2011/07/18,4.49,4.78,4.49,4.76,14287042,282800192.00
2011/07/19,4.68,4.77,4.65,4.75,4486451,89086200.00
2011/07/20,4.75,4.81,4.68,4.77,4703161,94164416.00
2011/07/21,4.78,4.79,4.62,4.64,2364746,46699500.00
2011/07/22,4.63,4.67,4.46,4.62,2727319,52606460.00
2011/07/25,4.56,4.60,4.45,4.51,2426590,46388540.00
2011/07/26,4.48,4.56,4.41,4.45,1048631,19784968.00
2011/07/27,4.45,4.62,4.37,4.61,2002786,38390332.00
2011/07/28,4.57,4.69,4.51,4.68,2197765,42607244.00
2011/07/29,4.64,4.78,4.64,4.73,3678882,73270248.00
2011/08/02,4.75,4.75,4.60,4.69,1281499,25084314.00
2011/08/03,4.64,4.72,4.56,4.60,1525398,29804264.00
2011/08/04,4.60,4.69,4.58,4.68,918411,18002272.00
2011/08/05,4.52,4.77,4.44,4.68,1709307,33528000.00
2011/08/08,4.66,4.67,4.24,4.36,2619070,49940128.00
2011/08/09,4.30,4.56,4.20,4.50,2069971,38843568.00
2011/08/10,4.56,4.62,4.45,4.47,1462227,27992520.00
2011/08/11,4.37,4.78,4.37,4.76,2739027,53653096.00
2011/08/12,4.78,4.92,4.70,4.87,10034999,204306208.00
2011/08/15,4.88,4.89,4.81,4.87,3772743,76862216.00
2011/08/16,4.85,4.93,4.77,4.83,2983960,60724020.00
2011/08/17,4.84,4.89,4.72,4.73,2183498,43845676.00
2011/08/18,4.74,4.77,4.68,4.69,1937419,38428944.00
2011/08/19,4.54,4.62,4.50,4.59,1630151,31545672.00
2011/08/22,4.61,4.64,4.54,4.59,894394,17358136.00
2011/08/23,4.58,4.73,4.58,4.72,1110252,21878190.00
2011/08/24,4.78,4.79,4.66,4.67,1118338,22234948.00
2011/08/25,4.68,4.80,4.59,4.75,1847384,36580720.00
2011/08/29,4.74,4.82,4.72,4.79,1628768,32682806.00
2011/08/30,4.79,4.82,4.53,4.56,2366062,46521808.00
2011/08/31,4.59,4.60,4.49,4.52,852601,16330707.00
2011/09/01,4.54,4.56,4.49,4.50,906583,17297992.00
2011/09/02,4.50,4.53,4.43,4.47,1126028,21273388.00
2011/09/05,4.43,4.48,4.23,4.30,2280905,41826272.00
2011/09/06,4.24,4.31,4.20,4.29,2127212,38556488.00
2011/09/07,4.32,4.37,4.25,4.34,2243357,41179088.00
2011/09/08,4.35,4.42,4.35,4.37,1956045,36398232.00
2011/09/09,4.37,4.41,4.27,4.28,872956,16079547.00
2011/09/13,4.22,4.25,4.12,4.20,1360460,24309618.00
2011/09/14,4.22,4.29,4.20,4.29,1822922,32936544.00
2011/09/15,4.32,4.35,4.26,4.33,583121,10729208.00
2011/09/16,4.33,4.37,4.22,4.25,924339,16837302.00
2011/09/19,4.23,4.32,4.21,4.30,392655,7148147.00
2011/09/20,4.30,4.37,4.26,4.32,651412,11985796.00
2011/09/21,4.33,4.44,4.28,4.44,931549,17358712.00
2011/09/22,4.39,4.49,4.37,4.42,1059056,19869220.00
2011/09/23,4.33,4.48,4.32,4.45,1214128,22871146.00
2011/09/26,4.44,4.54,4.42,4.46,1943283,36967312.00
2011/09/27,4.45,4.52,4.44,4.49,1099260,20860562.00
2011/09/28,4.53,4.56,4.38,4.52,1791138,34145704.00
2011/09/29,4.46,4.62,4.44,4.46,1110092,21210598.00
2011/09/30,4.44,4.44,4.28,4.35,3581987,66221716.00
2011/10/10,4.36,4.43,4.26,4.42,616482,11406987.00
2011/10/11,4.46,4.54,4.33,4.37,853058,16073893.00
2011/10/12,4.30,4.53,4.30,4.50,801580,15082954.00
2011/10/13,4.50,4.65,4.47,4.63,1688186,32718454.00
2011/10/14,4.63,4.69,4.52,4.64,1402130,27438624.00
2011/10/17,4.72,4.72,4.56,4.62,553277,10775624.00
2011/10/18,4.60,4.65,4.46,4.54,1047577,20114588.00
2011/10/19,4.56,4.56,4.44,4.50,389640,7406440.00
2011/10/20,4.49,4.51,4.37,4.42,1706643,32123282.00
2011/10/21,4.42,4.47,4.40,4.43,194079,3644370.00
2011/10/24,4.43,4.54,4.33,4.50,644634,12097879.00
2011/10/25,4.50,4.64,4.46,4.62,1123711,21825056.00
2011/10/26,4.62,4.66,4.60,4.62,751536,14681993.00
2011/10/27,4.65,4.75,4.60,4.61,1096136,21560524.00
2011/10/28,4.61,4.70,4.54,4.57,1885344,36514160.00
2011/10/31,4.62,4.67,4.42,4.64,2293612,43835896.00
2011/11/01,4.54,4.66,4.52,4.57,1567630,30403062.00
2011/11/02,4.49,4.63,4.48,4.63,703206,13589652.00
2011/11/03,4.63,4.72,4.62,4.64,2832040,55836624.00
2011/11/04,4.65,4.72,4.61,4.65,1142691,22474502.00
2011/11/07,4.81,5.02,4.73,4.74,5048763,102815304.00
2011/11/08,4.67,4.76,4.62,4.68,2033376,40054880.00
2011/11/09,4.66,4.72,4.54,4.70,2802891,54709108.00
2011/11/10,4.62,4.64,4.54,4.57,3484715,67549384.00
2011/11/11,4.60,4.60,4.48,4.51,1284931,24619828.00
2011/11/14,4.57,4.64,4.53,4.60,1724645,33394356.00
2011/11/15,4.61,4.63,4.57,4.61,692289,13457626.00
2011/11/16,4.61,4.62,4.53,4.54,1690583,32760108.00
2011/11/17,4.54,4.61,4.54,4.59,654738,12669753.00
2011/11/18,4.59,4.59,4.49,4.55,1075175,20545524.00
2011/11/21,4.54,4.60,4.49,4.57,584537,11258620.00
2011/11/22,4.53,4.60,4.52,4.60,363840,7008574.00
2011/11/23,4.61,4.64,4.57,4.59,791224,15390948.00
2011/11/24,4.56,4.60,4.38,4.40,630625,12000267.00
2011/11/28,4.41,4.41,4.17,4.26,1722355,31132404.00
2011/11/29,4.28,4.50,4.24,4.46,1076384,20090894.00
2011/11/30,4.43,4.49,4.24,4.35,628366,11549593.00
2011/12/01,4.41,4.45,4.30,4.33,1344237,24988898.00
2011/12/02,4.33,4.34,4.22,4.24,749687,13569392.00
2011/12/05,4.25,4.28,4.07,4.12,936436,16497390.00
2011/12/06,4.14,4.21,4.05,4.09,1057820,18540380.00
2011/12/07,4.10,4.12,4.04,4.10,614589,10727846.00
2011/12/08,4.10,4.13,4.04,4.10,409576,7166172.00
2011/12/09,4.10,4.10,4.05,4.09,156130,2719520.00
2011/12/12,4.09,4.17,4.04,4.15,575685,10112994.00
2011/12/13,4.15,4.16,4.04,4.10,683910,11988708.00
2011/12/14,4.05,4.13,3.77,3.94,1894165,31827756.00
2011/12/15,3.88,4.01,3.83,3.88,504670,8427429.00
2011/12/16,3.90,3.95,3.85,3.92,606973,10235412.00
2011/12/19,3.94,3.97,3.69,3.96,421690,6998715.00
2011/12/20,3.96,4.01,3.85,3.92,503511,8552894.00
2011/12/21,3.93,3.96,3.82,3.88,227463,3838065.00
2011/12/22,3.92,3.92,3.72,3.77,489599,8006408.00
2011/12/23,3.73,3.80,3.71,3.76,674069,10931409.00
2011/12/26,3.77,3.81,3.73,3.77,257524,4197236.00
2011/12/27,3.73,3.77,3.64,3.64,533209,8494749.00
2011/12/28,3.64,3.69,3.40,3.42,3286877,49970272.00
2011/12/29,3.42,3.56,3.37,3.50,1165495,17741544.00
2011/12/30,3.50,3.74,3.48,3.54,1851243,29242730.00
2012/01/04,3.57,3.73,3.57,3.60,1086599,17195616.00
2012/01/05,3.66,3.66,3.53,3.56,374873,5888838.00
2012/01/06,3.54,3.64,3.54,3.60,558375,8710504.00
2012/01/09,3.62,3.74,3.56,3.73,601453,9627113.00
2012/01/10,3.66,3.86,3.66,3.83,1570829,25813284.00
2012/01/11,3.83,3.83,3.76,3.77,448395,7366999.00
2012/01/12,3.76,3.80,3.64,3.66,352626,5688531.00
2012/01/13,3.65,3.67,3.38,3.53,1479999,22500124.00
2012/01/16,3.50,3.52,3.44,3.44,162963,2474908.00
2012/01/17,3.43,3.61,3.42,3.60,614733,9500444.00
2012/01/18,3.61,3.67,3.56,3.58,497019,7799060.00
2012/01/19,3.56,3.99,3.51,3.85,1143299,18744868.00
2012/01/20,3.88,3.96,3.74,3.95,630945,10521864.00
2012/01/30,3.95,3.95,3.74,3.81,467391,7702393.00
2012/01/31,3.81,3.82,3.73,3.82,188516,3071753.00
2012/02/01,3.77,3.83,3.75,3.77,160241,2627003.00
2012/02/02,3.74,3.79,3.72,3.77,1158699,18821912.00
2012/02/03,3.76,3.79,3.68,3.74,1894993,30584632.00
2012/02/06,3.73,3.82,3.72,3.79,1150309,18739216.00
2012/02/07,3.79,3.79,3.60,3.62,1028756,16306655.00
2012/02/08,3.61,3.71,3.56,3.70,1493438,23580332.00
2012/02/09,3.71,3.73,3.66,3.71,1802849,28924776.00
2012/02/10,3.71,3.74,3.69,3.72,832937,13410730.00
2012/02/13,3.71,3.79,3.68,3.78,3081793,49787364.00
2012/02/14,3.78,3.78,3.65,3.70,4342725,69615264.00
2012/02/15,3.66,3.74,3.58,3.73,5498049,87708760.00
2012/02/16,3.75,3.76,3.67,3.70,2267991,36521504.00
2012/02/17,3.73,3.76,3.67,3.71,1892496,30479620.00
2012/02/20,3.76,3.76,3.72,3.74,2192269,35524436.00
2012/02/21,3.76,3.88,3.74,3.88,5242564,86369664.00
2012/02/22,3.83,3.90,3.81,3.87,3433345,57077048.00
2012/02/23,3.86,3.93,3.82,3.88,2556576,42575388.00
2012/02/24,3.87,3.96,3.83,3.94,2637253,44219140.00
2012/02/27,3.94,4.03,3.92,3.93,2809162,48026760.00
2012/02/28,3.90,3.99,3.82,3.98,1720326,28820608.00
2012/02/29,3.93,4.04,3.88,3.97,3520626,59700132.00
2012/03/01,4.00,4.00,3.90,3.91,1578389,26593952.00
2012/03/02,3.91,3.95,3.91,3.95,1519051,25692012.00
2012/03/05,3.95,3.98,3.89,3.89,1206322,20386792.00
2012/03/06,3.89,3.90,3.79,3.81,1389755,22900776.00
2012/03/07,3.73,3.83,3.73,3.78,1025034,16792720.00
2012/03/08,3.80,3.85,3.77,3.82,1464094,24119428.00
2012/03/09,3.83,3.89,3.81,3.89,1334336,22198448.00
2012/03/12,3.90,3.98,3.88,3.96,2213941,37477868.00
2012/03/13,3.96,3.98,3.92,3.96,1684147,28556836.00
2012/03/14,3.97,4.00,3.72,3.82,2666527,44807424.00
2012/03/15,3.82,3.85,3.72,3.81,1318475,21572212.00
2012/03/16,3.84,3.94,3.83,3.93,1965682,32923332.00
2012/03/19,4.02,4.18,3.99,4.02,3666831,63803304.00
2012/03/20,4.01,4.05,3.91,3.93,2153386,36693264.00
2012/03/21,3.96,3.98,3.84,3.88,1556523,26102796.00
2012/03/22,3.90,3.94,3.86,3.92,838089,14059527.00
2012/03/23,3.88,3.89,3.77,3.80,1087124,17979452.00
2012/03/26,3.81,3.82,3.74,3.76,1368643,22272476.00
2012/03/27,3.79,3.79,3.59,3.62,2425611,38642800.00
2012/03/28,3.64,3.68,3.42,3.45,3241680,50247752.00
2012/03/29,3.45,3.51,3.40,3.44,1482736,22439724.00
2012/03/30,3.46,3.47,3.40,3.44,1196225,18000252.00
2012/04/05,3.44,3.60,3.42,3.56,1263522,19439594.00
2012/04/06,3.55,3.57,3.52,3.54,786986,12158408.00
2012/04/09,3.52,3.54,3.44,3.44,666223,10157002.00
2012/04/10,3.43,3.53,3.40,3.53,1365206,20626824.00
2012/04/11,3.50,3.53,3.45,3.50,1153415,17589724.00
2012/04/12,3.50,3.58,3.48,3.58,1959588,30271730.00
2012/04/13,3.58,3.61,3.54,3.61,2361324,36784896.00
2012/04/16,3.58,3.60,3.53,3.58,1619462,25123538.00
2012/04/17,3.56,3.57,3.52,3.52,944925,14615884.00
2012/04/18,3.53,3.63,3.51,3.60,1769890,27569832.00
2012/04/19,3.62,3.64,3.56,3.58,1784053,27901894.00
2012/04/23,3.61,3.62,3.48,3.49,1780858,27505068.00
2012/04/24,3.47,3.55,3.42,3.47,2228140,33927348.00
2012/04/25,3.47,3.50,3.44,3.49,2051005,31129492.00
2012/04/26,3.49,3.56,3.49,3.54,1921856,29585580.00
2012/04/27,3.53,3.64,3.53,3.61,3846134,60285256.00
2012/05/02,3.66,3.68,3.61,3.66,3079456,48698592.00
2012/05/03,3.64,3.71,3.62,3.68,2384833,37925380.00
2012/05/04,3.66,3.74,3.65,3.68,2345541,37509828.00
2012/05/07,3.68,3.70,3.65,3.69,1737644,27749224.00
2012/05/08,3.72,3.73,3.66,3.72,2392370,38354664.00
2012/05/09,3.70,3.70,3.64,3.67,1762577,28027708.00
2012/05/10,3.67,3.67,3.62,3.62,964685,14857856.00
2012/05/11,3.65,3.65,3.57,3.58,1029707,15704637.00
2012/05/14,3.60,3.62,3.56,3.58,963752,14641754.00
2012/05/15,3.58,3.61,3.54,3.60,1019847,15464358.00
2012/05/16,3.58,3.71,3.56,3.65,3056471,47313968.00
2012/05/17,3.65,3.69,3.64,3.67,1687998,26144476.00
2012/05/18,3.65,3.67,3.57,3.61,1202608,18336654.00
2012/05/21,3.61,3.65,3.57,3.62,606901,9269067.00
2012/05/22,3.64,3.64,3.61,3.63,1108018,17001680.00
2012/05/23,3.65,3.68,3.60,3.65,1567464,24181408.00
2012/05/24,3.65,3.68,3.63,3.65,1386128,21443182.00
2012/05/25,3.64,3.67,3.51,3.53,1595675,24122200.00
2012/05/28,3.49,3.53,3.26,3.36,3152982,45091984.00
2012/05/29,3.36,3.45,3.34,3.43,4897652,70460224.00
2012/05/30,3.45,3.56,3.45,3.51,3839297,57202288.00
2012/05/31,3.48,3.52,3.46,3.49,1447247,21443748.00
2012/06/01,3.51,3.54,3.47,3.48,977701,14512704.00
2012/06/04,3.44,3.44,3.36,3.37,1341925,19490478.00
2012/06/05,3.37,3.40,3.35,3.39,922425,13300949.00
2012/06/06,3.35,3.44,3.35,3.37,531205,7665665.00
2012/06/07,3.41,3.41,3.32,3.36,631122,9047598.00
2012/06/08,3.38,3.40,3.31,3.31,789730,11267131.00
2012/06/11,3.34,3.39,3.31,3.39,1018881,14618808.00
2012/06/12,3.35,3.37,3.32,3.32,616090,8789737.00
2012/06/13,3.32,3.38,3.32,3.37,1660258,23780686.00
2012/06/14,3.36,3.43,3.34,3.38,1522635,22081336.00
2012/06/15,3.39,3.44,3.38,3.43,1294969,18833448.00
2012/06/18,3.45,3.53,3.43,3.48,2560861,37961836.00
2012/06/19,3.48,3.54,3.46,3.49,3399969,50787236.00
2012/06/20,3.51,3.53,3.45,3.45,1548454,22893296.00
2012/06/21,3.44,3.47,3.41,3.46,880099,12889207.00
2012/06/25,3.46,3.46,3.37,3.37,679567,9926617.00
2012/06/26,3.37,3.41,3.33,3.40,599300,8627539.00
2012/06/27,3.40,3.49,3.37,3.45,1128154,16541608.00
2012/06/28,3.48,3.48,3.41,3.41,510494,7477648.00
2012/06/29,3.41,3.50,3.40,3.50,961793,14170264.00
2012/07/02,3.51,3.52,3.44,3.49,1187215,17600116.00
2012/07/03,3.49,3.52,3.41,3.44,2349410,34604372.00
2012/07/04,3.44,3.45,3.36,3.37,1295705,18801106.00
2012/07/05,3.35,3.37,3.25,3.27,1751227,24669998.00
2012/07/06,3.29,3.30,3.22,3.30,2789429,39014340.00
2012/07/09,3.27,3.29,3.24,3.27,1319136,18444288.00
2012/07/10,3.29,3.29,3.24,3.24,1572400,21947750.00
2012/07/11,3.25,3.26,3.19,3.21,1513416,20936358.00
2012/07/12,3.19,3.25,3.16,3.22,1419975,19582204.00
2012/07/13,3.22,3.26,3.17,3.18,2367252,32580436.00
2012/07/16,3.18,3.20,2.95,2.97,3028753,39901088.00
2012/07/17,2.97,3.13,2.95,3.03,665988,8649886.00
2012/07/18,3.02,3.08,2.95,3.06,1094334,14221779.00
2012/07/19,3.02,3.11,3.02,3.08,1373201,18229772.00
2012/07/20,3.06,3.09,2.98,3.05,1566954,20509248.00
2012/07/23,3.03,3.04,2.97,3.02,744511,9668540.00
2012/07/24,3.00,3.06,3.00,3.02,462898,6062086.00
2012/07/25,3.01,3.06,3.00,3.02,817964,10700477.00
2012/07/26,3.03,3.05,3.01,3.03,540247,7064892.00
2012/07/27,3.02,3.06,3.01,3.05,824393,10804302.00
2012/07/30,3.04,3.07,2.98,3.05,1075406,14101509.00
2012/07/31,3.01,3.04,2.98,2.99,1341257,17465804.00
2012/08/01,3.00,3.10,2.97,3.01,2901995,37950072.00
2012/08/02,3.01,3.01,2.89,2.92,1762591,22552262.00
2012/08/03,2.97,3.04,2.95,3.03,1600977,20896086.00
2012/08/06,3.01,3.13,3.00,3.11,2028555,26875358.00
2012/08/07,3.12,3.21,3.11,3.20,2509395,34355088.00
2012/08/08,3.19,3.23,3.16,3.21,1993180,27402360.00
2012/08/09,3.18,3.24,3.17,3.24,1610809,22194776.00
2012/08/10,3.21,3.24,3.18,3.21,952944,13151003.00
2012/08/13,3.22,3.22,3.13,3.13,1053511,14305739.00
2012/08/14,3.15,3.15,3.07,3.13,907272,12142102.00
2012/08/15,3.13,3.17,3.05,3.09,1298282,17367092.00
2012/08/16,3.07,3.11,3.05,3.10,471739,6281799.00
2012/08/17,3.10,3.15,3.06,3.10,546705,7286292.00
2012/08/20,3.10,3.12,3.06,3.11,427536,5703000.00
2012/08/21,3.11,3.17,3.09,3.16,535163,7249535.00
2012/08/22,3.17,3.20,3.10,3.12,354009,4783122.00
2012/08/23,3.10,3.15,3.10,3.14,346063,4663933.00
2012/08/24,3.12,3.14,3.08,3.10,344256,4612112.00
2012/08/27,3.07,3.10,3.00,3.03,470662,6174670.00
2012/08/28,3.00,3.08,2.98,3.08,689258,9021781.00
2012/08/29,3.07,3.07,3.02,3.04,192962,2533743.00
2012/08/30,3.01,3.04,2.99,3.02,543859,7090489.00
2012/08/31,3.01,3.03,3.01,3.02,287990,3759553.00
2012/09/03,3.02,3.06,3.00,3.06,411272,5410545.00
2012/09/04,3.06,3.09,3.04,3.07,623311,8241610.00
2012/09/05,3.07,3.09,3.02,3.07,416357,5519089.00
2012/09/06,3.06,3.12,3.05,3.12,599267,7993584.00
2012/09/07,3.12,3.27,3.10,3.23,2228409,30657524.00
2012/09/10,3.20,3.25,3.19,3.22,1079368,14900302.00
2012/09/11,3.21,3.24,3.18,3.23,992005,13688917.00
2012/09/12,3.23,3.26,3.22,3.24,1023151,14218006.00
2012/09/13,3.25,3.25,3.18,3.19,556038,7684311.00
2012/09/14,3.20,3.24,3.17,3.22,833265,11452108.00
2012/09/17,3.21,3.21,3.10,3.12,590196,8000735.00
2012/09/18,3.10,3.12,3.08,3.11,268278,3587763.00
2012/09/19,3.09,3.16,3.08,3.13,745876,10020457.00
2012/09/20,3.13,3.13,3.00,3.07,599101,7956100.00
2012/09/21,3.06,3.09,3.02,3.08,340129,4496091.00
2012/09/24,3.07,3.13,3.02,3.10,742406,9878251.00
2012/09/25,3.05,3.17,3.05,3.10,1294944,17410466.00
2012/09/26,3.08,3.13,3.06,3.10,479511,6420064.00
2012/09/27,3.10,3.24,3.08,3.21,1022772,13941167.00
2012/09/28,3.19,3.26,3.16,3.25,1283691,17729936.00
2012/10/08,3.24,3.25,3.17,3.20,716250,9864821.00
2012/10/09,3.21,3.29,3.19,3.29,1361505,18946372.00
2012/10/10,3.27,3.32,3.24,3.27,1217375,17000000.00
2012/10/11,3.26,3.26,3.19,3.24,699104,9657676.00
2012/10/12,3.24,3.25,3.20,3.24,470874,6518516.00
2012/10/15,3.22,3.36,3.21,3.35,1976894,27874528.00
2012/10/16,3.35,3.36,3.29,3.32,1457844,20664394.00
2012/10/17,3.32,3.37,3.28,3.36,1268232,18063836.00
2012/10/18,3.37,3.38,3.33,3.35,853659,12247835.00
2012/10/19,3.37,3.38,3.29,3.32,1018460,14563283.00
2012/10/22,3.31,3.32,3.24,3.30,1735148,24338938.00
2012/10/23,3.35,3.35,3.24,3.25,756890,10572845.00
2012/10/24,3.26,3.26,3.21,3.21,658227,9124319.00
2012/10/25,3.23,3.23,3.16,3.16,854636,11730245.00
2012/10/26,3.16,3.17,3.01,3.10,1644027,21848212.00
2012/10/29,3.05,3.08,2.99,3.04,988470,12992684.00
2012/10/30,3.04,3.06,3.03,3.05,717913,9468536.00
2012/10/31,3.06,3.06,3.00,3.02,923296,12061037.00
2012/11/01,3.04,3.08,3.04,3.08,1394634,18443920.00
2012/11/02,3.08,3.09,3.03,3.07,800864,10584022.00
2012/11/05,3.07,3.09,3.00,3.03,1059209,13879296.00
2012/11/06,3.03,3.03,2.95,2.99,1317267,17019066.00
2012/11/07,3.00,3.02,2.98,3.00,863160,11222056.00
2012/11/08,2.99,3.00,2.93,2.94,1456707,18741190.00
2012/11/09,2.95,2.96,2.90,2.90,980248,12460850.00
2012/11/12,2.94,2.97,2.86,2.90,1281350,16122305.00
2012/11/13,2.90,2.90,2.76,2.83,1455444,17946132.00
2012/11/14,2.81,2.83,2.73,2.80,1215138,14746879.00
2012/11/15,2.77,2.81,2.76,2.78,1183149,14385019.00
2012/11/16,2.78,2.84,2.76,2.82,988966,12155405.00
2012/11/19,2.84,2.85,2.79,2.83,919413,11321716.00
2012/11/20,2.83,2.85,2.82,2.83,845823,10442936.00
2012/11/21,2.84,2.91,2.79,2.89,784774,9798383.00
2012/11/22,2.91,2.93,2.85,2.90,1575741,19792968.00
2012/11/23,2.92,2.92,2.87,2.90,1208243,15214985.00
2012/11/26,2.90,2.90,2.79,2.81,438105,5444995.00
2012/11/27,2.84,2.84,2.79,2.81,1393778,17239000.00
2012/11/28,2.80,2.86,2.80,2.81,1244174,15395990.00
2012/11/29,2.83,2.83,2.67,2.80,1070274,12908907.00
2012/11/30,2.74,2.88,2.74,2.86,792374,9770916.00
2012/12/03,2.86,2.91,2.79,2.81,257874,3196028.00
2012/12/04,2.83,2.86,2.68,2.84,444553,5467468.00
2012/12/05,2.86,2.94,2.84,2.94,1331173,16844140.00
2012/12/06,2.94,3.00,2.92,2.94,1453124,18689748.00
2012/12/07,2.88,2.96,2.88,2.95,794662,10135163.00
2012/12/10,2.90,3.09,2.90,3.09,2811321,36904396.00
2012/12/11,3.06,3.10,3.03,3.05,2348556,31126338.00
2012/12/12,3.03,3.08,3.03,3.05,899699,11802010.00
2012/12/13,3.01,3.05,2.97,3.00,401951,5215329.00
2012/12/14,2.96,3.11,2.94,3.10,1663631,21779510.00
2012/12/17,3.09,3.11,3.05,3.09,1161739,15453808.00
2012/12/18,3.09,3.11,3.05,3.06,1479993,19577968.00
2012/12/19,3.05,3.05,2.97,3.01,1194289,15549079.00
2012/12/20,2.99,3.01,2.93,2.99,1968365,25292400.00
2012/12/21,3.00,3.00,2.93,2.98,1781306,22920140.00
2012/12/24,2.98,3.04,2.97,3.01,1417666,18465564.00
2012/12/25,2.98,3.12,2.97,3.10,2794343,37218960.00
2012/12/26,3.12,3.21,3.09,3.19,3154926,42873360.00
2012/12/27,3.19,3.23,3.13,3.14,1535880,20820126.00
2012/12/28,3.15,3.26,3.13,3.22,2321454,31966388.00
2012/12/31,3.22,3.32,3.21,3.32,2662508,37316412.00
2013/01/04,3.31,3.34,3.24,3.32,1696111,23883078.00
2013/01/07,3.28,3.50,3.28,3.47,3085962,45117384.00
2013/01/08,3.47,3.47,3.36,3.41,3323997,48346496.00
2013/01/09,3.41,3.42,3.34,3.36,1836081,26583044.00
2013/01/10,3.39,3.47,3.36,3.40,1433549,20873164.00
2013/01/11,3.38,3.43,3.32,3.34,1097648,15724452.00
2013/01/14,3.33,3.44,3.32,3.43,1551958,22524172.00
2013/01/15,3.41,3.46,3.39,3.42,1998060,29135320.00
2013/01/16,3.45,3.45,3.27,3.31,2385002,33975444.00
2013/01/17,3.31,3.32,3.16,3.21,2769709,38241016.00
2013/01/18,3.21,3.28,3.20,3.26,1503857,20916760.00
2013/01/21,3.27,3.34,3.24,3.32,1752808,24748732.00
2013/01/22,3.31,3.34,3.26,3.29,1174192,16511609.00
2013/01/23,3.26,3.29,3.25,3.29,806946,11322842.00
2013/01/24,3.29,3.32,3.14,3.17,1697216,23592972.00
2013/01/25,3.17,3.20,3.10,3.12,1073965,14485120.00
2013/01/28,3.16,3.20,3.09,3.19,3031888,40915872.00
2013/01/29,3.18,3.19,3.13,3.17,2529002,34317548.00
2013/01/30,3.17,3.24,3.13,3.19,2696119,36828440.00
2013/01/31,3.20,3.22,3.14,3.17,1891550,25817920.00
2013/02/01,3.16,3.19,3.09,3.16,4538903,61140248.00
2013/02/04,3.15,3.16,3.06,3.06,2724879,36436620.00
2013/02/05,3.05,3.16,3.02,3.14,2660568,35727064.00
2013/02/06,3.14,3.15,3.12,3.14,1421323,19186890.00
2013/02/07,3.14,3.17,3.13,3.17,1210922,16414630.00
2013/02/08,3.17,3.20,3.15,3.18,3513847,47908980.00
2013/02/18,3.19,3.25,3.19,3.19,2317492,31940394.00
2013/02/19,3.19,3.22,3.08,3.09,2302926,30991408.00
2013/02/20,3.09,3.15,3.09,3.14,1776355,23893256.00
2013/02/21,3.13,3.15,3.08,3.12,1948751,26119312.00
2013/02/22,3.12,3.16,3.10,3.13,1362165,18379652.00
2013/02/25,3.13,3.18,3.13,3.16,1767304,23976252.00
2013/02/26,3.16,3.29,3.14,3.26,6616442,92130704.00
2013/02/27,3.27,3.31,3.24,3.27,2639018,36917480.00
2013/02/28,3.28,3.30,3.24,3.29,2428043,33946400.00
2013/03/01,3.29,3.29,3.24,3.29,2932083,41022376.00
2013/03/04,3.27,3.29,3.16,3.19,2673419,37067544.00
2013/03/05,3.19,3.24,3.16,3.23,1872621,25807170.00
2013/03/06,3.25,3.34,3.20,3.34,2992451,42116688.00
2013/03/07,3.40,3.40,3.19,3.21,3092143,43514972.00
2013/03/08,3.24,3.27,3.21,3.24,1478862,20527626.00
2013/03/11,3.29,3.29,3.18,3.18,1259112,17381868.00
2013/03/12,3.19,3.22,2.99,3.01,2339649,30996176.00
2013/03/13,3.02,3.03,2.88,2.93,1884383,24062080.00
2013/03/14,2.93,3.00,2.92,2.94,801653,10267468.00
2013/03/15,2.94,3.00,2.90,2.96,1190752,15281873.00
2013/03/18,2.95,2.97,2.82,2.84,3227831,40355168.00
2013/03/19,2.83,2.87,2.80,2.86,1288784,15963419.00
2013/03/20,2.86,2.93,2.85,2.92,1656144,20908052.00
2013/03/21,2.92,2.93,2.91,2.92,1716710,21804396.00
2013/03/22,2.92,2.93,2.89,2.93,1063147,13486182.00
2013/03/25,2.93,3.01,2.93,2.99,1829078,23637812.00
2013/03/26,2.99,2.99,2.94,2.97,1017831,13100172.00
2013/03/27,2.95,3.00,2.93,2.96,985625,12651813.00
2013/03/28,2.94,3.08,2.87,3.06,2895302,37628624.00
2013/03/29,3.05,3.08,2.94,2.98,3227207,41857992.00
2013/04/01,2.96,2.98,2.91,2.92,1592834,20318452.00
2013/04/02,2.94,2.94,2.85,2.86,2071963,26110008.00
2013/04/03,2.87,2.87,2.80,2.81,1770295,21881242.00
2013/04/08,2.80,2.86,2.76,2.85,1373896,16908558.00
2013/04/09,2.86,2.88,2.83,2.86,1267720,15792656.00
2013/04/10,2.88,2.88,2.81,2.84,1010875,12503854.00
2013/04/11,2.86,2.87,2.81,2.82,1076203,13303537.00
2013/04/12,2.82,2.83,2.80,2.82,664519,8177453.00
2013/04/15,2.82,2.82,2.77,2.81,929692,11363478.00
2013/04/16,2.78,2.88,2.77,2.88,1217800,15117894.00
2013/04/17,2.87,2.89,2.82,2.87,1268808,15786326.00
2013/04/18,2.85,2.88,2.84,2.84,1571055,19571554.00
2013/04/19,2.84,2.91,2.84,2.90,2548103,31988188.00
2013/04/22,2.88,2.92,2.88,2.91,1860784,23469456.00
2013/04/23,2.91,2.92,2.81,2.81,2110844,26263808.00
2013/04/24,2.80,2.86,2.77,2.84,1641917,20219428.00
2013/04/25,2.77,2.81,2.72,2.74,3825848,46259336.00
2013/04/26,2.75,2.77,2.66,2.73,3345819,39724640.00
2013/05/02,2.72,2.77,2.68,2.73,3503092,41927136.00
2013/05/03,2.76,2.80,2.74,2.75,4570238,55319992.00
2013/05/06,2.76,2.79,2.75,2.78,2850991,34603520.00
2013/05/07,2.79,2.82,2.77,2.81,4113867,50334400.00
2013/05/08,2.82,2.83,2.76,2.78,2488381,19355036.00
2013/05/09,2.78,2.78,2.70,2.73,3826381,29325282.00
2013/05/10,2.72,2.73,2.68,2.73,2337275,17834936.00
2013/05/13,2.72,2.75,2.70,2.74,2189489,16795588.00
2013/05/14,2.74,2.74,2.67,2.69,2722457,20553324.00
2013/05/15,2.70,2.71,2.65,2.68,2587483,19437252.00
2013/05/16,2.69,2.70,2.64,2.70,2972463,22368600.00
2013/05/17,2.70,2.73,2.70,2.73,6051954,46140220.00
2013/05/20,2.74,2.80,2.73,2.78,5168251,40060228.00
2013/05/21,2.79,2.80,2.76,2.78,4482500,34846928.00
2013/05/22,2.78,2.83,2.76,2.83,5725503,44930348.00
2013/05/23,2.84,2.94,2.84,2.91,11929734,96215560.00
2013/05/24,2.89,2.92,2.86,2.90,4831188,38846360.00
2013/05/27,2.91,2.91,2.83,2.85,5226819,41689344.00
2013/05/28,2.85,2.89,2.84,2.88,3404660,27216120.00
2013/05/29,2.88,2.88,2.84,2.86,3356232,26795604.00
2013/05/30,2.85,2.86,2.80,2.82,3354110,26490896.00
2013/05/31,2.82,2.87,2.82,2.84,3086390,24558184.00
2013/06/03,2.83,2.87,2.81,2.84,2723881,21631400.00
2013/06/04,2.84,2.85,2.75,2.76,2532024,19708724.00
2013/06/05,2.78,2.78,2.72,2.74,1724627,13250410.00
2013/06/06,2.73,2.76,2.70,2.71,2027566,15537239.00
2013/06/07,2.71,2.74,2.64,2.64,2135397,16078506.00
2013/06/13,2.60,2.61,2.48,2.56,2352045,16784876.00
2013/06/14,2.56,2.57,2.51,2.56,1323746,9551502.00
2013/06/17,2.56,2.58,2.54,2.56,1262249,9137780.00
2013/06/18,2.55,2.57,2.50,2.52,1239869,8881697.00
2013/06/19,2.52,2.54,2.43,2.54,2730104,19242492.00
2013/06/20,2.52,2.52,2.45,2.48,1665900,11729195.00
2013/06/21,2.46,2.46,2.40,2.44,1474323,10186170.00
2013/06/24,2.39,2.42,2.20,2.21,2973105,19612782.00
2013/06/25,2.18,2.22,2.00,2.20,2681791,16623537.00
2013/06/26,2.22,2.22,2.13,2.20,1518140,9521389.00
2013/06/27,2.20,2.25,2.12,2.14,1555950,9769514.00
2013/06/28,2.12,2.17,2.08,2.12,2084824,12751720.00
2013/07/01,2.12,2.13,2.08,2.12,1239981,7555165.00
2013/07/02,2.13,2.15,2.07,2.14,2694190,16455858.00
2013/07/03,2.13,2.14,2.10,2.14,2512201,15367491.00
2013/07/04,2.13,2.26,2.11,2.23,3232574,20402136.00
2013/07/05,2.22,2.41,2.21,2.37,7766902,51700484.00
2013/07/08,2.36,2.37,2.28,2.34,3069818,20303760.00
2013/07/09,2.33,2.34,2.26,2.31,6328434,41933448.00
2013/07/10,2.31,2.43,2.26,2.32,9953452,65445488.00
2013/07/11,2.30,2.39,2.26,2.35,7815182,51845548.00
2013/07/12,2.32,2.35,2.27,2.28,4688560,30927960.00
2013/07/15,2.28,2.29,2.23,2.26,3172403,20586728.00
2013/07/16,2.26,2.38,2.23,2.36,6811880,45094756.00
2013/07/17,2.33,2.34,2.26,2.27,5351185,35328488.00
2013/07/18,2.25,2.27,2.16,2.17,4102475,26015616.00
2013/07/19,2.18,2.34,2.16,2.20,6554099,42357068.00
2013/07/22,2.17,2.20,2.14,2.19,3047713,19071044.00
2013/07/23,2.19,2.25,2.17,2.23,2860805,18263634.00
2013/07/24,2.24,2.27,2.19,2.22,2313301,14780949.00
2013/07/25,2.22,2.24,2.18,2.20,2650020,16783320.00
2013/07/26,2.20,2.43,2.18,2.35,13478137,90348712.00
2013/07/29,2.30,2.40,2.29,2.34,6372457,42610384.00
2013/07/30,2.27,2.33,2.22,2.28,6194541,40204624.00
2013/07/31,2.26,2.30,2.25,2.26,3665515,23887396.00
2013/08/01,2.27,2.33,2.26,2.31,4671200,30627470.00
2013/08/02,2.32,2.33,2.29,2.30,3447913,22705374.00
2013/08/05,2.30,2.37,2.30,2.34,3448737,22984476.00
2013/08/06,2.33,2.45,2.30,2.40,8759035,59603372.00
2013/08/07,2.40,2.43,2.36,2.39,5396380,36728536.00
2013/08/08,2.38,2.38,2.34,2.35,3111963,20913754.00
2013/08/09,2.36,2.41,2.34,2.38,4183255,28284216.00
2013/08/12,2.38,2.49,2.37,2.48,7080385,49048096.00
2013/08/13,2.48,2.50,2.44,2.45,4831818,33750416.00
2013/08/14,2.46,2.47,2.42,2.43,3696909,25650264.00
2013/08/15,2.44,2.49,2.41,2.42,4061635,28223100.00
2013/08/16,2.40,2.47,2.39,2.42,5007186,34640848.00
2013/08/19,2.45,2.46,2.41,2.46,2788031,19252386.00
2013/08/20,2.46,2.46,2.39,2.41,4424035,30447288.00
2013/08/21,2.41,2.44,2.39,2.40,3626141,24827448.00
2013/08/22,2.39,2.44,2.39,2.40,2838613,19462744.00
2013/08/23,2.41,2.43,2.29,2.34,3698689,24996606.00
2013/08/26,2.35,2.40,2.32,2.40,3042566,20535270.00
2013/08/27,2.42,2.48,2.40,2.47,5786712,40078888.00
2013/08/28,2.45,2.48,2.42,2.42,4054298,28162772.00
2013/08/29,2.41,2.43,2.35,2.38,3509797,23809108.00
2013/08/30,2.37,2.40,2.35,2.37,3586236,24305056.00
2013/09/02,2.35,2.38,2.34,2.38,2574454,17361608.00
2013/09/03,2.39,2.41,2.37,2.41,2684747,18300754.00
2013/09/04,2.41,2.46,2.40,2.45,4382366,30252560.00
2013/09/05,2.44,2.45,2.42,2.44,3215789,22233774.00
2013/09/06,2.44,2.59,2.43,2.56,9680491,69105112.00
2013/09/09,2.56,2.71,2.52,2.65,15901431,117225608.00
2013/09/10,2.63,2.76,2.59,2.68,13108610,98068296.00
2013/09/11,2.64,2.72,2.60,2.60,10083905,75077640.00
2013/09/12,2.60,2.90,2.57,2.86,17891642,138881040.00
2013/09/13,2.86,2.89,2.76,2.79,12573157,98550288.00
2013/09/16,2.77,2.80,2.67,2.73,7684455,58783076.00
2013/09/17,2.73,2.86,2.71,2.74,9920612,77289912.00
2013/09/18,2.74,2.74,2.66,2.72,5291407,40129732.00
2013/09/23,2.70,2.73,2.67,2.72,5532443,41970268.00
2013/09/24,2.71,2.72,2.66,2.71,5646761,42538872.00
2013/09/25,2.71,2.87,2.71,2.76,10171128,79680784.00
2013/09/26,2.76,2.88,2.66,2.67,8591441,66731120.00
2013/09/27,2.67,2.70,2.57,2.59,5333148,39401936.00
2013/09/30,2.61,2.66,2.57,2.61,2509672,18447472.00
2013/10/08,2.62,2.66,2.56,2.62,2706907,19999556.00
2013/10/09,2.63,2.65,2.60,2.64,3349814,24712792.00
2013/10/10,2.64,2.78,2.61,2.73,7391212,56339916.00
2013/10/11,2.78,2.85,2.73,2.82,9208006,72181760.00
2013/10/14,2.85,2.88,2.79,2.83,8841739,70001600.00
2013/10/15,2.86,2.86,2.73,2.76,6364302,49466528.00
2013/10/16,2.78,3.06,2.73,2.83,15171245,121530064.00
2013/10/17,2.86,2.98,2.82,2.82,10615547,85389280.00
2013/10/18,2.81,2.84,2.74,2.78,5418461,42092236.00
2013/10/21,2.79,2.88,2.75,2.85,5113987,40379816.00
2013/10/22,2.84,2.97,2.81,2.93,9867063,80058160.00
2013/10/23,2.97,3.00,2.74,2.76,9085035,71983312.00
2013/10/24,2.76,2.77,2.66,2.67,3889399,29543896.00
2013/10/25,2.67,2.70,2.63,2.66,3009114,22485496.00
2013/10/28,2.66,2.68,2.56,2.61,2882652,21097288.00
2013/10/29,2.61,2.64,2.37,2.47,4009019,28501574.00
2013/10/30,2.46,2.54,2.45,2.52,2033644,14424038.00
2013/10/31,2.52,2.52,2.47,2.50,1678415,11863210.00
2013/11/01,2.52,2.52,2.45,2.46,2188297,15334510.00
2013/11/04,2.46,2.50,2.41,2.42,2421975,16834134.00
2013/11/05,2.42,2.48,2.34,2.48,3866471,26350364.00
2013/11/06,2.46,2.47,2.40,2.41,2714173,18827762.00
2013/11/07,2.39,2.41,2.34,2.34,2289204,15453020.00
2013/11/08,2.34,2.34,2.28,2.29,1675689,11051221.00
2013/11/11,2.29,2.33,2.28,2.32,1204408,7943951.00
2013/11/12,2.31,2.34,2.30,2.32,1226994,8147954.00
2013/11/13,2.33,2.35,2.30,2.30,1979791,13144166.00
2013/11/14,2.30,2.34,2.28,2.34,1479302,9778784.00
2013/11/15,2.33,2.41,2.32,2.40,2891651,19622678.00
2013/11/18,2.40,2.44,2.38,2.44,2504527,17213702.00
2013/11/19,2.42,2.44,2.40,2.43,2732878,18823512.00
2013/11/20,2.43,2.44,2.40,2.44,1905251,13117178.00
2013/11/21,2.44,2.44,2.39,2.41,2769710,18952358.00
2013/11/22,2.41,2.44,2.39,2.39,2096756,14389092.00
2013/11/25,2.37,2.42,2.37,2.40,1656712,11308888.00
2013/11/26,2.39,2.42,2.39,2.42,1336037,9153119.00
2013/11/27,2.43,2.45,2.40,2.44,2169895,14986159.00
2013/11/28,2.44,2.48,2.43,2.47,3050120,21288236.00
2013/11/29,2.48,2.48,2.45,2.47,2971216,20773524.00
2013/12/02,2.44,2.44,2.30,2.32,3382621,22746542.00
2013/12/03,2.32,2.37,2.30,2.37,2490953,16619137.00
2013/12/04,2.37,2.49,2.35,2.47,5534226,38377476.00
2013/12/05,2.49,2.61,2.48,2.56,11331421,81245328.00
2013/12/06,2.56,2.59,2.53,2.58,8045228,58246344.00
2013/12/09,2.55,2.56,2.53,2.54,4595209,33072040.00
2013/12/10,2.55,2.56,2.52,2.54,2975669,21331452.00
2013/12/11,2.54,2.54,2.47,2.49,3084640,21823776.00
2013/12/12,2.49,2.52,2.48,2.50,1426449,10105654.00
2013/12/13,2.50,2.56,2.49,2.53,2891931,20717608.00
2013/12/16,2.53,2.57,2.44,2.45,2438949,17193052.00
2013/12/17,2.45,2.46,2.39,2.40,1797730,12339299.00
2013/12/18,2.39,2.42,2.37,2.40,1084786,7400347.00
2013/12/19,2.40,2.44,2.38,2.42,1547695,10627773.00
2013/12/20,2.43,2.44,2.36,2.36,1389140,9422834.00
2013/12/23,2.37,2.38,2.33,2.36,1156167,7772214.00
2013/12/24,2.36,2.39,2.35,2.37,1481459,10034492.00
2013/12/25,2.36,2.40,2.36,2.40,1095437,7415952.00
2013/12/26,2.40,2.40,2.34,2.34,1214347,8168053.00
2013/12/27,2.34,2.38,2.34,2.35,1561012,10501966.00
2013/12/30,2.37,2.38,2.35,2.37,1448927,9770384.00
2013/12/31,2.36,2.41,2.35,2.40,1699004,11530235.00
2014/01/02,2.39,2.40,2.38,2.40,1384873,9421912.00
2014/01/03,2.40,2.42,2.37,2.41,1974073,13433897.00
2014/01/06,2.40,2.45,2.38,2.44,4552329,31289060.00
2014/01/07,2.42,2.47,2.41,2.44,3390872,23463490.00
2014/01/08,2.44,2.44,2.38,2.44,3164898,21777628.00
2014/01/09,2.42,2.46,2.39,2.41,2708227,18728252.00
2014/01/10,2.39,2.50,2.33,2.50,8081207,55678272.00
2014/01/13,2.49,2.56,2.45,2.56,7746948,55013356.00
2014/01/14,2.53,2.55,2.50,2.52,5200415,37188888.00
2014/01/15,2.52,2.53,2.46,2.51,3609093,25399484.00
2014/01/16,2.52,2.52,2.47,2.48,2344544,16539896.00
2014/01/17,2.46,2.46,2.36,2.36,3102822,21265862.00
2014/01/20,2.34,2.36,2.29,2.29,2434031,16110457.00
2014/01/21,2.29,2.34,2.29,2.32,1233659,8175541.00
2014/01/22,2.32,2.39,2.31,2.39,2011323,13570255.00
2014/01/23,2.39,2.40,2.36,2.37,1560212,10584564.00
2014/01/24,2.37,2.42,2.36,2.40,2044670,13926715.00
2014/01/27,2.40,2.44,2.40,2.44,2081416,14329543.00
2014/01/28,2.44,2.48,2.42,2.44,1931499,13416073.00
2014/01/29,2.46,2.46,2.42,2.43,1228262,8483653.00
2014/01/30,2.42,2.45,2.39,2.39,1248441,8575619.00
2014/02/07,2.35,2.40,2.33,2.40,1518232,10233987.00
2014/02/10,2.40,2.46,2.40,2.45,2287053,15836369.00
2014/02/11,2.46,2.49,2.44,2.49,3446113,24062236.00
2014/02/12,2.49,2.52,2.46,2.51,3516360,24804680.00
2014/02/13,2.50,2.53,2.47,2.50,4029364,28500676.00
2014/02/14,2.50,2.79,2.49,2.79,14930561,113716392.00
2014/02/17,2.89,2.94,2.82,2.91,28475629,229252784.00
2014/02/18,2.89,3.03,2.85,2.96,20993613,172033792.00
2014/02/19,2.95,2.96,2.88,2.92,11990897,97188944.00
2014/02/20,2.92,2.98,2.75,2.79,12392443,98672864.00
2014/02/21,2.78,2.82,2.69,2.74,8767207,67320696.00
2014/02/24,2.72,2.76,2.67,2.74,6871016,52271804.00
2014/02/25,2.74,2.75,2.59,2.59,8200685,61508968.00
2014/02/26,2.58,2.61,2.50,2.61,5746098,41445516.00
2014/02/27,2.61,2.65,2.52,2.53,5749832,42066256.00
2014/02/28,2.54,2.60,2.53,2.59,4145629,30075122.00
2014/03/03,2.60,2.65,2.57,2.65,5064420,37370280.00
2014/03/04,2.62,2.73,2.56,2.68,7089176,52590024.00
2014/03/05,2.67,2.69,2.63,2.65,4171485,31114304.00
2014/03/06,2.64,2.65,2.58,2.62,3239236,23831122.00
2014/03/07,2.61,2.65,2.54,2.58,3607903,26478156.00
2014/03/10,2.56,2.56,2.41,2.42,4183822,29261114.00
2014/03/11,2.42,2.47,2.38,2.42,2142726,14776960.00
2014/03/12,2.41,2.46,2.34,2.40,3392194,23202522.00
2014/03/13,2.40,2.44,2.39,2.44,2361976,16270286.00
2014/03/14,2.43,2.44,2.39,2.42,2126794,14569850.00
2014/03/17,2.42,2.46,2.39,2.46,2508068,17381800.00
2014/03/18,2.56,2.58,2.48,2.50,4949616,35324172.00
2014/03/19,2.47,2.53,2.46,2.52,2489511,17651554.00
2014/03/20,2.52,2.54,2.46,2.49,2844483,20153672.00
2014/03/21,2.48,2.54,2.41,2.52,3177969,22383284.00
2014/03/24,2.53,2.55,2.50,2.54,2739669,19610112.00
2014/03/25,2.51,2.54,2.50,2.52,3015126,21447968.00
2014/03/26,2.52,2.53,2.50,2.50,2041650,14485927.00
2014/03/27,2.50,2.50,2.42,2.44,2761476,19215968.00
2014/03/28,2.42,2.44,2.39,2.40,1696809,11674635.00
2014/03/31,2.40,2.43,2.40,2.43,1370980,9416566.00
2014/04/01,2.43,2.48,2.40,2.46,1599293,11099427.00
2014/04/02,2.46,2.50,2.42,2.49,2665446,18594236.00
2014/04/03,2.48,2.55,2.48,2.54,5144753,36752752.00
2014/04/04,2.52,2.56,2.52,2.54,3460908,24824332.00
2014/04/08,2.53,2.56,2.51,2.55,3143595,22588936.00
2014/04/09,2.56,2.56,2.52,2.55,3662981,26314072.00
2014/04/10,2.55,2.57,2.52,2.56,3407673,24574972.00
2014/04/11,2.55,2.58,2.54,2.58,2633003,19076134.00
2014/04/14,2.58,2.68,2.56,2.64,13204443,97846648.00
2014/04/15,2.61,2.71,2.57,2.66,9303862,68874920.00
2014/04/16,2.63,2.69,2.61,2.66,8538318,63590792.00
2014/04/17,2.65,2.65,2.59,2.64,4631121,34270824.00
2014/04/18,2.63,2.66,2.62,2.63,3058089,22703592.00
2014/04/21,2.61,2.68,2.57,2.65,8489292,63148640.00
2014/04/22,2.63,2.70,2.61,2.69,9118285,68247792.00
2014/04/23,2.67,2.69,2.63,2.66,5229958,39110168.00
2014/04/24,2.65,2.65,2.51,2.52,4771261,34789160.00
2014/04/25,2.51,2.51,2.42,2.43,3553890,24898948.00
2014/04/28,2.43,2.45,2.38,2.44,2483224,17107618.00
2014/04/29,2.45,2.50,2.43,2.49,1940789,13572153.00
2014/04/30,2.49,2.52,2.46,2.51,1653909,11677553.00
2014/05/05,2.51,2.52,2.48,2.51,1601070,11333536.00
2014/05/06,2.50,2.54,2.50,2.50,1717209,12236390.00
2014/05/07,2.49,2.50,2.44,2.45,2379443,16653152.00
2014/05/08,2.44,2.50,2.43,2.48,2037662,14259926.00
2014/05/09,2.48,2.49,2.44,2.46,1303793,9132695.00
2014/05/12,2.47,2.53,2.46,2.52,2107389,14935378.00
2014/05/13,2.54,2.57,2.52,2.57,2845372,20460980.00
2014/05/14,2.59,2.64,2.58,2.61,4591481,33855104.00
2014/05/15,2.62,2.62,2.56,2.61,2674421,19536576.00
2014/05/16,2.60,2.62,2.57,2.61,3061766,22477702.00
2014/05/19,2.60,2.61,2.49,2.52,2395314,16285281.00
2014/05/20,2.52,2.54,2.50,2.51,1069686,7234539.00
2014/05/21,2.52,2.53,2.49,2.53,1139134,7690694.00
2014/05/22,2.53,2.56,2.49,2.50,2238508,15219643.00
2014/05/23,2.50,2.51,2.46,2.49,2432903,16208968.00
2014/05/26,2.50,2.53,2.48,2.52,1863467,12549270.00
2014/05/27,2.52,2.64,2.51,2.60,5192712,36038220.00
2014/05/28,2.57,2.60,2.55,2.58,2734418,18888464.00
2014/05/29,2.57,2.59,2.50,2.52,2887842,19744552.00
2014/05/30,2.52,2.61,2.52,2.54,3416353,23475028.00
2014/06/03,2.55,2.57,2.51,2.52,1691900,11503330.00
2014/06/04,2.51,2.52,2.47,2.48,2228390,14878196.00
2014/06/05,2.48,2.51,2.46,2.50,1435002,9596165.00
2014/06/06,2.48,2.51,2.46,2.51,2133539,14276207.00
2014/06/09,2.50,2.54,2.49,2.51,1378797,9315783.00
2014/06/10,2.52,2.55,2.51,2.55,2135021,14557990.00
2014/06/11,2.54,2.57,2.53,2.54,1724873,11803589.00
2014/06/12,2.53,2.54,2.49,2.52,2543572,17197368.00
2014/06/13,2.50,2.57,2.50,2.56,2945325,20142198.00
2014/06/16,2.57,2.58,2.55,2.57,2338424,16109734.00
2014/06/17,2.57,2.58,2.51,2.52,2044282,13899115.00
2014/06/18,2.52,2.55,2.49,2.49,1652825,11148895.00
2014/06/19,2.49,2.51,2.44,2.46,2435600,16162695.00
2014/06/20,2.45,2.48,2.44,2.48,1044026,6916894.00
2014/06/23,2.48,2.51,2.46,2.50,1760502,11776743.00
2014/06/24,2.50,2.53,2.50,2.53,1675989,11322822.00
2014/06/25,2.52,2.53,2.50,2.52,808741,5461211.00
2014/06/26,2.50,2.57,2.50,2.57,2987455,20392734.00
2014/06/27,2.56,2.60,2.55,2.60,5799532,40198184.00
2014/06/30,2.59,2.62,2.57,2.60,7622924,53329084.00
2014/07/01,2.58,2.67,2.56,2.60,8325731,57870432.00
2014/07/02,2.58,2.59,2.56,2.58,3864662,26683452.00
2014/07/03,2.58,2.62,2.57,2.59,3028008,21099792.00
2014/07/04,2.60,2.60,2.57,2.58,2111205,14630207.00
2014/07/07,2.58,2.64,2.56,2.63,4733376,33126876.00
2014/07/08,2.62,2.65,2.60,2.63,2602554,18286562.00
2014/07/09,2.64,2.64,2.55,2.56,3834870,26569116.00
2014/07/10,2.56,2.57,2.54,2.56,2158021,14795485.00
2014/07/11,2.56,2.59,2.55,2.58,1663505,11495490.00
2014/07/14,2.59,2.61,2.57,2.61,2490181,17329540.00
2014/07/15,2.62,2.62,2.58,2.60,2294227,15988594.00
2014/07/16,2.61,2.66,2.60,2.65,5411652,38141608.00
2014/07/17,2.65,2.66,2.60,2.63,2812801,19743976.00
2014/07/18,2.63,2.66,2.60,2.60,2784154,19616576.00
2014/07/21,2.60,2.62,2.56,2.57,2154855,14937029.00
2014/07/22,2.58,2.62,2.57,2.61,2048009,14284742.00
2014/07/23,2.61,2.63,2.58,2.59,2376119,16607514.00
2014/07/24,2.60,2.65,2.59,2.64,5177413,36488232.00
2014/07/25,2.64,2.68,2.64,2.66,5540462,39432976.00
2014/07/28,2.67,2.72,2.66,2.69,6733922,48429308.00
2014/07/29,2.70,2.70,2.67,2.69,6555545,47055912.00
2014/07/30,2.68,2.69,2.65,2.69,5717102,40919428.00
2014/07/31,2.69,2.73,2.68,2.70,4437645,32086660.00
2014/08/01,2.70,2.72,2.66,2.66,5296339,38048744.00
2014/08/04,2.66,2.73,2.66,2.72,5974177,43176216.00
2014/08/05,2.73,2.75,2.71,2.74,4706745,34332840.00
2014/08/06,2.74,2.74,2.71,2.72,4207099,30570480.00
2014/08/07,2.72,2.76,2.68,2.69,5707125,41369624.00
2014/08/08,2.69,2.72,2.68,2.70,3448825,24846452.00
2014/08/11,2.70,2.74,2.70,2.74,4123258,30033260.00
2014/08/12,2.75,2.78,2.75,2.76,8319175,61425648.00
2014/08/13,2.76,2.76,2.72,2.76,4932521,36088320.00
2014/08/14,2.76,2.76,2.71,2.71,4065431,29752056.00
2014/08/15,2.72,2.74,2.71,2.74,3817243,27824144.00
2014/08/18,2.75,2.76,2.74,2.76,4849940,35595472.00
2014/08/19,2.76,2.78,2.74,2.78,5203398,38435776.00
2014/08/20,2.78,2.80,2.76,2.78,5535720,41087360.00
2014/08/21,2.78,2.79,2.72,2.76,4625355,33990408.00
2014/08/22,2.76,2.78,2.75,2.78,3992888,29481924.00
2014/08/25,2.78,2.78,2.74,2.76,2883147,21251400.00
2014/08/26,2.76,2.77,2.69,2.70,5228948,38128464.00
2014/08/27,2.69,2.86,2.69,2.79,9704474,71998176.00
2014/08/28,2.78,2.80,2.72,2.73,8255684,60810208.00
2014/08/29,2.72,2.77,2.72,2.76,4598279,33773576.00
2014/09/01,2.77,2.81,2.75,2.80,9825955,73106280.00
2014/09/02,2.80,3.10,2.80,3.10,33412688,267740224.00
2014/09/03,3.20,3.40,3.17,3.36,59463710,515058976.00
2014/09/04,3.25,3.30,3.22,3.28,31596697,272574208.00
2014/09/05,3.29,3.34,3.23,3.25,23269512,201510768.00
2014/09/09,3.28,3.32,3.18,3.27,20574650,177535456.00
2014/09/10,3.23,3.39,3.18,3.38,27513730,238224256.00
2014/09/11,3.35,3.38,3.26,3.29,20901786,183926080.00
2014/09/12,3.30,3.36,3.26,3.32,11691629,101989600.00
2014/09/15,3.34,3.49,3.28,3.38,21338261,190912976.00
2014/09/16,3.40,3.48,3.26,3.28,24415176,218073808.00
2014/09/17,3.28,3.31,3.18,3.30,11052640,94662064.00
2014/09/18,3.28,3.30,3.23,3.28,7262587,62745672.00
2014/09/19,3.28,3.30,3.22,3.28,7729037,66754760.00
2014/09/22,3.28,3.36,3.26,3.30,10891511,95190008.00
2014/09/23,3.29,3.35,3.27,3.34,10175480,89105232.00
2014/09/24,3.34,3.46,3.32,3.36,14788630,132086024.00
2014/09/25,3.36,3.39,3.28,3.34,11523399,101182064.00
2014/09/26,3.32,3.37,3.30,3.36,7685246,67819968.00
2014/09/29,3.37,3.40,3.32,3.35,8903714,78794064.00
2014/09/30,3.36,3.44,3.33,3.41,12283494,110066800.00
2014/10/08,3.40,3.48,3.37,3.46,11366811,102804176.00
2014/10/09,3.48,3.60,3.45,3.53,14347482,132859600.00
2014/10/10,3.53,3.56,3.45,3.48,9366784,86148080.00
2014/10/13,3.46,3.46,3.35,3.41,8465476,75639880.00
2014/10/14,3.40,3.42,3.32,3.34,7437452,66210212.00
2014/10/15,3.34,3.37,3.30,3.33,7612834,67030464.00
2014/10/16,3.32,3.35,3.26,3.28,6664072,58497712.00
2014/10/17,3.27,3.31,3.13,3.20,7843663,66694536.00
2014/10/20,3.22,3.26,3.19,3.25,3502572,29925056.00
2014/10/21,3.23,3.30,3.22,3.24,4473649,38621596.00
2014/10/22,3.22,3.29,3.14,3.16,4710821,40168520.00
2014/10/23,3.15,3.16,3.06,3.07,5682260,46727200.00
2014/10/24,3.07,3.12,3.05,3.08,3037602,24850300.00
2014/10/27,3.08,3.13,3.06,3.12,2675016,21968326.00
2014/10/28,3.12,3.19,3.11,3.18,4374300,36606800.00
2014/10/29,3.20,3.24,3.18,3.22,5958328,50577800.00
2014/10/30,3.22,3.24,3.19,3.22,4887617,41644800.00
2014/10/31,3.24,3.26,3.18,3.23,5764524,49039540.00
2014/11/03,3.24,3.34,3.22,3.33,9388341,81749152.00
2014/11/04,3.33,3.36,3.28,3.33,6778036,59327956.00
2014/11/05,3.31,3.39,3.29,3.30,6256592,55065808.00
2014/11/06,3.30,3.31,3.20,3.24,6926481,59300472.00
2014/11/07,3.24,3.27,3.14,3.16,6518263,55424740.00
2014/11/10,3.16,3.23,3.16,3.21,4404089,37348924.00
2014/11/11,3.22,3.24,3.04,3.08,7337040,60904524.00
2014/11/12,3.07,3.12,3.06,3.11,4330513,35484116.00
2014/11/13,3.11,3.12,3.02,3.06,5996752,48637548.00
2014/11/14,3.05,3.08,3.04,3.07,2719118,22090796.00
2014/11/17,3.10,3.14,3.06,3.14,3746157,30940918.00
2014/11/18,3.13,3.14,3.10,3.13,2568401,21256764.00
2014/11/19,3.13,3.16,3.12,3.14,2979050,24820216.00
2014/11/20,3.14,3.16,3.12,3.13,2279320,18969382.00
2014/11/21,3.13,3.14,3.09,3.14,3482199,28796136.00
2014/11/24,3.15,3.23,3.14,3.19,6762836,57056296.00
2014/11/25,3.19,3.23,3.17,3.23,5356634,45473684.00
2014/11/26,3.23,3.26,3.19,3.24,6185819,52799708.00
2014/11/27,3.28,3.30,3.21,3.23,9494664,81540056.00
2014/11/28,3.24,3.24,3.18,3.23,6963355,59088484.00
2014/12/01,3.22,3.30,3.20,3.29,9580315,82221328.00
2014/12/02,3.29,3.33,3.26,3.30,8748016,76229384.00
2014/12/03,3.30,3.34,3.26,3.33,11211744,97902128.00
2014/12/04,3.32,3.36,3.32,3.36,10283729,90874880.00
2014/12/05,3.36,3.36,3.18,3.20,12589079,108147288.00
2014/12/08,3.20,3.24,3.15,3.22,6618942,56358500.00
2014/12/09,3.22,3.28,3.13,3.15,11424306,96756424.00
2014/12/10,3.14,3.21,3.13,3.21,6680192,56326636.00
2014/12/11,3.23,3.35,3.21,3.32,12861450,111680280.00
2014/12/12,3.34,3.46,3.33,3.36,12475439,111356552.00
2014/12/15,3.36,3.44,3.31,3.41,9206178,82244432.00
2014/12/16,3.46,3.47,3.36,3.40,7989015,71890032.00
2014/12/17,3.40,3.43,3.28,3.31,9393814,82876976.00
2014/12/18,3.30,3.35,3.29,3.32,6384212,55867768.00
2014/12/19,3.30,3.34,3.24,3.31,7497245,65366868.00
2014/12/23,3.36,3.66,3.36,3.66,8758806,82715160.00
2014/12/24,3.88,4.04,3.70,3.74,39993666,403785888.00
2014/12/25,3.78,4.14,3.65,4.14,40556633,415718848.00
2014/12/26,4.02,4.13,3.96,4.01,29720113,313323808.00
2014/12/29,3.89,4.00,3.86,3.91,16863056,173233296.00
2014/12/30,3.88,3.90,3.74,3.76,15188440,151552928.00
2014/12/31,3.76,3.87,3.73,3.83,10097014,100773112.00
2015/01/05,3.84,3.93,3.76,3.86,14184727,143402176.00
2015/01/06,3.84,3.96,3.82,3.95,12349066,125611000.00
2015/01/07,3.95,4.02,3.85,3.86,10108250,103778224.00
2015/01/08,3.82,3.86,3.77,3.81,9121037,91155792.00
2015/01/09,3.79,3.84,3.78,3.81,6896005,68999080.00
2015/01/12,3.82,3.95,3.69,3.90,9855025,99144240.00
2015/01/13,3.87,4.02,3.86,3.93,8541399,88173584.00
2015/01/14,3.93,3.93,3.79,3.82,6812215,68633848.00
2015/01/15,3.82,3.86,3.78,3.84,4526579,45463720.00
2015/01/16,3.84,3.93,3.82,3.90,6221057,63280444.00
2015/01/19,3.80,3.89,3.62,3.72,10536790,105014688.00
2015/01/20,3.76,3.84,3.72,3.78,6117523,60818068.00
2015/01/21,3.78,3.95,3.78,3.94,11119674,113669224.00
2015/01/22,3.94,4.12,3.93,4.10,14430592,151804032.00
2015/01/23,4.11,4.13,3.98,4.00,8952900,94777456.00
2015/01/26,4.02,4.42,3.98,4.34,18256111,203770736.00
2015/01/27,4.29,4.44,4.25,4.36,12749351,144507248.00
2015/01/28,4.32,4.39,4.26,4.27,7154351,80521688.00
2015/01/29,4.25,4.26,4.14,4.14,7225771,79081624.00
2015/01/30,4.15,4.24,4.10,4.16,4763318,51959252.00
2015/02/02,4.13,4.27,4.05,4.17,5482449,59919988.00
2015/02/03,4.13,4.27,4.13,4.20,4507195,49557492.00
2015/02/04,4.23,4.24,4.11,4.11,4918850,53620060.00
2015/02/05,4.16,4.20,4.06,4.06,6073237,65495344.00
2015/02/06,4.02,4.09,3.94,3.97,4695422,49343892.00
2015/02/09,3.97,4.00,3.84,3.89,6246822,63692624.00
2015/02/10,3.91,3.96,3.87,3.93,2898252,29756900.00
2015/02/11,3.95,4.20,3.91,4.20,6477715,69787200.00
2015/02/12,4.26,4.27,4.14,4.17,4486950,49065756.00
2015/02/13,4.20,4.24,4.16,4.20,4856347,53195464.00
2015/02/16,4.22,4.33,4.18,4.26,5436191,60576176.00
2015/02/17,4.26,4.33,4.24,4.26,3664300,40834720.00
2015/02/25,4.26,4.60,4.24,4.48,12258220,141618864.00
2015/02/26,4.49,4.56,4.43,4.50,6512521,76236112.00
2015/02/27,4.51,4.87,4.51,4.79,16435230,202589104.00
2015/03/02,5.21,5.29,5.01,5.29,38996517,520411040.00
2015/03/03,5.48,5.84,5.42,5.84,35993729,532536448.00
2015/03/04,6.04,6.44,5.95,6.44,21600652,347898816.00
2015/03/05,7.09,7.09,6.46,6.88,64642927,1121035776.00
2015/03/06,6.84,7.27,6.74,6.88,43013783,769381632.00
2015/03/09,6.77,6.91,6.53,6.76,31417405,539455424.00
2015/03/10,6.69,7.05,6.65,6.83,25375202,445996576.00
2015/03/11,6.68,6.78,6.57,6.67,20261184,346611520.00
2015/03/12,6.66,6.84,6.46,6.64,17396356,298099008.00
2015/03/13,6.62,6.80,6.56,6.74,15701552,270059136.00
2015/03/16,6.77,7.10,6.74,7.04,31260963,556357952.00
2015/03/17,7.05,7.76,6.92,7.76,38734467,721694848.00
2015/03/18,8.09,8.56,8.05,8.56,26041557,559044864.00
2015/03/19,8.93,8.97,8.07,8.25,47661123,1020424064.00
2015/03/20,8.32,8.93,8.22,8.83,35841938,785211840.00
2015/03/23,8.75,9.73,8.62,9.73,36478633,875922304.00
2015/03/24,9.74,10.70,9.41,10.35,42676226,1075812480.00
2015/03/25,10.29,11.41,10.09,11.41,39709416,1112942848.00
2015/03/26,11.21,12.32,10.97,11.15,51547224,1511482880.00
2015/03/27,11.20,11.65,10.21,11.34,40607794,1116087680.00
2015/03/30,11.06,11.39,10.93,11.08,26932360,763841472.00
2015/03/31,11.08,11.92,10.81,11.57,36464216,1054988992.00
2015/04/01,11.69,12.75,11.69,12.75,26265033,826446272.00
2015/04/02,13.37,14.04,12.45,14.04,45783647,1546129920.00
2015/04/03,14.81,15.46,14.44,15.46,43414000,1676882432.00
2015/04/07,16.01,17.03,15.82,17.03,33627717,1408667008.00
2015/04/08,17.25,18.75,16.21,18.75,45346441,2050138368.00
2015/04/09,18.36,20.61,16.90,19.48,50151482,2405939200.00
2015/04/10,20.46,21.44,20.46,21.44,26199326,559950016.00
2015/04/13,21.66,21.66,19.29,19.75,192714805,3888877312.00
2015/04/14,18.96,19.35,17.96,18.34,188485068,3496057088.00
2015/04/15,17.56,17.58,16.50,16.50,122548630,2075089920.00
2015/04/16,15.11,17.21,15.11,17.19,145086969,2330790912.00
2015/04/17,16.71,17.06,16.16,16.32,99957512,1668110592.00
2015/04/20,15.85,15.86,14.97,15.06,144397245,2233809920.00
2015/04/21,14.56,15.75,14.56,15.46,122492108,1871246336.00
2015/04/22,15.46,16.05,15.14,15.61,123474655,1936156288.00
2015/04/23,15.77,16.16,15.36,15.88,135372024,2141633024.00
2015/04/24,15.32,15.55,14.76,15.12,159897535,2431960320.00
2015/04/27,15.12,15.45,14.97,15.06,106599354,1621361280.00
2015/04/28,15.10,15.10,14.38,14.57,92661334,1366532864.00
2015/04/29,14.36,14.83,14.24,14.30,117031887,1691709568.00
2015/04/30,14.36,14.52,13.95,13.97,87944888,1259296512.00
2015/05/04,14.03,14.43,13.86,14.41,79855959,1134233600.00
2015/05/05,14.31,14.46,13.88,13.97,69613176,987863680.00
2015/05/06,13.92,14.13,13.06,13.16,81084982,1105785856.00
2015/05/07,12.96,13.05,12.19,12.48,79678694,1008079936.00
2015/05/08,12.66,13.17,12.56,12.99,81749967,1054740800.00
2015/05/11,13.06,13.64,12.96,13.60,91060127,1219717760.00
2015/05/12,13.56,14.27,13.39,13.66,206024176,2847736064.00
2015/05/13,13.41,13.93,13.15,13.55,137300852,1850826752.00
2015/05/14,13.36,14.91,13.35,14.91,178653926,2574623744.00
2015/05/15,15.51,16.31,14.97,15.25,326720783,5129042432.00
2015/05/18,14.46,14.84,14.20,14.27,180226943,2615051776.00
2015/05/19,14.14,14.95,13.96,14.57,130993744,1906136192.00
2015/05/20,14.68,15.27,14.34,14.83,158428037,2342288640.00
2015/05/21,15.00,16.32,14.72,16.32,251204964,3920801280.00
2015/05/22,16.91,16.92,15.67,16.21,250224264,4081439232.00
2015/05/25,15.46,16.62,15.14,16.21,192893432,3074214400.00
2015/05/26,16.21,16.52,16.02,16.49,191459683,3129490432.00
2015/05/27,16.56,16.76,15.96,16.07,165785811,2697864704.00
2015/05/28,15.96,16.14,14.46,14.46,161172656,2499090432.00
2015/05/29,14.21,14.66,13.12,13.90,111240374,1550294144.00
2015/06/01,13.85,14.63,13.76,14.57,84755109,1208968192.00
2015/06/02,14.61,15.54,14.43,15.52,119923402,1802525824.00
2015/06/03,15.55,15.69,14.67,15.07,106288744,1616030464.00
2015/06/04,15.05,15.05,13.84,14.73,85367001,1243938048.00
2015/06/05,14.88,15.46,14.80,15.42,123962280,1887305984.00
2015/06/08,15.66,16.25,15.36,16.22,192035945,3068756224.00
2015/06/09,16.26,16.44,15.41,15.70,125105400,1983798656.00
2015/06/10,15.44,15.96,15.00,15.65,87293240,1362878336.00
2015/06/11,15.51,15.72,15.31,15.66,81335200,1265831936.00
2015/06/12,15.66,15.82,15.34,15.50,83469075,1298593408.00
2015/06/15,15.48,15.48,14.84,14.89,86982993,1315051392.00
2015/06/16,14.57,14.58,13.87,13.95,72003929,1024991488.00
2015/06/17,13.86,14.42,13.46,14.34,58512538,819040192.00
2015/06/18,14.36,14.37,13.51,13.53,55548754,776565440.00
2015/06/19,13.26,13.44,12.17,12.17,58209971,741662336.00
2015/06/23,11.96,12.34,10.95,11.91,60441502,705175104.00
2015/06/24,11.94,12.27,11.93,12.26,58207652,708483136.00
2015/06/25,12.37,12.37,11.29,11.52,51505019,618350016.00
2015/06/26,11.07,11.26,10.36,10.36,58701251,631073280.00
2015/06/29,10.62,10.73,9.32,9.32,68109985,663402112.00
2015/06/30,9.01,9.74,8.38,9.73,86419015,788007680.00
2015/07/01,9.69,10.06,8.90,8.94,76990390,743343744.00
2015/07/02,8.95,9.10,8.04,8.05,63915511,547408640.00
2015/07/03,7.75,8.13,7.24,7.24,62497487,470827296.00
2015/07/06,7.95,7.95,6.63,7.23,70288191,513219680.00
2015/07/07,6.97,7.17,6.50,6.50,58018052,389870816.00
2015/07/08,5.86,6.94,5.85,6.72,129598233,838776320.00
2015/07/09,6.72,7.40,6.72,7.40,69444066,500863648.00
2015/07/10,7.94,8.14,7.57,8.14,45221098,366088544.00
2015/07/13,8.74,8.96,8.37,8.96,92939362,823095232.00
2015/07/14,9.16,9.71,8.56,9.03,135209587,1249043200.00
2015/07/15,8.66,8.91,8.12,8.12,65309977,551566144.00
2015/07/16,8.12,8.56,7.46,8.30,58790594,481014944.00
2015/07/17,8.32,8.96,8.32,8.86,59365854,516269984.00
2015/07/20,8.86,9.12,8.57,8.78,66522934,592412672.00
2015/07/21,8.58,8.96,8.48,8.86,53032971,466483200.00
2015/07/22,8.81,9.11,8.60,9.04,65992636,591073280.00
2015/07/23,9.04,9.56,8.82,9.42,91826022,846051200.00
2015/07/24,9.34,9.64,8.96,9.05,91189031,855840640.00
2015/07/27,8.66,8.93,8.14,8.14,64551959,555579712.00
2015/07/28,7.66,8.05,7.32,7.70,63267122,484700480.00
2015/07/29,7.86,8.16,7.56,8.14,36596653,286842464.00
2015/07/30,8.14,8.23,7.62,7.75,38689116,313011680.00
2015/07/31,7.60,7.82,7.60,7.75,25390414,196210896.00
2015/08/03,7.63,8.53,7.48,8.53,39263949,310279264.00
2015/08/04,8.56,9.35,8.56,9.19,85109024,763244480.00
2015/08/05,9.05,9.15,8.68,8.83,67293181,601860224.00
2015/08/06,8.56,9.04,8.51,8.80,37034417,328164160.00
2015/08/07,8.86,9.09,8.86,8.96,41227557,371480896.00
2015/08/10,8.97,9.80,8.91,9.50,78900290,739604288.00
2015/08/11,9.54,10.45,9.40,10.26,171621404,1755562752.00
2015/08/12,9.76,10.03,9.46,9.56,127674096,1248310912.00
2015/08/13,9.31,9.71,9.22,9.65,61482354,585886848.00
2015/08/14,9.65,9.81,9.51,9.56,57900761,561578816.00
2015/08/17,9.46,9.61,9.27,9.59,44044788,416628608.00
2015/08/18,9.55,9.72,8.63,8.63,62842221,582607168.00
2015/08/19,8.46,9.42,8.33,9.33,75983366,685537856.00
2015/08/20,9.16,9.16,8.76,8.82,49104337,444187040.00
2015/08/21,8.71,8.87,8.06,8.21,39493316,336717056.00
2015/08/24,7.91,7.91,7.39,7.39,30669142,230848640.00
2015/08/25,6.65,6.89,6.65,6.65,29010386,195594656.00
2015/08/26,6.81,6.92,6.17,6.68,40446304,270362528.00
2015/08/27,6.84,7.05,6.62,7.03,32586533,224336848.00
2015/08/28,7.11,7.74,7.02,7.74,46879018,343948320.00
2015/08/31,7.91,8.12,7.61,7.74,60678705,480470592.00
2015/09/01,7.53,7.53,6.96,6.96,43409413,312039488.00
2015/09/02,6.66,7.41,6.48,7.36,47592148,338553024.00
2015/09/07,7.30,7.86,7.16,7.31,40437716,303682976.00
2015/09/08,7.24,7.75,6.93,7.68,29866200,221342608.00
2015/09/09,7.65,7.97,7.56,7.77,68408107,532649920.00
2015/09/10,7.67,7.71,7.39,7.43,29524931,225103488.00
2015/09/11,7.40,7.57,7.31,7.44,20085100,150182736.00
2015/09/14,7.47,7.55,6.69,6.70,34287529,240518688.00
2015/09/15,6.56,6.71,6.03,6.10,26927592,172861632.00
2015/09/16,6.15,6.71,6.13,6.66,26001824,167587040.00
2015/09/17,6.71,6.84,6.36,6.39,30389719,203607552.00
2015/09/18,6.44,6.65,6.36,6.57,20112428,131540840.00
2015/09/21,6.49,6.78,6.41,6.75,22840601,152315312.00
2015/09/22,6.73,6.84,6.63,6.78,27701682,188142176.00
2015/09/23,6.66,6.70,6.50,6.56,20425342,135798240.00
2015/09/24,6.56,6.92,6.56,6.83,29284934,199248864.00
2015/09/25,6.75,6.82,6.34,6.45,23478100,155333664.00
2015/09/28,6.48,6.61,6.36,6.57,11618839,76066840.00
2015/09/29,6.46,6.48,6.37,6.42,11537565,74565168.00
2015/09/30,6.46,6.80,6.39,6.60,15196034,100643576.00
2015/10/08,6.78,6.92,6.71,6.82,25806663,176847936.00
2015/10/09,6.77,7.12,6.76,6.98,29276512,204163456.00
2015/10/12,7.01,7.64,6.98,7.42,46386473,340853856.00
2015/10/13,7.33,7.49,7.23,7.39,35139325,259601392.00
2015/10/14,7.36,7.74,7.28,7.47,50911733,385473408.00
2015/10/15,7.38,8.10,7.36,8.04,75396818,590077312.00
2015/10/16,7.99,8.07,7.76,7.98,68350644,542090944.00
2015/11/02,7.18,7.72,7.18,7.26,76402653,561762688.00
2015/11/03,7.06,7.24,6.93,7.02,42381520,300597440.00
2015/11/04,7.06,7.37,7.04,7.36,43256898,314645472.00
2015/11/05,7.39,7.91,7.21,7.70,76791153,579149824.00
2015/11/06,7.59,7.91,7.59,7.77,56867673,443313728.00
2015/11/09,7.67,7.96,7.54,7.83,62441940,488094432.00
2015/11/10,8.21,8.62,8.08,8.62,128963623,1094958336.00
2015/11/11,8.95,9.46,8.68,8.83,185797016,1681540352.00
2015/11/12,8.62,8.86,8.38,8.52,98706698,846528256.00
2015/11/13,8.32,8.43,8.05,8.18,66687432,550889152.00
2015/11/16,7.99,8.65,7.99,8.55,63707799,538006720.00
2015/11/17,8.50,8.65,8.24,8.30,72570060,619414912.00
2015/11/18,8.22,8.33,8.08,8.12,37127227,305754848.00
2015/11/19,8.14,8.33,8.09,8.30,39021199,321545376.00
2015/11/20,8.30,8.33,8.17,8.26,37689902,312045152.00
2015/11/23,8.27,8.34,8.12,8.16,38171775,315699840.00
2015/11/24,8.14,8.32,8.07,8.31,32021471,263678800.00
2015/11/25,8.28,8.74,8.22,8.59,69426265,595327616.00
2015/11/26,8.56,8.65,8.38,8.39,52310167,446366400.00
2015/11/27,8.34,8.34,7.56,7.64,55382695,445892544.00
2015/11/30,7.63,7.76,6.99,7.53,39992059,300377440.00
2015/12/01,7.46,7.58,7.37,7.50,24471251,183795408.00
2015/12/02,7.46,7.60,7.28,7.59,23558262,177114960.00
2015/12/03,7.61,7.73,7.57,7.72,22243314,171459696.00
2015/12/04,7.69,7.74,7.57,7.62,21839254,168053136.00
2015/12/07,7.59,7.81,7.59,7.73,18999891,147154336.00
2015/12/08,7.66,7.67,7.41,7.47,18863232,142507008.00
2015/12/09,7.42,7.46,7.25,7.29,17093879,126016536.00
2015/12/10,7.27,7.38,7.22,7.25,15560722,113984160.00
2015/12/11,7.23,7.26,7.08,7.15,15968156,114738688.00
2015/12/14,7.11,7.34,7.01,7.33,17561996,126607304.00
2015/12/15,7.36,7.60,7.31,7.44,22292036,166099648.00
2015/12/16,7.44,7.49,7.37,7.38,15633318,116610864.00
2015/12/17,7.39,7.58,7.39,7.57,24864091,187791920.00
2015/12/18,7.57,7.57,7.36,7.41,23527460,176191552.00
2015/12/21,7.16,7.42,7.09,7.38,34605265,253172032.00
2015/12/22,7.36,7.48,7.31,7.45,26077857,193897488.00
2015/12/23,7.44,7.85,7.37,7.68,64404518,496940800.00
2015/12/24,7.66,7.66,7.40,7.52,30240397,228626768.00
2015/12/25,7.48,7.60,7.40,7.50,22810200,171933600.00
2015/12/28,7.54,7.55,7.25,7.26,27992701,208794496.00
2015/12/29,7.24,7.33,7.18,7.33,18505273,135000192.00
2015/12/30,7.33,7.42,7.24,7.35,20350582,149902384.00
2015/12/31,7.34,7.35,7.22,7.23,14810661,108430752.00
2016/01/04,7.14,7.21,6.51,6.52,22607177,156535728.00
2016/01/05,6.26,6.74,6.16,6.59,27195975,176811680.00
2016/01/06,6.62,6.74,6.55,6.73,18778436,125405736.00
2016/01/07,6.58,6.62,6.06,6.09,5692001,36303980.00
2016/01/08,6.27,6.70,5.90,6.43,34363344,220550928.00
2016/01/11,6.30,6.44,5.98,6.07,19671974,123515968.00
2016/01/12,6.07,6.26,6.02,6.17,14442426,89270312.00
2016/01/13,6.20,6.25,5.97,5.98,13403582,82472352.00
2016/01/14,5.86,6.13,5.81,6.12,14730437,88928160.00
2016/01/15,6.09,6.11,5.81,5.86,13894035,83336304.00
2016/01/18,5.81,6.01,5.76,5.92,11355601,67606624.00
2016/01/19,5.91,6.13,5.89,6.12,14299316,87086800.00
2016/01/20,6.09,6.13,6.03,6.06,12509740,76436328.00
2016/01/21,5.96,6.09,5.86,5.88,11539271,69529512.00
2016/01/22,5.91,6.06,5.83,6.05,11336119,67856416.00
2016/01/25,6.07,6.11,5.95,6.03,17356639,105683816.00
2016/01/26,5.94,5.94,5.42,5.43,20008739,114848936.00
2016/01/27,5.43,5.49,4.96,5.28,16338865,85859704.00
2016/01/28,5.16,5.27,4.96,4.98,12634372,65414244.00
2016/01/29,4.98,5.21,4.98,5.14,11348529,58514248.00
2016/02/01,5.14,5.19,4.99,5.06,9097512,46710408.00
2016/02/02,5.09,5.26,5.07,5.22,12357870,64526912.00
2016/02/03,5.15,5.21,5.09,5.20,9015137,46681376.00
2016/02/04,5.20,5.32,5.19,5.27,12072596,64043624.00
2016/02/05,5.27,5.34,5.24,5.25,9687957,51553908.00
2016/02/15,5.05,5.23,5.01,5.19,8326074,43014796.00
2016/02/16,5.22,5.46,5.21,5.45,18964548,102449280.00
2016/02/17,5.38,6.00,5.35,6.00,33320522,189175744.00
2016/02/18,6.09,6.24,5.85,5.87,40509862,244964912.00
2016/02/19,5.75,6.06,5.71,5.92,23349790,138682112.00
2016/02/22,5.95,6.03,5.89,6.00,21552469,129413600.00
2016/02/23,6.00,6.00,5.78,5.88,17093774,101184912.00
2016/02/24,5.83,5.92,5.72,5.89,14172963,83278592.00
2016/02/25,5.89,5.89,5.30,5.30,22104615,124151328.00
2016/02/26,5.36,5.39,5.06,5.32,13763771,73326960.00
2016/02/29,5.31,5.31,4.94,5.08,13611636,69430880.00
2016/03/01,5.11,5.26,5.06,5.23,11646551,60415580.00
2016/03/02,5.27,5.52,5.21,5.48,19673070,106689104.00
2016/03/03,5.51,5.58,5.44,5.47,20801004,115305784.00
2016/03/04,5.44,5.49,5.21,5.29,17863407,96480048.00
2016/03/07,5.34,5.82,5.34,5.82,24501141,142034368.00
2016/03/08,5.93,5.93,5.46,5.72,44336409,251893744.00
2016/03/09,5.57,5.60,5.44,5.47,20840323,115968224.00
2016/03/10,5.49,5.52,5.35,5.36,14749424,80611568.00
2016/03/11,5.28,5.41,5.24,5.39,9826114,52819764.00
2016/03/14,5.46,5.66,5.44,5.56,21837339,122611144.00
2016/03/15,5.51,5.59,5.42,5.45,14202334,78662792.00
2016/03/16,5.45,5.51,5.36,5.39,9708796,53011776.00
2016/03/17,5.42,5.64,5.39,5.57,20759359,115722968.00
2016/03/18,5.60,5.76,5.55,5.74,30465293,174748704.00
2016/03/21,5.77,5.91,5.74,5.88,32707875,191970928.00
2016/03/22,5.80,6.41,5.77,6.12,55528366,338451328.00
2016/03/23,6.04,6.13,5.91,6.03,37492567,226282480.00
2016/03/24,5.98,6.00,5.79,5.80,26993267,160148384.00
2016/03/25,5.78,5.90,5.76,5.84,15597278,91826512.00
2016/03/28,5.86,5.97,5.75,5.77,17595806,103845040.00
2016/03/29,5.74,5.80,5.64,5.70,15076335,86588016.00
2016/03/30,5.75,5.90,5.74,5.89,17953934,105393504.00
2016/03/31,5.94,5.95,5.84,5.86,18251601,108084400.00
2016/04/01,5.80,5.90,5.71,5.88,18273156,106416640.00
2016/04/05,5.88,6.04,5.85,6.01,24343716,146094672.00
2016/04/06,5.96,6.11,5.92,6.01,22558931,136465808.00
2016/04/07,6.01,6.15,5.94,5.95,27584399,167431360.00
2016/04/08,5.88,5.89,5.77,5.85,20767915,121761896.00
2016/04/11,5.90,6.11,5.86,6.08,31070945,188359600.00
2016/04/12,6.14,6.40,6.09,6.14,63612756,397349536.00
2016/04/13,6.07,6.20,6.03,6.16,49581209,306134400.00
2016/04/14,6.16,6.17,6.04,6.11,30647430,187698768.00
2016/04/15,6.07,6.10,6.00,6.04,22176424,134690768.00
2016/04/18,6.00,6.02,5.93,5.97,16989689,102015760.00
2016/04/19,6.01,6.03,5.93,5.99,13544435,81532816.00
2016/04/20,5.99,6.00,5.46,5.59,32775260,188220352.00
2016/04/21,5.59,5.63,5.46,5.52,14810249,82965152.00
2016/04/22,5.47,5.57,5.46,5.57,9607781,53536028.00
2016/04/25,5.51,5.55,5.46,5.53,8104666,44944820.00
2016/04/26,5.53,5.58,5.51,5.58,8044066,44950912.00
2016/04/27,5.58,5.83,5.54,5.65,19235827,109950984.00
2016/04/28,5.58,5.63,5.48,5.58,13332083,74599600.00
2016/04/29,5.54,5.59,5.51,5.55,5935343,33197416.00
2016/05/03,5.55,5.69,5.50,5.68,15817933,89564744.00
2016/05/04,5.66,5.76,5.63,5.66,16389140,93919920.00
2016/05/05,5.63,5.69,5.61,5.66,10462959,59498436.00
2016/05/06,5.66,5.67,5.43,5.44,16125160,89850136.00
2016/05/09,5.43,5.43,5.17,5.20,12184495,64713884.00
2016/05/10,5.19,5.27,5.19,5.24,5759141,30325392.00
2016/05/11,5.28,5.28,5.19,5.22,5545750,29285458.00
2016/05/12,5.18,5.18,5.05,5.17,7440614,38422560.00
2016/05/13,5.14,5.22,5.11,5.16,5460575,28427332.00
2016/05/16,5.15,5.22,5.10,5.22,6125551,31845268.00
2016/05/17,5.22,5.26,5.15,5.19,6749166,35399564.00
2016/05/18,5.16,5.16,5.01,5.06,8794920,45014224.00
2016/05/19,5.06,5.15,5.05,5.08,6437045,33108070.00
2016/05/20,5.06,5.11,5.01,5.10,5643315,28853572.00
2016/05/23,5.11,5.17,5.11,5.15,6575950,34071316.00
2016/05/24,5.15,5.15,5.06,5.10,6678562,34292688.00
2016/05/25,5.14,5.17,5.06,5.09,6346405,32742604.00
2016/05/26,5.09,5.11,4.98,5.10,8477233,43048644.00
2016/05/27,5.09,5.13,5.04,5.10,6325055,32435062.00
2016/05/30,5.07,5.09,5.02,5.06,5251010,26762312.00
2016/05/31,5.06,5.26,5.06,5.26,16811672,87982200.00
2016/06/01,5.25,5.30,5.22,5.25,13076100,69268600.00
2016/06/02,5.24,5.29,5.22,5.28,10105917,53491196.00
2016/06/03,5.26,5.38,5.26,5.33,15338908,82314504.00
2016/06/06,5.31,5.35,5.27,5.29,9043802,48348328.00
2016/06/07,5.28,5.30,5.24,5.28,7508864,39817864.00
2016/06/08,5.27,5.28,5.18,5.24,8004062,42156736.00
2016/06/13,5.18,5.21,5.02,5.04,9710602,50284992.00
2016/06/14,5.02,5.08,4.99,5.04,7005030,35618260.00
2016/06/15,5.03,5.18,5.01,5.16,9769122,50369980.00
2016/06/16,5.14,5.16,5.07,5.09,7676572,39593412.00
2016/06/17,5.14,5.19,5.09,5.13,7119294,36916280.00
2016/06/20,5.12,5.14,5.06,5.11,5660494,29062370.00
2016/06/21,5.13,5.17,5.06,5.08,7465700,38499568.00
2016/06/22,5.08,5.13,5.05,5.13,6050214,31058294.00
2016/06/23,5.13,5.16,5.07,5.14,7668680,39528320.00
2016/06/24,5.12,5.15,4.98,5.07,10983097,56082304.00
2016/06/27,5.02,5.14,5.02,5.13,8125195,41804140.00
2016/06/28,5.11,5.20,5.08,5.19,11273654,58512816.00
2016/06/29,5.19,5.35,5.17,5.24,17818585,94131144.00
2016/06/30,5.23,5.24,5.16,5.19,11280884,58489152.00
2016/07/01,5.20,5.21,5.15,5.17,7944901,41136560.00
2016/07/04,5.13,5.25,5.12,5.24,12295973,64142352.00
2016/07/05,5.25,5.31,5.23,5.30,15857203,83589160.00
2016/07/06,5.28,5.31,5.25,5.29,12337181,65208184.00
2016/07/07,5.26,5.29,5.22,5.29,12642066,66479640.00
2016/07/08,5.25,5.49,5.23,5.35,27255683,146405968.00
2016/07/11,5.30,5.37,5.26,5.28,19410640,102970400.00
2016/07/12,5.28,5.35,5.22,5.33,16273590,86075304.00
2016/07/13,5.33,5.43,5.32,5.42,21522730,115845400.00
2016/07/14,5.42,5.42,5.35,5.40,12275437,66083480.00
2016/07/15,5.41,5.43,5.35,5.38,9795092,52739020.00
2016/07/18,5.37,5.38,5.29,5.31,10400220,55359728.00
2016/07/19,5.31,5.35,5.27,5.34,6813386,36163908.00
2016/07/20,5.33,5.35,5.30,5.31,7711835,41067044.00
2016/07/21,5.31,5.46,5.30,5.35,18729620,100683816.00
2016/07/22,5.32,5.34,5.28,5.29,12791031,67761824.00
2016/07/25,5.28,5.33,5.28,5.31,7732595,41015556.00
2016/07/26,5.29,5.35,5.28,5.35,9454127,50388260.00
2016/07/27,5.35,5.38,5.11,5.14,20922059,109462224.00
2016/07/28,5.14,5.18,5.11,5.15,10070496,51776008.00
2016/07/29,5.14,5.17,5.13,5.15,6630526,34119656.00
2016/08/01,5.14,5.14,5.07,5.09,8697559,44306792.00
2016/08/02,5.08,5.13,5.08,5.12,4630939,23655014.00
2016/08/03,5.12,5.16,5.10,5.15,5070795,26007324.00
2016/08/04,5.15,5.16,5.11,5.14,4378027,22472608.00
2016/08/05,5.14,5.15,5.12,5.13,4518805,23193588.00
2016/08/08,5.13,5.17,5.08,5.17,6157548,31599740.00
2016/08/09,5.16,5.20,5.13,5.19,7307156,37790592.00
2016/08/10,5.19,5.21,5.16,5.17,5745050,29777048.00
2016/08/11,5.17,5.18,5.10,5.11,6590000,33842480.00
2016/08/12,5.11,5.18,5.09,5.17,6968691,35781196.00
2016/08/15,5.17,5.26,5.15,5.25,16839751,87980744.00
2016/08/16,5.25,5.27,5.23,5.25,11041336,57927152.00
2016/08/17,5.24,5.30,5.23,5.28,11212717,59068192.00
2016/08/18,5.26,5.35,5.25,5.34,19707775,104537392.00
2016/08/19,5.31,5.33,5.28,5.31,10032017,53203104.00
2016/08/22,5.29,5.32,5.25,5.26,7541137,39761592.00
2016/08/23,5.25,5.31,5.25,5.28,6990170,36920016.00
2016/08/24,5.27,5.30,5.25,5.27,6177434,32586576.00
2016/08/25,5.25,5.25,5.13,5.17,13732818,71038016.00
2016/08/26,5.16,5.23,5.16,5.18,6240801,32423620.00
2016/08/29,5.18,5.22,5.15,5.20,4434924,23029308.00
2016/08/30,5.21,5.24,5.19,5.22,5229447,27293448.00
2016/08/31,5.21,5.24,5.18,5.22,5464000,28438960.00
2016/09/01,5.21,5.23,5.18,5.20,6177000,32152372.00
2016/09/02,5.18,5.21,5.16,5.17,5162067,26737906.00
2016/09/05,5.18,5.22,5.17,5.18,4954089,25758986.00
2016/09/06,5.18,5.27,5.16,5.26,11272978,58853716.00
2016/09/07,5.26,5.28,5.24,5.25,9554335,50286904.00
2016/09/08,5.25,5.35,5.25,5.30,16700150,88679360.00
2016/09/09,5.28,5.32,5.21,5.23,11522431,60721052.00
2016/09/12,5.18,5.18,5.11,5.12,11076014,56890560.00
2016/09/13,5.13,5.16,5.11,5.13,6797420,34842080.00
2016/09/14,5.12,5.14,5.10,5.13,5845824,29926760.00
2016/09/19,5.13,5.16,5.13,5.16,5738889,29534894.00
2016/09/20,5.16,5.16,5.13,5.14,3574564,18380856.00
2016/09/21,5.13,5.17,5.12,5.15,4670279,24031826.00
2016/09/22,5.17,5.18,5.14,5.15,6329074,32667856.00
2016/09/23,5.15,5.17,5.13,5.14,3980400,20461264.00
2016/09/26,5.14,5.14,5.07,5.07,7216864,36804708.00
2016/09/27,5.06,5.10,5.05,5.10,5963083,30239140.00
2016/09/28,5.10,5.10,5.04,5.06,6033427,30575814.00
2016/09/29,5.07,5.11,5.06,5.08,4968645,25252730.00
2016/09/30,5.06,5.09,5.06,5.09,4203461,21333124.00
2016/10/10,5.09,5.15,5.09,5.15,7935609,40637308.00
2016/10/11,5.14,5.16,5.12,5.16,7284885,37448584.00
2016/10/12,5.15,5.21,5.13,5.18,11675243,60473844.00
2016/10/13,5.17,5.20,5.15,5.18,7295206,37740904.00
2016/10/14,5.17,5.25,5.15,5.21,12008130,62460212.00
2016/10/17,5.19,5.24,5.14,5.15,10494294,54440140.00
2016/10/18,5.17,5.24,5.14,5.23,10038866,52072272.00
2016/10/19,5.22,5.26,5.18,5.21,8622626,45023556.00
2016/10/20,5.18,5.27,5.18,5.27,14539001,76308448.00
2016/10/21,5.28,5.29,5.16,5.24,13144563,68678240.00
2016/10/24,5.23,5.30,5.20,5.28,14493625,76276752.00
2016/10/25,5.27,5.31,5.26,5.28,9968958,52635152.00
2016/10/26,5.28,5.28,5.23,5.25,12088626,63478856.00
2016/10/27,5.31,5.66,5.31,5.39,58100170,317258336.00
2016/10/28,5.34,5.39,5.29,5.30,23417928,124956624.00
2016/10/31,5.28,5.29,5.22,5.26,13283794,69712704.00
2016/11/01,5.25,5.30,5.23,5.29,13927107,73185016.00
2016/11/02,5.28,5.36,5.23,5.34,24037024,127292800.00
2016/11/03,5.55,5.78,5.45,5.54,70389620,392626144.00
2016/11/04,5.80,5.99,5.62,5.70,91999290,533784224.00
2016/11/07,5.53,5.80,5.49,5.61,48843367,274194208.00
2016/11/08,5.54,5.89,5.53,5.88,75368410,435873984.00
2016/11/09,5.82,6.19,5.78,5.99,98924508,593332480.00
2016/11/10,5.91,6.04,5.84,5.94,58220858,344098304.00
2016/11/11,5.95,6.16,5.89,5.95,61269448,367761600.00
2016/11/14,5.88,5.88,5.70,5.80,42240310,243805568.00
2016/11/15,5.77,5.82,5.75,5.81,21840482,126127824.00
2016/11/16,5.80,5.81,5.66,5.70,26443581,151009088.00
2016/11/17,5.71,5.74,5.66,5.73,14025555,80063176.00
2016/11/18,5.73,5.73,5.64,5.65,15862172,90096328.00
2016/11/21,5.63,5.68,5.61,5.65,13828726,78089376.00
2016/11/22,5.64,5.80,5.64,5.76,26189888,150405856.00
2016/11/23,5.76,5.78,5.68,5.70,17497284,99973984.00
2016/11/24,5.67,5.71,5.63,5.64,12476763,70774512.00
2016/11/25,5.64,5.73,5.54,5.72,20667809,116443960.00
2016/11/28,5.70,5.79,5.69,5.73,13326167,76574736.00
2016/11/29,5.71,5.73,5.60,5.60,19194601,108198544.00
2016/11/30,5.58,5.62,5.55,5.58,10893770,60727820.00
2016/12/01,5.60,5.61,5.55,5.60,9102973,50824360.00
2016/12/02,5.73,5.77,5.61,5.70,22190607,126008632.00
2016/12/05,5.60,5.62,5.40,5.45,24658779,135587296.00
2016/12/06,5.44,5.57,5.41,5.49,13401850,73614888.00
2016/12/07,5.47,5.68,5.44,5.59,16634927,92788384.00
2016/12/08,5.57,5.64,5.51,5.52,13186450,73519024.00
2016/12/09,5.50,5.61,5.49,5.55,16007700,89140736.00
2016/12/12,5.52,5.53,5.23,5.27,21120700,113398024.00
2016/12/13,5.27,5.31,5.21,5.28,10112144,53237856.00
2016/12/14,5.26,5.28,5.19,5.20,11496983,60136280.00
2016/12/15,5.18,5.37,5.16,5.30,14257000,75342800.00
2016/12/16,5.29,5.36,5.28,5.31,10346403,55026168.00
2016/12/19,5.29,5.35,5.28,5.35,7392804,39310336.00
2016/12/20,5.34,5.41,5.31,5.35,7721413,41265968.00
2016/12/21,5.34,5.37,5.34,5.37,8932753,47833912.00
2016/12/22,5.36,5.39,5.32,5.36,7287184,38997704.00
2016/12/23,5.37,5.37,5.26,5.27,6809339,36165888.00
2016/12/26,5.25,5.29,5.18,5.29,8217389,42968128.00
2016/12/27,5.29,5.31,5.27,5.28,6613945,35005216.00
2016/12/28,5.27,5.32,5.26,5.28,4667541,24679216.00
2016/12/29,5.30,5.30,5.22,5.23,5754991,30296978.00
2016/12/30,5.24,5.28,5.22,5.26,4453248,23410290.00
2017/01/03,5.26,5.35,5.26,5.34,7644438,40665708.00
2017/01/04,5.34,5.38,5.31,5.37,10084369,53959860.00
2017/01/05,5.37,5.39,5.34,5.36,6661176,35690804.00
2017/01/06,5.36,5.37,5.31,5.35,6999487,37364172.00
2017/01/09,5.33,5.36,5.29,5.36,9089347,48394760.00
2017/01/10,5.35,5.48,5.33,5.40,17958589,97201280.00
2017/01/11,5.39,5.39,5.31,5.33,11609688,62037388.00
2017/01/12,5.33,5.33,5.24,5.27,8394180,44351384.00
2017/01/13,5.28,5.29,5.17,5.21,8763964,45753256.00
2017/01/16,5.19,5.20,4.82,5.01,13912250,70492136.00
2017/01/17,4.96,5.06,4.93,5.05,7515931,37601176.00
2017/01/18,5.02,5.05,5.00,5.01,5413626,27218044.00
2017/01/19,5.02,5.03,4.99,5.01,3739700,18737808.00
2017/01/20,5.00,5.10,4.99,5.06,5704589,28822034.00
2017/01/23,5.14,5.23,5.09,5.15,9831667,50654200.00
2017/01/24,5.09,5.14,5.08,5.09,6861936,34956664.00
2017/01/25,5.08,5.10,5.06,5.07,4314726,21916272.00
2017/01/26,5.05,5.10,5.05,5.09,3067791,15593486.00
2017/02/03,5.07,5.11,5.06,5.08,4057730,20610768.00
2017/02/06,5.07,5.10,5.04,5.10,4516151,22929942.00
2017/02/07,5.10,5.12,5.07,5.11,5620428,28631032.00
2017/02/08,5.10,5.13,5.06,5.12,6394077,32549876.00
2017/02/09,5.12,5.15,5.10,5.13,7547839,38728432.00
2017/02/10,5.13,5.18,5.13,5.18,10724224,55363360.00
2017/02/13,5.16,5.24,5.16,5.20,8970894,46612768.00
2017/02/14,5.17,5.20,5.14,5.16,7421706,38311772.00
2017/02/15,5.14,5.17,5.12,5.14,8462830,43579536.00
2017/02/16,5.14,5.18,5.12,5.17,6991535,35995812.00
2017/02/17,5.16,5.19,5.10,5.11,9872594,50788200.00
2017/02/20,5.10,5.17,5.09,5.16,7601385,39056540.00
2017/02/21,5.15,5.34,5.15,5.27,21355849,111773920.00
2017/02/22,5.24,5.27,5.21,5.25,11678751,61169356.00
2017/02/23,5.26,5.27,5.19,5.22,7759240,40521580.00
2017/02/24,5.21,5.25,5.20,5.25,6607787,34536264.00
2017/02/27,5.25,5.26,5.15,5.16,9425020,48911420.00
2017/02/28,5.15,5.19,5.15,5.18,5109723,26421184.00
2017/03/01,5.18,5.20,5.16,5.17,6416609,33221652.00
2017/03/02,5.17,5.19,5.10,5.11,8140214,41800728.00
2017/03/03,5.11,5.13,5.08,5.12,5222433,26663996.00
2017/03/06,5.12,5.15,5.11,5.15,5897053,30279180.00
2017/03/07,5.16,5.17,5.13,5.17,5954755,30703464.00
2017/03/08,5.17,5.17,5.12,5.13,5802365,29834728.00
2017/03/09,5.13,5.14,5.08,5.09,6381307,32518220.00
2017/03/10,5.09,5.12,5.07,5.09,5726590,29154216.00
2017/03/13,5.10,5.10,5.06,5.09,7999746,40628892.00
2017/03/14,5.08,5.09,5.06,5.07,5194087,26355634.00
2017/03/15,5.06,5.07,5.03,5.05,6645325,33524090.00
2017/03/16,5.05,5.09,5.05,5.09,6708673,34078120.00
2017/03/17,5.08,5.10,5.04,5.05,7446947,37797228.00
2017/03/20,5.04,5.07,4.97,5.03,12679282,63622688.00
2017/03/21,5.00,5.03,5.00,5.02,5362314,26916442.00
2017/03/22,5.00,5.01,4.96,4.99,7288379,36332992.00
2017/03/23,4.99,5.01,4.94,4.97,7749969,38545772.00
2017/03/24,4.97,5.02,4.95,5.02,7101008,35503992.00
2017/03/27,5.01,5.03,4.99,5.01,5193776,25987642.00
2017/03/28,5.02,5.02,4.98,4.99,4671659,23322172.00
2017/03/29,4.99,5.00,4.93,4.94,7111069,35278264.00
2017/03/30,4.94,4.95,4.84,4.85,11246564,54886272.00
2017/03/31,4.85,4.89,4.85,4.88,5893638,28689052.00
2017/04/05,4.88,4.96,4.87,4.94,8576015,42267732.00
2017/04/06,4.94,4.96,4.91,4.94,8168971,40279112.00
2017/04/07,4.92,4.97,4.92,4.95,5838736,28870692.00
2017/04/10,4.96,4.97,4.90,4.91,7026377,34529176.00
2017/04/11,4.91,4.98,4.89,4.97,8190001,40347500.00
2017/04/12,4.98,4.98,4.92,4.95,6224784,30763728.00
2017/04/13,4.94,4.98,4.91,4.96,8201094,40573852.00
2017/04/14,4.96,4.96,4.86,4.90,7948388,39044340.00
2017/04/17,4.88,4.91,4.84,4.88,7346600,35793864.00
2017/04/18,4.86,4.90,4.84,4.85,4828000,23504122.00
2017/04/19,4.87,4.87,4.70,4.75,12011678,57302304.00
2017/04/20,4.74,4.76,4.68,4.71,8236657,38860296.00
2017/04/21,4.70,4.74,4.70,4.72,5697113,26858848.00
2017/04/24,4.72,4.72,4.58,4.58,8578324,39597172.00
2017/04/25,4.58,4.61,4.57,4.59,5814606,26716116.00
2017/04/26,4.59,4.63,4.57,4.60,5821921,26767074.00
2017/04/27,4.58,4.61,4.42,4.56,7994618,36147992.00
2017/04/28,4.55,4.65,4.51,4.65,7237065,33210972.00
2017/05/02,4.64,4.64,4.56,4.57,5400143,24796542.00
2017/05/03,4.57,4.63,4.56,4.61,6004708,27655904.00
2017/05/04,4.60,4.63,4.57,4.60,4999579,23030876.00
2017/05/05,4.58,4.60,4.50,4.56,6305122,28737612.00
2017/05/08,4.54,4.55,4.46,4.50,6287652,28322200.00
2017/05/09,4.51,4.56,4.48,4.55,4554504,20631652.00
2017/05/10,4.55,4.56,4.47,4.48,4992236,22591996.00
2017/05/11,4.46,4.47,4.21,4.33,9673914,41935608.00
2017/05/12,4.32,4.32,4.27,4.29,5793375,24847410.00
2017/05/15,4.29,4.32,4.28,4.29,3765658,16188546.00
2017/05/16,4.30,4.36,4.21,4.35,5908927,25276514.00
2017/05/17,4.34,4.41,4.31,4.36,6704015,29322592.00
2017/05/18,4.33,4.38,4.32,4.35,4187668,18244404.00
2017/05/19,4.35,4.36,4.29,4.34,4762356,20585880.00
2017/05/22,4.33,4.33,4.20,4.20,8358455,35457752.00
2017/05/23,4.20,4.20,4.08,4.09,7432789,30788142.00
2017/05/24,4.10,4.10,4.00,4.09,6952736,28181556.00
2017/05/25,4.08,4.16,4.04,4.15,6775245,27786004.00
2017/05/26,4.12,4.18,4.12,4.15,4424078,18344368.00
2017/05/31,4.17,4.23,4.15,4.17,5769393,24176084.00
2017/06/01,4.17,4.17,4.05,4.06,5846286,23956350.00
2017/06/02,4.02,4.11,4.00,4.11,6379587,25882658.00
2017/06/05,4.10,4.13,4.09,4.11,6404631,26327866.00
2017/06/06,4.11,4.16,4.08,4.15,7714892,31860204.00
2017/06/07,4.13,4.22,4.13,4.21,10928906,45734940.00
2017/06/08,4.21,4.23,4.18,4.18,8436160,35455660.00
2017/06/09,4.16,4.20,4.15,4.19,7534375,31429412.00
2017/06/12,4.17,4.17,4.08,4.10,8310382,34263016.00
2017/06/13,4.08,4.15,4.08,4.12,5860868,24160730.00
2017/06/14,4.12,4.17,4.11,4.15,6826199,28288704.00
2017/06/15,4.15,4.21,4.13,4.20,9149614,38276016.00
2017/06/16,4.22,4.22,4.17,4.18,5456518,22862284.00
2017/06/19,4.19,4.22,4.18,4.21,5911331,24828064.00
2017/06/20,4.21,4.24,4.19,4.21,6227200,26276378.00
2017/06/21,4.19,4.27,4.19,4.23,8366274,35338820.00
2017/06/22,4.22,4.23,4.12,4.15,7673825,32132476.00
2017/06/23,4.14,4.16,4.09,4.14,7319788,30162852.00
2017/06/26,4.13,4.19,4.12,4.18,7217456,29994164.00
2017/06/27,4.16,4.20,4.15,4.19,4159701,17394896.00
2017/06/28,4.17,4.19,4.14,4.15,5349421,22279976.00
2017/06/29,4.16,4.22,4.15,4.22,7394745,31049610.00
2017/06/30,4.19,4.22,4.19,4.21,3748897,15762922.00
2017/07/03,4.22,4.26,4.20,4.26,7916262,33550800.00
2017/07/04,4.25,4.26,4.21,4.22,5432712,22989138.00
2017/07/05,4.22,4.26,4.21,4.25,5248044,22218466.00
2017/07/06,4.25,4.26,4.20,4.23,5729938,24202876.00
2017/07/07,4.23,4.25,4.20,4.25,5305568,22404032.00
2017/07/10,4.23,4.28,4.22,4.24,7421400,31566560.00
2017/07/11,4.22,4.46,4.22,4.33,29232566,127173952.00
2017/07/12,4.30,4.34,4.22,4.25,16805777,71555016.00
2017/07/13,4.25,4.29,4.22,4.28,10172932,43329284.00
2017/07/14,4.28,4.31,4.24,4.26,6651196,28343160.00
2017/07/17,4.27,4.27,4.07,4.07,14929200,61724032.00
2017/07/18,4.07,4.10,4.04,4.10,6873836,27978176.00
2017/07/19,4.10,4.16,4.07,4.15,6789469,27966606.00
2017/07/20,4.14,4.17,4.11,4.16,6724250,27916516.00
2017/07/21,4.15,4.18,4.14,4.17,5923884,24677374.00
2017/07/24,4.18,4.22,4.16,4.20,7352416,30873664.00
2017/07/25,4.21,4.21,4.16,4.20,5818463,24343490.00
2017/07/26,4.20,4.23,4.17,4.23,6445357,27085940.00
2017/07/27,4.23,4.27,4.18,4.27,9244101,39124272.00
2017/07/28,4.25,4.28,4.24,4.27,6910500,29466668.00
2017/08/02,4.25,4.25,4.25,4.25,0,0.00
数据来源:通达信
