600097 开创国际 日线 前复权
      日期	    开盘	    最高	    最低	    收盘	    成交量	    成交额
2010/10/08,13.07,13.67,13.03,13.53,2460090,34961196.00
2010/10/11,13.62,14.36,13.41,14.09,5127333,76200144.00
2010/10/12,14.09,14.28,13.96,14.02,2353571,35028096.00
2010/10/13,14.16,14.16,13.66,13.85,2013286,29503362.00
2010/10/14,13.91,13.99,13.17,13.21,2285856,32604212.00
2010/10/15,13.06,13.40,12.97,13.08,2103516,29262228.00
2010/10/18,13.08,13.38,12.83,13.27,1439062,19964728.00
2010/10/19,13.26,13.46,13.12,13.45,2023541,28648948.00
2010/10/20,13.45,13.56,13.21,13.30,1760478,24899312.00
2010/10/21,13.36,13.40,12.91,13.19,2740046,38105016.00
2010/10/22,13.19,13.48,12.99,13.44,3434023,48248688.00
2010/10/25,13.27,13.66,13.13,13.65,4171925,59202400.00
2010/10/26,13.61,13.61,13.39,13.50,2621477,37415760.00
2010/10/27,13.50,14.13,13.50,13.95,5331423,78015232.00
2010/10/28,14.15,15.41,13.96,15.31,14630844,227142128.00
2010/10/29,15.24,15.46,14.97,15.25,14911539,239754928.00
2010/11/01,15.25,15.96,15.05,15.68,13116769,214608128.00
2010/11/02,15.59,15.99,15.12,15.31,8865420,144151824.00
2010/11/03,15.11,15.46,14.59,14.86,5188880,81857760.00
2010/11/04,14.88,15.37,14.74,15.33,3251157,51065608.00
2010/11/05,15.41,15.60,15.11,15.30,3711629,59548836.00
2010/11/08,15.30,15.69,15.08,15.54,5819700,93659568.00
2010/11/09,15.55,15.73,15.30,15.38,5188231,83776008.00
2010/11/10,15.23,15.90,15.23,15.50,6224748,101696776.00
2010/11/11,15.56,16.76,15.56,15.92,11537517,194756288.00
2010/11/12,15.85,16.11,14.55,14.63,5892853,95150336.00
2010/11/15,14.81,15.06,14.19,14.96,2918580,44661132.00
2010/11/16,14.86,15.12,13.51,13.75,4742476,71279536.00
2010/11/17,13.47,14.03,13.21,13.48,1818331,26070900.00
2010/11/18,13.52,13.76,13.31,13.49,1908801,27096284.00
2010/11/19,13.59,13.71,13.21,13.71,2265736,31973474.00
2010/11/22,13.63,13.97,13.46,13.92,2372615,34357268.00
2010/11/23,13.89,13.89,13.32,13.54,1234724,17604108.00
2010/11/24,13.54,13.86,13.46,13.81,1851130,26648284.00
2010/11/26,13.90,14.41,13.85,14.09,3626827,53752944.00
2010/11/29,14.21,14.22,13.84,13.94,1476353,21643048.00
2010/11/30,13.91,14.10,12.91,13.01,3883472,54173836.00
2010/12/01,12.92,13.31,12.92,13.27,1627924,22556836.00
2010/12/02,13.36,13.64,13.31,13.35,1616149,22854684.00
2010/12/03,13.21,13.58,13.21,13.51,1281086,18111352.00
2010/12/06,13.51,13.62,13.14,13.26,935637,13112602.00
2010/12/07,13.49,13.66,13.28,13.59,1593718,22642018.00
2010/12/08,13.49,13.63,13.32,13.39,1063444,15027594.00
2010/12/09,13.39,13.49,13.01,13.03,1273688,17604762.00
2010/12/10,13.05,13.16,12.94,13.13,708434,9734924.00
2010/12/13,13.21,13.57,13.17,13.47,1324755,18698198.00
2010/12/14,13.45,13.84,13.45,13.82,1885092,27191962.00
2010/12/15,13.81,13.84,13.59,13.64,1208084,17380770.00
2010/12/16,13.66,13.71,13.51,13.54,956911,13659395.00
2010/12/17,13.51,13.60,13.40,13.47,974197,13778568.00
2010/12/20,13.51,13.81,13.37,13.78,2429584,34879116.00
2010/12/21,13.79,13.82,13.52,13.78,1161299,16675037.00
2010/12/22,13.75,13.75,13.29,13.34,2148800,30341470.00
2010/12/23,13.35,13.44,13.01,13.16,990693,13778594.00
2010/12/24,13.15,13.15,12.76,12.83,1090903,14809987.00
2010/12/27,12.66,13.09,12.51,12.65,961391,12993612.00
2010/12/28,12.71,12.71,12.32,12.35,703611,9229130.00
2010/12/29,12.53,12.59,12.24,12.56,754123,9840497.00
2010/12/30,12.56,12.56,12.34,12.46,840169,11026707.00
2010/12/31,12.52,12.73,12.38,12.71,984492,13067863.00
2011/01/04,12.61,12.87,12.60,12.83,1183776,15844222.00
2011/01/05,12.82,13.17,12.69,13.08,1384508,18880588.00
2011/01/06,13.06,13.26,12.96,13.12,1285524,17802768.00
2011/01/07,13.22,13.22,12.76,12.77,1315728,17903152.00
2011/01/10,12.85,12.94,12.51,12.60,795667,10705909.00
2011/01/11,12.60,12.76,12.35,12.51,698985,9273548.00
2011/01/12,12.49,12.74,12.49,12.69,439543,5857625.00
2011/01/13,12.73,12.76,12.58,12.66,394449,5262916.00
2011/01/14,12.66,12.66,12.36,12.43,455590,5996644.00
2011/01/17,12.43,12.43,11.96,11.96,606268,7806544.00
2011/01/18,11.83,12.13,11.83,12.10,227714,2899356.00
2011/01/19,12.11,12.32,12.10,12.15,772250,9960959.00
2011/01/20,12.17,12.22,11.73,11.75,417395,5274860.00
2011/01/21,11.82,11.97,11.71,11.89,375988,4708203.00
2011/01/24,11.97,12.00,11.78,11.85,331023,4160968.00
2011/01/25,11.82,11.91,11.56,11.58,370799,4575095.00
2011/01/26,11.61,11.97,11.61,11.88,454770,5703932.00
2011/01/27,11.86,12.28,11.79,12.13,1070184,13598765.00
2011/01/28,12.16,12.54,12.13,12.50,1079901,14063257.00
2011/01/31,12.46,12.46,12.06,12.28,919713,11847752.00
2011/02/01,12.31,12.39,12.20,12.29,518236,6721197.00
2011/02/09,12.26,12.70,12.26,12.59,830211,11004716.00
2011/02/10,12.60,12.97,12.51,12.84,1080920,14587117.00
2011/02/11,12.84,12.91,12.62,12.80,712760,9600329.00
2011/02/14,12.81,13.10,12.76,13.06,1132976,15479284.00
2011/02/15,13.10,13.14,12.91,12.99,1275612,17469080.00
2011/02/16,12.98,13.17,12.92,13.16,883836,12165234.00
2011/02/17,13.20,13.26,12.93,13.23,1207378,16651768.00
2011/02/18,13.16,13.57,12.99,13.16,1514512,21183558.00
2011/02/21,13.11,13.20,12.98,13.17,1361491,18728692.00
2011/02/22,13.17,13.24,12.64,12.70,1342828,18163200.00
2011/02/23,12.72,12.89,12.71,12.80,797081,10740636.00
2011/02/24,12.83,12.86,12.64,12.80,623666,8409246.00
2011/02/25,13.26,14.15,13.26,13.68,5586731,80780680.00
2011/02/28,13.33,13.73,13.29,13.67,2600637,37054328.00
2011/03/01,13.67,13.91,13.55,13.70,1975775,28501464.00
2011/03/02,13.80,14.16,13.62,14.03,3286716,48191748.00
2011/03/03,14.01,14.09,13.55,13.62,1827064,26459590.00
2011/03/04,13.55,13.89,13.44,13.77,1046597,15077676.00
2011/03/07,13.79,13.93,13.57,13.81,1633351,23593120.00
2011/03/08,13.77,14.01,13.77,13.95,1194942,17420212.00
2011/03/09,14.05,14.09,13.81,14.05,1312495,19197324.00
2011/03/10,14.06,14.61,13.89,14.33,3309687,49646196.00
2011/03/11,14.31,14.38,13.96,14.06,1944397,28760508.00
2011/03/14,13.92,14.06,13.57,13.77,1601928,23119772.00
2011/03/15,13.71,13.83,13.07,13.50,1726140,24370800.00
2011/03/16,13.48,13.67,13.39,13.59,1364852,19463088.00
2011/03/17,13.49,13.64,12.28,13.17,1583719,22117224.00
2011/03/18,13.17,13.38,13.11,13.29,935459,13024909.00
2011/03/21,13.29,13.36,12.97,13.19,632253,8776856.00
2011/03/22,13.19,13.27,13.03,13.19,430990,5962774.00
2011/03/23,13.12,13.34,13.12,13.34,567172,7916109.00
2011/03/24,13.36,13.91,13.33,13.79,1837436,26427108.00
2011/03/25,13.89,13.89,13.65,13.70,984687,14202657.00
2011/03/28,13.71,13.72,13.41,13.43,1044661,14821516.00
2011/03/29,13.42,13.42,12.97,13.16,1009635,13936284.00
2011/03/30,13.11,13.23,12.71,12.88,957667,12995277.00
2011/03/31,12.77,12.87,12.75,12.79,476830,6435474.00
2011/04/01,12.86,13.03,12.78,13.00,330141,4499351.00
2011/04/06,13.00,13.11,12.69,12.82,852329,11530427.00
2011/04/07,12.90,13.07,12.74,13.05,451713,6150590.00
2011/04/08,13.06,13.16,12.88,13.12,634483,8721960.00
2011/04/11,13.13,13.43,13.01,13.41,1323317,18404920.00
2011/04/12,13.40,13.61,13.32,13.53,1350514,19111204.00
2011/04/13,13.57,14.56,13.43,14.22,5486386,81058304.00
2011/04/14,14.16,14.43,14.11,14.21,2740471,40975308.00
2011/04/15,14.21,15.01,13.99,14.68,7029928,107471000.00
2011/04/18,14.68,14.70,14.32,14.56,2318893,35157232.00
2011/04/19,14.46,14.47,14.04,14.24,1880164,27972318.00
2011/04/20,14.27,15.06,14.24,14.79,5543476,85850760.00
2011/04/21,14.76,15.01,14.62,14.95,3532328,54794304.00
2011/04/22,14.82,14.93,14.51,14.85,1683338,25917692.00
2011/04/25,14.83,14.83,14.38,14.61,3517604,53845736.00
2011/04/26,14.37,14.65,13.32,14.17,1326843,20058320.00
2011/04/27,14.11,14.31,13.53,13.60,1502431,21930246.00
2011/04/28,13.59,14.51,12.81,14.10,3426840,50045212.00
2011/04/29,14.01,14.31,13.91,14.01,2076181,30706656.00
2011/05/03,14.18,14.46,13.85,14.37,1869095,28037754.00
2011/05/04,14.07,14.67,14.07,14.50,1905834,28821504.00
2011/05/05,14.48,14.78,14.36,14.57,1740683,26668584.00
2011/05/06,14.60,14.85,14.19,14.67,3840524,59134876.00
2011/05/09,14.67,15.20,14.52,14.75,3338657,52064984.00
2011/05/10,14.89,15.01,14.62,14.82,2192872,34014332.00
2011/05/11,14.86,15.04,14.64,14.89,2822753,44009492.00
2011/05/12,14.67,15.08,14.59,14.74,2869698,44740496.00
2011/05/13,14.64,14.82,14.22,14.33,2812920,42841860.00
2011/05/16,14.27,14.46,14.19,14.25,939739,14083532.00
2011/05/17,14.28,14.31,13.81,14.29,2472768,36615948.00
2011/05/18,14.30,15.09,14.28,15.06,7613917,117772096.00
2011/05/19,14.96,16.11,14.91,15.44,10891230,175711952.00
2011/05/20,15.31,16.27,15.01,16.09,11434434,189112992.00
2011/05/23,16.01,16.51,15.51,15.76,9268682,154690944.00
2011/05/24,15.83,16.81,15.12,16.62,15010925,251874832.00
2011/05/25,16.41,17.11,16.14,16.73,14638571,254383440.00
2011/05/26,16.84,16.99,15.51,16.27,11914915,202936304.00
2011/05/27,16.06,16.91,15.83,16.05,11432962,195833024.00
2011/05/30,15.96,16.69,15.17,15.80,11444507,192676272.00
2011/05/31,15.92,16.54,15.51,16.49,13051673,220351328.00
2011/06/01,16.46,16.46,15.84,16.00,8962301,150448080.00
2011/06/02,15.65,15.65,14.84,15.12,7890415,124770784.00
2011/06/07,15.24,15.61,15.11,15.45,6547501,105621896.00
2011/06/08,15.51,15.58,15.13,15.46,6281843,100692736.00
2011/06/09,15.31,15.31,14.41,14.42,4764728,73806040.00
2011/06/10,14.41,14.41,13.75,14.16,3113783,45830348.00
2011/06/13,13.91,14.30,13.80,14.08,2078838,30754668.00
2011/06/14,14.00,14.51,13.95,14.32,3611327,54060260.00
2011/06/15,14.32,14.61,14.01,14.12,2336185,35079492.00
2011/06/16,14.12,14.12,12.94,12.99,2796203,39842424.00
2011/06/17,13.10,13.21,12.57,12.71,1978827,26763060.00
2011/06/20,12.74,12.93,12.56,12.90,1248272,16685340.00
2011/06/21,12.91,13.07,12.76,13.06,1300050,17726652.00
2011/06/22,13.16,13.17,12.77,12.94,1648520,22499868.00
2011/06/23,12.95,13.11,12.71,12.99,1421537,19380742.00
2011/06/24,12.99,13.33,12.84,13.24,1992552,27680420.00
2011/06/27,13.41,13.51,13.14,13.48,2300511,32333576.00
2011/06/28,13.40,13.50,13.23,13.33,1210050,16983912.00
2011/06/29,13.43,13.43,12.93,12.96,1552221,21536768.00
2011/06/30,12.96,13.20,12.93,13.09,1394328,19188144.00
2011/07/01,13.09,13.35,13.02,13.21,1331609,18490312.00
2011/07/04,13.21,13.46,13.21,13.42,2090538,29400392.00
2011/07/05,13.46,13.99,13.42,13.93,3085481,44368864.00
2011/07/06,13.87,13.93,13.69,13.78,1919403,27769654.00
2011/07/07,13.71,14.04,13.61,13.76,2071588,30018012.00
2011/07/08,13.72,13.76,13.45,13.53,1653369,23500984.00
2011/07/11,13.41,13.56,13.39,13.53,1216989,17242494.00
2011/07/12,13.46,13.46,12.94,13.05,1718110,23839452.00
2011/07/13,13.07,13.28,13.06,13.21,1301364,18062788.00
2011/07/14,13.23,14.16,13.23,14.05,4347846,63067028.00
2011/07/15,13.93,14.09,13.83,13.98,2398930,35138796.00
2011/07/18,14.40,14.77,14.18,14.50,4750162,71883824.00
2011/07/19,14.53,14.53,14.18,14.25,1724230,25739824.00
2011/07/20,14.36,15.02,14.36,14.72,3975464,61149768.00
2011/07/21,14.76,14.76,14.17,14.23,2435613,36503848.00
2011/07/22,14.24,14.31,14.03,14.16,1461300,21634364.00
2011/07/25,14.08,14.35,13.38,13.51,1661806,24086868.00
2011/07/26,13.61,13.65,13.46,13.60,973888,13818160.00
2011/07/27,13.60,13.80,13.41,13.77,1167962,16669012.00
2011/07/28,13.64,13.80,13.51,13.62,1156917,16500991.00
2011/07/29,13.62,13.84,13.37,13.56,1516570,21562652.00
2011/08/01,13.74,14.13,13.66,13.96,2533244,36967140.00
2011/08/02,13.91,13.91,13.47,13.68,1614034,23043604.00
2011/08/03,13.48,14.00,13.39,13.88,1594258,23047812.00
2011/08/04,13.89,14.04,13.82,13.97,1290947,18828916.00
2011/08/05,13.54,13.67,13.04,13.10,2255735,31679590.00
2011/08/08,12.85,12.92,11.76,11.92,2636320,34078580.00
2011/08/09,11.38,11.79,10.98,11.73,1927475,23310674.00
2011/08/10,11.91,12.41,11.91,11.96,2109118,26890596.00
2011/08/11,11.50,12.11,11.50,12.08,1605048,20047660.00
2011/08/12,12.16,12.34,12.15,12.24,1567577,20186504.00
2011/08/15,12.26,12.64,12.26,12.51,1399462,18356900.00
2011/08/16,12.71,12.71,12.22,12.29,1071303,13944095.00
2011/08/17,12.17,12.46,12.16,12.31,798413,10383664.00
2011/08/18,12.41,12.44,11.93,11.95,802688,10275817.00
2011/08/19,11.66,11.76,11.54,11.73,1279725,15711037.00
2011/08/22,11.71,11.88,11.51,11.57,590425,7264403.00
2011/08/23,11.61,11.91,11.61,11.90,682646,8481328.00
2011/08/24,12.02,12.07,11.76,11.81,799848,10043371.00
2011/08/25,11.93,12.69,11.83,12.55,2683539,34984712.00
2011/08/26,12.42,12.56,12.31,12.41,1480491,19334700.00
2011/08/29,12.44,12.56,12.24,12.37,840545,10963741.00
2011/08/30,12.46,12.60,12.12,12.16,1559720,20398186.00
2011/08/31,12.25,12.31,12.09,12.22,819939,10546089.00
2011/09/01,12.31,12.38,11.96,12.05,722200,9272780.00
2011/09/02,12.06,12.09,11.64,11.68,911324,11311694.00
2011/09/05,11.63,11.63,11.14,11.26,1086548,12966910.00
2011/09/06,11.16,11.41,11.09,11.22,841230,9987765.00
2011/09/07,11.35,11.54,11.29,11.51,843049,10171444.00
2011/09/08,11.63,11.64,11.46,11.50,662500,8069640.00
2011/09/09,11.50,11.82,11.47,11.79,1334456,16444350.00
2011/09/13,11.66,12.11,11.60,12.06,1473946,18468120.00
2011/09/14,11.98,12.08,11.83,12.06,1093128,13784527.00
2011/09/15,12.06,12.15,11.93,11.93,796461,10069550.00
2011/09/16,11.96,11.96,11.72,11.74,912035,11367680.00
2011/09/19,11.61,11.83,11.36,11.39,669317,8219839.00
2011/09/20,11.61,11.82,11.39,11.63,951007,11729012.00
2011/09/21,11.50,12.03,11.50,12.00,1359405,17045320.00
2011/09/22,11.96,11.96,11.47,11.51,930098,11487752.00
2011/09/23,11.30,11.60,11.19,11.49,851936,10242189.00
2011/09/26,11.51,11.58,11.27,11.35,964317,11578169.00
2011/09/27,11.39,11.47,11.26,11.39,1201022,14403118.00
2011/09/28,11.37,11.51,11.26,11.29,1342759,16146330.00
2011/09/29,11.30,11.71,11.07,11.11,1351807,16310924.00
2011/09/30,11.35,11.35,10.61,10.67,796835,9126336.00
2011/10/10,10.95,10.95,10.67,10.74,745970,8520042.00
2011/10/11,11.01,11.01,10.68,10.75,998618,11441098.00
2011/10/12,10.80,11.65,10.71,11.58,5776924,69620528.00
2011/10/13,11.58,12.01,11.45,11.91,5724697,70704792.00
2011/10/14,11.84,11.84,11.36,11.56,3082404,37670456.00
2011/10/17,11.57,11.66,11.43,11.62,2258380,27541698.00
2011/10/18,11.64,11.96,11.54,11.72,3720575,46086884.00
2011/10/19,12.04,12.23,11.54,11.59,4643982,58356328.00
2011/10/20,11.32,11.32,10.67,10.91,2639545,30606544.00
2011/10/21,10.79,10.86,10.48,10.55,1673362,18863092.00
2011/10/24,10.75,10.84,10.05,10.77,2069092,23037108.00
2011/10/25,10.74,11.08,10.56,10.98,2517602,29036004.00
2011/10/26,10.85,11.16,10.76,10.93,2377839,27640246.00
2011/10/27,11.01,11.22,10.88,11.03,2041049,23852500.00
2011/10/28,11.15,11.41,11.09,11.35,2278404,27060728.00
2011/10/31,11.50,11.80,11.44,11.56,2904979,35629444.00
2011/11/01,11.56,11.65,11.40,11.57,1606569,19530632.00
2011/11/02,11.40,11.72,11.26,11.70,2206634,26781676.00
2011/11/03,11.81,12.18,11.67,11.79,3455791,43680088.00
2011/11/04,11.82,12.07,11.68,11.95,2310222,28886348.00
2011/11/07,11.94,12.08,11.74,11.76,1492553,18656978.00
2011/11/08,11.75,11.93,11.47,11.52,2170008,26812624.00
2011/11/09,11.52,11.68,11.37,11.63,1680489,20440548.00
2011/11/10,11.53,11.76,11.41,11.64,1856418,22662030.00
2011/11/11,11.70,12.60,11.70,12.29,6395948,82151488.00
2011/11/14,12.36,12.51,12.16,12.43,3646286,47271808.00
2011/11/15,12.40,12.48,12.18,12.45,2451429,31779258.00
2011/11/16,12.49,12.53,11.91,11.93,2508326,32115416.00
2011/11/17,11.99,12.12,11.87,11.94,1449955,18310304.00
2011/11/18,11.79,11.83,11.35,11.42,2017262,24602450.00
2011/11/21,11.37,11.52,11.24,11.48,1037224,12450656.00
2011/11/22,11.34,11.64,11.25,11.61,1368966,16594324.00
2011/11/23,11.55,11.67,11.40,11.44,1165494,14158559.00
2011/11/24,11.27,11.50,11.18,11.34,1098479,13153158.00
2011/11/25,11.26,11.40,10.92,11.01,1842425,21654962.00
2011/11/28,11.06,11.23,10.96,11.19,1076187,12669434.00
2011/11/29,11.30,11.47,11.28,11.45,1611313,19368716.00
2011/11/30,11.50,11.50,10.69,10.77,1784930,20756532.00
2011/12/01,11.14,11.23,10.92,10.96,1602369,18764724.00
2011/12/02,10.96,10.96,10.61,10.69,942518,10703454.00
2011/12/05,10.57,10.74,10.29,10.30,804290,8914910.00
2011/12/06,10.30,10.45,10.22,10.36,864438,9516729.00
2011/12/07,10.36,10.43,10.22,10.30,860951,9433507.00
2011/12/08,10.26,10.44,10.07,10.35,852587,9311493.00
2011/12/09,10.17,10.38,10.17,10.25,504047,5502520.00
2011/12/12,10.16,10.53,10.16,10.36,789599,8697568.00
2011/12/13,10.26,10.63,10.08,10.62,1740641,19173492.00
2011/12/14,10.55,10.80,10.42,10.71,2280596,25813632.00
2011/12/15,10.67,10.67,9.86,9.93,1895401,20653420.00
2011/12/16,9.94,10.12,9.52,10.11,1610370,16777252.00
2011/12/19,10.04,10.04,9.64,9.95,1132042,11887992.00
2011/12/20,9.81,10.14,9.81,9.84,915596,9748553.00
2011/12/21,9.97,10.10,9.68,9.83,985371,10409336.00
2011/12/22,9.83,10.08,9.52,9.99,1143957,12009316.00
2011/12/23,9.80,10.11,9.80,9.98,1069680,11403056.00
2011/12/26,9.99,10.20,9.88,10.14,1269999,13620323.00
2011/12/27,10.14,10.14,9.54,9.57,1043319,10967785.00
2011/12/28,9.57,9.71,9.06,9.45,1295516,12916156.00
2011/12/29,9.36,9.50,9.29,9.34,705092,7065234.00
2011/12/30,9.41,9.52,9.36,9.47,679596,6855241.00
2012/01/04,9.50,9.61,8.93,8.96,904744,9049711.00
2012/01/05,8.91,9.05,8.46,8.47,1042882,9702387.00
2012/01/06,8.51,8.65,8.36,8.65,797668,7290079.00
2012/01/09,8.61,9.03,8.57,8.99,921859,8728884.00
2012/01/10,9.01,9.52,8.99,9.47,1669781,16720789.00
2012/01/11,9.47,9.52,9.26,9.42,1353085,13544723.00
2012/01/12,9.31,9.52,9.28,9.37,840175,8429298.00
2012/01/13,9.47,9.49,8.97,9.06,1024947,10031160.00
2012/01/16,8.86,9.01,8.56,8.60,556597,5270923.00
2012/01/17,8.62,9.28,8.54,9.22,1257467,12103259.00
2012/01/18,9.16,9.34,8.89,8.92,765083,7497739.00
2012/01/19,9.14,9.29,8.97,9.19,832478,8128042.00
2012/01/20,9.19,9.49,9.17,9.37,1224591,12253001.00
2012/01/30,9.47,9.52,9.31,9.39,1007586,10124803.00
2012/01/31,9.38,9.38,9.15,9.23,870883,8582630.00
2012/02/01,9.24,9.41,9.15,9.21,1098680,10860127.00
2012/02/02,9.26,9.84,9.26,9.71,2926959,30043988.00
2012/02/03,9.74,9.74,9.54,9.68,1791309,18409150.00
2012/02/06,9.68,9.86,9.56,9.84,1859872,19312220.00
2012/02/07,9.71,9.83,9.43,9.55,1429714,14586066.00
2012/02/08,9.46,9.78,9.46,9.75,1450430,14981551.00
2012/02/09,9.80,9.91,9.65,9.68,2276849,23722604.00
2012/02/10,9.67,9.88,9.63,9.75,1894858,19694034.00
2012/02/13,9.76,10.06,9.72,9.91,2199756,23241256.00
2012/02/14,9.78,9.89,9.72,9.84,1527947,15937108.00
2012/02/15,9.77,9.99,9.73,9.93,2031697,21411284.00
2012/02/16,9.96,10.15,9.90,10.10,2540666,27159648.00
2012/02/17,10.12,10.13,9.95,10.03,1287408,13748851.00
2012/02/20,10.14,10.18,9.89,9.92,2419732,25852676.00
2012/02/21,9.96,9.97,9.72,9.96,2283480,23901012.00
2012/02/22,9.98,10.16,9.91,10.16,2415224,25911792.00
2012/02/23,10.19,10.46,10.09,10.38,3702602,40522940.00
2012/02/24,10.38,10.54,10.32,10.54,3744759,41524268.00
2012/02/27,10.62,10.68,10.38,10.40,3522609,39427432.00
2012/02/28,10.40,10.60,10.21,10.55,3180058,35046912.00
2012/02/29,10.59,10.94,10.36,10.90,5058980,57485472.00
2012/03/01,10.95,11.54,10.91,11.33,7440876,89135728.00
2012/03/02,11.31,11.50,11.17,11.40,4327255,51939916.00
2012/03/05,11.41,11.46,11.12,11.18,4632407,54984644.00
2012/03/06,11.07,11.44,10.75,11.43,5608691,65873132.00
2012/03/07,11.16,11.73,11.12,11.23,4110491,49691920.00
2012/03/08,11.30,11.36,11.04,11.27,2411480,28601880.00
2012/03/09,11.23,11.41,11.17,11.37,2238247,26725684.00
2012/03/12,11.35,11.54,11.30,11.43,2481088,29876290.00
2012/03/13,11.54,11.54,11.31,11.43,1849220,22273090.00
2012/03/14,11.45,11.51,10.55,10.68,3752288,44299288.00
2012/03/15,10.66,10.84,10.45,10.55,2207931,24840416.00
2012/03/16,10.61,11.01,10.55,10.98,2392705,27415296.00
2012/03/19,11.08,11.22,10.99,11.13,2287326,26829784.00
2012/03/20,11.05,11.05,10.66,10.69,1563468,17955556.00
2012/03/21,10.72,10.89,10.56,10.76,1140683,12963103.00
2012/03/22,10.69,10.83,10.60,10.73,929150,10543377.00
2012/03/23,10.72,10.75,10.36,10.39,1212920,13513680.00
2012/03/26,10.24,10.47,10.24,10.33,649206,7115212.00
2012/03/27,10.44,10.51,10.29,10.31,630047,6955683.00
2012/03/28,10.36,10.36,9.83,9.91,1201565,12844265.00
2012/03/29,9.96,9.96,9.51,9.64,848107,8757196.00
2012/03/30,9.64,9.71,9.32,9.43,715355,7224150.00
2012/04/05,9.46,9.74,9.37,9.69,1110603,11426329.00
2012/04/06,9.79,10.56,9.69,10.30,2245985,24182032.00
2012/04/09,10.26,10.57,10.12,10.12,1885104,20676376.00
2012/04/10,10.16,10.22,9.65,10.11,1407336,14798724.00
2012/04/11,9.94,10.10,9.79,10.07,812122,8639840.00
2012/04/12,9.98,10.26,9.96,10.23,2075641,22361730.00
2012/04/13,10.33,11.06,10.32,10.77,3857181,44157048.00
2012/04/16,10.58,10.85,10.54,10.83,2347108,26628462.00
2012/04/17,10.86,10.86,10.46,10.47,1521648,17197704.00
2012/04/18,10.54,10.75,10.36,10.75,1852102,20845960.00
2012/04/19,10.75,10.86,10.67,10.82,1692629,19322852.00
2012/04/20,10.72,10.92,10.67,10.83,1933276,22130982.00
2012/04/23,10.73,10.82,10.47,10.53,1740656,19639490.00
2012/04/24,10.41,10.65,10.09,10.42,1554018,17121744.00
2012/04/25,10.51,11.15,10.34,11.01,4534129,52389576.00
2012/04/26,11.02,11.09,10.75,10.89,2248318,25982904.00
2012/04/27,10.99,11.00,10.46,10.47,1842450,20905096.00
2012/05/02,10.59,10.67,9.44,9.72,5442379,56452856.00
2012/05/03,9.61,9.74,9.55,9.73,2236682,23006696.00
2012/05/04,9.71,9.79,9.60,9.77,2080459,21459384.00
2012/05/07,9.72,9.79,9.66,9.75,1817048,18801434.00
2012/05/08,9.81,10.03,9.71,9.94,2553487,26783036.00
2012/05/09,9.89,9.93,9.72,9.74,1422191,14818263.00
2012/05/10,9.71,9.81,9.58,9.61,1246837,12844168.00
2012/05/11,9.66,9.66,9.51,9.53,1040049,10621739.00
2012/05/14,9.58,9.67,9.53,9.55,968353,9899311.00
2012/05/15,9.55,9.55,9.27,9.44,931798,9346290.00
2012/05/16,9.45,9.62,9.44,9.60,1889182,19228176.00
2012/05/17,9.64,9.75,9.46,9.70,2207149,22753172.00
2012/05/21,9.59,9.86,9.41,9.84,2723736,28118052.00
2012/05/22,9.85,10.39,9.77,10.28,5312888,56936280.00
2012/05/23,10.19,10.70,10.18,10.59,5830344,64452588.00
2012/05/24,10.59,10.91,10.46,10.61,5139923,58087476.00
2012/05/25,10.71,10.74,10.48,10.55,2515870,28184200.00
2012/05/28,10.56,11.08,10.49,10.89,12394920,142202432.00
2012/05/29,10.81,11.07,10.71,10.90,12067273,139051888.00
2012/05/30,10.90,11.16,10.78,11.07,11489138,133878328.00
2012/05/31,11.06,11.13,10.94,11.00,9027450,105278264.00
2012/06/01,11.03,11.26,10.94,11.15,7858513,92497920.00
2012/06/04,11.04,11.26,10.85,11.03,7798359,91556216.00
2012/06/05,11.04,11.06,10.54,10.56,5579896,63467692.00
2012/06/06,10.54,10.62,10.31,10.38,3569614,39528956.00
2012/06/07,10.50,10.56,10.04,10.06,2702504,29639040.00
2012/06/08,10.13,10.20,9.74,9.78,2534654,26789822.00
2012/06/11,9.77,10.10,9.77,10.05,2419910,25743444.00
2012/06/12,10.03,10.03,9.81,9.89,1440750,15204974.00
2012/06/13,9.94,10.34,9.89,10.29,2888588,31210918.00
2012/06/14,10.22,10.32,10.12,10.12,1907588,20697540.00
2012/06/15,10.23,10.23,10.01,10.17,1484372,15932263.00
2012/06/18,10.23,10.31,10.11,10.30,1517993,16487083.00
2012/06/19,10.31,10.31,10.15,10.15,1164811,12643273.00
2012/06/20,10.27,10.27,9.85,9.88,1508811,15990266.00
2012/06/21,9.87,9.87,9.55,9.57,1558705,16030792.00
2012/06/25,9.53,9.75,9.48,9.56,819441,8381393.00
2012/06/26,9.54,9.97,9.46,9.89,2826152,29402832.00
2012/06/27,9.85,10.22,9.81,10.06,3239401,34717568.00
2012/06/28,9.96,10.21,9.91,10.04,2594781,27897582.00
2012/06/29,9.85,10.35,9.73,10.24,1928209,20887884.00
2012/07/02,10.31,10.32,10.12,10.15,1763790,19130688.00
2012/07/03,10.11,10.51,10.11,10.48,5056348,55621380.00
2012/07/04,10.48,10.68,10.36,10.49,5165862,57696808.00
2012/07/05,10.55,10.55,10.20,10.40,3881288,42787680.00
2012/07/06,10.42,10.54,10.16,10.46,1996726,22053160.00
2012/07/09,10.44,10.50,10.27,10.42,1394107,15398006.00
2012/07/10,10.42,10.71,10.17,10.24,3201611,35585500.00
2012/07/11,10.29,10.29,9.86,10.18,2654750,28312832.00
2012/07/12,10.22,10.52,10.06,10.41,2477860,27052812.00
2012/07/13,10.37,10.41,10.19,10.35,1045468,11355248.00
2012/07/16,10.36,10.61,10.25,10.37,2719818,29996564.00
2012/07/17,10.42,10.56,9.40,10.52,8123044,88396528.00
2012/07/18,10.34,10.59,10.04,10.56,3184791,34827080.00
2012/07/19,11.21,11.67,11.16,11.67,15699904,191473552.00
2012/07/20,12.44,12.89,12.30,12.89,32285456,428458688.00
2012/07/23,12.46,12.48,11.89,12.18,17571636,224463424.00
2012/07/24,12.08,12.32,11.89,12.21,11658194,147263456.00
2012/07/25,12.20,12.32,11.75,12.20,9934720,124508240.00
2012/07/26,11.99,12.11,11.53,11.63,7804746,97097712.00
2012/07/27,11.70,11.74,11.17,11.28,7295021,87286096.00
2012/07/30,11.31,11.39,10.74,10.87,5813558,67208456.00
2012/07/31,10.82,11.34,10.60,11.04,7010769,80920776.00
2012/08/01,10.95,11.29,10.85,11.12,5988588,69747832.00
2012/08/02,10.96,11.31,10.90,11.27,5593311,65386864.00
2012/08/03,11.22,11.56,11.09,11.44,8094758,96117568.00
2012/08/06,11.35,11.69,11.28,11.59,7480490,89984168.00
2012/08/07,11.49,11.64,11.30,11.50,6453366,77633424.00
2012/08/08,11.40,11.78,11.37,11.41,6343688,76973104.00
2012/08/09,11.34,11.37,10.95,11.33,5837722,68608768.00
2012/08/10,11.22,11.98,11.17,11.73,10752855,132148256.00
2012/08/13,11.66,11.99,11.55,11.60,7790068,96222752.00
2012/08/14,11.49,11.65,10.86,11.27,5526525,64965492.00
2012/08/15,11.16,11.37,11.07,11.09,2439906,28800060.00
2012/08/16,10.99,11.16,10.92,10.99,2231970,25882576.00
2012/08/17,11.02,11.63,11.01,11.61,5209343,61970416.00
2012/08/20,11.49,11.80,11.36,11.71,5689023,69452512.00
2012/08/21,11.65,11.83,11.55,11.65,5844011,71527936.00
2012/08/22,11.63,11.78,11.07,11.15,5068066,60698740.00
2012/08/23,11.06,11.23,10.89,11.18,3649184,42314668.00
2012/08/24,11.15,11.15,10.89,11.03,2486269,28732724.00
2012/08/27,10.90,10.93,10.59,10.59,2375167,26753582.00
2012/08/28,10.47,10.79,10.46,10.67,1407181,15785174.00
2012/08/29,10.69,10.89,10.60,10.78,2133810,24244784.00
2012/08/30,10.84,10.84,10.19,10.39,1899923,21014220.00
2012/08/31,10.25,10.50,10.24,10.41,1132592,12426423.00
2012/09/03,10.33,10.79,10.32,10.72,2428228,27205760.00
2012/09/04,10.71,11.05,10.68,10.71,2997922,34197424.00
2012/09/05,10.74,10.85,10.59,10.76,1238837,13998281.00
2012/09/06,10.68,11.14,10.68,10.95,2962730,34080152.00
2012/09/07,11.07,11.41,10.90,11.22,4585528,53866988.00
2012/09/10,11.21,11.28,11.08,11.24,2812207,33024656.00
2012/09/11,11.15,11.20,10.96,11.04,2240832,26077048.00
2012/09/12,11.04,11.30,11.04,11.29,2486949,29257156.00
2012/09/13,11.38,11.38,10.72,10.77,3410282,39620048.00
2012/09/14,10.89,10.95,10.52,10.63,3953908,44275792.00
2012/09/17,10.59,10.68,10.42,10.42,1958429,21686528.00
2012/09/18,10.36,10.59,10.14,10.24,2587553,28219982.00
2012/09/19,10.32,10.45,10.16,10.41,1602186,17462410.00
2012/09/20,10.32,10.37,9.96,10.04,1587751,16993008.00
2012/09/21,9.89,10.40,9.89,10.26,2319826,24879160.00
2012/09/24,10.08,10.26,9.95,10.20,1282280,13733685.00
2012/09/25,10.04,10.25,10.04,10.10,971146,10384114.00
2012/09/26,10.01,10.13,9.59,9.64,1515559,15750562.00
2012/09/27,9.64,10.04,9.59,9.90,1536835,15955773.00
2012/09/28,9.90,10.11,9.80,10.07,1314180,13871598.00
2012/10/08,9.98,10.25,9.98,10.12,1187534,12710831.00
2012/10/09,10.16,10.36,10.15,10.36,1752037,19015412.00
2012/10/10,10.31,10.46,10.28,10.40,1792980,19594534.00
2012/10/11,10.44,10.44,10.17,10.18,1206350,13070687.00
2012/10/12,10.14,10.30,10.00,10.14,1067436,11407180.00
2012/10/15,10.23,10.23,9.77,9.89,1644819,17272740.00
2012/10/16,9.88,10.38,9.87,10.29,2640114,28381710.00
2012/10/17,10.67,11.38,10.66,11.05,12393690,145786304.00
2012/10/18,10.62,11.07,10.49,10.92,8105167,91796432.00
2012/10/19,10.86,11.08,10.70,10.73,4772162,54633128.00
2012/10/22,10.55,10.82,10.54,10.80,1960508,22161200.00
2012/10/23,10.72,11.00,10.70,10.73,2713140,30953858.00
2012/10/24,10.64,10.77,10.46,10.48,2677911,29852258.00
2012/10/25,10.47,10.60,10.39,10.42,1970331,21756876.00
2012/10/26,10.36,10.72,10.32,10.55,2938451,32585108.00
2012/10/29,10.54,10.54,10.29,10.44,1267471,13899049.00
2012/10/30,10.44,10.90,10.40,10.87,2797537,31549684.00
2012/10/31,10.79,10.93,10.64,10.87,3040145,34550480.00
2012/11/01,10.88,11.09,10.81,10.99,4348080,50117364.00
2012/11/02,10.95,11.03,10.81,11.00,2941956,33764352.00
2012/11/05,10.93,11.04,10.84,10.93,1658543,19027972.00
2012/11/06,10.86,10.94,10.57,10.81,2560782,28856156.00
2012/11/07,10.82,11.41,10.80,11.06,5113239,59888672.00
2012/11/08,10.85,11.10,10.68,10.69,3226609,36815452.00
2012/11/09,10.55,11.28,10.55,11.09,4935097,57254940.00
2012/11/12,11.09,11.70,11.04,11.42,7979478,95473504.00
2012/11/13,11.39,11.44,11.14,11.20,3739937,44137008.00
2012/11/14,11.11,11.41,10.95,11.21,3353606,39379728.00
2012/11/15,11.06,11.21,10.92,10.95,2409424,27965672.00
2012/11/16,10.84,10.91,10.34,10.37,3409493,38084088.00
2012/11/19,10.37,10.37,9.92,10.15,2793461,29700892.00
2012/11/20,10.24,10.36,10.05,10.32,1926807,20800846.00
2012/11/21,10.22,10.40,10.10,10.39,1752538,18990152.00
2012/11/22,10.30,10.74,10.18,10.56,3600117,39897752.00
2012/11/23,10.73,11.09,10.72,10.82,5259076,60251092.00
2012/11/26,10.74,10.99,10.63,10.79,3068329,35043020.00
2012/11/27,10.71,10.89,10.11,10.16,3023736,33191616.00
2012/11/28,10.01,10.31,9.95,10.24,1895452,20359760.00
2012/11/29,10.29,10.30,9.64,9.74,2096671,22114680.00
2012/11/30,9.76,9.92,9.66,9.87,1679133,17394860.00
2012/12/03,9.81,9.90,9.63,9.65,1387977,14295185.00
2012/12/04,9.62,9.86,9.25,9.84,1686014,17029780.00
2012/12/05,9.84,10.27,9.72,10.16,2566484,27337844.00
2012/12/06,10.12,10.24,9.98,10.09,1581680,16837348.00
2012/12/07,10.10,10.49,10.07,10.45,3200384,35035268.00
2012/12/10,10.43,10.81,10.36,10.77,3464883,38499516.00
2012/12/11,10.73,10.73,10.51,10.51,2371227,26477828.00
2012/12/12,10.45,10.56,10.25,10.47,2398233,26324376.00
2012/12/13,10.43,10.67,10.29,10.44,1795074,19841610.00
2012/12/14,10.36,11.52,10.36,11.27,7350215,85209272.00
2012/12/17,11.24,11.29,10.96,11.16,4469276,52212048.00
2012/12/18,11.16,11.50,11.05,11.24,5009844,59377600.00
2012/12/19,11.22,11.73,11.14,11.33,4139322,49862980.00
2012/12/20,11.25,11.44,11.16,11.38,3317477,39389640.00
2012/12/21,11.40,11.51,11.21,11.28,3475073,41319424.00
2012/12/24,11.24,11.90,11.21,11.74,5944119,72614856.00
2012/12/25,11.88,12.23,11.72,11.73,9430650,117828504.00
2012/12/26,11.67,11.86,11.57,11.78,4819515,59149096.00
2012/12/27,11.79,11.84,11.46,11.46,3859012,46979408.00
2012/12/28,11.48,11.73,11.48,11.70,2886177,35209072.00
2012/12/31,11.72,11.79,11.56,11.74,2972305,36398796.00
2013/01/04,11.79,11.83,11.49,11.54,2784873,33873908.00
2013/01/07,11.57,11.78,11.36,11.77,3490697,42232104.00
2013/01/08,11.76,12.03,11.67,11.82,5385328,66810832.00
2013/01/09,11.81,12.03,11.66,11.84,4883328,60660688.00
2013/01/10,11.76,11.92,11.62,11.75,3370657,41566384.00
2013/01/11,11.75,11.83,11.43,11.44,2942688,35721736.00
2013/01/14,11.30,11.76,11.30,11.75,3582269,43628212.00
2013/01/15,11.81,12.19,11.70,12.07,6462930,81092456.00
2013/01/16,12.07,12.45,11.91,12.44,6556337,83209152.00
2013/01/17,12.27,12.49,12.04,12.11,3567754,45631092.00
2013/01/18,12.64,12.89,12.18,12.40,6068494,78943888.00
2013/01/21,12.31,12.52,12.26,12.41,3757272,48488872.00
2013/01/22,12.31,12.31,11.93,12.12,3527136,44746588.00
2013/01/23,12.04,12.04,11.72,11.97,3061946,38089608.00
2013/01/24,11.95,12.16,11.62,11.67,3017022,37565808.00
2013/01/25,11.69,11.77,11.61,11.68,1361056,16666981.00
2013/01/28,11.74,12.07,11.73,12.05,2263423,28209432.00
2013/01/29,12.07,12.28,12.00,12.19,2452624,31195180.00
2013/01/30,12.21,12.21,11.93,12.02,2018380,25416656.00
2013/01/31,12.05,12.08,11.78,11.91,1705890,21220916.00
2013/02/01,11.95,12.16,11.93,12.07,2434892,30674708.00
2013/02/04,12.05,12.22,11.92,12.12,2594392,32709076.00
2013/02/05,12.21,13.32,12.20,13.00,8477066,113352632.00
2013/02/06,13.00,13.56,12.96,13.50,8091021,111762008.00
2013/02/07,13.04,13.24,12.75,13.05,5856919,79364600.00
2013/02/08,13.08,13.23,12.95,13.14,3250461,44423580.00
2013/02/18,13.24,13.36,12.85,12.92,3731384,50856008.00
2013/02/19,12.95,12.95,12.40,12.62,3588522,47153688.00
2013/02/20,12.57,12.96,12.46,12.95,3144663,41859032.00
2013/02/21,12.86,12.87,12.52,12.60,2201325,29096790.00
2013/02/22,12.59,12.67,12.24,12.26,3265535,42479608.00
2013/02/25,12.29,12.72,12.26,12.70,3383311,44093768.00
2013/02/26,12.59,12.90,12.37,12.41,3018922,40083860.00
2013/02/27,12.41,13.18,12.41,12.91,3060988,40885960.00
2013/02/28,13.29,13.64,13.15,13.44,7033884,98217416.00
2013/03/01,13.33,13.73,13.16,13.55,5641493,78866336.00
2013/03/04,13.45,13.71,13.22,13.47,4997284,70060928.00
2013/03/05,13.49,13.98,13.49,13.83,4861850,69931968.00
2013/03/06,13.77,13.89,13.46,13.60,4787304,67798632.00
2013/03/07,13.56,13.62,13.18,13.31,2933860,40840012.00
2013/03/08,13.30,13.79,13.29,13.35,2596461,36622620.00
2013/03/11,13.24,13.28,12.94,13.10,2265917,30910132.00
2013/03/12,13.15,13.32,12.32,12.46,4032158,53525288.00
2013/03/13,12.46,12.58,12.22,12.32,1918761,24769512.00
2013/03/14,12.27,12.48,12.27,12.45,1381798,17906532.00
2013/03/15,12.45,12.81,12.25,12.68,2390342,31544436.00
2013/03/18,12.57,12.67,12.38,12.42,1283756,16778328.00
2013/03/19,12.42,12.69,12.38,12.66,1252511,16386312.00
2013/03/20,12.70,13.03,12.67,13.02,2756717,37005784.00
2013/03/21,13.02,13.09,12.87,13.02,2211904,29977536.00
2013/03/22,13.02,13.19,12.83,12.95,1840676,24883440.00
2013/03/25,12.88,12.99,12.67,12.74,1371446,18276864.00
2013/03/26,12.70,12.70,12.46,12.60,1294094,16972064.00
2013/03/27,12.61,12.74,12.54,12.73,1494385,19724336.00
2013/03/28,12.57,12.57,12.05,12.08,2030604,26056552.00
2013/03/29,12.14,12.46,12.04,12.33,1425012,18325482.00
2013/04/01,12.34,12.50,12.20,12.36,947221,12245672.00
2013/04/02,12.37,12.54,12.17,12.27,1435783,18540436.00
2013/04/03,12.33,12.35,12.06,12.11,825699,10513074.00
2013/04/08,12.19,13.19,12.19,13.16,5589797,74711328.00
2013/04/09,12.94,13.16,12.82,12.98,3401483,45950688.00
2013/04/10,12.96,12.98,12.62,12.78,2260243,30172988.00
2013/04/11,12.87,13.03,12.68,12.71,2051083,27531020.00
2013/04/12,12.65,12.67,12.26,12.33,2074917,26842644.00
2013/04/15,12.30,12.77,12.29,12.35,1291188,16910520.00
2013/04/16,12.00,12.23,11.80,12.20,1281949,16112862.00
2013/04/17,12.14,12.30,12.11,12.27,854293,10906069.00
2013/04/18,11.82,12.36,11.82,12.28,2226661,28102136.00
2013/04/19,12.15,12.52,12.15,12.38,1825998,23588396.00
2013/04/22,12.27,12.54,12.19,12.53,1495733,19377456.00
2013/04/23,12.53,12.68,12.28,12.36,3229546,42222416.00
2013/04/24,12.36,12.54,12.27,12.49,1556414,20197268.00
2013/04/25,12.49,12.49,12.12,12.19,1345988,17366604.00
2013/04/26,12.30,12.31,11.89,12.10,1410556,17772168.00
2013/05/02,12.08,12.08,11.61,11.67,1591021,19599460.00
2013/05/03,11.67,11.81,11.62,11.69,1909261,23460628.00
2013/05/06,11.72,12.01,11.68,11.97,1627608,20162510.00
2013/05/07,11.89,11.96,11.80,11.89,739412,9186367.00
2013/05/08,11.87,11.96,11.77,11.89,1235059,15348473.00
2013/05/09,11.91,11.94,11.62,11.70,1550193,19107018.00
2013/05/10,11.59,11.86,11.54,11.84,1126827,13866888.00
2013/05/13,11.84,12.20,11.80,12.05,2029440,25448900.00
2013/05/14,12.06,12.06,11.70,11.86,1720861,21378980.00
2013/05/15,11.83,11.86,11.60,11.74,1293530,15888208.00
2013/05/16,11.69,11.94,11.63,11.88,1434321,17775120.00
2013/05/17,11.94,12.06,11.81,12.04,2090790,26155564.00
2013/05/20,12.02,12.26,11.97,12.25,2593605,32976524.00
2013/05/21,12.25,12.29,12.08,12.25,2320820,29513768.00
2013/05/22,12.18,12.60,12.18,12.44,3949878,51387108.00
2013/05/23,12.32,12.37,12.06,12.11,2406759,30693868.00
2013/05/24,12.19,12.25,12.10,12.14,1249936,15903991.00
2013/05/27,12.10,12.37,12.10,12.35,2010401,25723968.00
2013/05/28,12.30,12.37,12.12,12.30,1692394,21681556.00
2013/05/29,12.31,12.47,12.24,12.35,2007634,25914764.00
2013/05/30,12.34,12.40,12.13,12.20,2336189,29900704.00
2013/05/31,12.18,12.31,12.04,12.08,1942673,24670478.00
2013/06/03,12.07,12.17,12.03,12.08,1552959,19667298.00
2013/06/04,12.05,12.05,11.59,11.64,2208892,27241108.00
2013/06/05,11.57,11.84,11.56,11.69,1042996,12734000.00
2013/06/06,11.64,11.69,11.46,11.47,948291,11516199.00
2013/06/07,11.51,11.55,10.89,10.92,2282157,26811330.00
2013/06/13,10.72,10.74,10.44,10.48,1451129,16061099.00
2013/06/14,10.50,10.80,10.49,10.75,956003,10724730.00
2013/06/17,10.69,10.74,10.55,10.64,986637,11060569.00
2013/06/18,10.67,11.21,10.57,11.17,2238507,25764044.00
2013/06/19,11.13,11.34,10.99,11.10,1170951,13668973.00
2013/06/20,11.14,11.14,10.60,10.64,1037019,11844805.00
2013/06/21,10.54,10.86,10.25,10.69,655665,7304025.00
2013/06/24,10.61,10.77,9.86,9.98,933413,10107054.00
2013/06/25,9.94,10.46,9.26,10.33,2242726,23719644.00
2013/06/26,10.33,10.45,10.11,10.34,1066434,11570914.00
2013/06/27,10.35,10.53,10.14,10.15,813230,8893114.00
2013/06/28,10.15,10.30,9.97,10.24,753440,8072493.00
2013/07/01,10.24,10.33,10.12,10.32,348993,3699265.00
2013/07/02,10.26,10.54,10.26,10.51,818727,8843753.00
2013/07/03,10.50,10.51,10.19,10.39,736201,7882729.00
2013/07/04,10.39,10.62,10.29,10.52,945551,10272596.00
2013/07/05,10.52,10.56,10.34,10.35,867652,9390407.00
2013/07/08,10.14,10.20,9.69,9.73,1129670,11563034.00
2013/07/09,9.73,9.79,9.60,9.74,596040,5991739.00
2013/07/10,9.73,10.00,9.69,9.95,736332,7556085.00
2013/07/11,9.95,10.29,9.91,10.22,1212693,12766433.00
2013/07/12,10.32,10.32,10.10,10.10,909110,9599239.00
2013/07/15,10.12,10.28,10.05,10.22,973259,10240994.00
2013/07/16,10.26,10.32,10.11,10.29,839716,8881317.00
2013/07/17,10.30,10.37,10.04,10.07,1239300,13154242.00
2013/07/18,10.07,10.40,10.03,10.37,1703255,18126000.00
2013/07/19,10.39,10.45,10.07,10.11,1034785,10992601.00
2013/07/22,10.04,11.05,9.97,10.46,2042672,22282498.00
2013/07/23,10.46,10.84,10.34,10.57,1742014,19001372.00
2013/07/24,10.49,10.57,10.28,10.44,1201462,12954284.00
2013/07/25,10.45,10.47,10.18,10.21,1028041,10942339.00
2013/07/26,10.27,10.27,9.84,9.92,1188395,12317626.00
2013/07/29,9.88,9.88,9.72,9.83,856557,8686976.00
2013/07/30,9.81,9.88,9.67,9.79,643374,6526124.00
2013/07/31,9.86,9.93,9.80,9.92,724119,7403606.00
2013/08/01,10.95,10.95,10.47,10.69,5813457,64489856.00
2013/08/02,10.47,11.09,10.45,10.76,4844439,54366808.00
2013/08/05,10.61,10.87,10.54,10.81,2526344,27997018.00
2013/08/06,10.77,10.94,10.75,10.81,1928109,21556918.00
2013/08/07,10.78,10.79,10.44,10.48,1946471,21330212.00
2013/08/08,10.44,10.60,10.35,10.53,1168687,12664674.00
2013/08/09,10.53,10.63,10.35,10.52,1310407,14194801.00
2013/08/12,10.43,10.70,10.43,10.69,1931838,21119852.00
2013/08/13,10.68,10.78,10.63,10.70,1453403,16061369.00
2013/08/14,10.68,10.75,10.48,10.58,1326150,14584093.00
2013/08/15,10.52,10.63,10.42,10.54,700171,7658573.00
2013/08/16,10.54,10.78,10.26,10.28,1827002,19955636.00
2013/08/19,10.14,10.47,10.14,10.41,1314156,14032042.00
2013/08/20,10.34,10.53,10.34,10.51,1024809,11092940.00
2013/08/21,10.50,10.70,10.36,10.69,1490852,16267522.00
2013/08/22,10.64,10.81,10.59,10.75,1977471,21874148.00
2013/08/23,10.64,10.70,10.27,10.52,2940836,31994642.00
2013/08/26,10.50,11.08,10.49,11.04,5414090,60602628.00
2013/08/27,11.82,12.18,11.55,12.11,14196061,174085952.00
2013/08/28,11.77,12.17,11.59,11.85,10060441,122890008.00
2013/08/29,11.56,11.71,11.29,11.34,6250557,73837760.00
2013/08/30,11.24,11.69,11.19,11.54,6567589,77928544.00
2013/09/02,11.70,11.77,11.05,11.45,4277613,49963396.00
2013/09/03,11.34,11.53,11.21,11.38,3829928,44960640.00
2013/09/04,11.38,11.46,11.26,11.32,2636383,30923326.00
2013/09/05,11.26,11.31,11.00,11.04,3035448,34774548.00
2013/09/06,11.05,11.62,10.95,11.43,5662793,66077160.00
2013/09/09,11.34,11.54,11.25,11.34,4178864,49109320.00
2013/09/10,11.37,11.80,11.34,11.77,6932112,83243808.00
2013/09/11,11.83,11.89,11.47,11.55,4165192,49844776.00
2013/09/12,11.57,11.57,11.39,11.40,2309731,27301018.00
2013/09/13,11.32,11.50,11.24,11.34,1948916,22841596.00
2013/09/16,11.34,11.47,11.28,11.37,1678369,19666712.00
2013/09/17,11.42,11.42,10.66,10.93,2852128,32503204.00
2013/09/18,10.88,11.02,10.85,11.00,1056850,11967051.00
2013/09/23,11.04,11.14,10.93,11.14,1847985,21039252.00
2013/09/24,11.07,11.12,10.84,11.09,1858436,21127596.00
2013/09/25,11.09,11.29,11.00,11.12,2632156,30314662.00
2013/09/26,11.09,11.12,10.80,10.81,1939831,21878248.00
2013/09/27,10.91,10.91,10.44,10.59,2060012,22761950.00
2013/09/30,10.62,10.71,10.53,10.59,1223722,13435434.00
2013/10/08,10.60,10.79,10.49,10.77,1141187,12580703.00
2013/10/09,10.76,10.79,10.64,10.76,1410283,15603669.00
2013/10/10,10.69,11.23,10.59,11.21,4655797,52397708.00
2013/10/11,11.21,12.02,11.17,11.85,10697503,128693960.00
2013/10/14,11.84,12.21,11.67,11.81,8577261,105569192.00
2013/10/15,11.73,12.97,11.72,12.33,8969963,113674864.00
2013/10/16,12.12,12.74,12.04,12.23,10477488,133944424.00
2013/10/17,12.13,12.49,11.64,11.71,5679095,70304296.00
2013/10/18,11.74,11.91,11.57,11.84,2539014,30838544.00
2013/10/21,11.89,12.07,11.70,11.98,2853544,35046852.00
2013/10/22,11.98,12.28,11.67,11.87,3661843,45118032.00
2013/10/23,11.80,11.85,11.24,11.35,3492895,41428228.00
2013/10/24,11.34,11.44,11.11,11.29,1924821,22337804.00
2013/10/25,11.28,11.35,10.92,11.03,1889037,21592912.00
2013/10/28,11.02,11.20,11.02,11.13,1064341,12226878.00
2013/10/29,11.13,11.19,10.30,10.66,2775921,30531972.00
2013/10/30,10.64,10.66,10.34,10.63,2667716,28936756.00
2013/10/31,10.58,10.58,10.40,10.49,1334109,14486065.00
2013/11/01,10.48,10.71,10.48,10.63,1375951,15082483.00
2013/11/04,10.65,10.70,10.60,10.64,1249775,13772300.00
2013/11/05,10.64,10.73,10.45,10.61,1770700,19433116.00
2013/11/06,10.61,11.42,10.58,11.33,5448662,62507728.00
2013/11/07,11.14,11.14,10.80,10.94,2541092,28808488.00
2013/11/08,10.81,10.92,10.50,10.83,3036888,33401274.00
2013/11/11,10.68,10.83,10.54,10.70,1302805,14395637.00
2013/11/12,10.70,10.92,10.70,10.90,1865660,20887178.00
2013/11/13,10.82,10.84,10.60,10.76,1458049,16121430.00
2013/11/14,10.70,10.74,10.52,10.67,1394584,15339163.00
2013/11/15,10.73,11.14,10.65,11.06,2992330,33970676.00
2013/11/18,11.23,11.68,10.96,11.41,4189620,48960584.00
2013/11/19,11.29,11.64,11.22,11.42,3500689,41333012.00
2013/11/20,11.43,11.62,11.19,11.45,2865932,33527092.00
2013/11/21,11.30,11.56,11.28,11.47,2799507,33011252.00
2013/11/22,11.52,11.85,11.46,11.62,3697379,44454616.00
2013/11/25,11.47,12.04,11.44,11.83,5401706,65951092.00
2013/11/26,12.15,12.74,11.84,11.96,9117680,113652912.00
2013/11/27,11.92,12.14,11.87,11.94,4546409,56197424.00
2013/11/28,12.04,12.30,11.97,12.01,4536372,56405392.00
2013/11/29,12.08,13.25,12.04,12.84,13195452,173771328.00
2013/12/02,12.35,12.59,11.64,11.92,6489170,81023592.00
2013/12/03,11.91,12.36,11.78,12.26,3936556,49173160.00
2013/12/04,12.42,13.24,12.42,12.63,8229310,108776312.00
2013/12/05,12.54,12.91,12.40,12.83,4182677,54534172.00
2013/12/06,12.69,12.88,12.55,12.75,2647766,34584752.00
2013/12/09,13.00,13.24,12.86,13.15,5238004,70448584.00
2013/12/10,13.12,14.00,12.96,13.26,7461179,103450752.00
2013/12/11,13.24,13.74,12.75,13.61,6725076,91243680.00
2013/12/12,13.43,13.90,13.19,13.43,4852102,67409672.00
2013/12/13,13.44,13.58,13.06,13.21,3259710,44678992.00
2013/12/16,13.21,13.32,12.55,12.63,3791337,50166880.00
2013/12/17,12.62,12.74,12.22,12.29,2448874,31372764.00
2013/12/18,12.39,12.46,12.19,12.26,1582219,20062842.00
2013/12/19,12.24,12.48,12.10,12.24,1356378,17146648.00
2013/12/20,12.24,12.44,12.11,12.23,1269584,16000309.00
2013/12/23,12.15,12.32,11.85,12.09,1510985,18795888.00
2013/12/24,12.10,12.31,12.05,12.27,1918849,24082816.00
2013/12/25,12.27,12.32,12.10,12.26,1496144,18790576.00
2013/12/26,12.29,12.29,11.64,11.82,1857707,22886784.00
2013/12/27,11.82,12.04,11.76,11.91,1332599,16318777.00
2013/12/30,11.95,12.38,11.84,12.35,2265528,28185228.00
2013/12/31,12.24,12.40,12.12,12.33,1450182,18310094.00
2014/01/02,12.28,12.30,12.14,12.16,1241799,15600921.00
2014/01/03,12.18,12.28,11.81,11.85,1585694,19515878.00
2014/01/06,11.77,11.77,11.32,11.36,1527723,18067408.00
2014/01/07,11.32,11.64,11.21,11.61,1300136,15345312.00
2014/01/08,11.54,11.76,11.36,11.45,1042939,12389101.00
2014/01/09,11.37,11.73,11.24,11.24,1075824,12767950.00
2014/01/10,11.24,11.75,11.23,11.25,919435,10850674.00
2014/01/13,11.27,11.51,11.10,11.14,768057,8939104.00
2014/01/14,11.07,11.39,11.07,11.36,933827,10818529.00
2014/01/15,11.32,11.67,11.25,11.64,1962516,23361000.00
2014/01/16,11.56,11.71,11.54,11.59,862104,10318510.00
2014/01/17,11.54,11.59,11.24,11.28,711870,8402245.00
2014/01/20,11.28,11.43,11.14,11.28,459968,5358974.00
2014/01/21,11.28,11.61,11.19,11.52,704491,8335090.00
2014/01/22,11.46,11.97,11.46,11.80,1980441,23944024.00
2014/01/23,11.74,12.01,11.73,11.89,1721738,21102150.00
2014/01/24,11.84,12.00,11.72,11.88,1579723,19328152.00
2014/01/27,11.87,11.87,11.59,11.65,1537847,18508292.00
2014/01/28,11.70,11.81,11.60,11.66,1231843,14829635.00
2014/01/29,11.68,11.70,11.52,11.64,1366612,16353464.00
2014/01/30,11.63,11.63,11.09,11.10,2550654,29638136.00
2014/02/07,11.10,11.10,10.96,11.07,1852867,21096832.00
2014/02/10,11.04,11.49,11.04,11.48,2587481,30173730.00
2014/02/11,11.44,11.68,11.38,11.63,2526194,30177388.00
2014/02/12,11.63,11.80,11.55,11.77,2660229,31954568.00
2014/02/13,11.73,12.08,11.64,11.80,3875389,47351704.00
2014/02/14,11.75,12.04,11.70,11.95,2490195,30528352.00
2014/02/17,12.04,12.12,11.82,12.03,3128211,38514048.00
2014/02/18,11.99,12.00,11.64,11.82,3252517,39537524.00
2014/02/19,11.80,12.08,11.74,12.04,3324908,40925000.00
2014/02/20,12.03,12.14,11.77,11.89,3101376,38238364.00
2014/02/21,12.03,12.55,11.91,12.53,6999301,87956168.00
2014/02/24,12.42,12.42,12.04,12.29,4495544,56635108.00
2014/02/25,12.29,12.35,11.42,11.48,4086689,50346792.00
2014/02/26,11.36,11.48,11.03,11.47,2826034,32820132.00
2014/02/27,11.42,11.59,11.16,11.19,1753430,20580368.00
2014/02/28,11.19,11.48,11.06,11.38,1297614,15095499.00
2014/03/03,11.40,12.28,11.32,12.01,4090612,50081912.00
2014/03/04,11.85,11.99,11.62,11.79,3292030,39914756.00
2014/03/05,11.79,11.92,11.73,11.89,2222651,27063980.00
2014/03/06,11.88,11.99,11.56,11.93,2254977,27478568.00
2014/03/07,11.90,12.03,11.77,11.83,2026832,24843212.00
2014/03/10,11.80,11.80,11.34,11.38,1750137,20785462.00
2014/03/11,11.34,11.52,11.10,11.28,1838682,21465966.00
2014/03/12,11.19,11.46,11.17,11.43,1065356,12422393.00
2014/03/13,11.38,11.48,11.34,11.36,917155,10784793.00
2014/03/14,11.34,11.56,11.25,11.40,1450628,17090612.00
2014/03/17,11.39,11.60,11.38,11.56,989180,11737170.00
2014/03/18,11.53,11.83,11.53,11.60,1792385,21624896.00
2014/03/19,11.64,11.83,11.46,11.82,1455355,17477728.00
2014/03/20,11.82,11.99,11.44,11.47,2366283,28737292.00
2014/03/21,11.35,11.84,11.30,11.82,2134285,25542312.00
2014/03/24,11.86,12.03,11.80,11.95,2347522,28806356.00
2014/03/25,11.99,12.41,11.92,12.18,4158755,52206612.00
2014/03/26,12.19,12.24,11.94,12.07,2100405,26039686.00
2014/03/27,12.07,12.26,12.04,12.12,2407124,30145388.00
2014/03/28,12.11,12.65,12.10,12.15,5782755,73777040.00
2014/03/31,12.19,12.34,11.53,11.59,3174922,38612248.00
2014/04/01,11.54,11.68,11.54,11.67,1364765,16345692.00
2014/04/02,11.63,11.78,11.59,11.67,1293435,15566358.00
2014/04/03,11.64,11.74,11.48,11.55,1338477,15952249.00
2014/04/04,11.57,11.81,11.55,11.80,1362447,16449188.00
2014/04/08,11.80,12.02,11.77,12.02,1446864,17716188.00
2014/04/09,12.02,12.15,11.92,12.14,1882366,23387380.00
2014/04/10,12.06,12.58,12.06,12.46,4857822,61952556.00
2014/04/11,12.39,12.77,12.31,12.55,4491955,58179652.00
2014/04/14,12.54,12.61,12.32,12.49,2034934,26065532.00
2014/04/15,12.43,12.44,12.20,12.35,2415665,30656968.00
2014/04/16,12.33,12.51,12.25,12.36,1588408,20251664.00
2014/04/17,12.34,12.77,12.34,12.61,2985990,38623528.00
2014/04/18,12.64,12.87,12.46,12.83,3009956,39350236.00
2014/04/21,12.65,12.93,12.15,12.33,3051781,39538528.00
2014/04/22,12.24,12.39,11.97,12.36,2349547,29402406.00
2014/04/23,12.32,12.42,12.15,12.24,1275830,16133949.00
2014/04/24,12.29,12.36,12.12,12.26,1098889,13865395.00
2014/04/25,12.22,12.30,11.59,11.75,2665610,32697308.00
2014/04/28,11.60,11.69,11.44,11.57,929053,11067046.00
2014/04/29,11.59,11.73,11.52,11.72,700754,8405232.00
2014/04/30,10.86,11.19,10.51,10.78,5114188,57109852.00
2014/05/05,10.76,10.82,10.51,10.77,2301648,25311342.00
2014/05/06,10.72,11.03,10.72,11.02,1839900,20771302.00
2014/05/07,10.95,10.99,10.79,10.90,1192858,13428054.00
2014/05/08,10.84,11.10,10.77,10.91,645282,7301815.00
2014/05/09,10.91,10.98,10.72,10.91,952688,10665829.00
2014/05/12,10.98,11.00,10.54,10.84,4693567,52074608.00
2014/05/13,10.65,10.79,10.64,10.76,1757176,19436856.00
2014/05/14,10.74,10.80,10.70,10.75,972043,10804752.00
2014/05/15,10.74,10.79,10.55,10.62,1143654,12563336.00
2014/05/16,10.68,10.68,10.37,10.54,908253,9837186.00
2014/05/19,10.54,10.54,10.30,10.36,535100,5753017.00
2014/05/20,10.48,10.49,10.23,10.36,1125217,12050625.00
2014/05/21,10.37,10.49,10.27,10.42,641882,6899981.00
2014/05/22,10.42,10.54,10.36,10.42,836465,9051075.00
2014/05/23,10.37,10.50,10.37,10.47,556154,6006163.00
2014/05/26,10.50,10.58,10.46,10.54,852853,9275470.00
2014/05/27,10.62,10.64,10.44,10.50,645447,7015207.00
2014/05/28,10.44,10.57,10.43,10.52,862733,9370512.00
2014/05/29,10.49,10.60,10.48,10.50,953534,10405152.00
2014/05/30,10.57,10.57,10.43,10.53,467946,5081954.00
2014/06/03,10.57,10.65,10.54,10.55,888363,9734882.00
2014/06/04,10.57,10.57,10.23,10.33,1007124,10765061.00
2014/06/05,10.33,10.39,10.27,10.37,499126,5343979.00
2014/06/06,10.39,10.46,10.23,10.44,636993,6815553.00
2014/06/09,10.41,10.44,10.28,10.39,536596,5752458.00
2014/06/10,10.41,10.42,10.28,10.29,2037466,21768238.00
2014/06/11,10.26,10.32,10.04,10.11,2043803,21473620.00
2014/06/12,10.13,10.38,9.94,10.35,2153545,22743460.00
2014/06/13,10.31,10.38,10.25,10.34,878419,9384611.00
2014/06/16,10.34,10.35,10.19,10.31,871254,9283718.00
2014/06/17,10.30,10.32,10.17,10.21,703916,7447914.00
2014/06/18,10.20,10.26,9.93,9.99,1047780,10956060.00
2014/06/19,9.98,10.07,9.57,9.65,1095886,11150549.00
2014/06/20,9.61,9.78,9.59,9.73,661992,6645449.00
2014/06/23,9.73,9.82,9.64,9.69,824673,8302099.00
2014/06/24,9.73,9.77,9.69,9.74,547101,5521113.00
2014/06/25,9.75,9.75,9.60,9.63,1048987,10492023.00
2014/06/26,9.63,9.85,9.60,9.84,1073856,10860117.00
2014/06/27,9.84,10.07,9.81,10.03,2458306,25332472.00
2014/06/30,10.02,10.08,9.96,10.02,1489379,15466476.00
2014/07/01,10.01,10.45,9.94,10.15,2844904,30006652.00
2014/07/02,10.15,10.15,10.01,10.11,1490344,15570177.00
2014/07/03,10.11,10.28,10.05,10.24,1535071,16163128.00
2014/07/04,10.34,10.34,10.17,10.22,986559,10431159.00
2014/07/07,10.18,10.28,10.12,10.26,814534,8594813.00
2014/07/08,10.34,10.34,10.15,10.23,1015784,10747493.00
2014/07/09,10.26,10.29,10.05,10.07,1284022,13530175.00
2014/07/10,10.14,10.14,10.02,10.06,851307,8898653.00
2014/07/11,10.06,10.24,10.02,10.22,830409,8742170.00
2014/07/14,10.27,10.34,10.18,10.33,1185315,12623529.00
2014/07/15,10.33,10.34,10.21,10.25,957110,10163054.00
2014/07/16,10.27,10.44,10.23,10.40,2114051,22645552.00
2014/07/17,10.41,10.70,10.36,10.55,2854095,31198128.00
2014/07/18,10.54,10.57,10.45,10.55,1338653,14557631.00
2014/07/21,10.55,10.64,10.49,10.53,902649,9845856.00
2014/07/22,10.57,10.70,10.52,10.67,1323123,14524346.00
2014/07/23,10.74,10.74,10.50,10.53,988005,10616739.00
2014/07/24,10.49,10.61,10.41,10.47,1120912,11912824.00
2014/07/25,10.44,10.57,10.41,10.53,1003283,10671684.00
2014/07/28,10.58,10.77,10.55,10.72,1307493,14151255.00
2014/07/29,10.69,10.81,10.69,10.78,1324460,14466726.00
2014/07/30,10.73,10.86,10.69,10.80,1467808,16050143.00
2014/07/31,10.79,10.89,10.70,10.85,1686361,18493276.00
2014/08/01,10.85,11.12,10.80,10.90,3295693,36689720.00
2014/08/04,10.92,11.06,10.85,11.04,1791141,19897100.00
2014/08/05,11.08,11.09,10.94,11.08,1347362,15069292.00
2014/08/06,11.10,11.10,10.95,11.09,1005092,11268231.00
2014/08/07,11.05,11.19,10.86,10.90,1149407,12883455.00
2014/08/08,10.90,11.02,10.84,10.99,1080998,11981420.00
2014/08/11,10.96,11.17,10.96,11.13,1252250,14082090.00
2014/08/12,11.13,11.21,11.05,11.13,1234062,13910622.00
2014/08/13,11.13,11.22,10.99,11.12,1180335,13311353.00
2014/08/14,11.14,11.18,11.06,11.12,1137843,12828859.00
2014/08/15,11.19,11.46,11.16,11.35,2633536,30312512.00
2014/08/18,11.33,11.59,11.31,11.48,2159450,25113510.00
2014/08/19,11.51,11.54,11.38,11.50,1359827,15785088.00
2014/08/20,11.50,11.82,11.44,11.63,2209781,26027276.00
2014/08/21,11.61,11.75,11.49,11.62,1866309,21904960.00
2014/08/22,11.63,11.72,11.55,11.71,1409521,16674712.00
2014/08/25,11.71,11.77,11.51,11.59,1397187,16453445.00
2014/08/26,11.59,11.69,11.22,11.59,2558548,29670598.00
2014/08/27,11.44,12.72,11.44,12.28,6264051,77516120.00
2014/09/16,13.50,13.50,12.66,12.77,14519911,190995648.00
2014/09/17,12.44,12.58,12.14,12.54,5869752,73830112.00
2014/09/18,12.38,12.78,12.38,12.60,3175330,40543056.00
2014/09/19,12.60,12.91,12.44,12.84,3459682,44657720.00
2014/09/22,12.69,12.78,12.24,12.34,3450342,43533572.00
2014/09/23,12.39,12.54,12.28,12.47,1642251,20677488.00
2014/09/24,12.46,12.78,12.46,12.71,2611621,33422376.00
2014/09/25,12.70,12.83,12.50,12.53,2126125,27236648.00
2014/09/26,12.56,12.89,12.40,12.78,3341839,43104360.00
2014/09/29,12.72,12.89,12.64,12.80,3388858,43717312.00
2014/09/30,12.75,12.93,12.64,12.76,3240429,41954480.00
2014/10/08,12.76,13.06,12.67,13.01,3279179,42952008.00
2014/10/09,13.06,13.24,12.81,13.01,3208397,42306172.00
2014/10/10,12.90,13.00,12.75,12.77,2037444,26514944.00
2014/10/13,12.79,12.79,12.44,12.78,2146451,27422376.00
2014/10/14,12.70,12.84,12.58,12.83,1734528,22349178.00
2014/10/15,12.77,13.04,12.59,13.02,2680620,34896220.00
2014/10/16,12.86,14.34,12.83,13.95,9035669,126321720.00
2014/10/17,13.89,13.89,13.22,13.38,5492998,75117376.00
2014/10/20,13.50,14.16,13.40,13.88,3906381,54655892.00
2014/10/21,13.89,13.89,13.55,13.78,2749490,38065212.00
2014/10/22,13.69,13.89,13.20,13.26,2232265,30712284.00
2014/10/23,13.19,13.52,12.94,12.98,2407819,32124976.00
2014/10/24,12.98,13.53,12.95,13.43,1676798,22369390.00
2014/10/27,13.34,13.71,13.12,13.60,2047907,27938164.00
2014/10/28,13.60,13.92,13.60,13.75,2398242,33387592.00
2014/10/29,13.79,14.07,13.61,13.85,3115160,43633568.00
2014/10/30,13.86,13.86,13.56,13.61,2875057,39912520.00
2014/10/31,13.61,13.74,13.50,13.64,1767102,24302072.00
2014/11/03,13.67,13.82,13.49,13.61,3000380,41404524.00
2014/11/04,13.49,13.69,13.25,13.32,2329042,31702128.00
2014/11/05,13.30,13.59,13.12,13.52,2350009,31848464.00
2014/11/06,13.52,13.84,13.49,13.83,2849613,39510880.00
2014/11/07,13.89,14.04,13.44,13.50,2718653,37878576.00
2014/11/10,13.47,13.83,13.41,13.66,1561474,21502014.00
2014/11/11,13.66,13.74,12.81,12.83,3081657,41123452.00
2014/11/12,12.89,13.23,12.86,13.19,1423205,18868292.00
2014/11/13,13.18,13.35,13.01,13.01,1632821,21738650.00
2014/11/14,13.01,13.10,12.89,13.05,931458,12255874.00
2014/11/17,13.09,13.60,12.96,13.37,1625068,21907708.00
2014/11/18,13.37,13.57,13.29,13.47,1125746,15309497.00
2014/11/19,13.44,13.70,13.36,13.58,2091165,28740892.00
2014/11/20,13.52,13.64,13.34,13.62,1477070,20189260.00
2014/11/21,13.62,13.94,13.49,13.84,3033355,42225352.00
2014/11/24,13.91,13.95,13.69,13.75,2713916,37874856.00
2014/11/25,13.74,13.94,13.68,13.87,2936289,41136312.00
2014/11/26,13.90,13.90,13.56,13.68,2676899,37135960.00
2014/11/27,13.75,14.24,13.75,14.05,3738897,53109584.00
2014/11/28,14.06,14.42,13.84,14.26,4168905,59623532.00
2014/12/01,14.48,14.70,13.93,13.97,3258749,46751916.00
2014/12/02,13.89,14.39,13.78,14.14,2783294,39726104.00
2014/12/03,14.09,14.10,13.70,13.86,3041522,42624200.00
2014/12/04,13.88,14.09,13.67,13.98,2996115,42276584.00
2014/12/05,13.95,14.04,13.24,13.39,3316308,45379736.00
2014/12/08,13.42,13.50,13.27,13.42,2222676,30112500.00
2014/12/09,13.35,13.57,12.99,13.02,3110081,41944940.00
2014/12/10,12.98,13.26,12.84,13.23,1851256,24497624.00
2014/12/11,13.23,14.04,13.06,13.99,4468316,61868920.00
2014/12/12,13.94,14.18,13.59,13.93,2283458,32008148.00
2014/12/15,13.83,14.82,13.69,14.60,5989488,86986816.00
2014/12/16,14.58,14.62,14.27,14.49,3485983,50919948.00
2014/12/17,14.36,14.37,13.87,14.04,2825851,40326848.00
2014/12/18,14.04,14.19,13.84,13.90,1614071,22852816.00
2014/12/19,13.91,14.16,13.47,13.66,2916292,40594256.00
2014/12/22,13.72,13.73,12.81,13.12,2684279,35687736.00
2014/12/23,13.17,13.26,12.99,13.04,1255902,16710126.00
2014/12/24,12.95,13.64,12.95,13.58,1954049,26508836.00
2014/12/25,13.58,13.77,13.41,13.64,1253596,17265384.00
2014/12/26,13.64,13.90,13.49,13.85,1353335,18672246.00
2014/12/29,13.77,13.78,13.14,13.43,1809493,24650114.00
2014/12/30,13.36,13.77,12.94,13.65,2502024,33881472.00
2014/12/31,13.62,14.26,13.36,14.09,4723120,67090528.00
2015/01/05,13.96,14.27,13.85,14.08,2485184,35361632.00
2015/01/06,14.03,14.34,13.90,14.08,3749907,53641380.00
2015/01/07,14.01,14.11,13.67,13.81,2670200,37533104.00
2015/01/08,13.65,14.47,13.63,14.24,4532661,64765840.00
2015/01/09,14.23,14.29,13.61,13.65,3062254,43322284.00
2015/01/12,13.61,13.61,13.12,13.20,2147077,28818936.00
2015/01/13,13.14,13.60,13.14,13.35,1346633,18251224.00
2015/01/14,13.35,13.51,13.13,13.24,1078093,14499558.00
2015/01/15,13.24,13.44,13.11,13.31,1084443,14563808.00
2015/01/16,13.34,13.72,13.24,13.67,2136733,29120922.00
2015/01/19,13.50,13.67,12.96,13.16,2840564,38546784.00
2015/01/20,13.19,13.57,13.19,13.54,1405321,19089784.00
2015/01/21,13.55,14.06,13.49,13.89,2742594,38415580.00
2015/01/22,13.81,14.21,13.81,14.19,2745974,38917748.00
2015/01/23,14.15,14.26,13.87,13.94,2224600,31540968.00
2015/01/26,13.93,15.35,13.89,15.35,11786036,180321280.00
2015/01/27,15.82,16.09,15.28,15.53,18188281,288377440.00
2015/01/28,15.23,15.50,15.03,15.16,6993906,107348672.00
2015/01/29,14.93,15.14,14.84,15.00,4171218,63211868.00
2015/01/30,15.08,15.15,14.42,14.44,5097335,75839840.00
2015/02/02,14.25,14.72,14.10,14.69,3526025,51807036.00
2015/02/03,14.74,14.90,14.54,14.75,2929284,43605156.00
2015/02/04,14.76,15.01,14.42,14.47,2713252,40463856.00
2015/02/05,14.69,14.69,14.15,14.48,3498873,50964632.00
2015/02/06,14.38,14.48,13.64,13.78,3213088,45720984.00
2015/02/09,13.71,13.82,13.45,13.47,2332550,32004220.00
2015/02/10,13.54,13.77,13.44,13.72,2123228,29200444.00
2015/02/11,13.73,13.98,13.64,13.88,1506026,21042352.00
2015/02/12,13.90,14.04,13.76,13.96,1450701,20401760.00
2015/02/13,14.02,14.47,13.99,14.25,2870689,41267704.00
2015/02/16,14.25,14.57,14.18,14.52,1992952,29062388.00
2015/02/17,14.52,14.54,14.32,14.45,2022600,29526420.00
2015/02/25,14.45,14.45,14.08,14.19,1917131,27558908.00
2015/02/26,14.14,14.71,14.12,14.63,2344224,34091184.00
2015/02/27,14.59,14.83,14.52,14.79,3029613,44971548.00
2015/03/02,14.98,14.98,14.65,14.85,3240594,48552200.00
2015/03/03,14.84,15.14,14.67,14.88,3329851,50015508.00
2015/03/04,14.87,15.24,14.79,15.18,3206462,48998664.00
2015/03/05,15.13,15.43,14.93,15.01,3206326,48803024.00
2015/03/06,14.99,15.05,14.68,14.91,2593845,38912744.00
2015/03/09,14.89,15.63,14.81,15.53,4493830,69660304.00
2015/03/10,15.43,15.71,15.34,15.36,2939531,46061760.00
2015/03/11,15.54,15.54,14.97,15.04,2694348,41408572.00
2015/03/12,15.09,15.99,15.09,15.54,4384841,69266008.00
2015/03/13,15.50,16.00,15.41,15.88,3806077,60473372.00
2015/03/16,15.89,16.41,15.89,16.39,3900622,64091492.00
2015/03/17,16.53,16.59,16.02,16.10,4304987,70703584.00
2015/03/18,16.02,16.28,15.82,16.26,5039520,81977248.00
2015/03/19,16.25,16.44,16.04,16.17,3305813,54134520.00
2015/03/20,16.17,16.62,16.03,16.22,3780634,62110184.00
2015/03/23,16.22,16.65,16.22,16.60,3869325,64544108.00
2015/03/24,16.56,17.60,16.34,17.07,6835030,116667296.00
2015/03/25,17.13,17.13,16.58,16.88,3544338,60123948.00
2015/03/26,16.64,17.00,16.52,16.99,2990950,50717336.00
2015/03/27,16.99,17.19,16.64,17.02,3106418,53161768.00
2015/03/30,16.94,17.34,16.78,17.01,5995388,102723032.00
2015/03/31,17.40,17.57,16.86,16.90,4388749,76166288.00
2015/04/01,16.85,17.21,16.85,17.18,3348731,57580524.00
2015/04/02,17.34,17.34,17.04,17.27,2800122,48540864.00
2015/04/03,17.17,17.99,17.10,17.84,5218100,93408096.00
2015/04/07,17.94,18.12,17.65,18.07,3684047,66390544.00
2015/04/08,18.06,18.08,17.34,17.75,3466989,62013136.00
2015/04/09,17.66,17.79,16.96,17.31,4455146,77868384.00
2015/04/10,17.20,17.83,17.10,17.65,2952660,52239576.00
2015/04/13,17.79,17.93,17.42,17.81,4289786,76559968.00
2015/04/14,17.79,18.82,17.66,18.23,4733646,87626240.00
2015/04/15,18.06,18.14,17.19,17.29,4736122,83742976.00
2015/04/16,17.04,17.52,16.71,16.93,4518979,77563576.00
2015/04/17,17.02,17.35,16.98,17.31,4409701,76171328.00
2015/04/20,17.59,18.02,17.25,17.43,9088774,161566560.00
2015/04/21,17.14,17.83,17.10,17.77,5251500,93073152.00
2015/04/22,17.79,18.29,17.74,18.20,5220509,95520264.00
2015/04/23,18.23,18.49,17.95,18.17,5060065,93014736.00
2015/04/24,17.79,18.31,17.64,18.07,4617368,83529504.00
2015/04/27,18.14,18.59,17.75,18.10,5291014,96863024.00
2015/04/28,18.14,18.20,16.84,17.24,5277477,93205408.00
2015/04/29,17.04,18.74,17.01,18.69,7868494,142664944.00
2015/04/30,18.14,18.34,17.74,17.82,5395122,98613280.00
2015/05/04,17.85,18.02,17.24,18.00,3522059,62411316.00
2015/05/05,17.94,17.98,17.13,17.19,2904013,51467884.00
2015/05/06,17.19,17.37,16.46,16.69,3587282,61515520.00
2015/05/07,16.64,16.78,15.84,16.12,3224356,52617964.00
2015/05/08,16.24,16.62,16.02,16.58,5153938,84459264.00
2015/05/11,16.48,17.08,16.45,17.02,5702981,96682320.00
2015/05/12,17.01,17.44,16.86,17.21,5508712,95108600.00
2015/05/13,17.12,17.41,16.73,17.08,4907545,84467584.00
2015/05/14,17.07,17.52,17.04,17.43,4819239,84113104.00
2015/05/15,17.43,17.47,16.86,17.04,3258243,56249432.00
2015/05/18,17.04,17.95,16.98,17.66,5266976,93828832.00
2015/05/19,17.63,18.28,17.59,18.20,6461820,117772608.00
2015/05/20,18.29,18.43,17.94,18.03,6046367,111251496.00
2015/05/21,17.95,18.55,17.95,18.25,6928752,127658512.00
2015/05/22,18.41,20.09,18.41,20.09,9124532,177215360.00
2015/05/25,20.49,22.12,19.90,22.12,13011227,279131296.00
2015/05/26,22.54,23.25,22.03,22.41,11864402,270190144.00
2015/05/27,22.44,24.24,22.34,23.59,10832518,254146848.00
2015/05/28,23.94,24.60,21.89,22.35,12618042,298571680.00
2015/05/29,22.14,23.94,20.84,23.39,11067441,255523200.00
2015/06/01,23.64,25.75,23.64,25.75,5719186,143666800.00
2015/06/02,26.54,28.34,26.35,27.93,11581989,322649344.00
2015/06/03,27.99,28.29,26.54,27.48,8009892,220267520.00
2015/06/04,26.94,30.24,26.76,30.24,13070649,383900160.00
2015/11/26,27.22,27.22,27.22,27.22,680100,18512322.00
2015/11/27,24.50,24.50,24.50,24.50,1015900,24889550.00
2015/11/30,22.61,23.89,22.05,22.05,27698949,616967424.00
2015/12/01,20.98,21.30,19.85,19.85,21094064,430350208.00
2015/12/02,19.60,20.35,18.80,20.04,14018470,275870528.00
2015/12/03,19.83,20.30,19.58,20.18,10686051,212918656.00
2015/12/04,20.00,20.20,19.50,19.96,8549081,169960000.00
2015/12/07,19.91,20.38,19.39,20.31,12658406,249746176.00
2015/12/08,20.02,21.76,19.83,20.82,17976494,371842176.00
2015/12/09,20.20,20.58,19.74,20.00,9453540,190898496.00
2015/12/10,19.85,20.23,19.10,19.19,8080886,158243664.00
2015/12/11,18.89,18.90,18.48,18.53,6857662,127924296.00
2015/12/14,18.40,19.10,18.11,18.90,6429533,119877208.00
2015/12/15,18.89,19.23,18.78,18.93,5008845,95211960.00
2015/12/16,19.02,19.70,18.92,19.13,6992420,134751424.00
2015/12/17,19.33,19.59,19.22,19.45,7447698,144321872.00
2015/12/18,19.40,20.39,19.31,20.19,11160113,223374720.00
2015/12/21,20.15,20.55,19.91,20.08,7472992,150158608.00
2015/12/22,20.12,20.32,19.70,20.06,6425493,128224048.00
2015/12/23,20.12,20.12,19.59,19.68,6122436,121395408.00
2015/12/24,19.50,19.60,19.07,19.22,5082606,97953792.00
2015/12/25,19.30,19.66,19.22,19.63,3944800,76779960.00
2015/12/28,19.64,20.34,19.48,20.05,10026551,199828384.00
2015/12/29,20.11,21.45,20.02,20.79,14607574,304444704.00
2015/12/30,20.72,20.72,20.06,20.30,8570409,173917360.00
2015/12/31,20.34,20.54,19.60,19.64,5990080,119989704.00
2016/01/04,19.60,19.70,17.68,17.68,5869154,108553552.00
2016/01/05,16.30,17.32,15.91,16.35,9041454,149775488.00
2016/01/06,16.56,16.97,16.15,16.87,5290500,87638536.00
2016/01/07,16.45,16.45,15.18,15.18,1556100,24424436.00
2016/01/08,15.55,15.80,14.17,15.00,7217702,108543184.00
2016/01/11,14.65,14.65,13.50,13.50,6364015,90093472.00
2016/01/12,13.40,14.40,13.40,14.16,6988883,97760928.00
2016/01/13,14.12,14.58,13.50,13.78,4956286,69712976.00
2016/01/14,13.48,15.16,13.00,15.16,7328332,104872680.00
2016/01/15,14.90,15.15,13.99,14.12,6432375,94278272.00
2016/01/18,13.90,14.76,13.60,14.32,4216318,60685084.00
2016/01/19,14.28,15.05,14.28,14.97,6222513,91877488.00
2016/01/20,14.80,14.95,14.48,14.55,5059666,74524904.00
2016/01/21,14.17,14.64,13.65,13.68,5133036,72931824.00
2016/01/22,13.80,14.48,13.75,14.43,4640611,65513728.00
2016/01/25,14.51,15.87,14.51,15.87,12159340,189062688.00
2016/01/26,15.92,17.30,15.60,16.65,20825406,339586016.00
2016/01/28,16.00,17.18,15.35,16.43,14307951,233528800.00
2016/01/29,15.70,16.59,15.40,16.02,9761755,156654512.00
2016/02/01,15.82,17.04,14.42,14.42,11831003,186505600.00
2016/02/02,13.05,14.95,12.98,14.42,17023697,232727792.00
2016/02/03,13.73,14.28,13.60,14.08,8402227,116473432.00
2016/02/04,14.07,14.46,13.97,14.15,7592117,107926960.00
2016/02/05,14.16,14.38,13.67,13.72,5685771,79256736.00
2016/02/15,13.20,13.67,12.82,13.48,4442147,59108124.00
2016/02/16,13.51,14.29,13.51,14.20,6568389,92409256.00
2016/02/17,14.23,15.62,14.23,15.62,12975789,194838880.00
2016/02/18,16.00,16.29,15.21,16.05,15938715,250797904.00
2016/02/19,15.79,16.15,15.36,16.08,10750270,169349232.00
2016/02/22,16.16,16.98,15.79,16.55,10095433,164513856.00
2016/02/23,16.54,16.65,15.79,16.55,7354474,119158112.00
2016/02/24,16.33,17.08,16.18,16.62,7865006,131017248.00
2016/02/25,16.56,16.57,14.96,14.96,7025311,110195520.00
2016/02/26,14.88,15.64,14.14,15.48,8136787,120133400.00
2016/02/29,15.08,15.24,14.01,14.92,6769928,99057088.00
2016/03/01,14.82,15.64,14.67,15.36,6499851,98227264.00
2016/03/02,15.17,16.30,15.15,16.17,8648532,136529312.00
2016/03/03,16.12,17.10,15.86,16.39,11233515,183705200.00
2016/03/04,16.20,16.38,15.00,15.86,8332976,130727792.00
2016/03/07,15.74,17.07,15.74,16.99,10863684,179493840.00
2016/03/08,16.76,17.80,16.00,17.62,11706161,198666704.00
2016/03/09,17.00,17.38,16.61,17.16,7478758,127502856.00
2016/03/10,17.10,17.19,16.00,16.12,4758541,79352632.00
2016/03/11,15.79,16.51,15.60,16.27,4744496,76374152.00
2016/03/14,16.50,17.17,16.35,17.01,7052091,118699048.00
2016/03/15,17.01,17.01,16.36,16.90,4907675,81983104.00
2016/03/16,16.76,16.95,16.15,16.63,5182699,85732720.00
2016/03/17,16.58,17.32,16.37,17.13,6776543,114841640.00
2016/03/18,17.09,17.87,17.04,17.53,8423235,147418352.00
2016/03/21,17.72,17.88,17.25,17.74,11528187,202441360.00
2016/03/22,17.50,18.40,17.39,17.53,10730211,191599600.00
2016/03/23,17.32,17.58,17.10,17.55,6012438,104247008.00
2016/03/24,17.31,17.35,16.84,16.88,6191816,106113704.00
2016/03/25,16.80,17.24,16.68,17.19,4587812,77863584.00
2016/03/28,17.25,17.48,16.68,16.70,6419455,109729104.00
2016/03/29,16.70,16.78,15.68,16.00,5649485,91090880.00
2016/03/30,16.08,16.55,16.08,16.47,5152552,84403472.00
2016/03/31,16.47,16.55,16.10,16.34,5675508,92784200.00
2016/04/01,16.36,17.97,16.30,17.97,15953752,276552448.00
2016/04/05,17.97,18.43,17.39,18.14,17045917,305066752.00
2016/04/06,18.14,18.64,17.83,18.21,12039825,219782048.00
2016/04/07,18.32,18.40,17.42,17.46,8113562,144573808.00
2016/04/08,17.21,17.35,16.69,16.98,6950214,118121920.00
2016/04/11,17.05,17.62,17.05,17.49,6278083,108854400.00
2016/04/12,17.31,17.45,16.86,17.39,5262066,90214296.00
2016/04/13,17.29,17.97,17.29,17.58,7435299,131957792.00
2016/04/14,18.11,18.16,17.60,17.91,7576697,135509056.00
2016/04/15,17.85,17.90,17.45,17.67,5022427,88762480.00
2016/04/18,17.41,17.97,17.20,17.84,5006484,87738016.00
2016/04/19,17.81,18.30,17.79,18.13,8550274,154478432.00
2016/04/20,18.08,18.14,16.46,16.67,9964364,171570800.00
2016/04/21,16.47,16.89,16.16,16.22,5855941,96753080.00
2016/04/22,16.00,16.43,15.85,16.22,3785146,61278276.00
2016/04/25,16.05,16.42,15.88,16.15,3230063,52221512.00
2016/04/26,16.21,16.57,16.15,16.48,3047606,49829500.00
2016/04/27,16.48,16.67,16.27,16.30,3214394,52892304.00
2016/04/28,16.20,16.44,15.20,16.37,5498101,87132080.00
2016/04/29,16.06,16.49,16.06,16.26,2571099,41936576.00
2016/05/26,15.04,15.30,14.63,14.81,10244092,151163360.00
2016/05/27,14.33,14.57,14.20,14.32,5578434,80162872.00
2016/05/30,14.32,14.70,14.15,14.61,4142236,60061336.00
2016/05/31,14.43,15.04,14.41,14.99,6575607,97557736.00
2016/06/01,14.91,15.53,14.90,15.27,5269471,80454096.00
2016/06/02,15.21,15.57,15.20,15.47,3065279,47270632.00
2016/06/03,15.39,15.60,15.21,15.36,3736879,57666288.00
2016/06/06,15.30,15.80,15.30,15.70,3255267,50889504.00
2016/06/07,15.78,15.78,15.51,15.60,2505109,39134104.00
2016/06/08,15.66,15.68,15.31,15.44,2191665,33934628.00
2016/06/13,15.21,15.58,14.65,14.86,2949100,44932952.00
2016/06/14,15.00,15.38,14.72,15.34,2217638,33626868.00
2016/06/15,15.11,15.82,15.03,15.67,2929664,45639300.00
2016/06/16,15.65,15.89,15.45,15.56,2535094,39848312.00
2016/06/17,15.44,15.80,15.30,15.43,1524662,23689368.00
2016/06/20,15.48,15.70,15.21,15.66,1871655,29058008.00
2016/06/21,15.78,15.80,15.15,15.18,2076240,32218494.00
2016/06/22,15.18,15.33,14.90,15.30,2316492,34930096.00
2016/06/23,15.20,15.31,15.13,15.18,1076151,16360076.00
2016/06/24,15.25,15.32,14.44,14.91,2398053,35906096.00
2016/06/27,14.65,15.12,14.65,15.03,1373828,20598240.00
2016/06/28,15.00,15.40,14.87,15.34,2004516,30420794.00
2016/06/29,15.41,15.60,15.32,15.45,2208476,34067512.00
2016/06/30,15.45,15.50,15.26,15.31,1566244,24051060.00
2016/07/01,15.28,15.54,15.26,15.40,1824774,28158752.00
2016/07/04,15.33,15.70,15.25,15.64,2637873,41147680.00
2016/07/05,15.65,15.81,15.54,15.79,2791148,43849332.00
2016/07/06,15.64,16.72,15.64,16.19,9818826,160652560.00
2016/07/07,16.35,16.59,16.18,16.21,5700648,93336072.00
2016/07/08,16.08,16.34,15.80,16.08,3116564,50079616.00
2016/07/11,16.09,16.38,15.90,15.91,3110081,50094516.00
2016/07/12,15.91,16.15,15.89,16.07,2581369,41339176.00
2016/07/13,16.15,16.64,16.10,16.43,4784354,78652152.00
2016/07/14,16.40,16.49,16.12,16.24,3079529,49929016.00
2016/07/15,16.28,16.33,16.14,16.27,2075404,33689820.00
2016/07/18,16.30,16.30,15.98,16.15,2012239,32451128.00
2016/07/19,16.15,16.21,16.00,16.17,1173823,18884780.00
2016/07/20,16.13,16.60,16.08,16.52,2741078,44585888.00
2016/07/21,16.70,16.81,16.30,16.48,8228731,136657536.00
2016/07/22,16.37,16.39,15.98,16.06,4351084,70257928.00
2016/07/25,16.06,16.43,15.95,16.40,3304115,53515240.00
2016/07/26,16.36,16.75,16.18,16.46,7485267,123444816.00
2016/07/27,16.59,18.11,16.12,18.11,20763007,360887424.00
2016/07/28,19.38,19.92,18.69,19.92,42423064,823761856.00
2016/07/29,19.30,19.53,18.50,19.20,29390634,560678400.00
2016/08/01,18.94,19.35,17.83,18.02,25377184,469326816.00
2016/08/02,17.83,19.82,17.83,19.82,32534938,609935104.00
2016/08/03,19.43,21.18,19.43,20.13,39451721,795380224.00
2016/08/04,19.92,19.97,19.50,19.65,22732425,447527520.00
2016/08/05,19.57,20.23,19.15,19.67,18865482,370401536.00
2016/08/08,19.58,20.79,19.48,20.09,23982658,482706368.00
2016/08/09,19.90,20.69,19.10,20.40,23978734,477176288.00
2016/08/10,20.01,20.15,19.41,19.49,15072031,297560896.00
2016/08/11,19.21,19.76,18.71,18.92,14775577,282358624.00
2016/08/12,19.00,19.20,18.53,19.16,12091893,228893872.00
2016/08/15,19.12,19.79,18.80,19.57,15635631,301708960.00
2016/08/16,19.49,19.95,19.28,19.38,11366046,221697632.00
2016/08/17,19.34,20.20,19.01,19.93,18752448,369835968.00
2016/08/18,19.60,20.11,19.40,19.79,15102164,297647712.00
2016/08/19,19.68,19.69,19.10,19.11,10156425,196503040.00
2016/08/22,18.75,18.90,18.01,18.19,10767382,198462976.00
2016/08/23,18.00,18.24,17.71,18.11,7849263,141115904.00
2016/08/24,18.12,18.31,17.85,17.97,6161100,111444168.00
2016/08/25,17.75,18.30,17.65,18.06,6303703,113574616.00
2016/08/26,18.06,18.16,17.90,18.05,4639325,83673136.00
2016/08/29,17.92,18.13,17.82,17.98,3608209,64833320.00
2016/08/30,18.13,18.13,17.77,17.86,3878345,69370680.00
2016/08/31,17.84,18.16,17.51,18.08,6452339,115005072.00
2016/09/01,18.04,18.30,17.89,17.96,4940668,89551632.00
2016/09/02,17.96,18.20,17.72,17.81,3423069,61393520.00
2016/09/05,17.79,18.06,17.72,17.92,3147634,56376012.00
2016/09/06,17.88,18.18,17.50,18.08,4372141,78275616.00
2016/09/07,18.08,18.45,17.92,18.32,6102543,111332320.00
2016/09/08,18.31,18.31,18.03,18.16,3570457,64806440.00
2016/09/09,18.16,18.35,17.88,17.94,2881403,52265972.00
2016/09/12,17.52,17.82,17.33,17.41,4492633,78852032.00
2016/09/13,17.51,17.63,17.38,17.60,2963707,51869008.00
2016/09/14,17.49,17.70,17.39,17.57,2249801,39477388.00
2016/09/19,17.64,17.86,17.51,17.82,2018600,35798368.00
2016/09/20,17.91,17.91,17.63,17.83,1811600,32133586.00
2016/09/21,17.85,17.93,17.78,17.85,1890833,33737888.00
2016/09/22,17.92,18.34,17.92,18.20,4587080,83463672.00
2016/09/23,18.13,18.47,18.03,18.43,4284764,78353880.00
2016/09/26,18.55,18.55,17.66,17.88,3743316,67693048.00
2016/09/27,17.80,17.96,17.54,17.89,2819899,49981384.00
2016/09/28,17.89,18.29,17.89,17.96,2599054,46943872.00
2016/09/29,17.95,18.09,17.75,17.93,2778053,49707544.00
2016/09/30,17.73,18.29,17.52,18.04,5115291,90707936.00
2016/10/10,18.50,18.55,18.01,18.23,3920849,71232696.00
2016/10/11,18.24,18.90,18.14,18.64,6656055,123341384.00
2016/10/12,18.44,18.73,18.35,18.67,4250171,78738952.00
2016/10/13,18.67,18.72,18.41,18.45,2392384,44361112.00
2016/10/14,18.46,18.60,18.10,18.16,2563053,46650548.00
2016/10/17,18.14,18.40,18.07,18.23,2987793,54508600.00
2016/10/18,18.11,18.33,18.08,18.29,2541172,46317436.00
2016/10/19,18.32,18.88,18.19,18.65,5756339,107036880.00
2016/10/20,18.61,18.71,18.33,18.56,3500191,64863408.00
2016/10/21,18.58,19.47,18.47,18.83,7366183,139092256.00
2016/10/24,19.00,19.40,18.61,19.00,6732767,127898872.00
2016/10/25,18.50,19.49,18.50,18.67,6038837,113920384.00
2016/10/26,18.93,18.93,18.50,18.65,5775211,108551360.00
2016/10/27,18.79,18.90,18.59,18.68,4927780,92537232.00
2016/10/28,18.60,18.72,18.31,18.34,4033043,74727200.00
2016/10/31,18.26,18.30,17.48,17.84,5987123,106544264.00
2016/11/01,17.85,18.28,17.81,18.20,4751222,85975168.00
2016/11/02,18.12,18.97,18.11,18.55,5354287,100110904.00
2016/11/03,18.45,18.76,18.15,18.72,4683827,86894912.00
2016/11/04,18.71,18.86,18.58,18.80,2823786,52818812.00
2016/11/07,18.65,18.91,18.62,18.85,3630510,68237320.00
2016/11/08,18.89,18.91,18.60,18.79,4046556,76059984.00
2016/11/09,18.77,18.88,18.53,18.79,5210332,97505256.00
2016/11/10,18.70,19.20,18.70,18.94,4830416,91242880.00
2016/11/11,18.95,19.43,18.84,19.35,5826688,111868376.00
2016/11/14,19.26,19.97,19.14,19.94,7936741,155646288.00
2016/11/15,19.95,20.39,19.60,20.37,7960924,160176288.00
2016/11/16,20.21,20.50,19.92,20.02,6573294,132659896.00
2016/11/17,20.06,20.65,19.70,20.38,5818441,117848584.00
2016/11/18,20.48,20.59,19.98,20.01,3628162,73601680.00
2016/11/21,19.83,20.18,19.76,19.87,3608152,71969608.00
2016/11/22,19.90,21.30,19.90,21.12,7605797,156843600.00
2016/11/23,20.58,20.87,20.20,20.30,6526660,134243856.00
2016/11/24,20.22,20.48,20.03,20.34,3468305,70125160.00
2016/11/25,20.28,20.44,19.67,20.36,4145556,83214328.00
2016/11/28,20.36,20.58,20.00,20.47,3447743,70392688.00
2016/11/29,20.26,20.42,19.77,20.33,4532691,90824688.00
2016/11/30,20.25,21.29,19.90,20.67,4746233,98376000.00
2016/12/01,20.67,20.86,20.20,20.66,2594710,53110004.00
2016/12/02,20.59,20.59,19.90,20.15,3128260,63054856.00
2016/12/05,19.85,20.19,19.83,20.04,2828897,56646632.00
2016/12/06,19.83,20.18,19.83,20.00,1774100,35416720.00
2016/12/07,19.90,20.19,19.90,20.03,2813368,56202632.00
2016/12/08,19.93,20.16,19.86,19.95,1962251,39156756.00
2016/12/09,19.90,20.83,19.90,20.33,4701800,96091528.00
2016/12/12,20.23,20.40,19.56,19.79,5344200,106717616.00
2016/12/13,19.52,21.30,19.45,20.78,5320513,109148656.00
2016/12/14,20.65,22.28,20.65,20.89,8731985,186687104.00
2016/12/15,20.70,21.68,20.61,21.39,8167644,173206160.00
2016/12/16,21.20,22.63,21.19,22.01,9586952,210092736.00
2016/12/19,21.77,22.57,21.27,21.66,7486979,164632336.00
2016/12/20,21.50,21.97,21.03,21.42,4644409,99900320.00
2016/12/21,21.52,22.05,21.10,21.64,6059229,130698168.00
2016/12/22,21.35,21.74,21.08,21.50,4056311,86695728.00
2016/12/23,21.40,21.60,20.76,21.06,4343688,91366240.00
2016/12/26,20.88,22.50,20.87,22.20,8184607,178294096.00
2016/12/27,22.20,23.98,21.61,23.42,16481274,370673952.00
2016/12/28,22.98,23.35,22.30,22.74,7227502,164455888.00
2016/12/29,21.89,22.37,21.31,22.23,10822529,235341648.00
2016/12/30,21.99,22.25,21.58,21.74,9465142,206251088.00
2017/01/03,21.72,22.30,21.70,22.03,6503455,142683664.00
2017/01/04,22.03,22.96,21.36,22.77,7936653,175435600.00
2017/01/05,22.40,23.41,22.33,22.80,6602087,151186464.00
2017/01/06,22.80,23.49,22.45,23.29,5680104,129724704.00
2017/01/09,23.18,23.20,22.71,23.04,7919274,182070432.00
2017/01/10,23.00,23.24,22.23,22.77,8940100,203525248.00
2017/01/11,22.52,23.00,21.75,22.70,11888740,269231392.00
2017/01/12,22.40,22.79,21.82,22.26,4057248,90889096.00
2017/01/13,22.09,22.82,21.86,22.27,4991810,110681288.00
2017/01/16,22.10,22.16,20.11,21.78,9641045,206780864.00
2017/01/17,21.69,22.20,21.27,21.85,4945749,107990320.00
2017/01/18,21.60,22.25,21.60,22.14,3641357,80216880.00
2017/01/19,22.11,22.97,22.10,22.92,6119219,138033088.00
2017/01/20,22.92,23.28,22.56,23.16,5401500,124050000.00
2017/01/23,23.00,23.50,22.86,23.47,3978355,92387976.00
2017/01/24,23.29,23.53,23.21,23.42,2690184,62827168.00
2017/01/25,23.42,24.07,23.33,23.84,4129601,98027744.00
2017/01/26,23.75,23.84,22.91,23.08,3854100,89514328.00
2017/02/03,22.98,23.37,22.63,23.32,2020678,46966980.00
2017/02/06,23.29,23.54,23.25,23.39,4400849,103280912.00
2017/02/07,23.23,25.00,23.23,24.33,7355509,177503760.00
2017/02/08,24.54,26.76,24.03,26.76,26991250,693408128.00
2017/02/09,28.98,29.44,28.20,29.44,31516476,921945280.00
2017/02/10,30.32,30.50,26.50,26.50,72227855,1962256768.00
2017/02/13,24.10,24.95,23.85,23.86,42329637,1024286592.00
2017/02/14,23.65,24.25,23.46,23.87,23209770,554905664.00
2017/02/15,23.87,24.00,22.81,23.00,26928156,626672128.00
2017/02/16,23.05,23.17,22.23,22.42,20229694,456094784.00
2017/02/17,22.45,22.65,22.13,22.18,15354030,343646208.00
2017/02/20,22.08,22.08,21.20,21.40,16084070,345228320.00
2017/02/21,21.38,21.64,21.23,21.51,10123706,217729040.00
2017/02/22,21.52,21.67,21.33,21.49,8495085,182343824.00
2017/02/23,21.51,21.55,20.73,20.94,12674401,265850768.00
2017/02/24,20.90,21.07,20.81,21.04,6746689,141457280.00
2017/02/27,21.06,21.35,20.83,21.28,9983207,210563696.00
2017/02/28,21.25,21.25,21.00,21.21,6641504,140438896.00
2017/03/01,21.28,21.47,21.04,21.33,8818881,187427120.00
2017/03/02,21.35,21.41,20.59,20.61,9671539,202853392.00
2017/03/03,20.50,20.50,20.13,20.34,7264488,147289376.00
2017/03/06,20.28,20.53,20.20,20.52,4912549,100199440.00
2017/03/07,20.44,20.58,20.31,20.42,4873994,99429816.00
2017/03/08,20.38,20.52,20.18,20.23,4977204,101055488.00
2017/03/09,20.20,20.23,19.66,19.80,7397400,146880336.00
2017/03/10,19.88,20.15,19.85,20.03,5849898,117047608.00
2017/03/13,20.06,20.09,19.60,19.98,4608695,91493480.00
2017/03/14,19.98,20.41,19.90,20.21,6843633,137908352.00
2017/03/15,20.08,20.35,20.02,20.10,4844026,97780384.00
2017/03/16,20.15,20.46,20.10,20.41,6336566,128575656.00
2017/03/17,20.41,20.49,20.07,20.12,5825586,118097784.00
2017/03/20,20.05,20.33,19.97,20.30,4748101,95677160.00
2017/03/21,20.30,20.39,20.20,20.34,4158882,84422488.00
2017/03/22,20.24,20.24,19.90,19.95,4671300,93607952.00
2017/03/23,19.94,20.08,19.16,19.41,7073200,138644336.00
2017/03/24,19.31,19.42,19.02,19.22,5772071,110633008.00
2017/03/27,19.24,19.51,19.15,19.49,4833693,93580048.00
2017/03/28,19.47,19.68,19.34,19.38,3514100,68443472.00
2017/03/29,19.34,19.38,19.07,19.09,4026001,77396464.00
2017/03/30,19.07,19.42,18.98,19.17,6612000,126693096.00
2017/03/31,19.19,19.32,18.44,18.60,6623565,124764296.00
2017/04/05,18.45,18.76,18.30,18.71,4270979,79286536.00
2017/04/06,18.71,19.15,18.55,18.99,5304068,100719304.00
2017/04/07,18.87,19.11,18.54,18.71,4856435,91628280.00
2017/04/10,18.65,18.70,18.10,18.16,5809242,106154544.00
2017/04/11,18.01,18.15,17.29,17.66,8492909,149532096.00
2017/04/12,17.66,17.76,17.34,17.44,4080491,71436512.00
2017/04/13,17.38,18.45,17.09,17.74,8299441,147710064.00
2017/04/14,17.54,18.10,17.40,17.64,6166981,109997192.00
2017/04/24,17.70,18.24,17.23,18.07,8712558,156108560.00
2017/04/25,17.78,18.30,17.55,18.25,6684023,119735928.00
2017/04/26,18.14,18.40,18.00,18.24,3743821,68227040.00
2017/04/27,18.40,18.50,18.02,18.46,4171541,76214000.00
2017/04/28,18.33,18.56,18.31,18.48,2810783,51806532.00
2017/05/02,18.50,18.50,18.03,18.04,2766847,50435360.00
2017/05/03,17.88,18.38,17.88,18.27,2923300,53172112.00
2017/05/04,18.00,18.55,17.93,18.37,2942306,53858088.00
2017/05/05,18.38,18.66,18.20,18.38,2509200,46309992.00
2017/05/08,19.30,19.98,18.80,19.03,10351052,201253056.00
2017/05/09,19.09,19.34,18.50,18.78,5443722,101932712.00
2017/05/10,18.81,18.91,17.50,17.58,5968810,109690296.00
2017/05/11,17.45,17.45,16.56,17.07,5187797,87946528.00
2017/05/12,17.00,17.25,16.67,17.16,3623239,61515368.00
2017/05/15,17.08,17.41,17.02,17.19,2268052,39082532.00
2017/05/16,17.51,17.52,17.03,17.47,2321008,40185480.00
2017/05/17,17.57,17.95,17.34,17.75,2758000,48887452.00
2017/05/18,17.57,17.72,17.46,17.60,1874367,32921440.00
2017/05/19,17.55,18.28,17.52,17.75,2709875,48608268.00
2017/05/22,17.67,17.75,16.95,16.97,2363000,40967992.00
2017/05/23,17.00,17.25,16.68,16.79,2154178,36451840.00
2017/05/24,16.68,17.08,16.52,17.06,1597796,26858134.00
2017/05/25,17.07,17.37,16.85,17.35,1643373,28167964.00
2017/05/26,17.30,17.67,17.22,17.61,1945005,34019728.00
2017/05/31,17.66,17.95,17.59,17.60,1748364,30910474.00
2017/06/01,17.67,17.73,17.40,17.43,1530749,26895128.00
2017/06/02,17.11,17.55,17.05,17.40,1182064,20397464.00
2017/06/05,17.50,17.60,17.41,17.45,763000,13362124.00
2017/06/06,17.40,17.57,17.40,17.50,789601,13832653.00
2017/06/07,18.48,18.48,18.00,18.11,4043153,73443424.00
2017/06/08,18.01,18.15,17.91,18.03,2037733,36666920.00
2017/06/09,17.95,18.47,17.90,18.17,3642243,66527368.00
2017/06/12,18.06,18.45,17.91,18.01,1613000,29274654.00
2017/06/13,18.00,18.14,17.83,18.04,1573466,28321632.00
2017/06/14,18.04,18.04,17.82,17.86,1504004,26874272.00
2017/06/15,17.86,18.19,17.86,18.09,1588126,28661928.00
2017/06/16,18.43,18.97,18.20,18.55,4320032,80526904.00
2017/06/19,18.45,18.60,18.17,18.59,2353031,43428288.00
2017/06/20,18.58,18.58,18.32,18.35,2024880,37224572.00
2017/06/21,18.45,18.58,18.32,18.36,1405570,25903928.00
2017/06/22,18.36,18.54,18.02,18.04,1576510,28886248.00
2017/06/23,18.05,18.09,17.58,17.86,1613540,28754292.00
2017/06/26,17.73,17.97,17.73,17.92,1329151,23689776.00
2017/06/27,18.08,18.13,17.90,17.95,961468,17327910.00
2017/06/28,18.25,18.97,18.25,18.46,4722870,87993392.00
2017/06/29,18.25,18.45,18.13,18.26,2091577,38145304.00
2017/06/30,18.25,18.36,18.08,18.29,1338345,24339012.00
2017/07/03,18.21,18.53,18.21,18.39,1416761,26049748.00
2017/07/04,18.38,18.40,18.22,18.34,1035879,18934810.00
2017/07/05,18.25,18.40,18.24,18.38,1166100,21337546.00
2017/07/06,18.31,18.37,18.07,18.22,1257400,22936412.00
2017/07/07,18.19,18.22,18.07,18.17,1275500,23128386.00
2017/07/10,18.25,18.25,17.90,17.93,1557348,28080864.00
2017/07/11,17.81,17.93,17.64,17.73,1638401,29150638.00
2017/07/12,17.67,17.95,17.67,17.89,1316886,23470488.00
2017/07/13,18.19,18.68,18.10,18.36,5056000,93285448.00
2017/07/14,18.12,18.25,17.74,17.79,3021500,54304496.00
2017/07/17,17.76,17.76,16.51,16.83,3130082,53407320.00
2017/07/18,16.83,17.00,16.68,16.94,1294112,21774432.00
2017/07/19,16.65,17.18,16.65,17.08,1403082,23758780.00
2017/07/20,17.16,17.30,16.97,17.10,1942482,33286872.00
2017/07/21,17.10,17.27,16.90,17.07,1721629,29318064.00
2017/07/24,17.09,17.28,16.85,17.23,1298436,22247604.00
2017/07/25,17.25,17.30,17.06,17.21,1248746,21478150.00
2017/07/26,17.19,17.48,17.16,17.35,1120299,19428068.00
2017/07/27,17.35,17.48,17.24,17.34,1183010,20510520.00
2017/07/28,17.33,17.54,17.33,17.37,835900,14537450.00
2017/08/02,17.44,17.44,17.44,17.44,0,0.00
数据来源:通达信
