600698 湖南天雁 日线 前复权
      日期	    开盘	    最高	    最低	    收盘	    成交量	    成交额
2010/10/08,7.18,7.31,7.07,7.19,6424252,46225144.00
2010/10/11,7.18,7.20,6.90,6.96,16879737,118026552.00
2010/10/12,6.91,6.97,6.81,6.89,10179715,70039464.00
2010/10/13,6.89,6.95,6.78,6.90,8762112,60105136.00
2010/10/14,6.91,6.96,6.67,6.85,12423170,84504384.00
2010/10/15,6.80,6.88,6.68,6.75,9623434,65063040.00
2010/10/18,6.79,6.80,6.41,6.43,20057765,129740912.00
2010/10/19,6.41,6.54,6.40,6.47,8912870,57725312.00
2010/10/20,6.41,6.61,6.38,6.55,9000802,58570040.00
2010/10/21,6.56,6.60,6.42,6.48,5903470,38263384.00
2010/10/22,6.48,6.75,6.43,6.65,10968717,72602448.00
2010/10/25,6.65,6.71,6.58,6.67,11345240,75312312.00
2010/10/26,6.68,6.68,6.55,6.60,10332793,68223248.00
2010/10/27,6.58,6.84,6.58,6.68,15855641,106452680.00
2010/10/28,6.68,6.75,6.66,6.69,6755642,45223232.00
2010/10/29,6.71,6.75,6.51,6.61,7755210,51185480.00
2010/11/01,6.64,6.94,6.54,6.81,17246641,117049608.00
2010/11/02,6.81,7.02,6.68,6.89,17902945,123339552.00
2010/11/03,6.91,7.08,6.81,6.95,14853775,103591720.00
2010/11/04,7.04,7.30,7.02,7.30,18905471,137146144.00
2010/11/05,7.44,7.60,7.20,7.25,30308163,223012736.00
2010/11/08,7.26,7.35,7.15,7.28,15002344,108794192.00
2010/11/09,7.27,7.39,7.20,7.26,12356143,89909504.00
2010/11/10,7.26,7.26,7.05,7.12,13084209,93619440.00
2010/11/11,7.15,7.30,7.00,7.04,15682269,112541160.00
2010/11/12,7.01,7.02,6.69,6.69,15800631,107608952.00
2010/11/15,6.59,6.80,6.58,6.76,8932510,59415736.00
2010/11/16,6.76,6.76,6.42,6.42,10584019,69301264.00
2010/11/17,6.30,6.46,6.10,6.14,6084643,38227744.00
2010/11/18,6.15,6.27,6.11,6.19,5340123,33016180.00
2010/11/19,6.25,6.40,6.17,6.37,5724307,35824020.00
2010/11/22,6.38,6.55,6.29,6.36,7001666,44725372.00
2010/11/23,6.35,6.35,6.04,6.15,6947538,43153968.00
2010/11/24,6.10,6.35,6.08,6.33,6828976,42696632.00
2010/11/25,6.33,6.46,6.27,6.41,6254653,39825592.00
2010/11/26,6.40,6.40,6.23,6.28,4909735,30975932.00
2010/11/29,6.25,6.30,6.19,6.28,3546029,22160840.00
2010/11/30,6.26,6.33,5.97,6.07,9618330,58488280.00
2010/12/01,6.05,6.10,6.02,6.08,3713106,22510936.00
2010/12/02,6.14,6.18,6.04,6.10,5909184,35962580.00
2010/12/03,6.10,6.11,6.00,6.06,3846630,23241616.00
2010/12/06,6.11,6.36,6.10,6.36,4443577,28013748.00
2010/12/07,6.49,6.68,6.41,6.68,20191123,134018360.00
2010/12/08,6.85,6.87,6.46,6.52,14275829,94773424.00
2010/12/09,6.46,6.55,6.31,6.39,7582975,48528628.00
2010/12/10,6.31,6.45,6.31,6.42,3347312,21401092.00
2010/12/13,6.41,6.48,6.39,6.46,6655540,42802336.00
2010/12/14,6.46,6.46,6.38,6.45,4965692,31839392.00
2010/12/15,6.45,6.47,6.39,6.43,4288966,27554184.00
2010/12/16,6.43,6.75,6.42,6.75,11003863,73873640.00
2010/12/17,6.80,6.99,6.62,6.71,12932328,87647640.00
2010/12/20,6.77,6.83,6.58,6.82,14367348,96519840.00
2010/12/21,6.76,6.81,6.70,6.80,6211971,41984152.00
2010/12/22,6.81,6.83,6.71,6.73,5483167,37064632.00
2010/12/23,6.66,6.74,6.48,6.51,5598546,37020956.00
2010/12/24,6.55,6.75,6.50,6.60,5995297,39740356.00
2010/12/27,6.67,6.67,6.27,6.32,5329756,34509536.00
2010/12/28,6.28,6.28,6.00,6.08,7722256,46889856.00
2010/12/29,6.07,6.19,6.07,6.19,3104940,19007080.00
2010/12/30,6.19,6.25,6.13,6.21,3246080,20119212.00
2010/12/31,6.23,6.36,6.22,6.36,3457348,21811336.00
2011/01/04,6.46,6.49,6.35,6.39,4853731,31045004.00
2011/01/05,6.36,6.36,6.23,6.29,3971873,24915802.00
2011/01/06,6.31,6.35,6.25,6.32,3737225,23546048.00
2011/01/07,6.30,6.38,6.28,6.33,3529020,22329512.00
2011/01/10,6.33,6.33,6.12,6.14,3302570,20508052.00
2011/01/11,6.13,6.18,6.06,6.18,2491581,15253451.00
2011/01/12,6.20,6.20,6.13,6.19,2319955,14295482.00
2011/01/13,6.20,6.38,6.15,6.31,4842446,30347624.00
2011/01/14,6.29,6.29,6.15,6.16,2783723,17231044.00
2011/01/17,6.09,6.14,5.93,5.94,4469728,26903448.00
2011/01/18,5.94,6.04,5.90,5.99,1874698,11200965.00
2011/01/19,5.99,6.03,5.75,6.02,4072616,23998056.00
2011/01/20,5.99,5.99,5.72,5.73,3562037,20870884.00
2011/01/21,5.70,5.83,5.64,5.79,3177742,18275990.00
2011/01/24,5.80,5.82,5.66,5.70,2284000,13039221.00
2011/01/25,5.70,5.73,5.53,5.58,1856343,10420725.00
2011/01/26,5.59,5.67,5.58,5.67,1494910,8419186.00
2011/01/27,5.65,5.74,5.51,5.71,2629744,14844016.00
2011/01/28,5.71,5.77,5.61,5.75,1918047,10945542.00
2011/01/31,5.75,5.87,5.71,5.85,2099480,12222384.00
2011/02/01,5.96,6.14,5.84,6.10,5384735,32744420.00
2011/02/09,6.01,6.09,5.93,5.93,2501915,15018476.00
2011/02/10,6.07,6.23,6.07,6.23,9040851,56240720.00
2011/02/11,6.25,6.29,6.16,6.20,6087449,37827068.00
2011/02/14,6.21,6.33,6.12,6.25,6159033,38361248.00
2011/02/15,6.25,6.31,6.18,6.25,5392274,33652672.00
2011/02/16,6.22,6.25,6.15,6.24,3683964,22863148.00
2011/02/17,6.25,6.26,6.15,6.20,4361505,26981172.00
2011/02/18,6.19,6.51,6.14,6.41,11501045,73124992.00
2011/02/21,6.34,6.54,6.31,6.44,6461817,41516520.00
2011/02/22,6.46,6.48,6.14,6.17,6229375,39075564.00
2011/02/23,6.11,6.22,6.11,6.20,2329112,14416762.00
2011/02/24,6.20,6.27,6.16,6.24,2974489,18500914.00
2011/02/25,6.24,6.32,6.20,6.30,4304686,26925808.00
2011/02/28,6.30,6.38,6.25,6.37,3902946,24710896.00
2011/03/01,6.39,6.44,6.31,6.36,4055563,25798542.00
2011/03/02,6.36,6.37,6.28,6.37,3250076,20544752.00
2011/03/03,6.40,6.52,6.37,6.41,7726263,49885192.00
2011/03/04,6.67,6.73,6.60,6.73,7788327,52247188.00
2011/03/07,7.06,7.06,6.58,6.60,21142888,143724464.00
2011/03/08,6.57,6.67,6.54,6.63,5990832,39599732.00
2011/03/09,6.65,6.66,6.53,6.62,7206127,47447104.00
2011/03/10,6.61,6.61,6.52,6.55,4788277,31378228.00
2011/03/11,6.53,6.59,6.52,6.53,4020805,26355332.00
2011/03/14,6.45,6.52,6.39,6.48,6129716,39580668.00
2011/03/15,6.50,6.80,6.50,6.80,24308906,164225024.00
2011/03/16,6.98,6.98,6.71,6.77,16168715,110354992.00
2011/03/17,6.70,7.10,6.67,6.95,19798010,137687008.00
2011/03/18,6.99,7.06,6.86,6.98,8892476,61773936.00
2011/03/21,6.98,7.02,6.72,6.73,12613832,86031880.00
2011/03/22,6.80,7.07,6.64,6.98,44227562,310945248.00
2011/03/24,6.63,6.63,6.63,6.63,4631400,30706182.00
2011/03/25,6.30,6.30,6.30,6.30,5097100,32111730.00
2011/03/28,6.11,6.25,6.07,6.16,44732650,274680576.00
2011/03/29,6.08,6.29,6.03,6.21,25821870,160172512.00
2011/03/30,6.21,6.22,6.06,6.08,14078355,85984832.00
2011/03/31,6.06,6.09,5.86,5.90,14668760,87617280.00
2011/04/06,5.94,6.13,5.94,6.07,12581921,76184368.00
2011/04/07,6.01,6.21,6.01,6.19,11380933,69780768.00
2011/04/08,6.16,6.27,6.13,6.21,10403215,64518404.00
2011/04/11,6.22,6.29,6.13,6.18,8790310,54421348.00
2011/04/12,6.19,6.20,6.12,6.16,7075581,43626840.00
2011/04/13,6.15,6.19,6.10,6.18,7120203,43721252.00
2011/04/14,6.20,6.49,6.15,6.47,24580219,156383312.00
2011/04/15,6.38,6.50,6.30,6.39,19266728,123470392.00
2011/04/18,6.35,6.46,6.34,6.41,9200364,58858552.00
2011/04/19,6.40,6.40,6.18,6.24,12838830,80422176.00
2011/04/20,6.25,6.51,6.18,6.50,14664634,92583176.00
2011/04/21,6.42,6.47,6.34,6.38,12559569,80593744.00
2011/04/22,6.36,6.47,6.31,6.38,8008491,51186576.00
2011/04/25,6.40,6.68,6.20,6.55,21654069,139249248.00
2011/04/26,6.45,6.49,6.37,6.44,15901182,102354152.00
2011/04/27,6.44,6.49,6.12,6.20,12821517,81097232.00
2011/04/29,5.93,6.04,5.89,6.02,12175208,72297432.00
2011/05/03,6.00,6.08,5.89,6.04,5262399,31585020.00
2011/05/04,6.06,6.06,5.93,5.96,5614306,33583944.00
2011/05/05,5.94,6.06,5.91,6.00,4271983,25599808.00
2011/05/06,5.98,6.06,5.85,6.00,4210930,25237692.00
2011/05/09,6.05,6.09,6.00,6.08,4204817,25420594.00
2011/05/10,6.37,6.37,6.14,6.19,8690152,54218228.00
2011/05/11,6.16,6.27,6.10,6.17,7005265,43330672.00
2011/05/12,6.14,6.30,6.03,6.28,14799824,91504624.00
2011/05/13,6.18,6.27,6.17,6.22,14155696,87727336.00
2011/05/16,6.19,6.21,6.13,6.14,4646782,28655892.00
2011/05/17,6.16,6.19,5.94,6.04,7157565,43322820.00
2011/05/18,6.02,6.07,5.99,6.05,3361297,20301842.00
2011/05/19,6.06,6.07,5.99,6.02,6722040,40424304.00
2011/05/20,6.01,6.06,5.99,6.02,3696205,22239636.00
2011/05/23,6.01,6.01,5.72,5.72,10241800,59535648.00
2011/05/24,5.70,5.70,5.45,5.60,6369754,35211384.00
2011/05/25,5.56,5.63,5.46,5.48,3932089,21797464.00
2011/05/26,5.52,5.55,5.43,5.43,2927646,16070695.00
2011/05/27,5.40,5.44,5.16,5.16,7473299,38919552.00
2011/05/30,5.10,5.12,4.93,5.01,4248099,21382700.00
2011/05/31,5.03,5.09,4.80,5.00,8354747,41147260.00
2011/06/01,4.97,5.08,4.96,5.06,3916849,19707734.00
2011/06/02,5.00,5.02,4.86,4.98,4026830,19928146.00
2011/06/03,4.99,5.09,4.95,5.07,3541719,17836516.00
2011/06/07,5.10,5.15,5.06,5.15,2313493,11819117.00
2011/06/08,5.15,5.15,5.00,5.11,3828569,19430686.00
2011/06/09,5.08,5.12,4.93,4.94,4227570,21233002.00
2011/06/10,4.95,5.02,4.89,5.00,3232633,16020025.00
2011/06/13,4.97,5.06,4.91,5.05,2674141,13334475.00
2011/06/14,5.08,5.16,5.07,5.10,3369124,17201848.00
2011/06/15,5.08,5.12,5.03,5.04,2392101,12131331.00
2011/06/16,5.03,5.03,4.92,4.94,2606426,12924857.00
2011/06/17,4.92,5.00,4.92,4.95,1632420,8080546.00
2011/06/20,4.93,4.95,4.85,4.87,2190600,10737680.00
2011/06/21,4.88,4.94,4.83,4.93,2560362,12483188.00
2011/06/22,4.95,4.95,4.88,4.93,1806002,8866976.00
2011/06/23,4.92,4.99,4.86,4.98,2640833,13035979.00
2011/06/24,4.97,5.14,4.95,5.09,4406512,22320196.00
2011/06/27,5.11,5.18,5.07,5.14,3802348,19483710.00
2011/07/11,5.40,5.40,5.40,5.40,362970,1960038.00
2011/07/12,5.67,5.67,5.67,5.67,593591,3365661.00
2011/07/13,5.95,5.95,5.85,5.95,24181325,143718928.00
2011/07/14,6.13,6.20,5.95,5.97,24606498,149005008.00
2011/07/15,5.95,5.95,5.76,5.91,11790648,69189640.00
2011/07/18,5.95,5.95,5.84,5.88,5672527,33396576.00
2011/07/19,5.86,6.12,5.83,5.99,10929028,65907120.00
2011/07/20,5.99,6.04,5.89,5.92,5461798,32525586.00
2011/07/21,5.95,5.96,5.87,5.95,3638105,21493024.00
2011/07/22,5.97,6.13,5.94,6.03,8322867,50364936.00
2011/07/25,6.03,6.03,5.73,5.73,8549417,49824428.00
2011/07/26,5.75,5.83,5.71,5.80,3115850,18006590.00
2011/07/27,5.82,5.83,5.74,5.80,3450312,19971108.00
2011/07/28,5.86,6.09,5.82,5.96,9033765,54140096.00
2011/07/29,5.99,6.05,5.86,5.96,6528849,38773424.00
2011/08/01,5.93,6.01,5.91,5.97,3038311,18130720.00
2011/08/02,5.98,5.98,5.80,5.89,4330595,25402064.00
2011/08/03,5.85,6.10,5.83,5.98,4629564,27714388.00
2011/08/04,6.00,6.03,5.89,5.96,3065273,18206676.00
2011/08/05,5.80,5.90,5.77,5.85,3697501,21587730.00
2011/08/08,5.95,6.10,5.80,6.04,15197864,91078504.00
2011/08/09,5.92,6.34,5.81,6.34,26699986,165924624.00
2011/08/16,6.50,6.50,6.02,6.02,25754070,158864800.00
2011/08/17,5.95,5.95,5.72,5.73,17887303,103219584.00
2011/08/18,5.68,5.79,5.63,5.70,6878058,39322292.00
2011/08/19,5.57,5.60,5.42,5.44,11371826,62053728.00
2011/08/22,5.42,5.52,5.34,5.36,4870234,26385910.00
2011/08/23,5.37,5.48,5.35,5.47,4643976,25178752.00
2011/08/24,5.49,5.49,5.41,5.42,4055420,22069680.00
2011/08/25,5.43,5.50,5.36,5.47,5235344,28477984.00
2011/08/26,5.46,5.52,5.42,5.48,4440662,24368816.00
2011/08/29,5.50,5.74,5.46,5.62,7786076,43849296.00
2011/08/30,5.62,5.65,5.48,5.50,4296811,23967752.00
2011/08/31,5.51,5.55,5.38,5.48,2877610,15743978.00
2011/09/01,5.48,5.61,5.44,5.48,3438267,18959038.00
2011/09/02,5.44,5.50,5.29,5.35,3464827,18597472.00
2011/09/05,5.33,5.33,5.10,5.15,2975093,15344439.00
2011/09/06,5.10,5.16,5.03,5.09,2785290,14179458.00
2011/09/07,5.12,5.19,5.10,5.17,2476101,12766934.00
2011/09/08,5.20,5.23,5.11,5.13,2006179,10372958.00
2011/09/09,5.12,5.37,5.12,5.22,3878497,20324304.00
2011/09/13,5.15,5.15,5.06,5.13,2265771,11591737.00
2011/09/14,5.19,5.24,5.12,5.23,2441345,12636590.00
2011/09/15,5.25,5.32,5.23,5.31,3230565,17070048.00
2011/09/16,5.31,5.35,5.26,5.27,2352221,12431674.00
2011/09/19,5.27,5.28,5.11,5.11,2351734,12160927.00
2011/09/20,5.07,5.15,5.07,5.12,2228491,11372519.00
2011/09/21,5.14,5.30,5.10,5.24,3656364,19102896.00
2011/09/22,5.22,5.32,5.17,5.19,3625870,19035744.00
2011/09/23,5.10,5.18,5.06,5.15,2597369,13278946.00
2011/09/26,5.15,5.19,4.95,5.00,3034349,15349890.00
2011/09/27,5.06,5.07,4.93,5.00,1951671,9765452.00
2011/09/28,5.01,5.05,4.90,4.96,2039758,10158856.00
2011/09/29,4.94,4.95,4.71,4.74,3592450,17248072.00
2011/09/30,4.78,4.79,4.63,4.76,2088517,9839189.00
2011/10/10,4.80,4.80,4.72,4.76,1649395,7861080.00
2011/10/11,4.86,4.92,4.75,4.81,2124255,10244064.00
2011/10/12,4.78,4.92,4.72,4.91,2836738,13786447.00
2011/10/13,4.94,4.96,4.90,4.94,2288267,11278066.00
2011/10/14,4.94,4.95,4.87,4.92,1981050,9735703.00
2011/10/17,4.94,4.95,4.86,4.91,1694406,8308887.00
2011/10/18,4.88,4.88,4.70,4.72,2320160,11081666.00
2011/10/19,4.73,4.76,4.66,4.74,1259629,5933549.00
2011/10/20,4.74,4.74,4.51,4.56,2097286,9640703.00
2011/10/21,4.55,4.62,4.50,4.57,1196096,5452424.00
2011/10/24,4.59,4.62,4.36,4.52,2511687,11253042.00
2011/10/25,4.53,4.65,4.46,4.62,2411025,10987478.00
2011/10/26,4.60,4.67,4.56,4.64,2185172,10130933.00
2011/10/27,4.65,4.70,4.59,4.64,2462593,11439800.00
2011/10/28,4.68,4.74,4.65,4.74,3247412,15223596.00
2011/11/01,4.65,4.83,4.65,4.76,2882005,13700292.00
2011/11/02,4.68,4.77,4.65,4.77,2930551,13780182.00
2011/11/03,4.76,4.84,4.75,4.80,4185594,20038466.00
2011/11/04,4.80,4.84,4.77,4.83,3304039,15860924.00
2011/11/07,4.82,5.07,4.80,5.03,10071068,50405772.00
2011/11/08,4.99,5.02,4.85,4.89,4556150,22513808.00
2011/11/09,4.89,4.97,4.86,4.94,2076082,10195865.00
2011/11/10,4.90,4.90,4.80,4.84,3059801,14821900.00
2011/11/11,4.83,4.89,4.83,4.87,1972610,9588568.00
2011/11/14,4.91,4.95,4.87,4.92,2879177,14128139.00
2011/11/15,4.92,5.04,4.91,4.98,3475836,17292140.00
2011/11/16,4.98,4.98,4.81,4.84,3038344,14818849.00
2011/11/17,4.84,4.88,4.80,4.85,1940605,9395335.00
2011/11/18,4.83,4.86,4.70,4.75,2874953,13697848.00
2011/11/21,4.74,4.77,4.65,4.71,1785031,8399533.00
2011/11/22,4.68,4.70,4.55,4.67,1578428,7324115.00
2011/11/23,4.68,4.70,4.59,4.59,1215121,5629543.00
2011/11/24,4.58,4.62,4.48,4.55,1703391,7737538.00
2011/11/25,4.50,4.65,4.50,4.56,1322097,6056547.00
2011/11/28,4.52,4.63,4.52,4.58,1681601,7706258.00
2011/11/29,4.63,4.63,4.56,4.60,1456710,6684339.00
2011/11/30,4.60,4.61,4.37,4.38,2658978,11777959.00
2011/12/01,4.48,4.53,4.40,4.43,2338371,10451200.00
2011/12/02,4.43,4.46,4.21,4.27,3737524,15927134.00
2011/12/05,4.27,4.27,4.06,4.06,2722714,11138214.00
2011/12/06,4.00,4.07,3.96,4.03,1361044,5471403.00
2011/12/07,4.03,4.07,4.01,4.06,890754,3604118.00
2011/12/08,4.11,4.12,3.99,4.05,1756542,7105275.00
2011/12/09,4.05,4.05,3.93,3.97,1574513,6277936.00
2011/12/12,3.94,4.00,3.94,3.95,930360,3694085.00
2011/12/13,3.92,3.94,3.75,3.75,2477506,9330567.00
2011/12/14,3.72,3.72,3.56,3.56,2531499,9094039.00
2011/12/15,3.50,3.50,3.38,3.38,4060567,13765929.00
2011/12/16,3.38,3.55,3.30,3.55,2500429,8596635.00
2011/12/19,3.55,3.73,3.47,3.73,7512663,27833648.00
2011/12/20,3.73,3.85,3.67,3.68,3257488,12197528.00
2011/12/21,3.69,3.75,3.50,3.56,2552130,9243969.00
2011/12/22,3.45,3.60,3.45,3.56,2750934,9738867.00
2011/12/23,3.57,3.66,3.51,3.64,2056785,7422915.00
2011/12/26,3.64,3.66,3.54,3.55,2331178,8371720.00
2011/12/27,3.55,3.62,3.50,3.50,1432277,5095811.00
2012/01/05,3.68,3.68,3.68,3.68,504973,1858301.00
2012/01/06,3.86,3.86,3.80,3.86,5995757,23121302.00
2012/01/09,4.00,4.00,3.82,3.94,7325198,28542148.00
2012/01/10,3.94,4.13,3.88,4.07,6667549,26557348.00
2012/01/11,4.05,4.13,4.00,4.05,4006874,16263678.00
2012/01/12,4.05,4.06,3.93,3.94,2920933,11669946.00
2012/01/13,3.98,3.98,3.80,3.84,2689949,10393816.00
2012/01/16,3.84,3.93,3.81,3.90,2406673,9363284.00
2012/01/17,3.92,4.03,3.80,4.00,4140759,16275762.00
2012/01/18,3.95,4.01,3.94,3.97,2920944,11573381.00
2012/01/19,3.94,4.01,3.88,3.90,3160392,12465884.00
2012/01/20,3.93,3.95,3.89,3.93,1984836,7782134.00
2012/01/30,3.96,4.12,3.94,4.06,4007678,16283695.00
2012/01/31,4.04,4.10,4.00,4.06,2364822,9581247.00
2012/02/01,4.06,4.18,4.02,4.08,3935656,16219118.00
2012/02/02,4.10,4.12,4.04,4.08,2155458,8767833.00
2012/02/06,4.13,4.24,4.12,4.16,3901438,16262717.00
2012/02/07,4.12,4.16,3.95,3.98,4020946,16154901.00
2012/02/08,3.98,4.06,3.96,4.05,3019623,12106248.00
2012/02/09,4.04,4.09,4.01,4.06,3291050,13371605.00
2012/02/10,4.08,4.10,4.03,4.06,2699854,10962784.00
2012/02/13,4.05,4.14,3.98,4.09,3493248,14218949.00
2012/02/14,4.09,4.25,4.08,4.17,5488025,22902116.00
2012/02/15,4.17,4.30,4.14,4.29,6281791,26592888.00
2012/02/16,4.29,4.31,4.19,4.24,4248320,17995668.00
2012/02/17,4.22,4.45,4.21,4.45,11695379,51280180.00
2012/02/20,4.50,4.67,4.45,4.46,12666924,57676292.00
2012/02/21,4.42,4.50,4.31,4.43,6589322,29007352.00
2012/02/22,4.41,4.49,4.34,4.45,4613330,20369116.00
2012/02/23,4.42,4.48,4.33,4.38,4850324,21317772.00
2012/02/24,4.40,4.44,4.36,4.41,4000544,17641838.00
2012/02/27,4.41,4.46,4.37,4.41,4712629,20828952.00
2012/02/28,4.39,4.61,4.36,4.46,6409329,28753420.00
2012/02/29,4.44,4.47,4.36,4.36,3329039,14668765.00
2012/03/01,4.34,4.40,4.33,4.36,2361511,10296435.00
2012/03/02,4.36,4.46,4.36,4.42,3035783,13408884.00
2012/03/05,4.41,4.46,4.33,4.39,3741602,16493306.00
2012/03/06,4.38,4.44,4.33,4.43,3080999,13509893.00
2012/03/07,4.37,4.44,4.37,4.41,2854633,12593799.00
2012/03/08,4.42,4.46,4.40,4.44,2688371,11905854.00
2012/03/09,4.43,4.61,4.41,4.55,6581606,29759028.00
2012/03/12,4.54,4.54,4.45,4.51,4563402,20507856.00
2012/03/13,4.48,4.50,4.44,4.48,3369491,15051492.00
2012/03/14,4.48,4.58,4.26,4.26,6717719,29538060.00
2012/03/15,4.25,4.27,4.05,4.06,6950201,28552412.00
2012/03/16,4.10,4.24,4.08,4.23,5619904,23374376.00
2012/03/19,4.24,4.37,4.17,4.36,5871630,25042356.00
2012/03/20,4.31,4.38,4.25,4.28,3160645,13584426.00
2012/03/21,4.28,4.31,4.13,4.26,3391860,14308065.00
2012/03/22,4.21,4.24,4.18,4.22,2067892,8699981.00
2012/03/23,4.23,4.32,4.17,4.24,4326005,18414796.00
2012/03/26,4.34,4.45,4.28,4.45,5193515,22804360.00
2012/03/27,4.60,4.60,4.38,4.39,9322671,42094640.00
2012/03/28,4.36,4.53,4.24,4.29,6757279,29588806.00
2012/03/29,4.25,4.39,4.21,4.31,6224717,26842836.00
2012/03/30,4.33,4.36,4.23,4.29,2894013,12417959.00
2012/04/05,4.25,4.46,4.25,4.40,5686558,25010852.00
2012/04/06,4.42,4.60,4.38,4.57,5627998,25145326.00
2012/04/09,4.57,4.72,4.48,4.62,7288912,33694480.00
2012/04/10,4.63,4.67,4.53,4.65,4650612,21460822.00
2012/04/11,4.61,4.83,4.61,4.81,7782254,36858040.00
2012/04/12,4.81,4.87,4.76,4.80,4869875,23384444.00
2012/04/13,4.80,4.84,4.66,4.72,6884789,32617706.00
2012/04/16,4.69,4.86,4.65,4.78,6034650,28882896.00
2012/04/17,4.77,4.84,4.67,4.70,4431474,21058370.00
2012/04/18,4.69,4.79,4.68,4.71,4414981,20877356.00
2012/04/19,4.69,4.76,4.69,4.69,3323823,15685490.00
2012/04/20,4.69,4.87,4.68,4.80,5692427,27088392.00
2012/04/23,4.79,5.04,4.79,5.01,12542672,62911440.00
2012/04/24,5.02,5.03,4.76,4.76,9843378,47794836.00
2012/04/25,4.69,4.90,4.64,4.89,9507914,45899244.00
2012/04/26,4.90,5.05,4.80,4.86,14442451,70765168.00
2013/07/05,5.00,5.19,4.18,4.19,35382483,167879648.00
2013/07/08,3.98,3.98,3.98,3.98,1319800,5252804.00
2013/07/09,3.78,3.78,3.78,3.78,784800,2966544.00
2013/07/10,3.59,3.74,3.59,3.60,18282098,66094084.00
2013/07/11,3.61,3.72,3.59,3.66,10953320,40019528.00
2013/07/12,3.65,3.76,3.63,3.68,6745811,24976464.00
2013/07/15,3.66,3.70,3.59,3.65,6299741,22896066.00
2013/07/16,3.64,3.70,3.63,3.68,4679693,17130284.00
2013/07/17,3.67,3.71,3.64,3.66,4942457,18140686.00
2013/07/18,3.65,3.65,3.51,3.52,5701366,20281932.00
2013/07/19,3.53,3.55,3.44,3.45,4950345,17237486.00
2013/07/22,3.43,3.55,3.38,3.53,4612170,15952948.00
2013/07/23,3.54,3.59,3.49,3.58,4118966,14634218.00
2013/07/24,3.55,3.75,3.54,3.69,6241994,22887284.00
2013/07/25,3.67,3.74,3.63,3.68,4380764,16119181.00
2013/07/26,3.66,3.72,3.60,3.61,4263587,15628373.00
2013/07/29,3.60,3.61,3.44,3.47,4242239,14848128.00
2013/07/30,3.50,3.50,3.40,3.44,2776906,9569866.00
2013/07/31,3.46,3.48,3.44,3.46,1734132,6002277.00
2013/08/01,3.47,3.51,3.45,3.51,2367834,8269553.00
2013/08/02,3.53,3.55,3.50,3.52,2336251,8223615.00
2013/08/05,3.53,3.70,3.51,3.65,5648839,20465928.00
2013/08/06,3.62,3.68,3.62,3.66,2957549,10807156.00
2013/08/07,3.65,3.67,3.59,3.59,3421233,12401918.00
2013/08/08,3.58,3.61,3.57,3.59,2340864,8404452.00
2013/08/09,3.60,3.62,3.57,3.62,2334130,8413076.00
2013/08/12,3.64,3.68,3.60,3.66,4665620,17004768.00
2013/08/13,3.66,3.76,3.64,3.70,6105487,22585964.00
2013/08/14,3.70,3.72,3.64,3.65,4659747,17168918.00
2013/08/15,3.67,3.70,3.64,3.68,3827275,14065702.00
2013/08/16,3.67,3.82,3.65,3.67,6087250,22726628.00
2013/08/19,3.68,3.77,3.64,3.75,5160907,19253094.00
2013/08/20,3.72,3.87,3.72,3.80,6686211,25432788.00
2013/08/21,3.80,3.82,3.75,3.81,4735374,17908544.00
2013/08/22,3.80,3.80,3.72,3.74,4528553,17029424.00
2013/08/23,3.75,3.75,3.65,3.70,3446345,12784539.00
2013/08/26,3.71,3.78,3.68,3.77,3721842,13906820.00
2013/08/27,3.76,3.77,3.73,3.75,3370220,12631915.00
2013/08/28,3.73,3.75,3.68,3.69,4048734,15041477.00
2013/08/29,3.71,3.77,3.69,3.73,4089417,15210550.00
2013/08/30,3.72,3.74,3.68,3.68,3969768,14709311.00
2013/09/02,3.70,3.70,3.65,3.68,3081486,11322073.00
2013/09/03,3.68,3.74,3.66,3.72,4153184,15416826.00
2013/09/04,3.72,3.77,3.70,3.74,5102995,19051936.00
2013/09/05,3.74,3.81,3.72,3.79,6396539,24144616.00
2013/09/06,3.78,3.82,3.77,3.80,4747278,17996392.00
2013/09/09,3.79,3.81,3.76,3.78,5561178,21031300.00
2013/09/10,3.78,3.82,3.76,3.80,6489631,24592452.00
2013/09/11,3.80,3.88,3.80,3.82,6352724,24352126.00
2013/09/12,3.84,3.95,3.81,3.90,7683566,29901754.00
2013/09/13,3.93,3.93,3.86,3.87,3908430,15156387.00
2013/09/16,3.86,3.90,3.84,3.85,3554640,13724455.00
2013/09/17,3.85,3.87,3.80,3.82,3372717,12910147.00
2013/09/18,3.81,3.83,3.79,3.82,2541274,9678777.00
2013/09/23,3.80,3.85,3.79,3.84,4632061,17699148.00
2013/09/24,3.82,3.84,3.77,3.79,4001975,15232025.00
2013/09/25,3.79,3.80,3.73,3.73,4752653,17880052.00
2013/09/26,3.74,3.74,3.57,3.58,4462571,16302136.00
2013/09/27,3.59,3.69,3.59,3.60,2731209,9894868.00
2013/09/30,3.61,3.77,3.61,3.76,3634975,13432269.00
2013/10/08,3.74,3.78,3.72,3.74,2237044,8395573.00
2013/10/09,3.74,3.75,3.70,3.73,2411558,8979995.00
2013/10/10,3.73,3.73,3.66,3.69,3129095,11558819.00
2013/10/11,3.70,3.75,3.70,3.74,2643554,9842667.00
2013/10/14,3.74,3.77,3.72,3.75,3980900,14890275.00
2013/10/15,3.75,3.85,3.73,3.84,6228750,23582348.00
2013/10/16,3.82,3.91,3.77,3.78,7026410,27063972.00
2013/10/17,3.79,3.86,3.76,3.83,4537295,17328402.00
2013/10/18,3.83,3.90,3.82,3.88,4162067,16120611.00
2013/10/21,3.88,3.90,3.85,3.88,3812980,14784444.00
2013/10/22,3.86,3.87,3.80,3.82,5224192,19990156.00
2013/10/23,3.82,3.84,3.73,3.75,3699276,13950506.00
2013/10/24,3.75,3.76,3.68,3.70,3963638,14735896.00
2013/10/25,3.71,3.73,3.66,3.67,3271805,12069093.00
2013/10/28,3.67,3.72,3.67,3.70,2442416,9025986.00
2013/10/29,3.70,3.72,3.52,3.55,6039319,21667316.00
2013/10/30,3.57,3.62,3.54,3.61,2556186,9152262.00
2013/10/31,3.64,3.64,3.59,3.62,2672452,9660922.00
2013/11/01,3.62,3.74,3.58,3.69,3311385,12102175.00
2013/11/04,3.69,3.71,3.67,3.70,2384410,8802481.00
2013/11/05,3.70,3.72,3.67,3.72,2350236,8693305.00
2013/11/06,3.72,3.80,3.69,3.72,3865150,14485842.00
2013/11/07,3.75,3.80,3.71,3.73,3846399,14415159.00
2013/11/08,3.72,3.78,3.68,3.72,3657881,13579701.00
2013/11/11,3.71,3.74,3.67,3.71,2484079,9208573.00
2013/11/12,3.71,3.81,3.68,3.73,2866339,10681557.00
2013/11/13,3.73,3.77,3.69,3.70,4388439,16401039.00
2013/11/14,3.69,3.73,3.67,3.70,2686095,9931984.00
2013/11/15,3.70,3.77,3.69,3.77,3427750,12837026.00
2013/11/18,3.74,3.84,3.74,3.82,5597150,21280700.00
2013/11/19,3.83,3.83,3.78,3.79,3826658,14524460.00
2013/11/20,3.79,3.98,3.78,3.98,10926178,42945496.00
2013/11/21,4.00,4.14,3.96,4.00,12706994,51418260.00
2013/11/22,4.00,4.09,3.96,3.98,5901073,23667516.00
2013/11/25,4.02,4.02,3.97,3.98,3367691,13470371.00
2013/11/26,3.98,4.01,3.92,3.93,4574129,18054916.00
2013/11/27,3.93,3.95,3.89,3.94,3595373,14100089.00
2013/11/28,3.94,3.97,3.91,3.95,3622555,14312282.00
2013/11/29,3.95,4.02,3.91,3.99,4268492,16892820.00
2013/12/02,3.90,3.92,3.79,3.79,8211018,31386316.00
2013/12/03,3.75,3.80,3.66,3.79,4323190,16095601.00
2013/12/04,3.79,3.84,3.76,3.80,3523953,13425645.00
2013/12/05,3.78,3.83,3.78,3.80,2326199,8850768.00
2013/12/06,3.80,3.87,3.79,3.83,3154265,12088834.00
2013/12/09,3.84,3.86,3.82,3.83,2161017,8281415.00
2013/12/10,3.82,3.86,3.82,3.86,1670447,6422634.00
2013/12/11,3.84,3.85,3.79,3.83,3025955,11564798.00
2013/12/12,3.81,3.86,3.81,3.85,2021714,7756797.00
2013/12/13,3.84,3.93,3.83,3.90,2998833,11652354.00
2013/12/16,3.90,3.90,3.85,3.87,2129189,8241362.00
2013/12/17,3.86,3.90,3.84,3.84,2007072,7745545.00
2013/12/18,3.86,3.87,3.84,3.84,1356475,5222518.00
2013/12/19,3.85,3.85,3.79,3.80,1820866,6964135.00
2013/12/20,3.80,3.82,3.71,3.73,2307375,8657804.00
2013/12/23,3.73,3.75,3.68,3.71,1797838,6681334.00
2013/12/24,3.71,3.76,3.70,3.74,1357111,5066110.00
2013/12/25,3.74,3.75,3.72,3.74,1451187,5420181.00
2013/12/26,3.73,3.81,3.72,3.73,1959387,7362187.00
2013/12/27,3.74,3.80,3.73,3.79,1660787,6263028.00
2013/12/30,3.79,3.81,3.76,3.78,2858585,10813723.00
2013/12/31,3.78,3.78,3.69,3.73,3360085,12563090.00
2014/01/02,3.70,3.74,3.69,3.73,2629507,9763480.00
2014/01/03,3.73,3.73,3.67,3.71,2390732,8847172.00
2014/01/06,3.70,3.70,3.53,3.58,3559544,12797692.00
2014/01/07,3.59,3.60,3.55,3.58,1676248,5995423.00
2014/01/08,3.58,3.60,3.52,3.53,2058200,7317767.00
2014/01/09,3.55,3.55,3.44,3.44,2606741,9109195.00
2014/01/10,3.44,3.44,3.34,3.38,1895995,6419115.00
2014/01/13,3.37,3.41,3.35,3.38,1165189,3932610.00
2014/01/14,3.36,3.43,3.36,3.43,1220093,4151867.00
2014/01/15,3.43,3.44,3.37,3.41,1165181,3959224.00
2014/01/16,3.41,3.44,3.39,3.44,1054713,3604512.00
2014/01/17,3.41,3.44,3.40,3.41,1170205,4000061.00
2014/01/20,3.41,3.42,3.36,3.37,1222790,4141763.00
2014/01/21,3.38,3.44,3.36,3.43,1266180,4315417.00
2014/01/22,3.44,3.52,3.43,3.50,1612352,5621197.00
2014/01/23,3.52,3.54,3.49,3.51,1572047,5517517.00
2014/01/24,3.50,3.53,3.49,3.51,1717340,6025763.00
2014/01/27,3.50,3.51,3.45,3.47,1444987,5029647.00
2014/01/28,3.46,3.52,3.46,3.50,1152750,4019069.00
2014/01/29,3.49,3.54,3.49,3.53,1020935,3587733.00
2014/01/30,3.55,3.55,3.47,3.51,1080395,3782115.00
2014/02/07,3.50,3.55,3.46,3.54,1946025,6819603.00
2014/02/10,3.60,3.72,3.58,3.72,3820297,14141514.00
2014/02/11,3.79,3.87,3.73,3.77,7799675,29605052.00
2014/02/12,3.79,3.79,3.72,3.77,2452811,9222735.00
2014/02/13,3.77,3.79,3.72,3.73,2533297,9487130.00
2014/02/14,3.74,3.84,3.73,3.83,2725771,10306951.00
2014/02/17,3.85,4.01,3.84,3.98,5624739,22264452.00
2014/02/18,4.00,4.00,3.90,3.94,3535217,13914270.00
2014/02/19,3.93,3.97,3.91,3.95,2200250,8679844.00
2014/02/20,3.95,3.98,3.82,3.83,3628304,14066870.00
2014/02/21,3.83,3.85,3.78,3.82,2095145,7981442.00
2014/02/24,3.80,3.82,3.75,3.79,2228376,8434808.00
2014/02/25,3.81,3.84,3.71,3.74,2500215,9435830.00
2014/02/26,3.72,3.78,3.70,3.76,2094915,7820135.00
2014/02/27,3.76,3.81,3.73,3.73,2114356,7965321.00
2014/02/28,3.72,3.76,3.67,3.76,1775460,6607711.00
2014/03/03,3.76,3.86,3.72,3.82,2230501,8514923.00
2014/03/04,3.84,3.85,3.77,3.82,2155267,8178292.00
2014/03/05,3.82,3.83,3.77,3.80,2471253,9375951.00
2014/03/06,3.80,3.86,3.77,3.85,2150923,8203409.00
2014/03/07,3.86,3.88,3.84,3.85,2250967,8681862.00
2014/03/10,3.88,3.95,3.81,3.82,7024236,27190576.00
2014/03/11,3.82,3.85,3.74,3.81,2489491,9465429.00
2014/03/12,3.81,3.91,3.79,3.90,4044962,15637610.00
2014/03/13,3.90,4.03,3.88,3.98,6107144,24272180.00
2014/03/14,3.95,3.98,3.90,3.96,3050492,12034047.00
2014/03/17,3.95,4.03,3.93,4.00,4577833,18252550.00
2014/03/18,4.00,4.01,3.97,4.00,3075056,12269654.00
2014/03/19,3.99,4.02,3.92,4.02,4313208,17190156.00
2014/03/20,4.00,4.22,3.99,4.06,9451912,38907732.00
2014/03/21,4.07,4.19,4.06,4.14,6363898,26371308.00
2014/03/24,4.13,4.27,4.13,4.21,5748990,24208480.00
2014/03/25,4.19,4.25,4.14,4.18,5161163,21578710.00
2014/03/26,4.17,4.19,4.12,4.16,3375122,13988872.00
2014/03/27,4.15,4.25,4.11,4.21,4630440,19413276.00
2014/03/28,4.23,4.28,4.21,4.24,4595731,19531588.00
2014/03/31,4.23,4.26,4.07,4.09,5473917,22698622.00
2014/04/01,4.09,4.12,4.07,4.11,2527547,10363571.00
2014/04/02,4.11,4.15,4.10,4.13,1621189,6679319.00
2014/04/03,4.13,4.20,4.10,4.14,3066472,12723019.00
2014/04/04,4.14,4.21,4.13,4.19,2146243,8982483.00
2014/04/08,4.18,4.26,4.17,4.23,3155318,13340725.00
2014/04/09,4.21,4.24,4.18,4.20,3731023,15673672.00
2014/04/10,4.20,4.32,4.20,4.28,4437355,18956776.00
2014/04/11,4.28,4.44,4.26,4.43,7592226,33237256.00
2014/04/14,4.44,4.50,4.40,4.47,5412056,24086602.00
2014/04/15,4.45,4.49,4.40,4.46,4295042,19070244.00
2014/04/16,4.45,4.68,4.44,4.63,7643505,35012696.00
2014/04/17,4.62,4.77,4.54,4.65,6970960,32515620.00
2014/04/18,4.65,4.74,4.56,4.72,3500514,16318332.00
2014/04/21,4.70,4.79,4.64,4.66,4444653,20826740.00
2014/04/22,4.67,4.71,4.51,4.71,4970862,22937808.00
2014/04/23,4.72,4.80,4.71,4.75,5360746,25472616.00
2014/04/24,4.76,4.78,4.62,4.63,5003091,23492644.00
2014/05/05,4.58,4.58,4.17,4.17,17433439,74077400.00
2014/05/06,4.11,4.22,4.07,4.18,8061335,33478740.00
2014/05/07,4.18,4.22,3.95,3.98,7702970,31521872.00
2014/05/08,3.98,4.02,3.90,3.94,6426427,25441158.00
2014/05/09,3.91,3.94,3.76,3.81,7093978,27234792.00
2014/05/12,3.84,3.93,3.82,3.91,4981128,19351172.00
2014/05/13,3.91,3.99,3.88,3.93,3285396,12848740.00
2014/05/14,3.91,3.96,3.90,3.92,3159384,12405166.00
2014/05/15,3.92,3.92,3.80,3.80,3702757,14206313.00
2014/05/16,3.80,3.80,3.71,3.78,3083424,11582713.00
2014/05/19,3.82,3.82,3.76,3.82,2163876,8208860.00
2014/05/20,3.83,3.98,3.82,3.89,5274248,20595344.00
2014/05/21,3.86,3.88,3.82,3.88,2766035,10667309.00
2014/05/22,3.86,3.89,3.80,3.82,3249762,12553781.00
2014/05/23,3.82,3.84,3.78,3.84,1853680,7070510.00
2014/05/26,3.83,3.88,3.82,3.87,1788550,6902938.00
2014/05/27,3.87,3.96,3.85,3.91,4215916,16509801.00
2014/05/28,3.91,3.93,3.86,3.91,1880815,7327407.00
2014/05/29,3.90,3.92,3.85,3.87,2175314,8428519.00
2014/05/30,3.90,4.26,3.90,4.17,15657337,64175396.00
2014/06/03,4.15,4.15,4.03,4.06,8364311,34021272.00
2014/06/04,4.02,4.03,3.91,3.96,5225361,20674946.00
2014/06/05,3.93,4.02,3.93,3.97,2769489,10972517.00
2014/06/06,3.97,4.02,3.95,3.97,2828897,11261164.00
2014/06/09,3.95,4.01,3.92,3.95,2661580,10541799.00
2014/06/10,3.94,4.06,3.92,4.00,4590306,18348846.00
2014/06/11,4.00,4.00,3.94,3.97,2712943,10750288.00
2014/06/12,3.94,3.98,3.90,3.95,4147904,16326146.00
2014/06/13,3.95,3.97,3.91,3.95,3241369,12799570.00
2014/06/16,3.96,3.99,3.93,3.98,3703466,14701919.00
2014/06/17,3.98,3.98,3.90,3.91,3173741,12487128.00
2014/06/18,3.90,3.93,3.82,3.83,3273404,12643437.00
2014/06/19,3.83,3.85,3.68,3.72,4153156,15580746.00
2014/06/20,3.69,3.74,3.68,3.71,2148100,7961357.00
2014/06/23,3.73,4.00,3.72,3.87,5571031,21489240.00
2014/06/24,3.88,3.92,3.82,3.83,2460920,9495699.00
2014/06/25,3.85,3.85,3.79,3.82,1698210,6473983.00
2014/06/26,3.81,3.87,3.81,3.85,3196820,12261610.00
2014/06/27,3.85,3.87,3.75,3.87,5333131,20321900.00
2014/06/30,3.85,4.04,3.83,3.96,7458419,29488172.00
2014/07/01,3.96,3.99,3.92,3.95,4202540,16609525.00
2014/07/02,3.97,4.06,3.93,4.02,6493099,26013120.00
2014/07/03,4.00,4.00,3.96,3.98,4474329,17814068.00
2014/07/04,3.99,4.04,3.97,3.99,4018135,16100448.00
2014/07/07,3.99,4.02,3.95,3.98,3382841,13442786.00
2014/07/08,3.98,3.98,3.92,3.96,3325154,13118920.00
2014/07/09,3.96,4.05,3.92,3.96,8984326,35966136.00
2014/07/10,3.95,3.99,3.92,3.95,4586367,18127860.00
2014/07/11,3.95,4.10,3.92,4.09,10546564,42556664.00
2014/07/14,4.09,4.19,4.06,4.10,10480560,43170704.00
2014/07/15,4.10,4.51,4.08,4.51,16807467,74752672.00
2014/07/16,4.64,4.74,4.32,4.33,28469849,129086192.00
2014/07/17,4.26,4.35,4.14,4.18,18143563,76232064.00
2014/07/18,4.14,4.26,4.14,4.19,12030273,50653616.00
2014/07/21,4.18,4.38,4.16,4.35,11276308,48020256.00
2014/07/22,4.32,4.40,4.29,4.35,8472712,36734280.00
2014/07/23,4.36,4.79,4.32,4.58,32156860,150309632.00
2014/07/24,4.58,4.62,4.38,4.48,17411846,77912720.00
2014/07/25,4.50,4.69,4.42,4.65,13840787,62807168.00
2014/07/28,4.65,4.79,4.59,4.68,13820994,64546200.00
2014/07/29,4.67,4.70,4.59,4.65,10515264,48772812.00
2014/07/30,4.64,5.09,4.57,4.86,22088526,106146848.00
2014/07/31,4.79,4.87,4.73,4.86,14023066,67176832.00
2014/08/01,4.85,4.86,4.64,4.65,12838159,61114996.00
2014/08/04,4.66,5.12,4.66,5.12,33878820,170184048.00
2014/08/05,5.62,5.63,5.40,5.63,76302064,427286688.00
2014/08/06,5.70,6.10,5.64,5.99,97387658,567931200.00
2014/08/07,5.76,5.80,5.51,5.57,54015969,304038944.00
2014/08/08,5.61,5.70,5.48,5.50,39884543,222474832.00
2014/08/11,5.53,5.76,5.42,5.60,35814765,200455328.00
2014/08/12,5.51,5.66,5.50,5.55,28598833,159007344.00
2014/08/13,5.55,5.55,5.41,5.54,22375839,122532560.00
2014/08/14,5.56,5.99,5.46,5.72,54112776,310897504.00
2014/08/15,5.62,5.68,5.52,5.60,28084864,156968144.00
2014/08/18,5.60,5.66,5.52,5.58,18653605,103960608.00
2014/08/19,5.58,5.65,5.50,5.57,21517507,119789408.00
2014/08/20,5.53,5.61,5.53,5.55,15114334,84161832.00
2014/08/21,5.53,5.55,5.40,5.44,16330022,88997920.00
2014/08/22,5.45,5.47,5.34,5.43,14234217,76857168.00
2014/08/25,5.43,5.44,5.36,5.40,7175748,38674348.00
2014/08/26,5.41,5.42,5.15,5.19,12942001,68200976.00
2014/08/27,5.19,5.32,5.18,5.24,9152193,48240792.00
2014/08/28,5.22,5.25,5.14,5.14,7345399,38061828.00
2014/08/29,5.14,5.27,5.14,5.24,5088757,26569984.00
2014/09/01,5.24,5.41,5.24,5.38,8182541,43901732.00
2014/09/02,5.41,5.59,5.36,5.53,20540190,112885336.00
2014/09/03,5.50,5.57,5.46,5.50,14672822,80857872.00
2014/09/04,5.51,5.69,5.47,5.58,21898183,122069392.00
2014/09/05,5.56,5.63,5.51,5.55,11488798,63759760.00
2014/09/09,5.55,5.68,5.48,5.60,13986608,78289032.00
2014/09/10,5.62,5.97,5.52,5.75,29804081,172202240.00
2014/09/11,5.70,5.86,5.63,5.65,21761947,124517240.00
2014/09/12,5.63,5.85,5.63,5.83,22020704,127360344.00
2014/09/15,5.86,5.93,5.76,5.86,17604194,103057056.00
2014/09/16,5.87,5.89,5.53,5.56,20493150,117674960.00
2014/09/17,5.52,5.60,5.31,5.49,15867915,86441216.00
2014/09/18,5.46,5.75,5.40,5.60,14234870,79983232.00
2014/09/19,5.51,5.71,5.50,5.65,10847892,60818496.00
2014/09/22,5.64,5.75,5.55,5.57,12487698,70495512.00
2014/09/23,5.56,6.09,5.56,5.93,38307868,225503056.00
2014/09/24,5.87,6.52,5.81,6.41,64829915,406319360.00
2014/09/25,6.30,6.75,6.18,6.65,61473375,395118528.00
2014/09/26,6.51,6.66,6.45,6.49,26541281,173569984.00
2014/09/29,6.47,6.56,6.39,6.48,20066688,129841072.00
2014/09/30,6.55,6.77,6.43,6.46,21498821,140991120.00
2014/10/08,6.41,6.56,6.35,6.48,14088400,90784648.00
2014/10/09,6.50,6.50,6.27,6.35,18432862,117183392.00
2014/10/10,6.34,6.39,6.26,6.35,10948444,69263856.00
2014/10/13,6.30,6.37,6.21,6.31,10171175,63900888.00
2014/10/14,6.30,6.48,6.24,6.32,16332346,103539544.00
2014/10/15,6.30,6.35,6.14,6.34,14191094,88507368.00
2014/10/16,6.25,6.31,6.10,6.11,13616125,84636120.00
2014/10/17,6.04,6.14,5.81,5.94,14071992,83967592.00
2014/10/20,5.96,6.07,5.92,6.07,9099563,54710468.00
2014/10/21,6.06,6.08,5.84,5.87,10132240,60328104.00
2014/10/22,5.88,6.03,5.84,5.85,10380338,61489172.00
2014/10/23,5.86,5.95,5.82,5.88,9461610,55580640.00
2014/10/24,5.89,6.11,5.87,5.98,13254280,79725616.00
2014/10/27,5.99,6.04,5.90,5.99,6885862,41184136.00
2014/10/28,6.03,6.29,5.96,6.28,20056643,123918552.00
2014/10/29,6.30,6.54,6.20,6.37,30849506,196751936.00
2014/10/30,6.38,6.46,6.22,6.30,17857002,113129552.00
2014/10/31,6.29,6.32,6.12,6.19,13867395,86021896.00
2014/11/03,6.21,6.34,6.17,6.24,10560035,65955564.00
2014/11/04,6.20,6.23,6.12,6.18,8798777,54237624.00
2014/11/05,6.17,6.25,6.12,6.17,8009413,49564528.00
2014/11/06,6.15,6.18,5.97,6.05,13883007,84077432.00
2014/11/07,6.05,6.09,5.94,5.97,9402540,56537440.00
2014/11/10,5.97,6.06,5.92,6.05,7322353,43818156.00
2014/11/11,6.06,6.09,5.57,5.66,14874394,86655272.00
2014/11/12,5.67,5.84,5.60,5.83,9024315,51740540.00
2014/11/13,5.77,6.27,5.73,6.07,20875105,126064904.00
2014/11/14,6.06,6.21,5.98,6.10,11259212,68658032.00
2014/11/17,6.08,6.20,6.03,6.18,10956773,67181968.00
2014/11/18,6.18,6.44,6.13,6.35,21609516,136172000.00
2014/11/19,6.30,6.32,6.20,6.30,10945122,68533392.00
2014/11/20,6.31,6.31,6.19,6.21,7260267,45239372.00
2014/11/21,6.20,6.26,6.16,6.18,7212810,44719456.00
2014/11/24,6.25,6.29,6.20,6.27,13450759,84132920.00
2014/11/25,6.27,6.32,6.21,6.32,12742147,79962896.00
2014/11/26,6.30,6.58,6.29,6.45,23520986,151766672.00
2014/11/27,6.55,6.85,6.47,6.85,37141311,247134448.00
2014/11/28,6.84,7.04,6.68,6.69,31695889,216917440.00
2014/12/01,6.65,6.80,6.59,6.63,17639388,117654616.00
2014/12/02,6.64,6.87,6.59,6.71,15400735,104310384.00
2014/12/03,6.70,6.76,6.35,6.61,24690151,161357984.00
2014/12/04,6.55,6.65,6.49,6.57,15951379,104632400.00
2014/12/05,6.58,7.04,6.14,6.96,36459388,244221264.00
2014/12/08,6.86,7.34,6.75,7.21,35056860,250877312.00
2014/12/09,7.12,7.18,6.49,6.51,28512163,195873264.00
2014/12/10,6.41,6.75,6.39,6.66,14249296,93856080.00
2014/12/11,6.52,6.73,6.52,6.67,10890337,71992256.00
2014/12/12,6.66,6.94,6.59,6.86,14871425,100603760.00
2014/12/15,6.70,6.86,6.59,6.78,13191703,88721904.00
2014/12/16,6.72,6.90,6.72,6.77,11017486,74944440.00
2014/12/17,6.71,6.78,6.43,6.51,15124591,99396432.00
2014/12/18,6.49,6.60,6.32,6.45,11037867,71648880.00
2014/12/19,6.44,6.44,6.15,6.21,14885601,93142832.00
2014/12/22,6.18,6.18,5.73,5.88,14514992,86143696.00
2014/12/23,5.84,6.01,5.80,5.84,5793909,34180692.00
2014/12/24,5.84,6.02,5.84,5.98,6154852,36593432.00
2014/12/25,6.00,6.08,5.99,6.03,5574734,33640200.00
2014/12/26,6.08,6.21,6.08,6.11,7047184,43272932.00
2014/12/29,6.11,6.12,5.85,5.94,8299112,49186160.00
2014/12/30,5.90,5.92,5.62,5.69,9252550,53357224.00
2014/12/31,5.69,5.98,5.57,5.90,8757771,50231760.00
2015/01/05,5.89,6.00,5.75,5.94,8061009,47511496.00
2015/01/06,5.89,6.09,5.84,6.07,11693020,69804800.00
2015/01/07,6.00,6.04,5.92,5.96,5469291,32671564.00
2015/01/08,5.95,6.06,5.91,5.97,6767462,40561232.00
2015/01/09,5.95,5.97,5.80,5.82,7013948,41235004.00
2015/01/12,5.79,5.79,5.58,5.60,5161862,29210476.00
2015/01/13,5.64,5.71,5.58,5.65,3753456,21208718.00
2015/01/14,5.62,5.69,5.61,5.62,3212652,18129270.00
2015/01/15,5.60,5.67,5.57,5.67,3612786,20316552.00
2015/01/16,5.67,5.73,5.66,5.69,3995411,22749368.00
2015/01/19,5.60,5.67,5.12,5.16,12488222,66699632.00
2015/01/20,5.23,5.35,5.22,5.33,8179691,43264744.00
2015/01/21,5.36,5.58,5.33,5.55,7011073,38408376.00
2015/01/22,5.49,5.78,5.41,5.71,11399395,63861132.00
2015/01/23,5.68,5.72,5.60,5.62,7581200,42847980.00
2015/01/26,5.65,5.73,5.58,5.72,9301864,52470108.00
2015/01/27,5.72,5.94,5.70,5.89,13988446,81941776.00
2015/01/28,5.89,5.95,5.82,5.85,6534687,38465208.00
2015/01/29,5.80,5.87,5.74,5.78,6055524,35161372.00
2015/01/30,5.78,5.85,5.60,5.65,5747433,32702480.00
2015/02/02,5.55,5.65,5.51,5.61,3387149,18960122.00
2015/02/03,5.63,5.67,5.56,5.65,4343436,24390800.00
2015/02/04,5.63,5.67,5.52,5.52,6353842,35489592.00
2015/02/05,5.58,5.59,5.47,5.48,6366976,35218920.00
2015/02/06,5.50,5.62,5.48,5.61,6306037,34901292.00
2015/02/09,5.59,5.59,5.47,5.48,4359823,24100852.00
2015/02/10,5.46,5.75,5.43,5.73,12986263,73074232.00
2015/02/11,5.69,5.77,5.67,5.72,6026565,34439876.00
2015/02/12,5.72,6.10,5.66,6.01,25723804,153127328.00
2015/02/13,5.98,6.34,5.93,6.08,19925634,121350144.00
2015/02/16,6.03,6.14,6.01,6.11,8147085,49483344.00
2015/02/17,6.11,6.15,6.06,6.08,7667300,46773088.00
2015/02/25,6.09,6.18,6.03,6.12,7665587,46787300.00
2015/02/26,6.12,6.18,6.10,6.16,7037218,43285576.00
2015/02/27,6.16,6.33,6.15,6.19,9089839,56637380.00
2015/03/02,6.22,6.25,6.07,6.17,12778817,78503432.00
2015/03/03,6.16,6.47,6.07,6.42,22668153,142147872.00
2015/03/04,6.35,6.45,6.32,6.41,12954210,82656288.00
2015/03/05,6.43,6.54,6.34,6.47,13630858,87894456.00
2015/03/06,6.47,6.60,6.35,6.50,12704853,82299616.00
2015/03/09,6.59,6.88,6.40,6.72,22430966,149511040.00
2015/03/10,6.73,6.99,6.70,6.97,19999277,137703680.00
2015/03/11,6.98,7.04,6.77,6.84,14457705,98865296.00
2015/03/12,6.84,7.06,6.71,6.85,21528507,148354112.00
2015/03/13,6.85,6.93,6.69,6.79,11670579,79096376.00
2015/03/16,6.80,7.06,6.79,6.95,18587833,129242080.00
2015/03/17,6.95,7.13,6.87,7.09,24571333,171625488.00
2015/03/18,7.12,7.46,7.10,7.37,28544041,208288752.00
2015/03/19,7.38,7.66,7.26,7.37,24505429,182478224.00
2015/03/20,7.33,7.65,7.25,7.55,24707086,185881280.00
2015/03/23,7.54,7.68,7.46,7.59,18342751,138554096.00
2015/03/24,7.62,7.62,7.20,7.35,22645019,166994976.00
2015/03/25,7.36,7.60,7.20,7.38,18454877,135502144.00
2015/03/26,7.39,8.12,7.32,8.12,42092887,336430336.00
2015/03/27,8.40,8.40,8.01,8.28,46345730,380326816.00
2015/03/30,8.20,8.53,8.11,8.26,28207922,235329936.00
2015/03/31,8.18,8.50,8.13,8.16,19380006,159893344.00
2015/04/01,8.16,8.61,8.06,8.45,23968925,200008768.00
2015/04/02,8.45,8.74,8.18,8.62,30768278,261129808.00
2015/04/03,8.60,9.48,8.40,9.48,37607700,343612768.00
2015/04/07,9.53,9.87,9.38,9.44,38740560,370767936.00
2015/04/08,9.46,9.86,9.02,9.78,36834319,346646624.00
2015/04/09,9.78,10.48,9.58,10.22,43168580,436473280.00
2015/04/10,10.25,10.50,10.00,10.28,25656386,263378096.00
2015/04/13,10.30,10.63,10.20,10.33,31969915,333517632.00
2015/04/14,10.33,10.33,9.98,10.03,29515896,298033984.00
2015/04/15,10.03,10.28,9.37,9.43,31381052,307131296.00
2015/04/16,9.36,10.04,8.90,9.66,28517933,272100288.00
2015/04/17,9.79,10.09,9.16,9.82,44733263,433672928.00
2015/04/20,9.71,9.99,9.42,9.60,24620922,237694960.00
2015/04/21,9.56,10.20,9.40,10.19,34936072,348650144.00
2015/04/22,10.22,10.42,10.08,10.23,28687682,293164896.00
2015/04/23,10.26,10.93,10.11,10.70,37677710,396437152.00
2015/04/24,10.50,10.85,10.25,10.61,23264210,245996336.00
2015/04/27,10.60,11.67,10.60,11.06,42164578,475345280.00
2015/04/28,11.07,11.25,10.46,10.49,25522107,275158816.00
2015/04/29,10.31,10.64,10.25,10.40,16147662,169109584.00
2015/04/30,10.40,11.05,10.40,10.63,21690553,233330592.00
2015/05/04,10.61,10.84,10.55,10.72,15549301,166244320.00
2015/05/05,10.68,10.68,10.00,10.02,19035019,195986368.00
2015/05/06,10.18,10.25,9.60,9.66,17547032,173470512.00
2015/05/07,9.62,9.84,9.45,9.60,12708605,122411688.00
2015/05/08,9.82,10.08,9.65,9.94,16094255,158455568.00
2015/05/11,9.98,10.36,9.89,10.30,21012614,213675344.00
2015/05/12,10.30,10.36,10.01,10.28,20106454,204806256.00
2015/05/13,10.20,10.32,10.00,10.17,22473881,227812272.00
2015/05/14,10.18,11.19,10.11,11.19,41817732,453991904.00
2015/05/15,11.19,12.28,10.80,11.69,55156608,644963200.00
2015/05/18,11.68,12.25,11.45,12.15,42364973,507285952.00
2015/05/19,11.50,11.78,11.00,11.33,68640536,777313408.00
2015/05/20,11.23,11.48,10.81,11.32,68597606,762736512.00
2015/05/21,11.27,11.35,11.05,11.33,41327975,463186496.00
2015/05/22,11.39,11.89,11.18,11.71,55198660,635159296.00
2015/05/25,11.70,12.87,11.61,12.30,64052029,789373248.00
2015/05/26,12.40,13.08,11.96,12.92,58385063,734099584.00
2015/05/27,12.89,13.18,12.50,12.66,48868631,623496320.00
2015/05/28,12.79,12.99,11.39,11.40,49796320,613983616.00
2015/05/29,11.30,11.65,10.31,11.11,34341152,381438784.00
2015/06/01,11.29,11.80,11.00,11.74,33089386,380602016.00
2015/06/02,11.84,12.77,11.48,12.73,44051734,527479232.00
2015/06/03,13.00,13.15,12.20,12.54,45596140,579285760.00
2015/06/04,12.55,12.81,11.29,12.31,39052172,474156352.00
2015/06/05,12.38,12.94,12.24,12.77,53866581,682085120.00
2015/06/08,12.88,13.69,12.59,13.61,74065826,982363008.00
2015/06/09,13.46,13.46,12.85,13.12,43716600,573522112.00
2015/06/10,12.95,13.47,12.71,13.37,40877388,539516352.00
2015/06/11,13.40,14.50,13.19,14.13,54729200,760373120.00
2015/06/12,14.07,14.97,14.00,14.37,53994703,785924480.00
2015/06/15,14.50,15.09,14.10,14.39,40081956,587032448.00
2015/06/16,14.00,15.10,13.42,14.80,48447392,689537664.00
2015/06/17,14.46,15.00,14.00,14.60,34836954,504958368.00
2015/06/18,14.50,16.00,14.30,15.13,50465926,772085312.00
2015/06/19,14.45,14.97,13.62,13.62,36214267,511083136.00
2015/06/23,13.26,13.64,12.26,13.20,35663503,459047808.00
2015/06/24,13.35,13.85,12.90,13.71,36568027,492199232.00
2015/06/25,13.71,14.46,13.30,13.73,49076042,682904960.00
2015/06/26,13.15,13.41,12.36,12.36,36759121,467592864.00
2015/06/29,12.96,12.96,11.12,11.12,37456769,442524736.00
2015/06/30,10.08,11.52,10.01,11.43,42059871,453810624.00
2015/07/01,11.31,11.61,10.29,10.29,34014520,372128672.00
2015/07/02,10.38,10.38,9.26,9.26,26110568,246208080.00
2015/07/03,8.38,8.87,8.33,8.33,26417292,222234432.00
2015/07/06,9.10,9.10,7.50,7.50,29689781,240026000.00
2015/07/07,6.77,6.88,6.75,6.75,3834500,25908524.00
2015/07/08,6.08,6.08,6.08,6.08,1581600,9616128.00
2015/07/09,5.47,6.69,5.47,6.69,66617755,403989632.00
2015/07/10,6.90,7.36,6.88,7.36,41833719,304111872.00
2015/07/13,7.50,8.10,7.50,8.10,45739160,360836896.00
2015/07/14,8.20,8.70,7.66,7.92,70738133,581311552.00
2015/07/15,7.57,7.83,7.13,7.13,27295933,200417488.00
2015/07/16,6.53,7.48,6.42,7.03,36057690,250311456.00
2015/07/17,6.94,7.73,6.94,7.73,48354376,366665792.00
2015/07/20,7.72,8.27,7.63,8.05,64281987,511279808.00
2015/07/21,7.80,8.33,7.65,8.15,46311525,374507808.00
2015/07/22,8.08,8.97,8.05,8.97,86767498,757510976.00
2015/07/23,9.00,9.78,8.74,9.46,84960999,775510080.00
2015/07/24,9.27,10.28,9.11,9.78,84467618,819911936.00
2015/07/27,9.40,9.99,8.80,8.80,60015097,569622528.00
2015/07/28,8.00,9.00,7.92,8.10,51145452,420959904.00
2015/07/29,8.35,8.91,7.78,8.88,41771801,348931968.00
2015/07/30,8.92,9.65,8.70,8.97,60227958,556248512.00
2015/07/31,8.70,9.01,8.25,8.44,35006074,302898304.00
2015/08/03,8.15,8.40,7.60,7.63,30983329,243829936.00
2015/08/04,7.65,8.39,7.65,8.39,30672172,247738784.00
2015/08/05,8.50,8.69,8.08,8.28,35339391,297969632.00
2015/08/06,8.03,8.42,7.95,8.25,20722078,170601120.00
2015/08/07,8.36,8.80,8.31,8.70,30926575,263367568.00
2015/08/10,8.90,9.38,8.76,9.20,40131067,362878880.00
2015/08/11,9.23,9.47,9.00,9.15,42948456,396747104.00
2015/08/12,9.09,9.68,8.98,9.29,42385722,399092992.00
2015/08/13,9.14,9.50,8.91,9.49,38541861,356962720.00
2015/08/14,9.58,10.37,9.37,10.10,60016111,584251072.00
2015/08/17,10.20,11.11,9.90,11.11,81218620,862989184.00
2015/08/18,11.18,11.50,10.00,10.00,73327050,784396096.00
2015/08/19,9.30,10.59,9.01,10.35,55689624,539287936.00
2015/08/20,10.02,10.24,9.32,9.33,39021662,383916832.00
2015/08/21,9.00,9.61,8.53,8.80,33882733,309521120.00
2015/08/24,8.40,8.40,7.92,7.92,17663905,141688608.00
2015/08/25,7.13,7.29,7.13,7.13,18385899,131408032.00
2015/08/26,7.13,7.43,6.42,6.58,42120428,290692544.00
2015/08/27,6.75,7.10,6.43,7.06,29037575,198488688.00
2015/08/28,7.30,7.77,7.10,7.77,30925989,231214944.00
2015/08/31,7.83,8.00,7.35,7.38,29840295,230312384.00
2015/09/01,7.22,7.28,6.64,6.64,26458688,180179088.00
2015/09/02,6.20,6.84,5.98,5.99,19349517,122256816.00
2015/09/07,6.19,6.45,6.09,6.20,16058546,100912560.00
2015/09/08,6.26,6.70,6.01,6.64,15065200,95565360.00
2015/09/09,6.76,7.03,6.65,6.93,21052827,144267600.00
2015/09/10,6.70,7.17,6.65,6.86,21813257,151693968.00
2015/09/11,6.87,7.01,6.68,6.81,13717600,93704936.00
2015/09/14,6.98,7.06,6.13,6.13,19828984,129890128.00
2015/09/15,5.81,6.09,5.52,5.52,16171184,92486880.00
2015/09/16,5.58,6.07,5.40,6.07,17585703,101322472.00
2015/09/17,6.10,6.34,5.80,5.83,21356429,130395552.00
2015/09/18,6.00,6.10,5.81,6.02,15070921,89994368.00
2015/09/21,5.83,6.32,5.83,6.31,17483507,108076600.00
2015/09/22,6.35,6.40,6.15,6.25,18938334,119015136.00
2015/09/23,6.18,6.32,6.02,6.12,15585406,96313768.00
2015/09/24,6.16,6.32,6.10,6.27,14343796,89208848.00
2015/09/25,6.23,6.28,5.85,5.96,13952700,84659472.00
2015/09/28,5.86,6.13,5.85,6.07,9524487,57173312.00
2015/09/29,5.96,5.98,5.73,5.83,10474232,61327176.00
2015/09/30,5.93,6.12,5.81,5.83,14596419,86595192.00
2015/10/08,6.11,6.28,6.00,6.12,21972282,134409168.00
2015/10/09,6.10,6.44,6.08,6.34,26640400,168111392.00
2015/10/12,6.29,6.89,6.29,6.69,31475841,207383456.00
2015/10/13,6.55,6.81,6.55,6.75,22998253,153382352.00
2015/10/14,6.70,6.99,6.61,6.66,24963760,168582784.00
2015/10/15,6.63,6.90,6.60,6.89,24403726,165758448.00
2015/10/16,6.92,7.38,6.73,7.15,32892735,229639728.00
2015/10/19,7.10,7.14,6.80,6.94,27866057,194747168.00
2015/10/20,6.88,7.19,6.85,7.12,23896240,168135824.00
2015/10/21,7.08,7.10,6.41,6.41,28914704,195859792.00
2015/10/22,6.38,6.67,6.34,6.65,22258827,144655552.00
2015/10/23,6.71,6.85,6.58,6.79,24831791,167143136.00
2015/10/26,6.90,7.08,6.87,6.95,27693131,193374368.00
2015/10/27,6.91,7.31,6.48,7.18,31728958,218273008.00
2015/10/28,7.01,7.14,6.80,6.85,23111112,161373168.00
2015/10/29,6.94,7.20,6.80,7.05,27522749,193284448.00
2015/10/30,6.98,7.27,6.84,7.18,35226098,250834368.00
2015/11/02,7.09,7.44,6.93,7.17,31913091,232051120.00
2015/11/03,7.10,7.17,6.82,7.00,20292091,142023280.00
2015/11/04,7.01,7.50,7.01,7.46,35914656,262855216.00
2015/11/05,7.48,7.57,7.29,7.48,35208549,261408256.00
2015/11/06,7.52,7.71,7.48,7.64,27254364,207215056.00
2015/11/09,7.65,7.66,7.30,7.58,28417917,213443552.00
2015/11/10,7.50,7.68,7.44,7.57,26703511,202105840.00
2015/11/11,7.55,7.81,7.49,7.80,31338217,240654176.00
2015/11/12,7.76,8.18,7.61,8.15,47426038,375653632.00
2015/11/13,8.01,8.75,7.97,8.41,58155754,485623712.00
2015/11/16,8.18,8.69,8.05,8.62,30954370,261006912.00
2015/11/17,8.70,8.78,8.32,8.37,37290366,317097056.00
2015/11/18,8.37,8.60,8.03,8.09,27903675,233091872.00
2015/11/19,8.18,8.33,7.98,8.32,18100011,147235648.00
2015/11/20,8.31,8.55,8.18,8.50,25982048,217731344.00
2015/11/23,8.37,8.99,8.37,8.52,28368924,245820112.00
2015/11/24,8.50,8.59,8.17,8.40,15013294,125166536.00
2015/11/25,8.44,8.58,8.30,8.41,20894127,176033008.00
2015/11/26,8.45,8.50,8.20,8.33,24003349,199948128.00
2015/11/27,8.54,8.83,7.60,7.85,41016576,346763584.00
2015/11/30,7.60,7.88,7.12,7.72,26198054,198346224.00
2015/12/01,7.64,7.72,7.46,7.56,16900380,128045744.00
2015/12/02,7.50,7.59,7.05,7.41,12660612,93276056.00
2015/12/03,7.39,7.64,7.36,7.57,13125639,98742824.00
2015/12/04,7.52,7.63,7.39,7.44,12881151,96734640.00
2015/12/07,7.50,7.64,7.40,7.56,11975449,90030152.00
2015/12/08,7.55,7.55,7.22,7.25,12630933,92448920.00
2015/12/09,7.19,7.33,7.16,7.28,10409730,75505456.00
2015/12/10,7.26,7.48,7.25,7.29,10409333,76193416.00
2015/12/11,7.30,7.30,7.04,7.11,9824408,70339032.00
2015/12/14,7.09,7.30,6.98,7.30,9508477,67992288.00
2015/12/15,7.27,7.45,7.27,7.33,9728497,71605688.00
2015/12/16,7.36,7.45,7.31,7.40,10261019,75739696.00
2015/12/17,7.41,7.62,7.41,7.58,14828644,111961384.00
2015/12/18,7.56,7.95,7.40,7.78,29234928,225123408.00
2015/12/21,7.70,7.84,7.58,7.80,14315775,110578688.00
2015/12/22,7.84,7.84,7.69,7.82,12446288,96602200.00
2015/12/23,7.73,7.80,7.59,7.62,13175449,101560624.00
2015/12/24,7.57,7.74,7.45,7.59,10386558,78696152.00
2015/12/25,7.54,7.72,7.54,7.71,9710600,74336736.00
2015/12/28,7.70,7.92,7.48,7.49,17882843,138209504.00
2015/12/29,7.43,7.61,7.40,7.60,8388688,63019924.00
2015/12/30,7.61,7.80,7.54,7.78,16000531,122627744.00
2015/12/31,7.72,7.81,7.50,7.53,12331173,94529760.00
2016/01/04,7.50,7.62,6.78,6.78,10974748,79195312.00
2016/01/05,6.25,6.83,6.16,6.62,15369110,100620080.00
2016/01/06,6.63,6.88,6.54,6.78,11119255,74384080.00
2016/01/07,6.66,6.66,6.10,6.11,3265600,20604616.00
2016/01/08,6.35,6.40,5.71,6.16,12886872,79467344.00
2016/01/11,6.15,6.15,5.54,5.54,13586046,78797280.00
2016/01/12,5.65,5.67,5.42,5.57,9819270,54419860.00
2016/01/13,5.60,5.70,5.33,5.39,10110917,56364928.00
2016/01/14,5.19,5.64,5.09,5.59,10269055,55339736.00
2016/01/15,5.50,5.61,5.24,5.32,8288051,45252628.00
2016/01/18,5.29,5.54,5.20,5.43,7721564,41671016.00
2016/01/19,5.37,5.66,5.37,5.64,9337921,51833128.00
2016/01/20,5.61,5.69,5.44,5.52,10346142,57561372.00
2016/01/21,5.43,5.65,5.30,5.32,8356096,45860148.00
2016/01/22,5.39,5.44,5.23,5.39,6155695,33000142.00
2016/01/25,5.44,5.55,5.37,5.48,5901211,32253222.00
2016/01/26,5.41,5.45,4.93,4.96,11896190,61823720.00
2016/01/27,5.01,5.01,4.56,4.85,10442511,49981500.00
2016/01/28,4.81,4.83,4.50,4.56,6901432,32439222.00
2016/01/29,4.60,4.82,4.54,4.75,7184254,33771320.00
2016/02/01,4.77,4.78,4.57,4.66,6638589,31174646.00
2016/02/02,4.65,4.97,4.65,4.88,8682456,42151648.00
2016/02/03,4.83,5.03,4.76,4.96,7292118,35567488.00
2016/02/04,4.96,5.12,4.94,5.03,9165214,46178072.00
2016/02/05,5.07,5.08,4.96,4.97,5636501,28292124.00
2016/02/15,4.80,5.08,4.70,5.04,7039213,34497584.00
2016/02/16,5.01,5.52,5.01,5.32,11135799,58882584.00
2016/02/17,5.31,5.57,5.26,5.48,16559457,90675088.00
2016/02/18,5.52,5.58,5.35,5.38,11118390,60347552.00
2016/02/19,5.38,5.42,5.31,5.40,7181132,38464616.00
2016/02/22,5.48,5.59,5.39,5.51,10318636,56932744.00
2016/02/23,5.53,5.62,5.35,5.47,10845000,59544848.00
2016/02/24,5.45,5.64,5.41,5.58,11203377,61787336.00
2016/02/25,5.55,5.56,5.02,5.02,14160660,74857648.00
2016/02/26,5.12,5.12,4.87,5.02,8171280,41106472.00
2016/02/29,5.00,5.00,4.54,4.66,8899662,41912352.00
2016/03/01,4.66,4.93,4.66,4.86,8713504,41616032.00
2016/03/02,4.94,5.13,4.84,5.12,9171699,46030900.00
2016/03/03,5.12,5.63,5.12,5.63,14121261,77538384.00
2016/03/04,5.79,5.91,5.42,5.54,31543390,179715808.00
2016/03/07,5.50,5.73,5.38,5.61,16200676,90409176.00
2016/03/08,5.54,5.56,5.20,5.45,13585630,72927152.00
2016/03/09,5.29,5.41,5.16,5.17,10043220,52878604.00
2016/03/10,5.17,5.25,5.07,5.11,6402917,33102478.00
2016/03/11,5.01,5.15,4.99,5.05,6586139,33375608.00
2016/03/14,5.12,5.32,5.10,5.25,6667006,34961752.00
2016/03/15,5.25,5.34,5.20,5.24,6307015,33205880.00
2016/03/16,5.27,5.33,5.10,5.13,6178970,32269740.00
2016/03/17,5.19,5.30,5.14,5.29,6765672,35539480.00
2016/03/18,5.31,5.65,5.29,5.54,15614086,85212224.00
2016/03/21,5.57,5.64,5.51,5.62,17519220,97720776.00
2016/03/22,5.55,5.69,5.51,5.59,14052814,78679872.00
2016/03/23,5.59,5.68,5.53,5.65,11893703,66702092.00
2016/03/24,5.58,5.94,5.51,5.62,22109127,126949024.00
2016/03/25,5.57,5.66,5.52,5.64,9888003,55331072.00
2016/03/28,5.71,5.80,5.55,5.58,11736044,66848148.00
2016/03/29,5.63,5.84,5.59,5.74,18883123,108129384.00
2016/03/30,5.75,5.99,5.71,5.98,21345015,124954824.00
2016/03/31,6.00,6.04,5.82,5.86,15320214,90530184.00
2016/04/01,5.81,5.90,5.65,5.89,11756100,67749496.00
2016/04/05,5.88,6.00,5.80,5.98,13346633,79082288.00
2016/04/06,5.95,6.05,5.88,5.95,11943075,71210408.00
2016/04/07,5.95,5.97,5.73,5.74,12273078,71570344.00
2016/04/08,5.67,5.77,5.65,5.76,7918101,45217140.00
2016/04/11,5.79,5.91,5.79,5.84,9474189,55375120.00
2016/04/12,5.84,6.28,5.80,6.14,34880755,211919344.00
2016/04/13,6.14,6.25,6.04,6.11,22268979,136693616.00
2016/04/14,6.13,6.22,6.05,6.20,12179417,74625120.00
2016/04/15,6.19,6.37,6.14,6.26,12468752,77665160.00
2016/04/18,6.18,6.18,6.06,6.10,8890198,54325320.00
2016/04/19,6.11,6.15,6.05,6.14,7960601,48496648.00
2016/04/20,6.15,6.23,5.57,5.76,13594674,79775368.00
2016/04/21,5.71,5.80,5.65,5.66,7033871,40229072.00
2016/04/22,5.63,5.79,5.61,5.78,5585194,31815722.00
2016/04/25,5.75,5.79,5.67,5.74,3262416,18693212.00
2016/04/26,5.72,5.80,5.62,5.79,5321816,30498780.00
2016/04/27,5.79,5.85,5.76,5.78,6235919,36165568.00
2016/04/28,5.76,5.80,5.52,5.71,6956968,39320596.00
2016/04/29,5.66,5.72,5.62,5.64,5393994,30571198.00
2016/05/03,5.62,5.99,5.60,5.90,10111019,59014472.00
2016/05/04,5.86,5.95,5.82,5.92,7553489,44543396.00
2016/05/05,5.90,5.96,5.84,5.94,5629846,33238280.00
2016/05/06,5.94,5.98,5.59,5.59,8982292,51647776.00
2016/05/09,5.55,5.55,5.19,5.32,8031273,42979560.00
2016/05/10,5.32,5.36,5.23,5.33,4797798,25458256.00
2016/05/11,5.38,5.43,5.25,5.34,4532599,24212948.00
2016/05/12,5.27,5.35,5.12,5.29,4524432,23784300.00
2016/05/13,5.29,5.34,5.20,5.25,3846773,20271692.00
2016/05/16,5.23,5.34,5.15,5.33,5057208,26583330.00
2016/05/17,5.36,5.36,5.21,5.27,4974978,26207604.00
2016/05/18,5.23,5.23,5.00,5.11,5364287,27390788.00
2016/05/19,5.07,5.18,5.07,5.08,3987633,20459130.00
2016/05/20,5.08,5.15,5.02,5.14,4150282,21167116.00
2016/05/23,5.15,5.22,5.12,5.19,4571471,23654046.00
2016/05/24,5.19,5.19,5.06,5.09,4438793,22689904.00
2016/05/25,5.17,5.17,5.06,5.08,3517452,18023312.00
2016/05/26,5.09,5.12,4.92,5.07,4564983,22893888.00
2016/05/27,5.07,5.11,5.03,5.08,3517475,17875028.00
2016/05/30,5.08,5.14,5.00,5.08,3278274,16629257.00
2016/05/31,5.10,5.28,5.08,5.27,9586103,49924856.00
2016/06/01,5.30,5.34,5.26,5.27,6760914,35787920.00
2016/06/02,5.24,5.32,5.23,5.32,6045099,31950424.00
2016/06/03,5.31,5.35,5.27,5.30,5828998,30901840.00
2016/06/06,5.31,5.35,5.25,5.29,6852510,36231664.00
2016/06/07,5.28,5.34,5.22,5.31,6123433,32281824.00
2016/06/08,5.28,5.31,5.22,5.27,5829787,30667390.00
2016/06/13,5.22,5.24,4.97,4.97,6076937,31255184.00
2016/06/14,4.97,5.04,4.95,5.00,3807624,18999696.00
2016/06/15,4.92,5.18,4.92,5.14,5608109,28533188.00
2016/06/16,5.14,5.16,5.06,5.09,4395695,22437906.00
2016/06/17,5.10,5.18,5.08,5.17,4711859,24246164.00
2016/06/20,5.17,5.17,5.07,5.16,4091832,20931120.00
2016/06/21,5.20,5.21,5.05,5.06,5399637,27783622.00
2016/06/22,5.06,5.35,5.04,5.28,11595472,60223536.00
2016/06/23,5.26,5.26,5.17,5.20,5698640,29658840.00
2016/06/24,5.20,5.25,4.98,5.22,6967893,35940744.00
2016/06/27,5.17,5.67,5.14,5.66,21206624,115660664.00
2016/06/28,5.55,5.68,5.49,5.65,14083225,78616624.00
2016/06/29,5.56,5.81,5.55,5.79,17355238,98654648.00
2016/06/30,5.71,5.98,5.66,5.92,19205036,110831296.00
2016/07/01,5.89,5.93,5.73,5.74,15688180,91340400.00
2016/07/04,5.71,5.86,5.56,5.78,15486295,88730584.00
2016/07/05,5.78,6.05,5.74,5.98,22425381,132933840.00
2016/07/06,5.97,5.97,5.83,5.87,13499046,79378352.00
2016/07/07,5.86,5.87,5.67,5.79,12622731,72779920.00
2016/07/08,5.76,5.90,5.75,5.78,10449538,60874588.00
2016/07/11,5.81,5.85,5.65,5.70,11419893,65905444.00
2016/07/12,5.67,5.77,5.65,5.76,8855015,50629964.00
2016/07/13,5.80,5.83,5.72,5.77,9957944,57566012.00
2016/07/14,5.75,5.99,5.74,5.88,13829977,81099000.00
2016/07/15,5.85,5.93,5.75,5.79,8711814,50760384.00
2016/07/18,5.78,5.81,5.71,5.76,8575847,49404440.00
2016/07/19,5.74,5.87,5.71,5.85,7371577,42702984.00
2016/07/20,5.85,5.88,5.79,5.84,7473770,43665160.00
2016/07/21,5.85,5.89,5.80,5.85,7262494,42487956.00
2016/07/22,5.85,5.99,5.82,5.87,18396048,108817568.00
2016/07/25,5.85,5.91,5.83,5.86,7819950,45897684.00
2016/07/26,5.86,5.96,5.83,5.96,9647266,57052212.00
2016/07/27,6.00,6.06,5.53,5.57,17803871,102939312.00
2016/07/28,5.58,5.65,5.50,5.59,7511260,41861864.00
2016/07/29,5.58,5.66,5.50,5.58,5058820,28308396.00
2016/08/01,5.57,5.62,5.28,5.36,6610791,35736924.00
2016/08/02,5.39,5.43,5.36,5.42,2778768,14989315.00
2016/08/03,5.42,5.53,5.38,5.49,4201954,22926986.00
2016/08/04,5.49,5.53,5.45,5.52,3499744,19223492.00
2016/08/05,5.55,5.55,5.48,5.50,4528543,24917760.00
2016/08/08,5.56,5.64,5.47,5.63,4444526,24730496.00
2016/08/09,5.80,6.19,5.80,6.19,37578150,231314112.00
2016/08/10,6.22,6.50,6.14,6.32,71211096,449711072.00
2016/08/11,6.21,6.26,6.11,6.16,29349128,180849184.00
2016/08/12,6.06,6.15,5.98,6.14,23021272,139948704.00
2016/08/15,6.08,6.21,5.99,6.17,30329150,185812640.00
2016/08/16,6.12,6.37,6.11,6.34,35633032,223431360.00
2016/08/17,6.27,6.31,6.16,6.21,22146086,137702704.00
2016/08/18,6.21,6.33,6.14,6.23,18368177,114559568.00
2016/08/19,6.22,6.27,6.10,6.19,15237090,94022960.00
2016/08/22,6.16,6.70,6.16,6.37,39965575,258065056.00
2016/08/23,6.31,6.39,6.24,6.31,18834498,118501000.00
2016/08/24,6.30,6.33,6.19,6.23,13284162,82894360.00
2016/08/25,6.20,6.39,6.03,6.38,18950572,118320784.00
2016/08/26,6.34,6.66,6.33,6.56,37920582,248587312.00
2016/08/29,6.56,6.57,6.41,6.53,16959979,109889304.00
2016/08/30,6.50,6.65,6.44,6.63,17989923,117406096.00
2016/08/31,6.63,6.65,6.41,6.42,19048943,124072328.00
2016/09/01,6.38,6.39,6.17,6.19,26458562,165631888.00
2016/09/02,6.17,6.25,6.13,6.18,10643570,65816832.00
2016/09/05,6.19,6.24,6.14,6.19,9989352,61685204.00
2016/09/06,6.22,6.32,6.15,6.29,12282794,76742672.00
2016/09/07,6.34,6.34,6.21,6.23,11963118,75014976.00
2016/09/08,6.23,6.27,6.16,6.27,10846255,67217856.00
2016/09/09,6.25,6.31,6.17,6.18,11496401,71727840.00
2016/09/12,6.07,6.13,5.85,5.86,14932479,89520576.00
2016/09/13,5.94,5.96,5.86,5.95,8046123,47493376.00
2016/09/14,5.94,5.95,5.87,5.90,6075820,35849516.00
2016/09/19,5.89,6.04,5.88,6.01,7286853,43562700.00
2016/09/20,6.01,6.05,5.96,6.01,5144251,30833296.00
2016/09/21,6.00,6.09,5.97,6.08,7124078,43007296.00
2016/09/22,6.09,6.15,6.06,6.07,7117070,43413436.00
2016/09/23,6.10,6.10,6.01,6.03,5701331,34492132.00
2016/09/26,5.98,6.00,5.79,5.82,9059557,53480776.00
2016/09/27,5.85,5.86,5.75,5.85,6765073,39257844.00
2016/09/28,5.86,5.86,5.80,5.82,4133990,24060750.00
2016/09/29,5.80,5.87,5.80,5.84,3740930,21877596.00
2016/09/30,5.84,6.19,5.82,6.03,17424346,105493792.00
2016/10/10,6.02,6.17,6.00,6.14,12168418,74161504.00
2016/10/11,6.11,6.34,6.09,6.19,15985736,99281640.00
2016/10/12,6.15,6.81,6.13,6.81,31937362,211271072.00
2016/10/13,7.00,7.24,6.92,7.19,109067270,774809600.00
2016/10/14,7.04,7.12,6.81,6.89,52835536,367105920.00
2016/10/17,6.84,6.97,6.67,6.68,40100203,272557088.00
2016/10/18,6.72,7.03,6.70,6.95,46949203,324446464.00
2016/10/19,6.85,6.96,6.78,6.95,31705507,217272928.00
2016/10/20,6.92,6.95,6.82,6.84,19930990,136868256.00
2016/10/21,6.80,6.93,6.76,6.89,21117861,144263184.00
2016/10/24,6.88,6.99,6.84,6.91,24481869,169384448.00
2016/10/25,6.87,6.89,6.76,6.80,19051422,129830456.00
2016/10/26,6.80,6.80,6.63,6.68,21033808,140943888.00
2016/10/27,6.69,6.78,6.65,6.73,12590310,84562448.00
2016/10/28,6.73,6.73,6.54,6.56,16206690,107266904.00
2016/10/31,6.57,6.65,6.41,6.63,12559032,81939256.00
2016/11/01,6.58,6.68,6.57,6.68,11431020,75904528.00
2016/11/02,6.68,6.81,6.62,6.63,20146692,135426144.00
2016/11/03,6.56,6.99,6.50,6.84,37047021,253212560.00
2016/11/04,6.80,7.05,6.77,6.86,27049188,186748832.00
2016/11/07,6.82,6.86,6.61,6.83,19285575,129618392.00
2016/11/08,6.81,7.17,6.79,6.98,36113229,252520400.00
2016/11/09,6.95,7.09,6.75,6.89,22135153,152869120.00
2016/11/10,6.94,7.04,6.79,6.95,24734899,170984352.00
2016/11/11,6.89,6.94,6.80,6.85,20771567,142203072.00
2016/11/14,6.72,6.82,6.72,6.76,15122629,102307672.00
2016/11/15,6.76,6.85,6.73,6.79,12421708,84340640.00
2016/11/16,6.80,6.81,6.74,6.77,9696933,65654984.00
2016/11/17,6.78,6.79,6.61,6.71,13635959,91186312.00
2016/11/18,6.69,6.70,6.61,6.62,9843165,65494632.00
2016/11/21,6.63,6.70,6.62,6.69,8758955,58390756.00
2016/11/22,6.70,6.76,6.68,6.73,10340265,69427360.00
2016/11/23,6.71,6.75,6.59,6.63,12444142,82933984.00
2016/11/24,6.62,6.66,6.54,6.57,9970764,65799464.00
2016/11/25,6.56,6.65,6.40,6.64,11545181,75251328.00
2016/11/28,6.64,6.77,6.62,6.70,13670473,91731304.00
2016/11/29,6.66,6.98,6.65,6.84,36393670,249884112.00
2016/11/30,6.79,6.81,6.67,6.70,15136378,101811992.00
2016/12/01,6.68,6.76,6.67,6.71,9216745,61804608.00
2016/12/02,6.68,6.87,6.61,6.62,15342305,103575128.00
2016/12/05,6.55,6.57,6.36,6.41,15362760,99283328.00
2016/12/06,6.41,6.48,6.39,6.40,6022508,38656888.00
2016/12/07,6.40,6.53,6.37,6.52,6640513,42918252.00
2016/12/08,6.55,6.67,6.47,6.56,9071829,59609316.00
2016/12/09,6.52,6.58,6.44,6.57,8113200,52683380.00
2016/12/12,6.52,6.60,6.04,6.11,14607500,92416864.00
2016/12/13,6.11,6.30,6.07,6.23,9185694,56732420.00
2016/12/14,6.19,6.32,6.15,6.25,9114359,56945012.00
2016/12/15,6.27,6.50,6.21,6.39,10750136,68623384.00
2016/12/16,6.34,6.74,6.33,6.60,16882275,110753936.00
2016/12/19,6.58,6.73,6.52,6.63,14159210,93588584.00
2016/12/20,6.58,6.73,6.45,6.70,17803012,117069448.00
2016/12/21,6.73,6.75,6.62,6.69,14540302,97142032.00
2016/12/22,6.68,6.68,6.55,6.66,9863035,65223716.00
2016/12/23,6.64,6.98,6.58,6.83,36243578,246844960.00
2016/12/26,6.75,6.88,6.50,6.79,22863890,153098128.00
2016/12/27,6.73,7.13,6.68,6.88,39331497,273538240.00
2016/12/28,6.81,7.08,6.80,6.88,28605518,198068256.00
2016/12/29,6.81,6.88,6.68,6.70,17192434,116433712.00
2016/12/30,6.68,6.78,6.61,6.71,12743181,85290184.00
2017/01/03,6.69,7.38,6.69,7.38,35270843,251968400.00
2017/01/04,7.63,8.12,7.51,8.12,103174493,818390976.00
2017/01/05,8.39,8.93,8.37,8.93,65681016,569100608.00
2017/01/06,9.50,9.80,8.95,9.51,204350690,1909081472.00
2017/01/09,9.31,10.46,9.22,10.46,157323296,1550298880.00
2017/01/10,10.90,11.00,9.88,10.06,197324528,2058831872.00
2017/01/11,9.78,10.29,9.61,9.93,123823574,1226707584.00
2017/01/12,9.70,10.17,9.47,9.86,110176995,1079445120.00
2017/01/13,9.80,10.10,9.50,9.68,102109463,1006706624.00
2017/01/16,9.32,9.38,8.71,8.71,89305776,797577088.00
2017/01/17,8.60,9.58,8.52,9.58,143945125,1334366464.00
2017/01/18,9.65,10.42,9.38,10.15,176917957,1761790208.00
2017/01/19,9.86,9.90,9.16,9.40,120720568,1155256448.00
2017/01/20,9.40,10.22,9.25,9.85,125861367,1224041216.00
2017/01/23,9.77,10.50,9.70,9.92,119283535,1199558784.00
2017/01/24,9.72,10.27,9.45,10.11,111730458,1100160128.00
2017/01/25,9.92,10.08,9.50,9.60,75485027,734599488.00
2017/01/26,9.60,10.56,9.55,10.12,120231762,1223655040.00
2017/02/03,10.08,11.13,9.98,11.13,142887542,1552912640.00
2017/02/06,11.20,12.23,10.81,11.86,183765978,2119219840.00
2017/02/08,11.31,13.05,11.31,13.05,132689681,1642528640.00
2017/02/09,13.46,14.14,12.80,13.00,197740178,2648749312.00
2017/02/10,12.73,13.28,12.49,12.70,124645370,1595278848.00
2017/02/13,12.36,12.67,12.18,12.43,82107422,1021702592.00
2017/02/14,12.41,12.80,12.10,12.58,108735019,1351620352.00
2017/02/15,12.40,12.95,12.12,12.79,111433315,1394787072.00
2017/02/16,12.51,13.98,12.40,13.39,167340654,2239568384.00
2017/02/17,13.01,13.80,12.66,12.82,119839904,1577473280.00
2017/02/20,12.47,12.79,12.15,12.30,87639270,1078653440.00
2017/02/21,12.36,12.53,12.16,12.35,54947922,676376768.00
2017/02/22,12.27,12.43,12.02,12.05,60610412,737860928.00
2017/02/23,11.93,12.37,11.71,12.16,72506649,876431872.00
2017/02/24,12.00,12.34,11.76,12.06,55747387,672601856.00
2017/02/27,11.94,12.97,11.90,12.41,82982440,1037037184.00
2017/02/28,12.40,13.60,12.35,13.57,134368627,1767721088.00
2017/03/01,13.20,13.53,13.02,13.18,92771152,1226726016.00
2017/03/02,13.08,13.66,13.04,13.35,92984275,1240051456.00
2017/03/03,13.31,13.31,12.66,12.81,66057381,853861760.00
2017/03/06,12.75,13.19,12.75,12.85,43583653,561831936.00
2017/03/07,12.75,12.85,12.22,12.31,70355827,870252800.00
2017/03/08,12.26,12.58,12.06,12.36,44934825,556334592.00
2017/03/09,12.30,12.30,12.08,12.12,35456477,430747392.00
2017/03/10,12.20,12.38,12.14,12.18,32758069,401562144.00
2017/03/13,12.18,12.39,12.08,12.26,30725014,375622464.00
2017/03/14,12.18,12.40,11.83,12.23,60255098,728696448.00
2017/03/15,12.09,12.30,11.98,11.99,32911900,397788704.00
2017/03/16,11.90,12.17,11.90,12.07,33963111,408182720.00
2017/03/17,12.04,12.18,11.91,11.95,35119251,421831648.00
2017/03/20,11.91,12.04,11.63,11.71,34929719,412197248.00
2017/03/21,11.76,12.49,11.76,12.33,81966475,1001454272.00
2017/03/22,12.18,12.18,11.85,11.98,47044299,563922944.00
2017/03/23,11.89,12.10,11.71,11.91,36752145,436452736.00
2017/03/24,11.97,12.99,11.81,12.77,101020807,1255379456.00
2017/03/27,12.85,14.00,12.61,13.78,162445079,2173062912.00
2017/03/28,13.45,13.59,13.01,13.19,96714318,1283900544.00
2017/03/29,13.25,14.50,13.05,14.05,159577517,2200915712.00
2017/03/30,13.78,15.20,13.63,14.20,168724051,2432801536.00
2017/03/31,13.85,14.29,12.78,12.78,118932453,1574245888.00
2017/04/05,12.31,13.15,11.50,12.79,86929947,1081957120.00
2017/04/06,12.56,13.15,12.51,12.69,65893575,845843264.00
2017/04/07,12.65,13.15,12.51,12.80,58356648,752748352.00
2017/04/10,12.63,12.99,12.60,12.89,56924328,728855296.00
2017/04/11,12.85,13.85,12.61,13.69,120690897,1614297472.00
2017/04/12,13.50,14.17,13.15,13.29,101298414,1375924992.00
2017/04/13,13.00,13.65,12.92,13.19,52327995,695718080.00
2017/04/14,13.18,13.54,13.10,13.18,49307216,655967296.00
2017/04/17,12.70,12.70,11.88,12.04,55686990,681686272.00
2017/04/18,11.90,12.28,11.90,11.91,31316269,376970592.00
2017/04/19,11.89,12.00,10.90,11.13,51214424,575862784.00
2017/04/20,11.13,11.32,10.22,10.54,40400072,435805792.00
2017/04/21,10.59,10.98,10.38,10.70,34301514,368416928.00
2017/04/24,10.50,10.70,9.74,9.80,35522655,357893888.00
2017/04/25,9.80,10.12,9.80,10.05,27497795,275071296.00
2017/04/26,10.05,10.36,9.80,10.17,34632182,349305632.00
2017/04/27,10.08,10.40,9.71,10.29,45285427,456920672.00
2017/04/28,10.23,10.40,10.15,10.34,26001811,268306160.00
2017/05/02,10.28,10.79,10.20,10.68,39938679,419387456.00
2017/05/03,10.53,10.79,10.48,10.64,36797710,392216832.00
2017/05/04,10.58,10.77,10.30,10.43,30519312,320385504.00
2017/05/05,10.37,10.64,10.10,10.11,24948172,259249328.00
2017/05/08,10.00,10.16,9.10,9.20,31323205,302573280.00
2017/05/09,9.19,9.33,9.09,9.30,19976472,184300560.00
2017/05/10,9.30,9.41,8.79,8.85,26096114,237780352.00
2017/05/11,8.75,9.12,8.70,9.08,24411285,218339488.00
2017/05/12,9.08,9.20,8.95,9.03,24261041,219807168.00
2017/05/15,9.03,9.11,8.83,8.85,18106530,162093376.00
2017/05/16,8.87,9.08,8.50,9.07,31623039,278929696.00
2017/05/17,9.08,9.90,9.03,9.62,48817467,465309184.00
2017/05/18,9.40,9.58,9.25,9.29,28773376,270180096.00
2017/05/19,9.30,9.43,9.02,9.13,17314425,159206960.00
2017/05/22,9.08,9.35,9.00,9.04,17168954,157080624.00
2017/05/23,9.06,9.08,8.20,8.33,26210214,226808896.00
2017/05/24,8.25,8.49,8.04,8.48,20060071,166105088.00
2017/05/25,8.47,8.65,8.18,8.55,22417204,189632432.00
2017/05/26,8.50,8.59,8.42,8.43,14237681,121083464.00
2017/05/31,8.53,8.61,8.25,8.28,16303435,137092256.00
2017/06/01,8.15,8.26,7.64,7.66,22940365,181915984.00
2017/06/02,7.65,7.92,7.51,7.88,18819034,145969696.00
2017/06/05,7.92,8.15,7.90,8.01,17658394,141910256.00
2017/06/06,7.96,8.15,7.93,8.09,15613873,125952376.00
2017/06/07,8.11,8.44,8.01,8.38,25301946,208196784.00
2017/06/08,8.36,8.70,8.28,8.57,38884430,331127200.00
2017/06/09,8.45,9.28,8.32,8.92,51855025,456846176.00
2017/06/12,8.72,9.30,8.72,9.06,44819311,406222048.00
2017/06/13,8.90,9.25,8.88,9.07,34108399,308222368.00
2017/06/14,9.02,9.89,8.97,9.64,72226101,684627840.00
2017/06/15,9.41,9.72,9.41,9.55,50984117,486349440.00
2017/06/16,9.44,9.65,9.25,9.39,38665392,365382304.00
2017/06/19,9.50,9.84,9.46,9.57,41332755,398607264.00
2017/06/20,9.57,9.79,9.39,9.50,37119736,355495264.00
2017/06/21,9.59,10.30,9.59,9.70,55915490,552396352.00
2017/06/22,9.62,9.68,9.21,9.23,39950853,377024256.00
2017/06/23,9.24,9.45,9.02,9.33,25193460,233104432.00
2017/06/26,9.28,9.40,9.25,9.38,18376930,171354368.00
2017/06/27,9.37,9.80,9.33,9.78,45948853,441294368.00
2017/06/28,9.80,9.89,9.56,9.63,32406711,313534880.00
2017/06/29,9.63,9.72,9.53,9.67,23715977,228090640.00
2017/06/30,9.61,9.77,9.58,9.69,22264013,215547072.00
2017/07/03,9.61,9.95,9.61,9.91,31704773,309606144.00
2017/07/04,10.00,10.47,9.95,10.38,67338361,687209536.00
2017/07/05,10.28,10.45,10.14,10.42,50110480,517428512.00
2017/07/06,10.35,11.38,10.20,11.17,79105735,846524288.00
2017/07/07,10.99,11.59,10.91,11.07,89771668,1007687744.00
2017/07/10,11.20,11.55,10.96,11.11,60866243,684177792.00
2017/07/11,10.93,11.48,10.78,11.20,63103710,702273152.00
2017/07/12,11.09,11.34,10.86,11.11,42312174,468821184.00
2017/07/13,11.01,11.10,10.85,10.90,32674387,358084608.00
2017/07/14,10.93,11.65,10.87,11.45,87111090,990750208.00
2017/07/17,11.31,11.38,10.31,10.38,71285088,765204672.00
2017/07/18,10.28,11.17,9.83,10.98,65848266,688265536.00
2017/07/19,10.90,11.44,10.66,11.18,70994166,784001152.00
2017/07/20,11.05,12.26,10.98,12.06,109420099,1271402752.00
2017/07/21,11.88,12.05,11.65,11.70,76767404,906036288.00
2017/07/24,11.70,12.40,11.55,12.22,90344843,1086334336.00
2017/07/25,12.22,12.26,11.90,11.98,54200649,651966976.00
2017/07/26,11.77,12.05,11.51,11.75,58064459,682110976.00
2017/07/27,11.58,11.68,11.25,11.35,50758801,582137472.00
2017/07/28,11.28,11.53,11.18,11.22,37475700,424359072.00
2017/08/02,10.98,10.98,10.98,10.98,0,0.00
数据来源:通达信
