603239 浙江仙通 日线 前复权
      日期	    开盘	    最高	    最低	    收盘	    成交量	    成交额
2016/12/30,10.28,10.28,10.28,10.28,13024,409605.00
2017/01/03,11.33,11.33,11.33,11.33,2408,83317.00
2017/01/04,12.49,12.49,12.49,12.49,2734,104056.00
2017/01/05,13.76,13.76,13.76,13.76,14154,592628.00
2017/01/06,15.15,15.15,15.15,15.15,18492,851742.00
2017/01/09,16.69,16.69,16.69,16.69,72194,3658070.00
2017/01/10,18.38,18.38,17.30,17.80,13641243,737376192.00
2017/01/11,17.13,17.53,16.43,16.66,8456867,436230112.00
2017/01/12,16.90,17.64,16.63,16.90,6316747,329767296.00
2017/01/13,16.64,17.06,15.87,16.27,4975083,248611200.00
2017/01/16,16.14,17.46,16.14,17.02,5436546,277976832.00
2017/01/17,16.93,18.66,16.63,17.80,7141901,378033024.00
2017/01/18,17.47,18.03,17.23,17.77,4429271,236853760.00
2017/01/19,17.46,18.27,17.28,17.57,3795860,203940160.00
2017/01/20,17.31,18.41,17.22,18.32,4594264,251380144.00
2017/01/23,18.40,19.80,18.14,19.54,4777733,277040768.00
2017/01/24,19.52,20.13,19.19,19.78,4171496,250319296.00
2017/01/25,20.07,21.78,19.53,21.78,3524174,222427072.00
2017/01/26,22.12,22.46,21.13,21.98,3452599,227669600.00
2017/02/03,21.79,21.93,20.73,20.77,2615481,169337568.00
2017/02/06,21.07,21.65,20.83,21.62,2745588,176054752.00
2017/02/07,21.42,21.47,20.78,20.85,1979130,126771792.00
2017/02/08,20.86,21.36,20.48,21.25,1308156,83563192.00
2017/02/09,21.20,21.66,21.06,21.10,1364543,88067432.00
2017/02/10,21.16,21.23,20.17,20.60,1727629,107826160.00
2017/02/13,20.39,22.68,20.31,22.68,3592214,240371088.00
2017/02/14,22.65,22.68,22.02,22.25,2034923,137214720.00
2017/02/15,22.28,23.57,22.14,22.77,2532240,175724640.00
2017/02/16,22.54,23.27,22.17,23.23,1506538,102901280.00
2017/02/17,23.00,24.28,22.82,22.99,1786416,126527688.00
2017/02/20,22.86,23.37,21.42,22.54,1675552,113414224.00
2017/02/21,22.56,23.73,22.31,23.39,1148117,80474752.00
2017/02/22,23.43,25.72,23.29,24.90,2530946,188081808.00
2017/02/23,24.65,26.46,24.24,26.17,2307135,175794944.00
2017/02/24,26.09,26.96,25.30,25.51,1876166,147691824.00
2017/02/27,25.47,27.46,25.07,27.38,2358327,188564944.00
2017/02/28,27.35,28.79,27.15,27.68,1622161,135684256.00
2017/03/01,27.47,28.43,27.00,27.75,1523235,126237784.00
2017/03/02,27.31,28.15,26.80,27.27,1359424,112808848.00
2017/03/03,27.00,27.97,26.97,27.87,1112328,92380712.00
2017/03/06,28.04,28.07,27.51,27.66,870622,73028240.00
2017/03/07,27.39,28.13,27.39,27.70,836988,70087272.00
2017/03/08,27.80,27.96,27.00,27.49,872213,72201296.00
2017/03/09,27.53,28.89,27.53,28.85,1447052,124215400.00
2017/03/10,28.82,29.13,27.14,27.25,1334519,113313688.00
2017/03/13,26.97,28.11,26.97,27.91,1081543,90379264.00
2017/03/14,27.98,28.43,27.53,28.31,716272,60610268.00
2017/03/15,28.45,29.79,28.33,29.73,1493483,132241584.00
2017/03/16,29.17,30.28,29.17,29.60,1080572,96210680.00
2017/03/17,29.61,29.66,28.92,29.19,842920,74407632.00
2017/03/20,29.57,30.28,29.15,29.89,953607,86033840.00
2017/03/21,29.88,31.42,29.88,31.25,1083458,100734472.00
2017/03/22,31.07,31.93,30.67,31.58,945376,89098480.00
2017/03/23,31.47,32.65,31.24,32.62,1012279,97749296.00
2017/03/24,32.77,33.72,32.33,32.66,1168380,116251160.00
2017/03/27,32.50,33.63,32.07,32.67,1151900,113649288.00
2017/03/28,32.73,33.43,32.30,33.21,1133868,112828112.00
2017/03/29,33.42,33.47,31.80,32.69,1194552,116746376.00
2017/03/30,32.13,33.11,31.63,32.78,1196082,116396928.00
2017/04/05,34.39,34.39,30.47,32.60,1495992,147235680.00
2017/04/06,32.97,33.97,32.63,33.92,1342170,135205856.00
2017/04/07,33.90,35.96,33.52,35.26,2065323,219438800.00
2017/04/10,34.73,35.13,31.71,31.77,2704604,266802928.00
2017/04/11,30.48,32.23,29.14,30.54,2195763,202060944.00
2017/04/12,30.47,30.89,30.13,30.29,1090209,100581168.00
2017/04/13,30.22,31.33,29.87,30.47,810609,75332152.00
2017/04/14,30.16,30.76,29.20,29.28,1097825,98885976.00
2017/04/17,27.97,29.40,27.63,29.18,1154311,99713072.00
2017/04/18,29.19,31.26,29.19,30.81,1367092,126067664.00
2017/04/19,30.84,31.45,30.22,31.14,779524,73058080.00
2017/04/20,31.36,31.80,30.13,30.62,1034441,96404536.00
2017/04/21,30.53,30.73,29.73,29.97,1458478,132050744.00
2017/04/24,29.80,31.80,29.80,30.85,977860,90739312.00
2017/04/25,30.69,32.13,30.69,32.05,1534919,146231936.00
2017/04/26,31.97,33.12,31.47,33.03,1300946,128268704.00
2017/04/27,32.73,33.90,32.47,33.58,1361312,136235216.00
2017/04/28,33.57,34.13,33.19,33.55,1052200,107115760.00
2017/05/02,34.13,34.53,32.86,33.41,1478307,149959744.00
2017/05/03,33.14,34.45,32.93,33.67,1811157,183808864.00
2017/05/04,33.60,33.60,31.50,32.09,2156681,210459600.00
2017/05/05,31.39,34.09,31.39,33.42,2338257,233124320.00
2017/05/08,33.63,33.63,31.36,31.55,1926436,186852336.00
2017/05/09,32.98,33.75,31.70,32.86,3928478,128615512.00
2017/05/10,31.50,34.50,30.84,31.88,9523297,312103808.00
2017/05/11,30.62,31.58,28.69,31.11,7283611,220890032.00
2017/05/12,31.01,32.50,30.30,31.16,6097523,191872144.00
2017/05/15,30.99,31.55,29.55,29.65,5371390,162473040.00
2017/05/16,29.20,31.20,29.12,30.69,6526543,197933712.00
2017/05/17,30.78,31.99,30.35,31.39,6691270,208789472.00
2017/05/18,30.75,31.15,30.00,30.30,5231515,159128960.00
2017/05/19,30.30,30.50,29.73,29.88,3188776,95885320.00
2017/05/22,29.97,29.97,27.11,27.39,5539154,157406816.00
2017/05/23,27.11,28.30,26.15,27.50,4005044,108107264.00
2017/05/24,27.02,28.25,26.82,28.10,2338706,64833344.00
2017/05/25,28.05,28.19,26.60,27.49,2334306,64101056.00
2017/05/26,27.26,27.70,26.85,27.14,1520352,41512256.00
2017/05/31,28.55,29.39,26.50,27.05,7070228,200561888.00
2017/06/01,26.50,27.23,24.35,24.81,5174441,133471368.00
2017/06/02,24.53,25.36,24.00,24.97,4446682,110352880.00
2017/06/05,25.50,25.77,25.20,25.45,4278069,109125704.00
2017/06/06,25.58,25.66,25.03,25.27,2343900,59272840.00
2017/06/07,25.40,26.88,25.15,26.68,7485142,194493312.00
2017/06/08,26.30,27.50,26.06,26.61,6796040,182265312.00
2017/06/09,26.10,26.46,25.32,25.47,6717327,172487536.00
2017/06/12,25.07,25.39,24.40,24.64,4507545,111566016.00
2017/06/13,24.64,26.40,24.64,26.00,6031208,155162240.00
2017/06/14,25.97,27.00,25.66,26.65,5594107,146774720.00
2017/06/15,26.49,27.88,26.43,26.76,6103266,166134320.00
2017/06/16,26.90,27.30,26.39,26.49,4099383,109979360.00
2017/06/19,26.30,27.23,26.30,26.93,3434584,92589432.00
2017/06/20,27.19,27.25,26.68,26.84,3801175,102256992.00
2017/06/21,26.84,27.10,26.20,26.56,2715656,71994280.00
2017/06/22,26.56,26.56,25.43,25.44,5102531,132169136.00
2017/06/23,25.40,25.43,24.40,25.29,3990500,99484248.00
2017/06/26,25.11,25.93,24.71,25.46,3638713,92622608.00
2017/06/27,25.40,25.68,24.72,24.76,4708927,118271744.00
2017/06/28,24.70,25.18,24.10,25.10,4823802,118588152.00
2017/06/29,25.00,25.49,24.84,24.89,3015923,75927640.00
2017/06/30,24.93,26.40,24.93,26.03,8538362,220962608.00
2017/07/03,26.09,26.56,25.48,26.41,9700196,253854336.00
2017/07/04,26.26,26.38,24.77,24.78,12768491,326064544.00
2017/07/05,24.75,25.35,24.30,25.02,8520175,211347328.00
2017/07/06,24.99,27.52,24.86,27.52,23054642,617439808.00
2017/07/07,27.93,27.98,26.90,27.13,18058731,494028480.00
2017/07/10,26.84,27.28,26.18,26.36,10372181,275280288.00
2017/07/11,26.60,26.87,26.21,26.40,7719090,204905216.00
2017/07/12,26.25,26.61,26.01,26.54,6039947,159114528.00
2017/07/13,26.50,26.73,26.17,26.37,4901753,129340368.00
2017/07/14,26.42,26.44,24.85,25.12,7552757,192467712.00
2017/07/17,24.78,24.79,23.12,23.20,7710816,183767808.00
2017/07/18,23.00,23.83,22.54,23.52,4428001,102700400.00
2017/07/19,23.28,23.70,22.91,23.66,4044460,94494864.00
2017/07/20,23.60,23.88,23.26,23.28,3726900,87921184.00
2017/07/21,23.02,23.69,23.02,23.48,2699523,63136136.00
2017/07/24,23.20,24.30,22.84,23.87,4397903,102856784.00
2017/07/25,23.52,24.22,23.52,23.82,3630720,87039928.00
2017/07/26,23.77,24.05,23.29,23.33,2717400,63974664.00
2017/07/27,23.55,24.23,23.14,24.13,4939152,117935736.00
2017/07/28,24.02,24.10,23.66,23.83,3002900,71656880.00
2017/08/02,23.40,23.40,23.40,23.40,0,0.00
数据来源:通达信
