600684 珠江实业 日线 前复权
      日期	    开盘	    最高	    最低	    收盘	    成交量	    成交额
2010/10/08,2.00,2.03,1.91,2.02,4543026,47270488.00
2010/10/11,2.02,2.12,1.98,2.09,5285653,56557264.00
2010/10/12,2.08,2.10,2.04,2.07,3579914,38402140.00
2010/10/13,2.06,2.23,2.06,2.23,10518108,118649328.00
2010/10/14,2.25,2.25,2.15,2.17,6078792,68439808.00
2010/10/15,2.13,2.18,2.10,2.14,5392588,59597448.00
2010/10/18,2.13,2.20,2.11,2.15,5518636,61520436.00
2010/10/19,2.15,2.20,2.11,2.19,3891170,43337884.00
2010/10/20,2.12,2.14,2.04,2.13,5283459,57593588.00
2010/10/21,2.14,2.16,2.10,2.14,3642106,40114236.00
2010/10/22,2.17,2.18,2.12,2.16,2996873,33378984.00
2010/10/25,2.15,2.19,2.10,2.19,4356215,48360732.00
2010/10/26,2.18,2.25,2.17,2.23,5693098,64974288.00
2010/10/27,2.23,2.33,2.21,2.29,13307342,156468592.00
2010/10/28,2.31,2.31,2.19,2.20,10142949,116612704.00
2010/10/29,2.21,2.23,2.16,2.18,4069420,45767204.00
2010/11/01,2.19,2.21,2.16,2.20,4360383,49164032.00
2010/11/02,2.20,2.21,2.14,2.18,5928156,66524876.00
2010/11/03,2.18,2.21,2.15,2.18,5556752,62793080.00
2010/11/04,2.18,2.27,2.18,2.21,4552651,52059112.00
2010/11/05,2.26,2.46,2.26,2.41,18900933,231851120.00
2010/11/08,2.42,2.45,2.37,2.43,13173818,162251776.00
2010/11/09,2.43,2.49,2.37,2.48,8419453,103764792.00
2010/11/10,2.48,2.48,2.40,2.41,5986851,74493656.00
2010/11/11,2.38,2.51,2.37,2.48,8857487,110990480.00
2010/11/12,2.48,2.53,2.28,2.32,11041427,136660480.00
2010/11/15,2.32,2.40,2.29,2.39,4128080,49397812.00
2010/11/16,2.40,2.50,2.37,2.47,9927332,123679696.00
2010/11/17,2.43,2.50,2.28,2.33,6356052,78363248.00
2010/11/18,2.39,2.45,2.31,2.39,6640618,81183400.00
2010/11/19,2.39,2.45,2.34,2.44,5259510,64389912.00
2010/11/22,2.41,2.53,2.38,2.53,8279015,103435040.00
2010/11/23,2.50,2.51,2.38,2.43,4839907,60197976.00
2010/11/24,2.39,2.53,2.39,2.53,6234392,78670352.00
2010/11/25,2.55,2.60,2.49,2.50,7177135,92421088.00
2010/11/26,2.48,2.49,2.38,2.41,4298914,53274720.00
2010/11/29,2.42,2.44,2.38,2.42,2815156,34673732.00
2010/11/30,2.40,2.43,2.21,2.24,5266895,61897960.00
2010/12/01,2.23,2.29,2.19,2.26,2185682,25346988.00
2010/12/02,2.26,2.29,2.26,2.26,2065252,24137350.00
2010/12/03,2.26,2.34,2.26,2.32,2715591,32100024.00
2010/12/06,2.31,2.41,2.28,2.31,2499763,30061544.00
2010/12/07,2.30,2.38,2.29,2.35,2247022,26975584.00
2010/12/08,2.34,2.34,2.24,2.25,3071625,36119804.00
2010/12/09,2.23,2.27,2.13,2.14,2466699,27912788.00
2010/12/10,2.12,2.16,2.10,2.16,1526115,16793532.00
2010/12/13,2.16,2.21,2.15,2.20,2325060,26149288.00
2010/12/14,2.21,2.22,2.18,2.21,1354732,15369955.00
2010/12/15,2.23,2.23,2.19,2.20,1380707,15729816.00
2010/12/16,2.21,2.25,2.19,2.23,2019690,23127990.00
2010/12/17,2.24,2.25,2.21,2.23,1016095,11669331.00
2010/12/20,2.23,2.29,2.21,2.29,3537511,41216212.00
2010/12/21,2.29,2.43,2.26,2.40,4930880,59601656.00
2010/12/22,2.38,2.42,2.32,2.33,2924555,35355808.00
2010/12/23,2.31,2.35,2.30,2.30,1677312,19994912.00
2010/12/24,2.29,2.35,2.28,2.33,2140978,25534600.00
2010/12/27,2.39,2.41,2.25,2.25,3229592,38443016.00
2010/12/28,2.22,2.22,2.12,2.13,2471647,27850076.00
2010/12/29,2.16,2.16,2.10,2.14,1478054,16275187.00
2010/12/30,2.13,2.19,2.11,2.18,1186494,13232492.00
2010/12/31,2.18,2.21,2.13,2.21,1422762,16012458.00
2011/01/04,2.21,2.39,2.21,2.33,4937121,58981704.00
2011/01/05,2.31,2.42,2.29,2.41,6355236,76764320.00
2011/01/06,2.40,2.42,2.35,2.39,5402735,65792400.00
2011/01/07,2.39,2.44,2.35,2.39,5220048,64123068.00
2011/01/10,2.39,2.39,2.26,2.27,4153262,49351416.00
2011/01/11,2.23,2.33,2.21,2.32,2796514,32577880.00
2011/01/12,2.32,2.40,2.30,2.37,3355356,40512748.00
2011/01/13,2.37,2.41,2.32,2.34,1449978,17420104.00
2011/01/14,2.33,2.35,2.28,2.34,1784949,21267460.00
2011/01/17,2.34,2.34,2.16,2.18,2719633,31387804.00
2011/01/18,2.18,2.19,2.13,2.18,1061368,11895813.00
2011/01/19,2.19,2.21,2.15,2.21,1405059,15849620.00
2011/01/20,2.21,2.21,2.10,2.10,1575361,17483364.00
2011/01/21,2.10,2.20,2.10,2.16,1810368,20152292.00
2011/01/24,2.13,2.20,2.13,2.18,1218028,13711542.00
2011/01/25,2.17,2.18,2.10,2.17,1015143,11227298.00
2011/01/26,2.16,2.20,2.16,2.19,749328,8446691.00
2011/01/27,2.14,2.14,2.03,2.11,2164543,23449082.00
2011/01/28,2.08,2.14,2.07,2.10,1279380,13940248.00
2011/01/31,2.07,2.14,2.07,2.14,1489099,16240929.00
2011/02/01,2.14,2.20,2.12,2.18,1323787,14790202.00
2011/02/09,2.16,2.16,2.08,2.08,974001,10681053.00
2011/02/10,2.08,2.14,2.07,2.13,726112,7942293.00
2011/02/11,2.12,2.18,2.11,2.17,1311111,14573343.00
2011/02/14,2.17,2.25,2.16,2.22,2357762,26780176.00
2011/02/15,2.23,2.24,2.20,2.21,1865215,21244684.00
2011/02/16,2.21,2.23,2.19,2.22,1645556,18738084.00
2011/02/17,2.23,2.23,2.15,2.19,1990183,22367252.00
2011/02/18,2.16,2.20,2.15,2.16,1306793,14672386.00
2011/02/21,2.16,2.18,2.14,2.18,1514396,16905136.00
2011/02/22,2.17,2.17,2.08,2.10,2489915,27415712.00
2011/02/23,2.08,2.11,2.07,2.10,1508716,16360212.00
2011/02/24,2.09,2.13,2.08,2.13,1295403,14160309.00
2011/02/25,2.12,2.12,2.08,2.09,1178128,12794265.00
2011/02/28,2.09,2.13,2.08,2.12,1256212,13706336.00
2011/03/01,2.12,2.19,2.12,2.17,2581471,28820358.00
2011/03/02,2.18,2.20,2.16,2.20,2869338,32274968.00
2011/03/03,2.19,2.20,2.15,2.15,1743063,19553756.00
2011/03/04,2.15,2.38,2.15,2.31,5215350,60539608.00
2011/03/07,2.28,2.34,2.26,2.29,4644140,54686584.00
2011/03/08,2.28,2.33,2.27,2.29,2438580,28737460.00
2011/03/09,2.29,2.30,2.26,2.26,1523983,17764748.00
2011/03/10,2.26,2.30,2.25,2.27,2152712,25170220.00
2011/03/11,2.26,2.28,2.23,2.24,1737766,20169032.00
2011/03/14,2.24,2.26,2.20,2.26,2038003,23326504.00
2011/03/15,2.25,2.26,2.18,2.19,1848449,20994452.00
2011/03/16,2.19,2.22,2.19,2.22,1156072,13154885.00
2011/03/17,2.20,2.20,2.16,2.16,1335992,15012400.00
2011/03/18,2.17,2.21,2.17,2.20,1323612,14960247.00
2011/03/21,2.19,2.23,2.19,2.20,1074471,12252396.00
2011/03/22,2.22,2.22,2.16,2.20,815280,9209931.00
2011/03/23,2.19,2.28,2.19,2.27,2670048,31004532.00
2011/03/24,2.27,2.32,2.26,2.28,2640063,30961924.00
2011/03/25,2.26,2.34,2.26,2.32,3760403,44592432.00
2011/03/28,2.33,2.37,2.30,2.34,5456596,65396768.00
2011/03/29,2.33,2.40,2.31,2.36,5831813,70647808.00
2011/03/30,2.36,2.38,2.33,2.36,4803340,57938216.00
2011/03/31,2.37,2.37,2.30,2.34,2748799,32838100.00
2011/04/01,2.34,2.43,2.33,2.41,4195307,51254248.00
2011/04/06,2.40,2.49,2.38,2.48,7404002,92430296.00
2011/04/07,2.48,2.52,2.43,2.48,5725361,72539504.00
2011/04/08,2.46,2.53,2.45,2.50,4423796,56072780.00
2011/04/11,2.50,2.56,2.48,2.48,5047925,64786224.00
2011/04/12,2.48,2.54,2.43,2.53,3515016,44832916.00
2011/04/13,2.53,2.57,2.49,2.55,2800117,35978508.00
2011/04/14,2.52,2.63,2.49,2.57,4669919,60626096.00
2011/04/15,2.56,2.62,2.49,2.57,3653089,47268112.00
2011/04/18,2.55,2.58,2.52,2.55,2822801,36514292.00
2011/04/19,2.54,2.60,2.50,2.55,3818466,49361844.00
2011/04/20,2.54,2.66,2.54,2.65,5844014,77487568.00
2011/04/21,2.63,2.73,2.62,2.65,6840494,92705008.00
2011/04/22,2.66,2.82,2.65,2.78,7376578,102297920.00
2011/04/25,2.76,2.84,2.68,2.78,5835739,81741272.00
2011/04/26,2.74,2.87,2.64,2.86,9654741,134817536.00
2011/04/27,2.83,2.93,2.64,2.73,9190527,130439456.00
2011/04/28,2.73,2.73,2.53,2.59,7019386,93579784.00
2011/04/29,2.57,2.69,2.57,2.65,5742026,76969472.00
2011/05/03,2.66,2.78,2.61,2.77,5066494,68983816.00
2011/05/04,2.76,2.82,2.72,2.77,4972497,69247512.00
2011/05/05,2.77,2.98,2.73,2.96,8255088,118836464.00
2011/05/06,2.93,3.02,2.89,2.97,7077619,105026880.00
2011/05/09,2.97,2.99,2.92,2.97,3358485,49791896.00
2011/05/10,2.99,3.05,2.85,2.96,6469552,95142592.00
2011/05/11,2.94,3.07,2.89,3.04,7422796,111520464.00
2011/05/12,3.01,3.05,2.94,2.95,4063058,60895036.00
2011/05/13,2.94,3.09,2.94,3.06,5686874,86393168.00
2011/05/16,3.06,3.15,3.03,3.09,4311181,66557324.00
2011/05/17,3.07,3.12,3.01,3.11,4967805,76175464.00
2011/05/18,3.10,3.15,3.04,3.08,3940950,60602056.00
2011/05/19,3.09,3.10,2.96,2.98,3980988,59939504.00
2011/05/20,2.96,3.06,2.92,3.03,2470644,36976724.00
2011/05/23,2.97,3.02,2.84,2.85,3619870,52623016.00
2011/05/24,2.83,2.91,2.81,2.88,2320798,33378748.00
2011/05/25,2.88,2.91,2.72,2.77,4249559,59519784.00
2011/05/26,2.78,2.81,2.72,2.72,2563622,35561944.00
2011/05/27,2.71,2.76,2.68,2.68,2689882,36815432.00
2011/05/30,2.68,2.75,2.66,2.69,1891119,25852072.00
2011/05/31,2.71,2.80,2.69,2.78,1276400,17592976.00
2011/06/01,2.77,2.86,2.76,2.83,1873806,26575636.00
2011/06/02,2.79,2.80,2.71,2.73,2068695,28589952.00
2011/06/03,2.74,2.82,2.73,2.81,1321699,18510012.00
2011/06/07,2.80,2.85,2.76,2.83,1362716,19322620.00
2011/06/08,2.81,2.87,2.76,2.85,1798324,25548336.00
2011/06/09,2.84,2.85,2.74,2.79,1583387,22236410.00
2011/06/10,2.78,2.82,2.72,2.82,1247471,17366216.00
2011/06/13,2.80,2.80,2.72,2.78,1618086,22423480.00
2011/06/14,2.78,2.90,2.76,2.86,2834501,40724852.00
2011/06/15,2.84,2.89,2.83,2.85,1738574,24955972.00
2011/06/16,2.83,2.86,2.78,2.79,1465797,20744800.00
2011/06/17,2.78,2.80,2.69,2.69,1555984,21547980.00
2011/06/20,2.67,2.69,2.55,2.56,2274328,29899842.00
2011/06/21,2.57,2.62,2.56,2.61,697647,9162389.00
2011/06/22,2.61,2.63,2.54,2.58,1119110,14596794.00
2011/06/23,2.56,2.62,2.53,2.59,1514438,19811988.00
2011/06/24,2.57,2.68,2.55,2.66,2188605,29389354.00
2011/06/27,2.67,2.71,2.67,2.70,1330905,18081000.00
2011/06/29,2.67,2.85,2.67,2.78,2763549,38836704.00
2011/06/30,2.78,2.85,2.76,2.83,1386164,19607896.00
2011/07/01,2.86,2.86,2.80,2.82,1166551,16566359.00
2011/07/04,2.84,2.87,2.81,2.85,1848552,26399292.00
2011/07/05,2.86,2.92,2.83,2.91,2070636,29933006.00
2011/07/06,2.91,3.01,2.89,2.99,4892498,72945640.00
2011/07/07,2.96,3.03,2.94,2.96,3068763,45702736.00
2011/07/08,2.96,2.97,2.90,2.92,1400257,20526608.00
2011/07/11,2.91,2.95,2.85,2.91,1526815,22170940.00
2011/07/12,2.89,2.91,2.85,2.86,1433574,20647138.00
2011/07/13,2.85,2.95,2.85,2.94,1762940,25791604.00
2011/07/14,3.02,3.04,2.93,2.95,2637181,39136972.00
2011/07/15,2.91,2.91,2.85,2.89,2541801,36647656.00
2011/07/18,2.87,2.89,2.76,2.81,4178741,59026168.00
2011/07/19,2.80,2.80,2.72,2.77,2086159,28982158.00
2011/07/20,2.81,2.81,2.74,2.80,2078130,28957222.00
2011/07/21,2.79,2.81,2.74,2.77,1041424,14525781.00
2011/07/22,2.81,2.83,2.76,2.78,1891556,26642908.00
2011/07/25,2.79,2.81,2.62,2.69,2800363,38087656.00
2011/07/26,2.68,2.80,2.66,2.78,2774298,38679572.00
2011/07/27,2.77,2.81,2.77,2.80,2331348,32677672.00
2011/07/28,2.79,2.81,2.73,2.75,1125820,12063744.00
2011/07/29,2.74,2.85,2.70,2.81,4418511,47839472.00
2011/08/01,2.76,2.82,2.74,2.75,1865547,20061676.00
2011/08/02,2.74,2.76,2.62,2.75,2473601,25656502.00
2011/08/03,2.68,2.78,2.66,2.74,2229946,23497728.00
2011/08/04,2.75,2.76,2.68,2.75,4129541,43606024.00
2011/08/05,2.65,2.83,2.63,2.76,3897695,41369512.00
2011/08/08,2.72,2.75,2.46,2.63,3638199,37116780.00
2011/08/09,2.53,2.67,2.49,2.60,2224101,22505448.00
2011/08/10,2.64,2.78,2.62,2.77,5552178,58421808.00
2011/08/11,2.71,2.89,2.68,2.84,5640082,61060780.00
2011/08/12,2.85,2.89,2.80,2.86,3349143,36711516.00
2011/08/15,2.84,3.00,2.83,2.98,7038443,79824032.00
2011/08/16,2.98,3.04,2.90,3.00,6078022,69443384.00
2011/08/17,2.99,3.00,2.92,2.96,2841409,32349774.00
2011/08/18,2.95,3.00,2.89,2.93,4204710,47924188.00
2011/08/19,2.89,2.99,2.85,2.94,3060351,34553964.00
2011/08/22,2.96,3.03,2.92,2.95,2629919,30018380.00
2011/08/23,2.92,2.99,2.90,2.96,2518008,28641416.00
2011/08/24,2.96,3.02,2.91,2.98,3781267,43221608.00
2011/08/25,2.97,3.05,2.94,3.03,5281733,60981744.00
2011/08/26,3.02,3.10,2.96,3.01,4661666,53935816.00
2011/08/29,3.00,3.00,2.88,2.88,3676997,41473256.00
2011/08/30,2.89,2.96,2.76,2.87,3546072,39119416.00
2011/08/31,2.86,2.90,2.79,2.88,2586677,28439312.00
2011/09/01,2.87,2.90,2.82,2.86,2151191,23852096.00
2011/09/02,2.87,2.94,2.77,2.86,2978569,32956236.00
2011/09/05,2.83,2.84,2.78,2.80,1326333,14383450.00
2011/09/06,2.79,2.81,2.73,2.76,1188890,12721657.00
2011/09/07,2.77,2.81,2.74,2.81,885890,9539409.00
2011/09/08,2.82,2.84,2.78,2.79,965367,10463686.00
2011/09/09,2.82,2.82,2.72,2.79,2474337,26566596.00
2011/09/13,2.75,2.79,2.68,2.76,2297008,24262320.00
2011/09/14,2.73,2.81,2.73,2.79,3821497,40849276.00
2011/09/15,2.81,2.84,2.73,2.76,4761313,51238364.00
2011/09/16,2.76,2.83,2.64,2.71,7377344,77928768.00
2011/09/19,2.69,2.71,2.60,2.67,2054396,21143744.00
2011/09/20,2.63,2.69,2.60,2.66,2577885,26495180.00
2011/09/21,2.65,2.85,2.57,2.69,13819769,142073280.00
2011/09/22,2.62,2.63,2.46,2.47,5574189,55926708.00
2011/09/23,2.41,2.56,2.24,2.51,16148907,152601424.00
2011/09/26,2.43,2.45,2.34,2.37,5720696,53934168.00
2011/09/27,2.38,2.41,2.15,2.28,12611157,112332448.00
2011/09/28,2.31,2.32,2.19,2.21,9350535,83793640.00
2011/09/29,2.21,2.24,1.96,1.96,19338352,154997104.00
2011/09/30,1.85,1.89,1.83,1.83,10086310,75930080.00
2011/10/10,1.84,1.86,1.78,1.78,4359448,31885324.00
2011/10/11,1.82,1.83,1.71,1.72,5951575,42986200.00
2011/10/12,1.72,1.81,1.68,1.80,8530036,60748456.00
2011/10/13,1.78,1.83,1.77,1.82,6433095,47341136.00
2011/10/14,1.82,1.85,1.79,1.82,4347261,32112984.00
2011/10/17,1.81,1.86,1.81,1.84,3903991,29163834.00
2011/10/18,1.83,1.83,1.70,1.71,5465606,39287936.00
2011/10/19,1.71,1.73,1.67,1.69,3733625,26042004.00
2011/10/20,1.69,1.69,1.57,1.61,4633189,30943384.00
2011/10/21,1.60,1.65,1.58,1.63,2813864,18778256.00
2011/10/24,1.66,1.72,1.63,1.69,5263132,36152080.00
2011/10/25,1.68,1.77,1.67,1.76,5834904,41151616.00
2011/10/26,1.75,1.84,1.73,1.84,8465200,61901488.00
2011/10/27,1.83,1.84,1.79,1.83,4905468,36176772.00
2011/10/28,1.85,1.98,1.84,1.92,9459152,73357400.00
2011/10/31,1.89,2.04,1.88,2.00,8916870,70456888.00
2011/11/01,1.98,2.02,1.92,1.94,6685770,52961508.00
2011/11/02,1.91,1.99,1.88,1.99,5297668,41323248.00
2011/11/03,2.00,2.02,1.92,1.93,8076912,64388024.00
2011/11/04,1.94,1.97,1.91,1.94,4171252,32564632.00
2011/11/07,1.92,1.94,1.89,1.90,3628040,28094312.00
2011/11/08,1.89,1.93,1.86,1.89,3706759,28296014.00
2011/11/09,1.90,1.96,1.88,1.94,3752824,29030404.00
2011/11/10,1.90,1.93,1.88,1.88,2899772,22267164.00
2011/11/11,1.88,1.92,1.87,1.90,3287922,25300252.00
2011/11/14,1.92,1.96,1.89,1.96,4806923,37383024.00
2011/11/15,1.95,1.96,1.92,1.95,3459880,27054642.00
2011/11/16,1.96,1.96,1.88,1.90,3573009,27598464.00
2011/11/17,1.90,1.92,1.87,1.89,2167945,16607651.00
2011/11/18,1.87,1.88,1.77,1.79,3018727,22430260.00
2011/11/21,1.79,1.80,1.75,1.78,1865073,13457900.00
2011/11/22,1.75,1.81,1.75,1.80,2361837,17205628.00
2011/11/23,1.80,1.82,1.79,1.79,1506474,11046135.00
2011/11/24,1.77,1.84,1.75,1.81,2286310,16691781.00
2011/11/25,1.81,1.82,1.73,1.75,1955184,14133607.00
2011/11/28,1.76,1.78,1.74,1.75,1179424,8439390.00
2011/11/29,1.77,1.79,1.75,1.78,1703708,12286289.00
2011/11/30,1.78,1.90,1.76,1.81,9793422,72774304.00
2011/12/01,1.90,1.97,1.85,1.92,11588750,89908080.00
2011/12/02,1.88,1.90,1.84,1.87,5198136,39318628.00
2011/12/05,1.86,1.88,1.77,1.82,3361157,24690180.00
2011/12/06,1.79,1.96,1.79,1.94,7253970,55444272.00
2011/12/07,1.92,1.95,1.89,1.94,4203430,32644578.00
2011/12/08,1.95,2.01,1.93,1.97,7718669,61227096.00
2011/12/09,1.94,2.07,1.93,2.04,9599463,78155576.00
2011/12/12,2.02,2.04,1.92,1.94,5806356,46061936.00
2011/12/13,1.92,1.93,1.86,1.88,4859457,37100312.00
2011/12/14,1.87,1.90,1.83,1.83,3350764,25319972.00
2011/12/15,1.82,1.90,1.78,1.84,5572373,42038000.00
2011/12/16,1.82,1.92,1.80,1.91,4959063,37469000.00
2011/12/19,1.88,1.90,1.83,1.89,4203125,31689128.00
2011/12/20,1.89,1.99,1.87,1.96,8276691,65099076.00
2011/12/21,1.95,2.01,1.89,1.91,7218740,56903104.00
2011/12/22,1.89,1.95,1.79,1.93,6037623,45887744.00
2011/12/23,1.91,2.00,1.90,1.97,6271354,49569036.00
2011/12/26,1.97,1.99,1.94,1.96,4055569,32089704.00
2011/12/27,1.94,1.97,1.83,1.85,4294081,32858044.00
2011/12/28,1.82,1.87,1.79,1.85,3976040,29421394.00
2011/12/29,1.84,1.86,1.81,1.81,2620229,19474182.00
2011/12/30,1.82,1.89,1.82,1.87,3236743,24354892.00
2012/01/04,1.88,1.90,1.74,1.74,4286123,31763612.00
2012/01/05,1.71,1.76,1.61,1.64,7008931,48173120.00
2012/01/06,1.63,1.69,1.60,1.67,2439517,16523199.00
2012/01/09,1.67,1.74,1.64,1.74,4349991,30335426.00
2012/01/10,1.72,1.83,1.71,1.82,4636701,33588816.00
2012/01/11,1.81,1.86,1.80,1.81,3907609,28910798.00
2012/01/12,1.81,1.93,1.80,1.85,5146253,39038860.00
2012/01/13,1.84,1.87,1.77,1.78,3884754,28461044.00
2012/01/16,1.78,1.81,1.73,1.73,3025145,21728396.00
2012/01/17,1.76,1.86,1.70,1.84,4965193,36161528.00
2012/01/18,1.84,1.88,1.79,1.81,4581326,34046052.00
2012/01/19,1.82,1.87,1.81,1.85,4388742,32863442.00
2012/01/20,1.84,1.96,1.83,1.94,7084225,54589712.00
2012/01/30,1.93,1.93,1.84,1.88,4717580,35921464.00
2012/01/31,1.87,1.90,1.84,1.90,3170340,24014330.00
2012/02/01,1.89,1.91,1.83,1.85,4204591,31850904.00
2012/02/02,1.85,1.89,1.83,1.88,3141891,23692994.00
2012/02/03,1.88,1.95,1.87,1.92,6452281,49795552.00
2012/02/06,1.92,1.99,1.90,1.96,6294041,49492328.00
2012/02/07,1.95,1.95,1.90,1.93,4162501,32317840.00
2012/02/08,1.92,2.03,1.92,2.02,7887985,63208344.00
2012/02/09,2.02,2.15,1.99,2.06,10589794,87563120.00
2012/02/10,2.06,2.16,2.04,2.07,9091868,76176472.00
2012/02/13,2.01,2.03,1.96,2.00,8952131,71663072.00
2012/02/14,1.99,2.11,1.97,2.10,8660896,71009000.00
2012/02/15,2.08,2.12,2.07,2.10,6418419,53565424.00
2012/02/16,2.09,2.17,2.07,2.10,6379608,53909488.00
2012/02/17,2.10,2.12,2.04,2.10,4430858,36897888.00
2012/02/20,2.16,2.18,2.10,2.11,9587976,81764096.00
2012/02/21,2.10,2.20,2.09,2.19,7446531,63487876.00
2012/02/22,2.18,2.27,2.17,2.23,10571916,93246384.00
2012/02/23,2.22,2.24,2.18,2.20,6151273,53866592.00
2012/02/24,2.20,2.45,2.19,2.34,17599472,161209920.00
2012/02/27,2.33,2.41,2.30,2.31,12906817,119596920.00
2012/02/28,2.31,2.35,2.29,2.34,6583212,60313928.00
2012/02/29,2.31,2.32,2.22,2.23,7871747,70266872.00
2012/03/01,2.19,2.28,2.18,2.26,4867294,43432080.00
2012/03/02,2.26,2.39,2.25,2.37,6393966,58455980.00
2012/03/05,2.38,2.41,2.34,2.36,6304703,58800728.00
2012/03/06,2.36,2.37,2.27,2.30,5073247,46259896.00
2012/03/07,2.29,2.29,2.22,2.23,6697632,59470268.00
2012/03/08,2.23,2.31,2.23,2.27,4625388,41596188.00
2012/03/09,2.29,2.33,2.27,2.33,5572661,50581288.00
2012/03/12,2.33,2.35,2.26,2.30,5119804,46650932.00
2012/03/13,2.30,2.32,2.28,2.31,4798108,43592880.00
2012/03/14,2.35,2.44,2.22,2.23,12199387,112742160.00
2012/03/15,2.22,2.24,2.03,2.10,8379396,70454256.00
2012/03/16,2.09,2.14,2.07,2.13,4981421,41796760.00
2012/03/19,2.11,2.11,2.05,2.10,6361990,52789596.00
2012/03/20,2.10,2.11,2.04,2.05,4154065,34337464.00
2012/03/21,2.07,2.10,2.04,2.08,3605145,29811368.00
2012/03/22,2.10,2.14,2.09,2.11,4065509,34298108.00
2012/03/23,2.09,2.09,2.03,2.04,3415904,28064456.00
2012/03/26,2.05,2.07,2.03,2.04,1485472,12161300.00
2012/03/27,2.07,2.08,2.04,2.08,2846270,23538532.00
2012/03/28,2.07,2.08,1.95,1.99,4050433,32596272.00
2012/03/29,1.96,2.02,1.94,1.97,2242187,17841784.00
2012/03/30,1.97,2.00,1.95,1.99,2921981,23152794.00
2012/04/05,1.99,2.07,1.97,2.06,3501490,28536774.00
2012/04/06,2.07,2.12,2.06,2.09,3824304,31919964.00
2012/04/09,2.10,2.10,2.05,2.07,1688212,14000486.00
2012/04/10,2.05,2.12,1.98,2.11,3097254,25398912.00
2012/04/11,2.08,2.19,2.06,2.17,6637756,56676448.00
2012/04/12,2.15,2.22,2.14,2.21,5612019,48663936.00
2012/04/13,2.22,2.24,2.18,2.22,4666213,40859604.00
2012/04/16,2.19,2.32,2.17,2.28,5222873,46616728.00
2012/04/17,2.32,2.35,2.21,2.21,4300227,38558140.00
2012/04/18,2.22,2.29,2.18,2.29,4592399,40787440.00
2012/04/19,2.28,2.30,2.20,2.25,3041154,27146004.00
2012/04/20,2.25,2.31,2.25,2.29,3265931,29435544.00
2012/04/23,2.29,2.30,2.24,2.25,4064661,36351276.00
2012/04/24,2.23,2.30,2.18,2.30,4072672,36201636.00
2012/04/25,2.30,2.55,2.30,2.47,13549225,130669408.00
2012/04/26,2.50,2.50,2.37,2.38,11896680,113020656.00
2012/04/27,2.38,2.40,2.32,2.33,5182492,47904924.00
2012/05/02,2.36,2.39,2.32,2.35,5933793,54933828.00
2012/05/03,2.34,2.36,2.27,2.30,6204109,56409540.00
2012/05/04,2.30,2.32,2.27,2.32,4051440,36803532.00
2012/05/07,2.30,2.35,2.27,2.34,5575053,50948624.00
2012/05/08,2.35,2.36,2.29,2.31,4165749,37943540.00
2012/05/09,2.30,2.30,2.23,2.25,3632321,32376708.00
2012/05/10,2.25,2.27,2.23,2.26,2692657,23982784.00
2012/05/11,2.26,2.28,2.23,2.23,1936419,17245420.00
2012/05/14,2.28,2.29,2.22,2.24,3943371,35329212.00
2012/05/15,2.20,2.25,2.19,2.25,2605580,22923440.00
2012/05/16,2.25,2.27,2.21,2.22,1797009,15899033.00
2012/05/17,2.24,2.26,2.20,2.25,1734624,15376499.00
2012/05/18,2.23,2.25,2.15,2.17,2381431,20784464.00
2012/05/21,2.17,2.20,2.14,2.18,1279857,11034226.00
2012/05/22,2.20,2.24,2.19,2.23,1858617,16317782.00
2012/05/23,2.22,2.31,2.22,2.28,5466400,49092164.00
2012/05/24,2.28,2.30,2.23,2.25,2634214,23638764.00
2012/05/25,2.24,2.34,2.24,2.33,6135142,55434752.00
2012/05/28,2.35,2.37,2.28,2.35,6223290,57090512.00
2012/05/29,2.35,2.37,2.33,2.35,4934075,45636344.00
2012/05/30,2.37,2.43,2.34,2.35,6309167,59168172.00
2012/05/31,2.35,2.35,2.31,2.32,3748430,34347196.00
2012/06/01,2.34,2.35,2.30,2.31,1992987,18252124.00
2012/06/04,2.27,2.29,2.19,2.19,3920347,34843672.00
2012/06/06,2.19,2.22,2.15,2.17,2144586,18620712.00
2012/06/07,2.20,2.23,2.17,2.19,2052859,17970684.00
2012/06/08,2.24,2.24,2.16,2.18,2361897,20701498.00
2012/06/11,2.19,2.27,2.18,2.26,2732061,24197062.00
2012/06/12,2.25,2.30,2.22,2.28,3530596,31581622.00
2012/06/13,2.28,2.32,2.27,2.31,3039686,27604812.00
2012/06/14,2.31,2.31,2.25,2.27,2395983,21592804.00
2012/06/15,2.28,2.28,2.20,2.23,3569690,31521284.00
2012/06/18,2.25,2.26,2.22,2.25,1916156,17030772.00
2012/06/19,2.27,2.30,2.25,2.28,3080421,27752740.00
2012/06/20,2.28,2.29,2.24,2.24,1250061,11173037.00
2012/06/21,2.24,2.26,2.20,2.24,1619299,14300493.00
2012/06/25,2.24,2.26,2.15,2.16,2076792,18101344.00
2012/06/26,2.15,2.20,2.13,2.19,1304740,8663468.00
2012/06/27,2.20,2.20,2.14,2.17,2848836,18843808.00
2012/06/28,2.20,2.24,2.12,2.12,2690698,17954718.00
2012/06/29,2.10,2.16,2.06,2.16,1935680,12535442.00
2012/07/02,2.18,2.18,2.12,2.13,1655601,10874515.00
2012/07/03,2.14,2.19,2.13,2.16,2682516,17746704.00
2012/07/04,2.18,2.19,2.11,2.14,2313795,15122756.00
2012/07/05,2.24,2.25,2.16,2.17,7773177,52106800.00
2012/07/06,2.21,2.36,2.20,2.31,12667518,87898624.00
2012/07/09,2.26,2.30,2.20,2.22,8285405,56922728.00
2012/07/10,2.20,2.24,2.16,2.18,4630731,30870552.00
2012/07/11,2.20,2.22,2.18,2.21,3133467,21074024.00
2012/07/12,2.21,2.28,2.20,2.26,3900770,26603876.00
2012/07/13,2.25,2.31,2.24,2.26,4099205,28283054.00
2012/07/16,2.27,2.28,2.15,2.16,4851938,32417634.00
2012/07/17,2.16,2.19,2.13,2.18,2185910,14444162.00
2012/07/18,2.16,2.18,2.08,2.14,3692136,23982352.00
2012/07/19,2.14,2.18,2.12,2.16,4084320,26926408.00
2012/07/20,2.15,2.15,2.11,2.13,1966541,12818784.00
2012/07/23,2.13,2.14,2.08,2.12,1569678,10189937.00
2012/07/24,2.13,2.18,2.11,2.16,1894999,12446817.00
2012/07/25,2.15,2.15,2.10,2.13,2257323,14671636.00
2012/07/26,2.14,2.17,2.10,2.11,3052582,20001820.00
2012/07/27,2.12,2.12,2.03,2.04,3672951,23301976.00
2012/07/30,2.05,2.05,1.97,1.97,2366854,14618088.00
2012/07/31,1.98,2.01,1.97,1.97,1446705,8885406.00
2012/08/01,1.97,2.03,1.97,2.01,1603208,9925477.00
2012/08/02,2.00,2.01,1.91,1.93,2670801,16176437.00
2012/08/03,1.96,1.96,1.94,1.95,3507584,21150388.00
2012/08/06,1.95,2.01,1.94,2.01,2288977,14024005.00
2012/08/07,2.01,2.04,2.01,2.03,2274439,14147546.00
2012/08/08,2.04,2.05,2.01,2.02,1535820,9595824.00
2012/08/09,2.03,2.07,2.01,2.05,2492145,15691090.00
2012/08/10,2.06,2.06,2.02,2.04,1833348,11486440.00
2012/08/13,2.04,2.04,1.95,1.97,1688277,10364072.00
2012/08/14,1.98,1.99,1.94,1.99,1974248,12001717.00
2012/08/15,1.99,2.01,1.94,1.97,1598730,9772818.00
2012/08/16,1.97,1.99,1.95,1.97,1556201,9483353.00
2012/08/17,1.98,1.98,1.94,1.96,1306132,7913163.00
2012/08/20,1.95,1.95,1.91,1.94,1624881,9721337.00
2012/08/21,1.95,1.99,1.93,1.98,2686120,16386719.00
2012/08/22,1.99,1.99,1.95,1.96,2388913,14485768.00
2012/08/23,1.97,2.01,1.95,2.00,2774957,17043530.00
2012/08/24,1.99,1.99,1.95,1.97,2084035,12676039.00
2012/08/27,1.95,1.97,1.89,1.90,2928370,17494728.00
2012/08/28,1.91,1.93,1.88,1.91,2044372,12099622.00
2012/08/29,1.91,1.93,1.89,1.91,1342163,7984939.00
2012/08/30,1.91,1.92,1.85,1.89,1440829,8467671.00
2012/08/31,1.89,1.92,1.88,1.91,1261502,7457231.00
2012/09/03,1.91,1.97,1.88,1.95,2748523,16560151.00
2012/09/04,1.95,1.95,1.92,1.94,2158710,12941285.00
2012/09/05,1.93,1.95,1.91,1.94,1093482,6550569.00
2012/09/06,1.95,1.96,1.94,1.95,1699623,10261581.00
2012/09/07,1.97,2.06,1.97,2.04,5220365,32595424.00
2012/09/10,2.04,2.09,2.04,2.06,4429109,28142640.00
2012/09/11,2.05,2.12,2.03,2.10,4886691,31181372.00
2012/09/12,2.14,2.17,2.08,2.12,6674965,43399820.00
2012/09/13,2.12,2.13,2.06,2.07,3957116,25353292.00
2012/09/14,2.08,2.10,2.05,2.10,3046903,19463500.00
2012/09/17,2.10,2.10,2.00,2.01,3357656,21066116.00
2012/09/18,2.02,2.04,2.00,2.02,1568438,9749079.00
2012/09/19,2.02,2.04,2.00,2.03,1382504,8605796.00
2012/09/20,2.03,2.03,1.95,1.95,2138820,13178163.00
2012/09/21,1.95,1.98,1.92,1.93,1456519,8806981.00
2012/09/24,1.93,1.96,1.90,1.94,1417447,8489706.00
2012/09/25,1.95,1.96,1.92,1.94,1154447,6953048.00
2012/09/26,1.93,1.95,1.88,1.89,1408415,8339519.00
2012/09/27,1.88,1.97,1.88,1.94,2106172,12607710.00
2012/09/28,1.93,1.99,1.93,1.99,2780328,16967036.00
2012/10/08,1.98,2.01,1.97,2.00,2047750,12593581.00
2012/10/09,2.00,2.07,1.98,2.07,2788544,17481480.00
2012/10/10,2.06,2.08,2.04,2.07,2578777,16350118.00
2012/10/11,2.08,2.10,2.04,2.05,2448218,15604714.00
2012/10/12,2.08,2.10,2.03,2.06,1898236,12039808.00
2012/10/15,2.07,2.08,2.04,2.07,1476421,9347276.00
2012/10/16,2.08,2.09,2.05,2.07,2599077,16567386.00
2012/10/17,2.08,2.09,2.05,2.08,1691467,10755756.00
2012/10/18,2.09,2.15,2.08,2.14,4414710,28757284.00
2012/10/19,2.14,2.18,2.13,2.14,4551895,29997806.00
2012/10/22,2.11,2.25,2.09,2.20,3856908,25484032.00
2012/10/23,2.18,2.32,2.18,2.23,11552075,79671144.00
2012/10/24,2.21,2.28,2.21,2.24,6460137,44248592.00
2012/10/25,2.24,2.31,2.22,2.24,5983331,41238084.00
2012/10/26,2.38,2.49,2.35,2.49,38345559,285343072.00
2012/10/29,2.57,2.77,2.51,2.77,40892925,323395424.00
2012/10/31,2.71,3.07,2.71,2.93,59608739,516963744.00
2012/11/01,2.91,3.25,2.90,3.25,46348586,422313824.00
2012/11/02,3.45,3.61,3.44,3.61,56973989,590465408.00
2012/11/05,3.78,4.00,3.66,4.00,36846901,412469152.00
2012/11/06,4.10,4.14,3.72,3.86,75982466,857937920.00
2012/11/07,3.83,3.90,3.56,3.63,60439896,651909504.00
2012/11/08,3.62,3.66,3.51,3.62,48784597,511741664.00
2012/11/09,3.61,3.64,3.46,3.50,34998670,360665760.00
2012/11/12,3.50,3.59,3.48,3.54,27077442,279043392.00
2012/11/13,3.52,3.54,3.25,3.28,41077681,403588224.00
2012/11/14,3.28,3.32,3.23,3.28,19771708,190092256.00
2012/11/15,3.24,3.37,3.18,3.21,28062794,270620224.00
2012/11/16,3.20,3.34,3.15,3.25,26136730,249601776.00
2012/11/19,3.26,3.36,3.24,3.32,27012994,261951728.00
2012/11/20,3.33,3.40,3.13,3.16,34709778,333403232.00
2012/11/21,3.11,3.48,3.11,3.38,44774161,429044000.00
2012/11/22,3.28,3.31,3.13,3.15,31260042,296805696.00
2012/11/23,3.15,3.25,3.11,3.13,18428835,172191088.00
2012/11/26,3.13,3.18,3.06,3.15,17258410,158388480.00
2012/11/27,3.12,3.15,3.03,3.05,14585268,132935200.00
2012/11/28,3.05,3.12,2.97,3.07,18542961,166652704.00
2012/11/29,3.06,3.12,2.97,2.99,19240779,173920720.00
2012/11/30,2.98,3.21,2.95,3.10,30615916,280012096.00
2012/12/03,3.08,3.34,3.05,3.19,38336302,359804256.00
2012/12/04,3.10,3.22,3.03,3.19,23522035,216776560.00
2012/12/05,3.18,3.54,3.16,3.34,47349354,469867872.00
2012/12/06,3.31,3.66,3.28,3.61,48276321,492488832.00
2012/12/07,3.55,3.67,3.51,3.65,35435616,371301664.00
2012/12/10,3.64,3.69,3.58,3.64,24513003,259280592.00
2012/12/11,3.67,3.97,3.63,3.65,35727869,394803168.00
2012/12/12,3.65,3.66,3.45,3.57,25103891,259835120.00
2012/12/13,3.54,3.77,3.53,3.60,23834557,254415456.00
2012/12/14,3.59,3.83,3.55,3.77,26612236,287797600.00
2012/12/17,3.78,3.96,3.67,3.71,24755015,272439776.00
2012/12/18,3.69,3.76,3.59,3.62,18188416,193809808.00
2012/12/19,3.58,3.65,3.54,3.60,13326173,139711344.00
2012/12/20,3.57,3.63,3.48,3.58,15046252,155680592.00
2012/12/21,3.60,3.65,3.48,3.52,13628463,141513440.00
2012/12/24,3.50,3.78,3.48,3.77,22985365,243428416.00
2012/12/25,3.76,4.18,3.74,4.18,21339803,247946592.00
2012/12/26,4.63,4.63,4.56,4.63,32669656,433107040.00
2012/12/27,4.69,5.11,4.67,4.84,61634212,860460160.00
2012/12/28,4.90,5.35,4.88,5.35,40500113,596251328.00
2012/12/31,5.79,5.86,5.23,5.25,64771966,1025610624.00
2013/01/04,5.33,5.58,5.20,5.34,50633778,771238784.00
2013/01/07,5.26,5.38,5.21,5.31,27680643,415959680.00
2013/01/08,5.27,5.46,5.07,5.43,40185291,600341120.00
2013/01/09,5.35,5.42,5.11,5.26,26717845,400214752.00
2013/01/10,5.25,5.56,5.20,5.33,39989478,610218240.00
2013/01/11,5.25,5.30,4.94,4.97,31171035,455744768.00
2013/01/14,4.86,5.19,4.81,5.12,33631539,478447424.00
2013/01/15,5.05,5.29,4.98,5.17,29730749,437044000.00
2013/01/16,5.08,5.17,4.87,4.97,20867427,297874496.00
2013/01/17,4.96,5.49,4.94,5.20,39124606,589464448.00
2013/01/18,5.23,5.47,5.13,5.36,27760652,418467776.00
2013/01/21,5.39,5.78,5.38,5.47,31126225,490223616.00
2013/01/22,5.31,5.40,5.19,5.20,20740630,311629696.00
2013/01/23,4.93,5.11,4.78,5.01,26968096,382471488.00
2013/01/24,4.97,4.99,4.74,4.78,21481506,299684160.00
2013/01/25,4.80,4.86,4.70,4.74,11647360,159246560.00
2013/01/28,4.72,4.97,4.71,4.92,15786307,219866368.00
2013/01/29,4.93,5.05,4.82,4.90,17714259,248987600.00
2013/01/30,4.89,4.89,4.73,4.84,17756955,243281920.00
2013/01/31,4.81,4.90,4.64,4.64,14626166,198157216.00
2013/02/01,4.65,4.76,4.63,4.74,12119794,162700064.00
2013/02/04,4.75,4.82,4.61,4.71,11565514,155587680.00
2013/02/05,4.64,4.97,4.61,4.87,19569219,270656544.00
2013/02/06,4.85,4.85,4.70,4.74,11987210,162831984.00
2013/02/07,4.75,4.82,4.71,4.73,7349932,99893952.00
2013/02/08,4.73,4.79,4.71,4.76,7724515,105058336.00
2013/02/18,4.81,4.89,4.74,4.78,9361174,128933712.00
2013/02/19,4.75,4.81,4.50,4.52,13837909,181959920.00
2013/02/20,4.50,4.57,4.44,4.55,9902013,128093120.00
2013/02/21,4.47,4.49,4.31,4.34,11694125,147785552.00
2013/02/22,4.34,4.44,4.34,4.37,7136961,90351656.00
2013/02/25,4.35,4.41,4.33,4.38,6371701,79957112.00
2013/02/26,4.36,4.37,4.18,4.20,9486724,116660024.00
2013/02/27,4.18,4.35,4.16,4.34,13163843,161622912.00
2013/02/28,4.38,4.70,4.34,4.67,25677886,336350912.00
2013/03/01,4.66,4.66,4.51,4.61,17143912,224406208.00
2013/03/04,4.30,4.30,4.12,4.12,15993444,191804224.00
2013/03/05,3.97,4.07,3.90,4.04,18062233,207904032.00
2013/03/06,4.03,4.11,3.97,4.01,13417960,156253984.00
2013/03/07,4.04,4.14,3.94,4.10,14710641,172357376.00
2013/03/08,4.06,4.10,3.88,3.90,12698802,145814976.00
2013/03/11,3.91,3.99,3.87,3.92,7853314,89426528.00
2013/03/12,3.93,4.02,3.80,3.87,9760663,110232760.00
2013/03/13,3.84,3.87,3.67,3.70,12704559,137968304.00
2013/03/14,3.70,3.91,3.68,3.82,14619190,162093952.00
2013/03/15,3.79,3.83,3.64,3.72,12301936,133365768.00
2013/03/18,3.72,3.84,3.70,3.75,8202120,89810896.00
2013/03/19,3.75,4.15,3.74,4.10,27882852,322247008.00
2013/03/20,4.01,4.30,4.00,4.26,28831402,344800832.00
2013/03/21,4.21,4.28,4.10,4.14,18385551,221465008.00
2013/03/22,4.10,4.21,4.10,4.14,9688534,116099728.00
2013/03/25,4.16,4.19,4.03,4.07,10750085,126842488.00
2013/03/26,4.08,4.19,4.05,4.11,15607773,186456816.00
2013/03/27,4.10,4.16,3.98,4.04,10566332,124410264.00
2013/03/28,3.95,3.95,3.64,3.70,13886646,150761248.00
2013/03/29,3.68,3.77,3.66,3.70,8338451,89975408.00
2013/04/01,3.77,4.10,3.77,4.10,27434113,321907072.00
2013/04/02,4.10,4.27,4.03,4.16,30346816,364836928.00
2013/04/03,4.15,4.23,3.93,4.00,17088447,200564160.00
2013/04/08,3.80,3.88,3.59,3.85,12261879,134588544.00
2013/04/09,3.85,3.99,3.85,3.96,10850059,123897872.00
2013/04/10,3.98,4.02,3.79,3.87,11194120,125806200.00
2013/04/11,3.87,3.95,3.81,3.89,9195552,103567952.00
2013/04/12,3.85,3.93,3.83,3.90,6974178,78583192.00
2013/04/15,3.89,4.13,3.84,4.07,15615697,182339840.00
2013/04/16,4.00,4.27,3.98,4.24,23697454,286377568.00
2013/04/17,4.26,4.30,4.09,4.21,15469755,187090144.00
2013/04/18,4.16,4.28,4.13,4.21,11968613,145406144.00
2013/04/19,4.21,4.32,4.21,4.30,17103632,210399840.00
2013/04/22,4.23,4.28,4.13,4.21,12463264,150750816.00
2013/04/23,4.16,4.16,3.93,3.94,12114083,141332448.00
2013/04/24,3.94,4.10,3.91,4.05,8691999,100894936.00
2013/04/25,4.04,4.25,4.02,4.18,15563504,187433104.00
2013/04/26,4.27,4.34,4.17,4.31,20335928,250431264.00
2013/05/02,4.33,4.49,4.24,4.33,16890472,212022080.00
2013/05/03,4.33,4.58,4.27,4.56,22644321,288928128.00
2013/05/06,4.51,4.63,4.51,4.56,20018257,262279824.00
2013/05/07,4.54,4.61,4.43,4.48,16063231,208608160.00
2013/05/08,4.48,4.60,4.44,4.45,13054603,169073632.00
2013/05/09,4.43,4.44,4.31,4.39,12409397,155600368.00
2013/05/10,4.37,4.48,4.34,4.47,11443593,145935392.00
2013/05/13,4.49,4.57,4.41,4.45,8924022,114992216.00
2013/05/14,4.47,4.48,4.33,4.36,6521949,81956032.00
2013/05/15,4.39,4.41,4.32,4.36,6277369,78610984.00
2013/05/16,4.35,4.82,4.34,4.81,29108419,384150976.00
2013/05/17,4.81,5.04,4.75,4.82,32980196,460009216.00
2013/05/20,4.87,4.93,4.76,4.81,21985910,304588608.00
2013/05/21,4.77,4.81,4.69,4.81,15866877,215712928.00
2013/05/22,4.83,5.10,4.80,4.92,25714816,364540960.00
2013/05/23,4.85,4.99,4.75,4.78,16817285,233799056.00
2013/05/24,4.77,4.85,4.73,4.84,9866977,135543888.00
2013/05/27,4.82,4.97,4.75,4.95,14886679,206016352.00
2013/05/28,4.93,5.10,4.87,5.10,20354015,290997952.00
2013/05/29,5.11,5.25,5.00,5.02,18240806,265886864.00
2013/05/30,4.95,5.05,4.92,4.94,10454705,148309776.00
2013/05/31,4.97,5.04,4.82,4.84,9606034,135640800.00
2013/06/03,4.86,4.97,4.78,4.89,8698393,121507408.00
2013/06/04,4.85,4.89,4.73,4.79,9758478,133968336.00
2013/06/05,4.80,4.90,4.75,4.90,6592066,90847648.00
2013/06/06,4.86,4.93,4.74,4.75,6660476,92268144.00
2013/06/07,4.71,4.78,4.44,4.45,13319435,174025200.00
2013/06/13,4.34,4.34,3.98,4.10,9863650,116448256.00
2013/06/14,4.11,4.17,4.01,4.15,8499632,100766176.00
2013/06/17,4.12,4.14,3.94,3.99,10483406,121341312.00
2013/06/18,4.03,4.08,4.01,4.07,7302266,85484640.00
2013/06/19,4.01,4.03,3.83,3.97,8711524,99041456.00
2013/06/20,3.90,4.01,3.82,3.83,6587181,74674216.00
2013/06/21,3.75,3.83,3.61,3.78,6308535,68446464.00
2013/06/24,3.75,3.77,3.37,3.37,8653479,88926768.00
2013/06/25,3.34,3.41,3.01,3.34,10519603,99962824.00
2013/06/26,3.34,3.45,3.29,3.43,8440983,83760960.00
2013/06/27,3.48,3.75,3.47,3.56,15628580,165039936.00
2013/06/28,3.56,3.94,3.52,3.94,25802499,288599104.00
2013/07/01,3.90,4.11,3.84,4.09,19030471,219514336.00
2013/07/02,4.05,4.05,3.93,4.03,10668086,122938096.00
2013/07/03,3.99,3.99,3.73,3.94,10748987,120505928.00
2013/07/04,3.89,4.10,3.83,3.97,13255304,153981312.00
2013/07/05,4.01,4.23,3.99,4.01,12343031,95617120.00
2013/07/08,3.79,3.93,3.61,3.71,15244684,108746184.00
2013/07/09,3.69,3.76,3.59,3.64,9103097,63319120.00
2013/07/10,3.64,4.00,3.63,3.96,15455186,111274720.00
2013/07/11,3.99,4.20,3.95,4.09,24390521,188565696.00
2013/07/12,4.04,4.08,3.95,3.95,16226945,123167088.00
2013/07/15,3.94,4.06,3.90,4.00,11624885,87584816.00
2013/07/16,4.00,4.00,3.85,3.96,11683516,86878344.00
2013/07/17,3.88,4.13,3.86,4.05,21522857,163517968.00
2013/07/18,3.99,4.04,3.90,3.93,13159021,98383272.00
2013/07/19,3.90,3.95,3.69,3.70,14191035,102374664.00
2013/07/22,3.66,3.74,3.59,3.74,7342165,51197888.00
2013/07/23,3.71,3.89,3.71,3.83,12021690,87251704.00
2013/07/24,3.81,3.83,3.66,3.73,12442053,88009336.00
2013/07/25,3.74,3.88,3.68,3.86,18585684,134599360.00
2013/07/26,3.82,3.84,3.73,3.78,6740494,48263876.00
2013/07/29,3.88,3.88,3.74,3.79,8100064,58406216.00
2013/07/30,3.79,3.95,3.70,3.90,14195387,104308656.00
2013/07/31,4.13,4.31,3.93,4.01,19220678,149275696.00
2013/08/01,3.97,4.11,3.94,4.04,13902168,105794568.00
2013/08/02,4.11,4.18,4.01,4.03,15701137,121407216.00
2013/08/05,3.92,4.03,3.90,4.03,10019733,75171360.00
2013/08/06,3.99,4.00,3.93,3.97,9590173,71969040.00
2013/08/07,4.01,4.10,3.95,3.95,14080330,107372224.00
2013/08/08,3.95,3.95,3.85,3.90,9845573,72617632.00
2013/08/09,3.91,3.94,3.85,3.91,6813735,50363508.00
2013/08/12,3.91,4.03,3.90,4.03,12684735,95603432.00
2013/08/13,4.05,4.06,3.98,4.04,10354226,78660864.00
2013/08/14,4.06,4.11,3.97,4.00,13388706,102800136.00
2013/08/15,3.98,3.98,3.88,3.88,10832362,80564320.00
2013/08/16,3.85,4.24,3.80,3.87,14387550,107623408.00
2013/08/19,3.82,3.94,3.81,3.90,6652542,48872008.00
2013/08/20,3.90,3.94,3.83,3.86,5929038,43614820.00
2013/08/21,3.85,3.89,3.79,3.89,6353185,46171232.00
2013/08/22,3.85,3.96,3.82,3.88,6209599,45850088.00
2013/08/23,3.88,3.91,3.74,3.80,7068317,51229912.00
2013/08/26,3.80,3.90,3.80,3.89,7061109,51788368.00
2013/08/27,3.88,4.00,3.88,3.96,9740644,72835152.00
2013/08/28,3.92,3.94,3.85,3.89,8160373,60136860.00
2013/08/29,4.00,4.19,3.96,4.18,25015845,191697088.00
2013/08/30,4.22,4.61,4.19,4.45,40996805,343683488.00
2013/09/02,4.49,4.51,4.15,4.30,21665695,175137632.00
2013/09/03,4.30,4.75,4.25,4.69,36045814,309149120.00
2013/09/04,4.64,4.67,4.53,4.62,20689827,178517824.00
2013/09/05,4.61,4.61,4.38,4.42,19192907,161437344.00
2013/09/06,4.39,4.48,4.32,4.41,13790852,114317112.00
2013/09/09,4.46,4.76,4.38,4.62,27713632,239703632.00
2013/09/10,4.62,4.76,4.52,4.63,23756243,207572896.00
2013/09/11,4.58,4.66,4.48,4.51,18526837,158171248.00
2013/09/12,4.48,4.49,4.39,4.45,13053737,109058664.00
2013/09/13,4.41,4.55,4.39,4.51,13508774,113813704.00
2013/09/16,4.54,4.56,4.41,4.41,9746012,81701232.00
2013/09/17,4.41,4.48,4.31,4.33,8956129,74450808.00
2013/09/18,4.34,4.45,4.33,4.44,7381756,61323632.00
2013/09/23,4.46,4.49,4.40,4.48,8669810,72660408.00
2013/09/24,4.48,4.48,4.31,4.35,11283881,92740568.00
2013/09/25,4.36,4.42,4.27,4.41,11754636,96211728.00
2013/09/26,4.38,4.40,4.27,4.33,8964093,73200472.00
2013/09/27,4.30,4.41,4.30,4.35,6334198,52057716.00
2013/09/30,4.34,4.49,4.34,4.47,10238223,85863448.00
2013/10/08,4.48,4.63,4.43,4.59,18022497,154876928.00
2013/10/09,4.59,4.59,4.48,4.53,11933015,101486272.00
2013/10/10,4.53,4.60,4.50,4.60,17820369,153099088.00
2013/10/11,4.61,4.63,4.51,4.56,12006866,102960544.00
2013/10/14,4.54,4.57,4.46,4.53,13653243,115647096.00
2013/10/15,4.58,4.59,4.46,4.51,7556506,64245300.00
2013/10/16,4.47,4.47,4.26,4.29,10873576,88926296.00
2013/10/17,4.30,4.36,4.24,4.29,6208795,50537532.00
2013/10/18,4.29,4.34,4.26,4.31,3533459,28668132.00
2013/10/21,4.33,4.34,4.28,4.33,8392016,68308520.00
2013/10/22,4.34,4.34,4.26,4.29,6281896,50955784.00
2013/10/23,4.29,4.37,4.26,4.31,7219044,58713608.00
2013/10/24,4.29,4.56,4.20,4.50,24434306,205409200.00
2013/10/25,4.41,4.42,4.23,4.28,13952055,113196616.00
2013/10/28,4.23,4.26,4.02,4.03,11059001,85580776.00
2013/10/29,4.01,4.08,3.68,3.83,11090417,81632528.00
2013/10/30,3.83,3.89,3.80,3.89,5027446,36672788.00
2013/10/31,3.95,4.11,3.90,4.00,11355904,86664344.00
2013/11/01,3.93,3.97,3.85,3.93,4711591,34945072.00
2013/11/04,3.93,3.95,3.86,3.90,4034760,29754432.00
2013/11/05,3.90,3.93,3.79,3.92,4641553,34057868.00
2013/11/06,3.90,3.91,3.84,3.86,5056433,37189740.00
2013/11/07,3.86,3.91,3.81,3.84,2924721,21480190.00
2013/11/08,3.84,3.87,3.75,3.76,3778069,27139470.00
2013/11/11,3.76,3.79,3.68,3.71,4061940,28610898.00
2013/11/12,3.71,3.76,3.69,3.74,2628128,18648504.00
2013/11/13,3.74,3.79,3.72,3.77,6159639,44010372.00
2013/11/14,3.72,3.81,3.71,3.78,3864953,27634928.00
2013/11/15,3.78,3.90,3.76,3.85,5386796,39397216.00
2013/11/18,3.85,3.99,3.84,3.97,6714684,50159736.00
2013/11/19,3.93,3.98,3.90,3.96,6343270,47372160.00
2013/11/20,3.98,3.99,3.92,3.97,5402991,40455464.00
2013/11/21,3.94,3.94,3.85,3.92,5678327,41907896.00
2013/11/22,3.90,3.96,3.88,3.89,3337209,24757506.00
2013/11/25,3.87,4.07,3.85,3.98,9098359,68834048.00
2013/11/26,3.97,3.97,3.89,3.92,4553156,33843620.00
2013/11/27,3.94,4.04,3.92,3.97,5974329,45116960.00
2013/11/28,3.98,4.04,3.95,3.99,6737467,51056976.00
2013/11/29,4.01,4.04,3.96,4.01,6109002,46240476.00
2013/12/02,3.94,3.96,3.74,3.81,6024726,44094352.00
2013/12/03,3.89,3.94,3.83,3.91,3529631,26025514.00
2013/12/04,3.88,4.05,3.86,3.95,8330461,62723248.00
2013/12/05,3.99,4.00,3.93,3.96,4836415,36275180.00
2013/12/06,3.96,3.99,3.93,3.96,3610656,27048306.00
2013/12/09,3.96,3.99,3.91,3.95,3218000,24065488.00
2013/12/10,3.96,4.04,3.93,4.01,10869415,82354520.00
2013/12/11,4.03,4.03,3.91,3.94,6859894,51492368.00
2013/12/12,3.91,4.01,3.90,3.98,6224408,46888736.00
2013/12/13,3.95,4.10,3.93,4.03,7720974,58841148.00
2013/12/16,4.01,4.08,3.96,3.98,6078050,46352928.00
2013/12/17,3.96,4.01,3.89,3.90,4555750,33954480.00
2013/12/18,3.90,3.92,3.86,3.89,2749306,20283756.00
2013/12/19,3.91,3.91,3.74,3.75,5989714,43315664.00
2013/12/20,3.78,3.79,3.59,3.60,6444042,45081784.00
2013/12/23,3.64,3.96,3.61,3.78,12946446,93551304.00
2013/12/24,3.75,3.92,3.73,3.83,9951375,72617112.00
2013/12/25,3.78,3.81,3.73,3.76,6432091,45856276.00
2013/12/26,3.99,4.10,3.78,3.79,11119861,82144560.00
2013/12/27,3.74,3.90,3.74,3.84,6597499,47910984.00
2013/12/30,3.84,3.88,3.79,3.79,4386321,31773434.00
2013/12/31,3.79,3.84,3.76,3.80,4893175,35276484.00
2014/01/02,3.80,3.80,3.75,3.78,3506931,25097626.00
2014/01/03,3.76,3.77,3.67,3.68,5539836,38940992.00
2014/01/06,3.68,3.68,3.54,3.57,4425078,30171124.00
2014/01/07,3.56,3.59,3.53,3.55,2432047,16464063.00
2014/01/08,3.56,3.58,3.50,3.51,3062041,20622960.00
2014/01/09,3.51,3.56,3.49,3.50,3647716,24486140.00
2014/01/10,3.46,3.51,3.36,3.40,3479154,22695740.00
2014/01/13,3.40,3.43,3.26,3.30,3592177,22847842.00
2014/01/14,3.29,3.35,3.28,3.35,2256482,14318592.00
2014/01/15,3.35,3.35,3.29,3.32,2592379,16434092.00
2014/01/16,3.33,3.40,3.30,3.39,4324890,27811080.00
2014/01/17,3.39,3.39,3.28,3.29,2286704,14539332.00
2014/01/20,3.29,3.33,3.24,3.30,1726538,10886409.00
2014/01/21,3.30,3.36,3.30,3.35,2386537,15236514.00
2014/01/22,3.35,3.70,3.34,3.70,20626830,141889616.00
2014/01/23,3.68,3.75,3.61,3.64,10466127,72792712.00
2014/01/24,3.63,3.79,3.59,3.64,22477840,158187040.00
2014/01/27,3.60,3.61,3.50,3.56,8271301,56051276.00
2014/01/28,3.57,3.65,3.55,3.61,5385004,36977672.00
2014/01/29,3.58,3.73,3.58,3.64,6146556,42646224.00
2014/01/30,3.63,3.71,3.63,3.68,7704653,53744548.00
2014/02/07,3.65,3.67,3.57,3.64,5197491,35770152.00
2014/02/10,3.63,3.76,3.63,3.74,9153865,64710160.00
2014/02/11,3.74,3.89,3.71,3.85,13624969,98203808.00
2014/02/12,3.83,3.86,3.78,3.81,7797538,56513472.00
2014/02/13,3.82,3.88,3.71,3.71,8083441,58399148.00
2014/02/14,3.74,4.00,3.71,3.98,16701444,122364152.00
2014/02/17,3.94,3.95,3.87,3.94,13961712,103510088.00
2014/02/18,3.94,4.00,3.89,3.92,10294635,76905184.00
2014/02/19,3.90,3.94,3.81,3.90,10597008,77984512.00
2014/02/20,3.90,4.01,3.88,3.90,15724837,117634608.00
2014/02/21,3.89,3.89,3.73,3.75,8859092,63756796.00
2014/02/24,3.70,3.70,3.38,3.44,14561775,96438816.00
2014/02/25,3.44,3.49,3.31,3.34,9019365,58584632.00
2014/02/26,3.39,3.48,3.39,3.44,6156177,40416204.00
2014/02/27,3.46,3.47,3.35,3.38,5418238,35458092.00
2014/02/28,3.34,3.44,3.30,3.44,5523595,35580920.00
2014/03/03,3.40,3.49,3.37,3.48,5538284,36387752.00
2014/03/04,3.45,3.53,3.43,3.48,6642806,44103176.00
2014/03/05,3.48,3.49,3.40,3.43,5221167,34236904.00
2014/03/06,3.43,3.64,3.39,3.58,11641391,78399392.00
2014/03/07,3.56,3.58,3.42,3.47,7560869,50631024.00
2014/03/10,3.56,3.62,3.48,3.50,12537514,84739288.00
2014/03/11,3.48,3.63,3.45,3.62,10348541,70423360.00
2014/03/12,3.58,3.77,3.58,3.70,14593011,102160840.00
2014/03/13,3.68,3.74,3.61,3.71,9832678,68833368.00
2014/03/14,3.68,3.68,3.51,3.55,7314625,50031396.00
2014/03/17,3.57,3.65,3.55,3.60,5044997,34499728.00
2014/03/18,3.59,3.61,3.50,3.51,7704751,51788260.00
2014/03/19,3.51,3.55,3.38,3.55,10449976,68762592.00
2014/03/20,3.53,3.66,3.48,3.51,11067642,75606976.00
2014/03/21,3.46,3.73,3.39,3.68,17740464,121876784.00
2014/03/24,3.66,3.84,3.64,3.79,21301055,152198352.00
2014/03/25,3.78,3.86,3.71,3.74,14411296,103705400.00
2014/03/26,3.77,3.77,3.63,3.69,10067357,70573672.00
2014/03/27,3.68,4.08,3.62,3.99,57440590,432301600.00
2014/03/28,3.93,4.29,3.90,4.07,57493710,444441024.00
2014/03/31,4.11,4.13,3.96,4.08,20715899,158319552.00
2014/04/01,4.08,4.09,3.93,4.03,18904596,142948992.00
2014/04/02,4.00,4.24,3.98,4.11,32508022,255014816.00
2014/04/03,4.13,4.13,3.94,3.95,23978407,181943856.00
2014/04/04,3.91,3.98,3.86,3.96,11074240,82519168.00
2014/04/08,3.94,4.00,3.88,3.98,12327961,91963568.00
2014/04/09,3.95,3.98,3.89,3.92,12737104,94808696.00
2014/04/10,3.91,3.94,3.84,3.89,13914384,102185216.00
2014/04/11,3.85,3.92,3.83,3.90,9415125,69430104.00
2014/04/14,3.89,3.92,3.86,3.91,5849497,43209828.00
2014/04/15,3.91,3.98,3.86,3.89,10046191,74687360.00
2014/04/16,3.86,3.93,3.85,3.90,6959257,51289980.00
2014/04/17,3.89,3.93,3.81,3.83,8481681,62159500.00
2014/04/18,3.82,3.83,3.75,3.76,7722485,55386060.00
2014/04/21,3.73,3.76,3.65,3.65,6358628,44801592.00
2014/04/22,3.66,3.72,3.63,3.71,6551028,45706072.00
2014/04/23,3.70,3.73,3.69,3.70,3338902,23536826.00
2014/04/24,3.70,3.81,3.70,3.75,7966977,57112052.00
2014/04/25,3.82,3.91,3.77,3.78,12188865,88883832.00
2014/04/28,3.76,3.77,3.52,3.55,8589272,60144780.00
2014/04/29,3.54,3.70,3.54,3.64,4639749,32031964.00
2014/04/30,3.66,3.75,3.63,3.72,4412991,31179976.00
2014/05/05,3.71,3.71,3.63,3.68,3670115,25635090.00
2014/05/06,3.67,3.74,3.66,3.70,3622243,25475678.00
2014/05/07,3.70,3.70,3.63,3.64,3032518,21094946.00
2014/05/08,3.64,3.71,3.63,3.64,4014907,28014980.00
2014/05/09,3.64,3.66,3.50,3.55,5324945,36224228.00
2014/05/12,3.59,3.67,3.54,3.63,4848437,33301368.00
2014/05/13,3.63,3.70,3.62,3.66,3896295,27124824.00
2014/05/14,3.72,3.77,3.69,3.69,4967094,35124012.00
2014/05/15,3.69,3.69,3.58,3.59,3658780,25202096.00
2014/05/16,3.58,3.63,3.54,3.58,3385357,23079770.00
2014/05/19,3.57,3.57,3.50,3.52,3550127,23845476.00
2014/05/20,3.54,3.55,3.51,3.52,2508081,16872940.00
2014/05/21,3.53,3.58,3.50,3.56,2237596,15098608.00
2014/05/22,3.57,3.63,3.54,3.55,3311308,22664532.00
2014/05/23,3.57,3.67,3.56,3.63,5491963,37831708.00
2014/05/26,3.63,3.66,3.61,3.65,3553661,24542828.00
2014/05/27,3.64,3.66,3.60,3.61,2731132,18896884.00
2014/05/28,3.61,3.66,3.61,3.65,3960207,27433534.00
2014/05/29,3.63,3.68,3.60,3.60,3850477,26599592.00
2014/05/30,3.61,3.63,3.54,3.55,4010945,27234668.00
2014/06/03,3.56,3.59,3.54,3.55,2770586,18805856.00
2014/06/04,3.54,3.56,3.46,3.48,3507347,23345130.00
2014/06/05,3.46,3.53,3.46,3.52,1963973,13109736.00
2014/06/06,3.52,3.53,3.46,3.49,2609209,17389244.00
2014/06/09,3.50,3.57,3.48,3.51,3536233,23796700.00
2014/06/10,3.51,3.56,3.49,3.55,3854719,25974886.00
2014/06/11,3.55,3.56,3.52,3.55,2393797,16165997.00
2014/06/12,3.54,3.55,3.53,3.53,3019771,20350462.00
2014/06/13,3.53,3.60,3.52,3.57,3380398,22948372.00
2014/06/16,3.56,3.62,3.56,3.59,4188347,28617796.00
2014/06/17,3.59,3.62,3.54,3.55,4643992,31523988.00
2014/06/18,3.54,3.55,3.41,3.48,3749140,25000762.00
2014/06/19,3.48,3.50,3.38,3.41,3868656,25346788.00
2014/06/20,3.41,3.45,3.39,3.45,2334339,15269623.00
2014/06/23,3.46,3.46,3.41,3.41,2791781,18320328.00
2014/06/24,3.42,3.45,3.40,3.44,3117975,20406600.00
2014/06/25,3.44,3.49,3.41,3.49,3192509,20972984.00
2014/06/26,3.48,3.53,3.46,3.52,3523014,23591364.00
2014/06/27,3.54,3.58,3.53,3.58,5285770,35817656.00
2014/06/30,3.61,3.61,3.57,3.58,3845793,26276070.00
2014/07/01,3.58,3.60,3.56,3.59,3677317,25042360.00
2014/07/02,3.60,3.60,3.56,3.59,3421391,23321648.00
2014/07/03,3.58,3.61,3.56,3.60,7995512,54693016.00
2014/07/04,3.62,3.64,3.60,3.64,6226496,28364984.00
2014/07/07,3.63,3.73,3.58,3.62,11619775,53308848.00
2014/07/08,3.60,3.63,3.54,3.61,8559554,38569160.00
2014/07/09,3.59,3.59,3.53,3.54,5883190,26376992.00
2014/07/10,3.53,3.55,3.50,3.52,5975020,26551560.00
2014/07/11,3.52,3.59,3.49,3.58,8005145,35903420.00
2014/07/14,3.58,3.62,3.57,3.60,7213596,32628794.00
2014/07/15,3.62,3.62,3.57,3.59,6279830,28324200.00
2014/07/16,3.58,3.62,3.57,3.61,7252630,32836816.00
2014/07/17,3.63,3.63,3.57,3.58,5676724,25645330.00
2014/07/18,3.59,3.74,3.57,3.67,18386877,84744080.00
2014/07/21,3.67,3.67,3.59,3.64,9939771,45332628.00
2014/07/22,3.62,4.03,3.61,3.95,61546254,303442656.00
2014/07/23,3.88,3.93,3.83,3.89,28298896,137704416.00
2014/07/24,3.88,4.09,3.84,3.98,36425999,182697248.00
2014/07/25,3.97,3.99,3.86,3.93,18026901,88389600.00
2014/07/28,3.96,4.03,3.92,3.97,21544470,106922808.00
2014/07/29,3.98,3.99,3.93,3.98,18551586,91922672.00
2014/07/30,3.98,3.98,3.88,3.90,15274539,75024704.00
2014/07/31,3.89,3.94,3.87,3.91,14979385,73197856.00
2014/08/01,3.90,3.94,3.82,3.83,14357631,69974384.00
2014/08/04,3.85,3.91,3.82,3.90,13223364,64177300.00
2014/08/05,3.91,3.92,3.84,3.88,11145607,54160376.00
2014/08/06,3.89,3.97,3.87,3.95,21427472,105852816.00
2014/08/07,3.95,3.98,3.90,3.91,14942298,73830576.00
2014/08/08,3.92,3.93,3.87,3.89,7601039,37087584.00
2014/08/11,3.88,4.04,3.88,3.99,21617455,107722200.00
2014/08/12,3.99,4.04,3.98,4.01,17311269,86867888.00
2014/08/13,4.02,4.03,3.93,3.98,13833224,68727472.00
2014/08/14,3.98,4.01,3.93,3.95,11173840,55494796.00
2014/08/15,3.95,3.98,3.93,3.97,10723891,53178688.00
2014/08/18,3.96,4.11,3.96,4.07,26080764,131904800.00
2014/08/19,4.08,4.22,4.04,4.18,33941859,175466880.00
2014/08/20,4.15,4.22,4.13,4.19,19080218,99401024.00
2014/08/21,4.18,4.33,4.11,4.24,26117563,137925312.00
2014/08/22,4.23,4.25,4.18,4.20,17148451,90025576.00
2014/08/25,4.20,4.22,4.08,4.12,16189782,83600304.00
2014/08/26,4.09,4.16,4.03,4.08,15242134,78225248.00
2014/08/27,4.05,4.06,3.94,4.01,20206487,101225928.00
2014/08/28,3.99,4.03,3.93,3.97,14539961,72361744.00
2014/08/29,3.96,4.04,3.93,4.03,9502905,47301240.00
2014/09/01,4.02,4.03,3.96,4.02,15769186,78926272.00
2014/09/02,4.03,4.19,4.03,4.12,24660621,126245720.00
2014/09/03,4.10,4.18,4.08,4.14,23906799,123535584.00
2014/09/04,4.15,4.22,4.13,4.18,18725913,97729992.00
2014/09/05,4.18,4.21,4.15,4.18,23410293,122226872.00
2014/09/09,4.19,4.22,4.16,4.21,19479561,101898784.00
2014/09/10,4.20,4.56,4.18,4.42,66898729,366435712.00
2014/09/11,4.38,4.53,4.35,4.44,37797462,209460176.00
2014/09/12,4.44,4.69,4.38,4.63,42283522,242509888.00
2014/09/15,4.64,4.78,4.50,4.63,45682261,263483616.00
2014/09/16,4.63,4.68,4.49,4.53,34055803,194814544.00
2014/09/17,4.51,4.60,4.44,4.58,23806750,134544352.00
2014/09/18,4.57,4.61,4.53,4.58,16969543,96755448.00
2014/09/19,4.58,4.60,4.53,4.58,17922366,102016056.00
2014/09/22,4.60,4.74,4.58,4.62,28361603,164712704.00
2014/09/23,4.65,4.73,4.63,4.69,21676058,126207096.00
2014/09/24,4.67,4.73,4.63,4.73,21078250,123090624.00
2014/09/25,4.73,4.73,4.53,4.64,30685449,177839776.00
2014/09/26,4.63,4.67,4.58,4.61,13146974,75616000.00
2014/09/29,4.62,5.07,4.62,4.91,43782933,263746848.00
2014/09/30,4.89,5.10,4.83,4.98,28541031,176758272.00
2014/10/08,5.08,5.16,4.95,5.02,24516136,152981952.00
2014/10/09,4.99,5.03,4.89,4.94,20167553,123881760.00
2014/10/10,4.93,4.98,4.88,4.96,14068246,86447768.00
2014/10/13,4.96,4.96,4.86,4.93,13602040,82728104.00
2014/10/14,4.89,4.94,4.78,4.80,20508859,124024384.00
2014/10/15,4.81,4.88,4.76,4.86,18951464,113694488.00
2014/10/16,4.82,5.36,4.79,5.36,72826514,471205216.00
2014/10/17,5.91,5.91,5.91,5.91,22557982,164673264.00
2014/10/20,6.49,6.49,5.89,5.97,209081206,1592275840.00
2014/10/21,5.56,5.66,5.35,5.37,148873549,1008194432.00
2014/10/22,5.26,5.36,5.12,5.15,86013371,558062720.00
2014/10/23,5.15,5.23,5.03,5.16,55042921,350494848.00
2014/10/24,5.09,5.30,5.07,5.23,69015746,445099296.00
2014/10/27,5.13,5.17,4.91,4.99,46559940,289930880.00
2014/10/28,5.03,5.15,4.98,5.13,43910721,276216768.00
2014/10/29,5.14,5.42,5.07,5.32,83663175,544266688.00
2014/10/30,5.31,5.32,5.20,5.23,41838963,272071616.00
2014/10/31,5.25,5.35,5.22,5.25,39008845,255098048.00
2014/11/03,5.24,5.35,5.23,5.28,31456322,206001824.00
2014/11/04,5.28,5.29,5.18,5.21,31252517,202728096.00
2014/11/05,5.22,5.34,5.18,5.25,32414771,212218160.00
2014/11/06,5.24,5.44,5.20,5.42,43045614,284467680.00
2014/11/07,5.40,5.47,5.23,5.28,36427811,241381504.00
2014/11/10,5.28,5.56,5.21,5.46,59229767,397941184.00
2014/11/11,5.43,5.51,5.23,5.34,38677635,257912064.00
2014/11/12,5.36,5.63,5.27,5.53,56501047,382798208.00
2014/11/13,5.49,5.61,5.44,5.48,45815328,313381312.00
2014/11/14,5.39,5.43,5.29,5.34,25855141,171491568.00
2014/11/17,5.33,5.63,5.29,5.39,19528782,131625416.00
2014/11/18,5.38,5.56,5.35,5.46,26244358,177884240.00
2014/11/19,5.44,5.51,5.35,5.41,20807584,139519648.00
2014/11/20,5.38,5.44,5.32,5.33,17236093,114463344.00
2014/11/21,5.35,5.43,5.33,5.38,20692739,138021408.00
2014/11/24,5.53,5.76,5.48,5.62,69218287,479742656.00
2014/11/25,5.63,5.88,5.60,5.69,59236462,420399680.00
2014/11/26,5.69,5.70,5.58,5.65,35891736,249657216.00
2014/11/27,5.66,5.75,5.56,5.63,40140211,280184160.00
2014/11/28,5.62,5.85,5.54,5.80,62302723,439268864.00
2014/12/01,5.80,5.80,5.62,5.63,31212598,219482704.00
2014/12/02,5.61,5.73,5.58,5.71,28602950,200570896.00
2014/12/03,5.72,6.06,5.68,5.78,52870981,382119008.00
2014/12/04,5.78,5.84,5.70,5.83,45261747,323712640.00
2014/12/05,5.83,5.83,5.41,5.53,42266107,294151520.00
2014/12/08,5.57,5.72,5.40,5.68,39187172,270483616.00
2014/12/09,5.71,6.03,5.53,5.58,79959421,574756544.00
2014/12/10,5.58,5.82,5.43,5.77,42687229,299824800.00
2014/12/11,5.75,5.87,5.67,5.83,38277686,273996288.00
2014/12/12,5.80,5.98,5.74,5.93,46748822,339519552.00
2014/12/15,6.03,6.10,5.89,5.95,44485848,328273088.00
2014/12/16,5.90,6.38,5.87,6.25,61512820,470723168.00
2014/12/17,6.30,6.32,6.02,6.18,38884810,296345280.00
2014/12/18,6.18,6.46,6.12,6.32,39387885,307376736.00
2014/12/19,6.28,6.35,6.08,6.24,33097314,253173760.00
2014/12/22,6.12,6.23,5.60,5.82,35997878,263623072.00
2014/12/23,5.80,5.90,5.51,5.53,24331123,171552352.00
2014/12/24,5.60,5.61,5.40,5.60,14898702,101822096.00
2014/12/25,5.62,5.77,5.56,5.71,10946946,76962640.00
2014/12/26,5.68,5.81,5.68,5.75,14807700,105126912.00
2014/12/29,5.76,6.03,5.54,5.87,33401876,240293008.00
2014/12/30,5.84,5.88,5.71,5.74,13858179,98848528.00
2014/12/31,5.81,5.98,5.62,5.91,24154124,173223920.00
2015/01/05,5.92,6.23,5.92,6.03,40694371,304428288.00
2015/01/06,5.92,5.98,5.78,5.85,23254348,168415440.00
2015/01/07,5.79,5.98,5.78,5.85,11567115,83881256.00
2015/01/08,5.87,5.88,5.67,5.70,13234894,94133128.00
2015/01/09,5.68,5.78,5.64,5.65,15833299,111765832.00
2015/01/12,5.58,5.58,5.24,5.36,19187024,128066616.00
2015/01/13,5.33,5.36,5.20,5.28,13306798,86981560.00
2015/01/14,5.27,5.39,5.27,5.38,9448376,62419628.00
2015/01/15,5.37,5.48,5.33,5.46,8508259,57141088.00
2015/01/16,5.46,5.49,5.38,5.46,11187757,75316184.00
2015/01/19,5.33,5.33,4.89,4.98,17744194,113082056.00
2015/01/20,4.98,5.17,4.98,5.13,10590162,66960872.00
2015/01/21,5.14,5.36,5.09,5.33,19263957,126233344.00
2015/01/22,5.33,5.73,5.33,5.60,27693145,191250000.00
2015/01/23,5.55,5.70,5.52,5.60,16756400,116370360.00
2015/01/26,5.62,5.88,5.53,5.81,22078603,157702896.00
2015/01/27,5.85,5.98,5.64,5.84,21272314,153554608.00
2015/01/28,5.81,5.97,5.75,5.91,21199348,154766704.00
2015/01/29,5.91,6.01,5.83,5.91,15895394,116670224.00
2015/01/30,5.96,6.02,5.74,5.91,18471051,134989200.00
2015/02/02,5.83,5.91,5.68,5.75,14304778,102076312.00
2015/02/03,5.78,6.03,5.74,5.99,21995877,160856000.00
2015/02/04,5.97,6.03,5.83,5.87,16368273,119865024.00
2015/02/05,5.99,6.02,5.78,5.80,20903693,153124528.00
2015/02/06,5.79,5.91,5.67,5.83,13341805,95980720.00
2015/02/09,5.79,5.89,5.75,5.83,7762890,55742824.00
2015/02/10,5.85,6.03,5.83,5.94,12681984,92841696.00
2015/02/11,5.91,6.12,5.78,6.12,26516762,197096912.00
2015/02/12,6.13,6.34,6.04,6.28,25147938,192773296.00
2015/02/13,6.31,6.90,6.21,6.70,42737477,348575296.00
2015/02/16,6.73,7.08,6.66,6.83,38637009,326285440.00
2015/02/17,6.91,6.95,6.68,6.80,21032300,174996144.00
2015/02/25,6.74,7.23,6.68,7.07,25910914,223198624.00
2015/02/26,7.00,7.31,6.93,7.08,24936371,218063568.00
2015/02/27,7.07,7.18,6.84,6.89,27292244,233056288.00
2015/03/02,6.98,7.00,6.74,6.85,30303764,255365760.00
2015/03/03,6.85,7.16,6.79,7.06,34454290,298461664.00
2015/03/04,7.22,7.47,6.90,7.08,31768097,277064832.00
2015/03/05,7.08,7.12,6.82,6.88,23533197,200814528.00
2015/03/06,6.93,7.05,6.86,6.93,19246528,164825680.00
2015/03/09,6.91,6.98,6.64,6.93,22201016,186358144.00
2015/03/10,6.96,7.14,6.87,7.07,20788901,179379952.00
2015/03/11,7.08,7.20,6.91,6.98,17293021,149811104.00
2015/03/12,6.98,7.47,6.91,7.43,40985048,361226016.00
2015/03/13,7.35,7.71,7.35,7.49,28815458,266026656.00
2015/03/16,7.56,7.80,7.40,7.69,38179552,354204096.00
2015/03/17,7.69,7.78,7.53,7.65,33264536,311737664.00
2015/03/18,7.65,7.72,7.58,7.69,22977376,216012000.00
2015/03/19,7.70,7.73,7.47,7.53,28437888,264270912.00
2015/03/20,7.53,7.78,7.49,7.66,25611961,240252176.00
2015/03/23,7.76,7.88,7.65,7.69,24512817,232743600.00
2015/03/24,7.70,7.70,7.29,7.43,40423629,370534080.00
2015/03/25,7.49,7.66,7.30,7.46,27954122,256172096.00
2015/03/26,7.41,7.56,7.33,7.47,25582881,233847312.00
2015/03/27,7.50,7.66,7.41,7.64,26258312,243378192.00
2015/03/30,7.68,8.05,7.58,7.98,51860793,496973344.00
2015/03/31,8.13,8.28,7.64,7.78,54758705,534054304.00
2015/04/01,7.76,7.85,7.62,7.83,25891474,245537216.00
2015/04/02,7.83,7.87,7.66,7.78,25410165,241580752.00
2015/04/03,7.80,8.08,7.66,8.06,33815000,326324224.00
2015/04/07,8.28,8.28,8.06,8.18,34872106,348441152.00
2015/04/08,8.23,8.28,7.87,8.12,30285733,299463616.00
2015/04/09,8.23,8.95,8.23,8.95,31963966,341148512.00
2015/04/10,9.87,9.87,9.87,9.87,6724750,81033240.00
2015/04/13,10.41,10.88,10.03,10.88,117884703,1529532160.00
2015/04/14,10.78,10.78,10.17,10.24,93695927,1185510912.00
2015/04/15,9.99,10.63,9.20,10.08,91256299,1087871360.00
2015/04/16,9.58,10.07,9.49,9.83,47847109,573536000.00
2015/04/17,9.83,10.20,9.68,9.88,48638656,589604416.00
2015/04/20,9.99,10.44,9.66,9.99,64598900,792302336.00
2015/04/21,10.23,10.44,10.03,10.39,53444712,669047168.00
2015/04/22,9.98,11.45,9.98,11.12,90615203,1164522624.00
2015/04/23,11.07,11.66,10.78,10.93,62154841,839682112.00
2015/04/24,10.83,10.88,10.49,10.59,38367742,499141504.00
2015/04/27,10.66,10.95,10.21,10.43,35429628,454306560.00
2015/04/28,10.53,10.53,9.93,9.93,34226061,421429440.00
2015/04/29,9.98,10.43,9.66,10.28,27548303,340094976.00
2015/04/30,10.28,10.83,10.11,10.68,45322439,582459840.00
2015/05/04,10.73,10.90,10.28,10.40,25434985,325505152.00
2015/05/05,10.41,10.48,9.62,9.77,28176651,343926272.00
2015/05/06,9.74,9.93,9.36,9.49,20817523,245442608.00
2015/05/07,9.50,9.78,9.41,9.48,14143657,165474576.00
2015/05/08,9.52,10.08,9.52,10.08,20765903,249120432.00
2015/05/11,10.30,10.54,10.17,10.29,27216887,342379552.00
2015/05/12,10.29,11.08,10.08,11.03,63232189,823174080.00
2015/05/13,10.91,11.98,10.66,11.65,74848669,1029297472.00
2015/05/14,11.28,11.56,11.12,11.23,45294726,625150912.00
2015/05/15,11.17,11.18,10.53,10.57,30325530,395596096.00
2015/05/18,10.53,10.83,10.26,10.67,22561911,292240064.00
2015/05/19,10.68,11.16,10.66,10.80,23302659,310062368.00
2015/05/20,10.83,11.48,10.66,11.18,41848630,566581952.00
2015/05/21,11.08,12.01,10.87,11.98,66928064,948581184.00
2015/05/22,12.04,12.10,11.53,11.63,46791929,668304128.00
2015/05/25,11.54,11.88,11.34,11.73,43744504,620732224.00
2015/05/26,11.81,12.28,11.66,12.09,45794889,670459840.00
2015/05/27,12.16,13.32,11.91,13.32,62809272,960188544.00
2015/05/28,13.16,13.73,11.97,12.02,64173106,1012783168.00
2015/05/29,12.04,12.32,11.23,11.74,39599592,569537728.00
2015/06/01,11.98,12.93,11.98,12.93,44574952,685943232.00
2015/06/02,13.12,14.14,13.12,14.03,50205103,838042688.00
2015/06/03,14.37,14.37,13.16,13.63,38906189,647556544.00
2015/06/04,13.78,13.99,12.63,13.98,42192521,694856704.00
2015/06/05,14.24,15.39,13.99,15.39,60349096,1083604352.00
2015/06/08,15.70,16.62,15.13,15.48,75214377,1458324608.00
2015/06/09,15.66,15.72,14.84,15.37,35925800,668868544.00
2015/06/10,15.21,15.63,14.83,15.56,38346158,710905088.00
2015/06/11,15.63,16.65,15.55,16.31,38591100,757044864.00
2015/06/12,16.34,17.29,15.79,16.63,43957022,869360384.00
2015/06/15,16.69,16.88,15.39,15.78,37273137,728523264.00
2015/06/16,15.83,15.83,14.63,14.88,23994818,442063744.00
2015/06/17,14.83,15.41,13.99,15.36,31088370,556206592.00
2015/06/18,15.53,15.99,14.74,14.83,30443868,575001088.00
2015/06/19,14.23,15.07,13.38,13.65,21840060,375797664.00
2015/06/23,13.68,14.10,12.31,13.50,24277882,385869728.00
2015/06/24,13.87,14.13,13.23,13.80,27773914,461338304.00
2015/06/25,13.89,14.77,13.19,13.81,36316629,623101248.00
2015/06/26,13.22,13.78,12.42,12.42,29502939,458973728.00
2015/06/29,13.05,13.05,11.17,11.17,43145228,621252032.00
2015/06/30,10.72,11.89,10.04,11.88,50767576,666852992.00
2015/07/01,11.89,12.18,10.68,10.68,32267616,450516000.00
2015/07/02,10.69,11.14,9.60,9.60,44306501,535417280.00
2015/07/03,9.08,9.52,8.63,8.63,29260500,312134752.00
2015/07/06,9.42,9.43,7.76,7.76,44633525,458119488.00
2015/07/07,6.99,7.23,6.98,6.98,9478900,80788944.00
2015/07/08,6.27,6.27,6.27,6.27,1131000,8652150.00
2015/07/09,5.63,6.91,5.63,6.91,87376938,661052480.00
2015/07/10,6.98,7.61,6.88,7.61,48789856,441131008.00
2015/07/13,8.06,8.38,7.64,8.38,47544619,472264384.00
2015/07/14,8.72,9.18,8.22,8.43,62902806,662212160.00
2015/07/15,8.14,8.28,7.58,7.58,26226350,250843072.00
2015/07/16,6.87,7.96,6.82,7.46,33697038,303878784.00
2015/07/17,7.46,8.18,7.40,8.03,30247853,287625408.00
2015/07/20,8.15,8.47,7.88,8.27,37897970,378543360.00
2015/07/21,8.14,8.97,8.04,8.74,40882725,430659968.00
2015/07/22,8.71,9.02,8.32,8.87,34603788,366942304.00
2015/07/23,8.80,9.59,8.73,9.28,38525509,433585472.00
2015/07/24,9.38,10.15,9.31,9.63,54751177,640982976.00
2015/07/27,9.35,10.08,8.66,8.66,52542455,603802048.00
2015/07/28,8.13,9.04,7.78,8.16,43892862,434328096.00
2015/07/29,8.37,8.72,7.86,8.70,30956239,312735776.00
2015/07/30,8.73,9.17,8.48,8.58,36361051,391883616.00
2015/07/31,8.45,8.80,8.07,8.38,20980127,214979760.00
2015/08/03,8.22,8.23,7.53,7.53,32461068,303843328.00
2015/08/04,7.55,8.21,7.50,8.20,31737793,301517120.00
2015/08/05,8.26,8.47,7.97,8.15,29538832,296069024.00
2015/08/06,7.80,8.32,7.75,8.15,19497747,192821536.00
2015/08/07,8.17,8.51,8.17,8.45,31509738,320587328.00
2015/08/10,8.63,9.31,8.48,9.31,50118931,544724928.00
2015/08/11,9.30,9.48,9.08,9.23,44890760,506606912.00
2015/08/12,9.03,9.22,8.90,8.92,29184115,320437600.00
2015/08/13,8.93,9.82,8.85,9.82,70062372,808656128.00
2015/08/14,10.34,10.54,9.84,10.22,78831633,975223808.00
2015/08/17,10.23,11.25,10.23,11.25,66609369,877221632.00
2015/08/18,11.72,11.85,10.12,10.17,103209155,1365431040.00
2015/08/19,9.51,11.19,9.51,11.19,90733435,1156503424.00
2015/08/20,10.90,11.26,10.17,10.36,69274059,898815488.00
2015/08/21,10.06,10.33,9.32,9.46,42533756,504226752.00
2015/08/24,8.79,9.04,8.50,8.50,12731540,132411304.00
2015/08/25,7.64,7.97,7.64,7.64,39723807,370863616.00
2015/08/26,7.63,7.95,6.87,6.87,49935192,444687168.00
2015/08/27,7.08,7.33,6.27,7.30,38565909,326964832.00
2015/08/28,7.70,7.98,7.45,7.92,42901697,401603680.00
2015/08/31,7.81,7.82,7.14,7.20,31925501,290778752.00
2015/09/01,7.23,7.42,6.47,6.47,35990360,298861312.00
2015/09/02,6.01,6.74,5.83,5.88,30660967,231391680.00
2015/09/07,6.07,6.36,5.96,6.08,22878694,172246256.00
2015/09/08,6.13,6.70,5.98,6.70,24088500,186293072.00
2015/09/09,6.79,7.17,6.75,7.15,37856092,322428864.00
2015/09/10,7.02,7.12,6.77,6.80,21111810,179322480.00
2015/09/11,6.78,7.10,6.78,7.09,17790700,150426832.00
2015/09/14,7.29,7.47,6.38,6.38,36828783,311080672.00
2015/09/15,6.01,6.44,5.73,5.83,24734100,182271008.00
2015/09/16,5.93,6.42,5.82,6.42,22827932,170198576.00
2015/09/17,6.44,6.88,6.25,6.28,30312823,241872176.00
2015/09/18,6.41,6.58,6.31,6.55,20019565,157261968.00
2015/09/21,6.36,6.85,6.33,6.82,21430668,174340896.00
2015/09/22,6.84,6.93,6.63,6.78,22038894,182448640.00
2015/09/23,6.66,6.75,6.46,6.53,18921274,152219936.00
2015/09/24,6.56,6.73,6.53,6.68,14904888,120649016.00
2015/09/25,6.63,6.93,6.46,6.53,26289200,214875536.00
2015/09/28,6.53,6.70,6.48,6.68,9995409,80502264.00
2015/09/29,6.58,6.61,6.38,6.42,8997686,71059400.00
2015/09/30,6.48,6.55,6.42,6.46,6324802,50028000.00
2015/10/08,6.76,6.83,6.64,6.73,18210206,149369728.00
2015/10/09,6.73,6.89,6.67,6.86,21010719,174573104.00
2015/10/12,7.02,7.50,6.91,7.28,28358537,248722944.00
2015/10/13,7.23,7.30,7.07,7.29,23185114,202984944.00
2015/10/14,7.21,7.33,7.08,7.09,19836488,173244048.00
2015/10/15,7.04,7.52,7.04,7.40,23567226,209943648.00
2015/10/16,7.39,8.15,7.35,8.15,42919946,400155616.00
2015/10/19,8.48,8.78,8.16,8.56,71575064,736121344.00
2015/10/20,8.43,8.62,8.23,8.47,33915207,345725888.00
2015/10/21,8.45,8.64,7.61,7.61,38371883,378364928.00
2015/10/22,7.56,7.96,7.40,7.93,31740118,298659232.00
2015/10/23,7.91,8.43,7.82,8.23,37327301,369431264.00
2015/10/26,8.38,8.55,8.00,8.18,32552716,326948096.00
2015/10/27,8.06,8.38,7.64,8.25,29924834,292878464.00
2015/10/28,8.25,8.58,8.06,8.18,31730303,323373952.00
2015/10/29,8.25,8.89,8.17,8.61,48525373,503320320.00
2015/10/30,8.58,8.58,8.23,8.32,23309792,237724496.00
2015/11/02,8.15,8.42,8.00,8.05,19755034,196397664.00
2015/11/03,8.07,8.18,7.77,7.89,14483826,140058128.00
2015/11/04,8.02,8.40,7.98,8.38,22023444,220043904.00
2015/11/05,8.39,8.53,8.23,8.38,34504241,352269856.00
2015/11/06,8.35,8.62,8.33,8.57,32061999,331265088.00
2015/11/09,8.56,9.16,8.33,8.90,47732029,503469984.00
2015/11/10,8.81,9.04,8.55,8.68,30973836,330761920.00
2015/11/11,8.73,9.02,8.58,8.91,32688432,349409376.00
2015/11/12,8.93,8.95,8.58,8.66,26760917,283617984.00
2015/11/13,8.52,8.58,8.32,8.38,22037495,226130832.00
2015/11/16,8.13,8.50,8.04,8.49,16533079,166847856.00
2015/11/17,8.59,8.86,8.44,8.47,22016317,231511872.00
2015/11/18,8.48,8.87,8.28,8.48,33293789,348572000.00
2015/11/19,8.48,8.58,8.31,8.56,19573847,200919888.00
2015/11/20,8.58,8.78,8.50,8.62,25073913,262538144.00
2015/11/23,8.55,9.08,8.52,8.90,43061261,462999936.00
2015/11/24,8.82,8.87,8.53,8.73,22063164,232808400.00
2015/11/25,8.71,8.91,8.63,8.82,24750550,264162448.00
2015/11/26,8.85,9.09,8.80,8.90,32233274,350779392.00
2015/11/27,8.89,8.89,8.00,8.00,32442306,331664768.00
2015/11/30,7.92,8.27,7.41,8.01,25604021,246052960.00
2015/12/01,7.99,8.63,7.87,8.37,27287231,274212096.00
2015/12/02,8.31,8.55,8.06,8.37,24144680,244580208.00
2015/12/03,8.35,8.63,8.25,8.52,23918963,246609952.00
2015/12/04,8.43,8.46,8.18,8.24,20381217,205178912.00
2015/12/07,8.24,8.29,8.12,8.23,11424829,113938032.00
2015/12/08,8.23,8.23,7.86,7.87,18041705,174789840.00
2015/12/09,7.85,8.02,7.75,7.90,9985572,96286512.00
2015/12/10,7.92,8.02,7.77,7.79,12377778,118675800.00
2015/12/11,7.73,7.79,7.48,7.54,13545700,124910576.00
2015/12/14,7.52,7.77,7.43,7.73,11312396,104615024.00
2015/12/15,7.78,7.96,7.73,7.75,11521747,109522136.00
2015/12/16,7.81,7.93,7.74,7.89,11238691,107159200.00
2015/12/17,7.91,8.24,7.91,8.13,25269971,249815616.00
2015/12/18,8.19,8.29,8.02,8.07,19561522,193969424.00
2015/12/21,7.98,8.34,7.95,8.28,22249751,222409472.00
2015/12/22,8.38,8.44,8.16,8.31,21856436,219289616.00
2015/12/23,8.35,8.86,8.18,8.57,38490144,396637792.00
2015/12/24,8.48,8.54,8.19,8.35,21620170,218517648.00
2015/12/25,8.35,8.50,8.28,8.42,16839100,171901680.00
2015/12/28,8.43,8.48,8.00,8.03,23701942,236440608.00
2015/12/29,8.03,8.09,7.85,8.08,13512932,131090120.00
2015/12/30,8.07,8.08,7.89,7.98,15211923,147672096.00
2015/12/31,8.00,8.46,7.88,8.34,33384749,329957664.00
2016/01/04,8.22,8.64,7.73,7.97,32772147,326180736.00
2016/01/05,7.63,8.72,7.63,8.70,82921000,842007360.00
2016/01/06,8.55,9.12,8.43,8.98,83239241,882444992.00
2016/01/07,8.71,8.73,8.08,8.08,14172802,143837760.00
2016/01/08,8.23,8.83,7.41,8.78,62707270,632367232.00
2016/01/11,8.51,9.54,8.36,8.83,115604639,1278624128.00
2016/01/12,8.10,8.36,7.93,7.93,68667486,671353088.00
2016/01/13,7.54,7.79,7.13,7.13,51593019,461452160.00
2016/01/14,6.58,7.20,6.41,7.16,42782927,350371744.00
2016/01/15,6.96,7.03,6.43,6.43,28990301,235929056.00
2016/01/18,6.17,6.63,6.13,6.41,21137304,165593424.00
2016/01/19,6.42,6.73,6.42,6.67,21932052,177226496.00
2016/01/20,6.58,6.82,6.48,6.61,19572794,159058576.00
2016/01/21,6.48,6.68,6.07,6.10,20115515,157456976.00
2016/01/22,6.23,6.38,6.00,6.28,15203370,115719336.00
2016/01/25,6.36,6.48,6.26,6.35,13040539,101286872.00
2016/01/26,6.24,6.31,5.71,5.72,19275199,140893008.00
2016/01/27,5.74,5.99,5.55,5.89,23362416,163991856.00
2016/01/28,5.87,5.88,5.48,5.55,15270652,106440728.00
2016/01/29,5.61,5.87,5.58,5.78,13422509,94258640.00
2016/02/01,5.78,5.93,5.69,5.79,12114984,86291704.00
2016/02/02,5.83,6.09,5.81,6.05,15330476,111974600.00
2016/02/03,6.03,6.21,5.96,6.11,19644939,146442432.00
2016/02/04,6.08,6.29,6.06,6.16,15860549,119809776.00
2016/02/05,6.23,6.23,5.98,5.99,11044430,82450432.00
2016/02/15,5.73,5.95,5.69,5.88,7784458,55537896.00
2016/02/16,5.91,6.19,5.91,6.13,13433012,100131632.00
2016/02/17,6.13,6.48,6.09,6.30,17386532,133318816.00
2016/02/18,6.39,6.51,6.27,6.32,18840178,146636944.00
2016/02/19,6.31,6.38,6.20,6.25,12705345,97367656.00
2016/02/22,6.38,6.58,6.35,6.48,19335409,152832688.00
2016/02/23,6.47,6.49,6.28,6.37,14571966,113241128.00
2016/02/24,6.31,6.78,6.31,6.69,29007243,233680496.00
2016/02/25,6.62,6.68,6.01,6.03,29068077,224152272.00
2016/02/26,6.12,6.18,5.89,6.10,14761650,109449192.00
2016/02/29,6.08,6.28,5.73,5.88,19247948,140171264.00
2016/03/01,5.89,6.35,5.87,6.23,24714662,185785344.00
2016/03/02,6.15,6.86,6.14,6.86,44556963,360192672.00
2016/03/03,7.06,7.38,6.75,6.81,63508135,548216128.00
2016/03/04,6.74,7.03,6.46,6.67,38342236,316906528.00
2016/03/07,6.74,6.99,6.67,6.79,19003922,157398240.00
2016/03/08,6.73,6.73,6.33,6.65,19781026,157184832.00
2016/03/09,6.40,6.83,6.33,6.54,20876062,166787376.00
2016/03/10,6.58,6.63,6.25,6.29,14615766,115205456.00
2016/03/11,6.14,6.37,6.11,6.27,8732729,66496192.00
2016/03/14,6.35,6.59,6.29,6.44,13393069,105989360.00
2016/03/15,6.42,6.50,6.31,6.47,10098525,78930192.00
2016/03/16,6.53,6.54,6.25,6.29,9403126,72966688.00
2016/03/17,6.35,6.49,6.28,6.43,11090680,86781896.00
2016/03/18,6.52,6.68,6.46,6.63,19555068,157234240.00
2016/03/21,6.69,6.87,6.65,6.83,22441722,185338224.00
2016/03/22,6.89,6.89,6.65,6.66,19022623,155984672.00
2016/03/23,6.63,6.70,6.55,6.68,16215229,131031816.00
2016/03/24,6.63,6.71,6.55,6.56,12982469,104719472.00
2016/03/25,6.53,6.67,6.53,6.63,9843359,79206544.00
2016/03/28,6.61,6.67,6.43,6.45,16750155,134429008.00
2016/03/29,6.48,6.52,6.23,6.35,11652089,89936056.00
2016/03/30,6.41,6.54,6.38,6.50,11244822,88627328.00
2016/03/31,6.55,6.61,6.43,6.45,10659289,84466800.00
2016/04/01,6.43,6.70,6.39,6.68,17044066,136278496.00
2016/04/05,6.68,6.84,6.63,6.80,29150980,240622832.00
2016/04/06,6.78,6.83,6.63,6.71,19396680,158783520.00
2016/04/07,6.73,6.77,6.58,6.59,16467534,134033544.00
2016/04/08,6.54,6.63,6.46,6.60,10418970,83244320.00
2016/04/11,6.64,6.76,6.63,6.72,15778354,128835624.00
2016/04/12,6.68,6.70,6.56,6.63,10012563,80848896.00
2016/04/13,6.67,6.79,6.66,6.72,21902667,180247776.00
2016/04/14,6.82,6.82,6.71,6.78,14207915,117113136.00
2016/04/15,6.79,7.00,6.71,6.88,24207014,202930928.00
2016/04/18,6.81,6.87,6.68,6.72,13321975,109494496.00
2016/04/19,6.75,6.79,6.66,6.73,8482445,69467128.00
2016/04/20,6.74,6.76,6.21,6.33,21462307,168522064.00
2016/04/21,6.32,6.41,6.27,6.28,10703037,82988800.00
2016/04/22,6.31,6.37,6.22,6.32,9657875,74128040.00
2016/04/25,6.30,6.30,6.13,6.25,7973304,60467132.00
2016/04/26,6.22,6.32,6.18,6.30,8157275,62196308.00
2016/04/27,6.31,6.35,6.24,6.28,6405566,49273240.00
2016/04/28,6.27,6.29,6.06,6.21,7250770,54658556.00
2016/04/29,6.20,6.26,6.13,6.19,6023313,45433852.00
2016/05/03,6.20,6.38,6.12,6.36,10120056,77866304.00
2016/05/04,6.37,6.40,6.32,6.36,6474007,50295244.00
2016/05/05,6.33,6.41,6.29,6.38,7849472,60873356.00
2016/05/06,6.39,6.41,6.10,6.13,9894490,75351424.00
2016/05/09,6.06,6.14,5.83,5.86,9284097,67659728.00
2016/05/10,5.83,5.91,5.81,5.86,4935720,35367172.00
2016/05/11,5.88,5.93,5.83,5.85,4456722,31961688.00
2016/05/12,5.83,5.85,5.71,5.83,5499046,38854360.00
2016/05/13,5.83,5.89,5.73,5.78,4214369,29941690.00
2016/05/16,5.73,5.84,5.71,5.83,5300936,37540400.00
2016/05/17,5.85,5.86,5.77,5.80,3818400,27116936.00
2016/05/18,5.78,5.79,5.63,5.75,7607623,53058064.00
2016/05/19,5.76,5.79,5.71,5.73,4973367,34997312.00
2016/05/20,5.68,5.87,5.68,5.81,6079039,43031064.00
2016/05/23,5.81,5.87,5.78,5.83,5410923,38548864.00
2016/05/24,5.83,5.84,5.75,5.80,4021933,28510472.00
2016/05/25,5.89,5.89,5.75,5.77,5039545,35833520.00
2016/05/26,5.76,5.80,5.70,5.79,4403221,30908416.00
2016/05/27,5.79,5.86,5.77,5.80,4151732,29505592.00
2016/05/30,5.80,5.85,5.75,5.81,4348534,30865812.00
2016/05/31,5.81,6.03,5.80,6.02,10249225,74393280.00
2016/06/01,6.03,6.04,5.97,6.01,10308498,75619088.00
2016/06/02,5.99,6.38,5.96,6.23,17080122,128606768.00
2016/06/03,6.13,6.28,6.11,6.22,11481054,85632640.00
2016/06/06,6.18,6.28,6.13,6.17,8998009,67148464.00
2016/06/07,6.16,6.19,6.07,6.08,8062822,59519276.00
2016/06/08,6.10,6.25,6.04,6.16,10650102,79145160.00
2016/06/13,6.08,6.16,5.89,5.90,7259555,53176304.00
2016/06/14,5.87,5.99,5.87,5.96,4312028,30974554.00
2016/06/15,5.96,6.19,5.88,6.18,8391549,62232044.00
2016/06/16,6.16,6.25,6.06,6.11,7363735,54533648.00
2016/06/17,6.11,6.19,6.10,6.13,5710623,42438824.00
2016/06/20,6.11,6.13,6.04,6.09,4358747,32060530.00
2016/06/21,6.11,6.19,6.04,6.12,8225498,60823240.00
2016/06/22,6.13,6.16,6.08,6.13,6291477,46514588.00
2016/06/23,6.13,6.16,6.06,6.08,5995823,44127460.00
2016/06/24,6.10,6.17,5.78,5.96,13311683,96470048.00
2016/06/27,5.92,6.07,5.88,6.04,6907886,50008056.00
2016/06/28,6.00,6.11,5.96,6.08,7288543,53197252.00
2016/06/29,6.08,6.50,6.08,6.32,21150987,160431040.00
2016/06/30,6.31,6.32,6.18,6.22,11060295,83360704.00
2016/07/01,6.21,6.34,6.21,6.24,7327092,55518416.00
2016/07/04,6.17,6.37,6.14,6.30,12106627,92023280.00
2016/07/05,6.31,6.48,6.30,6.44,13584599,104836472.00
2016/07/06,6.43,6.54,6.35,6.43,15010574,116578840.00
2016/07/07,6.37,6.45,6.31,6.43,11746094,90467112.00
2016/07/08,6.43,6.50,6.41,6.45,10055017,78330272.00
2016/07/11,6.46,6.53,6.42,6.44,11016252,86139384.00
2016/07/12,6.40,6.54,6.34,6.52,11669845,90729856.00
2016/07/13,6.52,6.63,6.48,6.53,13001811,102749168.00
2016/07/14,6.52,6.57,6.46,6.51,8278738,64997496.00
2016/07/15,6.51,6.77,6.48,6.67,24580658,197615648.00
2016/07/18,6.65,6.81,6.58,6.68,15154594,122755360.00
2016/07/19,6.62,6.78,6.55,6.77,13770454,111070672.00
2016/07/20,6.78,6.83,6.67,6.69,14503707,118137568.00
2016/07/21,6.69,6.74,6.61,6.64,9305148,75146304.00
2016/07/22,6.65,6.72,6.49,6.52,10298076,82083480.00
2016/07/25,6.54,6.71,6.48,6.70,11928393,95118456.00
2016/07/26,6.68,6.73,6.64,6.70,9735155,78501648.00
2016/07/27,6.70,6.74,6.29,6.51,18629922,146832656.00
2016/07/28,7.17,7.17,6.71,6.94,53216366,443831200.00
2016/07/29,6.78,6.85,6.68,6.73,29726329,243276736.00
2016/08/01,6.46,6.53,6.32,6.47,18132570,141198576.00
2016/08/02,6.41,6.57,6.40,6.56,9588790,75125240.00
2016/08/03,6.55,6.83,6.48,6.73,19078890,154676096.00
2016/08/04,6.68,6.82,6.68,6.74,13840992,112510688.00
2016/08/05,6.78,6.87,6.69,6.69,15587751,127675976.00
2016/08/08,6.68,7.16,6.64,6.96,29061625,241898144.00
2016/08/09,6.92,7.03,6.85,6.95,21149592,176627648.00
2016/08/10,6.94,6.97,6.80,6.81,14481707,119859736.00
2016/08/11,6.79,6.83,6.68,6.69,12062319,98198648.00
2016/08/12,6.67,6.97,6.67,6.91,21393379,176684960.00
2016/08/15,6.95,7.21,6.92,7.10,38623875,329704800.00
2016/08/16,7.08,7.17,7.00,7.06,24775040,211069728.00
2016/08/17,7.06,7.10,6.93,6.99,16126967,136374144.00
2016/08/18,7.01,7.44,6.99,7.15,42840215,374731072.00
2016/08/19,7.11,7.16,6.98,7.09,19629134,167002512.00
2016/08/22,7.08,7.27,7.03,7.11,17870827,153816448.00
2016/08/23,7.07,7.12,6.91,7.01,14236490,120712672.00
2016/08/24,7.04,7.06,6.88,6.91,9404423,79048608.00
2016/08/25,6.85,6.86,6.63,6.77,14757032,120057888.00
2016/08/26,6.77,6.95,6.75,6.80,9344587,77294368.00
2016/08/29,6.84,6.98,6.78,6.87,9021343,74977400.00
2016/08/30,6.88,6.88,6.76,6.81,9139472,75128080.00
2016/08/31,6.76,6.93,6.76,6.86,12616948,104270544.00
2016/09/01,6.83,6.84,6.68,6.72,12015290,97732784.00
2016/09/02,6.72,6.79,6.62,6.74,9704603,78801600.00
2016/09/05,6.74,6.88,6.73,6.83,7766094,63864808.00
2016/09/06,6.84,6.94,6.79,6.93,10784510,89610056.00
2016/09/07,6.95,6.97,6.89,6.93,11550188,96678480.00
2016/09/08,6.91,6.97,6.88,6.88,7631757,63765368.00
2016/09/09,6.87,7.00,6.86,6.89,7903653,66007872.00
2016/09/12,6.84,6.84,6.69,6.71,9551483,77905624.00
2016/09/13,6.71,6.79,6.71,6.77,5625573,45881740.00
2016/09/14,6.76,6.88,6.73,6.83,7488867,61692924.00
2016/09/19,6.84,6.93,6.82,6.86,8582997,71242576.00
2016/09/20,6.85,6.92,6.82,6.85,5665693,46924056.00
2016/09/21,6.87,7.03,6.83,6.98,12479199,104408296.00
2016/09/22,7.00,7.11,6.95,7.00,17249154,146593104.00
2016/09/23,7.00,7.05,6.85,6.86,10593402,88758288.00
2016/09/26,6.86,6.96,6.71,6.75,9932208,82268432.00
2016/09/27,6.71,6.98,6.71,6.95,16126073,133975072.00
2016/09/28,6.96,6.96,6.80,6.83,10755066,89155656.00
2016/09/29,6.84,7.08,6.84,7.04,22504696,190042448.00
2016/09/30,6.98,7.07,6.96,6.98,15595799,132001216.00
2016/10/10,6.92,6.93,6.63,6.79,23430108,191092848.00
2016/10/11,6.75,6.86,6.75,6.85,13194855,108564256.00
2016/10/12,6.82,6.88,6.79,6.84,10365570,85485136.00
2016/10/13,6.83,6.94,6.80,6.91,14583172,121045944.00
2016/10/14,6.91,6.98,6.87,6.92,10729930,89562880.00
2016/10/17,6.98,6.99,6.78,6.80,12465555,103697264.00
2016/10/18,6.80,6.86,6.69,6.85,10835836,88662912.00
2016/10/19,6.84,6.87,6.75,6.80,8274601,67982432.00
2016/10/20,6.80,6.83,6.71,6.79,7137106,58365072.00
2016/10/21,6.80,6.81,6.70,6.73,8612506,70081024.00
2016/10/24,6.73,6.81,6.70,6.79,9134377,74614912.00
2016/10/25,6.79,6.82,6.78,6.80,7666239,62860552.00
2016/10/26,6.80,6.82,6.73,6.78,6322687,51740904.00
2016/10/27,6.79,6.79,6.74,6.78,4861867,39730108.00
2016/10/28,6.76,6.80,6.68,6.70,11018097,89592528.00
2016/10/31,6.70,6.73,6.64,6.70,9810301,79208440.00
2016/11/01,6.71,6.88,6.68,6.88,20895610,171712496.00
2016/11/02,6.87,7.21,6.81,6.96,42029985,357087584.00
2016/11/03,6.86,6.96,6.77,6.88,20724792,171546560.00
2016/11/04,6.86,7.03,6.81,6.84,14472888,120701032.00
2016/11/07,6.86,6.90,6.82,6.85,9118889,75403696.00
2016/11/08,6.87,6.98,6.83,6.98,16310588,136321952.00
2016/11/09,6.96,6.98,6.79,6.86,13571572,112957392.00
2016/11/10,6.92,7.08,6.92,6.98,16818807,141676192.00
2016/11/11,6.99,7.17,6.96,7.14,28905562,247177792.00
2016/11/14,7.13,7.28,7.05,7.23,25530818,221361472.00
2016/11/15,7.20,7.23,7.13,7.17,15096368,130796800.00
2016/11/16,7.17,7.18,7.08,7.13,10457372,89868880.00
2016/11/17,7.14,7.42,7.10,7.22,30744010,270067328.00
2016/11/18,7.15,7.23,7.08,7.17,17952035,154923232.00
2016/11/21,7.17,7.20,7.08,7.13,13188930,113636408.00
2016/11/22,7.10,7.16,7.03,7.10,16112073,137614128.00
2016/11/23,7.10,7.28,7.08,7.13,22873098,197880720.00
2016/11/24,7.09,7.13,7.01,7.03,16288538,138773984.00
2016/11/25,7.04,7.18,6.98,7.13,15168961,129970216.00
2016/11/28,7.13,7.26,7.08,7.20,16882458,146018112.00
2016/11/29,7.17,7.42,7.16,7.19,27624259,242863216.00
2016/11/30,7.15,7.50,7.04,7.42,32503306,285421856.00
2016/12/01,7.42,7.49,7.33,7.34,28522430,254509872.00
2016/12/02,7.33,7.38,7.05,7.06,24498031,212678352.00
2016/12/05,6.98,7.06,6.86,6.90,18217687,152652384.00
2016/12/06,6.93,6.95,6.79,6.82,9720800,80818840.00
2016/12/07,6.85,6.93,6.83,6.93,9055099,75431552.00
2016/12/08,6.93,6.95,6.87,6.89,7402155,61756568.00
2016/12/09,6.93,6.98,6.81,6.89,12164900,101550816.00
2016/12/12,6.88,6.92,6.55,6.58,15445100,125297112.00
2016/12/13,6.58,6.68,6.54,6.59,8796214,70174688.00
2016/12/14,6.59,6.64,6.53,6.55,10292305,81790360.00
2016/12/15,6.55,6.64,6.50,6.57,8232853,65394160.00
2016/12/16,6.58,6.66,6.53,6.64,8886071,70874904.00
2016/12/19,6.64,6.66,6.54,6.58,7158050,57047276.00
2016/12/20,6.61,6.61,6.46,6.49,9890206,77827728.00
2016/12/21,6.52,6.59,6.48,6.58,5449437,43174000.00
2016/12/22,6.56,6.82,6.54,6.70,15054173,121735256.00
2016/12/23,6.69,6.71,6.56,6.58,5828290,46653776.00
2016/12/26,6.58,6.58,6.48,6.58,4652236,36702576.00
2016/12/27,6.58,6.67,6.55,6.59,5449876,43544724.00
2016/12/28,6.61,6.63,6.52,6.53,3992423,31676412.00
2016/12/29,6.53,6.63,6.51,6.53,6786625,53731908.00
2016/12/30,6.53,6.58,6.48,6.51,5300967,41795544.00
2017/01/03,6.51,6.61,6.51,6.60,9883329,78548864.00
2017/01/04,6.61,6.67,6.59,6.66,9353833,74964456.00
2017/01/05,6.65,6.75,6.63,6.68,7833604,63380524.00
2017/01/06,6.65,6.84,6.65,6.74,15031167,122644456.00
2017/01/09,6.74,6.87,6.70,6.84,16752400,137369632.00
2017/01/10,6.83,6.83,6.72,6.75,8559279,69928040.00
2017/01/11,6.75,6.78,6.66,6.68,6159961,49907096.00
2017/01/12,6.73,6.73,6.66,6.68,5641561,45546964.00
2017/01/13,6.70,6.71,6.54,6.60,6107685,48877436.00
2017/01/16,6.54,6.58,6.04,6.28,11285573,87655608.00
2017/01/17,6.28,6.39,6.21,6.34,5235627,39883784.00
2017/01/18,6.34,6.38,6.32,6.35,3736995,28660120.00
2017/01/19,6.33,6.35,6.28,6.31,3656479,27874086.00
2017/01/20,6.29,6.55,6.29,6.47,7607281,59351264.00
2017/01/23,6.50,6.54,6.46,6.53,6064222,47482740.00
2017/01/24,6.48,6.85,6.48,6.70,15663798,126962056.00
2017/01/25,6.64,6.73,6.63,6.69,6219344,50067876.00
2017/01/26,6.70,6.72,6.63,6.67,3552290,28669128.00
2017/02/03,6.67,6.71,6.56,6.61,4217671,33709752.00
2017/02/06,6.60,6.64,6.53,6.64,6814041,54328744.00
2017/02/07,6.63,6.70,6.58,6.63,4779475,38247060.00
2017/02/08,6.63,6.68,6.59,6.68,5465825,43811548.00
2017/02/09,6.67,6.82,6.65,6.79,15212277,124088480.00
2017/02/10,6.78,6.90,6.73,6.81,14851222,122531016.00
2017/02/13,6.80,6.85,6.69,6.75,15848733,129125824.00
2017/02/14,6.74,6.89,6.72,6.87,19435193,160357408.00
2017/02/15,6.84,6.89,6.75,6.79,12324684,101274576.00
2017/02/16,6.79,6.99,6.76,6.90,19564544,163490416.00
2017/02/17,6.88,6.94,6.78,6.81,11708224,96873608.00
2017/02/20,6.84,7.00,6.83,6.93,16348940,136959840.00
2017/02/21,6.96,6.98,6.88,6.95,12242524,102398048.00
2017/02/22,6.95,7.05,6.93,7.04,16335255,138251104.00
2017/02/23,7.03,7.05,6.91,6.97,10748162,90294488.00
2017/02/24,6.96,7.02,6.90,6.97,7102031,59668872.00
2017/02/27,6.97,6.98,6.91,6.94,8561552,71843232.00
2017/02/28,6.93,6.95,6.88,6.93,5832121,48651820.00
2017/03/01,6.93,6.97,6.90,6.93,5833571,48817308.00
2017/03/02,6.96,6.96,6.78,6.78,10432372,86450448.00
2017/03/03,6.78,6.83,6.75,6.78,5621344,46051228.00
2017/03/06,6.81,6.85,6.78,6.83,6615052,54399848.00
2017/03/07,6.83,6.93,6.80,6.93,9497423,78954168.00
2017/03/08,6.93,6.93,6.83,6.88,6087769,50557920.00
2017/03/09,6.84,6.89,6.78,6.89,6898799,56854436.00
2017/03/10,6.84,6.93,6.83,6.84,5081165,42238828.00
2017/03/13,6.83,6.89,6.73,6.88,5978778,49338340.00
2017/03/14,6.88,6.99,6.85,6.91,9422670,78740592.00
2017/03/15,6.92,6.93,6.83,6.84,5284749,43715484.00
2017/03/16,6.86,6.94,6.83,6.93,12652694,105310904.00
2017/03/17,6.93,6.96,6.79,6.84,9510326,79022504.00
2017/03/20,6.86,7.00,6.82,6.98,18817409,157712832.00
2017/03/21,6.98,7.00,6.92,6.99,9030401,75781952.00
2017/03/22,6.93,6.95,6.84,6.89,8564952,71273160.00
2017/03/23,6.90,6.97,6.84,6.89,7552378,62950956.00
2017/03/24,6.92,6.92,6.79,6.84,8853775,73212064.00
2017/03/27,6.84,6.89,6.80,6.81,6874718,56802016.00
2017/03/28,6.84,6.84,6.73,6.78,7567257,61853792.00
2017/03/29,6.78,6.79,6.65,6.66,9337910,75684560.00
2017/03/30,6.64,6.68,6.47,6.58,9427219,74685480.00
2017/03/31,6.59,6.66,6.53,6.61,6851955,54516996.00
2017/04/05,6.63,6.72,6.61,6.71,8924356,72010480.00
2017/04/06,6.72,6.73,6.67,6.73,6014863,48721176.00
2017/04/07,6.73,6.74,6.68,6.71,5509232,44657940.00
2017/04/10,6.69,6.82,6.66,6.78,11127185,90463368.00
2017/04/11,6.75,7.47,6.65,7.47,42506514,368648736.00
2017/04/12,8.22,8.22,8.01,8.22,111904601,1106632960.00
2017/04/13,8.29,8.96,8.04,8.53,162662888,1639867264.00
2017/04/14,8.25,8.25,7.87,7.92,67867847,660783744.00
2017/04/17,7.83,7.92,7.38,7.52,51870292,474106912.00
2017/04/18,7.54,7.73,7.50,7.52,43081824,396378368.00
2017/04/19,7.39,7.62,7.22,7.59,37553438,335985056.00
2017/04/20,7.53,7.61,7.14,7.22,35647670,315629088.00
2017/04/21,7.18,7.25,6.91,6.98,33855697,287574368.00
2017/04/24,6.95,7.01,6.68,6.71,27080868,221382608.00
2017/04/25,6.80,7.00,6.75,6.84,28302402,234747168.00
2017/04/26,6.82,7.06,6.80,7.05,28081327,235371136.00
2017/04/27,7.02,7.25,6.90,7.11,34050702,290991168.00
2017/04/28,7.04,7.57,7.01,7.36,42734152,376840256.00
2017/05/02,7.26,7.43,7.23,7.33,27653871,244012400.00
2017/05/03,7.26,7.43,7.21,7.37,29606435,262017328.00
2017/05/04,7.29,7.44,7.13,7.23,29562784,260310800.00
2017/05/05,7.17,7.38,7.13,7.14,23173231,203124544.00
2017/05/08,7.10,7.13,6.66,6.73,26822466,223040496.00
2017/05/09,6.71,6.83,6.65,6.81,15253391,124241144.00
2017/05/10,6.78,6.86,6.32,6.36,24528352,196386480.00
2017/05/11,6.41,6.53,6.25,6.50,19688103,152572832.00
2017/05/12,6.48,6.86,6.38,6.69,26287265,211921408.00
2017/05/15,6.70,6.75,6.61,6.65,14971415,120781088.00
2017/05/16,6.62,6.84,6.54,6.83,21845338,177213792.00
2017/05/17,6.83,6.94,6.78,6.87,22179840,183947536.00
2017/05/18,6.79,6.84,6.72,6.76,13210101,108098080.00
2017/05/19,6.75,6.84,6.73,6.78,8761743,71768880.00
2017/05/22,6.80,6.84,6.50,6.59,14404380,116174776.00
2017/05/23,6.57,6.62,6.34,6.38,14643707,115025480.00
2017/05/24,6.34,6.58,6.31,6.53,11175835,86973344.00
2017/05/25,6.52,6.83,6.48,6.81,27832194,225459024.00
2017/05/26,6.71,6.78,6.69,6.73,18226699,148248640.00
2017/05/31,6.88,6.95,6.75,6.75,17495900,144571232.00
2017/06/01,6.73,6.82,6.54,6.57,11932595,96635792.00
2017/06/02,6.57,6.83,6.50,6.78,15147434,122424488.00
2017/06/05,6.78,6.90,6.78,6.80,14648539,120805328.00
2017/06/06,6.77,6.98,6.75,6.95,22980484,191727712.00
2017/06/07,7.00,7.37,6.92,7.23,43990243,379937088.00
2017/06/08,7.18,7.53,7.13,7.32,54029048,479888832.00
2017/06/09,7.26,7.39,7.17,7.32,29029640,254494144.00
2017/06/12,7.27,7.51,7.09,7.13,40433376,358812064.00
2017/06/13,7.16,7.33,7.16,7.32,25732667,225439200.00
2017/06/14,7.26,7.42,7.18,7.36,25136673,221381648.00
2017/06/15,7.29,7.42,7.28,7.36,20145879,178614464.00
2017/06/16,7.33,7.78,7.31,7.57,45636076,416094656.00
2017/06/19,7.54,7.69,7.48,7.58,29414532,268867904.00
2017/06/20,7.53,7.58,7.39,7.51,27931544,251594624.00
2017/06/21,7.49,7.51,7.36,7.41,17083078,153065696.00
2017/06/22,7.36,7.42,7.15,7.17,23336440,205642016.00
2017/06/23,7.20,7.38,7.11,7.38,23063640,201992480.00
2017/06/26,7.42,7.53,7.32,7.52,28709601,257834352.00
2017/06/27,7.53,7.64,7.46,7.50,27673648,252260448.00
2017/06/28,7.48,7.48,7.33,7.37,16671160,148496480.00
2017/06/29,7.37,7.45,7.33,7.38,14182438,126492152.00
2017/06/30,7.36,7.36,7.22,7.29,17153799,150532576.00
2017/07/03,7.34,7.38,7.23,7.33,14901677,131141240.00
2017/07/04,7.29,7.30,7.17,7.19,14702943,128106680.00
2017/07/05,7.19,7.33,7.17,7.31,13411001,117682192.00
2017/07/06,7.32,7.33,7.18,7.22,13400301,116968752.00
2017/07/07,7.19,7.28,7.14,7.27,12401720,108015080.00
2017/07/10,7.25,7.28,7.18,7.23,11541421,100680024.00
2017/07/11,7.25,7.36,7.23,7.26,19080776,168048928.00
2017/07/12,7.25,7.28,6.98,7.09,21380364,183085440.00
2017/07/13,7.07,7.12,6.99,7.03,13801100,117478656.00
2017/07/14,7.03,7.10,6.99,7.06,8564127,72885696.00
2017/07/17,7.04,7.04,6.64,6.68,20273311,166315648.00
2017/07/18,6.67,6.77,6.65,6.75,6944506,56336816.00
2017/07/19,6.78,6.90,6.71,6.89,9871985,81184384.00
2017/07/20,6.92,7.11,6.88,6.99,14065980,119199664.00
2017/07/21,6.93,7.14,6.93,7.09,11774289,100288304.00
2017/07/24,7.11,7.21,7.07,7.18,13132911,113440192.00
2017/07/25,7.13,7.22,7.03,7.17,12328600,105785952.00
2017/07/26,7.18,7.21,7.03,7.08,10453951,89731760.00
2017/07/27,7.12,7.21,7.05,7.20,10160894,72642920.00
2017/07/28,7.15,7.18,7.05,7.05,13733900,97358464.00
2017/08/02,7.32,7.32,7.32,7.32,0,0.00
数据来源:通达信
