600982 宁波热电 日线 前复权
      日期	    开盘	    最高	    最低	    收盘	    成交量	    成交额
2010/10/08,3.34,3.41,3.33,3.37,2447788,22851396.00
2010/10/11,3.44,3.47,3.34,3.41,2872680,26928336.00
2010/10/12,3.37,3.45,3.37,3.43,2425233,22797868.00
2010/10/13,3.41,3.45,3.38,3.41,2192692,20619118.00
2010/10/14,3.41,3.43,3.30,3.31,2063579,19128072.00
2010/10/15,3.31,3.36,3.22,3.26,2410073,21886742.00
2010/10/18,3.22,3.29,3.19,3.26,1670349,14952477.00
2010/10/19,3.27,3.39,3.24,3.37,1754548,16086499.00
2010/10/20,3.35,3.44,3.29,3.40,2851908,26582500.00
2010/10/21,3.39,3.42,3.35,3.38,1724263,16082142.00
2010/10/22,3.40,3.47,3.36,3.45,2500467,23596806.00
2010/10/25,3.49,3.49,3.41,3.47,2753021,26137608.00
2010/10/26,3.45,3.59,3.45,3.51,3627684,35182872.00
2010/10/27,3.49,3.54,3.42,3.47,2387639,22885568.00
2010/10/28,3.44,3.47,3.38,3.42,1437837,13549301.00
2010/10/29,3.42,3.44,3.39,3.44,1506554,14170202.00
2010/11/01,3.45,3.52,3.42,3.51,2863041,27462916.00
2010/11/02,3.53,3.55,3.47,3.48,2380709,22872400.00
2010/11/03,3.48,3.63,3.47,3.55,5869081,57647448.00
2010/11/04,3.53,3.71,3.48,3.65,5820018,58014752.00
2010/11/05,3.70,3.70,3.62,3.65,2860732,28577504.00
2010/11/08,3.67,3.81,3.65,3.77,6048050,61601144.00
2010/11/09,3.75,3.80,3.69,3.76,3885517,39690624.00
2010/11/10,3.77,3.77,3.63,3.71,3677672,37052804.00
2010/11/11,3.68,3.82,3.65,3.70,4846662,49767948.00
2010/11/12,3.65,3.71,3.41,3.42,4544282,44244148.00
2010/11/15,3.46,3.55,3.37,3.53,2141338,20430216.00
2010/11/16,3.52,3.57,3.41,3.47,2170694,20771708.00
2010/11/17,3.43,3.47,3.34,3.37,1357132,12796472.00
2010/11/18,3.37,3.53,3.36,3.51,2336024,22202894.00
2010/11/19,3.50,3.61,3.47,3.60,3042700,29602606.00
2010/11/22,3.57,3.71,3.55,3.64,2206809,22082348.00
2010/11/23,3.61,3.65,3.52,3.64,1428502,14053920.00
2010/11/24,3.64,3.77,3.59,3.77,2837380,28691212.00
2010/11/25,3.78,3.84,3.72,3.75,3062731,31605626.00
2010/11/26,3.73,3.83,3.73,3.77,2540035,26198492.00
2010/11/29,3.80,3.95,3.77,3.94,5291527,55980528.00
2010/11/30,3.94,3.99,3.70,3.87,5046528,53243696.00
2010/12/01,3.87,3.92,3.76,3.87,2223923,23227476.00
2010/12/02,3.89,4.19,3.89,4.09,6317720,69518272.00
2010/12/03,4.09,4.15,3.99,4.08,3295464,36249356.00
2010/12/06,4.07,4.14,3.91,3.94,3017966,32693166.00
2010/12/07,3.94,4.01,3.82,3.96,2225347,23569180.00
2010/12/08,3.93,4.00,3.87,3.90,1646600,17569908.00
2010/12/09,3.88,3.95,3.83,3.86,1423029,15023301.00
2010/12/10,3.84,3.90,3.82,3.90,1376639,14502224.00
2010/12/13,3.91,4.08,3.87,4.07,2689498,29270260.00
2010/12/14,4.14,4.29,4.14,4.25,5847181,66822080.00
2010/12/15,4.23,4.37,4.19,4.27,2657215,30673574.00
2010/12/16,4.27,4.34,4.21,4.24,1806254,20774412.00
2010/12/17,4.23,4.28,4.15,4.25,1338564,15261082.00
2010/12/20,4.26,4.35,4.11,4.31,2629963,30198888.00
2010/12/21,4.29,4.33,4.17,4.27,2527396,29106544.00
2010/12/22,4.27,4.39,4.26,4.31,3677516,43199120.00
2010/12/23,4.29,4.33,4.14,4.19,2080460,23864314.00
2010/12/27,4.10,4.19,3.83,3.88,3305254,36189384.00
2010/12/28,3.77,3.97,3.77,3.86,2302750,24490320.00
2010/12/29,3.88,3.93,3.85,3.90,1349709,14304597.00
2010/12/30,3.88,3.95,3.82,3.91,1069816,11321289.00
2010/12/31,3.93,3.97,3.89,3.92,1822406,19517052.00
2011/01/04,3.97,4.03,3.91,4.00,1352830,14595905.00
2011/01/05,4.03,4.17,3.97,4.14,1423342,15621706.00
2011/01/06,4.14,4.16,4.09,4.12,1212976,13555065.00
2011/01/07,4.09,4.17,4.09,4.13,928895,10390229.00
2011/01/10,4.18,4.18,3.92,3.93,1363075,14979056.00
2011/01/11,3.85,3.92,3.82,3.87,936782,9896972.00
2011/01/12,3.95,4.30,3.95,4.29,5161354,58577324.00
2011/01/13,4.21,4.29,4.19,4.21,2839575,32462052.00
2011/01/14,4.21,4.27,4.17,4.24,2601650,29698860.00
2011/01/17,4.24,4.33,4.18,4.33,3755745,43137084.00
2011/01/18,4.27,4.41,4.17,4.39,4800572,56025904.00
2011/01/19,4.31,4.48,4.25,4.47,4464593,52917404.00
2011/01/20,4.42,4.53,4.21,4.24,3090854,36466528.00
2011/01/21,4.24,4.40,4.15,4.39,2763680,32106896.00
2011/01/24,4.37,4.65,4.32,4.55,5004611,60944184.00
2011/01/25,4.56,4.56,4.33,4.47,2569551,30680488.00
2011/01/26,4.41,4.57,4.33,4.56,3123456,37469792.00
2011/01/27,4.53,4.75,4.42,4.73,4572921,56909564.00
2011/01/28,4.69,4.99,4.61,4.92,5464921,70521552.00
2011/01/31,4.83,5.05,4.80,4.94,4866173,64273280.00
2011/02/01,4.88,4.99,4.77,4.86,3323898,43130656.00
2011/02/09,4.83,4.97,4.67,4.95,3403602,43800672.00
2011/02/10,4.89,5.49,4.88,5.38,7365067,102679848.00
2011/02/11,5.29,5.47,5.23,5.33,4680885,66294992.00
2011/02/14,5.29,5.37,5.20,5.26,4899136,68553008.00
2011/02/15,5.25,5.41,5.24,5.28,5053297,71629616.00
2011/02/16,5.22,5.47,5.18,5.43,4409005,62521088.00
2011/02/17,5.25,5.37,5.17,5.26,5316611,74265928.00
2011/02/18,5.21,5.21,4.93,4.97,6877926,92425112.00
2011/02/21,4.97,5.16,4.91,5.05,4491332,60717264.00
2011/02/22,5.05,5.05,4.83,4.84,3514808,46205184.00
2011/02/23,4.80,4.97,4.80,4.93,2519490,32948408.00
2011/02/25,4.86,5.03,4.86,4.95,2314599,30755836.00
2011/02/28,4.94,5.05,4.91,5.04,2003072,26786508.00
2011/03/01,5.04,5.21,5.00,5.03,3757038,51181124.00
2011/03/02,5.02,5.21,4.83,5.05,4439333,58902040.00
2011/03/03,4.99,5.04,4.80,4.81,2353815,30953504.00
2011/03/04,4.77,4.89,4.77,4.87,1474216,19073184.00
2011/03/07,4.89,4.96,4.84,4.94,1773223,23269864.00
2011/03/08,4.93,4.95,4.82,4.83,1971541,25728612.00
2011/03/09,4.85,5.05,4.85,5.04,4313017,57350404.00
2011/03/10,5.03,5.03,4.85,4.89,2561924,33646576.00
2011/03/11,4.84,4.91,4.75,4.77,3072738,39747768.00
2011/03/14,4.74,4.82,4.72,4.77,2503725,31924472.00
2011/03/15,4.80,4.81,4.49,4.51,5709448,70206000.00
2011/03/16,4.52,4.59,4.50,4.57,2973538,36412172.00
2011/03/17,4.53,4.62,4.48,4.51,3606168,44180996.00
2011/03/18,4.53,4.57,4.49,4.53,1886212,22996830.00
2011/03/21,4.51,4.57,4.41,4.43,3088648,37249992.00
2011/03/22,4.44,4.55,4.43,4.53,2485361,30151924.00
2011/03/23,4.54,4.59,4.51,4.58,2406339,29471962.00
2011/03/24,4.59,4.71,4.59,4.67,3916127,48912588.00
2011/03/25,4.69,4.71,4.63,4.65,3354969,42087796.00
2011/03/28,4.61,4.69,4.54,4.61,3947409,48720672.00
2011/03/29,4.60,4.68,4.54,4.66,2872930,35830788.00
2011/03/30,4.65,4.75,4.64,4.74,3911659,49440640.00
2011/03/31,4.76,4.98,4.73,4.93,9362308,122441272.00
2011/04/01,4.95,5.01,4.81,4.92,7373064,96681632.00
2011/04/06,4.89,5.39,4.70,5.23,14565652,192535664.00
2011/04/07,5.17,5.49,5.02,5.14,19003857,264547808.00
2011/04/08,5.09,5.32,4.91,5.08,15516923,208733056.00
2011/04/11,4.97,5.07,4.81,4.81,10984208,144331456.00
2011/04/12,4.76,4.81,4.67,4.75,5845103,74061688.00
2011/04/13,4.69,4.73,4.59,4.71,3951266,49380740.00
2011/04/14,4.69,4.76,4.65,4.70,3331836,42061668.00
2011/04/18,4.73,4.74,4.59,4.71,4046837,50497216.00
2011/04/19,4.67,4.68,4.53,4.60,3973165,49048116.00
2011/04/20,4.57,4.71,4.57,4.67,2713701,34003028.00
2011/04/21,4.71,4.76,4.65,4.74,2859870,36234128.00
2011/04/22,4.75,4.76,4.65,4.67,2237366,28190556.00
2011/04/25,4.66,4.71,4.59,4.61,2416938,30170444.00
2011/04/26,4.61,4.61,4.26,4.39,4894303,58552152.00
2011/04/27,4.41,4.43,4.37,4.43,1913633,22721146.00
2011/04/28,4.43,4.45,4.33,4.34,2282040,26973518.00
2011/05/03,4.41,4.61,4.39,4.59,2892707,35299064.00
2011/05/04,4.59,4.59,4.46,4.52,1704496,20682962.00
2011/05/05,4.48,4.52,4.47,4.50,777953,9412662.00
2011/05/06,4.50,4.50,4.38,4.49,940573,11283294.00
2011/05/09,4.51,4.63,4.51,4.60,1964568,24191268.00
2011/05/10,4.60,4.81,4.56,4.77,4855273,61684776.00
2011/05/11,4.78,4.79,4.65,4.74,2553694,32359100.00
2011/05/12,4.72,4.83,4.68,4.73,3932929,50278640.00
2011/05/13,4.71,4.81,4.59,4.71,2575308,32590696.00
2011/05/16,4.71,4.92,4.71,4.91,6226486,80684240.00
2011/05/17,4.93,4.94,4.77,4.81,3637012,47306080.00
2011/05/18,4.77,4.89,4.73,4.86,3221016,41466764.00
2011/05/19,4.84,4.86,4.78,4.79,2129046,27511416.00
2011/05/20,4.74,4.90,4.74,4.90,3736598,48684260.00
2011/05/23,4.91,5.02,4.75,4.75,5024443,65902720.00
2011/05/24,4.73,4.81,4.49,4.55,3140954,38992264.00
2011/05/25,4.55,4.59,4.42,4.43,1681433,20296816.00
2011/05/26,4.47,4.75,4.45,4.59,3555486,44219252.00
2011/05/27,4.59,4.71,4.09,4.12,2637545,31159384.00
2011/05/30,4.13,4.34,3.97,4.27,2822580,32086654.00
2011/05/31,4.26,4.55,4.21,4.50,2605902,30960672.00
2011/06/01,4.50,4.69,4.39,4.65,2568380,31848844.00
2011/06/02,4.62,4.62,4.46,4.50,1166047,14200967.00
2011/06/03,4.50,4.63,4.50,4.59,888091,10957800.00
2011/06/07,4.59,4.63,4.51,4.58,744262,9152792.00
2011/06/08,4.55,4.57,4.39,4.49,1200275,14409445.00
2011/06/09,4.52,4.52,4.31,4.41,1303188,15273201.00
2011/06/10,4.38,4.38,4.27,4.34,772287,8938069.00
2011/06/13,4.34,4.39,4.27,4.34,609330,7061345.00
2011/06/14,4.39,4.53,4.31,4.47,2242651,26772636.00
2011/06/15,4.47,4.49,4.38,4.40,705412,8369132.00
2011/06/16,4.33,4.38,4.30,4.31,481617,5590048.00
2011/06/17,4.31,4.36,4.24,4.25,382215,4398980.00
2011/06/20,4.18,4.33,4.16,4.23,415484,4690513.00
2011/06/21,4.29,4.53,4.21,4.41,1941440,22897476.00
2011/06/22,4.41,4.50,4.34,4.44,1157571,13782990.00
2011/06/23,4.49,4.49,4.39,4.47,472398,5622294.00
2011/06/24,4.42,4.71,4.42,4.67,2677324,33010416.00
2011/06/27,4.65,4.71,4.59,4.64,929465,11506849.00
2011/06/28,4.59,4.69,4.59,4.64,836705,10343434.00
2011/06/29,4.64,4.65,4.52,4.53,802210,9820485.00
2011/06/30,4.51,4.65,4.51,4.63,1017823,12449847.00
2011/07/01,4.63,4.73,4.57,4.62,975823,12047281.00
2011/07/04,4.61,4.74,4.61,4.71,2053545,25581468.00
2011/07/05,4.68,4.83,4.65,4.77,2164115,27356652.00
2011/07/06,4.75,4.82,4.68,4.75,2649685,33507032.00
2011/07/07,4.74,4.77,4.65,4.65,2614975,32627366.00
2011/07/08,4.63,4.73,4.59,4.64,1869710,23173580.00
2011/07/11,4.67,4.79,4.64,4.71,1752736,22105494.00
2011/07/12,4.69,4.69,4.60,4.61,1361678,16815492.00
2011/07/13,4.59,4.69,4.59,4.67,1413238,17512336.00
2011/07/14,4.69,4.75,4.65,4.74,1532519,19202174.00
2011/07/15,4.74,4.79,4.70,4.77,1340438,16936768.00
2011/07/18,4.79,4.79,4.71,4.73,1050884,13282220.00
2011/07/19,4.73,4.75,4.63,4.66,1452974,18106244.00
2011/07/20,4.70,4.72,4.57,4.63,1154857,14268358.00
2011/07/21,4.63,4.67,4.57,4.58,799528,9831361.00
2011/07/22,4.64,4.70,4.58,4.63,638676,7908537.00
2011/07/26,4.49,4.57,4.43,4.50,1301584,15627164.00
2011/07/27,4.48,4.53,4.45,4.51,450054,5402029.00
2011/07/28,4.52,4.71,4.52,4.56,1271250,15699523.00
2011/07/29,4.52,4.58,4.45,4.55,1011030,12169696.00
2011/08/01,4.55,4.56,4.47,4.55,573125,6902922.00
2011/08/02,4.51,4.65,4.44,4.62,2763991,33998584.00
2011/08/03,4.59,4.73,4.56,4.73,3076944,38426152.00
2011/08/04,4.74,4.75,4.67,4.69,1047800,13117412.00
2011/08/05,4.50,4.66,4.50,4.63,951110,11657358.00
2011/08/08,4.57,4.58,4.29,4.56,1450646,17265744.00
2011/08/09,4.32,4.48,4.15,4.39,736800,8718369.00
2011/08/10,4.49,4.54,4.43,4.47,817961,9764845.00
2011/08/11,4.41,4.61,4.36,4.54,1193038,14283190.00
2011/08/12,4.57,4.61,4.49,4.51,1471586,17801602.00
2011/08/15,4.52,4.54,4.49,4.53,913002,10997179.00
2011/08/16,4.53,4.57,4.47,4.48,757701,9135698.00
2011/08/17,4.48,4.49,4.44,4.45,406091,4844089.00
2011/08/18,4.44,4.49,4.33,4.34,595512,6990212.00
2011/08/19,4.29,4.31,4.24,4.27,753708,8609433.00
2011/08/22,4.27,4.31,4.25,4.28,389410,4462485.00
2011/08/23,4.31,4.35,4.27,4.35,578768,6673043.00
2011/08/24,4.35,4.37,4.29,4.36,748357,8692222.00
2011/08/25,4.36,4.44,4.33,4.42,823604,9671567.00
2011/08/26,4.42,4.45,4.38,4.42,482785,5697042.00
2011/08/29,4.40,4.42,4.35,4.36,421601,4929889.00
2011/08/30,4.37,4.39,4.30,4.33,518536,6038598.00
2011/08/31,4.33,4.37,4.27,4.31,341796,3948584.00
2011/09/01,4.33,4.37,4.28,4.31,362370,4192940.00
2011/09/02,4.32,4.33,4.25,4.28,471216,5412725.00
2011/09/05,4.23,4.25,4.18,4.19,468545,5278836.00
2011/09/06,4.13,4.18,4.13,4.17,286403,3196947.00
2011/09/07,4.21,4.23,4.18,4.22,300030,3386007.00
2011/09/08,4.25,4.25,4.13,4.13,354038,3975773.00
2011/09/09,4.17,4.20,4.13,4.14,191308,2132498.00
2011/09/13,4.09,4.15,4.07,4.09,332000,3648716.00
2011/09/14,4.09,4.15,4.05,4.14,273948,3014894.00
2011/09/15,4.14,4.18,4.13,4.13,239001,2662059.00
2011/09/16,4.17,4.18,4.09,4.13,322410,3581198.00
2011/09/19,4.13,4.15,4.07,4.09,213942,2354789.00
2011/09/20,4.08,4.14,4.03,4.08,238705,2619886.00
2011/09/21,4.07,4.23,4.06,4.19,537312,6002288.00
2011/09/22,4.19,4.19,4.09,4.10,245300,2724497.00
2011/09/23,4.05,4.08,4.02,4.05,339200,3692357.00
2011/09/26,4.07,4.08,4.01,4.03,296730,3226628.00
2011/09/27,4.03,4.08,3.99,4.03,235341,2549780.00
2011/09/28,4.05,4.07,3.85,3.99,448000,4797960.00
2011/09/29,3.97,4.01,3.81,3.98,643783,6786879.00
2011/09/30,3.97,3.97,3.85,3.91,238955,2512136.00
2011/10/10,3.94,3.94,3.84,3.89,332467,3478278.00
2011/10/11,3.95,4.02,3.84,3.94,583851,6165746.00
2011/10/12,3.89,4.05,3.86,4.04,758102,8165060.00
2011/10/13,4.05,4.05,3.95,4.02,733370,7925590.00
2011/10/14,3.99,4.02,3.96,4.01,306208,3293454.00
2011/10/17,3.98,4.03,3.96,3.99,218501,2353898.00
2011/10/18,4.02,4.13,3.97,3.97,1547403,16890148.00
2011/10/19,3.91,3.99,3.91,3.96,479815,5101882.00
2011/10/20,3.97,4.01,3.77,3.79,620695,6470206.00
2011/10/21,3.87,3.87,3.69,3.69,399120,4052888.00
2011/10/24,3.65,3.77,3.65,3.75,438675,4430694.00
2011/10/25,3.75,3.84,3.73,3.81,716374,7381931.00
2011/10/26,3.77,3.85,3.77,3.83,705760,7312519.00
2011/10/27,3.85,3.90,3.81,3.87,572150,5969437.00
2011/10/28,3.88,3.92,3.87,3.92,577206,6068350.00
2011/10/31,3.96,3.96,3.89,3.93,486699,5150808.00
2011/11/01,3.91,3.99,3.86,3.99,733551,7828853.00
2011/11/02,3.92,4.07,3.92,4.05,1151900,12408658.00
2011/11/03,4.08,4.08,4.01,4.05,1326392,14455530.00
2011/11/04,4.08,4.08,4.02,4.05,640938,6977931.00
2011/11/07,4.05,4.07,3.97,4.02,599713,6511425.00
2011/11/08,4.03,4.06,3.99,4.01,488799,5299053.00
2011/11/09,4.04,4.08,4.00,4.07,686597,7465442.00
2011/11/10,4.04,4.05,3.98,4.00,557177,6022986.00
2011/11/11,4.01,4.01,3.94,3.97,597350,6390252.00
2011/11/14,4.05,4.06,4.00,4.03,1291701,13995840.00
2011/11/15,4.05,4.15,4.04,4.12,2457100,27140950.00
2011/11/16,4.13,4.13,3.99,4.02,1883037,20487280.00
2011/11/17,4.02,4.07,3.99,4.03,1003975,10886795.00
2011/11/18,3.99,4.03,3.85,3.85,939326,9917978.00
2011/11/21,3.85,3.94,3.84,3.92,465996,4889495.00
2011/11/22,3.86,3.93,3.85,3.90,453037,4760293.00
2011/11/23,3.93,3.96,3.90,3.93,476229,5035703.00
2011/11/24,3.89,3.94,3.85,3.89,279885,2945138.00
2011/11/25,3.89,3.91,3.79,3.83,659500,6856511.00
2011/11/28,3.82,3.87,3.82,3.86,697499,7239074.00
2011/11/29,3.87,3.93,3.85,3.91,627865,6587851.00
2011/11/30,3.91,4.13,3.83,4.01,4238388,45701544.00
2011/12/01,4.13,4.16,4.01,4.05,3595847,39401848.00
2011/12/02,4.01,4.03,3.77,3.87,1787143,18648714.00
2011/12/05,3.85,3.85,3.68,3.68,899500,9062089.00
2011/12/06,3.68,3.73,3.63,3.68,539741,5363617.00
2011/12/07,3.71,3.71,3.65,3.65,473680,4706588.00
2011/12/08,3.62,3.69,3.58,3.65,491262,4839335.00
2011/12/09,3.63,3.63,3.55,3.58,412257,4011115.00
2011/12/12,3.55,3.59,3.49,3.51,269761,2594119.00
2011/12/13,3.55,3.55,3.28,3.48,1404413,12978172.00
2011/12/14,3.48,3.51,3.39,3.49,1005350,9456200.00
2011/12/15,3.46,3.58,3.39,3.57,1254038,11947899.00
2011/12/16,3.57,3.61,3.49,3.61,717853,6934455.00
2011/12/19,3.59,3.62,3.50,3.61,609832,5897254.00
2011/12/20,3.54,3.64,3.54,3.63,570537,5588598.00
2011/12/21,3.65,3.65,3.57,3.65,645929,6343301.00
2011/12/22,3.58,3.67,3.43,3.67,882551,8574816.00
2011/12/23,3.61,3.72,3.61,3.71,574557,5752742.00
2011/12/26,3.70,3.75,3.67,3.71,430993,4325308.00
2011/12/27,3.65,3.73,3.63,3.71,726232,7253912.00
2011/12/28,3.68,3.72,3.59,3.71,571418,5672155.00
2011/12/29,3.62,3.70,3.62,3.69,437833,4344822.00
2011/12/30,3.70,3.70,3.66,3.67,252850,2520878.00
2012/01/04,3.67,3.68,3.57,3.59,708222,6944041.00
2012/01/05,3.57,3.83,3.44,3.83,2821033,28245134.00
2012/01/06,3.80,3.86,3.74,3.85,1686646,17403776.00
2012/01/09,3.83,3.93,3.76,3.88,1115002,11632273.00
2012/01/10,3.87,3.93,3.82,3.89,1983237,20764924.00
2012/01/11,3.88,3.93,3.79,3.85,1145049,11879709.00
2012/01/12,3.85,3.87,3.78,3.79,751954,7774875.00
2012/01/13,3.78,3.82,3.65,3.80,1090541,11049682.00
2012/01/16,3.77,3.83,3.73,3.79,712601,7286795.00
2012/01/17,3.78,3.91,3.74,3.89,938345,9759539.00
2012/01/18,3.87,3.91,3.75,3.79,1034410,10675230.00
2012/01/19,3.79,3.81,3.71,3.80,1066089,10799340.00
2012/01/20,3.79,3.79,3.71,3.74,576736,5828119.00
2012/01/30,3.74,3.77,3.62,3.73,1018056,10204428.00
2012/02/01,3.73,3.76,3.65,3.75,806004,8107268.00
2012/02/02,3.73,3.75,3.69,3.73,541490,5440991.00
2012/02/03,3.73,3.77,3.70,3.76,907068,9156266.00
2012/02/06,3.76,3.88,3.74,3.87,1810802,18711240.00
2012/02/07,3.86,3.87,3.79,3.82,867200,8931262.00
2012/02/08,3.85,3.86,3.76,3.86,1045996,10802952.00
2012/02/09,3.81,3.87,3.80,3.82,1520408,15750143.00
2012/02/10,3.86,3.86,3.77,3.78,1084483,11140878.00
2012/02/13,3.77,3.79,3.71,3.75,1052451,10669057.00
2012/02/14,3.76,3.79,3.73,3.77,823567,8363747.00
2012/02/15,3.77,3.83,3.72,3.83,1847247,18935798.00
2012/02/16,3.85,3.89,3.80,3.87,2212626,23015300.00
2012/02/17,3.89,3.89,3.80,3.82,1193341,12350583.00
2012/02/20,3.82,3.88,3.82,3.82,1213888,12615495.00
2012/02/21,3.82,3.86,3.79,3.86,911021,9411134.00
2012/02/22,3.86,3.89,3.83,3.89,1655847,17265090.00
2012/02/23,3.87,3.95,3.86,3.93,1916290,20196344.00
2012/02/24,3.95,3.95,3.86,3.93,2191730,23051300.00
2012/02/27,3.93,3.99,3.89,3.90,1916726,20413884.00
2012/02/28,3.89,3.91,3.80,3.87,1313235,13651798.00
2012/02/29,3.85,3.88,3.82,3.86,768982,7990776.00
2012/03/01,3.85,3.95,3.85,3.91,1484045,15629253.00
2012/03/02,3.92,3.95,3.90,3.95,1798056,19072050.00
2012/03/05,3.95,3.98,3.87,3.88,1605068,16978768.00
2012/03/06,3.89,3.90,3.74,3.75,1994320,20486936.00
2012/03/07,3.71,3.79,3.70,3.75,1909948,19283500.00
2012/03/08,3.75,3.80,3.75,3.78,1028393,10488963.00
2012/03/09,3.79,3.85,3.78,3.84,1275101,13146199.00
2012/03/12,3.85,3.91,3.83,3.90,1613423,16862700.00
2012/03/13,3.91,3.97,3.87,3.95,2438317,25838278.00
2012/03/14,3.97,3.97,3.71,3.74,2034011,21192472.00
2012/03/15,3.73,3.80,3.67,3.69,1479553,14881996.00
2012/03/16,3.74,3.77,3.69,3.77,855918,8658549.00
2012/03/19,3.79,3.83,3.77,3.80,1324514,13596924.00
2012/03/20,3.79,3.79,3.68,3.68,2192475,21989812.00
2012/03/21,3.71,3.71,3.57,3.62,1929095,18995532.00
2012/03/22,3.62,3.65,3.58,3.60,1277619,12519847.00
2012/03/23,3.60,3.60,3.53,3.53,1187198,11454932.00
2012/03/26,3.52,3.58,3.52,3.56,569094,5500735.00
2012/03/27,3.58,3.59,3.53,3.54,510748,4931939.00
2012/03/28,3.53,3.55,3.37,3.39,896372,8433469.00
2012/03/29,3.39,3.52,3.35,3.50,1897358,17860358.00
2012/03/30,3.50,3.62,3.47,3.60,1705309,16469569.00
2012/04/05,3.57,3.65,3.55,3.60,1053081,10260847.00
2012/04/06,3.59,3.60,3.54,3.58,673879,6520885.00
2012/04/09,3.60,3.60,3.54,3.54,457857,4431876.00
2012/04/10,3.51,3.53,3.41,3.49,751359,7070550.00
2012/04/11,3.47,3.55,3.44,3.55,653803,6226120.00
2012/04/12,3.55,3.69,3.52,3.62,1710181,16818856.00
2012/04/16,3.61,3.64,3.57,3.61,655736,6429006.00
2012/04/17,3.61,3.65,3.51,3.52,869043,8399657.00
2012/04/18,3.52,3.61,3.52,3.59,843469,8178651.00
2012/04/19,3.59,3.64,3.59,3.63,943561,9272084.00
2012/04/20,3.63,3.65,3.60,3.65,987806,9720908.00
2012/04/23,3.66,3.67,3.60,3.63,832813,8214409.00
2012/04/24,3.61,3.77,3.53,3.76,2181427,21565520.00
2012/04/25,3.73,3.82,3.69,3.77,1652474,16893102.00
2012/04/26,3.77,3.85,3.70,3.84,1791407,18271274.00
2012/04/27,3.81,3.93,3.49,3.87,2638972,27498970.00
2012/05/02,3.92,3.93,3.83,3.89,2469327,25852988.00
2012/05/03,3.87,3.93,3.85,3.87,1247674,13034136.00
2012/05/04,3.87,3.89,3.80,3.83,1342664,13886100.00
2012/05/07,3.81,3.87,3.74,3.86,952250,9843115.00
2012/05/08,3.88,3.89,3.81,3.83,768088,7951456.00
2012/05/09,3.82,3.85,3.75,3.83,1038600,10651353.00
2012/05/10,3.85,3.85,3.78,3.84,716621,7394940.00
2012/05/11,3.82,3.84,3.78,3.78,491747,5051839.00
2012/05/14,3.76,3.82,3.76,3.76,386950,3962065.00
2012/05/15,3.73,3.79,3.72,3.75,462625,4677669.00
2012/05/16,3.75,3.77,3.72,3.73,298660,3027450.00
2012/05/17,3.73,3.81,3.73,3.79,501606,5119154.00
2012/05/18,3.82,3.88,3.73,3.87,996723,10248313.00
2012/05/21,3.82,3.89,3.76,3.83,702580,7271750.00
2012/05/22,3.89,3.89,3.83,3.87,814668,8493394.00
2012/05/23,3.77,3.87,3.77,3.85,607805,6271662.00
2012/05/24,3.89,3.89,3.78,3.87,870168,9018810.00
2012/05/25,3.85,3.85,3.79,3.82,482769,4981734.00
2012/05/28,3.83,3.86,3.73,3.82,479268,4929727.00
2012/05/29,3.86,3.88,3.76,3.85,900523,9350874.00
2012/05/30,3.89,3.91,3.85,3.90,1244872,13050905.00
2012/05/31,3.87,3.89,3.79,3.87,558711,5809441.00
2012/06/01,3.87,3.90,3.83,3.86,506014,5275335.00
2012/06/04,3.79,3.85,3.73,3.79,726352,7416028.00
2012/06/05,3.76,3.84,3.69,3.77,617725,6271961.00
2012/06/06,3.77,3.81,3.68,3.73,577497,5762172.00
2012/06/07,3.76,3.77,3.69,3.69,343829,3428703.00
2012/06/08,3.71,3.74,3.64,3.67,198895,1965673.00
2012/06/11,3.61,3.72,3.61,3.71,295837,2921797.00
2012/06/12,3.71,3.71,3.65,3.68,313739,3085619.00
2012/06/13,3.67,3.77,3.67,3.75,522665,5223169.00
2012/06/14,3.75,3.79,3.68,3.75,558089,5615526.00
2012/06/15,3.78,3.89,3.77,3.82,1033342,10584916.00
2012/06/18,3.85,3.86,3.80,3.82,700425,7145021.00
2012/06/19,3.80,3.83,3.75,3.77,401566,4051637.00
2012/06/20,3.74,3.79,3.70,3.73,367426,3681588.00
2012/06/21,3.77,3.89,3.77,3.81,1251717,12797201.00
2012/06/25,3.81,3.81,3.73,3.75,696395,6997016.00
2012/06/26,3.75,3.79,3.61,3.77,716296,7120048.00
2012/06/27,3.74,3.78,3.69,3.77,515098,5155755.00
2012/06/28,3.78,3.81,3.73,3.77,583812,5902290.00
2012/06/29,3.70,3.79,3.70,3.78,398841,4008111.00
2012/07/02,3.79,3.86,3.77,3.85,940830,9625187.00
2012/07/03,3.82,3.89,3.77,3.85,697047,7156863.00
2012/07/04,3.88,3.91,3.81,3.90,1550350,16023299.00
2012/07/05,3.88,3.92,3.81,3.89,1849320,19147348.00
2012/07/06,3.93,3.94,3.83,3.90,1062404,11037299.00
2012/07/09,3.81,3.87,3.76,3.83,1356339,13820167.00
2012/07/10,3.82,3.87,3.75,3.81,560053,5706719.00
2012/07/11,3.82,3.85,3.76,3.82,532969,5449041.00
2012/07/12,3.82,3.85,3.77,3.82,505162,5147342.00
2012/07/13,3.83,4.15,3.83,4.09,3173017,33783424.00
2012/07/16,4.08,4.13,4.01,4.02,2769645,30070804.00
2012/07/17,4.03,4.10,3.93,4.09,1943346,20720728.00
2012/07/18,4.07,4.15,4.03,4.14,2326865,25479696.00
2012/07/19,4.15,4.15,4.03,4.03,2258688,24549872.00
2012/07/20,3.98,4.36,3.98,4.19,4028555,45158336.00
2012/07/23,4.22,4.29,4.06,4.11,2710452,29882846.00
2012/07/24,4.03,4.12,3.99,4.07,1300222,14080998.00
2012/07/25,4.04,4.08,3.95,4.07,1381791,14758581.00
2012/07/26,4.07,4.09,3.98,4.03,1076798,11577402.00
2012/07/27,4.11,4.11,3.89,3.90,1133639,12068718.00
2012/07/30,3.90,3.90,3.61,3.69,2144811,21568558.00
2012/07/31,3.72,3.78,3.58,3.70,753998,7409867.00
2012/08/01,3.62,3.72,3.58,3.70,651638,6426827.00
2012/08/02,3.71,3.75,3.57,3.69,1282658,12553237.00
2012/08/03,3.64,3.69,3.59,3.68,782580,7666850.00
2012/08/06,3.73,3.78,3.63,3.76,1181840,11764671.00
2012/08/07,3.75,3.77,3.68,3.77,633546,6339137.00
2012/08/08,3.77,3.81,3.72,3.74,719920,7256774.00
2012/08/09,3.77,3.77,3.63,3.75,722249,7171368.00
2012/08/10,3.77,3.81,3.69,3.72,817163,8181546.00
2012/08/13,3.69,3.70,3.58,3.62,744436,7244016.00
2012/08/14,3.63,3.66,3.54,3.62,596024,5773521.00
2012/08/15,3.59,3.62,3.55,3.57,421000,4045637.00
2012/08/16,3.61,3.61,3.57,3.59,303160,2925424.00
2012/08/17,3.58,3.61,3.52,3.61,420030,4018301.00
2012/08/20,3.61,3.64,3.58,3.63,460118,4465403.00
2012/08/21,3.57,3.61,3.53,3.61,1018062,9773279.00
2012/08/22,3.62,3.64,3.53,3.54,827372,7964508.00
2012/08/23,3.54,3.54,3.46,3.51,643561,6046941.00
2012/08/24,3.49,3.51,3.43,3.49,642297,5989299.00
2012/08/27,3.47,3.48,3.41,3.44,371139,3439850.00
2012/08/28,3.45,3.47,3.36,3.44,335934,3090702.00
2012/08/29,3.45,3.47,3.43,3.45,195299,1815801.00
2012/08/30,3.47,3.49,3.35,3.44,477022,4378960.00
2012/08/31,3.41,3.45,3.36,3.44,315416,2895239.00
2012/09/03,3.43,3.47,3.36,3.45,349344,3229146.00
2012/09/04,3.45,3.47,3.40,3.46,318624,2957776.00
2012/09/05,3.46,3.56,3.42,3.55,761864,7157496.00
2012/09/06,3.55,3.65,3.51,3.63,933717,8962556.00
2012/09/07,3.64,3.73,3.60,3.68,1063145,10445962.00
2012/09/10,3.68,3.68,3.62,3.63,569388,5562710.00
2012/09/11,3.62,3.62,3.58,3.59,361450,3488721.00
2012/09/12,3.59,3.63,3.57,3.61,329417,3190015.00
2012/09/13,3.59,3.62,3.58,3.59,520867,5034326.00
2012/09/14,3.62,3.62,3.56,3.59,204499,1972752.00
2012/09/17,3.59,3.61,3.47,3.60,529010,5058694.00
2012/09/18,3.57,3.61,3.49,3.61,412616,3964369.00
2012/09/19,3.59,3.62,3.57,3.61,260025,2512057.00
2012/09/20,3.61,3.61,3.53,3.59,542574,5220078.00
2012/09/21,3.55,3.63,3.55,3.61,329540,3188246.00
2012/09/24,3.61,3.65,3.53,3.63,452850,4381346.00
2012/09/25,3.62,3.65,3.60,3.63,535090,5208716.00
2012/09/26,3.60,3.65,3.54,3.64,717929,6969578.00
2012/09/27,3.63,3.74,3.61,3.72,2247985,22162170.00
2012/09/28,3.69,3.73,3.64,3.72,3555190,35209916.00
2012/10/08,3.72,3.75,3.66,3.71,1051818,10481787.00
2012/10/09,3.73,4.09,3.69,3.89,2244478,23496172.00
2012/10/10,3.79,3.88,3.78,3.85,944770,9670831.00
2012/10/11,3.83,3.83,3.75,3.77,552321,5597019.00
2012/10/12,3.79,3.80,3.67,3.71,557338,5554399.00
2012/10/15,3.74,3.74,3.68,3.73,255759,2545460.00
2012/10/16,3.75,3.76,3.69,3.72,265600,2649333.00
2012/10/17,3.72,3.73,3.68,3.70,252462,2508551.00
2012/10/18,3.70,3.75,3.67,3.74,545409,5439270.00
2012/10/19,3.74,3.81,3.73,3.73,496928,4997887.00
2012/10/22,3.64,3.73,3.64,3.69,389938,3844175.00
2012/10/23,3.65,3.69,3.65,3.65,367958,3612303.00
2012/10/24,3.65,3.67,3.62,3.64,202352,1981672.00
2012/10/25,3.63,3.67,3.59,3.59,285671,2786891.00
2012/10/26,3.57,3.61,3.52,3.52,296599,2828324.00
2012/10/29,3.50,3.53,3.48,3.50,171300,1611990.00
2012/10/30,3.49,3.54,3.49,3.50,251962,2376998.00
2012/10/31,3.48,3.53,3.48,3.53,228539,2152561.00
2012/11/01,3.53,3.58,3.51,3.58,293338,2801539.00
2012/11/02,3.57,3.59,3.52,3.55,388200,3704510.00
2012/11/05,3.55,3.69,3.55,3.59,764968,7427491.00
2012/11/06,3.61,3.63,3.53,3.60,572938,5510101.00
2012/11/07,3.60,3.77,3.57,3.65,1697333,16771950.00
2012/11/08,3.57,3.60,3.46,3.48,997614,9420701.00
2012/11/09,3.47,3.51,3.43,3.47,374193,3476983.00
2012/11/12,3.49,3.49,3.45,3.47,308100,2879254.00
2012/11/13,3.48,3.49,3.41,3.42,330000,3060075.00
2012/11/14,3.41,3.44,3.39,3.42,234152,2155969.00
2012/11/15,3.39,3.50,3.39,3.42,464413,4323308.00
2012/11/16,3.41,3.49,3.37,3.48,184089,1700057.00
2012/11/19,3.42,3.47,3.42,3.45,191513,1775031.00
2012/11/20,3.46,3.48,3.42,3.43,178860,1657089.00
2012/11/21,3.45,3.46,3.39,3.44,236348,2177692.00
2012/11/22,3.45,3.45,3.39,3.43,192901,1773808.00
2012/11/23,3.45,3.47,3.41,3.44,218400,2024410.00
2012/11/26,3.79,3.79,3.45,3.49,1078065,10336330.00
2012/11/27,3.47,3.58,3.31,3.33,562354,5174039.00
2012/11/28,3.45,3.45,3.29,3.34,558937,5077198.00
2012/11/29,3.35,3.35,3.23,3.33,338776,3013851.00
2012/11/30,3.39,3.39,3.27,3.35,262100,2364069.00
2012/12/03,3.37,3.38,3.31,3.33,176100,1591515.00
2012/12/04,3.35,3.35,3.26,3.35,199437,1783754.00
2012/12/05,3.36,3.44,3.34,3.41,902455,8287001.00
2012/12/06,3.43,3.44,3.38,3.39,514034,4718184.00
2012/12/07,3.38,3.43,3.38,3.43,574004,5284951.00
2012/12/10,3.42,3.46,3.40,3.46,789220,7305588.00
2012/12/11,3.46,3.46,3.41,3.41,424790,3922127.00
2012/12/12,3.41,3.43,3.39,3.41,292600,2682845.00
2012/12/13,3.41,3.41,3.31,3.34,482648,4357722.00
2012/12/14,3.35,3.47,3.33,3.45,1028100,9477735.00
2012/12/17,3.46,3.46,3.41,3.45,793522,7335301.00
2012/12/18,3.45,3.49,3.43,3.45,593215,5520035.00
2012/12/19,3.43,3.48,3.39,3.44,843313,7808240.00
2012/12/20,3.45,3.48,3.37,3.40,913329,8384195.00
2012/12/21,3.43,3.44,3.38,3.39,798801,7323054.00
2012/12/24,3.38,3.42,3.34,3.39,764073,6982315.00
2012/12/25,3.41,3.47,3.38,3.46,2818485,26074732.00
2012/12/26,3.45,3.50,3.44,3.49,1844907,17227732.00
2012/12/27,3.49,3.51,3.46,3.48,1342778,12575534.00
2012/12/28,3.46,3.54,3.46,3.53,1257710,11885090.00
2012/12/31,3.53,3.55,3.49,3.52,1189507,11281302.00
2013/01/04,3.51,3.55,3.48,3.49,831637,7822860.00
2013/01/07,3.49,3.53,3.47,3.52,803756,7565330.00
2013/01/08,3.50,3.60,3.42,3.59,1435858,13738908.00
2013/01/09,3.58,3.63,3.55,3.57,1203340,11607476.00
2013/01/10,3.58,3.60,3.56,3.59,779692,7499763.00
2013/01/11,3.59,3.70,3.59,3.60,2015696,19711390.00
2013/01/14,3.59,3.80,3.59,3.78,2747394,27599212.00
2013/01/15,3.79,3.84,3.73,3.81,2134870,21614382.00
2013/01/16,3.81,3.85,3.74,3.78,1598713,16256523.00
2013/01/17,3.80,3.84,3.74,3.76,954325,9626183.00
2013/01/18,3.77,3.82,3.75,3.81,984887,9991453.00
2013/01/21,3.81,3.82,3.76,3.81,1113981,11288829.00
2013/01/22,3.82,3.82,3.69,3.74,1152875,11560430.00
2013/01/23,3.74,3.74,3.68,3.71,844009,8381376.00
2013/01/24,3.69,4.06,3.69,3.81,3432437,35629644.00
2013/01/25,3.77,3.95,3.75,3.93,3237203,33638648.00
2013/01/28,3.92,4.05,3.90,4.05,3085618,32886536.00
2013/01/29,4.11,4.48,4.11,4.28,5776604,66317248.00
2013/01/30,4.21,4.35,4.19,4.26,3048860,34483584.00
2013/01/31,4.27,4.53,4.23,4.51,4406364,51503664.00
2013/02/01,4.53,4.63,4.41,4.57,4213631,50708312.00
2013/02/04,4.55,4.61,4.41,4.45,3168639,37563460.00
2013/02/05,4.40,4.59,4.34,4.53,2989877,35110672.00
2013/02/06,4.57,4.61,4.43,4.43,2564065,30605526.00
2013/02/07,4.39,4.47,4.36,4.37,1826863,21296052.00
2013/02/08,4.37,4.83,4.37,4.69,4377426,53599320.00
2013/02/18,4.75,5.01,4.67,4.96,3609760,46320216.00
2013/02/19,4.97,5.13,4.80,4.93,4598098,59703996.00
2013/02/20,4.89,4.99,4.84,4.99,2429926,31474238.00
2013/02/21,4.81,4.81,4.47,4.48,5416468,66288740.00
2013/02/22,4.45,4.45,4.27,4.31,4259017,48720256.00
2013/02/25,4.30,4.33,4.19,4.27,2767265,31216124.00
2013/02/26,4.20,4.29,4.17,4.18,2749033,30830254.00
2013/02/27,4.16,4.22,4.09,4.18,2539187,28025532.00
2013/02/28,4.15,4.25,4.14,4.25,2577581,28775204.00
2013/03/01,4.23,4.29,4.19,4.20,2457203,27624816.00
2013/03/04,4.16,4.18,3.92,3.93,3067636,32970352.00
2013/03/05,3.91,4.03,3.90,3.99,1846236,19673560.00
2013/03/06,4.00,4.07,3.98,4.06,1947182,20926932.00
2013/03/07,4.05,4.12,4.01,4.03,1785093,19370522.00
2013/03/08,4.06,4.09,4.02,4.03,915765,9885540.00
2013/03/11,4.05,4.07,3.96,4.07,780930,8376626.00
2013/03/12,4.07,4.19,4.02,4.09,2600874,28405400.00
2013/03/13,4.09,4.12,3.97,3.98,1215882,13089713.00
2013/03/14,3.94,4.02,3.94,4.00,790909,8404493.00
2013/03/15,3.97,4.02,3.85,3.92,1113156,11778537.00
2013/03/18,3.89,3.92,3.79,3.82,1181767,12093989.00
2013/03/19,3.83,3.88,3.77,3.87,897206,9163573.00
2013/03/20,3.89,3.97,3.85,3.96,1421841,14821883.00
2013/03/21,3.94,4.01,3.91,3.98,1277810,13510605.00
2013/03/22,3.98,4.01,3.93,3.96,927336,9781325.00
2013/03/25,3.99,4.29,3.99,4.28,5523734,61475632.00
2013/03/26,4.21,4.24,4.10,4.18,2242312,24845276.00
2013/03/27,4.16,4.25,4.13,4.20,2109590,23518648.00
2013/03/28,4.19,4.19,3.83,3.87,2140441,22594290.00
2013/03/29,3.87,3.90,3.81,3.82,1126576,11588863.00
2013/04/01,3.85,3.89,3.79,3.87,655586,6736129.00
2013/04/02,3.84,3.94,3.84,3.89,574010,5953593.00
2013/04/03,3.86,3.91,3.84,3.85,588351,6093359.00
2013/04/08,3.77,3.83,3.69,3.79,1318322,13155935.00
2013/04/09,3.78,3.85,3.75,3.85,891610,9104102.00
2013/04/10,3.85,3.86,3.77,3.79,684892,6984489.00
2013/04/11,3.81,3.84,3.77,3.78,415978,4225237.00
2013/04/12,3.78,3.81,3.71,3.72,561957,5645839.00
2013/04/15,3.72,3.72,3.58,3.59,869679,8457462.00
2013/04/16,3.57,3.63,3.51,3.63,434802,4174675.00
2013/04/17,3.63,3.63,3.58,3.63,356342,3454243.00
2013/04/18,3.61,3.63,3.58,3.60,896399,8674878.00
2013/04/19,3.62,3.71,3.62,3.66,1263004,12422656.00
2013/04/22,3.65,3.68,3.58,3.61,1449951,14123051.00
2013/04/23,3.61,3.65,3.48,3.49,1782355,16910344.00
2013/04/24,3.49,3.53,3.45,3.50,1280211,12020906.00
2013/04/25,3.50,3.51,3.41,3.41,1296309,12058008.00
2013/04/26,3.41,3.45,3.38,3.39,1016703,9356366.00
2013/05/02,3.38,3.38,3.32,3.37,712458,6435935.00
2013/05/03,3.37,3.47,3.36,3.43,1002941,9265349.00
2013/05/06,3.43,3.51,3.43,3.50,928508,8673435.00
2013/05/07,3.50,3.51,3.46,3.51,1076419,10088203.00
2013/05/08,3.51,3.53,3.49,3.51,1334848,12606365.00
2013/05/09,3.51,3.54,3.41,3.43,1613356,15084212.00
2013/05/10,3.44,3.51,3.43,3.51,1341408,12542240.00
2013/05/13,3.51,3.57,3.50,3.55,1594354,15167318.00
2013/05/14,3.53,3.55,3.45,3.47,1504553,14128808.00
2013/05/15,3.47,3.51,3.45,3.51,951919,8898110.00
2013/05/16,3.49,3.54,3.47,3.53,1945117,18401776.00
2013/05/17,3.55,3.67,3.53,3.66,3804717,37023856.00
2013/05/20,3.69,3.71,3.64,3.67,2623259,25753958.00
2013/05/21,3.67,3.75,3.65,3.71,2932271,29054564.00
2013/05/22,3.71,3.73,3.62,3.63,2584321,25505556.00
2013/05/23,3.64,3.69,3.60,3.63,1627765,15922520.00
2013/05/24,3.61,3.69,3.61,3.69,1834337,18019636.00
2013/05/27,3.70,3.89,3.66,3.87,4232095,42857576.00
2013/05/28,3.89,4.12,3.85,3.91,8851037,93137376.00
2013/05/29,3.86,4.05,3.83,3.88,4947620,51178192.00
2013/05/30,3.87,3.87,3.78,3.81,3336090,33937844.00
2013/05/31,3.85,3.86,3.73,3.74,2143337,21748788.00
2013/06/03,3.66,3.77,3.66,3.73,1588460,15869307.00
2013/06/04,3.69,3.73,3.64,3.66,1327809,13111981.00
2013/06/05,3.68,3.70,3.59,3.62,1526423,14882600.00
2013/06/06,3.63,3.63,3.47,3.49,1969400,18772584.00
2013/06/07,3.48,3.53,3.37,3.39,1865849,17250224.00
2013/06/13,3.39,3.39,3.15,3.17,1999652,17519924.00
2013/06/14,3.16,3.24,3.16,3.21,1606283,13952526.00
2013/06/17,3.22,3.27,3.21,3.23,1240936,10893023.00
2013/06/18,3.24,3.29,3.23,3.26,1358011,11928534.00
2013/06/19,3.25,3.28,3.15,3.22,962394,8368597.00
2013/06/20,3.25,3.25,3.15,3.19,1480283,12728149.00
2013/06/21,3.14,3.19,3.09,3.14,1125559,9587417.00
2013/06/24,3.14,3.19,3.09,3.12,2592253,22033964.00
2013/06/25,3.09,3.09,2.85,3.05,2512002,20206762.00
2013/06/26,3.07,3.11,3.01,3.05,1292483,10680890.00
2013/06/27,3.09,3.11,3.06,3.09,1914844,15999905.00
2013/06/28,3.06,3.19,3.02,3.18,1741325,14731328.00
2013/07/01,3.18,3.23,3.11,3.14,919786,7875292.00
2013/07/02,3.14,3.18,3.12,3.16,754967,6439209.00
2013/07/03,3.09,3.20,3.05,3.18,1094122,9279582.00
2013/07/04,3.19,3.27,3.15,3.23,1317125,11476210.00
2013/07/05,3.23,3.29,3.13,3.22,810367,7060249.00
2013/07/08,3.18,3.26,3.14,3.21,1161814,10066344.00
2013/07/09,3.19,3.23,3.13,3.23,1161492,10046860.00
2013/07/10,3.24,3.34,3.21,3.33,908656,7933836.00
2013/07/11,3.32,3.43,3.29,3.39,1196043,10719908.00
2013/07/12,3.37,3.42,3.34,3.36,775101,6949504.00
2013/07/15,3.31,3.40,3.31,3.39,780146,6983794.00
2013/07/16,3.39,3.59,3.34,3.59,2869798,26495086.00
2013/07/17,3.59,3.65,3.48,3.54,2421198,22838334.00
2013/07/18,3.58,3.92,3.50,3.75,8752677,87369216.00
2013/07/19,3.49,3.76,3.49,3.72,5532264,53957468.00
2013/07/22,3.66,3.88,3.54,3.82,2519268,25121292.00
2013/07/23,3.83,3.86,3.74,3.86,2201314,22179672.00
2013/07/24,3.85,3.87,3.79,3.86,1945257,19647436.00
2013/07/25,3.89,3.89,3.76,3.79,1257720,12615194.00
2013/07/26,3.78,3.80,3.72,3.76,894936,8877324.00
2013/07/29,3.74,3.76,3.66,3.69,616137,6033720.00
2013/07/30,3.68,3.73,3.64,3.70,691072,6732900.00
2013/07/31,3.69,3.76,3.69,3.76,718649,7100096.00
2013/08/01,3.78,3.86,3.76,3.86,1105682,11218460.00
2013/08/02,3.86,3.88,3.74,3.78,1138514,11429929.00
2013/08/05,3.74,3.82,3.74,3.79,613206,6132806.00
2013/08/06,3.81,3.83,3.76,3.80,733416,7323816.00
2013/08/07,3.80,3.89,3.77,3.86,1591301,16123478.00
2013/08/08,3.85,4.11,3.82,4.03,3069120,32214304.00
2013/08/09,3.98,4.06,3.91,3.96,1148668,12006671.00
2013/08/12,3.96,3.98,3.91,3.97,1060204,11030314.00
2013/08/13,3.98,4.02,3.91,3.94,806810,8370760.00
2013/08/14,3.94,3.94,3.82,3.87,1204261,12233129.00
2013/08/15,3.88,3.92,3.83,3.88,637682,6520551.00
2013/08/16,3.87,3.90,3.76,3.81,1204934,12157720.00
2013/08/19,3.78,3.88,3.74,3.87,876913,8891703.00
2013/08/20,3.86,3.90,3.82,3.89,637945,6514230.00
2013/08/21,3.84,4.00,3.84,3.99,1357417,14202563.00
2013/08/22,4.02,4.05,3.88,3.88,2624884,27214068.00
2013/08/23,3.91,3.97,3.87,3.96,1108286,11474667.00
2013/08/26,3.96,4.00,3.93,3.96,925032,9636413.00
2013/09/06,4.32,4.32,3.82,3.91,2974898,31695180.00
2013/09/09,3.81,3.95,3.81,3.91,1661861,17004206.00
2013/09/10,3.88,3.91,3.85,3.90,867842,8893900.00
2013/09/11,3.91,3.96,3.86,3.94,1795217,18415772.00
2013/09/12,3.96,3.96,3.90,3.95,980208,10191276.00
2013/09/13,3.94,3.97,3.91,3.96,878455,9121454.00
2013/09/16,3.95,3.97,3.91,3.93,822560,8523506.00
2013/09/17,3.90,3.96,3.84,3.91,2102660,21687932.00
2013/09/18,3.91,3.91,3.84,3.87,424205,4322354.00
2013/09/23,3.82,3.90,3.82,3.88,1363177,13908905.00
2013/09/24,3.87,3.89,3.82,3.86,1266082,12867304.00
2013/09/25,3.82,3.92,3.82,3.90,820643,8400658.00
2013/09/26,3.88,3.88,3.84,3.86,921296,9363297.00
2013/09/27,3.84,4.02,3.82,3.95,1883424,19291002.00
2013/09/30,3.94,4.07,3.92,4.06,763334,8029657.00
2013/10/08,4.06,4.10,4.01,4.04,936066,9990742.00
2013/10/09,4.04,4.06,3.98,4.02,465787,4916986.00
2013/10/10,4.02,4.02,3.91,3.95,1057158,11000465.00
2013/10/11,3.99,3.99,3.92,3.96,467195,4864228.00
2013/10/14,3.96,4.05,3.92,4.05,932678,9768745.00
2013/10/15,4.05,4.13,4.02,4.12,1239811,13295477.00
2013/10/16,4.10,4.18,4.04,4.12,1435331,15608148.00
2013/10/17,4.11,4.38,4.11,4.25,2296856,25839866.00
2013/10/18,4.28,4.32,4.17,4.22,801679,8881530.00
2013/10/21,4.21,4.26,4.12,4.23,851548,9373267.00
2013/10/22,4.22,4.22,4.14,4.16,689085,7574653.00
2013/10/23,4.19,4.19,4.02,4.03,696615,7476156.00
2013/10/24,4.02,4.04,3.94,3.99,648323,6803709.00
2013/10/25,3.99,4.04,3.91,4.02,628903,6630315.00
2013/10/28,4.02,4.14,3.99,4.14,808285,8695678.00
2013/10/29,4.14,4.18,3.94,4.07,843088,8952690.00
2013/10/30,4.06,4.28,4.01,4.24,1817118,19986136.00
2013/10/31,4.18,4.23,4.10,4.10,858554,9382766.00
2013/11/01,4.05,4.32,4.02,4.22,2347696,26082758.00
2013/11/04,4.23,4.32,4.18,4.27,1473087,16380643.00
2013/11/05,4.24,4.28,4.14,4.26,1458667,16182805.00
2013/11/06,4.23,4.30,4.18,4.20,843931,9411125.00
2013/11/07,4.58,4.58,4.25,4.31,2619103,29843748.00
2013/11/08,4.26,4.35,4.06,4.14,1660128,18122680.00
2013/11/11,4.06,4.21,3.80,4.18,786637,8498919.00
2013/11/12,4.12,4.21,4.12,4.15,537204,5874315.00
2013/11/13,4.15,4.15,4.04,4.08,507793,5448140.00
2013/11/14,4.02,4.10,4.02,4.08,409378,4380743.00
2013/11/15,4.08,4.21,4.08,4.21,996301,10924679.00
2013/11/18,4.23,4.28,4.15,4.26,981916,10914469.00
2013/11/19,4.26,4.26,4.11,4.20,562463,6224278.00
2013/11/20,4.18,4.49,4.17,4.44,2417640,27664196.00
2013/11/21,4.40,4.40,4.30,4.40,1333018,15252727.00
2013/11/22,4.36,4.44,4.28,4.29,1019147,11630667.00
2013/11/25,4.25,4.42,4.24,4.35,874819,10016888.00
2013/11/26,4.35,4.54,4.32,4.50,2259857,26628158.00
2013/11/27,4.45,4.50,4.36,4.39,1792279,20734564.00
2013/11/28,4.36,4.44,4.34,4.38,928140,10661066.00
2013/11/29,4.38,4.42,4.34,4.36,633204,7262425.00
2013/12/02,4.31,4.36,4.04,4.12,1932015,21481064.00
2013/12/03,4.13,4.24,4.06,4.20,1106917,12105433.00
2013/12/04,4.20,4.34,4.18,4.25,1019255,11440180.00
2013/12/05,4.31,4.36,4.27,4.30,1064764,12070483.00
2013/12/06,4.34,4.34,4.23,4.27,582595,6508246.00
2013/12/09,4.25,4.36,4.23,4.33,950694,10727170.00
2013/12/10,4.36,4.38,4.30,4.34,955328,10885819.00
2013/12/11,4.37,4.48,4.32,4.40,1527839,17641260.00
2013/12/12,4.38,4.57,4.38,4.56,3350807,39618864.00
2013/12/13,4.54,4.77,4.53,4.71,4350218,53289464.00
2013/12/16,4.75,4.77,4.60,4.71,1962600,24003640.00
2013/12/17,4.82,4.82,4.59,4.65,2320125,28526644.00
2013/12/18,4.62,4.71,4.38,4.44,2044741,24417350.00
2013/12/19,4.38,4.56,4.18,4.36,4593573,52704064.00
2013/12/20,4.18,4.33,4.13,4.28,1624111,18212644.00
2013/12/23,4.25,4.37,4.25,4.34,717958,8148718.00
2013/12/24,4.46,4.48,4.32,4.36,764120,8823537.00
2013/12/25,4.34,4.40,4.25,4.32,1048051,11860707.00
2013/12/26,4.27,4.35,4.18,4.26,1157226,12857987.00
2013/12/27,4.21,4.38,4.21,4.34,1264501,14320397.00
2013/12/30,4.34,4.39,4.29,4.34,501563,5686869.00
2013/12/31,4.35,4.36,4.28,4.34,394790,4481594.00
2014/01/02,4.34,4.38,4.27,4.30,508375,5744390.00
2014/01/03,4.28,4.30,4.24,4.27,451405,5051600.00
2014/01/06,4.26,4.26,4.20,4.21,824720,9161591.00
2014/01/07,4.26,4.27,4.20,4.22,349510,3876286.00
2014/01/08,4.22,4.28,4.14,4.22,810876,8993658.00
2014/01/09,4.24,4.24,4.16,4.17,401911,4423446.00
2014/01/10,4.22,4.24,4.11,4.16,276031,3015716.00
2014/01/13,4.12,4.25,4.09,4.16,191319,2087784.00
2014/01/14,4.14,4.23,4.09,4.22,201011,2206914.00
2014/01/15,4.20,4.25,4.19,4.24,143006,1583032.00
2014/01/16,4.20,4.40,4.20,4.38,1389884,15808579.00
2014/01/17,4.30,4.39,4.30,4.36,386503,4418803.00
2014/01/20,4.33,4.38,4.30,4.35,234894,2664285.00
2014/01/21,4.38,4.39,4.32,4.38,316093,3602555.00
2014/01/22,4.37,4.42,4.30,4.41,609551,6968295.00
2014/01/23,4.39,4.42,4.34,4.41,416154,4786173.00
2014/01/24,4.41,4.52,4.39,4.46,634088,7408881.00
2014/01/27,4.44,4.51,4.40,4.44,343350,4007788.00
2014/01/28,4.40,4.50,4.37,4.45,515026,6008905.00
2014/01/29,4.53,4.54,4.43,4.46,426469,4988973.00
2014/01/30,4.48,4.48,4.38,4.46,345200,3994818.00
2014/02/07,4.45,4.53,4.39,4.52,525572,6145024.00
2014/02/10,4.54,4.66,4.49,4.64,739231,8852491.00
2014/02/11,4.61,4.64,4.58,4.62,942531,11351423.00
2014/02/12,4.62,4.68,4.60,4.66,435007,5292342.00
2014/02/13,4.66,4.81,4.61,4.66,1026694,12655498.00
2014/02/14,4.65,4.74,4.59,4.66,696321,8502155.00
2014/02/17,4.66,4.70,4.61,4.62,1080467,13108437.00
2014/02/18,4.60,4.74,4.54,4.72,988307,12071973.00
2014/02/19,4.71,4.71,4.64,4.66,600766,7338888.00
2014/02/20,4.66,4.70,4.50,4.58,654534,7849509.00
2014/02/21,4.52,4.57,4.43,4.52,371645,4379712.00
2014/02/24,4.46,4.58,4.40,4.52,361636,4239037.00
2014/02/25,4.51,4.56,4.38,4.46,577650,6720481.00
2014/02/26,4.46,4.46,4.36,4.45,339229,3918483.00
2014/02/27,4.51,4.52,4.42,4.45,550195,6427587.00
2014/02/28,4.45,4.53,4.40,4.51,562499,6579347.00
2014/03/03,4.50,4.60,4.48,4.56,879305,10492658.00
2014/03/04,4.57,4.57,4.47,4.54,540886,6374273.00
2014/03/05,4.55,4.58,4.49,4.57,438225,5203201.00
2014/03/06,4.56,4.64,4.52,4.56,1024926,12277837.00
2014/03/07,4.52,4.54,4.46,4.47,479700,5648360.00
2014/03/10,4.45,4.45,4.30,4.34,573400,6546795.00
2014/03/11,4.21,4.33,4.21,4.29,241064,2724737.00
2014/03/12,4.28,4.33,4.23,4.30,273397,3072363.00
2014/03/13,4.32,4.36,4.32,4.34,177522,2020876.00
2014/03/14,4.36,4.36,4.28,4.34,199700,2263715.00
2014/03/17,4.33,4.45,4.24,4.44,372026,4286252.00
2014/03/18,4.46,4.48,4.42,4.46,211296,2466976.00
2014/03/19,4.46,4.58,4.38,4.56,804452,9499442.00
2014/03/20,4.58,4.58,4.45,4.52,323067,3817161.00
2014/03/21,4.43,4.58,4.42,4.57,304303,3606708.00
2014/03/24,4.58,4.58,4.50,4.50,326560,3877931.00
2014/03/25,4.50,4.58,4.49,4.53,251425,2982165.00
2014/03/26,4.52,4.62,4.49,4.56,319551,3812001.00
2014/03/27,4.56,4.62,4.54,4.58,465702,5595167.00
2014/03/28,4.54,4.60,4.50,4.53,319710,3787810.00
2014/03/31,4.51,4.68,4.51,4.66,1087134,13127697.00
2014/04/01,4.68,4.70,4.59,4.66,736850,8960795.00
2014/04/02,4.62,4.66,4.56,4.61,589467,7110236.00
2014/04/03,4.62,4.64,4.54,4.63,371389,4460380.00
2014/04/04,4.63,4.68,4.60,4.63,318816,3861157.00
2014/04/08,4.56,4.65,4.53,4.64,584158,7037867.00
2014/04/09,4.60,4.77,4.60,4.76,1159917,14229352.00
2014/04/10,4.76,4.82,4.71,4.79,1272708,15861732.00
2014/04/11,4.80,4.80,4.70,4.80,1048427,13023882.00
2014/04/15,5.30,5.30,5.30,5.30,347011,4781812.00
2014/04/16,5.85,5.85,5.85,5.85,697444,10573251.00
2014/04/17,6.42,6.42,5.84,6.12,33216901,519927200.00
2014/04/18,5.93,5.98,5.73,5.79,15501218,235076528.00
2014/04/21,5.66,5.86,5.66,5.78,15463337,232742416.00
2014/04/22,5.80,5.86,5.54,5.67,7924200,116809800.00
2014/04/23,5.63,5.82,5.63,5.72,7532569,112013960.00
2014/04/24,5.69,5.78,5.55,5.56,9418736,139044736.00
2014/04/25,5.53,5.60,5.43,5.52,7406517,106647184.00
2014/04/28,5.42,5.44,5.17,5.18,5820236,79987104.00
2014/04/29,5.20,5.32,5.10,5.25,6837192,93068632.00
2014/04/30,5.26,5.34,5.18,5.23,8764963,119813768.00
2014/05/05,5.22,5.43,5.17,5.36,8515876,118204752.00
2014/05/06,5.34,5.41,5.29,5.32,7037944,97783328.00
2014/05/07,5.32,5.32,5.10,5.10,7294128,98516760.00
2014/05/08,5.08,5.28,5.04,5.19,7943992,107548368.00
2014/05/09,5.16,5.22,4.99,5.10,7075996,94311168.00
2014/05/12,5.15,5.23,5.11,5.20,8922897,120700360.00
2014/05/13,5.32,5.32,5.18,5.21,9814134,133518216.00
2014/05/14,5.14,5.21,5.07,5.20,6004826,80465744.00
2014/05/15,5.20,5.70,5.16,5.49,19221037,269982240.00
2014/05/16,5.48,5.62,5.41,5.58,18407282,264454768.00
2014/05/19,5.63,5.66,5.24,5.38,12643268,70824000.00
2014/05/20,5.16,5.48,5.05,5.13,33050559,178930400.00
2014/05/21,5.08,5.10,4.91,4.97,14575744,74920856.00
2014/05/22,4.97,5.06,4.89,4.91,12923475,66417072.00
2014/05/23,4.90,5.01,4.66,4.89,30422534,150484672.00
2014/05/26,4.85,5.29,4.85,5.22,59165765,307021248.00
2014/05/27,5.27,5.38,5.12,5.29,46826980,253103584.00
2014/05/28,5.23,5.43,5.21,5.24,43723491,239815664.00
2014/05/29,5.28,5.29,5.01,5.14,21114057,111522008.00
2014/05/30,5.07,5.23,5.01,5.09,13289777,70084640.00
2014/06/03,5.08,5.21,4.83,4.85,15495186,79608256.00
2014/06/04,4.86,5.05,4.74,5.00,15089001,76535736.00
2014/06/05,4.96,5.22,4.96,5.12,20233548,106729920.00
2014/06/06,5.10,5.31,5.07,5.26,27475573,148144320.00
2014/06/10,5.23,5.28,5.03,5.19,20037683,107136296.00
2014/06/11,5.17,5.26,5.14,5.17,10668001,57232128.00
2014/06/12,5.17,5.18,5.02,5.03,17264357,90618808.00
2014/06/13,5.05,5.22,4.97,5.10,14378494,75762992.00
2014/06/16,5.09,5.15,5.04,5.08,6122191,32121436.00
2014/06/17,5.06,5.08,4.99,5.01,6084818,31558400.00
2014/06/18,5.02,5.36,5.01,5.27,35517018,191539680.00
2014/06/19,5.21,5.40,5.01,5.20,22138071,119433720.00
2014/06/20,5.11,5.14,5.02,5.07,7939476,41661656.00
2014/06/23,5.07,5.14,5.00,5.08,8117741,42444780.00
2014/06/24,5.07,5.08,5.01,5.03,7167274,37303008.00
2014/06/25,5.03,5.12,4.85,5.00,13505323,69122592.00
2014/06/26,4.99,5.05,4.95,4.99,7829289,40551240.00
2014/06/27,5.00,5.08,4.93,4.99,8741229,45153604.00
2014/06/30,5.01,5.03,4.97,4.99,5596158,28921082.00
2014/07/01,5.08,5.08,5.00,5.04,9340920,48667832.00
2014/07/02,5.04,5.09,4.97,5.06,8112121,42086308.00
2014/07/03,5.05,5.06,4.99,5.03,9229000,47957548.00
2014/07/04,5.03,5.04,4.97,4.99,6081478,31393726.00
2014/07/07,4.99,5.33,4.90,5.23,29024590,154193104.00
2014/07/08,5.33,5.33,5.10,5.15,26162666,140283440.00
2014/07/09,5.10,5.18,4.93,4.95,18972336,98663128.00
2014/07/10,4.96,5.03,4.92,4.97,8518097,43739512.00
2014/07/11,4.97,4.98,4.93,4.97,7993581,40954616.00
2014/07/14,4.95,4.97,4.90,4.96,8521952,43501448.00
2014/07/15,4.98,5.00,4.94,4.97,5947866,30517372.00
2014/07/16,4.97,4.97,4.94,4.95,4752184,24324948.00
2014/07/17,4.95,4.95,4.91,4.93,4450447,22669160.00
2014/07/18,5.08,5.41,5.03,5.17,57382888,309855616.00
2014/07/21,5.08,5.12,4.99,5.00,19585189,101964432.00
2014/07/22,4.97,5.00,4.92,5.00,13617155,69963184.00
2014/07/23,5.00,5.00,4.93,4.94,10793526,55268276.00
2014/07/24,4.94,4.98,4.92,4.96,7968198,40792952.00
2014/07/25,4.96,4.99,4.95,4.98,6762118,34764436.00
2014/07/28,4.99,5.11,4.99,5.11,15595144,81614192.00
2014/07/29,5.12,5.20,5.07,5.15,17916552,95013272.00
2014/07/30,5.15,5.29,5.11,5.24,22903370,123704152.00
2014/07/31,5.28,5.28,5.17,5.24,13706472,73663856.00
2014/08/01,5.22,5.26,5.12,5.13,14916763,80137656.00
2014/08/04,5.11,5.24,5.10,5.23,10936948,58631772.00
2014/08/05,5.24,5.24,5.19,5.24,11443825,61653656.00
2014/08/06,5.23,5.58,5.19,5.50,34613884,192620352.00
2014/08/07,5.44,5.51,5.31,5.34,23843350,132949488.00
2014/08/08,5.33,5.39,5.27,5.33,10975567,60365896.00
2014/08/11,5.32,5.45,5.32,5.44,14125736,78928664.00
2014/08/12,5.44,5.63,5.43,5.61,22395189,128414048.00
2014/08/13,5.71,5.76,5.49,5.60,19678359,113828384.00
2014/08/14,5.58,5.60,5.48,5.49,16627862,94612808.00
2014/08/15,5.46,5.56,5.44,5.53,10168492,57871668.00
2014/08/18,5.55,5.73,5.54,5.73,21868068,127072488.00
2014/08/19,5.78,5.79,5.64,5.68,18458709,108010128.00
2014/08/20,5.67,5.75,5.60,5.73,16606918,97252840.00
2014/08/21,5.72,5.72,5.54,5.66,15221698,88447288.00
2014/08/22,5.66,5.73,5.62,5.69,14304289,83540000.00
2014/08/25,5.69,6.28,5.69,6.28,43206983,270944896.00
2014/08/26,6.55,6.93,6.55,6.93,100214580,702809728.00
2014/08/27,6.96,7.64,6.93,7.64,57192216,434088416.00
2014/08/28,8.12,8.12,6.86,6.88,94005041,701376192.00
2014/08/29,6.68,6.76,6.50,6.63,53251047,360247072.00
2014/09/01,6.63,7.31,6.50,7.18,65572208,463486368.00
2014/09/02,7.12,7.46,6.89,7.27,68871350,509523456.00
2014/09/03,7.21,7.45,6.99,7.25,53498709,393281056.00
2014/09/04,7.18,7.30,7.08,7.22,33194653,244453280.00
2014/09/05,7.24,7.62,7.09,7.48,59505028,451531232.00
2014/09/09,7.44,7.55,7.33,7.44,35418868,269166240.00
2014/09/10,7.38,7.38,7.16,7.26,30482983,226117472.00
2014/09/11,7.28,7.46,7.22,7.36,28673845,214690608.00
2014/09/12,7.31,7.41,7.23,7.37,19010802,142351232.00
2014/09/15,7.37,7.39,7.25,7.38,20160232,151022288.00
2014/09/16,7.37,7.38,6.88,6.92,26249715,192675008.00
2014/09/17,6.91,6.98,6.68,6.94,17556829,123242264.00
2014/09/18,6.92,6.96,6.85,6.89,8137514,57526004.00
2014/09/19,6.91,6.94,6.84,6.92,7124505,50425168.00
2014/09/22,6.91,6.93,6.79,6.82,7667042,53780180.00
2014/09/23,6.84,6.94,6.84,6.90,7707371,54547076.00
2014/09/24,6.90,7.11,6.84,7.06,13896803,99577176.00
2014/09/25,7.04,7.12,6.99,7.04,12248847,88505376.00
2014/09/26,6.98,7.03,6.90,7.02,8520067,60836176.00
2014/09/29,7.02,7.11,6.99,7.10,11846693,85463408.00
2014/09/30,7.13,7.16,7.06,7.10,10111930,73554376.00
2014/10/08,7.10,7.25,7.09,7.24,13509718,99585952.00
2014/10/09,7.23,7.28,7.14,7.26,13273474,98013880.00
2014/10/10,7.27,7.27,7.11,7.14,9703421,71197568.00
2014/10/13,7.10,7.10,6.93,7.01,8731134,62571260.00
2014/10/14,7.01,7.05,6.93,6.96,9304842,66579528.00
2014/10/15,6.96,7.02,6.86,6.99,10172858,72126512.00
2014/10/16,7.02,7.02,6.78,6.79,10701798,75661880.00
2014/10/17,6.77,6.78,6.46,6.69,9759729,66377588.00
2014/10/20,6.69,6.77,6.69,6.76,4996367,34488968.00
2014/10/21,6.77,7.19,6.70,6.98,22584618,162382912.00
2014/10/22,6.91,7.02,6.75,6.76,8837936,62356172.00
2014/10/23,6.73,6.80,6.48,6.52,7966532,53842772.00
2014/10/24,6.52,6.61,6.48,6.58,4440737,29832600.00
2014/10/27,6.56,6.64,6.51,6.58,5014055,33817992.00
2014/10/28,6.56,6.76,6.56,6.74,5632186,38626272.00
2014/10/29,6.76,6.96,6.75,6.89,11694583,82379200.00
2014/10/30,6.88,7.08,6.79,7.04,16500907,117878024.00
2014/10/31,7.04,7.08,6.90,6.95,10261336,73154880.00
2014/11/03,6.95,7.02,6.94,7.01,9753711,69805856.00
2014/11/04,7.02,7.08,6.94,6.95,7866437,56248760.00
2014/11/05,6.96,7.00,6.88,6.89,6682881,47338404.00
2014/11/06,6.89,6.93,6.80,6.88,6787476,47704036.00
2014/11/07,6.90,7.03,6.86,7.00,14046000,100375984.00
2014/11/10,7.03,7.11,6.96,7.02,9877735,70854616.00
2014/11/11,7.03,7.03,6.60,6.66,13465307,93941488.00
2014/11/12,6.63,6.72,6.53,6.72,7223170,49134660.00
2014/11/13,6.70,6.70,6.53,6.56,6516786,43954068.00
2014/11/14,6.60,6.64,6.55,6.62,3963343,26881100.00
2014/11/17,6.65,6.73,6.60,6.72,4381164,29956532.00
2014/11/18,6.70,6.75,6.65,6.69,3436174,23551404.00
2014/11/19,6.69,6.69,6.60,6.63,4118212,27990388.00
2014/11/20,6.61,6.69,6.59,6.62,3668130,24946760.00
2014/11/21,6.58,6.65,6.58,6.63,4010132,27231414.00
2014/11/24,6.73,6.73,6.64,6.70,6437990,44131876.00
2014/11/25,6.68,6.74,6.64,6.74,8702935,59794148.00
2014/11/26,6.76,7.18,6.74,7.12,34341476,247421040.00
2014/11/27,7.18,7.42,7.03,7.06,26003110,191337328.00
2014/11/28,7.07,7.09,6.93,7.01,12015062,85953056.00
2014/12/01,7.00,7.00,6.86,6.93,11241761,79646040.00
2014/12/02,6.89,7.09,6.88,6.98,13233860,95302032.00
2014/12/03,6.99,7.08,6.91,7.06,15319534,109725120.00
2014/12/04,7.09,7.60,7.03,7.38,38369951,286265504.00
2014/12/05,7.39,7.55,6.84,7.19,26330746,194963008.00
2014/12/08,7.17,7.38,7.10,7.36,23965365,177848000.00
2014/12/09,7.33,7.98,7.29,7.57,63999944,504316032.00
2014/12/10,7.53,7.89,7.46,7.75,55835613,439127136.00
2014/12/11,7.78,7.83,7.53,7.64,29531100,231038192.00
2014/12/12,7.59,7.87,7.48,7.72,31994987,251664672.00
2014/12/15,7.63,7.66,7.53,7.65,16190433,125499880.00
2014/12/16,7.63,7.76,7.56,7.64,22352596,174845264.00
2014/12/17,7.62,7.64,7.29,7.31,21261457,160969184.00
2014/12/18,7.32,7.39,7.24,7.38,9612573,72077904.00
2014/12/19,7.36,7.48,7.15,7.27,13495459,101043824.00
2014/12/22,7.20,7.41,6.94,7.05,15602246,114971864.00
2014/12/23,7.07,7.13,6.83,7.12,13042888,93002536.00
2014/12/24,7.11,7.27,7.07,7.14,8770956,64254716.00
2014/12/25,7.20,7.36,7.07,7.25,13383219,99258648.00
2014/12/26,7.26,7.41,7.26,7.32,9816949,73685440.00
2014/12/29,7.31,7.37,7.16,7.26,13120798,97900432.00
2014/12/30,7.40,7.75,7.28,7.54,37719472,291671648.00
2014/12/31,7.47,7.59,7.21,7.38,16337386,123064832.00
2015/01/05,7.38,8.14,7.34,8.13,79756527,647760448.00
2015/01/06,7.98,8.79,7.97,8.61,89508195,757781760.00
2015/01/07,8.48,8.58,8.33,8.44,55196018,474850656.00
2015/01/08,8.51,8.51,8.27,8.45,32692027,280088768.00
2015/01/09,8.37,8.93,8.23,8.45,83082453,729407232.00
2015/01/12,8.38,8.45,8.19,8.34,45411450,386259424.00
2015/01/13,8.32,8.66,8.22,8.47,76795707,660491200.00
2015/01/14,8.40,8.49,8.31,8.36,23528709,200944112.00
2015/01/15,8.35,8.48,8.28,8.36,42384773,362929920.00
2015/01/16,8.49,8.49,8.15,8.16,34916612,294921472.00
2015/01/19,8.08,8.18,7.92,8.05,30054561,246916976.00
2015/01/20,7.98,8.87,7.98,8.87,99032373,867106176.00
2015/01/21,8.85,8.97,8.70,8.84,59362823,534248512.00
2015/01/22,8.82,9.63,8.79,9.37,101528920,946624704.00
2015/01/23,9.32,9.54,9.11,9.44,80548200,763630144.00
2015/01/26,9.30,9.53,9.10,9.24,78186072,736412736.00
2015/01/27,9.31,9.53,8.75,9.42,58928044,547952960.00
2015/01/28,9.33,9.33,8.91,8.93,53070029,490015104.00
2015/01/29,8.89,8.96,8.55,8.59,29641747,262365248.00
2015/01/30,8.59,8.68,8.24,8.34,19805647,169956240.00
2015/02/02,8.20,8.33,8.03,8.33,13835019,115737744.00
2015/02/03,8.41,8.43,8.20,8.35,11895779,101015208.00
2015/02/04,8.33,8.45,8.25,8.26,13002553,110748600.00
2015/02/05,8.35,8.36,7.94,7.95,17523196,145092832.00
2015/02/06,7.87,7.87,7.52,7.57,15307098,120436848.00
2015/02/09,7.55,7.71,7.46,7.67,7625257,59287608.00
2015/02/10,7.62,7.89,7.62,7.77,8486633,67513384.00
2015/02/11,7.69,7.82,7.63,7.66,7309499,57677872.00
2015/02/12,7.66,7.82,7.66,7.79,6482884,51443692.00
2015/02/13,7.81,7.98,7.81,7.93,8994675,72706240.00
2015/02/16,7.93,8.12,7.93,8.11,7159386,59030688.00
2015/02/17,8.14,8.17,7.96,8.08,6541800,53646772.00
2015/02/25,8.12,8.12,7.88,7.91,7568800,61684280.00
2015/02/26,7.83,8.03,7.83,8.02,7944590,64313216.00
2015/02/27,8.02,8.05,7.94,7.98,9517602,77585872.00
2015/03/02,8.01,8.33,7.98,8.31,19313995,161207232.00
2015/03/03,8.27,8.31,8.14,8.27,13558072,113944048.00
2015/03/04,8.26,8.38,8.19,8.33,12216404,103076048.00
2015/03/05,8.33,8.35,8.11,8.15,11660281,97624808.00
2015/03/06,8.16,8.22,7.94,7.97,10601812,87099424.00
2015/03/09,7.94,8.02,7.80,8.00,8268896,66695632.00
2015/03/10,8.02,8.08,7.93,8.04,7697605,63095216.00
2015/03/11,8.03,8.07,7.89,7.93,9432017,76702424.00
2015/03/12,7.93,8.18,7.88,8.07,10837316,89059296.00
2015/03/13,8.05,8.28,8.05,8.27,13201783,110473360.00
2015/03/16,8.33,8.49,8.31,8.42,20670454,177484608.00
2015/03/17,8.47,8.51,8.31,8.43,22437161,192702960.00
2015/03/18,8.46,8.88,8.41,8.77,29127304,256697984.00
2015/03/19,8.76,8.94,8.55,8.88,28583528,255319728.00
2015/03/20,8.85,8.97,8.69,8.74,19834465,177667248.00
2015/03/23,8.81,8.88,8.73,8.81,20745900,185719216.00
2015/03/24,8.82,8.86,8.33,8.59,26868898,235464016.00
2015/03/25,8.59,8.67,8.43,8.57,17632438,153625536.00
2015/03/26,8.59,8.83,8.59,8.83,29822946,266681328.00
2015/03/27,8.87,9.09,8.87,8.89,22302666,203271968.00
2015/03/30,8.90,8.97,8.80,8.91,23692593,213781904.00
2015/03/31,8.89,8.93,8.63,8.72,24566804,219307024.00
2015/04/01,8.73,8.88,8.65,8.82,20928935,187482224.00
2015/04/02,8.80,9.20,8.76,9.18,36863650,337671040.00
2015/04/03,9.08,9.20,8.96,9.17,25374100,234581840.00
2015/04/07,9.17,9.41,9.07,9.35,31523110,296405952.00
2015/04/08,9.33,9.33,8.93,9.05,29475991,273328736.00
2015/04/09,9.04,9.04,8.48,8.69,26412001,234874576.00
2015/04/10,8.63,8.80,8.53,8.78,18437374,164521456.00
2015/04/13,8.79,9.04,8.72,9.00,29188506,264679904.00
2015/04/14,8.98,9.33,8.91,9.19,35699635,332235584.00
2015/04/15,9.20,9.22,8.63,8.67,24776233,224352176.00
2015/04/16,8.53,8.85,8.43,8.77,15589933,138219872.00
2015/04/17,8.83,9.00,8.83,8.89,23390484,212265760.00
2015/04/20,8.88,8.88,8.60,8.63,22225718,197614144.00
2015/04/21,8.61,8.93,8.58,8.93,18753181,168664576.00
2015/04/22,8.97,9.31,8.93,9.19,34277505,318601280.00
2015/04/23,9.19,9.60,9.13,9.43,40723200,389616416.00
2015/04/24,9.23,9.40,9.08,9.26,27974078,263165328.00
2015/04/27,9.25,9.56,9.24,9.42,32218648,308604256.00
2015/04/28,9.43,9.48,8.93,8.94,23744235,220248656.00
2015/04/29,8.93,9.08,8.88,9.04,14425383,132497560.00
2015/04/30,9.03,9.13,8.84,8.92,19805085,181139824.00
2015/05/04,8.92,9.41,8.81,9.39,30807156,287487008.00
2015/05/05,9.41,9.41,8.83,8.85,24283135,224195344.00
2015/05/06,8.83,9.03,8.33,8.47,16956972,150990448.00
2015/05/07,8.43,8.51,7.95,8.04,15507249,130190768.00
2015/05/08,8.13,8.30,8.04,8.29,10783123,90003368.00
2015/05/11,8.32,8.53,8.27,8.53,14012470,120333400.00
2015/05/12,8.54,8.68,8.45,8.58,16790312,146505088.00
2015/05/13,8.55,8.58,8.38,8.52,14957345,129337336.00
2015/05/14,8.51,8.80,8.45,8.69,18440059,162023728.00
2015/05/15,8.69,8.69,8.32,8.34,13431535,116207032.00
2015/05/18,8.28,8.51,8.21,8.44,10749093,92185096.00
2015/05/19,8.46,8.76,8.45,8.71,14875221,130930776.00
2015/05/20,8.74,9.17,8.65,9.06,31466322,287174752.00
2015/05/21,9.05,9.14,8.83,9.12,28524746,261707984.00
2015/05/22,9.23,10.05,9.05,10.05,61313596,603782016.00
2015/05/25,10.32,10.79,9.93,10.50,67479907,705808192.00
2015/05/26,10.49,10.81,10.23,10.67,47330570,507826112.00
2015/05/27,10.60,10.77,10.31,10.52,34070604,362989600.00
2015/05/28,10.53,11.10,9.64,9.72,39420310,419564320.00
2015/05/29,9.84,10.08,9.08,10.00,37918003,376718240.00
2015/06/01,10.08,10.93,10.08,10.78,38719526,415353728.00
2015/06/02,10.78,11.61,10.72,11.26,38723210,439505888.00
2015/06/03,11.27,11.92,10.60,11.62,43501098,496562304.00
2015/06/04,11.68,11.98,10.81,11.91,36637014,428575168.00
2015/06/05,11.94,12.27,11.53,11.79,32660659,394431008.00
2015/06/08,11.79,11.82,11.17,11.48,31248548,363336864.00
2015/06/09,11.36,12.23,11.24,12.09,35958100,429353376.00
2015/06/10,11.85,12.09,11.63,11.98,29676407,357492608.00
2015/06/11,11.93,11.93,11.66,11.88,18168700,217080592.00
2015/06/12,11.93,13.09,11.89,13.09,29004444,369332640.00
2015/06/15,14.03,14.03,13.07,13.21,60201322,823978944.00
2015/06/16,13.18,13.18,12.13,12.43,30598290,395632480.00
2015/06/17,12.43,12.91,11.53,12.80,28157116,347439232.00
2015/06/18,12.73,13.01,11.94,12.01,22156638,282626848.00
2015/06/19,11.63,11.83,10.79,10.79,19467874,221131440.00
2015/06/23,10.35,10.77,9.71,10.54,19481617,204528688.00
2015/06/24,10.68,11.29,10.60,11.07,22413468,249286048.00
2015/06/25,11.06,11.09,10.05,10.35,19212215,210085984.00
2015/06/26,10.08,10.08,9.30,9.30,20863451,203777952.00
2015/06/29,9.66,9.74,8.37,8.39,20318165,183141424.00
2015/06/30,8.38,9.15,7.59,9.14,22282013,188137056.00
2015/07/01,9.15,9.28,8.22,8.22,20979527,188066912.00
2015/07/02,7.90,7.90,7.39,7.39,45327956,345321472.00
2015/07/03,6.81,7.05,6.64,6.64,39194182,268408736.00
2015/07/06,7.30,7.30,5.97,5.97,57644113,372366752.00
2015/07/07,5.60,5.60,5.36,5.36,24010273,131627888.00
2015/07/08,4.81,4.81,4.81,4.81,8106300,39801932.00
2015/07/09,4.34,5.30,4.34,5.30,67786420,347952032.00
2015/07/10,5.56,5.84,5.38,5.84,36044065,210552432.00
2015/07/13,6.35,6.43,6.05,6.43,51177361,327857792.00
2015/07/14,6.50,7.02,6.29,6.60,123805484,839388992.00
2015/07/15,6.22,6.47,5.93,5.93,54091789,334703360.00
2015/07/16,5.44,6.25,5.40,5.98,50085234,300514304.00
2015/07/17,6.07,6.58,5.98,6.51,51814212,332249280.00
2015/07/20,6.55,6.84,6.35,6.59,60232408,403808960.00
2015/07/21,6.42,6.76,6.39,6.61,45452912,304587008.00
2015/07/22,6.62,6.88,6.50,6.82,63394003,432129856.00
2015/07/23,6.80,7.38,6.75,7.31,71794102,517006304.00
2015/07/24,7.30,7.43,6.95,7.11,80148149,588469632.00
2015/07/27,6.85,7.25,6.39,6.39,51909130,360811904.00
2015/07/28,5.90,6.43,5.74,5.94,53772144,326012288.00
2015/07/29,6.10,6.54,5.87,6.52,40045768,249120944.00
2015/07/30,6.48,6.70,6.20,6.30,45356336,300110464.00
2015/07/31,6.11,6.36,5.96,6.07,28684203,179502112.00
2015/08/03,5.92,6.03,5.50,5.72,37456097,219415648.00
2015/08/04,5.75,6.27,5.75,6.25,37361121,227937536.00
2015/08/05,6.21,6.29,5.97,6.21,44395517,277865728.00
2015/08/06,6.17,6.19,6.04,6.09,25934619,161063088.00
2015/08/07,6.16,6.36,6.12,6.31,37826136,240858304.00
2015/08/10,6.40,6.85,6.34,6.77,47398921,317688096.00
2015/08/11,6.76,6.98,6.66,6.83,58505307,406168416.00
2015/08/12,6.71,6.88,6.65,6.66,39805767,272767744.00
2015/08/13,6.60,7.00,6.60,6.98,50518677,348480736.00
2015/08/14,7.06,7.26,6.94,7.08,60292389,435002784.00
2015/08/17,7.06,7.50,7.00,7.47,58096519,426273760.00
2015/08/18,7.49,7.52,6.71,6.71,70194313,505214720.00
2015/08/19,6.40,6.96,6.10,6.90,54107292,359802464.00
2015/08/20,6.75,7.14,6.72,6.80,51974069,365983296.00
2015/08/21,6.70,6.80,6.27,6.43,37559787,250341184.00
2015/08/24,5.91,6.17,5.78,5.78,28449613,169598208.00
2015/08/25,5.21,5.52,5.19,5.19,29410447,158314576.00
2015/08/26,5.31,5.53,5.00,5.13,34370161,184888304.00
2015/08/27,5.29,5.51,5.16,5.50,31985108,173234208.00
2015/08/28,5.61,6.06,5.60,6.06,27315275,164341440.00
2015/08/31,6.15,6.32,5.98,6.09,45439725,283894880.00
2015/09/01,5.98,6.05,5.47,5.54,29836634,174778352.00
2015/09/02,5.34,5.76,5.00,5.32,21114526,115867440.00
2015/09/07,5.54,5.70,5.45,5.61,27084970,153991744.00
2015/09/08,5.59,6.18,5.51,6.18,73201200,450240320.00
2015/09/09,6.25,6.49,6.13,6.31,61931638,397556096.00
2015/09/10,6.20,6.28,6.04,6.07,30554316,191316448.00
2015/09/11,6.08,6.67,6.07,6.43,66988100,436098368.00
2015/09/14,6.39,6.42,5.78,5.78,61055014,373202304.00
2015/09/15,5.50,5.77,5.20,5.41,33303818,185047280.00
2015/09/16,5.43,5.96,5.43,5.96,45042976,266409856.00
2015/09/17,6.06,6.47,5.87,5.92,75561086,479565696.00
2015/09/18,5.95,6.04,5.47,5.95,64533086,378670048.00
2015/09/21,5.79,6.12,5.65,6.05,38059751,230069328.00
2015/09/22,6.06,6.32,6.01,6.15,46622574,293259744.00
2015/09/23,6.00,6.13,5.86,5.95,30634110,186521520.00
2015/09/24,5.91,6.24,5.91,6.18,31761898,196378016.00
2015/09/25,6.10,6.29,5.90,5.96,31822400,196800560.00
2015/09/28,5.96,6.13,5.83,6.12,18396775,111806368.00
2015/09/29,5.99,6.05,5.91,5.95,16191030,98411712.00
2015/09/30,6.00,6.55,5.93,6.22,71540107,460669856.00
2015/10/08,6.37,6.55,6.25,6.47,63339134,413506976.00
2015/10/09,6.40,6.62,6.35,6.47,49960873,327786624.00
2015/10/12,6.49,6.84,6.41,6.73,54394414,368099616.00
2015/10/13,6.67,6.76,6.55,6.72,41822274,282655424.00
2015/10/14,6.65,6.71,6.45,6.46,35273615,235261872.00
2015/10/15,6.40,6.72,6.40,6.67,36544453,245229824.00
2015/10/16,6.74,6.77,6.51,6.74,45774747,310159680.00
2015/10/19,6.75,6.95,6.66,6.92,57573219,398717600.00
2015/10/20,6.95,7.58,6.77,7.44,91370507,662136512.00
2016/02/25,6.70,7.38,6.69,6.69,44722371,306266912.00
2016/02/26,6.10,6.25,6.01,6.01,66072174,406775936.00
2016/02/29,5.78,5.78,5.40,5.40,29531603,165044560.00
2016/03/01,5.20,5.40,4.98,5.35,37625628,200712672.00
2016/03/02,5.25,5.58,5.17,5.51,47532140,260330496.00
2016/03/03,5.46,5.55,5.42,5.44,34744816,193658464.00
2016/03/04,5.41,5.53,5.07,5.15,35509819,192417072.00
2016/03/07,5.12,5.30,5.12,5.24,25765218,137305696.00
2016/03/08,5.22,5.23,4.96,5.17,23008925,119130304.00
2016/03/09,5.06,5.09,4.98,5.04,17879120,91832360.00
2016/03/10,5.05,5.15,5.00,5.07,17539386,90646624.00
2016/03/11,5.01,5.06,4.98,5.02,14159964,72536104.00
2016/03/14,5.04,5.24,5.04,5.18,24982364,131473168.00
2016/03/15,5.15,5.18,5.07,5.09,17346176,90485920.00
2016/03/16,5.11,5.15,5.00,5.03,15186387,78418952.00
2016/03/17,5.06,5.15,5.00,5.12,20518039,106486200.00
2016/03/18,5.13,5.34,5.12,5.27,32783887,174875728.00
2016/03/21,5.31,5.48,5.30,5.43,36933297,202157200.00
2016/03/22,5.39,5.58,5.35,5.46,46347173,259506592.00
2016/03/23,5.46,5.55,5.40,5.47,23978706,133399768.00
2016/03/24,5.41,5.45,5.26,5.29,25237210,137944192.00
2016/03/25,5.27,5.41,5.26,5.40,17391850,94530416.00
2016/03/28,5.41,5.48,5.35,5.38,24519192,135511376.00
2016/03/29,5.36,5.40,5.15,5.20,20608039,110309840.00
2016/03/30,5.24,5.36,5.22,5.35,17607129,95039544.00
2016/03/31,5.39,5.40,5.29,5.34,22843069,124231000.00
2016/04/01,5.30,5.44,5.26,5.42,28310347,155040912.00
2016/04/05,5.42,5.54,5.38,5.52,30904954,172337072.00
2016/04/06,5.50,5.59,5.45,5.54,33589311,188370336.00
2016/04/07,5.56,5.58,5.40,5.41,25450363,141940832.00
2016/04/08,5.37,5.38,5.27,5.35,19042655,103246784.00
2016/04/11,5.39,5.56,5.37,5.51,25832411,144041696.00
2016/04/12,5.47,5.51,5.40,5.48,17350234,96192496.00
2016/04/13,5.51,5.63,5.49,5.53,32330201,183432112.00
2016/04/14,5.56,5.64,5.52,5.59,25487613,144750864.00
2016/04/15,5.59,5.66,5.57,5.64,24000287,137278592.00
2016/04/18,5.60,5.64,5.47,5.53,19202074,108131584.00
2016/04/19,5.57,5.66,5.54,5.59,21446380,122152024.00
2016/04/20,5.61,5.64,5.11,5.26,33272820,181316528.00
2016/04/21,5.23,5.31,5.15,5.20,17857508,95255480.00
2016/04/22,5.19,5.23,5.12,5.22,10876625,57373256.00
2016/04/25,5.22,5.22,5.05,5.16,11555166,60510560.00
2016/04/26,5.16,5.31,5.12,5.26,12652194,67026056.00
2016/04/27,5.24,5.37,5.22,5.32,17904349,96719424.00
2016/04/28,5.30,5.34,5.12,5.25,13261568,70547720.00
2016/04/29,5.21,5.29,5.16,5.25,8138150,43443920.00
2016/05/03,5.23,5.36,5.20,5.36,13100597,70966824.00
2016/05/04,5.31,5.42,5.31,5.37,12591633,68850048.00
2016/05/05,5.37,5.42,5.33,5.40,11859391,64998408.00
2016/05/06,5.40,5.43,5.16,5.20,18763015,100832616.00
2016/05/09,5.14,5.17,4.92,4.95,14643756,73953168.00
2016/05/10,4.96,5.00,4.88,4.92,9470606,46925116.00
2016/05/11,4.93,4.97,4.82,4.85,9612549,47411584.00
2016/05/12,4.81,4.82,4.66,4.79,9639242,45987368.00
2016/05/13,4.79,4.82,4.69,4.73,8746253,41913528.00
2016/05/16,4.72,4.82,4.68,4.82,8865129,42523112.00
2016/05/17,4.83,4.84,4.74,4.79,6846783,32982092.00
2016/05/18,4.76,4.76,4.57,4.63,9997599,46747008.00
2016/05/19,4.60,4.70,4.59,4.61,6721083,31447724.00
2016/05/20,4.59,4.67,4.54,4.67,5713944,26532042.00
2016/05/23,4.63,4.74,4.63,4.71,6040454,28565168.00
2016/05/24,4.71,4.73,4.62,4.65,5800180,27161020.00
2016/05/25,4.67,4.73,4.62,4.69,7714130,36276788.00
2016/05/26,4.68,4.70,4.56,4.67,8324869,38704484.00
2016/05/27,4.66,4.72,4.63,4.69,6833405,32192404.00
2016/05/30,4.68,4.71,4.62,4.70,4734599,22270104.00
2016/05/31,4.68,4.91,4.68,4.87,14678089,71230656.00
2016/06/01,4.85,4.94,4.85,4.87,12307628,60610516.00
2016/06/02,4.87,4.91,4.84,4.90,7698285,37795680.00
2016/06/03,4.88,4.99,4.88,4.98,12971337,64543048.00
2016/06/06,4.98,5.03,4.94,4.95,9689995,48667448.00
2016/06/07,4.95,4.97,4.88,4.92,8375107,41363648.00
2016/06/08,4.90,4.94,4.83,4.90,8159728,40060980.00
2016/06/13,4.87,4.88,4.54,4.65,8897084,42868884.00
2016/06/14,4.65,4.71,4.62,4.67,5993273,28173256.00
2016/06/15,4.66,4.88,4.63,4.83,9117992,43958120.00
2016/06/16,4.82,4.84,4.77,4.79,6838916,33064102.00
2016/06/17,4.79,4.86,4.77,4.83,8802394,42754168.00
2016/06/20,4.82,4.83,4.73,4.79,6453249,31009138.00
2016/06/21,4.82,4.91,4.75,4.77,8881133,43172968.00
2016/06/22,4.77,4.84,4.72,4.83,5420665,26098454.00
2016/06/23,4.83,4.83,4.77,4.80,4581736,22116052.00
2016/06/24,4.78,4.83,4.66,4.71,9482175,45175232.00
2016/06/27,4.68,4.79,4.63,4.79,5435726,25986316.00
2016/06/28,4.76,5.09,4.74,5.00,32986785,164387712.00
2016/06/29,4.99,5.42,4.98,5.27,51625023,270127456.00
2016/06/30,5.25,5.42,5.17,5.23,25620897,135536416.00
2016/07/01,5.22,5.34,5.17,5.24,16384173,86588624.00
2016/07/04,5.18,5.42,5.18,5.33,36803418,197313920.00
2016/07/05,5.33,5.49,5.28,5.35,31298595,169864912.00
2016/07/06,5.27,5.44,5.22,5.25,19172523,101771760.00
2016/07/07,5.23,5.32,5.10,5.15,30063908,156598352.00
2016/07/08,5.15,5.17,5.12,5.14,8576889,44418544.00
2016/07/11,5.14,5.21,5.12,5.13,11201662,58135248.00
2016/07/12,5.13,5.38,5.02,5.21,32706877,171634016.00
2016/07/13,5.33,5.47,5.20,5.24,36530284,194032160.00
2016/07/14,5.17,5.24,5.17,5.21,13628551,71277872.00
2016/07/15,5.21,5.26,5.16,5.19,9188757,48035424.00
2016/07/18,5.19,5.19,5.12,5.14,7724848,39987952.00
2016/07/19,5.13,5.22,5.13,5.18,7466553,38874276.00
2016/07/20,5.18,5.20,5.15,5.16,7462896,38816592.00
2016/07/21,5.18,5.23,5.15,5.22,13721686,71726352.00
2016/07/22,5.20,5.22,5.11,5.12,10871716,56400536.00
2016/07/25,5.10,5.16,5.09,5.14,6982097,35991204.00
2016/07/26,5.13,5.19,5.11,5.18,7628122,39513496.00
2016/07/27,5.19,5.21,4.93,4.98,17576309,89641088.00
2016/07/28,4.97,5.01,4.93,4.98,12019284,60144640.00
2016/07/29,4.98,4.99,4.93,4.94,4727802,23597276.00
2016/08/01,4.94,4.94,4.80,4.84,7080646,34529092.00
2016/08/02,4.85,4.90,4.83,4.89,4712200,23089504.00
2016/08/03,4.87,4.99,4.87,4.96,6643622,33090978.00
2016/08/04,4.97,5.00,4.95,4.99,5478506,27442568.00
2016/08/05,4.98,5.07,4.97,5.02,6739558,34102000.00
2016/08/08,5.01,5.07,4.97,5.06,5741865,29054648.00
2016/08/09,5.04,5.12,5.03,5.10,5883387,30131212.00
2016/08/10,5.08,5.11,5.05,5.06,4962554,25353876.00
2016/08/11,5.05,5.10,4.98,5.05,6376450,32335496.00
2016/08/12,5.02,5.08,4.99,5.07,5665846,28737800.00
2016/08/15,5.05,5.20,5.05,5.15,12226970,63196456.00
2016/08/16,5.16,5.20,5.12,5.16,7581927,39373204.00
2016/08/17,5.16,5.19,5.13,5.17,7695346,39971240.00
2016/08/18,5.18,5.22,5.17,5.20,8089947,42290192.00
2016/08/19,5.20,5.21,5.15,5.17,6461095,33636264.00
2016/08/22,5.19,5.20,5.10,5.10,7659000,39541616.00
2016/08/23,5.11,5.18,5.10,5.16,7478755,38757008.00
2016/08/24,5.16,5.26,5.16,5.19,8634713,45240692.00
2016/08/25,5.15,5.17,5.05,5.12,10472821,53791580.00
2016/08/26,5.13,5.18,5.12,5.15,6657267,34491156.00
2016/08/29,5.14,5.24,5.14,5.20,7738500,40476764.00
2016/08/30,5.20,5.24,5.17,5.20,5773246,30217088.00
2016/08/31,5.22,5.22,5.15,5.19,4908445,25550022.00
2016/09/01,5.20,5.22,5.14,5.14,7403616,38682924.00
2016/09/02,5.16,5.24,5.16,5.22,9681646,50662048.00
2016/09/05,5.22,5.28,5.20,5.25,10404738,54916896.00
2016/09/06,5.25,5.29,5.18,5.28,11191374,59061832.00
2016/09/07,5.27,5.38,5.26,5.30,14289142,76604064.00
2016/09/08,5.33,5.41,5.29,5.39,11814907,63333340.00
2016/09/09,5.42,5.45,5.35,5.37,14880254,80652432.00
2016/09/12,5.31,5.31,5.16,5.18,11626579,61100760.00
2016/09/13,5.22,5.39,5.19,5.37,15296811,81343992.00
2016/09/14,5.33,5.40,5.26,5.29,12063394,64661344.00
2016/09/19,5.29,5.35,5.26,5.31,9598027,51145168.00
2016/09/20,5.32,5.32,5.24,5.31,7339903,38964312.00
2016/09/21,5.30,5.40,5.27,5.37,14550648,78395520.00
2016/09/22,5.38,5.41,5.34,5.35,10644601,57441692.00
2016/09/23,5.35,5.38,5.31,5.33,5884311,31575726.00
2016/09/26,5.30,5.32,5.20,5.21,9799867,51839764.00
2016/09/27,5.21,5.24,5.12,5.21,11781909,61473608.00
2016/09/28,5.22,5.22,5.13,5.16,9318504,48302192.00
2016/09/29,5.16,5.21,5.15,5.18,6594361,34393280.00
2016/09/30,5.17,5.24,5.17,5.21,5395101,28245836.00
2016/10/10,5.22,5.36,5.21,5.34,9273419,49287876.00
2016/10/11,5.33,5.36,5.30,5.36,7751674,41651288.00
2016/10/12,5.34,5.41,5.32,5.35,10033305,54086544.00
2016/10/13,5.41,5.52,5.36,5.46,19039238,104276552.00
2016/10/14,5.43,5.44,5.33,5.38,11822294,63892912.00
2016/10/17,5.39,5.44,5.29,5.32,10923028,58957108.00
2016/10/18,5.32,5.44,5.28,5.43,8206454,44387724.00
2016/10/19,5.44,5.47,5.38,5.40,7632523,41562548.00
2016/10/20,5.40,5.46,5.39,5.45,8500957,46422320.00
2016/10/21,5.45,5.46,5.33,5.40,10007981,54255760.00
2016/10/24,5.41,5.50,5.38,5.48,16094383,88231568.00
2016/10/25,5.49,5.52,5.44,5.51,11754832,64865016.00
2016/10/26,5.50,5.54,5.45,5.47,12260454,67594584.00
2016/10/27,5.45,5.51,5.44,5.51,9243725,50894972.00
2016/10/28,5.55,5.56,5.37,5.38,11094526,60735264.00
2016/10/31,5.37,5.44,5.33,5.41,8717681,47273280.00
2016/11/01,5.42,5.46,5.40,5.46,8337068,45540772.00
2016/11/02,5.44,5.46,5.37,5.39,8240296,44842192.00
2016/11/03,5.38,5.57,5.37,5.55,18207388,100486752.00
2016/11/04,5.77,5.91,5.45,5.51,33289057,188171408.00
2016/11/07,5.45,5.53,5.44,5.51,17497134,96511824.00
2016/11/08,5.51,5.60,5.49,5.57,14447650,80774304.00
2016/11/09,5.58,5.70,5.51,5.61,22565369,127367408.00
2016/11/10,5.64,5.83,5.62,5.73,24493960,140789008.00
2016/11/11,5.74,5.90,5.68,5.78,23087424,134541104.00
2016/11/14,5.76,5.78,5.70,5.77,16939491,97694984.00
2016/11/15,5.76,5.86,5.73,5.76,11488299,66667088.00
2016/11/16,5.74,5.83,5.71,5.72,11415345,66147096.00
2016/11/17,5.71,5.80,5.67,5.78,11843511,68575176.00
2016/11/18,5.77,5.80,5.70,5.72,9086265,52360096.00
2016/11/21,5.72,5.76,5.69,5.75,9729283,56031848.00
2016/11/22,5.73,5.88,5.73,5.85,16316978,95553440.00
2016/11/23,5.88,6.01,5.79,5.85,25051725,148423296.00
2016/11/24,5.85,5.85,5.68,5.73,16909267,98070656.00
2016/11/25,5.71,5.76,5.61,5.71,11123017,63399216.00
2016/11/28,5.72,5.86,5.70,5.80,10993252,64016304.00
2016/11/29,5.81,5.81,5.70,5.70,10263368,59330148.00
2016/11/30,5.70,5.75,5.64,5.73,10219921,58478848.00
2016/12/01,5.69,5.75,5.68,5.73,7638593,43890184.00
2016/12/02,5.73,5.78,5.62,5.62,11420317,65493752.00
2016/12/05,5.57,5.60,5.49,5.52,8194913,45579904.00
2016/12/06,5.56,5.58,5.52,5.53,4658494,25957904.00
2016/12/07,5.53,5.63,5.49,5.63,7225757,40468736.00
2016/12/08,5.62,5.64,5.54,5.56,6406069,35962672.00
2016/12/09,5.56,5.59,5.54,5.55,4712200,26369832.00
2016/12/12,5.56,5.57,5.20,5.23,11759400,63579212.00
2016/12/13,5.26,5.27,5.16,5.25,6284585,32968528.00
2016/12/14,5.25,5.29,5.19,5.27,6339751,33471108.00
2016/12/15,5.25,5.38,5.24,5.36,7036034,37676708.00
2016/12/16,5.37,5.44,5.34,5.40,5045030,27353592.00
2016/12/19,5.41,5.49,5.37,5.41,7327200,40024056.00
2016/12/20,5.44,5.44,5.37,5.42,5279565,28706068.00
2016/12/21,5.39,5.52,5.39,5.51,7524407,41391304.00
2016/12/29,5.27,5.52,5.27,5.42,11528136,62631420.00
2016/12/30,5.41,5.50,5.38,5.47,5092402,27905768.00
2017/01/03,5.48,5.61,5.48,5.57,8882472,49716312.00
2017/01/04,5.59,5.62,5.53,5.59,5556203,31234112.00
2017/01/05,5.58,5.64,5.57,5.57,6272707,35333744.00
2017/01/06,5.57,5.70,5.56,5.63,8129121,46162896.00
2017/01/09,5.68,5.82,5.67,5.76,14458181,83703648.00
2017/01/10,5.76,5.78,5.68,5.71,7309516,42046456.00
2017/01/11,5.71,5.79,5.60,5.61,6943399,39621664.00
2017/01/12,5.59,5.67,5.58,5.59,4816598,27240032.00
2017/01/13,5.59,5.72,5.58,5.59,9436949,53701792.00
2017/01/16,5.58,5.61,5.17,5.38,11425783,62095068.00
2017/01/17,5.34,5.44,5.25,5.44,6536152,35266696.00
2017/01/18,5.38,5.45,5.38,5.39,4976867,27078636.00
2017/01/19,5.38,5.40,5.29,5.35,3465684,18638386.00
2017/01/20,5.32,5.49,5.30,5.46,5798644,31703244.00
2017/01/23,5.46,5.56,5.44,5.51,4819431,26694256.00
2017/01/24,5.52,5.61,5.51,5.56,5117367,28613316.00
2017/01/25,5.53,5.60,5.52,5.58,3593322,20131756.00
2017/01/26,5.58,5.61,5.55,5.59,2533793,14222937.00
2017/02/03,5.60,5.61,5.50,5.51,3032820,16852944.00
2017/02/06,5.52,5.63,5.49,5.63,5227245,29307896.00
2017/02/07,5.63,5.68,5.59,5.66,4900911,27776336.00
2017/02/08,5.65,5.72,5.57,5.71,6318255,35916912.00
2017/02/16,5.59,5.97,5.48,5.77,37132835,213522848.00
2017/02/17,5.73,6.27,5.72,5.94,50024576,299262336.00
2017/02/20,5.91,6.10,5.84,5.98,33881504,202091040.00
2017/02/21,5.95,6.02,5.86,5.95,24403799,145315760.00
2017/02/22,5.91,5.93,5.85,5.90,19948855,117911664.00
2017/02/23,5.90,6.05,5.85,5.95,25618799,152985328.00
2017/02/24,5.92,6.07,5.85,5.99,23621907,141516672.00
2017/02/27,6.00,6.08,5.79,5.81,21200933,126219096.00
2017/02/28,5.84,5.85,5.73,5.81,15427416,89588352.00
2017/03/01,5.77,5.83,5.75,5.81,14639771,85149144.00
2017/03/02,5.80,5.81,5.68,5.75,15056300,86878400.00
2017/03/03,5.70,5.73,5.65,5.68,10782273,61488428.00
2017/03/06,5.67,5.74,5.64,5.73,10132057,58075848.00
2017/03/07,5.73,5.76,5.70,5.75,9298043,53519204.00
2017/03/08,5.74,5.80,5.68,5.71,9635339,55618488.00
2017/03/09,5.72,5.72,5.63,5.71,8561800,48928468.00
2017/03/10,5.69,5.71,5.63,5.67,7232018,41267404.00
2017/03/13,5.65,5.68,5.58,5.67,9220818,52304792.00
2017/03/14,5.68,5.69,5.65,5.68,5861510,33428022.00
2017/03/15,5.66,5.69,5.64,5.68,6085781,34676128.00
2017/03/16,5.67,5.75,5.67,5.72,9530837,54726180.00
2017/03/17,5.72,5.78,5.67,5.67,11051900,63636800.00
2017/03/20,5.63,5.69,5.63,5.68,7519229,42833640.00
2017/03/21,5.68,5.72,5.65,5.71,5793796,33165700.00
2017/03/22,5.67,5.72,5.59,5.65,7932257,45102404.00
2017/03/23,5.63,5.70,5.60,5.63,5969604,33890008.00
2017/03/24,5.62,5.64,5.50,5.58,13143257,73486352.00
2017/03/27,5.57,5.63,5.56,5.58,6635945,37296308.00
2017/03/28,5.54,5.59,5.49,5.51,6614216,36843160.00
2017/03/29,5.52,5.58,5.48,5.53,7191704,40069532.00
2017/03/30,5.52,5.63,5.39,5.49,13136705,72699872.00
2017/03/31,5.47,5.70,5.45,5.57,16267660,91611104.00
2017/04/05,5.55,5.64,5.42,5.62,14957892,83539840.00
2017/04/06,5.61,5.67,5.57,5.63,11713196,66197524.00
2017/04/07,5.62,5.64,5.59,5.63,7393126,41733564.00
2017/04/10,5.65,5.66,5.53,5.56,7259239,40705968.00
2017/04/11,5.54,5.60,5.47,5.60,10426293,58073792.00
2017/04/12,5.58,5.67,5.52,5.67,13975555,78990072.00
2017/04/13,5.64,5.75,5.62,5.71,13907914,79735944.00
2017/04/14,5.69,5.86,5.61,5.63,18786499,108064496.00
2017/04/17,5.60,5.61,5.45,5.50,11400345,63141520.00
2017/04/18,5.49,5.52,5.38,5.41,7519587,41274256.00
2017/04/19,5.37,5.39,5.18,5.28,9458979,50041612.00
2017/04/20,5.29,5.33,5.15,5.23,5123234,26982784.00
2017/04/21,5.26,5.30,5.22,5.25,3630673,19219526.00
2017/04/24,5.23,5.25,4.93,4.94,10358925,52370684.00
2017/04/25,4.95,5.02,4.95,4.97,4699200,23572052.00
2017/04/26,4.99,5.02,4.95,4.99,6207620,31098868.00
2017/04/27,4.97,4.97,4.77,4.94,8408601,41183772.00
2017/04/28,4.95,5.06,4.95,5.02,7796715,39309468.00
2017/05/02,5.02,5.15,5.02,5.14,8276400,42423364.00
2017/05/03,5.16,5.19,5.08,5.11,6141100,31692038.00
2017/05/04,5.09,5.18,5.07,5.12,3660550,18903572.00
2017/05/05,5.11,5.15,4.98,4.98,4456809,22737736.00
2017/05/08,4.96,5.03,4.91,4.92,3608828,18025296.00
2017/05/09,4.93,5.06,4.92,5.05,7152108,35795352.00
2017/05/10,5.02,5.09,4.93,4.95,4544136,22957428.00
2017/05/11,4.92,4.95,4.77,4.91,5826295,28486668.00
2017/05/12,4.91,4.99,4.89,4.94,3796023,18798098.00
2017/05/15,4.94,4.99,4.93,4.96,3682239,18355350.00
2017/05/16,4.97,5.05,4.85,5.05,5586252,27869028.00
2017/05/17,5.05,5.11,5.02,5.04,4473600,22775664.00
2017/05/18,5.01,5.07,4.98,5.03,3697019,18706366.00
2017/05/19,5.04,5.06,5.00,5.04,3967474,20103304.00
2017/05/22,5.02,5.08,4.91,4.95,4383483,22026476.00
2017/05/23,4.92,4.95,4.77,4.78,5007158,24383626.00
2017/05/24,4.74,4.82,4.68,4.81,3310641,15836791.00
2017/05/25,4.81,4.87,4.70,4.85,4780962,23099340.00
2017/05/26,4.84,4.92,4.81,4.84,3359526,16456509.00
2017/05/31,4.87,4.92,4.78,4.80,5312670,25968158.00
2017/06/01,4.80,4.81,4.62,4.66,5309296,25183128.00
2017/06/02,4.64,4.71,4.56,4.70,6018412,28059460.00
2017/06/05,4.70,4.75,4.68,4.72,5337790,25300632.00
2017/06/06,4.70,4.75,4.68,4.75,4088531,19430384.00
2017/06/07,4.75,4.86,4.72,4.82,8948255,43250004.00
2017/06/08,4.80,4.83,4.74,4.78,5303606,25559316.00
2017/06/09,4.77,4.81,4.72,4.78,4529547,21709150.00
2017/06/12,4.77,4.78,4.63,4.66,6032466,28486404.00
2017/06/13,4.66,4.75,4.65,4.74,3921372,18635466.00
2017/06/14,4.79,4.82,4.71,4.75,4549032,21840306.00
2017/06/15,4.74,4.85,4.74,4.84,6500356,31516248.00
2017/06/16,4.83,4.85,4.80,4.82,3831164,18586992.00
2017/06/19,4.82,4.92,4.81,4.89,6777185,33002156.00
2017/06/20,4.89,4.92,4.87,4.88,3430948,16784148.00
2017/06/21,4.89,4.92,4.86,4.91,2805322,13713612.00
2017/06/22,4.90,4.93,4.80,4.82,5199500,25421332.00
2017/06/23,4.81,4.84,4.71,4.81,4933651,23467984.00
2017/06/26,4.80,4.87,4.75,4.87,4724658,22772848.00
2017/06/27,4.86,4.90,4.82,4.87,3269827,15893044.00
2017/06/28,4.86,4.86,4.79,4.81,3485148,16800940.00
2017/06/29,4.82,4.87,4.81,4.84,4522162,21907328.00
2017/06/30,4.84,4.87,4.81,4.84,4073499,19715776.00
2017/07/03,4.83,4.92,4.83,4.90,4614922,22534010.00
2017/07/04,4.89,4.91,4.84,4.85,4525713,22046350.00
2017/07/05,4.85,4.91,4.84,4.91,4712824,23036868.00
2017/07/06,4.90,4.96,4.88,4.94,4954688,24375088.00
2017/07/07,4.92,5.00,4.90,4.99,6149926,30425064.00
2017/07/10,4.98,5.07,4.96,5.03,6560080,32913820.00
2017/07/11,5.02,5.03,4.93,4.95,5199084,25902048.00
2017/07/12,4.95,4.98,4.83,4.90,5161287,25252668.00
2017/07/13,4.90,4.96,4.86,4.95,3718882,18307576.00
2017/07/14,4.93,4.96,4.89,4.92,3295162,16210281.00
2017/07/17,4.92,4.92,4.61,4.67,7134261,33872256.00
2017/07/18,4.63,4.74,4.63,4.74,4353005,20361524.00
2017/07/19,4.72,4.83,4.69,4.82,5384238,25663780.00
2017/07/20,4.80,4.90,4.80,4.84,6360500,30910508.00
2017/07/21,4.85,4.89,4.83,4.87,4551925,22118480.00
2017/07/24,4.87,4.93,4.84,4.93,5720840,27953840.00
2017/07/25,4.90,5.18,4.89,5.00,13353104,67069660.00
2017/07/26,4.97,5.04,4.90,4.95,7248807,35883832.00
2017/07/27,4.92,5.07,4.91,5.07,8995225,45171888.00
2017/07/28,5.07,5.07,4.98,5.00,7030800,35268040.00
2017/08/02,4.97,4.97,4.97,4.97,0,0.00
数据来源:通达信
