600221 海航控股 日线 前复权
      日期	    开盘	    最高	    最低	    收盘	    成交量	    成交额
2010/10/08,2.70,2.80,2.68,2.77,63602740,381752736.00
2010/10/11,2.75,2.96,2.75,2.87,119765269,748969472.00
2010/10/12,2.85,3.00,2.83,2.94,83779384,533608832.00
2010/10/13,2.92,2.93,2.85,2.89,59670045,373839200.00
2010/10/14,2.92,2.99,2.87,2.89,83317226,529996896.00
2010/10/15,2.85,3.18,2.83,3.11,124357353,818327872.00
2010/10/18,3.12,3.31,3.00,3.08,122268938,834016768.00
2010/10/19,3.05,3.17,3.01,3.14,56319280,376323648.00
2010/10/20,3.07,3.30,3.06,3.19,85109051,587164800.00
2010/10/21,3.19,3.20,3.00,3.08,58434607,391652736.00
2010/10/22,3.07,3.28,2.99,3.21,99681311,678385856.00
2010/10/25,3.21,3.50,3.18,3.42,110191205,793784832.00
2010/10/26,3.41,3.79,3.38,3.79,138272567,1084214016.00
2010/10/27,3.90,4.13,3.80,3.85,148969663,1244180480.00
2010/10/28,3.83,4.00,3.80,3.90,87180333,722660992.00
2010/10/29,3.94,4.13,3.85,4.09,104868657,888949824.00
2010/11/01,4.04,4.25,3.91,4.16,98521062,854868992.00
2010/11/02,4.14,4.19,3.96,3.97,60308365,521549632.00
2010/11/03,3.96,4.00,3.82,3.85,45620331,376586208.00
2010/11/04,3.89,4.26,3.88,4.22,74969410,647905344.00
2010/11/05,4.23,4.52,4.13,4.40,75122708,691811328.00
2010/11/09,4.44,4.86,4.44,4.86,113638391,1137055488.00
2010/11/10,4.86,5.03,4.65,4.78,98645015,998829568.00
2010/11/11,4.71,4.92,4.62,4.76,56053834,566657152.00
2010/11/12,4.74,4.75,4.26,4.34,65587386,617102400.00
2010/11/16,4.43,4.56,4.10,4.19,83858933,768766144.00
2010/11/17,4.22,4.42,4.05,4.25,56127039,509064224.00
2010/11/18,4.31,4.37,4.02,4.19,36031676,318365120.00
2010/11/19,4.25,4.51,4.14,4.50,65914231,610981760.00
2010/11/22,4.50,4.53,4.37,4.48,61903062,583549632.00
2010/11/23,4.44,4.48,4.14,4.25,42605621,385238912.00
2010/11/24,4.16,4.47,4.14,4.43,35390350,325424416.00
2010/11/25,4.49,4.86,4.49,4.62,76635570,762871424.00
2010/11/26,4.64,4.81,4.60,4.66,50220590,497891040.00
2010/11/29,4.71,4.86,4.63,4.77,36135222,361483968.00
2010/11/30,4.77,4.77,4.27,4.48,59160465,561586048.00
2010/12/01,4.49,4.62,4.43,4.50,24241078,230839632.00
2010/12/02,4.60,4.85,4.55,4.76,55635625,553747840.00
2010/12/03,4.82,4.85,4.33,4.68,55409627,531538816.00
2010/12/06,4.70,4.70,4.45,4.52,31745044,305183712.00
2010/12/07,4.52,4.57,4.35,4.51,27187479,254228784.00
2010/12/08,4.50,4.71,4.40,4.53,31046821,300489312.00
2010/12/09,4.49,4.49,4.26,4.34,41419855,381937504.00
2010/12/10,4.34,4.41,4.25,4.36,26854503,246323408.00
2010/12/13,4.44,4.49,4.39,4.49,41886788,392867200.00
2010/12/14,4.50,4.73,4.46,4.60,51514370,502780576.00
2010/12/15,4.60,4.71,4.56,4.63,42111900,410612032.00
2010/12/16,4.62,4.80,4.58,4.75,68352765,679865088.00
2010/12/17,4.71,4.77,4.65,4.71,31820041,314386624.00
2010/12/20,4.74,4.75,4.35,4.48,65511961,622441088.00
2010/12/22,4.59,4.73,4.56,4.60,60526665,591674688.00
2010/12/23,4.60,4.63,4.44,4.45,43608920,417648480.00
2010/12/24,4.51,4.55,4.29,4.35,46601173,432462208.00
2010/12/28,4.20,4.24,3.89,4.00,59543607,509501152.00
2010/12/29,3.98,4.02,3.76,4.00,44711878,369111424.00
2010/12/30,3.94,4.08,3.89,4.04,33341741,282192128.00
2010/12/31,4.07,4.24,4.00,4.23,31555350,275638560.00
2011/01/04,4.25,4.29,4.12,4.20,40503121,360939616.00
2011/01/05,4.20,4.20,4.06,4.08,34036098,296336320.00
2011/01/06,4.07,4.11,4.00,4.01,25035145,215045792.00
2011/01/07,4.00,4.08,3.95,4.03,20193546,173375632.00
2011/01/10,4.05,4.06,3.91,3.91,16480417,139380432.00
2011/01/11,3.91,3.91,3.77,3.84,20761473,169161936.00
2011/01/12,3.85,3.93,3.85,3.92,13896914,115045712.00
2011/01/13,3.95,4.05,3.95,4.02,21404729,182406736.00
2011/01/14,4.04,4.04,3.86,3.87,22552283,188328016.00
2011/01/17,3.82,3.82,3.59,3.61,35698936,282111104.00
2011/01/18,3.57,3.58,3.45,3.57,19434726,146328032.00
2011/01/19,3.56,3.70,3.52,3.68,19518836,150781056.00
2011/01/20,3.67,3.67,3.43,3.44,21449511,162581968.00
2011/01/21,3.37,3.52,3.37,3.49,16799098,124785328.00
2011/01/24,3.49,3.52,3.35,3.38,17182755,125990160.00
2011/01/25,3.41,3.44,3.36,3.40,10031967,73070816.00
2011/01/26,3.41,3.63,3.39,3.62,35278793,267906256.00
2011/01/27,3.57,3.79,3.54,3.70,34907301,274388576.00
2011/01/31,3.74,3.79,3.68,3.72,23377486,186238192.00
2011/02/01,3.75,3.75,3.61,3.66,18010945,141071392.00
2011/02/09,3.64,3.67,3.56,3.58,16390227,126655376.00
2011/02/10,3.57,3.72,3.55,3.69,22437307,175174080.00
2011/02/11,3.69,3.76,3.65,3.70,26926975,212958528.00
2011/02/14,3.73,4.02,3.73,3.92,47320054,394400352.00
2011/02/15,3.92,4.07,3.90,3.93,43831292,373283936.00
2011/02/16,3.93,4.02,3.90,3.97,27157793,229538848.00
2011/02/17,4.05,4.13,3.94,4.04,32867509,281025536.00
2011/02/18,4.04,4.04,3.90,3.93,23616964,198779456.00
2011/02/21,3.86,3.95,3.81,3.95,33297748,275418720.00
2011/02/22,3.99,4.01,3.75,3.77,37013353,302847776.00
2011/02/23,3.75,3.75,3.65,3.74,23670028,187324752.00
2011/02/24,3.69,3.83,3.66,3.77,30330974,242814240.00
2011/02/25,3.76,3.78,3.68,3.72,21636680,171811424.00
2011/02/28,3.73,3.82,3.67,3.80,23345652,186645232.00
2011/03/01,3.81,3.96,3.79,3.88,38802026,320847904.00
2011/03/02,3.84,3.84,3.74,3.80,25170651,203158608.00
2011/03/03,3.79,3.80,3.67,3.69,31501471,250685632.00
2011/03/04,3.69,3.79,3.69,3.79,17926142,143166880.00
2011/03/07,3.79,3.91,3.75,3.86,57378496,469666624.00
2011/03/08,3.85,3.86,3.71,3.83,39573523,321351072.00
2011/03/09,3.84,3.86,3.80,3.83,22766566,185851360.00
2011/03/10,3.82,3.82,3.77,3.78,18239736,147210432.00
2011/03/11,3.75,3.81,3.75,3.76,17970580,144696144.00
2011/03/14,3.75,3.87,3.71,3.87,35330935,287152992.00
2011/03/15,3.89,3.90,3.64,3.77,40317529,322290880.00
2011/03/16,3.78,3.82,3.74,3.79,25060609,202214608.00
2011/03/17,3.76,3.76,3.67,3.69,27532079,217833040.00
2011/03/18,3.72,3.72,3.66,3.67,19506734,153614720.00
2011/03/21,3.67,3.67,3.60,3.64,21925179,169886368.00
2011/03/22,3.72,3.84,3.72,3.79,54080646,436840736.00
2011/03/24,3.81,3.84,3.70,3.78,41028564,330606816.00
2011/03/25,3.85,4.17,3.85,4.02,109252851,934508416.00
2011/03/28,4.07,4.08,3.95,3.99,49534783,421416704.00
2011/03/29,3.99,4.09,3.95,3.97,41368974,352649216.00
2011/03/30,3.96,4.00,3.83,3.91,30672766,254583728.00
2011/03/31,3.89,3.94,3.81,3.83,21816662,178952736.00
2011/04/01,3.82,3.86,3.78,3.85,19564642,159086944.00
2011/04/06,3.83,3.83,3.75,3.79,29773188,240139216.00
2011/04/07,3.75,3.82,3.70,3.80,25389634,203189168.00
2011/04/08,3.80,3.81,3.75,3.80,25275559,203647424.00
2011/04/11,3.80,3.80,3.72,3.72,38651490,309788416.00
2011/04/13,3.90,3.92,3.82,3.84,60660283,499904768.00
2011/04/14,3.83,3.87,3.81,3.83,26840446,219545520.00
2011/04/15,3.83,3.87,3.81,3.87,32199697,264289376.00
2011/04/18,3.88,4.02,3.88,3.99,66303140,559962880.00
2011/04/19,3.95,3.98,3.87,3.90,38111715,318309792.00
2011/04/20,4.01,4.07,3.90,3.99,57294501,483744512.00
2011/04/21,3.97,3.99,3.88,3.98,56961586,478112768.00
2011/04/22,3.97,4.34,3.91,4.14,135187378,1198061056.00
2011/04/25,4.15,4.29,4.07,4.12,82913592,736680000.00
2011/04/26,4.07,4.24,3.97,4.23,62441005,544158144.00
2011/04/27,4.24,4.38,4.18,4.31,94916053,861487616.00
2011/04/28,4.32,4.34,4.05,4.06,61735711,549613440.00
2011/04/29,4.04,4.32,4.01,4.32,81686622,735171776.00
2011/05/03,4.35,4.41,4.28,4.35,77420441,711983232.00
2011/05/04,4.30,4.32,4.17,4.19,51488819,460602048.00
2011/05/05,4.18,4.27,4.10,4.13,34387395,304722496.00
2011/05/06,4.20,4.30,4.13,4.17,43139618,384850240.00
2011/05/09,4.19,4.20,4.05,4.07,42465981,368722304.00
2011/05/10,4.05,4.05,3.94,4.03,33051461,280751776.00
2011/05/11,4.08,4.21,4.02,4.13,62169859,540846208.00
2011/05/12,4.10,4.16,3.98,3.99,33700275,291311552.00
2011/05/13,3.97,4.02,3.84,3.92,35196688,293115904.00
2011/05/16,3.93,3.94,3.84,3.86,22708103,187184864.00
2011/05/17,3.85,3.89,3.73,3.84,27286617,221352768.00
2011/05/18,3.82,3.87,3.79,3.87,15605096,127701808.00
2011/05/19,3.87,3.87,3.78,3.79,15621973,127111112.00
2011/05/20,3.80,3.81,3.74,3.76,13418930,107779696.00
2011/05/23,3.76,3.77,3.55,3.56,23060695,179313808.00
2011/05/24,3.54,3.60,3.46,3.58,16575772,125211824.00
2011/05/25,3.58,3.58,3.44,3.45,15631374,117120280.00
2011/05/26,3.50,3.54,3.38,3.39,19588573,145366800.00
2011/05/27,3.41,3.43,3.32,3.33,13987181,100561384.00
2011/05/30,3.32,3.38,3.23,3.33,13521740,95874312.00
2011/05/31,3.33,3.44,3.32,3.43,14383954,104249664.00
2011/06/01,3.42,3.44,3.38,3.43,11157386,81297264.00
2011/06/02,3.37,3.41,3.32,3.41,13240735,95055376.00
2011/06/03,3.37,3.46,3.37,3.43,11062158,81035584.00
2011/06/07,3.42,3.46,3.39,3.43,7916530,57886164.00
2011/06/08,3.43,3.43,3.28,3.38,16571189,118554432.00
2011/06/09,3.36,3.36,3.28,3.28,15854638,112293144.00
2011/06/10,3.28,3.32,3.26,3.29,10136566,71227184.00
2011/06/13,3.28,3.28,3.23,3.26,8707702,60687656.00
2011/06/14,3.25,3.36,3.25,3.32,10441734,74134456.00
2011/06/15,3.31,3.33,3.28,3.28,7639206,53821156.00
2011/06/16,3.26,3.40,3.24,3.30,18176505,129582936.00
2011/06/17,3.29,3.33,3.26,3.26,7901973,55608952.00
2011/06/20,3.26,3.29,3.05,3.08,18227960,122661536.00
2011/06/21,3.08,3.11,3.06,3.10,8354966,55365960.00
2011/06/22,3.11,3.13,3.07,3.11,9288668,61697788.00
2011/06/23,3.09,3.16,3.03,3.14,12016081,79969896.00
2011/06/24,3.16,3.39,3.16,3.33,45476156,320691200.00
2011/06/27,3.42,3.46,3.35,3.37,30751411,222799136.00
2011/06/28,3.37,3.41,3.32,3.38,13964943,100551104.00
2011/06/29,3.36,3.38,3.30,3.30,15449372,110269128.00
2011/06/30,3.30,3.38,3.29,3.34,15630716,111678536.00
2011/07/01,3.36,3.36,3.30,3.33,10222671,72695760.00
2011/07/04,3.34,3.45,3.33,3.43,23622230,171064448.00
2011/07/05,3.43,3.46,3.39,3.42,17776198,129828288.00
2011/07/06,3.41,3.47,3.35,3.46,19389557,141179280.00
2011/07/07,3.44,3.59,3.42,3.50,36210650,271675136.00
2011/07/08,3.50,3.53,3.42,3.45,9585435,70784112.00
2011/07/13,3.35,3.48,3.32,3.44,31414708,228269760.00
2011/07/14,3.42,3.44,3.37,3.41,17300235,125698440.00
2011/07/15,3.40,3.46,3.39,3.41,17552484,128216736.00
2011/07/18,3.43,3.44,3.40,3.41,10796184,78699384.00
2011/07/19,3.40,3.40,3.29,3.32,15943210,113606944.00
2011/07/20,3.33,3.35,3.27,3.30,12990967,91655928.00
2011/07/21,3.31,3.32,3.26,3.26,8556399,60086424.00
2011/07/22,3.28,3.29,3.21,3.22,16399720,113958328.00
2011/07/25,3.31,3.37,3.18,3.20,36900042,258442848.00
2011/07/26,3.20,3.52,3.20,3.42,53048396,382322368.00
2011/07/28,3.29,3.39,3.22,3.31,26296625,186380912.00
2011/07/29,3.29,3.30,3.18,3.20,20920027,144175360.00
2011/08/01,3.20,3.23,3.18,3.19,11637282,79673376.00
2011/08/02,3.17,3.18,3.04,3.13,12360153,82495328.00
2011/08/03,3.09,3.14,3.05,3.09,13133983,87363960.00
2011/08/04,3.12,3.14,3.09,3.13,10238962,68448016.00
2011/08/05,3.05,3.19,3.02,3.09,26030084,174086128.00
2011/08/08,3.02,3.06,2.77,2.85,23891787,150349040.00
2011/08/09,2.77,2.87,2.67,2.81,26505395,159234656.00
2011/08/10,2.88,2.89,2.80,2.81,30066278,184552272.00
2011/08/11,2.76,3.01,2.73,2.97,49340442,309994624.00
2011/08/12,2.97,3.02,2.94,2.97,33148845,212496704.00
2011/08/15,3.01,3.04,2.97,3.01,21195609,136420480.00
2011/08/16,3.02,3.05,2.96,2.98,18387851,118979224.00
2011/08/17,2.99,3.07,2.97,3.01,19966554,129815984.00
2011/08/18,2.97,3.00,2.92,2.93,16503251,104877000.00
2011/08/19,2.86,2.98,2.84,2.93,13046659,81927064.00
2011/08/22,2.91,2.95,2.86,2.89,8929616,55927452.00
2011/08/23,2.91,2.97,2.88,2.95,9258849,58487184.00
2011/08/24,2.97,2.99,2.85,2.91,16743590,105343088.00
2011/08/25,2.88,3.10,2.87,3.05,30140241,194445648.00
2011/08/26,3.01,3.04,2.97,3.02,17569212,113541952.00
2011/08/30,3.00,3.05,2.96,2.97,17283257,111618136.00
2011/08/31,2.97,2.98,2.89,2.94,8790956,55508064.00
2011/09/01,2.96,2.97,2.86,2.88,9954208,62385592.00
2011/09/02,2.88,2.90,2.80,2.84,10004230,61233576.00
2011/09/05,2.81,2.84,2.78,2.81,7230574,43862872.00
2011/09/06,2.78,3.00,2.78,2.91,24936208,154422224.00
2011/09/07,2.91,2.96,2.87,2.95,21853790,137811536.00
2011/09/08,2.96,3.08,2.90,2.91,22908632,145858160.00
2011/09/09,2.93,2.95,2.86,2.88,11231270,69978544.00
2011/09/13,2.83,2.84,2.78,2.82,6217971,37796744.00
2011/09/14,2.84,2.85,2.78,2.85,5699425,34800352.00
2011/09/15,2.85,2.88,2.84,2.85,7898500,48831968.00
2011/09/16,2.87,2.88,2.83,2.84,5362301,32989912.00
2011/09/19,2.83,2.83,2.77,2.77,7384732,44538692.00
2011/09/20,2.78,2.81,2.77,2.80,4155494,25078392.00
2011/09/21,2.80,2.88,2.76,2.87,9862118,60501416.00
2011/09/22,2.85,2.86,2.79,2.80,7311610,44542284.00
2011/09/23,2.77,2.82,2.74,2.79,6546836,39344392.00
2011/09/26,2.77,2.82,2.76,2.78,5625324,33860872.00
2011/09/27,2.81,2.83,2.77,2.82,7089544,43035164.00
2011/09/28,2.84,2.85,2.78,2.79,5670974,34372616.00
2011/09/29,2.79,2.81,2.72,2.73,7836445,46802104.00
2011/09/30,2.72,2.75,2.63,2.64,8814657,51299500.00
2011/10/10,2.67,2.72,2.64,2.65,5768947,33387914.00
2011/10/11,2.72,2.75,2.62,2.66,6613386,38573404.00
2011/10/12,2.64,2.78,2.63,2.76,16766545,99675216.00
2011/10/13,2.76,2.79,2.73,2.77,11192977,66816280.00
2011/10/14,2.77,2.92,2.75,2.81,12768144,77801240.00
2011/10/17,2.82,2.86,2.81,2.83,9880570,60395432.00
2011/10/18,2.81,2.81,2.75,2.75,8440632,50733480.00
2011/10/19,2.76,2.78,2.71,2.75,3721862,22131336.00
2011/10/20,2.72,2.74,2.62,2.64,7918285,45735656.00
2011/10/21,2.65,2.66,2.62,2.62,3990153,22901204.00
2011/10/24,2.62,2.69,2.60,2.68,5780785,33312136.00
2011/10/25,2.67,2.75,2.65,2.74,7788768,45792636.00
2011/10/26,2.72,2.79,2.71,2.76,10476378,62621456.00
2011/10/27,2.80,2.89,2.79,2.87,29679813,182747024.00
2011/10/28,2.90,2.93,2.82,2.87,30091384,185456640.00
2011/10/31,2.88,2.89,2.82,2.84,14670623,90345432.00
2011/11/01,2.82,2.85,2.79,2.82,11669125,71091912.00
2011/11/02,2.78,2.86,2.76,2.85,14855392,90060800.00
2011/11/03,2.86,2.96,2.85,2.92,33443285,209715968.00
2011/11/04,2.93,2.95,2.88,2.92,16291173,102316952.00
2011/11/07,2.90,2.92,2.85,2.86,13194932,82109424.00
2011/11/08,2.96,2.99,2.89,2.90,30377182,192440176.00
2011/11/09,2.92,2.93,2.85,2.90,12231196,76111632.00
2011/11/10,2.85,2.87,2.82,2.82,13485526,82855152.00
2011/11/11,2.83,2.86,2.81,2.83,6601599,40351824.00
2011/11/14,2.85,2.88,2.83,2.87,12777078,79018952.00
2011/11/15,2.86,2.92,2.85,2.90,14790638,92241544.00
2011/11/16,2.91,2.92,2.81,2.82,12857704,79225088.00
2011/11/17,2.81,2.84,2.77,2.78,10508813,63598372.00
2011/11/18,2.78,2.78,2.68,2.70,9773170,57786392.00
2011/11/21,2.72,2.72,2.67,2.70,5683557,33194874.00
2011/11/22,2.68,2.70,2.65,2.68,6262268,36244760.00
2011/11/23,2.70,2.71,2.65,2.67,4663927,27034986.00
2011/11/24,2.62,2.66,2.62,2.64,7419689,42495184.00
2011/11/25,2.63,2.68,2.61,2.63,6342381,36500120.00
2011/11/28,2.67,2.67,2.62,2.63,3910268,22433294.00
2011/11/29,2.65,2.70,2.63,2.69,8593048,49672904.00
2011/11/30,2.67,2.70,2.56,2.57,11290962,64293672.00
2011/12/01,2.63,2.67,2.59,2.62,11888739,67966464.00
2011/12/02,2.60,2.61,2.48,2.53,10741603,59344804.00
2011/12/05,2.53,2.53,2.45,2.46,6624902,35814704.00
2011/12/06,2.46,2.47,2.40,2.42,5289866,28099906.00
2011/12/07,2.42,2.49,2.41,2.44,4207585,22531556.00
2011/12/08,2.44,2.47,2.39,2.44,4879791,25963722.00
2011/12/09,2.42,2.48,2.40,2.46,8788652,46938464.00
2011/12/13,2.42,2.42,2.28,2.29,10252212,52486012.00
2011/12/14,2.29,2.31,2.26,2.30,5237309,26301522.00
2011/12/15,2.28,2.29,2.21,2.21,5294747,26206154.00
2011/12/16,2.22,2.30,2.20,2.30,6480603,32070788.00
2011/12/19,2.29,2.29,2.21,2.29,5249270,26067564.00
2011/12/20,2.28,2.33,2.25,2.28,5968073,30143444.00
2011/12/21,2.31,2.34,2.26,2.27,7210204,36538380.00
2011/12/22,2.25,2.29,2.19,2.27,8697461,42849604.00
2011/12/23,2.25,2.35,2.24,2.32,8434664,42757176.00
2011/12/26,2.31,2.31,2.21,2.22,24101102,119418240.00
2011/12/27,2.22,2.23,2.06,2.07,28325600,132592512.00
2011/12/29,2.07,2.08,1.98,2.00,23781878,106622960.00
2011/12/30,2.01,2.03,2.00,2.01,20985107,93900680.00
2012/01/04,2.04,2.04,1.93,1.93,20622700,91220968.00
2012/01/05,1.92,1.95,1.89,1.91,14630181,62633800.00
2012/01/06,1.91,1.94,1.88,1.93,10370642,44503048.00
2012/01/09,1.92,2.02,1.90,2.02,17057431,75279576.00
2012/01/10,2.02,2.15,2.00,2.15,33188403,153962688.00
2012/01/11,2.15,2.15,2.10,2.11,19203579,90055416.00
2012/01/12,2.10,2.13,2.08,2.11,13917443,64936672.00
2012/01/13,2.11,2.12,2.02,2.04,14359140,65485096.00
2012/01/16,2.02,2.05,1.99,2.00,7968547,35808420.00
2012/01/17,2.03,2.14,2.01,2.13,20229855,93735816.00
2012/01/18,2.13,2.18,2.09,2.10,20460605,96531592.00
2012/01/19,2.11,2.24,2.08,2.19,31737879,152984576.00
2012/01/20,2.18,2.19,2.15,2.19,18897600,90842304.00
2012/01/30,2.17,2.17,2.08,2.08,22535253,105261920.00
2012/01/31,2.07,2.10,2.06,2.09,8372843,38700440.00
2012/02/01,2.08,2.09,2.01,2.03,13144446,59809108.00
2012/02/02,2.03,2.06,2.01,2.06,11730304,53036260.00
2012/02/03,2.06,2.10,2.02,2.09,17068038,78244448.00
2012/02/06,2.08,2.11,2.07,2.09,15824748,73383840.00
2012/02/07,2.08,2.08,2.01,2.02,13102985,59232668.00
2012/02/08,2.02,2.09,2.01,2.09,15825488,72383120.00
2012/02/09,2.08,2.13,2.07,2.12,24646309,114986672.00
2012/02/10,2.11,2.16,2.10,2.13,24232856,114355016.00
2012/02/13,2.11,2.18,2.10,2.15,23731616,112349936.00
2012/02/14,2.13,2.14,2.11,2.12,13931023,65400200.00
2012/02/16,2.16,2.17,2.12,2.15,26229092,124462928.00
2012/02/17,2.16,2.17,2.12,2.15,17425115,82769040.00
2012/02/20,2.18,2.19,2.15,2.15,23351914,112004544.00
2012/02/21,2.15,2.17,2.12,2.17,13441309,63817012.00
2012/02/22,2.16,2.23,2.15,2.22,31952058,154612432.00
2012/02/23,2.22,2.25,2.20,2.24,35673336,175101296.00
2012/02/24,2.23,2.30,2.21,2.30,38914891,193441392.00
2012/02/27,2.31,2.51,2.29,2.43,81539010,428422848.00
2012/02/28,2.40,2.42,2.35,2.39,37946083,198141696.00
2012/02/29,2.39,2.39,2.31,2.32,25419634,131198856.00
2012/03/01,2.32,2.36,2.31,2.32,16201718,83010728.00
2012/03/02,2.33,2.38,2.33,2.38,23167200,119567488.00
2012/03/05,2.39,2.40,2.33,2.34,22488962,116729400.00
2012/03/06,2.34,2.35,2.27,2.28,21794195,110096536.00
2012/03/07,2.25,2.32,2.24,2.29,15000240,75441408.00
2012/03/08,2.29,2.36,2.29,2.33,14433152,73732656.00
2012/03/09,2.34,2.36,2.32,2.36,14279971,73328632.00
2012/03/12,2.35,2.36,2.31,2.33,13742214,70297560.00
2012/03/13,2.33,2.35,2.31,2.35,14816984,75948984.00
2012/03/14,2.37,2.38,2.23,2.24,35817317,182932320.00
2012/03/15,2.24,2.26,2.16,2.18,18749030,90911864.00
2012/03/16,2.18,2.23,2.18,2.22,16429853,79934016.00
2012/03/19,2.21,2.22,2.17,2.22,12990871,63079592.00
2012/03/20,2.19,2.20,2.12,2.13,20405129,97050064.00
2012/03/21,2.14,2.16,2.10,2.13,11974738,56508812.00
2012/03/22,2.13,2.17,2.12,2.15,10527038,49885576.00
2012/03/23,2.13,2.15,2.10,2.11,8685678,40774092.00
2012/03/26,2.10,2.12,2.05,2.07,11859965,54653720.00
2012/03/27,2.08,2.08,2.03,2.04,12900989,59129640.00
2012/03/28,2.03,2.05,1.94,1.95,19778845,87591960.00
2012/03/29,1.95,1.97,1.92,1.94,12943955,56428128.00
2012/03/30,1.95,1.98,1.94,1.97,11344787,49721304.00
2012/04/05,1.98,2.03,1.96,2.03,16375016,73107584.00
2012/04/06,2.02,2.03,1.99,2.02,9569989,42797752.00
2012/04/09,2.00,2.09,1.97,2.04,22354049,101000240.00
2012/04/10,2.02,2.04,1.97,2.03,12871376,57459612.00
2012/04/11,2.00,2.04,1.99,2.02,9129025,40912252.00
2012/04/12,2.06,2.10,2.05,2.07,21016425,96615160.00
2012/04/13,2.06,2.09,2.06,2.08,14750099,67880992.00
2012/04/16,2.06,2.16,2.05,2.10,20117226,94111560.00
2012/04/17,2.10,2.11,2.04,2.05,14835648,67960496.00
2012/04/18,2.07,2.10,2.05,2.10,12646865,58436560.00
2012/04/19,2.09,2.12,2.08,2.09,11570683,53804840.00
2012/04/20,2.09,2.18,2.08,2.16,27995036,132584168.00
2012/04/23,2.15,2.21,2.13,2.17,24215394,116412400.00
2012/04/24,2.16,2.26,2.13,2.21,33672579,163663584.00
2012/04/25,2.21,2.23,2.16,2.23,28413057,137976288.00
2012/04/27,2.22,2.24,2.17,2.18,19498608,94434248.00
2012/05/02,2.21,2.24,2.14,2.21,30427163,147472208.00
2012/05/03,2.20,2.27,2.20,2.24,32730545,161992560.00
2012/05/04,2.24,2.25,2.21,2.23,13466048,66209556.00
2012/05/07,2.24,2.29,2.21,2.25,22881463,113352056.00
2012/05/08,2.24,2.25,2.19,2.23,17626656,85980552.00
2012/05/09,2.24,2.24,2.19,2.20,14336493,69815784.00
2012/05/10,2.22,2.24,2.18,2.20,9716737,47253048.00
2012/05/11,2.20,2.20,2.13,2.14,12682533,60485336.00
2012/05/14,2.15,2.17,2.09,2.09,12066849,56863596.00
2012/05/15,2.07,2.09,2.05,2.09,6819211,31327044.00
2012/05/16,2.07,2.08,2.05,2.05,7575698,34692220.00
2012/05/17,2.05,2.14,2.03,2.14,16508348,76929032.00
2012/05/18,2.11,2.14,2.08,2.09,12977287,60458196.00
2012/05/21,2.10,2.11,2.05,2.08,6101878,28151320.00
2012/05/22,2.09,2.13,2.08,2.12,9493503,44478816.00
2012/05/23,2.10,2.14,2.09,2.12,9368192,44054336.00
2012/05/24,2.11,2.19,2.11,2.19,18406693,88184792.00
2012/05/25,2.19,2.31,2.19,2.24,53270867,264924080.00
2012/05/28,2.25,2.29,2.22,2.27,27787534,138262576.00
2012/05/29,2.26,2.31,2.23,2.28,24137258,120918160.00
2012/05/30,2.27,2.29,2.24,2.26,12934307,64425432.00
2012/05/31,2.25,2.29,2.24,2.25,12157720,60534124.00
2012/06/01,2.26,2.30,2.23,2.24,14042713,70060984.00
2012/06/04,2.20,2.22,2.16,2.17,11511382,55779096.00
2012/06/05,2.19,2.41,2.17,2.32,31493700,160180288.00
2012/06/06,2.27,2.31,2.25,2.30,16793452,84127784.00
2012/06/07,2.32,2.32,2.25,2.29,12788670,64168264.00
2012/06/08,2.30,2.39,2.29,2.38,41664054,215235280.00
2012/06/11,2.36,2.37,2.25,2.33,29602329,150021168.00
2012/06/12,2.33,2.33,2.27,2.28,12716806,62621584.00
2012/06/13,2.30,2.37,2.28,2.35,18061787,90121464.00
2012/06/14,2.33,2.35,2.31,2.32,11130263,55587252.00
2012/06/15,2.32,2.34,2.28,2.31,9793061,48475616.00
2012/06/18,2.32,2.34,2.30,2.32,7305328,36415672.00
2012/06/19,2.32,2.35,2.31,2.32,7624670,38051692.00
2012/06/20,2.32,2.33,2.28,2.29,9978853,49313004.00
2012/06/21,2.29,2.32,2.24,2.24,9899213,48309696.00
2012/06/25,2.29,2.42,2.24,2.28,23722123,117380496.00
2012/06/26,2.28,2.42,2.20,2.40,56523595,283939936.00
2012/06/27,2.36,2.38,2.28,2.29,38892014,194447328.00
2012/06/28,2.26,2.29,2.22,2.22,18065988,87263928.00
2012/06/29,2.21,2.29,2.20,2.27,11275968,54291184.00
2012/07/02,2.27,2.29,2.25,2.26,9818818,47747544.00
2012/07/03,2.28,2.31,2.25,2.26,13363222,65432776.00
2012/07/04,2.26,2.28,2.21,2.23,8983968,43066416.00
2012/07/05,2.21,2.22,2.17,2.18,8630170,40640144.00
2012/07/06,2.21,2.26,2.18,2.24,8083706,38480352.00
2012/07/09,2.23,2.27,2.21,2.24,13150378,63537840.00
2012/07/10,2.25,2.28,2.24,2.28,15282432,74250424.00
2012/07/11,2.26,2.26,2.15,2.22,23459601,111213440.00
2012/07/12,2.18,2.27,2.17,2.25,11519677,55058892.00
2012/07/13,2.26,2.26,2.21,2.24,7194916,34560320.00
2012/07/16,2.24,2.27,2.19,2.21,7483607,35845492.00
2012/07/17,2.19,2.26,2.18,2.24,11451479,54859972.00
2012/07/18,2.21,2.28,2.16,2.26,36802491,177200624.00
2012/07/19,2.23,2.30,2.21,2.25,36328913,176889456.00
2012/07/20,2.24,2.24,2.11,2.19,33124463,154551312.00
2012/07/23,2.13,2.18,2.13,2.16,8210073,38149868.00
2012/07/24,2.14,2.16,2.08,2.16,16668433,76434168.00
2012/07/25,2.13,2.23,2.10,2.16,21924118,102624008.00
2012/07/26,2.13,2.15,2.08,2.08,13859147,63000280.00
2012/07/27,2.09,2.10,2.04,2.04,11111193,49632376.00
2012/07/30,2.04,2.06,1.99,1.99,7091034,31021706.00
2012/07/31,2.00,2.01,1.97,1.99,5040489,21766678.00
2012/08/01,1.99,2.03,1.99,2.02,4272573,18637504.00
2012/08/02,2.02,2.04,1.99,2.01,7676309,33421328.00
2012/08/03,2.00,2.02,1.98,2.02,7048435,30577308.00
2012/08/06,2.03,2.03,1.99,2.03,11486347,50140100.00
2012/08/07,2.03,2.05,2.01,2.04,12021486,52805056.00
2012/08/08,2.04,2.04,2.01,2.02,8850600,38833716.00
2012/08/09,2.02,2.07,2.01,2.06,13790543,61189252.00
2012/08/10,2.04,2.05,2.02,2.02,8662812,38109476.00
2012/08/13,2.02,2.04,2.00,2.01,7313347,31962418.00
2012/08/14,2.02,2.02,1.91,1.98,12001873,51042380.00
2012/08/15,1.97,1.97,1.94,1.95,4232765,17948876.00
2012/08/16,1.95,1.96,1.94,1.95,4816454,20419580.00
2012/08/17,1.95,1.95,1.91,1.95,6210651,26061382.00
2012/08/20,1.91,1.93,1.90,1.92,4813526,20022904.00
2012/08/21,1.92,1.94,1.91,1.93,4612505,19316696.00
2012/08/22,1.95,1.95,1.90,1.91,5202887,21692586.00
2012/08/23,1.91,1.93,1.89,1.91,3754441,15574444.00
2012/08/24,1.90,1.94,1.90,1.90,3990380,16592880.00
2012/08/27,1.89,1.89,1.84,1.86,4927343,20000356.00
2012/08/28,1.86,1.87,1.84,1.86,4132312,16733817.00
2012/08/29,1.85,1.87,1.78,1.78,8689115,34653632.00
2012/08/30,1.79,1.80,1.75,1.78,6704757,26057232.00
2012/08/31,1.78,1.81,1.77,1.78,3873683,15175901.00
2012/09/03,1.77,1.80,1.77,1.78,5194412,20297406.00
2012/09/04,1.79,1.79,1.74,1.75,5966278,22997382.00
2012/09/05,1.75,1.75,1.71,1.73,4858476,18455700.00
2012/09/06,1.73,1.77,1.73,1.77,3774723,14441134.00
2012/09/07,1.76,1.88,1.76,1.84,15198246,60865592.00
2012/09/10,1.84,1.85,1.83,1.84,7664473,30781054.00
2012/09/11,1.83,1.84,1.80,1.84,5097491,20311188.00
2012/09/12,1.86,1.90,1.84,1.86,8653106,35238120.00
2012/09/13,1.85,1.87,1.82,1.83,4900192,19730844.00
2012/09/14,1.84,1.86,1.82,1.83,7648226,30592826.00
2012/09/17,1.83,1.83,1.74,1.74,5727953,22388170.00
2012/09/18,1.74,1.76,1.72,1.74,4857325,18514758.00
2012/09/19,1.74,1.78,1.74,1.77,4928232,18976498.00
2012/09/20,1.78,1.81,1.74,1.75,6623566,25791898.00
2012/09/21,1.74,1.80,1.72,1.77,7504303,29188568.00
2012/09/24,1.74,1.76,1.71,1.75,8164674,31070728.00
2012/09/25,1.75,1.76,1.72,1.72,5362968,20445460.00
2012/09/26,1.73,1.74,1.66,1.67,6508272,24338304.00
2012/09/27,1.68,1.74,1.67,1.72,7261799,27272660.00
2012/09/28,1.71,1.76,1.70,1.75,9125822,34722716.00
2012/10/08,1.75,1.77,1.73,1.74,4525589,17311418.00
2012/10/09,1.75,1.79,1.74,1.79,9517738,37008448.00
2012/10/10,1.78,1.84,1.76,1.81,12245255,48295952.00
2012/10/11,1.80,1.80,1.77,1.77,5830985,22768656.00
2012/10/12,1.79,1.80,1.76,1.76,3695863,14352955.00
2012/10/15,1.76,1.77,1.74,1.75,3570587,13709431.00
2012/10/16,1.75,1.78,1.75,1.77,4621027,17882034.00
2012/10/17,1.79,1.79,1.76,1.78,4589183,17853060.00
2012/10/18,1.80,1.81,1.78,1.80,7019929,27625080.00
2012/10/19,1.81,1.86,1.80,1.83,13429075,53652760.00
2012/10/22,1.82,1.84,1.81,1.84,4721427,18845806.00
2012/10/23,1.85,1.85,1.80,1.81,6419064,25532980.00
2012/10/24,1.80,1.85,1.80,1.84,7908251,31682462.00
2012/10/25,1.84,1.99,1.83,1.89,26920439,111618592.00
2012/10/26,1.88,1.98,1.82,1.94,29930599,123860928.00
2012/10/29,1.92,2.06,1.87,1.98,33624395,143470080.00
2012/10/30,1.96,2.02,1.92,1.95,34304706,146478384.00
2012/10/31,1.95,2.01,1.88,1.91,23689744,99258472.00
2012/11/01,1.91,1.97,1.89,1.95,25219111,106165952.00
2012/11/02,1.94,1.99,1.90,1.98,24368399,102947464.00
2012/11/05,1.96,2.00,1.94,1.96,16541662,70683512.00
2012/11/06,1.97,1.97,1.89,1.90,13676791,56971724.00
2012/11/07,1.89,1.91,1.86,1.87,14371110,58878704.00
2012/11/08,1.86,1.89,1.84,1.84,10513664,42783616.00
2012/11/09,1.84,1.86,1.82,1.86,8139438,32646562.00
2012/11/12,1.86,1.88,1.84,1.87,7613423,30842004.00
2012/11/13,1.88,1.89,1.81,1.82,7578698,30543502.00
2012/11/14,1.84,1.86,1.82,1.86,8540254,34250320.00
2012/11/15,1.84,1.84,1.78,1.78,8590749,33979244.00
2012/11/16,1.80,1.80,1.74,1.75,8242344,31846464.00
2012/11/19,1.74,1.76,1.72,1.75,4297854,16404919.00
2012/11/20,1.75,1.77,1.71,1.71,6003812,22854466.00
2012/11/21,1.72,1.76,1.69,1.76,6994149,26464156.00
2012/11/22,1.74,1.75,1.72,1.73,3727050,14190746.00
2012/11/23,1.74,1.76,1.74,1.75,4852255,18600804.00
2012/11/26,1.74,1.74,1.72,1.73,3280802,12460771.00
2012/11/27,1.72,1.73,1.69,1.69,5280848,19741604.00
2012/11/28,1.69,1.70,1.68,1.69,4413941,16373882.00
2012/11/29,1.69,1.71,1.69,1.70,4349288,16250259.00
2012/11/30,1.70,1.73,1.69,1.72,5816604,21870698.00
2012/12/03,1.72,1.74,1.71,1.72,7095410,26905972.00
2012/12/04,1.73,1.74,1.70,1.74,6489170,24482052.00
2012/12/05,1.74,1.81,1.72,1.79,13787255,53787488.00
2012/12/06,1.79,1.80,1.77,1.78,11112242,43305228.00
2012/12/07,1.78,1.81,1.77,1.81,15395692,60404900.00
2012/12/10,1.81,1.82,1.80,1.82,14557484,57617048.00
2012/12/11,1.81,1.82,1.79,1.81,7831193,30883672.00
2012/12/12,1.81,1.82,1.80,1.81,6731714,26586442.00
2012/12/13,1.82,1.83,1.79,1.80,7657600,30330900.00
2012/12/14,1.80,1.90,1.80,1.88,31956192,129547968.00
2012/12/17,1.88,1.94,1.87,1.92,35944956,149488672.00
2012/12/18,1.91,1.96,1.88,1.90,20643362,86100280.00
2012/12/19,1.89,1.92,1.88,1.90,10069020,41558652.00
2012/12/20,1.88,1.94,1.88,1.91,16656702,69256072.00
2012/12/21,1.91,1.93,1.87,1.88,13968819,57632944.00
2012/12/24,1.88,1.90,1.87,1.88,8003822,32880432.00
2012/12/25,1.88,1.93,1.86,1.92,17204458,71612520.00
2012/12/26,1.92,1.93,1.90,1.92,14215524,59171472.00
2012/12/27,1.92,1.94,1.90,1.93,15449518,64502108.00
2012/12/28,1.93,1.93,1.91,1.93,11768415,49206476.00
2012/12/31,1.94,1.95,1.92,1.95,11775514,49622956.00
2013/01/04,1.95,1.96,1.90,1.93,16428903,69051904.00
2013/01/07,1.92,1.93,1.91,1.93,9694448,40517576.00
2013/01/08,1.92,1.95,1.91,1.93,13481744,56493080.00
2013/01/09,1.94,1.97,1.92,1.95,18936018,80204200.00
2013/01/10,1.95,2.01,1.95,1.98,26595154,114138880.00
2013/01/11,1.99,2.01,1.92,1.93,23591101,100782288.00
2013/01/14,1.92,1.98,1.90,1.97,17692998,74987128.00
2013/01/15,1.98,2.01,1.96,1.99,20766493,89739816.00
2013/01/16,1.99,2.02,1.96,2.00,16997155,73539448.00
2013/01/17,2.00,2.00,1.95,1.96,10093498,43103296.00
2013/01/18,1.97,2.00,1.96,1.99,13320568,57122376.00
2013/01/21,1.99,2.04,1.98,2.03,24744495,108387936.00
2013/01/22,2.05,2.05,1.97,1.99,21781997,94813232.00
2013/01/23,1.98,2.01,1.96,1.98,9120173,39211256.00
2013/01/24,1.99,2.01,1.94,1.95,13381714,57419816.00
2013/01/25,1.95,1.97,1.92,1.94,9135454,38476080.00
2013/01/28,1.95,1.98,1.94,1.98,14655839,62527496.00
2013/01/29,1.97,2.00,1.96,1.98,10689392,45881472.00
2013/01/30,1.98,2.01,1.96,2.01,16492546,71121216.00
2013/01/31,2.01,2.05,2.00,2.01,17215378,75320656.00
2013/02/01,2.00,2.04,1.97,2.02,18606782,81003784.00
2013/02/04,2.03,2.10,2.02,2.08,30581459,136201888.00
2013/02/05,2.06,2.09,2.04,2.08,22899199,102319176.00
2013/02/06,2.08,2.10,2.06,2.08,14277599,63916480.00
2013/02/07,2.08,2.08,2.02,2.05,15104752,66604996.00
2013/02/08,2.05,2.06,2.03,2.05,9226016,40933612.00
2013/02/18,2.05,2.06,2.01,2.03,13074969,57552896.00
2013/02/19,2.03,2.04,1.98,1.99,10497296,45541392.00
2013/02/20,1.98,2.01,1.97,1.99,12082863,52033352.00
2013/02/21,1.98,1.99,1.92,1.95,22338331,94353696.00
2013/02/22,1.95,1.96,1.93,1.95,11639401,49221196.00
2013/02/25,1.94,1.96,1.91,1.92,10883109,45518084.00
2013/02/26,1.97,1.98,1.87,1.87,13598245,56575040.00
2013/02/27,1.87,1.89,1.84,1.86,9631021,39158528.00
2013/02/28,1.87,1.91,1.86,1.90,11253792,46240076.00
2013/03/01,1.91,1.92,1.88,1.91,8885325,36741544.00
2013/03/04,1.89,1.90,1.82,1.84,14534113,58769768.00
2013/03/05,1.84,1.88,1.82,1.87,9581804,38861404.00
2013/03/06,1.88,1.91,1.86,1.90,11799842,48348440.00
2013/03/07,1.90,1.92,1.88,1.90,14317661,59180652.00
2013/03/08,1.91,1.91,1.87,1.88,8336020,34122680.00
2013/03/11,1.85,1.88,1.84,1.85,8279301,33511356.00
2013/03/12,1.85,1.87,1.81,1.83,10447600,41910920.00
2013/03/13,1.83,1.83,1.80,1.81,5974661,23650708.00
2013/03/14,1.81,1.89,1.80,1.89,16919713,68663624.00
2013/03/15,2.09,2.09,2.08,2.09,99346170,449017344.00
2013/03/18,2.10,2.13,2.06,2.10,91638178,415396544.00
2013/03/19,2.08,2.10,2.03,2.06,40258173,179405024.00
2013/03/20,2.07,2.11,2.04,2.08,45438238,204518832.00
2013/03/21,2.08,2.16,2.06,2.16,61080796,278501280.00
2013/03/22,2.14,2.16,2.12,2.12,39100325,180388400.00
2013/03/25,2.13,2.19,2.12,2.15,30882075,143525744.00
2013/03/26,2.16,2.17,2.11,2.11,24155514,111016328.00
2013/03/27,2.12,2.20,2.11,2.15,31360640,145531184.00
2013/03/28,2.12,2.13,2.07,2.07,27897089,125983400.00
2013/03/29,2.08,2.10,2.08,2.09,12019899,54263192.00
2013/04/01,2.09,2.11,2.07,2.08,14388108,65069568.00
2013/04/02,2.08,2.15,2.08,2.12,21633625,98771904.00
2013/04/03,2.12,2.13,2.08,2.08,14367331,64995536.00
2013/04/08,2.00,2.08,1.96,2.05,22062565,96618152.00
2013/04/09,2.05,2.09,2.04,2.08,14210221,63506164.00
2013/04/10,2.08,2.08,2.06,2.08,8720760,39011208.00
2013/04/11,2.10,2.22,2.10,2.12,30563598,141697904.00
2013/04/12,2.09,2.12,2.08,2.09,13259367,60004712.00
2013/04/15,2.08,2.10,2.07,2.08,8779784,39579928.00
2013/04/16,2.08,2.13,2.07,2.12,16192783,73545312.00
2013/04/17,2.12,2.13,2.10,2.12,11418104,52131184.00
2013/04/18,2.12,2.16,2.10,2.15,16508229,76308536.00
2013/04/19,2.15,2.21,2.15,2.18,26057614,122675520.00
2013/04/22,2.17,2.27,2.17,2.25,34195668,164232640.00
2013/04/23,2.25,2.27,2.18,2.20,24247450,115733208.00
2013/04/24,2.21,2.36,2.21,2.35,51815179,255428288.00
2013/04/25,2.33,2.34,2.28,2.31,36701375,181805936.00
2013/04/26,2.33,2.33,2.16,2.19,43069901,205964432.00
2013/05/02,2.17,2.22,2.16,2.20,14162654,67070832.00
2013/05/03,2.21,2.29,2.20,2.26,22168265,107590568.00
2013/05/06,2.27,2.27,2.23,2.26,21098648,102107904.00
2013/05/07,2.26,2.26,2.20,2.22,19155746,91416424.00
2013/05/08,2.23,2.24,2.20,2.23,15026984,71767504.00
2013/05/09,2.22,2.25,2.21,2.25,16081788,77073552.00
2013/05/10,2.24,2.26,2.19,2.21,15529380,74227624.00
2013/05/13,2.22,2.23,2.17,2.20,13290277,62738776.00
2013/05/14,2.20,2.20,2.17,2.18,10398970,48874472.00
2013/05/15,2.18,2.20,2.17,2.19,7035019,33066672.00
2013/05/16,2.19,2.25,2.17,2.24,13831600,65950488.00
2013/05/17,2.25,2.25,2.22,2.25,16315578,78519192.00
2013/05/20,2.25,2.27,2.22,2.26,21329700,102885968.00
2013/05/21,2.25,2.26,2.24,2.25,16742763,80923336.00
2013/05/22,2.26,2.31,2.24,2.28,27317092,133237744.00
2013/05/23,2.29,2.30,2.25,2.26,22369836,109357328.00
2013/05/24,2.25,2.33,2.25,2.32,30609278,151031216.00
2013/05/27,2.32,2.34,2.30,2.34,17339285,86560696.00
2013/05/28,2.34,2.42,2.31,2.38,32863787,166529072.00
2013/05/29,2.38,2.44,2.37,2.38,29887478,153638624.00
2013/05/30,2.38,2.41,2.37,2.40,16113437,82535376.00
2013/05/31,2.41,2.41,2.35,2.36,20034905,101740704.00
2013/06/03,2.37,2.46,2.37,2.42,39370886,203710880.00
2013/06/04,2.41,2.44,2.37,2.41,23941080,123022112.00
2013/06/05,2.41,2.43,2.35,2.36,22354161,114306728.00
2013/06/06,2.36,2.37,2.27,2.29,26719361,131813968.00
2013/06/07,2.29,2.34,2.27,2.29,24421983,59254856.00
2013/06/13,2.24,2.24,2.05,2.05,83496768,183505776.00
2013/06/14,2.07,2.08,2.03,2.05,27426737,59506984.00
2013/06/17,2.05,2.06,1.94,2.00,34467529,72456176.00
2013/06/18,2.00,2.00,1.93,1.98,21320274,44608752.00
2013/06/19,1.97,2.01,1.94,2.00,17226731,35920312.00
2013/06/20,1.99,2.02,1.94,1.96,22824461,47985976.00
2013/06/21,1.93,1.96,1.91,1.94,22202282,45569356.00
2013/06/24,1.93,1.93,1.74,1.79,33731489,66343260.00
2013/06/25,1.79,1.98,1.76,1.94,79902773,160520800.00
2013/06/26,1.96,1.98,1.89,1.94,37270205,76303312.00
2013/06/27,1.93,1.96,1.89,1.91,25626073,52236444.00
2013/06/28,1.89,1.93,1.88,1.90,24154841,48951404.00
2013/07/01,1.90,1.93,1.88,1.92,13837815,27993838.00
2013/07/02,1.92,1.92,1.88,1.89,15093771,30358072.00
2013/07/03,1.89,1.90,1.81,1.86,24391181,47984712.00
2013/07/04,1.86,2.00,1.81,1.92,38132436,77344928.00
2013/07/05,1.91,1.94,1.89,1.91,18117089,36774756.00
2013/07/08,1.88,1.89,1.83,1.85,14253259,28260082.00
2013/07/09,1.85,1.87,1.85,1.86,8242205,16318361.00
2013/07/10,1.86,1.90,1.85,1.90,13932628,27856008.00
2013/07/11,1.90,1.98,1.89,1.96,40690920,84183472.00
2013/07/12,1.96,1.96,1.90,1.91,22964912,46996948.00
2013/07/15,1.91,1.93,1.87,1.91,25407803,51329216.00
2013/07/16,1.89,1.91,1.87,1.91,19427522,39043524.00
2013/07/17,1.91,1.91,1.86,1.88,27417160,55030728.00
2013/07/18,1.88,1.88,1.85,1.86,15779098,31296252.00
2013/07/19,1.86,1.88,1.83,1.83,19776708,38995024.00
2013/07/22,1.83,1.85,1.81,1.84,13239289,25904762.00
2013/07/23,1.84,1.89,1.84,1.88,21520172,42860796.00
2013/07/24,1.88,1.88,1.83,1.85,18599096,36664692.00
2013/07/25,1.86,1.87,1.84,1.85,13601843,26856030.00
2013/07/26,1.85,1.86,1.83,1.85,12385602,24309770.00
2013/07/29,1.84,1.84,1.81,1.83,12233763,23786668.00
2013/07/30,1.83,1.85,1.81,1.84,13223289,25821710.00
2013/07/31,1.84,1.85,1.82,1.82,11555958,22572208.00
2013/08/01,1.83,1.86,1.82,1.86,13537566,26586894.00
2013/08/02,1.86,1.88,1.85,1.86,11705392,23199092.00
2013/08/05,1.86,1.87,1.83,1.86,16384670,32297968.00
2013/08/06,1.86,1.88,1.84,1.88,22912506,45639296.00
2013/08/07,1.88,1.89,1.85,1.86,17116517,34015444.00
2013/08/08,1.86,1.88,1.85,1.87,11624851,23079826.00
2013/08/09,1.86,1.88,1.85,1.87,11267809,22341528.00
2013/08/12,1.87,1.92,1.86,1.92,33054716,66494448.00
2013/08/13,1.91,1.94,1.88,1.91,174342185,353699936.00
2013/08/14,1.89,1.91,1.85,1.87,67924331,136009232.00
2013/08/15,1.87,1.87,1.85,1.86,35832764,70946544.00
2013/08/16,1.86,2.06,1.80,1.85,104726898,207967616.00
2013/08/19,1.84,1.84,1.81,1.84,59520236,115881608.00
2013/08/20,1.83,1.84,1.80,1.82,45537211,88310296.00
2013/08/21,1.82,1.82,1.78,1.80,50781692,97473064.00
2013/08/22,1.79,1.80,1.76,1.77,51471687,97686336.00
2013/08/23,1.77,1.79,1.75,1.77,51004123,96203640.00
2013/08/26,1.77,1.80,1.76,1.80,71879125,136620000.00
2013/08/27,1.79,1.89,1.78,1.85,109229930,214857376.00
2013/08/28,1.82,1.90,1.80,1.87,120820663,237305760.00
2013/08/29,1.85,1.87,1.83,1.84,78808519,155061312.00
2013/08/30,1.86,1.91,1.84,1.89,163109520,327301152.00
2013/09/02,1.89,1.90,1.83,1.86,76284768,150745520.00
2013/09/03,1.86,1.95,1.86,1.91,163039287,331369312.00
2013/09/04,1.90,1.91,1.87,1.89,85473708,171336976.00
2013/09/05,1.89,1.89,1.85,1.86,55480056,109935456.00
2013/09/06,1.86,1.90,1.85,1.89,61408068,122814872.00
2013/09/09,1.89,1.94,1.88,1.94,157487749,321969152.00
2013/09/10,1.92,2.15,1.92,2.08,351172605,763585216.00
2013/09/11,2.07,2.13,2.03,2.09,253623522,558471552.00
2013/09/12,2.09,2.10,2.05,2.08,107888377,236439776.00
2013/09/13,2.10,2.19,2.09,2.12,213806486,481958336.00
2013/09/16,2.08,2.08,2.00,2.04,145077026,312483328.00
2013/09/17,2.01,2.03,1.93,1.94,99909171,208622944.00
2013/09/18,1.91,1.97,1.91,1.97,56249741,116420040.00
2013/09/23,1.97,1.99,1.94,1.98,66204918,137692160.00
2013/09/24,1.97,1.97,1.92,1.94,66744137,137477616.00
2013/09/25,1.94,1.97,1.91,1.95,66787525,137342480.00
2013/09/26,1.93,1.94,1.87,1.88,80814257,163348592.00
2013/09/27,1.88,1.90,1.87,1.89,34781060,69956064.00
2013/09/30,1.90,1.92,1.89,1.92,31350837,63422744.00
2013/10/08,1.92,1.92,1.89,1.92,54133594,109595280.00
2013/10/09,1.90,1.92,1.89,1.92,46687718,94590144.00
2013/10/10,1.92,1.93,1.89,1.91,47563714,96127072.00
2013/10/11,1.91,1.96,1.90,1.94,83715512,171691488.00
2013/10/14,1.94,1.94,1.91,1.93,58119709,118885296.00
2013/10/15,1.92,1.93,1.90,1.91,46811091,95121160.00
2013/10/16,1.91,1.91,1.87,1.88,58546051,117443472.00
2013/10/17,1.88,1.90,1.87,1.89,43005193,86315880.00
2013/10/18,1.88,1.89,1.87,1.89,31760500,63555308.00
2013/10/21,1.89,1.93,1.89,1.91,52275333,106041840.00
2013/10/22,1.91,1.94,1.89,1.94,89779205,183322704.00
2013/10/23,1.94,2.02,1.93,1.96,152769399,320289024.00
2013/10/24,1.96,1.97,1.93,1.95,42444569,87835376.00
2013/10/25,1.95,1.96,1.89,1.90,53495022,108870112.00
2013/10/28,1.89,1.91,1.89,1.90,24760041,49977140.00
2013/10/29,1.90,1.92,1.85,1.88,52038336,104367752.00
2013/10/30,1.88,1.93,1.88,1.93,48441003,98575696.00
2013/10/31,1.95,1.95,1.91,1.92,38172114,78113248.00
2013/11/01,1.93,1.93,1.90,1.91,31911439,64887864.00
2013/11/04,1.92,1.92,1.90,1.90,26613222,53908104.00
2013/11/05,1.90,1.92,1.88,1.92,24682161,49816512.00
2013/11/06,1.91,1.92,1.90,1.90,19878916,40299992.00
2013/11/07,1.90,1.91,1.89,1.89,22515656,45447668.00
2013/11/08,1.89,1.90,1.87,1.87,32936869,66006184.00
2013/11/11,1.87,1.90,1.87,1.88,16986260,34053352.00
2013/11/12,1.89,1.90,1.88,1.90,15229966,30645004.00
2013/11/13,1.89,1.89,1.87,1.87,21920487,43805312.00
2013/11/14,1.87,1.88,1.86,1.87,20656724,41086172.00
2013/11/15,1.88,1.91,1.87,1.90,39023320,78689552.00
2013/11/18,1.91,1.92,1.89,1.92,87419220,177062880.00
2013/11/19,1.92,1.92,1.89,1.91,42319114,85622512.00
2013/11/20,1.90,1.97,1.89,1.95,168548933,346828224.00
2013/11/21,1.93,1.98,1.92,1.97,147429345,306100736.00
2013/11/22,1.97,1.97,1.92,1.94,81215264,167514368.00
2013/11/25,1.93,1.95,1.92,1.93,43475961,89162912.00
2013/11/26,1.93,1.93,1.90,1.92,44773311,91276880.00
2013/11/27,1.92,1.94,1.91,1.92,36945873,75450016.00
2013/11/28,1.92,1.95,1.92,1.94,73939559,152180752.00
2013/11/29,1.95,1.95,1.93,1.94,44613041,91780952.00
2013/12/02,1.92,1.93,1.89,1.91,72756783,147561952.00
2013/12/03,1.90,1.93,1.89,1.92,35048961,71315832.00
2013/12/04,1.92,1.98,1.91,1.95,128210517,266382576.00
2013/12/05,1.96,1.97,1.93,1.95,90991718,187790512.00
2013/12/06,1.94,1.95,1.92,1.95,48607912,99971152.00
2013/12/09,1.95,1.96,1.93,1.94,32380456,66745596.00
2013/12/10,1.94,1.95,1.92,1.93,37348641,76756352.00
2013/12/11,1.93,1.93,1.91,1.92,36560693,74504888.00
2013/12/12,1.92,1.93,1.90,1.92,45246325,92096640.00
2013/12/13,1.91,1.92,1.89,1.92,58314410,118239936.00
2013/12/16,1.92,1.92,1.89,1.91,61618695,125033808.00
2013/12/17,1.90,1.91,1.89,1.90,30700377,61945128.00
2013/12/18,1.90,1.91,1.89,1.90,35721877,72110488.00
2013/12/19,1.90,1.91,1.88,1.89,30624660,61705488.00
2013/12/20,1.89,1.89,1.86,1.87,49273162,98219456.00
2013/12/23,1.87,1.89,1.85,1.88,36691502,73194016.00
2013/12/24,1.88,1.90,1.87,1.88,28133675,56384080.00
2013/12/25,1.88,1.89,1.87,1.88,19421226,38792308.00
2013/12/26,1.89,1.89,1.86,1.87,25827808,51400776.00
2013/12/27,1.87,1.89,1.86,1.88,35248563,70285008.00
2013/12/30,1.88,1.89,1.86,1.87,23876500,47571992.00
2013/12/31,1.87,1.88,1.86,1.88,19728208,39328728.00
2014/01/02,1.87,1.88,1.86,1.87,21026745,41857736.00
2014/01/03,1.87,1.87,1.85,1.86,30334783,59937440.00
2014/01/06,1.86,1.86,1.80,1.81,46768289,90952016.00
2014/01/07,1.80,1.81,1.77,1.79,42115298,80568584.00
2014/01/08,1.79,1.80,1.78,1.79,24909577,47567496.00
2014/01/09,1.78,1.80,1.77,1.77,25371659,48328092.00
2014/01/10,1.77,1.78,1.76,1.78,24586857,46503652.00
2014/01/13,1.78,1.78,1.76,1.78,20004776,37830456.00
2014/01/14,1.77,1.78,1.76,1.78,20410958,38624304.00
2014/01/15,1.77,1.78,1.76,1.77,31653867,59810264.00
2014/01/16,1.76,1.77,1.75,1.75,53671795,100635328.00
2014/01/17,1.75,1.75,1.72,1.73,33318750,61766000.00
2014/01/20,1.73,1.73,1.71,1.72,19165173,35301028.00
2014/01/21,1.72,1.75,1.72,1.75,20839308,38759056.00
2014/01/22,1.74,1.77,1.74,1.77,65914800,123903408.00
2014/01/23,1.76,1.77,1.74,1.75,30077656,56320480.00
2014/01/24,1.74,1.77,1.74,1.76,43137657,80742112.00
2014/01/27,1.75,1.76,1.72,1.74,38315546,71152560.00
2014/01/28,1.74,1.75,1.73,1.75,30746964,57269004.00
2014/01/29,1.75,1.75,1.74,1.74,24508456,45657776.00
2014/01/30,1.75,1.75,1.72,1.73,22290645,41264544.00
2014/02/07,1.72,1.74,1.71,1.73,24730336,45615256.00
2014/02/10,1.73,1.77,1.73,1.77,51421768,96492536.00
2014/02/11,1.76,1.79,1.74,1.78,93122367,175890656.00
2014/02/12,1.77,1.78,1.76,1.78,58538543,110483120.00
2014/02/13,1.78,1.78,1.74,1.75,83002344,155777440.00
2014/02/14,1.75,1.78,1.74,1.78,101489399,190389168.00
2014/02/17,1.78,1.79,1.76,1.78,67801220,128334448.00
2014/02/18,1.78,1.78,1.75,1.76,58367383,109990960.00
2014/02/19,1.76,1.89,1.75,1.85,210249981,411884096.00
2014/02/20,1.84,1.85,1.80,1.82,97173380,188581824.00
2014/02/21,1.81,1.82,1.78,1.80,45101755,86521072.00
2014/02/24,1.79,1.79,1.75,1.77,42820367,80757008.00
2014/02/25,1.77,1.78,1.72,1.74,57557711,107666152.00
2014/02/26,1.73,1.75,1.72,1.75,31701425,58780256.00
2014/02/27,1.74,1.75,1.73,1.74,39082455,72612840.00
2014/02/28,1.74,1.75,1.73,1.74,33724479,62798648.00
2014/03/03,1.74,1.80,1.73,1.78,55998440,105678656.00
2014/03/04,1.76,1.77,1.74,1.76,39866594,74599872.00
2014/03/05,1.76,1.77,1.74,1.75,26074500,48771212.00
2014/03/06,1.75,1.76,1.72,1.75,36806063,68400032.00
2014/03/07,1.74,1.76,1.73,1.75,27375925,51009432.00
2014/03/10,1.73,1.73,1.69,1.70,49972883,91616088.00
2014/03/11,1.70,1.70,1.68,1.69,31366163,56785712.00
2014/03/12,1.70,1.71,1.68,1.70,25638732,46598968.00
2014/03/13,1.70,1.72,1.69,1.71,24975364,45614388.00
2014/03/14,1.70,1.71,1.69,1.70,19474780,35419544.00
2014/03/17,1.70,1.72,1.69,1.71,28094502,51364000.00
2014/03/18,1.71,1.72,1.70,1.72,20605312,37670972.00
2014/03/19,1.70,1.71,1.67,1.69,45169253,81555144.00
2014/03/20,1.69,1.70,1.68,1.68,29128063,52711188.00
2014/03/21,1.68,1.72,1.67,1.71,49358996,89519872.00
2014/03/24,1.71,1.73,1.70,1.72,55663805,102134520.00
2014/03/25,1.72,1.73,1.71,1.72,38964509,71730496.00
2014/03/26,1.72,1.75,1.72,1.73,45985487,85181456.00
2014/03/27,1.72,1.73,1.71,1.71,31373210,57636648.00
2014/03/28,1.71,1.72,1.70,1.71,25794479,47167544.00
2014/03/31,1.71,1.72,1.70,1.70,21209588,38763996.00
2014/04/01,1.70,1.72,1.70,1.71,17280565,31631088.00
2014/04/02,1.71,1.73,1.71,1.73,36221815,66649748.00
2014/04/03,1.73,1.73,1.69,1.70,58301912,106676624.00
2014/04/04,1.70,1.72,1.69,1.71,18114475,33113562.00
2014/04/08,1.71,1.73,1.70,1.73,80685739,148416096.00
2014/04/09,1.73,1.73,1.71,1.73,36568503,67386320.00
2014/04/10,1.73,1.75,1.71,1.74,93224072,172779600.00
2014/04/11,1.73,1.74,1.72,1.73,47971483,88776280.00
2014/04/14,1.73,1.74,1.72,1.74,26923411,49867196.00
2014/04/15,1.73,1.74,1.71,1.71,34341715,63133520.00
2014/04/16,1.71,1.72,1.69,1.70,58517134,106709888.00
2014/04/17,1.71,1.71,1.69,1.70,49786213,90380888.00
2014/04/18,1.69,1.70,1.67,1.69,56584330,102169112.00
2014/04/21,1.68,1.69,1.67,1.67,72511283,130451248.00
2014/04/22,1.67,1.68,1.65,1.67,51109084,91145400.00
2014/04/23,1.67,1.67,1.65,1.67,22539882,40127428.00
2014/04/24,1.66,1.67,1.65,1.66,26576480,47253112.00
2014/04/25,1.66,1.66,1.62,1.64,38565532,68056176.00
2014/04/28,1.63,1.63,1.59,1.60,40582329,70144688.00
2014/04/29,1.60,1.61,1.58,1.59,34517381,59209900.00
2014/04/30,1.59,1.61,1.59,1.60,19170862,32989184.00
2014/05/05,1.60,1.61,1.57,1.60,31752927,54130760.00
2014/05/06,1.60,1.63,1.59,1.61,45355422,78540840.00
2014/05/07,1.60,1.61,1.59,1.59,17876856,30700594.00
2014/05/08,1.59,1.61,1.58,1.60,18335117,31500778.00
2014/05/09,1.60,1.61,1.58,1.60,25261822,43217412.00
2014/05/12,1.59,1.64,1.59,1.63,56339818,98068920.00
2014/05/13,1.63,1.63,1.61,1.62,26336842,45835680.00
2014/05/14,1.62,1.63,1.61,1.63,20234832,35214352.00
2014/05/15,1.62,1.63,1.60,1.60,17630540,30463228.00
2014/05/16,1.60,1.61,1.59,1.60,17713814,30440192.00
2014/05/19,1.60,1.60,1.58,1.60,17452919,29819522.00
2014/05/20,1.60,1.60,1.59,1.59,12338593,21144494.00
2014/05/21,1.59,1.61,1.58,1.61,22721175,39017548.00
2014/05/22,1.60,1.62,1.59,1.60,17808119,30707096.00
2014/05/23,1.60,1.61,1.59,1.61,14621650,25109892.00
2014/05/26,1.61,1.61,1.59,1.60,19192807,32990822.00
2014/05/27,1.60,1.61,1.58,1.59,30654681,52407436.00
2014/05/28,1.59,1.60,1.58,1.60,15118850,25879774.00
2014/05/29,1.60,1.60,1.58,1.59,14745246,25247804.00
2014/05/30,1.59,1.59,1.58,1.58,13835742,23605814.00
2014/06/03,1.59,1.60,1.57,1.58,45562637,77458896.00
2014/06/04,1.57,1.58,1.54,1.56,42145419,70670720.00
2014/06/05,1.55,1.56,1.53,1.55,33919876,56514920.00
2014/06/06,1.55,1.56,1.54,1.55,16820580,27989916.00
2014/06/09,1.54,1.55,1.52,1.53,33278278,55132012.00
2014/06/10,1.53,1.54,1.52,1.53,22761605,37602932.00
2014/06/11,1.53,1.55,1.53,1.55,28417582,47286456.00
2014/06/12,1.54,1.55,1.53,1.53,26228075,43405464.00
2014/06/13,1.53,1.55,1.53,1.55,21954892,36467608.00
2014/06/16,1.54,1.56,1.54,1.55,33251492,55455964.00
2014/06/17,1.55,1.56,1.53,1.54,23555383,39166056.00
2014/06/18,1.53,1.54,1.53,1.54,29554150,48860480.00
2014/06/19,1.53,1.54,1.50,1.51,36010667,59067080.00
2014/06/20,1.51,1.53,1.50,1.53,31630602,51869036.00
2014/06/23,1.52,1.53,1.52,1.53,18860693,30978132.00
2014/06/24,1.52,1.54,1.52,1.53,21620440,35626920.00
2014/06/25,1.53,1.54,1.52,1.53,13647649,22438634.00
2014/06/26,1.53,1.57,1.52,1.55,48353433,80438648.00
2014/06/27,1.54,1.56,1.53,1.55,47356603,78876648.00
2014/06/30,1.54,1.56,1.54,1.55,26532655,44382268.00
2014/07/01,1.55,1.56,1.54,1.56,20508407,34313548.00
2014/07/02,1.55,1.56,1.54,1.56,27102835,45291296.00
2014/07/03,1.55,1.63,1.55,1.59,120893129,206653296.00
2014/07/04,1.58,1.59,1.56,1.57,57615531,97388680.00
2014/07/07,1.57,1.57,1.55,1.57,25666083,43111188.00
2014/07/08,1.56,1.57,1.55,1.56,23212056,39043888.00
2014/07/09,1.56,1.57,1.54,1.55,26192719,43960280.00
2014/07/10,1.55,1.56,1.54,1.55,25417513,42449424.00
2014/07/11,1.55,1.56,1.54,1.56,20752008,34729336.00
2014/07/14,1.56,1.57,1.55,1.57,37789900,63465600.00
2014/07/15,1.57,1.61,1.56,1.59,73255463,124817528.00
2014/07/16,1.59,1.64,1.58,1.62,117723111,204258768.00
2014/07/17,1.61,1.62,1.58,1.59,55539830,95294712.00
2014/07/18,1.58,1.60,1.56,1.58,45682246,77620416.00
2014/07/21,1.58,1.59,1.57,1.58,27583735,46896248.00
2014/07/22,1.58,1.60,1.57,1.60,34845134,59562556.00
2014/07/23,1.59,1.60,1.57,1.59,42594126,72622992.00
2014/07/24,1.58,1.61,1.57,1.61,80283378,138025376.00
2014/07/25,1.61,1.63,1.60,1.62,89828114,156018128.00
2014/07/28,1.62,1.68,1.62,1.66,169741787,300992256.00
2014/07/29,1.65,1.69,1.64,1.69,118422806,211718304.00
2014/07/30,1.68,1.71,1.67,1.67,103451791,186515216.00
2014/07/31,1.67,1.69,1.65,1.68,66076636,118174160.00
2014/08/01,1.67,1.70,1.66,1.67,86699708,156371360.00
2014/08/04,1.67,1.70,1.66,1.70,65309876,117958656.00
2014/08/05,1.70,1.71,1.69,1.70,79236361,144058352.00
2014/08/06,1.70,1.77,1.69,1.76,173132385,320700992.00
2014/08/07,1.74,1.77,1.71,1.72,115841983,215667920.00
2014/08/08,1.72,1.73,1.71,1.71,40106081,73748296.00
2014/08/11,1.72,1.76,1.71,1.75,70225761,130631240.00
2014/08/12,1.75,1.75,1.72,1.74,61100519,113324592.00
2014/08/13,1.74,1.74,1.69,1.71,109082187,199538480.00
2014/08/14,1.70,1.73,1.69,1.70,70289130,128324504.00
2014/08/15,1.70,1.72,1.69,1.71,50017965,91405280.00
2014/08/18,1.71,1.72,1.69,1.71,69008808,125926560.00
2014/08/19,1.71,1.74,1.70,1.73,89564541,164331888.00
2014/08/20,1.72,1.74,1.71,1.73,69331990,128057832.00
2014/08/21,1.73,1.74,1.70,1.72,58196575,106737608.00
2014/08/22,1.71,1.72,1.70,1.71,38125620,69842320.00
2014/08/25,1.71,1.86,1.69,1.77,223311502,421398336.00
2014/08/26,1.74,1.75,1.71,1.72,105389435,195208288.00
2014/08/27,1.71,1.73,1.70,1.72,42242604,77558464.00
2014/08/28,1.71,1.72,1.69,1.71,46786001,85448648.00
2014/08/29,1.71,1.72,1.69,1.72,39126623,71381904.00
2014/09/01,1.71,1.72,1.70,1.72,57579564,105468208.00
2014/09/02,1.72,1.75,1.71,1.74,99827832,184908336.00
2014/09/03,1.74,1.77,1.73,1.76,114750966,215535520.00
2014/09/04,1.75,1.78,1.75,1.78,99046840,187315824.00
2014/09/05,1.78,1.82,1.78,1.81,158087489,304177856.00
2014/09/09,1.81,1.88,1.80,1.87,264285615,520612000.00
2014/09/10,1.85,1.87,1.83,1.85,115925376,228081376.00
2014/09/11,1.85,1.88,1.83,1.84,138516735,273205760.00
2014/09/12,1.83,1.89,1.82,1.88,195463243,387942208.00
2014/09/15,1.88,1.93,1.86,1.92,198549948,402592640.00
2014/09/16,1.91,2.03,1.89,1.92,378056526,784429248.00
2014/09/17,1.92,1.97,1.91,1.94,198705498,408532992.00
2014/09/18,1.94,1.98,1.91,1.93,165428574,341159744.00
2014/09/19,1.93,1.94,1.89,1.91,139616644,283664704.00
2014/09/22,1.91,1.91,1.85,1.86,122038291,243426208.00
2014/09/23,1.86,1.87,1.83,1.87,218385764,429166464.00
2014/09/24,1.85,1.90,1.84,1.88,278719174,555543552.00
2014/09/25,1.89,1.92,1.87,1.89,347269870,698938432.00
2014/09/26,1.88,1.91,1.87,1.90,164550618,331422400.00
2014/09/29,1.90,1.93,1.89,1.91,181544876,367407136.00
2014/09/30,1.91,1.97,1.89,1.93,290763275,595987584.00
2014/10/08,1.93,1.93,1.91,1.93,164816101,336041952.00
2014/10/09,1.93,1.95,1.91,1.95,217089290,445271360.00
2014/10/10,1.94,2.03,1.93,1.98,373692219,781130816.00
2014/10/13,1.96,1.97,1.93,1.95,197085707,407384768.00
2014/10/14,1.94,1.98,1.93,1.94,191082267,396111168.00
2014/10/15,1.95,2.08,1.94,2.03,530590679,1142678272.00
2014/10/16,2.01,2.07,1.99,2.00,340177095,730725440.00
2014/10/17,1.98,2.00,1.93,1.97,250354322,519989184.00
2014/10/20,1.97,2.01,1.95,2.00,160919927,336498400.00
2014/10/21,1.99,2.00,1.95,1.96,140395320,294168064.00
2014/10/22,1.95,1.97,1.93,1.94,108175858,223938048.00
2014/10/23,1.94,1.94,1.88,1.89,160614005,326089376.00
2014/10/24,1.89,1.91,1.88,1.89,83689832,168375232.00
2014/10/27,1.88,1.91,1.85,1.90,107435938,215162528.00
2014/10/28,1.89,1.95,1.88,1.94,143540352,293874688.00
2014/10/29,1.95,2.05,1.94,2.02,455461849,967916032.00
2014/10/30,2.00,2.23,1.99,2.16,765375297,1702266496.00
2014/10/31,2.18,2.25,2.12,2.17,708180699,1637729536.00
2014/11/03,2.18,2.40,2.16,2.40,966407301,2390730496.00
2014/11/04,2.41,2.54,2.38,2.47,1000948875,2578827520.00
2014/11/05,2.48,2.49,2.38,2.41,489535594,1240884992.00
2014/11/06,2.38,2.40,2.29,2.38,377276735,929998144.00
2014/11/07,2.37,2.45,2.33,2.36,444911455,1112910720.00
2014/11/10,2.38,2.47,2.34,2.46,436384574,1103589760.00
2014/11/11,2.45,2.62,2.33,2.41,639989487,1663691648.00
2014/11/12,2.43,2.53,2.39,2.48,377248395,978572928.00
2014/11/13,2.49,2.54,2.43,2.52,445551107,1161816320.00
2014/11/14,2.57,2.60,2.45,2.48,356484790,939163904.00
2014/11/17,2.47,2.48,2.31,2.39,274965589,691771392.00
2014/11/18,2.36,2.41,2.33,2.35,223345126,552726592.00
2014/11/19,2.37,2.41,2.35,2.39,199032960,497092672.00
2014/11/20,2.38,2.39,2.34,2.37,118124737,293128960.00
2014/11/21,2.35,2.39,2.32,2.39,201502694,498480608.00
2014/11/24,2.42,2.46,2.38,2.44,364718232,928296064.00
2014/11/25,2.43,2.50,2.41,2.47,354595324,917672576.00
2014/11/26,2.49,2.50,2.39,2.44,316411749,809396224.00
2014/11/27,2.44,2.48,2.40,2.48,335703701,860131008.00
2014/11/28,2.66,2.74,2.63,2.74,1211661659,3424391936.00
2014/12/01,2.85,3.03,2.79,3.03,1080066225,3315569664.00
2014/12/02,2.88,3.22,2.76,3.07,982444419,3037947648.00
2014/12/03,3.06,3.15,2.90,2.97,678098575,2122588032.00
2014/12/04,2.97,3.03,2.91,3.02,544007189,1679291776.00
2014/12/05,3.01,3.08,2.86,2.92,595719852,1833718016.00
2014/12/08,2.92,3.04,2.92,3.01,527900789,1637012224.00
2014/12/09,3.13,3.21,2.88,2.94,828113366,2667163136.00
2014/12/10,2.90,3.02,2.83,3.01,413187704,1261743360.00
2014/12/11,3.16,3.32,3.10,3.32,999118707,3377663744.00
2014/12/12,3.46,3.48,3.22,3.31,778718963,2690883328.00
2014/12/15,3.36,3.42,3.21,3.25,399395191,1359104384.00
2014/12/16,3.33,3.37,3.25,3.32,398448563,1359934848.00
2014/12/17,3.33,3.57,3.24,3.44,668009363,2354834688.00
2014/12/18,3.35,3.50,3.30,3.38,396133058,1389605888.00
2014/12/19,3.40,3.71,3.37,3.64,760001584,2809879296.00
2014/12/22,3.53,3.60,3.39,3.48,647854888,2349431552.00
2014/12/23,3.48,3.52,3.22,3.31,405999883,1428421376.00
2014/12/24,3.25,3.28,3.08,3.14,383846723,1259403136.00
2014/12/25,3.19,3.27,3.10,3.25,371667006,1233975424.00
2014/12/26,3.26,3.42,3.20,3.38,517287498,1779760000.00
2014/12/29,3.38,3.46,3.31,3.35,502941510,1755865856.00
2014/12/30,3.39,3.41,3.24,3.27,308991300,1056652608.00
2014/12/31,3.24,3.33,3.21,3.30,242736488,821422208.00
2015/01/05,3.36,3.61,3.36,3.52,659624743,2378544896.00
2015/01/06,3.64,3.70,3.52,3.55,671727992,2491819264.00
2015/01/07,3.61,3.66,3.49,3.56,453083026,1671567104.00
2015/01/08,3.51,3.52,3.38,3.42,310765598,1104044928.00
2015/01/09,3.38,3.52,3.35,3.40,311449942,1108841088.00
2015/01/12,3.40,3.41,3.25,3.37,263863065,907362560.00
2015/01/13,3.41,3.46,3.34,3.35,207386811,729242944.00
2015/01/14,3.33,3.33,3.24,3.27,177049623,602324864.00
2015/01/15,3.18,3.33,3.18,3.32,195477967,656655104.00
2015/01/16,3.35,3.37,3.29,3.31,169138478,581274688.00
2015/01/19,3.11,3.29,2.97,3.01,371065004,1202048384.00
2015/01/20,3.06,3.16,3.03,3.16,225279742,724966144.00
2015/01/21,3.21,3.26,3.18,3.26,254691053,851188928.00
2015/01/22,3.26,3.27,3.21,3.25,173979605,583932160.00
2015/01/23,3.25,3.32,3.23,3.25,227003400,770204160.00
2015/01/26,3.26,3.33,3.24,3.33,222616743,758632704.00
2015/01/27,3.31,3.31,3.19,3.25,224345702,755797952.00
2015/01/28,3.21,3.23,3.19,3.19,128587393,427702464.00
2015/01/29,3.16,3.21,3.13,3.17,104999287,345995744.00
2015/01/30,3.19,3.20,3.08,3.10,126311830,410655840.00
2015/02/02,3.04,3.06,2.99,3.00,130975015,411304000.00
2015/02/03,3.01,3.04,2.94,3.04,164674595,513025504.00
2015/02/04,3.02,3.02,2.95,2.95,142253027,441529824.00
2015/02/05,3.02,3.04,2.93,2.93,158431358,493501664.00
2015/02/06,2.92,2.93,2.76,2.78,225113183,660861952.00
2015/02/09,2.75,2.79,2.70,2.77,116972952,335689216.00
2015/02/10,2.76,2.90,2.74,2.88,137535934,408191232.00
2015/02/11,2.90,2.93,2.88,2.92,94403754,285431616.00
2015/02/12,2.92,2.96,2.87,2.94,97777686,296609728.00
2015/02/13,2.93,2.98,2.91,2.95,118229112,362862240.00
2015/02/16,2.95,2.96,2.92,2.95,92881921,284181888.00
2015/02/17,2.95,3.18,2.94,3.11,249186200,794031040.00
2015/02/25,3.10,3.10,3.05,3.07,142046737,453666912.00
2015/02/26,3.05,3.09,2.98,3.09,149503957,472734016.00
2015/02/27,3.11,3.15,3.09,3.10,170517559,551638848.00
2015/03/02,3.13,3.13,3.07,3.10,142033895,455776608.00
2015/03/03,3.09,3.10,2.99,3.00,171706693,542041344.00
2015/03/04,2.98,3.03,2.98,3.02,116481159,363975648.00
2015/03/05,3.01,3.01,2.93,2.96,129588479,399213440.00
2015/03/06,2.98,3.05,2.97,3.01,132329235,414190528.00
2015/03/09,2.99,3.04,2.96,3.03,114072989,355792320.00
2015/03/10,3.02,3.13,3.00,3.10,229634514,734963712.00
2015/03/11,3.08,3.31,3.08,3.21,474106784,1587880320.00
2015/03/12,3.19,3.27,3.14,3.20,245572601,815218176.00
2015/03/13,3.22,3.43,3.21,3.33,521991418,1803933056.00
2015/03/16,3.42,3.48,3.31,3.46,577836928,2033960320.00
2015/03/17,3.48,3.82,3.40,3.82,637334093,2433793024.00
2015/03/18,4.21,4.21,4.06,4.21,1238618916,5330140672.00
2015/03/19,4.16,4.30,4.08,4.20,1186603054,5115268096.00
2015/03/20,4.23,4.24,4.00,4.07,815903232,3442289152.00
2015/03/23,4.10,4.19,4.05,4.17,675074731,2873168384.00
2015/03/24,4.12,4.60,4.10,4.60,1288391018,5753306112.00
2015/03/25,4.52,4.55,4.38,4.43,729195379,3337750528.00
2015/03/26,4.43,4.43,4.19,4.22,564472113,2482896640.00
2015/03/27,4.19,4.28,4.14,4.24,357443305,1549958784.00
2015/04/14,4.68,4.68,4.68,4.68,15591498,74839192.00
2015/04/15,5.16,5.16,5.16,5.16,28908355,152636112.00
2015/04/16,5.25,5.64,4.84,5.34,1239199902,6743749120.00
2015/04/17,5.44,5.88,5.26,5.77,1015965495,5701971456.00
2015/04/20,5.68,6.21,5.41,5.99,1015006829,6117490688.00
2015/04/21,5.88,6.13,5.78,5.98,587029343,3561308416.00
2015/04/22,6.05,6.18,5.98,6.02,584539172,3597056512.00
2015/04/23,6.03,6.05,5.89,5.92,507282464,3066501632.00
2015/04/24,5.85,6.03,5.77,5.97,542154628,3278434816.00
2015/04/27,6.05,6.20,5.92,6.04,669417107,4140237312.00
2015/04/28,5.99,6.04,5.81,5.84,531094259,3195782912.00
2015/04/29,5.78,5.82,5.59,5.73,332115180,1935499520.00
2015/04/30,5.78,6.02,5.75,5.84,481026640,2898717184.00
2015/05/04,5.84,5.86,5.64,5.74,323454003,1895336704.00
2015/05/05,5.74,5.76,5.27,5.36,414220278,2336736256.00
2015/05/06,5.33,5.45,4.96,5.06,376317734,2010240768.00
2015/05/07,5.00,5.00,4.68,4.68,361208455,1778131456.00
2015/05/08,4.73,5.16,4.73,5.16,647179759,3338039808.00
2015/05/11,5.18,5.62,5.17,5.43,570755089,3141376000.00
2015/05/12,5.43,5.48,5.23,5.42,364273253,1999570816.00
2015/05/13,5.36,5.45,5.26,5.30,295479635,1608759936.00
2015/05/14,5.26,5.36,5.14,5.33,294450226,1579188992.00
2015/05/15,5.35,5.35,5.08,5.11,219299155,1160474624.00
2015/05/18,5.04,5.11,4.92,4.98,176364865,906680448.00
2015/05/19,4.98,5.25,4.96,5.18,250811294,1320636544.00
2015/05/20,5.25,5.45,5.19,5.24,344428572,1882402304.00
2015/05/21,5.23,5.38,5.14,5.30,281195238,1507772288.00
2015/05/22,5.31,5.52,5.28,5.48,456414628,2511040768.00
2015/05/25,5.48,5.83,5.48,5.73,524103235,3043751168.00
2015/05/26,5.78,5.84,5.53,5.75,576732670,3352069120.00
2015/05/27,5.77,6.07,5.73,5.91,679728390,4108780288.00
2015/05/28,5.88,5.90,5.33,5.36,590262734,3426292736.00
2015/05/29,5.36,5.46,4.96,5.26,356707547,1915544320.00
2015/06/01,5.26,5.52,5.21,5.49,321208913,1770073856.00
2015/06/02,5.49,5.60,5.41,5.56,339829170,1908210816.00
2015/06/03,5.53,5.65,5.42,5.60,396750039,2239767040.00
2015/06/04,5.63,5.73,5.23,5.65,423259321,2410496768.00
2015/06/05,5.76,5.87,5.65,5.83,605088268,3569672960.00
2015/06/08,5.90,6.43,5.90,6.43,902076833,5746817536.00
2015/06/09,6.66,6.66,6.20,6.38,997878900,6475993600.00
2015/06/10,6.18,6.81,6.08,6.52,832669488,5431227904.00
2015/06/11,6.41,6.59,6.35,6.39,481032400,3119353600.00
2015/06/12,6.40,6.45,6.20,6.30,461101799,2926461440.00
2015/06/15,6.32,6.60,6.28,6.42,635503016,4145932032.00
2015/06/16,6.33,6.65,6.23,6.45,681082145,4435999232.00
2015/06/17,6.35,6.44,5.96,6.32,523575886,3271876096.00
2015/06/18,6.32,6.96,6.22,6.54,950825805,6430920704.00
2015/06/19,6.15,6.46,5.88,5.90,613085532,3797061888.00
2015/06/23,5.90,6.44,5.54,6.27,603024862,3689066752.00
2015/06/24,6.27,6.90,6.23,6.82,1164985740,7877600256.00
2015/06/25,6.75,6.77,6.32,6.46,781020842,5181474816.00
2015/06/26,6.17,6.37,5.81,5.89,620981054,3785229824.00
2015/06/29,6.05,6.29,5.37,6.09,736706001,4477947904.00
2015/06/30,6.06,6.39,5.56,6.34,725134749,4395705856.00
2015/07/01,6.15,6.29,5.75,5.82,534272287,3268247808.00
2015/07/02,5.85,5.92,5.23,5.23,499267450,2739714048.00
2015/07/03,4.87,5.19,4.70,4.70,509631264,2465099776.00
2015/07/06,5.17,5.17,4.31,4.81,531155897,2584073728.00
2015/07/07,4.75,4.94,4.41,4.72,512712066,2445880064.00
2015/07/08,4.27,4.45,4.24,4.24,302919224,1302935424.00
2015/07/10,4.67,4.67,4.67,4.67,93187976,439847232.00
2015/07/13,5.14,5.14,4.87,5.14,582884021,2973398272.00
2015/07/14,5.20,5.57,5.00,5.19,621612303,3307261440.00
2015/07/15,5.09,5.14,4.68,4.70,386409834,1907057024.00
2015/07/16,4.70,5.13,4.70,5.01,418233991,2101383680.00
2015/07/17,5.04,5.32,5.01,5.25,512055757,2668184576.00
2015/07/20,5.26,5.42,5.15,5.26,452434612,2410927104.00
2015/07/21,5.19,5.74,5.09,5.62,685451032,3730673664.00
2015/07/22,5.45,5.63,5.35,5.44,534540190,2955533568.00
2015/07/23,5.46,5.90,5.46,5.68,637729758,3664105984.00
2015/07/24,5.68,5.72,5.42,5.48,494257984,2792970496.00
2015/07/27,5.35,5.63,4.96,5.03,460049050,2465812480.00
2015/07/28,4.86,5.40,4.67,5.30,570696244,2916790528.00
2015/07/29,5.30,5.54,5.25,5.52,436555879,2380135168.00
2015/07/30,5.45,5.51,5.16,5.21,343388905,1861546368.00
2015/07/31,5.15,5.30,5.11,5.25,219113105,1152099328.00
2015/08/03,5.24,5.40,5.12,5.36,286243758,1518447744.00
2015/08/04,5.44,5.75,5.37,5.70,518082107,2917116928.00
2015/08/05,5.71,5.71,5.40,5.45,418644504,2339085312.00
2015/08/06,5.30,5.47,5.25,5.33,189733889,1025160128.00
2015/08/07,5.40,5.54,5.23,5.43,239573390,1314943744.00
2015/08/10,5.49,5.69,5.45,5.63,450391291,2540754688.00
2015/08/11,5.56,5.60,5.17,5.43,563710467,3092928512.00
2015/08/12,5.20,5.33,5.15,5.25,407590883,2152503552.00
2015/08/13,5.23,5.38,5.19,5.37,286278861,1534119424.00
2015/08/14,5.38,5.39,5.27,5.29,270463647,1449139712.00
2015/08/17,5.32,5.50,5.21,5.48,348722750,1883479168.00
2015/08/18,5.44,5.44,4.96,5.03,345176319,1822409344.00
2015/08/19,4.95,5.26,4.90,5.20,248613483,1273888640.00
2015/08/20,5.20,5.21,5.00,5.03,149247635,769010176.00
2015/08/21,4.95,5.03,4.76,4.79,180259022,890586176.00
2015/08/24,4.62,4.63,4.31,4.31,182013727,801215104.00
2015/08/25,3.87,4.05,3.87,3.87,383056063,1513091840.00
2015/08/26,3.89,4.00,3.50,3.54,308210551,1175533312.00
2015/08/27,3.57,3.75,3.40,3.67,222119178,810808832.00
2015/08/28,3.70,3.95,3.59,3.91,303697967,1162569088.00
2015/08/31,3.83,3.90,3.72,3.85,212387323,818651008.00
2015/09/01,3.79,4.11,3.61,3.93,293286505,1147318272.00
2015/09/02,3.78,4.15,3.73,4.02,323394799,1314539136.00
2015/09/07,4.03,4.19,3.94,3.97,170940401,699229568.00
2015/09/08,3.94,4.05,3.84,4.02,123879000,495157696.00
2015/09/09,4.03,4.13,4.00,4.10,172634092,712585984.00
2015/09/10,4.03,4.11,3.96,3.99,102470583,418827968.00
2015/09/11,3.98,4.04,3.93,4.00,75371900,304201920.00
2015/09/14,4.03,4.05,3.69,3.96,160589749,631634560.00
2015/09/15,3.83,3.92,3.72,3.75,95688078,368904640.00
2015/09/16,3.75,4.08,3.72,4.01,124168247,489806592.00
2015/09/17,3.95,4.01,3.85,3.86,119053711,474789152.00
2015/09/18,3.89,3.91,3.81,3.85,60372914,235636000.00
2015/09/21,3.82,3.94,3.78,3.92,73271304,288641952.00
2015/09/22,3.92,4.05,3.88,3.98,136824334,548971136.00
2015/09/23,3.91,3.93,3.83,3.84,87620869,343679232.00
2015/09/24,3.88,3.90,3.84,3.86,44353901,173678656.00
2015/09/25,3.86,3.87,3.75,3.77,60672900,233576192.00
2015/09/28,3.77,3.80,3.73,3.79,32682626,124910880.00
2015/09/29,3.75,3.76,3.68,3.70,38718024,145939632.00
2015/09/30,3.71,3.78,3.71,3.74,40540549,153927248.00
2015/10/08,3.82,3.85,3.78,3.82,70142105,271463072.00
2015/10/09,3.81,3.94,3.79,3.87,91129467,356119744.00
2015/10/12,3.85,4.04,3.84,4.01,199015672,800223680.00
2015/10/13,3.99,4.09,3.96,4.02,141614716,577461248.00
2015/10/14,3.97,4.02,3.90,3.91,119127584,477466432.00
2015/10/15,3.89,3.99,3.89,3.99,116153811,465773216.00
2015/10/16,4.03,4.18,4.01,4.08,227301089,940335488.00
2015/10/19,4.14,4.18,4.06,4.14,210946940,879816128.00
2015/10/20,4.15,4.16,4.08,4.14,139657017,581958528.00
2015/10/21,4.18,4.20,3.87,3.92,206573501,850806464.00
2015/10/22,3.98,4.15,3.95,4.12,188249391,771684608.00
2015/10/23,4.08,4.12,3.98,4.09,168312776,688446208.00
2015/10/26,4.14,4.17,4.01,4.05,157672235,650182528.00
2015/10/27,4.04,4.04,3.93,4.01,118404421,476746368.00
2015/10/28,4.01,4.06,3.97,3.98,87759452,356704000.00
2015/10/29,3.98,4.00,3.94,3.98,83689563,336541184.00
2015/10/30,3.98,3.98,3.92,3.95,67380695,269434304.00
2015/11/02,3.91,3.93,3.86,3.87,71508963,282194656.00
2015/11/03,3.87,3.92,3.86,3.88,44078707,173349760.00
2015/11/04,3.89,4.01,3.88,4.01,121046538,485605920.00
2015/11/05,4.01,4.42,3.98,4.19,491437486,2087677568.00
2015/11/06,4.13,4.22,4.10,4.20,297761025,1253532032.00
2015/11/09,4.17,4.32,4.14,4.23,307271969,1319153792.00
2015/11/10,4.21,4.23,4.15,4.18,180689697,765183296.00
2015/11/11,4.18,4.21,4.13,4.18,126469301,533437920.00
2015/11/12,4.20,4.22,4.15,4.16,150415058,635891712.00
2015/11/13,4.13,4.19,4.09,4.12,157718949,659763328.00
2015/11/16,4.01,4.07,3.99,4.07,108278635,442031104.00
2015/11/17,4.10,4.18,4.06,4.07,155570317,648932224.00
2015/11/18,4.09,4.10,4.01,4.03,84781259,348055072.00
2015/11/19,4.03,4.06,4.00,4.06,96837640,394898208.00
2015/11/20,4.06,4.06,4.02,4.05,101136020,413635936.00
2015/11/23,4.03,4.04,3.99,4.01,124787153,507129760.00
2015/11/24,4.02,4.02,3.93,3.99,92005911,369325152.00
2015/11/25,3.97,4.01,3.95,4.01,84328594,340254624.00
2015/11/26,4.00,4.02,3.96,3.97,95651845,385753248.00
2015/11/27,3.96,3.96,3.71,3.76,198155648,772590400.00
2015/11/30,3.77,3.79,3.60,3.74,118525520,445947264.00
2015/12/01,3.75,3.81,3.72,3.79,85717054,327778400.00
2015/12/02,3.80,3.88,3.75,3.88,105937182,410170656.00
2015/12/03,3.91,3.93,3.87,3.90,93281178,368148384.00
2015/12/04,3.86,3.87,3.80,3.83,85347604,330980992.00
2015/12/07,3.84,3.86,3.81,3.86,58423115,227269824.00
2015/12/08,3.93,4.09,3.90,3.91,236787342,953033920.00
2015/12/09,3.87,3.98,3.78,3.83,150074522,583979968.00
2015/12/10,3.82,3.84,3.76,3.78,83320556,320457440.00
2015/12/11,3.78,3.78,3.73,3.76,56630244,215265696.00
2015/12/14,3.74,3.83,3.71,3.83,73589016,282276128.00
2015/12/15,3.83,3.84,3.78,3.80,63706026,245901632.00
2015/12/16,3.79,3.81,3.78,3.78,49582424,190452656.00
2015/12/17,3.80,3.87,3.79,3.86,118949574,463030336.00
2015/12/18,3.86,4.12,3.85,3.96,296857645,1205974144.00
2015/12/21,3.94,4.07,3.91,4.00,181997444,736148032.00
2015/12/22,4.01,4.02,3.94,3.99,119897515,482168864.00
2015/12/23,3.99,3.99,3.95,3.95,100686613,404548128.00
2015/12/24,3.95,3.95,3.86,3.89,86035090,339331904.00
2015/12/25,3.89,3.93,3.88,3.91,48765600,192987696.00
2015/12/28,3.91,3.95,3.84,3.85,84033689,331466336.00
2015/12/29,3.85,3.89,3.83,3.89,51973706,203509504.00
2015/12/30,3.89,3.89,3.84,3.88,53068846,207550688.00
2015/12/31,3.88,3.88,3.83,3.84,46310613,180815024.00
2016/01/04,3.83,3.84,3.56,3.57,91970763,348027904.00
2016/01/05,3.47,3.64,3.47,3.59,107926199,390736352.00
2016/01/06,3.59,3.71,3.59,3.71,79172865,293643168.00
2016/01/07,3.68,3.75,3.46,3.48,31813749,117155040.00
2016/01/08,3.55,3.71,3.41,3.65,163573367,595616384.00
2016/01/11,3.60,3.87,3.56,3.69,250542149,952345088.00
2016/01/12,3.83,3.84,3.57,3.68,186935520,700618368.00
2016/01/13,3.68,3.70,3.54,3.55,105403833,385618304.00
2016/01/14,3.46,3.57,3.43,3.55,109427145,388416288.00
2016/01/15,3.53,3.54,3.28,3.33,110968074,384174208.00
2016/01/18,3.24,3.43,3.21,3.32,73377548,247896288.00
2016/01/19,3.32,3.40,3.28,3.40,82656076,282077952.00
2016/01/20,3.40,3.65,3.37,3.50,179697010,642732672.00
2016/01/21,3.46,3.51,3.35,3.36,104234448,363378848.00
2016/01/22,3.38,3.40,3.29,3.36,66581332,226208384.00
2016/01/25,3.37,3.38,3.34,3.36,47407511,161476928.00
2016/01/26,3.35,3.38,3.10,3.13,94082969,309691680.00
2016/01/27,3.13,3.17,2.88,3.00,109311944,335219360.00
2016/01/28,2.98,3.00,2.89,2.90,69290298,208210512.00
2016/01/29,2.90,2.99,2.89,2.98,59252814,178072336.00
2016/02/01,2.98,2.99,2.93,2.95,45775185,137332144.00
2016/02/02,2.96,3.04,2.96,3.02,64212048,196337760.00
2016/02/03,3.00,3.04,2.98,3.01,49842249,152294976.00
2016/02/04,2.99,3.05,2.99,3.03,80374381,246989024.00
2016/02/05,3.03,3.12,3.02,3.03,90561333,281970944.00
2016/02/15,2.94,3.10,2.91,3.04,78466733,239740864.00
2016/02/16,3.04,3.12,3.03,3.12,106003681,332741824.00
2016/02/17,3.13,3.13,3.07,3.13,92837616,292673312.00
2016/02/18,3.12,3.13,3.09,3.10,67497024,213217904.00
2016/02/19,3.10,3.10,3.06,3.08,45240164,141624000.00
2016/02/22,3.11,3.19,3.09,3.14,103925957,331099072.00
2016/02/23,3.13,3.13,3.06,3.10,70452451,221683424.00
2016/02/24,3.09,3.12,3.07,3.12,60390796,190170928.00
2016/02/25,3.16,3.21,2.97,3.00,183411372,581836736.00
2016/02/26,3.01,3.05,2.97,3.02,64396483,196812752.00
2016/02/29,3.02,3.03,2.88,2.96,78688603,234578656.00
2016/03/01,2.96,3.01,2.94,3.01,51884998,157118592.00
2016/03/02,3.01,3.12,2.98,3.10,121204715,377587104.00
2016/03/03,3.09,3.15,3.07,3.12,132573943,418649120.00
2016/03/04,3.09,3.14,3.07,3.13,137189765,432998112.00
2016/03/07,3.12,3.17,3.10,3.14,75755675,241218720.00
2016/03/08,3.12,3.12,3.01,3.10,78007124,242547200.00
2016/03/09,3.05,3.11,3.03,3.10,61167620,190415248.00
2016/03/10,3.07,3.10,3.04,3.04,34149579,106569016.00
2016/03/11,3.04,3.05,3.01,3.03,27486850,84656032.00
2016/03/14,3.05,3.12,3.05,3.10,61517808,193737552.00
2016/03/15,3.09,3.14,3.06,3.13,65073604,205421056.00
2016/03/16,3.13,3.18,3.11,3.14,105556911,337647456.00
2016/03/17,3.13,3.17,3.11,3.15,63703118,203504256.00
2016/03/18,3.15,3.20,3.14,3.17,165429483,532811136.00
2016/03/21,3.19,3.24,3.16,3.21,220793847,717961600.00
2016/03/22,3.20,3.20,3.16,3.16,81436516,262951520.00
2016/03/23,3.15,3.18,3.13,3.17,55986914,179321968.00
2016/03/24,3.18,3.22,3.16,3.17,116792923,378942336.00
2016/03/25,3.15,3.15,3.11,3.14,89931036,285540800.00
2016/03/28,3.14,3.16,3.10,3.11,67057261,213658896.00
2016/03/29,3.10,3.12,3.05,3.07,65574451,205118976.00
2016/03/30,3.08,3.13,3.07,3.13,64184380,202610032.00
2016/03/31,3.14,3.15,3.11,3.12,54245562,172175680.00
2016/04/01,3.10,3.20,3.10,3.16,104279165,334555424.00
2016/04/05,3.16,3.20,3.12,3.19,130836581,422330752.00
2016/04/06,3.17,3.18,3.13,3.16,88209897,283067232.00
2016/04/07,3.16,3.17,3.12,3.12,73917959,235748976.00
2016/04/08,3.10,3.12,3.08,3.11,50982022,160467152.00
2016/04/11,3.11,3.15,3.10,3.14,61708127,196682432.00
2016/04/12,3.13,3.14,3.09,3.11,47468637,150059104.00
2016/04/13,3.12,3.17,3.11,3.15,97905925,313672672.00
2016/04/14,3.18,3.21,3.16,3.17,94243970,304729760.00
2016/04/15,3.16,3.17,3.13,3.15,56708428,181194608.00
2016/04/18,3.17,3.18,3.13,3.13,60813403,194715200.00
2016/04/19,3.13,3.17,3.11,3.14,56178453,179313632.00
2016/04/20,3.14,3.17,3.01,3.09,124563953,391181952.00
2016/04/21,3.07,3.08,3.04,3.04,48459630,150692880.00
2016/04/22,3.04,3.07,3.02,3.04,29153864,90157112.00
2016/04/25,3.04,3.05,3.01,3.02,24555571,75453184.00
2016/04/26,3.02,3.04,3.01,3.04,27508021,84645152.00
2016/04/27,3.04,3.05,3.02,3.03,27098914,83362080.00
2016/04/28,3.03,3.03,2.98,3.01,36229644,110745032.00
2016/04/29,3.02,3.03,3.00,3.02,28028003,86032344.00
2016/05/03,3.03,3.08,3.01,3.07,58179088,180868608.00
2016/05/04,3.08,3.30,3.07,3.27,355867344,1158812800.00
2016/05/05,3.25,3.36,3.22,3.23,265311461,884086784.00
2016/05/06,3.25,3.33,3.17,3.19,218763515,720397952.00
2016/05/09,3.15,3.20,3.07,3.11,160860193,510185696.00
2016/05/10,3.12,3.21,3.08,3.15,125450349,402111264.00
2016/05/11,3.15,3.47,3.12,3.42,488102631,1659724544.00
2016/05/12,3.33,3.42,3.28,3.34,299267784,1015898880.00
2016/05/13,3.32,3.36,3.28,3.35,138788998,467045312.00
2016/05/16,3.33,3.36,3.28,3.35,105679435,357491776.00
2016/05/17,3.34,3.34,3.23,3.24,117221026,389825472.00
2016/05/18,3.25,3.29,3.12,3.17,167324902,541155328.00
2016/05/19,3.16,3.21,3.15,3.17,102572156,331009696.00
2016/05/20,3.14,3.17,3.11,3.17,80633814,257320112.00
2016/05/23,3.17,3.23,3.15,3.20,105032026,340987200.00
2016/05/24,3.20,3.20,3.14,3.16,83447891,267889712.00
2016/05/25,3.18,3.18,3.08,3.11,116779611,371172928.00
2016/05/26,3.10,3.12,3.05,3.08,82164185,256788368.00
2016/05/27,3.09,3.12,3.07,3.11,46977993,148025088.00
2016/05/30,3.10,3.10,3.02,3.06,57746886,179216944.00
2016/05/31,3.06,3.17,3.05,3.16,94640576,301218848.00
2016/06/01,3.16,3.20,3.15,3.16,84182189,271234880.00
2016/06/02,3.17,3.23,3.15,3.19,78386817,254615920.00
2016/06/03,3.18,3.20,3.16,3.19,77501832,250111696.00
2016/06/06,3.21,3.29,3.20,3.22,94714920,311359040.00
2016/06/07,3.20,3.21,3.16,3.18,52807352,170576288.00
2016/06/08,3.18,3.18,3.13,3.15,58113752,185994512.00
2016/06/13,3.12,3.14,3.06,3.06,63596630,200887968.00
2016/06/14,3.05,3.09,3.04,3.09,48048157,150037200.00
2016/06/15,3.07,3.16,3.06,3.13,75701608,239707296.00
2016/06/16,3.12,3.17,3.09,3.10,60249717,191225616.00
2016/06/17,3.11,3.17,3.10,3.13,82761458,263784720.00
2016/06/20,3.11,3.12,3.07,3.10,60523591,190309744.00
2016/06/21,3.11,3.13,3.09,3.10,61912628,195772080.00
2016/06/22,3.10,3.12,3.09,3.11,32728944,103170920.00
2016/06/23,3.12,3.12,3.07,3.09,46201445,145066576.00
2016/06/24,3.10,3.10,3.03,3.06,71539556,222968832.00
2016/06/27,3.05,3.09,3.05,3.09,41164041,128657928.00
2016/06/28,3.08,3.09,3.06,3.09,62397859,195064992.00
2016/06/29,3.09,3.14,3.08,3.13,80097342,253499088.00
2016/06/30,3.14,3.14,3.10,3.12,51578901,163398960.00
2016/07/01,3.12,3.13,3.11,3.13,34556950,109487344.00
2016/07/04,3.12,3.18,3.11,3.17,101550609,325231680.00
2016/07/05,3.17,3.27,3.16,3.23,186032052,610225344.00
2016/07/06,3.22,3.23,3.17,3.20,90165898,291933888.00
2016/07/07,3.18,3.25,3.18,3.22,100523257,328535424.00
2016/07/08,3.23,3.25,3.19,3.19,94489182,308838528.00
2016/07/11,3.20,3.24,3.18,3.21,103196453,336525536.00
2016/07/12,3.20,3.53,3.19,3.48,416691316,1424415744.00
2016/07/13,3.43,3.44,3.33,3.35,251875427,864630080.00
2016/07/14,3.36,3.37,3.31,3.34,113948419,385706688.00
2016/07/15,3.34,3.36,3.32,3.36,76952730,261117872.00
2016/07/18,3.34,3.39,3.32,3.37,110174888,375587904.00
2016/07/19,3.36,3.37,3.30,3.33,80210348,270419584.00
2016/07/20,3.32,3.34,3.31,3.33,42971821,144929040.00
2016/07/21,3.33,3.36,3.31,3.33,80018609,270841056.00
2016/07/22,3.34,3.34,3.27,3.29,64975837,217472832.00
2016/07/25,3.28,3.31,3.27,3.29,37167970,124057712.00
2016/07/26,3.29,3.37,3.28,3.36,101469558,344044096.00
2016/07/27,3.37,3.38,3.23,3.30,151810574,508117088.00
2016/07/28,3.29,3.44,3.26,3.34,159926681,543784448.00
2016/07/29,3.34,3.39,3.32,3.33,103109996,350334720.00
2016/08/01,3.32,3.33,3.26,3.31,76603881,255865632.00
2016/08/02,3.32,3.34,3.29,3.32,47578439,159929200.00
2016/08/03,3.33,3.39,3.32,3.37,111394687,379749280.00
2016/08/04,3.34,3.36,3.32,3.35,74313055,251882640.00
2016/08/05,3.35,3.35,3.31,3.32,66828497,225492640.00
2016/08/08,3.30,3.33,3.29,3.33,59656083,200084976.00
2016/08/09,3.32,3.34,3.30,3.34,57002439,192251104.00
2016/08/10,3.34,3.34,3.30,3.31,60032646,202166048.00
2016/08/11,3.32,3.33,3.30,3.30,40690562,136751360.00
2016/08/12,3.29,3.34,3.29,3.34,56416563,189945648.00
2016/08/15,3.34,3.47,3.33,3.46,250700742,868195264.00
2016/08/16,3.47,3.48,3.42,3.45,152781122,534875040.00
2016/08/17,3.45,3.45,3.40,3.42,97250361,337440640.00
2016/08/18,3.41,3.45,3.41,3.42,74087093,257438784.00
2016/08/19,3.41,3.42,3.37,3.40,57234959,196862944.00
2016/08/22,3.40,3.41,3.38,3.40,33624778,115768520.00
2016/08/23,3.40,3.41,3.36,3.39,56988929,195839456.00
2016/08/24,3.39,3.40,3.36,3.40,41132804,141405136.00
2016/08/25,3.39,3.40,3.32,3.35,69897661,238059872.00
2016/08/26,3.36,3.38,3.34,3.35,36725866,125216656.00
2016/08/29,3.35,3.37,3.33,3.36,31223665,106207872.00
2016/08/30,3.34,3.34,3.29,3.30,73198423,245889888.00
2016/08/31,3.30,3.31,3.28,3.31,42996612,143823728.00
2016/09/01,3.31,3.32,3.28,3.28,42122120,140921776.00
2016/09/02,3.29,3.31,3.28,3.30,41386929,138392480.00
2016/09/05,3.30,3.31,3.28,3.30,39951700,133714688.00
2016/09/06,3.29,3.31,3.27,3.31,52031161,173737472.00
2016/09/07,3.31,3.34,3.29,3.31,70970284,238740064.00
2016/09/08,3.31,3.31,3.28,3.29,83290477,278262624.00
2016/09/09,3.29,3.30,3.24,3.24,84661773,280670048.00
2016/09/12,3.22,3.22,3.15,3.20,105294854,340802272.00
2016/09/13,3.20,3.21,3.16,3.18,56831922,183286272.00
2016/09/14,3.16,3.18,3.15,3.17,40906205,131323576.00
2016/09/19,3.17,3.19,3.17,3.19,26636752,86119160.00
2016/09/20,3.19,3.19,3.17,3.18,16591223,53471188.00
2016/09/21,3.17,3.19,3.17,3.18,20991546,67811512.00
2016/09/22,3.18,3.22,3.18,3.20,51778154,168173328.00
2016/09/23,3.19,3.20,3.17,3.18,30631543,99136112.00
2016/09/26,3.18,3.18,3.13,3.14,38827803,124626664.00
2016/09/27,3.13,3.15,3.12,3.14,33010114,105122904.00
2016/09/28,3.14,3.18,3.13,3.17,46311636,148509840.00
2016/09/29,3.15,3.17,3.14,3.15,25211057,80758800.00
2016/09/30,3.15,3.16,3.14,3.15,20562548,65821492.00
2016/10/10,3.16,3.18,3.15,3.18,37532395,120729720.00
2016/10/11,3.18,3.19,3.17,3.18,40300095,130173120.00
2016/10/12,3.17,3.18,3.16,3.17,23368859,75168896.00
2016/10/13,3.17,3.18,3.16,3.17,27968234,89973848.00
2016/10/14,3.16,3.24,3.15,3.23,88811786,287806144.00
2016/10/17,3.21,3.22,3.16,3.18,52257414,169202416.00
2016/10/18,3.18,3.21,3.16,3.21,40532827,131449640.00
2016/10/19,3.20,3.26,3.19,3.22,78781746,258396416.00
2016/10/20,3.21,3.22,3.19,3.21,53264931,173393072.00
2016/10/21,3.21,3.22,3.17,3.19,57707723,186988256.00
2016/10/24,3.18,3.22,3.17,3.21,69430323,225722352.00
2016/10/25,3.21,3.22,3.20,3.22,50236580,163774688.00
2016/10/26,3.22,3.22,3.18,3.19,45386070,147483520.00
2016/10/27,3.20,3.20,3.17,3.19,30646042,99128264.00
2016/10/28,3.19,3.20,3.15,3.16,60526920,195060560.00
2016/10/31,3.17,3.18,3.15,3.17,50256921,161641568.00
2016/11/01,3.18,3.18,3.16,3.18,56367072,181420976.00
2016/11/02,3.17,3.19,3.15,3.16,76867328,247443376.00
2016/11/03,3.17,3.21,3.15,3.19,110178166,355414912.00
2016/11/04,3.18,3.19,3.15,3.17,80875313,260437088.00
2016/11/07,3.16,3.17,3.15,3.16,65408088,209905632.00
2016/11/08,3.17,3.18,3.15,3.17,74405633,239187184.00
2016/11/09,3.16,3.17,3.14,3.16,101916240,326749600.00
2016/11/10,3.16,3.21,3.16,3.21,129109309,418392576.00
2016/11/11,3.19,3.22,3.18,3.22,149815842,487234976.00
2016/11/14,3.22,3.30,3.21,3.27,212834483,701437824.00
2016/11/15,3.26,3.30,3.25,3.26,147872596,491272800.00
2016/11/16,3.25,3.35,3.23,3.32,220905460,737412096.00
2016/11/17,3.31,3.33,3.28,3.32,158850023,533174816.00
2016/11/18,3.31,3.32,3.25,3.26,112044233,373489152.00
2016/11/21,3.26,3.29,3.24,3.27,81355833,270388256.00
2016/11/22,3.27,3.29,3.26,3.29,96213560,320190752.00
2016/11/23,3.29,3.31,3.26,3.28,103919805,347170784.00
2016/11/24,3.27,3.30,3.26,3.28,89051903,296133504.00
2016/11/25,3.27,3.30,3.26,3.30,101646779,338568384.00
2016/11/28,3.31,3.35,3.30,3.34,152095369,512980032.00
2016/11/29,3.33,3.40,3.31,3.36,202952308,692424448.00
2016/11/30,3.35,3.37,3.30,3.32,126447675,426821088.00
2016/12/01,3.30,3.35,3.29,3.33,116862729,393526752.00
2016/12/02,3.33,3.37,3.30,3.32,152451532,515877216.00
2016/12/05,3.28,3.34,3.27,3.32,107292493,360164256.00
2016/12/06,3.31,3.32,3.27,3.28,82001066,273778144.00
2016/12/07,3.28,3.29,3.26,3.29,57182867,190165648.00
2016/12/08,3.28,3.30,3.27,3.28,44954580,149951200.00
2016/12/09,3.27,3.29,3.26,3.28,56369900,187427456.00
2016/12/12,3.28,3.28,3.19,3.22,112791900,369416224.00
2016/12/13,3.21,3.22,3.18,3.21,51754060,167996096.00
2016/12/14,3.20,3.21,3.17,3.18,51435528,166295872.00
2016/12/15,3.17,3.20,3.16,3.17,49725679,160596592.00
2016/12/16,3.18,3.19,3.16,3.18,27635312,89162248.00
2016/12/19,3.18,3.20,3.17,3.18,40348680,130655440.00
2016/12/20,3.18,3.19,3.16,3.18,43266210,139358624.00
2016/12/21,3.18,3.34,3.17,3.29,218003540,724341120.00
2016/12/22,3.26,3.29,3.23,3.25,109799775,363055488.00
2016/12/23,3.24,3.25,3.21,3.23,81169405,265665648.00
2016/12/26,3.21,3.22,3.17,3.21,58342517,189015920.00
2016/12/27,3.20,3.21,3.19,3.20,28629765,93043200.00
2016/12/28,3.20,3.22,3.19,3.21,38414710,125088808.00
2016/12/29,3.19,3.21,3.19,3.21,27864420,90584176.00
2016/12/30,3.20,3.22,3.19,3.21,34298582,111656088.00
2017/01/03,3.20,3.23,3.20,3.23,29978017,98046088.00
2017/01/04,3.22,3.24,3.22,3.24,46341562,152073280.00
2017/01/05,3.24,3.25,3.23,3.25,51314323,168935792.00
2017/01/06,3.25,3.25,3.22,3.22,39329654,128965728.00
2017/01/09,3.22,3.26,3.20,3.24,66051539,216610064.00
2017/01/10,3.24,3.42,3.22,3.30,239365147,804311808.00
2017/01/11,3.27,3.28,3.23,3.24,116254782,384508160.00
2017/01/12,3.23,3.25,3.23,3.24,49109849,161493264.00
2017/01/13,3.23,3.26,3.22,3.24,62886373,206860640.00
2017/01/16,3.24,3.28,3.20,3.26,152483417,501251744.00
2017/01/17,3.25,3.26,3.23,3.25,36115847,118954520.00
2017/01/18,3.25,3.28,3.24,3.27,56163971,186427456.00
2017/01/19,3.26,3.30,3.25,3.28,63862458,212612880.00
2017/01/20,3.27,3.30,3.26,3.29,59535089,198568224.00
2017/01/23,3.29,3.31,3.28,3.29,68492105,228867808.00
2017/01/24,3.29,3.29,3.27,3.28,47047214,156633808.00
2017/01/25,3.28,3.30,3.27,3.30,42199441,140853888.00
2017/01/26,3.30,3.30,3.28,3.29,51280081,171172416.00
2017/02/03,3.28,3.29,3.26,3.27,32577445,108314096.00
2017/02/06,3.27,3.28,3.26,3.28,42135622,139833088.00
2017/02/07,3.27,3.28,3.26,3.27,28577254,94825184.00
2017/02/08,3.27,3.29,3.25,3.29,56532392,187677472.00
2017/02/09,3.29,3.34,3.28,3.30,228746247,766362368.00
2017/02/10,3.29,3.32,3.28,3.31,148227377,496989024.00
2017/02/13,3.30,3.35,3.30,3.34,145412270,490943008.00
2017/02/14,3.34,3.35,3.31,3.33,92678894,313176096.00
2017/02/15,3.33,3.40,3.32,3.34,226241315,771369728.00
2017/02/16,3.33,3.39,3.31,3.37,146544995,498369984.00
2017/02/17,3.36,3.38,3.32,3.33,115881012,393689696.00
2017/02/20,3.33,3.40,3.33,3.40,173520902,594979456.00
2017/02/21,3.40,3.43,3.37,3.39,120724720,415910816.00
2017/02/22,3.38,3.40,3.36,3.38,83110108,284898688.00
2017/02/23,3.37,3.40,3.35,3.36,91942734,314549824.00
2017/02/24,3.36,3.48,3.34,3.44,254181056,879948672.00
2017/02/27,3.39,3.40,3.35,3.36,135228321,463206272.00
2017/02/28,3.35,3.37,3.34,3.36,55599253,189434912.00
2017/03/01,3.36,3.41,3.35,3.37,98256563,337608512.00
2017/03/02,3.37,3.38,3.34,3.34,68781600,234442608.00
2017/03/03,3.34,3.34,3.31,3.34,72232328,243680016.00
2017/03/06,3.33,3.36,3.32,3.35,55319042,187652032.00
2017/03/07,3.35,3.36,3.32,3.33,57646122,195412160.00
2017/03/08,3.33,3.36,3.32,3.34,60170768,203978448.00
2017/03/09,3.34,3.36,3.31,3.33,66059700,223289952.00
2017/03/10,3.33,3.36,3.32,3.33,65145398,220929072.00
2017/03/13,3.33,3.35,3.30,3.35,71593806,241815584.00
2017/03/14,3.34,3.36,3.33,3.34,57522405,195254208.00
2017/03/15,3.34,3.38,3.33,3.36,92114801,313592064.00
2017/03/16,3.36,3.38,3.35,3.37,86135274,294060608.00
2017/03/17,3.37,3.38,3.32,3.33,73197081,248792896.00
2017/03/20,3.33,3.34,3.31,3.33,40826445,137786896.00
2017/03/21,3.32,3.34,3.32,3.33,36714809,123982224.00
2017/03/22,3.32,3.35,3.31,3.34,74974903,253080512.00
2017/03/23,3.34,3.39,3.34,3.37,134376460,459234176.00
2017/03/24,3.37,3.41,3.36,3.39,159141958,546282880.00
2017/03/27,3.40,3.41,3.38,3.39,89976931,310076416.00
2017/03/28,3.40,3.40,3.35,3.36,70610344,241635232.00
2017/03/29,3.33,3.42,3.32,3.39,200681999,685794048.00
2017/03/30,3.37,3.38,3.33,3.36,130340343,443751584.00
2017/03/31,3.35,3.43,3.33,3.40,168825428,580330304.00
2017/04/05,3.37,3.41,3.36,3.41,123513804,424608960.00
2017/04/06,3.40,3.43,3.38,3.42,131171038,452679328.00
2017/04/07,3.41,3.48,3.38,3.39,261267959,908720704.00
2017/04/10,3.37,3.43,3.35,3.40,160485524,551107328.00
2017/04/11,3.38,3.40,3.35,3.39,109293671,374464032.00
2017/04/12,3.39,3.40,3.36,3.38,92839245,318343200.00
2017/04/13,3.38,3.54,3.37,3.46,245545026,856686720.00
2017/04/14,3.48,3.48,3.39,3.41,178050834,619592704.00
2017/04/17,3.40,3.41,3.36,3.39,81725622,280513504.00
2017/04/18,3.38,3.41,3.35,3.36,58837801,201955360.00
2017/04/19,3.35,3.36,3.30,3.35,96059828,324719328.00
2017/04/20,3.34,3.35,3.30,3.34,67098212,226112688.00
2017/04/21,3.33,3.36,3.31,3.35,65174776,220466240.00
2017/04/24,3.34,3.35,3.28,3.34,108881004,365323584.00
2017/04/25,3.32,3.33,3.30,3.32,46029926,155014496.00
2017/04/26,3.32,3.32,3.28,3.29,46997825,157534208.00
2017/04/27,3.29,3.29,3.23,3.28,79262107,262748096.00
2017/04/28,3.27,3.29,3.26,3.29,37984968,126437456.00
2017/05/02,3.27,3.28,3.25,3.27,40230274,133473472.00
2017/05/03,3.26,3.28,3.25,3.26,41049728,135963760.00
2017/05/04,3.25,3.26,3.21,3.22,51120203,167754416.00
2017/05/05,3.24,3.25,3.21,3.21,55011591,180434192.00
2017/05/08,3.20,3.21,3.19,3.20,39119313,127157072.00
2017/05/09,3.19,3.22,3.18,3.21,35623711,115670864.00
2017/05/10,3.21,3.21,3.16,3.16,48318845,156215520.00
2017/05/11,3.16,3.16,3.08,3.14,58502593,185720048.00
2017/05/12,3.13,3.16,3.12,3.15,39498341,126073664.00
2017/05/15,3.15,3.17,3.13,3.14,39841470,127508200.00
2017/05/16,3.14,3.18,3.12,3.18,42024344,134450624.00
2017/05/17,3.17,3.20,3.17,3.18,37071169,119882712.00
2017/05/18,3.17,3.18,3.13,3.14,30944884,99175496.00
2017/05/19,3.14,3.15,3.11,3.12,50168169,159376480.00
2017/05/22,3.13,3.14,3.11,3.12,29002582,92053552.00
2017/05/23,3.12,3.13,3.10,3.10,26500130,83706080.00
2017/05/24,3.10,3.11,3.08,3.10,30121825,94741312.00
2017/05/25,3.10,3.15,3.08,3.15,57621225,182470640.00
2017/05/26,3.15,3.23,3.14,3.18,74686473,242108800.00
2017/05/31,3.19,3.21,3.17,3.18,39655308,128411616.00
2017/06/01,3.19,3.22,3.18,3.20,61464515,199854400.00
2017/06/02,3.20,3.20,3.16,3.19,49583006,160012240.00
2017/06/05,3.19,3.21,3.17,3.21,41729395,135509488.00
2017/06/06,3.20,3.21,3.18,3.20,25518911,82749568.00
2017/06/07,3.21,3.23,3.20,3.22,52156199,167751120.00
2017/06/08,3.23,3.27,3.23,3.24,94791086,307914496.00
2017/06/09,3.24,3.26,3.23,3.26,56333686,182912192.00
2017/06/12,3.26,3.26,3.23,3.24,42219174,136882336.00
2017/06/13,3.24,3.25,3.22,3.24,36894976,119398432.00
2017/06/14,3.24,3.25,3.23,3.24,27273790,88266992.00
2017/06/15,3.24,3.25,3.23,3.25,25365507,82218344.00
2017/06/16,3.24,3.25,3.23,3.24,17984426,58176088.00
2017/06/19,3.23,3.25,3.23,3.25,49409606,160070368.00
2017/06/20,3.24,3.25,3.22,3.23,31125602,100606984.00
2017/06/21,3.24,3.25,3.22,3.24,32765266,105894112.00
2017/06/22,3.24,3.28,3.23,3.24,87285350,284396096.00
2017/06/23,3.23,3.23,3.19,3.22,62693852,201491520.00
2017/06/26,3.21,3.24,3.20,3.24,55495498,179094064.00
2017/06/27,3.24,3.24,3.22,3.24,34933109,112736056.00
2017/06/28,3.23,3.23,3.21,3.22,34168921,110001272.00
2017/06/29,3.22,3.23,3.20,3.21,38803151,124704704.00
2017/06/30,3.21,3.22,3.20,3.22,31184624,100074952.00
2017/07/03,3.21,3.23,3.21,3.23,33415443,107538872.00
2017/07/04,3.22,3.23,3.21,3.22,20885478,67137600.00
2017/07/05,3.21,3.23,3.21,3.22,39153566,125970184.00
2017/07/06,3.23,3.23,3.20,3.23,57261176,184214112.00
2017/07/07,3.22,3.24,3.21,3.23,48355611,156100496.00
2017/07/10,3.23,3.26,3.22,3.24,70059336,227200352.00
2017/07/11,3.24,3.26,3.22,3.25,56453898,182901968.00
2017/07/12,3.24,3.25,3.22,3.23,34533269,111518848.00
2017/07/13,3.23,3.26,3.22,3.25,45657932,148148704.00
2017/07/14,3.24,3.27,3.23,3.26,52343439,170254592.00
2017/07/17,3.26,3.26,3.21,3.22,82506434,266652224.00
2017/07/18,3.21,3.23,3.20,3.23,44410324,142714768.00
2017/07/19,3.22,3.29,3.21,3.27,112177019,365263392.00
2017/07/20,3.27,3.28,3.25,3.27,71762059,234612272.00
2017/07/21,3.26,3.32,3.25,3.31,122954892,404862656.00
2017/07/24,3.30,3.35,3.29,3.32,98405666,326806400.00
2017/07/25,3.32,3.33,3.27,3.28,66218295,217665680.00
2017/07/26,3.28,3.31,3.26,3.27,62179409,203962576.00
2017/07/27,3.27,3.28,3.25,3.28,45236131,147907744.00
2017/07/28,3.27,3.28,3.25,3.26,35308100,115178104.00
2017/08/02,3.29,3.29,3.29,3.29,0,0.00
数据来源:通达信
