600030 中信证券 日线 前复权
      日期	    开盘	    最高	    最低	    收盘	    成交量	    成交额
2010/10/08,8.58,9.23,8.58,9.13,153690746,1712275200.00
2010/10/11,9.22,10.26,9.16,10.26,366355654,4468809216.00
2010/10/12,10.49,10.79,10.21,10.77,342077493,4320433152.00
2010/10/13,10.64,10.77,10.50,10.68,190290830,2432306176.00
2010/10/14,10.86,11.96,10.86,11.49,444930465,6142482944.00
2010/10/15,11.34,12.82,11.22,12.80,423062062,6055457792.00
2010/10/18,12.94,13.73,12.35,13.07,519828346,7994941952.00
2010/10/19,12.93,13.34,12.59,13.32,255796417,3861977088.00
2010/10/20,12.99,14.36,12.93,13.83,383143089,6019624448.00
2010/10/21,13.84,13.97,13.13,13.32,241728089,3785381888.00
2010/10/22,13.20,13.24,12.72,12.88,229380572,3465763072.00
2010/10/25,12.82,14.38,12.76,14.37,369019012,5873233920.00
2010/10/26,14.53,15.09,14.14,14.51,370038291,6220071424.00
2010/10/27,14.32,14.95,14.03,14.07,224755320,3725389312.00
2010/10/28,13.84,14.42,13.84,14.14,177877854,2889170432.00
2010/10/29,14.04,14.07,13.29,13.35,221656716,3485486336.00
2010/11/01,13.32,13.94,13.26,13.77,172446392,2744576256.00
2010/11/02,13.84,14.32,13.34,13.82,229740902,3665804032.00
2010/11/03,13.78,14.13,13.39,13.71,199771274,3197316608.00
2010/11/04,13.71,14.08,13.53,13.96,164856627,2631995648.00
2010/11/05,14.50,14.73,13.98,14.10,204904822,3370184192.00
2010/11/08,14.14,14.40,13.89,14.13,135063433,2192197888.00
2010/11/09,14.14,14.16,13.66,13.76,135011528,2156196608.00
2010/11/10,13.64,13.64,13.20,13.31,165595478,2571913472.00
2010/11/11,13.35,13.87,13.21,13.48,198271937,3122671872.00
2010/11/12,13.34,13.35,11.92,12.03,268831242,3967658496.00
2010/11/15,12.05,12.24,11.59,11.88,149437305,2096188288.00
2010/11/16,11.95,12.09,11.23,11.29,155285308,2140741760.00
2010/11/17,11.04,11.32,10.84,10.94,137632750,1817086336.00
2010/11/18,11.09,11.19,10.84,11.05,103673090,1368270208.00
2010/11/19,11.13,11.19,10.35,11.05,186721855,2417612544.00
2010/11/22,10.82,11.02,10.66,10.81,114196161,1484036736.00
2010/11/23,10.64,10.69,10.13,10.35,112831721,1416124416.00
2010/11/24,10.35,11.13,10.35,11.09,170280126,2225079040.00
2010/11/25,11.09,11.38,10.79,11.24,153544440,2034289024.00
2010/11/26,11.14,11.44,10.95,11.20,126624825,1690858496.00
2010/11/29,11.09,11.18,10.95,11.02,83091540,1096753792.00
2010/11/30,11.03,11.13,10.34,10.66,117570761,1510935552.00
2010/12/01,10.67,10.88,10.56,10.69,50824582,654413568.00
2010/12/02,11.04,11.20,10.95,10.99,104330606,1380451840.00
2010/12/03,10.91,11.10,10.88,11.00,55922198,735557952.00
2010/12/06,11.05,11.67,10.92,11.58,157785822,2128835712.00
2010/12/07,11.44,11.68,11.14,11.54,137454045,1869661824.00
2010/12/08,11.52,11.54,11.04,11.06,112703031,1513864448.00
2010/12/09,10.96,11.14,10.74,10.77,78257462,1022594688.00
2010/12/10,10.62,11.09,10.56,10.96,62083734,806814208.00
2010/12/13,11.05,11.53,10.93,11.49,136280959,1828214272.00
2010/12/14,11.51,11.57,11.31,11.36,72596218,983545472.00
2010/12/15,11.36,11.64,11.19,11.34,98532172,1336114304.00
2010/12/16,11.36,11.36,11.02,11.07,65018118,868269248.00
2010/12/17,11.04,11.13,10.85,11.00,64556703,847808128.00
2010/12/20,11.04,11.10,10.42,10.64,95242614,1227916928.00
2010/12/21,10.70,11.34,10.63,11.23,124256570,1639279872.00
2010/12/22,11.22,11.29,10.86,10.93,81510651,1081271808.00
2010/12/23,10.85,11.14,10.77,10.86,64168325,839920832.00
2010/12/24,10.76,10.96,10.70,10.87,48056829,624276032.00
2010/12/27,10.94,11.26,10.64,10.67,112136762,1477739392.00
2010/12/28,10.53,10.69,10.36,10.40,71794823,907618304.00
2010/12/29,10.46,10.53,10.14,10.27,64677127,803102272.00
2010/12/30,10.25,10.29,9.85,10.14,82823028,1015183040.00
2010/12/31,10.24,10.49,10.17,10.43,76028119,948821376.00
2011/01/04,10.54,10.91,10.37,10.79,100511426,1292295296.00
2011/01/05,10.65,10.72,10.44,10.56,71317368,909073856.00
2011/01/06,10.60,10.79,10.44,10.49,56381132,717804096.00
2011/01/07,10.44,10.90,10.22,10.61,128957799,1649133440.00
2011/01/10,10.52,10.66,10.24,10.27,89554521,1127692032.00
2011/01/11,10.22,10.42,10.19,10.38,50631030,631506624.00
2011/01/12,10.45,10.60,10.27,10.52,54862509,691368448.00
2011/01/13,10.59,10.62,10.33,10.43,50337046,634630656.00
2011/01/14,10.34,10.38,10.10,10.16,56302699,696666368.00
2011/01/17,10.19,10.26,9.57,9.69,86939121,1050584768.00
2011/01/18,9.64,9.78,9.59,9.67,43165040,510658912.00
2011/01/19,9.68,9.86,9.55,9.85,66614488,791264960.00
2011/01/20,9.82,9.82,9.41,9.44,61114027,717922432.00
2011/01/21,9.44,9.98,9.40,9.71,70740577,838513344.00
2011/01/24,9.72,9.72,9.46,9.52,50566816,593774592.00
2011/01/25,9.52,9.69,9.44,9.67,50238782,587905920.00
2011/01/26,9.62,9.77,9.60,9.75,50146080,594456000.00
2011/01/27,9.69,10.33,9.59,10.19,103472216,1263193728.00
2011/01/28,10.29,10.44,10.09,10.31,81226416,1009721152.00
2011/01/31,10.29,10.49,10.20,10.38,60949786,764290560.00
2011/02/01,10.41,10.46,10.19,10.21,59388486,738931520.00
2011/02/09,10.17,10.45,10.04,10.12,59556940,739920128.00
2011/02/10,10.08,10.49,10.03,10.48,60905522,756537600.00
2011/02/11,10.44,10.59,10.29,10.41,78998104,995773056.00
2011/02/14,10.24,11.67,10.22,11.67,285720087,3820610304.00
2011/02/15,11.77,12.33,11.64,11.67,330110940,4663761408.00
2011/02/16,11.74,11.85,11.54,11.83,166999182,2310529280.00
2011/02/17,11.87,11.94,11.49,11.61,125459485,1732630784.00
2011/02/18,11.59,11.85,11.37,11.55,119805241,1648140416.00
2011/02/21,11.54,12.12,11.45,12.01,166842289,2331259392.00
2011/02/22,12.09,12.13,11.35,11.37,146654242,2025339776.00
2011/02/23,11.30,11.50,11.20,11.36,85644085,1154075264.00
2011/02/24,11.32,12.18,11.24,11.81,161219181,2238819072.00
2011/02/25,11.81,12.29,11.61,12.14,197990629,2810858240.00
2011/02/28,12.18,12.69,11.87,12.55,202678135,2947279360.00
2011/03/01,12.51,13.03,12.44,12.58,209076537,3114722304.00
2011/03/02,12.40,12.56,12.14,12.41,120462377,1746258944.00
2011/03/03,12.48,12.75,12.28,12.30,141895671,2083950976.00
2011/03/04,12.34,12.83,12.19,12.74,146744750,2155398656.00
2011/03/07,12.78,13.34,12.76,13.22,257528544,3933730816.00
2011/03/08,13.25,13.37,12.92,13.11,141370990,2159560704.00
2011/03/09,13.18,13.40,12.92,13.03,110128139,1683759104.00
2011/03/10,13.06,13.06,12.42,12.43,169499849,2504786688.00
2011/03/11,12.30,12.55,12.17,12.21,117694211,1710783616.00
2011/03/14,12.10,12.27,11.83,12.25,106937408,1520418816.00
2011/03/15,12.13,12.16,11.52,11.80,137161936,1911685376.00
2011/03/16,11.90,12.30,11.82,12.20,124129343,1766938496.00
2011/03/17,11.92,12.06,11.59,11.74,104507912,1462155648.00
2011/03/18,11.94,12.19,11.82,11.90,80509600,1138019840.00
2011/03/21,11.94,12.03,11.71,11.80,92752240,1299853312.00
2011/03/22,11.91,12.03,11.58,11.88,86063058,1202530176.00
2011/03/29,12.24,12.61,12.04,12.12,180792498,2620454656.00
2011/03/30,12.13,12.22,11.52,11.71,119607088,1667350144.00
2011/03/31,11.70,12.19,11.69,11.81,68196279,957259072.00
2011/04/01,11.82,12.17,11.79,12.14,77052647,1090550656.00
2011/04/06,12.10,12.82,12.01,12.57,171370626,2498717184.00
2011/04/07,12.57,12.61,12.36,12.45,90387502,1323786624.00
2011/04/08,12.44,12.69,12.37,12.64,92967938,1372078208.00
2011/04/11,12.73,12.94,12.41,12.44,114785795,1703660032.00
2011/04/12,12.42,12.56,12.27,12.37,79487723,1157961856.00
2011/04/14,12.72,12.84,12.40,12.46,111259707,1646638720.00
2011/04/15,12.36,12.86,12.36,12.67,108396652,1605491712.00
2011/04/18,12.59,12.82,12.49,12.63,96490630,1430346624.00
2011/04/19,12.46,12.49,12.04,12.05,109677355,1580387840.00
2011/04/20,12.14,12.19,11.94,12.02,63281165,897916352.00
2011/04/21,12.13,12.55,11.99,12.32,90199561,1305131648.00
2011/04/22,12.30,12.30,12.03,12.06,52253119,746285312.00
2011/04/25,12.04,12.04,11.70,11.73,80528714,1127903872.00
2011/04/26,11.72,11.82,11.25,11.27,122018605,1660666624.00
2011/04/27,11.39,11.42,11.03,11.24,72696391,973681088.00
2011/04/28,11.32,11.44,11.04,11.07,74422412,994853760.00
2011/05/03,11.13,11.24,10.96,11.17,63907578,847793664.00
2011/05/04,11.09,11.09,10.51,10.54,99295659,1281712384.00
2011/05/05,10.52,10.67,10.49,10.53,51697002,658081600.00
2011/05/06,10.44,10.54,10.27,10.46,68201819,858146688.00
2011/05/09,10.54,10.67,10.47,10.53,45601133,580597440.00
2011/05/10,10.55,10.79,10.46,10.77,47412753,607685504.00
2011/05/11,10.75,10.81,10.56,10.62,44428049,569918592.00
2011/05/12,10.46,10.80,10.44,10.67,53396079,682759232.00
2011/05/13,10.68,11.04,10.60,10.94,88154374,1147320064.00
2011/05/16,10.92,11.07,10.80,10.83,47286027,619497792.00
2011/05/17,10.76,11.09,10.54,10.86,60179104,782349888.00
2011/05/18,10.84,10.99,10.78,10.89,34337176,448710976.00
2011/05/19,10.92,10.94,10.68,10.70,41522507,538041792.00
2011/05/20,10.70,10.82,10.63,10.72,27441182,353260480.00
2011/05/23,10.71,10.71,10.23,10.25,61668351,775026368.00
2011/05/24,10.24,10.33,10.12,10.21,44754741,553247360.00
2011/05/25,10.24,10.29,10.06,10.08,34669556,427967520.00
2011/05/26,10.17,10.64,10.17,10.27,60804262,763681344.00
2011/05/27,10.27,10.57,10.25,10.35,55305992,695750016.00
2011/05/30,10.29,10.59,10.14,10.43,44992982,567115840.00
2011/05/31,10.46,10.70,10.43,10.69,48272244,615648256.00
2011/06/01,10.59,10.69,10.50,10.58,37768171,480755264.00
2011/06/02,10.44,10.49,10.09,10.28,53463419,665796224.00
2011/06/03,10.24,10.47,10.19,10.39,28232121,354102528.00
2011/06/07,10.37,10.49,10.31,10.40,26130860,327699136.00
2011/06/08,10.30,10.33,10.11,10.32,52932842,655453120.00
2011/06/10,10.14,10.41,10.12,10.33,48923210,607929920.00
2011/06/13,10.24,10.28,10.07,10.20,33935101,417441856.00
2011/06/14,10.21,10.68,10.17,10.58,71971158,911918272.00
2011/06/15,10.56,10.63,10.45,10.53,49084323,622581568.00
2011/06/16,10.54,10.54,10.23,10.30,44551634,535076448.00
2011/06/17,10.29,10.37,10.12,10.15,40399408,481251808.00
2011/06/20,10.09,10.32,10.06,10.20,37320978,443365504.00
2011/06/21,10.22,10.46,10.22,10.41,37613073,452572832.00
2011/06/22,10.46,10.53,10.23,10.30,33459525,402661536.00
2011/06/23,10.24,10.65,10.24,10.57,43266745,523810432.00
2011/06/24,10.51,11.79,10.48,11.62,245439943,3201619712.00
2011/06/27,11.51,11.67,11.35,11.45,136976574,1804443904.00
2011/06/28,11.42,11.54,11.22,11.48,113000433,1472052608.00
2011/06/29,11.46,11.51,11.19,11.22,66936876,870040064.00
2011/06/30,11.24,11.64,11.22,11.42,87343536,1147270400.00
2011/07/01,11.46,11.55,11.28,11.36,53444437,698730944.00
2011/07/04,11.49,12.04,11.47,11.79,150570153,2027946880.00
2011/07/05,11.75,11.89,11.64,11.79,67153637,900384192.00
2011/07/06,11.78,11.78,11.59,11.68,48863442,650273984.00
2011/07/07,11.94,12.00,11.59,11.60,81838622,1101059584.00
2011/07/08,11.57,11.74,11.54,11.63,48768646,647703680.00
2011/07/11,11.57,11.66,11.37,11.60,51589435,680382144.00
2011/07/12,11.40,11.44,11.05,11.16,98441061,1268470912.00
2011/07/13,11.16,11.44,11.16,11.32,60617261,785325888.00
2011/07/14,11.34,11.39,11.14,11.30,62922870,812050304.00
2011/07/15,11.24,11.41,11.11,11.37,69996954,905582976.00
2011/07/18,11.37,11.41,11.21,11.25,41264179,533733408.00
2011/07/19,11.15,11.18,10.98,11.05,52546359,667550080.00
2011/07/20,11.18,11.21,10.95,11.14,46697596,595896320.00
2011/07/21,11.07,11.15,10.99,11.00,38954352,494801120.00
2011/07/22,11.08,11.35,11.08,11.16,85176123,1098498560.00
2011/07/25,11.01,11.06,10.52,10.63,82394667,1023607232.00
2011/07/26,10.62,10.72,10.52,10.59,33740479,413933920.00
2011/07/27,10.54,10.69,10.49,10.64,34250812,419690400.00
2011/07/28,10.49,10.55,10.38,10.48,42776446,518242272.00
2011/07/29,10.52,10.92,10.45,10.71,71301742,881036928.00
2011/08/01,10.65,10.84,10.54,10.80,49866083,618541824.00
2011/08/02,10.65,10.65,10.42,10.60,49360500,600590592.00
2011/08/03,10.51,10.76,10.44,10.60,36358798,446585600.00
2011/08/04,10.66,10.80,10.54,10.57,32810973,404161888.00
2011/08/05,10.24,10.47,10.18,10.33,71354777,856292352.00
2011/08/08,10.24,10.38,9.59,9.90,84123039,982151104.00
2011/08/09,9.60,9.99,9.44,9.83,66696086,756776896.00
2011/08/10,10.09,10.16,9.92,9.96,59267122,694940544.00
2011/08/11,9.76,10.43,9.72,10.23,77512506,916084416.00
2011/08/12,10.32,10.34,10.15,10.19,53518092,637473856.00
2011/08/16,10.38,10.50,10.18,10.23,54585452,654953984.00
2011/08/17,10.22,10.69,10.18,10.54,85996247,1042880960.00
2011/08/18,10.54,10.65,10.36,10.42,71845904,876373824.00
2011/08/19,10.20,10.40,10.15,10.35,50605008,603406912.00
2011/08/22,10.47,10.50,10.14,10.21,39057315,468298048.00
2011/08/23,10.28,10.60,10.21,10.58,48929137,592127808.00
2011/08/24,10.61,10.63,10.39,10.42,39159184,476661344.00
2011/08/25,10.49,11.01,10.45,11.00,128614887,1610230912.00
2011/08/29,10.74,10.76,10.45,10.50,77959878,952293696.00
2011/08/30,10.63,10.77,10.42,10.44,54542407,669118912.00
2011/08/31,10.45,10.56,10.38,10.51,29455372,357618752.00
2011/09/01,10.55,10.74,10.43,10.50,35250549,431068736.00
2011/09/02,10.48,10.50,10.28,10.32,29838338,358710976.00
2011/09/05,10.14,10.20,9.98,10.00,36789286,431072832.00
2011/09/06,9.94,10.08,9.86,10.06,30079361,350497952.00
2011/09/07,10.09,10.54,10.09,10.37,55214353,663278272.00
2011/09/08,10.42,10.47,10.23,10.25,23381556,281305696.00
2011/09/09,10.43,10.74,10.33,10.42,68823226,836921280.00
2011/09/13,10.23,10.46,10.16,10.44,52875165,634027776.00
2011/09/14,10.48,10.64,10.20,10.63,62452993,757356672.00
2011/09/15,10.60,10.85,10.53,10.61,78753034,973533376.00
2011/09/16,10.68,10.74,10.50,10.52,37752296,463528960.00
2011/09/19,10.42,10.45,10.27,10.28,35164406,421981184.00
2011/09/20,10.29,10.63,10.26,10.59,44514808,539979712.00
2011/09/21,10.59,11.08,10.43,10.91,115853478,1447884800.00
2011/09/22,10.74,10.79,10.35,10.37,85853044,1048998784.00
2011/09/23,10.17,10.46,10.12,10.43,55144409,658728064.00
2011/09/26,10.29,10.56,9.87,10.01,85523290,1010060672.00
2011/09/27,10.15,10.28,10.01,10.15,49661119,586501888.00
2011/09/28,10.23,10.32,9.76,9.86,65418725,765186624.00
2011/09/29,9.75,9.97,9.65,9.70,48105938,549839232.00
2011/09/30,9.75,9.83,9.49,9.59,50738502,571757376.00
2011/10/10,9.66,9.69,9.31,9.39,48136729,533729504.00
2011/10/11,9.88,9.99,9.42,9.56,77687654,882752000.00
2011/10/12,9.49,10.44,9.36,10.25,139518143,1643683456.00
2011/10/13,10.19,10.31,10.11,10.19,69399083,823998208.00
2011/10/14,10.13,10.31,10.06,10.22,39450390,466756608.00
2011/10/17,10.20,10.40,10.09,10.26,46034849,548974016.00
2011/10/18,10.15,10.19,9.66,9.76,62956736,727403264.00
2011/10/19,9.79,9.99,9.73,9.77,35252014,405034784.00
2011/10/20,9.67,9.75,9.56,9.66,36914589,417831488.00
2011/10/21,9.76,9.83,9.59,9.62,34357094,391717088.00
2011/10/24,9.69,10.22,9.69,10.13,93022284,1085565184.00
2011/10/25,10.13,10.34,10.04,10.20,70926503,841610432.00
2011/10/26,10.15,10.49,10.12,10.32,103726448,1249644544.00
2011/10/27,10.37,10.43,10.29,10.34,51948564,623831488.00
2011/10/28,10.58,10.77,10.47,10.54,95514136,1170171776.00
2011/10/31,10.58,10.59,10.27,10.34,63362512,763516480.00
2011/11/01,10.24,10.56,10.18,10.49,66071723,798345664.00
2011/11/02,10.26,10.83,10.22,10.78,96980188,1182479616.00
2011/11/03,10.87,10.97,10.63,10.68,117749629,1470041728.00
2011/11/04,10.84,10.95,10.70,10.78,71280991,889160896.00
2011/11/07,10.69,10.70,10.49,10.54,57055969,698251328.00
2011/11/08,10.52,10.68,10.44,10.47,42172450,514840768.00
2011/11/09,10.55,10.63,10.36,10.60,39463377,480729824.00
2011/11/10,10.44,10.48,10.31,10.32,54763583,659443904.00
2011/11/11,10.34,10.41,10.23,10.28,28897246,346159072.00
2011/11/14,10.39,10.55,10.36,10.51,40223065,488311584.00
2011/11/15,10.46,10.51,10.33,10.40,31044071,374282656.00
2011/11/16,10.40,10.42,10.02,10.04,52564590,621057408.00
2011/11/17,10.04,10.11,9.99,10.05,32114909,375696640.00
2011/11/18,9.96,10.16,9.69,9.77,67040232,774082624.00
2011/11/21,9.79,9.84,9.69,9.82,24067547,274852768.00
2011/11/22,9.74,9.89,9.68,9.87,27260200,312576096.00
2011/11/23,9.89,9.91,9.39,9.53,67511433,758148608.00
2011/11/24,9.45,9.59,9.41,9.49,31663968,353275520.00
2011/11/25,9.50,9.54,9.39,9.43,24639806,273778752.00
2011/11/28,9.48,9.59,9.41,9.48,34757864,387641248.00
2011/11/29,9.58,9.63,9.48,9.61,32831150,368622912.00
2011/11/30,9.58,9.59,9.01,9.08,67560264,736579264.00
2011/12/01,9.64,9.74,9.42,9.47,95699725,1075487872.00
2011/12/02,9.40,9.43,9.12,9.28,45599732,498470560.00
2011/12/05,9.31,9.32,9.12,9.17,26873876,292080544.00
2011/12/06,9.15,9.37,9.15,9.33,33127953,362928416.00
2011/12/07,9.36,9.53,9.29,9.51,35606897,395588896.00
2011/12/08,9.47,9.66,9.28,9.41,31616825,351143456.00
2011/12/09,9.36,9.46,9.29,9.35,26957827,296725312.00
2011/12/12,9.33,9.39,9.20,9.24,20782282,227084240.00
2011/12/13,9.19,9.23,8.94,8.96,45223202,484982560.00
2011/12/14,8.94,9.03,8.77,8.85,28372752,299948160.00
2011/12/15,8.79,8.88,8.50,8.54,39360356,406842624.00
2011/12/16,8.37,8.81,8.37,8.75,41615759,424566656.00
2011/12/19,8.60,8.73,8.33,8.64,52152098,528939904.00
2011/12/20,8.62,8.69,8.41,8.44,35728624,364672992.00
2011/12/21,8.56,8.61,8.29,8.31,39985530,403119744.00
2011/12/22,8.25,8.32,7.88,8.17,50628386,494886272.00
2011/12/26,8.09,8.14,7.92,7.93,39248193,379486528.00
2011/12/27,7.93,8.20,7.84,7.93,39326540,380673184.00
2011/12/28,7.85,8.11,7.81,8.06,49038085,471098240.00
2011/12/29,7.94,8.09,7.93,7.94,38159221,368876160.00
2011/12/30,8.02,8.12,7.99,8.05,35892219,348835808.00
2012/01/04,8.13,8.19,7.90,7.90,35400533,343726592.00
2012/01/05,7.86,8.06,7.54,7.63,47835228,453575488.00
2012/01/06,7.53,7.77,7.38,7.73,55502983,513423424.00
2012/01/09,7.70,8.13,7.60,8.09,62306116,596959872.00
2012/01/10,8.13,8.59,8.05,8.46,84456548,843167552.00
2012/01/11,8.49,8.56,8.32,8.42,47836703,482098304.00
2012/01/12,8.43,8.49,8.33,8.37,36378516,366106944.00
2012/01/13,8.39,8.44,8.08,8.14,52158359,515381248.00
2012/01/16,8.34,8.42,8.15,8.17,45849664,456755104.00
2012/01/17,8.17,8.90,8.14,8.85,85184445,870783488.00
2012/01/18,8.79,9.29,8.74,8.81,84357874,898240832.00
2012/01/19,8.91,9.25,8.82,9.18,77769983,837570048.00
2012/01/20,9.22,9.43,9.10,9.35,78760508,863555264.00
2012/01/30,9.35,9.40,8.99,9.02,58904533,642156992.00
2012/01/31,9.03,9.12,8.91,9.03,38825399,414370688.00
2012/02/01,9.00,9.07,8.77,8.81,30791603,325458496.00
2012/02/02,8.86,9.15,8.74,9.14,48027671,510173024.00
2012/02/03,9.12,9.34,9.00,9.24,54872168,594107200.00
2012/02/06,9.27,9.35,9.09,9.18,39323728,427710976.00
2012/02/07,9.10,9.14,8.79,8.86,46110139,486913600.00
2012/02/08,8.87,9.41,8.79,9.29,69555484,753610176.00
2012/02/09,9.32,9.33,9.15,9.21,68223771,744013248.00
2012/02/10,9.17,9.55,9.13,9.31,86545718,955758784.00
2012/02/13,9.14,9.45,9.06,9.29,51170318,561008192.00
2012/02/14,9.27,9.34,9.14,9.21,33126670,360781696.00
2012/02/15,9.16,9.55,9.15,9.43,77158843,856189888.00
2012/02/16,9.43,9.55,9.35,9.47,69013661,766979840.00
2012/02/17,9.56,9.63,9.42,9.48,41584342,464366112.00
2012/02/20,9.66,9.76,9.48,9.50,72501387,819491200.00
2012/02/21,9.54,9.62,9.38,9.57,50985607,569439040.00
2012/02/22,9.57,9.99,9.52,9.93,117338729,1345631232.00
2012/02/23,9.93,9.97,9.75,9.85,72484044,836639936.00
2012/02/24,9.85,10.20,9.82,10.13,113831525,1332453888.00
2012/02/27,10.22,10.52,10.22,10.30,153774033,1854617728.00
2012/02/28,10.26,10.42,10.19,10.35,68925827,824409472.00
2012/02/29,10.32,10.32,10.02,10.14,69335326,819488512.00
2012/03/01,10.06,10.31,10.03,10.19,46155686,547935040.00
2012/03/02,10.20,10.63,10.20,10.58,108899126,1320279552.00
2012/03/05,10.69,10.88,10.60,10.61,114624930,1422622720.00
2012/03/06,10.60,10.60,10.44,10.52,65396165,796287936.00
2012/03/07,10.35,10.63,10.19,10.43,98178035,1186644352.00
2012/03/08,10.49,10.90,10.49,10.81,130612562,1623168128.00
2012/03/09,10.84,10.88,10.71,10.81,77756799,968863744.00
2012/03/12,10.79,10.97,10.53,10.70,81553952,1010419904.00
2012/03/13,10.68,10.84,10.65,10.78,45103407,560200128.00
2012/03/14,10.89,11.07,10.28,10.32,152257733,1882811264.00
2012/03/15,10.32,10.43,10.11,10.24,91975696,1100780416.00
2012/03/16,10.28,10.66,10.28,10.64,84972815,1035151744.00
2012/03/19,10.59,10.69,10.39,10.59,65074435,795808064.00
2012/03/20,10.54,10.58,10.04,10.09,103200934,1226743936.00
2012/03/21,10.24,10.28,9.78,9.95,93932588,1095742208.00
2012/03/22,9.97,10.19,9.89,10.08,46097304,539860544.00
2012/03/23,10.01,10.20,9.88,9.99,56818713,665598848.00
2012/03/26,9.98,10.07,9.90,9.99,33438997,389176384.00
2012/03/27,10.10,10.16,9.99,10.03,30802732,361822240.00
2012/03/28,10.01,10.03,9.76,9.80,56925406,657518912.00
2012/03/29,9.70,9.84,9.50,9.63,68309163,773540928.00
2012/03/30,9.72,10.00,9.72,9.93,73157155,844021568.00
2012/04/05,9.98,11.09,9.88,10.60,159871895,1952532096.00
2012/04/06,10.57,10.88,10.57,10.76,88687695,1099580544.00
2012/04/09,10.76,10.84,10.58,10.62,45912600,567421760.00
2012/04/10,10.57,10.84,10.35,10.83,68369702,839078592.00
2012/04/11,10.65,10.99,10.57,10.82,69113722,862533760.00
2012/04/12,10.87,11.36,10.82,11.33,184435845,2360354304.00
2012/04/13,11.35,11.75,11.31,11.49,173574757,2294790144.00
2012/04/16,11.34,11.66,11.26,11.52,97069733,1280219392.00
2012/04/17,11.49,11.56,11.08,11.12,91359061,1180674048.00
2012/04/18,11.14,11.75,11.01,11.73,186567951,2450245376.00
2012/04/19,11.74,11.81,11.51,11.63,130055879,1736979584.00
2012/04/20,11.64,12.04,11.46,11.84,181680099,2443375616.00
2012/04/23,11.78,11.78,11.44,11.46,122580766,1629304960.00
2012/04/24,11.39,11.84,11.12,11.59,178095321,2335152128.00
2012/04/25,11.59,11.77,11.45,11.50,97215769,1287140096.00
2012/04/26,11.54,11.65,11.30,11.47,105584972,1388974720.00
2012/04/27,11.46,11.60,11.32,11.34,65116970,851740160.00
2012/05/02,11.74,11.79,11.46,11.51,131881696,1750772224.00
2012/05/03,11.49,11.96,11.44,11.88,145659519,1955591424.00
2012/05/04,11.84,11.99,11.59,11.87,109837143,1473368320.00
2012/05/07,11.77,11.88,11.59,11.70,104054568,1390480384.00
2012/05/08,11.74,11.82,11.34,11.43,108660903,1425928832.00
2012/05/09,11.26,11.45,11.21,11.22,88131609,1141525504.00
2012/05/10,11.22,11.41,11.11,11.32,78480536,1013403264.00
2012/05/11,11.26,11.36,11.06,11.11,59568239,765634752.00
2012/05/14,11.27,11.47,11.05,11.21,101946191,1320660992.00
2012/05/15,11.11,11.43,11.06,11.37,67807999,876052608.00
2012/05/16,11.32,11.58,11.14,11.16,77064174,1002078336.00
2012/05/17,11.19,11.72,11.19,11.65,137055799,1806457472.00
2012/05/18,11.51,11.64,11.36,11.41,84234242,1106516224.00
2012/05/21,11.35,11.51,11.21,11.28,59987514,780467584.00
2012/05/22,11.34,11.69,11.34,11.64,94159173,1244270208.00
2012/05/23,11.61,11.99,11.56,11.94,154785244,2082910208.00
2012/05/24,11.94,12.04,11.69,11.78,84187920,1138625152.00
2012/05/25,11.75,11.94,11.50,11.58,82939327,1110595712.00
2012/05/28,11.52,11.83,11.32,11.83,82817935,1098672384.00
2012/05/29,11.81,12.27,11.75,12.08,149090365,2048848000.00
2012/05/30,12.08,12.22,12.02,12.16,88206734,1217479936.00
2012/05/31,12.04,12.28,11.99,12.11,58930938,813185728.00
2012/06/01,12.11,12.33,12.11,12.22,71799074,998649600.00
2012/06/04,11.94,12.13,11.61,11.68,88782331,1200522240.00
2012/06/05,11.69,11.76,11.42,11.47,62918082,830447744.00
2012/06/06,11.52,11.66,11.34,11.44,49137279,644609152.00
2012/06/07,11.61,11.78,11.41,11.49,61764889,819995072.00
2012/06/08,11.71,11.74,11.42,11.48,54026611,715415552.00
2012/06/11,11.55,11.84,11.53,11.82,58020835,776380416.00
2012/06/12,11.72,11.79,11.56,11.63,45102974,600930048.00
2012/06/13,11.73,11.95,11.42,11.85,90975183,1219000704.00
2012/06/14,11.78,11.92,11.65,11.69,52316333,704636096.00
2012/06/15,11.79,11.88,11.59,11.80,43959972,589670208.00
2012/06/18,11.86,12.09,11.84,11.93,52797357,719340480.00
2012/06/19,11.89,11.92,11.72,11.74,36331070,487965600.00
2012/06/21,11.64,11.64,10.94,10.99,121653850,1566528000.00
2012/06/25,10.99,10.99,10.60,10.65,86304684,1066652864.00
2012/06/26,10.59,10.80,10.47,10.69,50803938,627032128.00
2012/06/27,10.69,10.89,10.66,10.72,32495843,403775584.00
2012/06/28,10.75,10.88,10.39,10.40,53930628,665298688.00
2012/06/29,10.34,11.00,10.31,10.97,75498851,938303808.00
2012/07/02,10.95,11.11,10.84,10.91,49423460,624347776.00
2012/07/03,10.93,11.07,10.74,10.94,62683356,788808128.00
2012/07/04,10.98,11.01,10.85,10.86,24287331,305158016.00
2012/07/05,10.76,10.79,10.49,10.52,41910871,513786400.00
2012/07/06,10.64,11.03,10.39,10.91,58326694,719538624.00
2012/07/09,10.74,10.87,10.43,10.44,46764419,574833344.00
2012/07/10,10.39,10.64,10.38,10.49,46516814,566065728.00
2012/07/11,10.46,10.77,10.45,10.76,47205184,581899200.00
2012/07/12,10.68,11.24,10.57,11.08,83844319,1054970752.00
2012/07/13,10.98,11.36,10.98,11.00,46775104,598173056.00
2012/07/16,11.08,11.10,10.74,10.83,36102370,452793280.00
2012/07/17,10.76,11.40,10.75,11.16,63020844,806835776.00
2012/07/18,11.13,11.34,10.84,11.29,53320120,683585728.00
2012/07/19,11.24,11.58,11.16,11.28,77207000,1009193856.00
2012/07/20,11.18,11.33,11.09,11.16,38467007,494056544.00
2012/07/23,11.05,11.08,10.55,10.64,80188536,998065024.00
2012/07/24,10.56,10.78,10.40,10.61,82268510,1007130496.00
2012/07/25,10.59,10.73,10.46,10.54,35222980,430778624.00
2012/07/26,10.49,10.67,10.44,10.56,44057710,538265088.00
2012/07/27,10.63,10.80,10.44,10.55,48369111,592396032.00
2012/07/30,10.56,10.70,10.36,10.40,59209424,719419328.00
2012/07/31,10.42,10.63,10.36,10.56,33108293,403657824.00
2012/08/01,10.59,10.87,10.59,10.77,52740668,654960000.00
2012/08/02,10.83,10.85,10.56,10.73,37963738,453565088.00
2012/08/03,10.83,10.87,10.58,10.78,32878272,392209888.00
2012/08/06,10.77,11.03,10.72,10.97,44572593,541946880.00
2012/08/07,11.00,11.08,10.90,10.95,32722759,399979072.00
2012/08/08,11.05,11.13,10.94,10.98,42022795,514782400.00
2012/08/09,10.97,11.03,10.76,11.01,38694047,469699296.00
2012/08/10,11.01,11.01,10.79,10.86,32180835,389392576.00
2012/08/13,10.84,10.84,9.67,9.76,175148588,1983026432.00
2012/08/14,9.78,9.82,9.27,9.58,107696225,1151573632.00
2012/08/15,9.55,9.55,9.42,9.47,42907646,459199168.00
2012/08/16,9.47,9.72,9.46,9.50,54971194,593589568.00
2012/08/17,9.50,9.59,9.42,9.57,32476630,348295616.00
2012/08/20,9.45,9.57,9.33,9.52,46996755,500758624.00
2012/08/21,9.50,9.69,9.44,9.54,42477657,458569152.00
2012/08/22,9.57,9.63,9.48,9.58,41113022,442619872.00
2012/08/23,9.61,9.74,9.51,9.58,40985669,444361888.00
2012/08/24,9.56,9.58,9.42,9.53,34841395,374161152.00
2012/08/27,9.48,9.50,8.93,8.96,97981279,1014250816.00
2012/08/28,8.96,9.21,8.76,9.01,71606885,729863744.00
2012/08/29,8.87,9.09,8.84,8.94,35035630,357216960.00
2012/08/30,8.82,9.23,8.82,9.11,70360813,723966976.00
2012/08/31,9.02,9.14,8.97,8.99,27790817,285637600.00
2012/09/03,8.92,9.41,8.88,9.29,63627882,665152704.00
2012/09/04,9.42,9.59,9.29,9.35,62214987,664962944.00
2012/09/05,9.28,9.49,9.28,9.39,35476355,377035584.00
2012/09/06,9.42,9.53,9.33,9.44,32492223,345806624.00
2012/09/07,9.57,10.35,9.57,10.25,146137970,1648934400.00
2012/09/10,10.25,10.46,10.08,10.22,87259839,1005387072.00
2012/09/11,10.17,10.17,9.85,10.06,78839990,883254528.00
2012/09/12,10.15,10.27,9.98,10.11,55949138,634659392.00
2012/09/13,10.07,10.26,10.00,10.01,38110170,433849408.00
2012/09/14,10.19,10.32,10.00,10.13,70184035,799853888.00
2012/09/17,10.09,10.17,9.65,9.67,65539524,726357120.00
2012/09/18,9.60,9.74,9.47,9.59,35179113,381872224.00
2012/09/19,9.59,9.77,9.57,9.70,44290970,483216960.00
2012/09/20,9.68,9.68,9.49,9.57,56667519,612645824.00
2012/09/21,9.49,9.68,9.45,9.54,34734068,374740416.00
2012/09/24,9.39,9.80,9.34,9.60,54290121,587624704.00
2012/09/25,9.57,10.02,9.56,9.79,76232515,842694144.00
2012/09/26,9.80,9.97,9.73,9.77,40979571,452475520.00
2012/09/27,9.78,10.48,9.77,10.31,122667941,1401496448.00
2012/09/28,10.20,10.58,10.16,10.56,105292825,1229942016.00
2012/10/08,10.56,10.69,10.17,10.26,63068130,732760128.00
2012/10/09,10.36,10.72,10.36,10.63,69869761,826007360.00
2012/10/10,10.58,10.62,10.50,10.57,42112647,496560416.00
2012/10/11,10.52,10.60,10.27,10.35,45958619,535112832.00
2012/10/12,10.45,10.56,10.09,10.31,50659808,583339456.00
2012/10/15,10.35,10.48,10.21,10.37,35287946,408173824.00
2012/10/16,10.33,10.56,10.33,10.42,40057022,467847872.00
2012/10/17,10.48,10.54,10.26,10.38,36887716,429964704.00
2012/10/18,10.42,10.63,10.34,10.58,53399964,626708288.00
2012/10/19,10.59,10.63,10.46,10.50,33506274,394501408.00
2012/10/22,10.43,10.62,10.41,10.58,34304730,404299392.00
2012/10/23,10.60,10.62,10.22,10.27,59447484,691049664.00
2012/10/24,10.24,10.32,10.16,10.18,34790459,398861504.00
2012/10/25,10.18,10.26,10.04,10.06,34934462,397389568.00
2012/10/26,10.08,10.12,9.69,9.77,66659542,737233088.00
2012/10/29,9.82,9.83,9.46,9.52,59327946,641603200.00
2012/10/30,9.51,9.70,9.48,9.54,45562847,491993536.00
2012/10/31,9.62,9.69,9.54,9.66,33013651,357833120.00
2012/11/01,9.68,9.99,9.68,9.96,95547049,1061386816.00
2012/11/02,9.97,10.11,9.86,10.09,50611220,568413312.00
2012/11/05,10.07,10.15,10.00,10.04,31345533,353930368.00
2012/11/06,10.09,10.12,9.77,10.04,57659836,643988992.00
2012/11/07,10.01,10.05,9.85,9.90,46618514,520211104.00
2012/11/08,9.79,9.85,9.65,9.67,55870886,612792384.00
2012/11/09,9.61,9.68,9.52,9.55,44133124,476818656.00
2012/11/12,9.55,9.66,9.47,9.63,32759868,354204000.00
2012/11/13,9.67,9.67,9.17,9.46,58797379,621681216.00
2012/11/14,9.41,9.57,9.29,9.50,32024381,342104576.00
2012/11/15,9.42,9.51,9.26,9.28,29284687,310941792.00
2012/11/16,9.26,9.37,9.16,9.28,37805807,396491040.00
2012/11/19,9.27,9.47,9.17,9.36,47944033,507932768.00
2012/11/20,9.45,9.46,9.20,9.21,21255718,224435968.00
2012/11/21,9.23,9.53,9.22,9.51,48992814,520540384.00
2012/11/22,9.43,9.49,9.35,9.45,42379387,451288288.00
2012/11/23,9.55,9.59,9.45,9.47,39409234,423406944.00
2012/11/26,9.42,9.53,9.33,9.36,26226675,279359872.00
2012/11/27,9.32,9.34,9.14,9.16,40028881,419298464.00
2012/11/28,9.14,9.21,8.99,9.02,34956107,359578304.00
2012/11/29,9.06,9.13,8.52,8.57,75990659,760556800.00
2012/11/30,8.60,8.80,8.31,8.78,71954268,705439168.00
2012/12/03,8.74,9.02,8.69,8.77,55722846,562285184.00
2012/12/04,8.78,8.97,8.67,8.94,47627162,478348960.00
2012/12/05,8.88,9.62,8.87,9.33,195056299,2066767360.00
2012/12/06,9.33,9.40,9.20,9.26,80027492,843476800.00
2012/12/07,9.27,9.59,9.22,9.48,124985758,1336124928.00
2012/12/10,9.60,9.81,9.52,9.66,104658438,1144217600.00
2012/12/11,9.60,9.69,9.53,9.56,45256372,490217952.00
2012/12/12,9.63,9.73,9.49,9.59,44666367,483502720.00
2012/12/13,9.55,9.60,9.46,9.51,35770956,384865024.00
2012/12/14,9.57,10.42,9.54,10.30,172651689,1952643328.00
2012/12/17,10.29,10.69,10.27,10.56,128974395,1514802432.00
2012/12/18,10.52,10.92,10.45,10.60,111068685,1325693312.00
2012/12/19,10.57,10.73,10.40,10.57,87545264,1031803264.00
2012/12/20,10.50,10.92,10.46,10.81,84589064,1006404416.00
2012/12/21,10.85,11.02,10.57,10.64,85758556,1029654144.00
2012/12/24,10.64,10.96,10.57,10.69,64879127,779084416.00
2012/12/25,10.63,11.22,10.52,11.12,136713604,1673092608.00
2012/12/26,11.08,11.21,10.92,11.05,66231211,815242432.00
2012/12/27,11.12,11.19,10.94,10.97,76851186,944128448.00
2012/12/28,11.07,12.01,10.96,11.93,177555653,2247161856.00
2012/12/31,11.93,12.15,11.82,12.13,157945838,2092252416.00
2013/01/04,12.37,12.49,11.86,12.03,126574364,1698015360.00
2013/01/07,11.96,12.34,11.81,12.03,89789565,1194370304.00
2013/01/08,12.04,12.10,11.62,11.82,111393980,1450599296.00
2013/01/09,11.72,12.01,11.59,11.80,85897404,1117425280.00
2013/01/10,11.82,12.31,11.78,11.99,105818333,1402853888.00
2013/01/11,11.97,12.06,11.35,11.48,117673366,1512800000.00
2013/01/14,11.40,12.43,11.37,12.36,164308727,2183016704.00
2013/01/15,12.37,12.60,12.25,12.40,150333325,2056777600.00
2013/01/16,12.38,12.42,11.87,12.17,114567320,1529344256.00
2013/01/17,12.11,12.36,11.91,12.09,84813139,1131121536.00
2013/01/18,12.22,12.55,12.07,12.27,115184737,1558456320.00
2013/01/21,12.35,12.67,12.21,12.57,134660944,1848782080.00
2013/01/22,12.51,12.85,12.32,12.54,146579239,2029671552.00
2013/01/23,12.49,12.76,12.37,12.62,88779439,1222127616.00
2013/01/24,12.58,13.08,12.50,12.63,231183738,3249202688.00
2013/01/25,12.62,12.78,12.26,12.31,106748881,1469089152.00
2013/01/28,12.39,13.16,12.39,13.11,200977437,2843673856.00
2013/01/29,13.14,13.86,13.07,13.73,231065299,3410330368.00
2013/01/30,13.78,14.27,13.54,14.01,175200393,2654390016.00
2013/01/31,14.01,14.16,13.70,13.95,123862396,1872890752.00
2013/02/01,13.83,14.62,13.79,14.51,158870891,2462881792.00
2013/02/04,14.67,14.74,13.98,14.06,209597425,3269782528.00
2013/02/05,13.78,13.97,13.53,13.88,149183711,2234957824.00
2013/02/06,13.88,14.46,13.82,14.09,123638812,1908420736.00
2013/02/07,14.06,14.31,13.65,14.10,160098610,2442750208.00
2013/02/08,14.06,14.43,13.96,14.27,122611504,1895852800.00
2013/02/18,14.43,14.51,13.73,13.75,109400408,1663127424.00
2013/02/19,13.67,13.74,13.23,13.29,136059212,1988927744.00
2013/02/20,13.29,13.54,13.00,13.46,119385412,1725789312.00
2013/02/21,13.25,13.25,12.57,12.68,170309431,2406081792.00
2013/02/22,12.68,12.80,12.45,12.48,86646607,1198557440.00
2013/02/25,12.72,12.87,12.48,12.61,86795360,1204178432.00
2013/02/26,12.38,12.85,12.22,12.31,114708805,1579305344.00
2013/02/27,12.37,12.93,12.37,12.72,134239039,1866973824.00
2013/02/28,12.90,13.43,12.69,13.42,171981520,2463856384.00
2013/03/01,13.44,13.64,13.07,13.54,126950322,1861158272.00
2013/03/04,13.12,13.27,12.32,12.58,219582310,3090593280.00
2013/03/05,12.63,13.29,12.63,13.25,159346448,2259651072.00
2013/03/06,13.37,13.40,13.02,13.16,107686892,1555183232.00
2013/03/07,13.17,13.31,12.59,12.75,134139328,1907324544.00
2013/03/08,12.77,12.90,12.43,12.51,88334372,1222496512.00
2013/03/11,12.47,12.61,12.20,12.46,82223593,1119920256.00
2013/03/12,12.40,12.70,12.16,12.31,88540904,1208752512.00
2013/03/13,12.31,12.35,11.79,11.98,97502089,1294042368.00
2013/03/14,11.87,12.05,11.82,11.93,110948388,1460793344.00
2013/03/15,11.97,12.39,11.32,11.66,198599824,2596435968.00
2013/03/18,11.62,11.65,11.22,11.39,155059094,1950645888.00
2013/03/19,11.37,11.61,11.10,11.43,126256643,1590828544.00
2013/03/20,11.51,12.27,11.43,12.22,193889791,2547512832.00
2013/03/21,12.22,12.32,12.08,12.24,114323566,1534619904.00
2013/03/22,12.25,12.29,11.96,12.08,84423454,1126210176.00
2013/03/25,12.19,12.24,11.73,11.76,110299819,1450812160.00
2013/03/26,11.70,11.70,11.32,11.41,126840799,1606592384.00
2013/03/27,11.45,11.72,11.28,11.54,101262210,1287861888.00
2013/03/28,11.15,11.21,10.88,11.04,144386920,1771462016.00
2013/03/29,11.07,11.11,10.86,10.94,64555025,787357440.00
2013/04/01,10.93,11.10,10.87,10.96,71853165,878008832.00
2013/04/02,11.03,11.17,10.77,11.06,108844726,1331574272.00
2013/04/03,11.07,11.15,10.88,10.89,64213558,785668544.00
2013/04/08,10.57,10.73,10.48,10.67,101330206,1198141184.00
2013/04/09,10.73,11.07,10.71,10.90,94448788,1144638848.00
2013/04/10,10.89,10.94,10.64,10.78,48242091,579997696.00
2013/04/11,10.98,11.04,10.67,10.72,59889272,720944640.00
2013/04/12,10.73,10.82,10.45,10.49,66269039,783796416.00
2013/04/15,10.42,10.58,10.27,10.45,61124438,713149824.00
2013/04/16,10.35,11.10,10.27,10.93,113646216,1357500288.00
2013/04/17,10.87,11.01,10.68,10.84,71624379,865692544.00
2013/04/18,10.76,11.10,10.64,10.92,67314671,817293632.00
2013/04/19,10.95,11.72,10.95,11.59,200617534,2536150528.00
2013/04/22,11.51,11.62,11.43,11.56,82111108,1047222080.00
2013/04/23,11.47,11.51,10.85,10.93,108903201,1344060672.00
2013/04/24,10.99,11.55,10.85,11.38,108468878,1349010048.00
2013/04/25,11.29,11.64,11.12,11.28,95556613,1205188736.00
2013/04/26,11.32,11.46,11.13,11.19,66198652,827319360.00
2013/05/02,11.09,11.33,10.98,11.25,67378461,838046528.00
2013/05/03,11.39,11.90,11.38,11.63,121790793,1572104960.00
2013/05/06,11.74,11.86,11.60,11.73,91762826,1189906048.00
2013/05/07,11.71,11.71,11.40,11.58,87159634,1111958784.00
2013/05/08,11.58,11.68,11.32,11.49,98318162,1247206144.00
2013/05/09,11.45,11.49,11.23,11.41,71207424,896177216.00
2013/05/10,11.29,11.53,11.29,11.41,53033755,670673856.00
2013/05/13,11.46,11.47,11.07,11.21,78207419,973457600.00
2013/05/14,11.17,11.18,10.90,10.98,75568507,923286464.00
2013/05/15,10.99,11.09,10.92,11.04,55614585,680208768.00
2013/05/16,11.00,11.45,10.89,11.37,99351337,1238255744.00
2013/05/17,11.34,11.63,11.25,11.56,111759907,1417313536.00
2013/05/20,11.59,11.86,11.49,11.71,136229706,1761510656.00
2013/05/21,11.67,11.71,11.46,11.57,91042474,1164935168.00
2013/05/22,11.67,11.84,11.54,11.62,87056697,1124775296.00
2013/05/23,11.55,11.64,11.31,11.33,90966496,1155306368.00
2013/05/24,11.45,11.54,11.27,11.45,65341772,826812864.00
2013/05/27,11.42,11.74,11.38,11.63,87814981,1129120640.00
2013/05/28,11.65,12.04,11.61,12.02,172354397,2251353088.00
2013/05/29,12.07,12.11,11.91,11.92,129455666,1713390592.00
2013/05/30,11.88,12.20,11.84,11.98,113328028,1506396800.00
2013/05/31,12.03,12.12,11.74,11.76,80206571,1055910528.00
2013/06/03,11.76,12.00,11.69,11.76,78911782,1029561344.00
2013/06/04,11.74,11.74,11.47,11.51,80106575,1024981120.00
2013/06/05,11.57,11.65,11.54,11.65,64703305,829914752.00
2013/06/06,11.57,11.67,11.45,11.49,60923993,779768192.00
2013/06/07,11.38,11.52,10.78,10.89,160307948,1978007808.00
2013/06/13,10.65,10.65,9.88,10.12,140209019,1608492160.00
2013/06/14,10.18,10.24,10.01,10.11,90333990,1022385984.00
2013/06/17,10.14,10.17,9.79,9.89,74850954,836007168.00
2013/06/18,9.98,10.07,9.85,9.99,51980650,582885504.00
2013/06/19,9.92,9.96,9.55,9.92,87749057,965029120.00
2013/06/20,9.81,9.81,9.55,9.59,70913094,773270272.00
2013/06/21,9.37,9.85,9.31,9.82,94899461,1029984320.00
2013/06/24,9.72,9.74,8.84,8.86,133453593,1394820608.00
2013/06/25,8.83,9.00,8.06,8.77,155433204,1531345408.00
2013/06/26,8.79,8.88,8.59,8.76,88136147,878545472.00
2013/06/27,8.82,8.98,8.53,8.61,89160931,891176640.00
2013/06/28,8.59,9.22,8.53,8.90,118057772,1196763776.00
2013/07/01,9.05,9.06,8.74,8.95,65929042,668145600.00
2013/07/02,8.96,9.10,8.76,8.96,66951960,678883648.00
2013/07/03,8.89,8.89,8.65,8.74,69997108,698010240.00
2013/07/04,8.65,9.03,8.54,8.83,89553198,898804480.00
2013/07/05,8.87,9.03,8.82,8.86,64596576,655699648.00
2013/07/08,8.71,8.85,8.57,8.61,57876882,573523776.00
2013/07/09,8.63,8.80,8.61,8.64,42439908,420634560.00
2013/07/10,8.68,9.00,8.58,8.97,98545671,992672576.00
2013/07/11,9.02,9.96,8.94,9.78,205191833,2206178816.00
2013/07/12,9.63,9.82,9.27,9.31,116114997,1256550912.00
2013/07/15,9.57,10.06,9.42,9.73,151831637,1668553088.00
2013/07/16,9.67,9.75,9.52,9.74,80196335,871656512.00
2013/07/17,9.69,9.86,9.37,9.41,92769805,1004182976.00
2013/07/18,9.32,9.49,9.09,9.12,80981369,847196160.00
2013/07/19,9.16,9.32,8.88,8.89,71525570,739505280.00
2013/07/22,8.84,9.16,8.78,9.09,57870261,594092672.00
2013/07/23,9.15,9.72,9.10,9.63,107019051,1148607488.00
2013/07/24,9.52,9.66,9.29,9.56,80501161,861059264.00
2013/07/25,9.64,9.75,9.47,9.53,73529895,796746048.00
2013/07/26,9.45,9.61,9.35,9.43,47640612,510460064.00
2013/07/29,9.25,9.34,9.11,9.13,53503170,558583680.00
2013/07/30,9.25,9.60,9.11,9.34,62360709,661289472.00
2013/07/31,9.62,9.73,9.38,9.42,60444059,653000960.00
2013/08/01,9.55,9.82,9.41,9.74,91679503,998128960.00
2013/08/02,9.83,9.91,9.59,9.71,82046378,900155136.00
2013/08/05,9.66,9.85,9.62,9.85,56422213,620473984.00
2013/08/06,9.81,10.02,9.69,9.94,77625796,858895360.00
2013/08/07,9.94,10.21,9.80,9.89,101612100,1141878144.00
2013/08/08,9.89,9.97,9.67,9.78,56697608,608268608.00
2013/08/09,9.87,10.02,9.72,9.94,67519577,730592704.00
2013/08/12,9.97,10.37,9.97,10.37,130490281,1456180736.00
2013/08/13,10.41,10.52,10.31,10.40,92538429,1049208768.00
2013/08/14,10.42,10.58,10.24,10.30,76713693,871300032.00
2013/08/15,10.30,10.57,10.21,10.22,69512688,785835584.00
2013/08/16,10.14,11.34,10.05,10.08,278498129,3197063168.00
2013/08/19,9.82,10.04,9.57,9.95,144617812,1551642624.00
2013/08/20,9.87,10.06,9.67,9.71,124461918,1341464832.00
2013/08/21,9.75,9.85,9.64,9.79,62456998,666998464.00
2013/08/22,9.74,9.88,9.67,9.70,69011333,737884928.00
2013/08/23,9.77,9.80,9.37,9.58,73041502,769341184.00
2013/08/26,9.79,10.21,9.73,10.13,141213088,1538931328.00
2013/08/27,10.07,10.31,10.04,10.22,86235588,955635520.00
2013/08/28,10.08,10.17,9.99,10.03,69640308,766287424.00
2013/08/29,10.25,10.31,10.01,10.07,72429663,802355584.00
2013/08/30,10.05,10.27,9.92,10.10,100674401,1113393664.00
2013/09/02,10.10,10.22,9.98,10.13,59831268,660853312.00
2013/09/03,10.21,10.27,10.09,10.25,88754230,988114880.00
2013/09/04,10.23,10.29,10.13,10.16,58689893,652772800.00
2013/09/05,10.17,10.25,10.10,10.12,44918738,498745344.00
2013/09/06,10.07,10.27,10.07,10.14,72629152,803818944.00
2013/09/09,10.25,11.07,10.19,10.92,264873010,3076779008.00
2013/09/10,11.03,12.11,11.00,12.11,368260338,4561573376.00
2013/09/11,12.76,12.77,12.14,12.24,423291112,5671849984.00
2013/09/12,12.47,12.92,12.22,12.63,357464531,4824712704.00
2013/09/13,12.50,12.56,12.11,12.29,217626065,2881589248.00
2013/09/16,12.35,12.35,11.68,11.92,228489311,2931728384.00
2013/09/17,11.84,11.92,11.57,11.63,139423835,1763393792.00
2013/09/18,11.57,11.88,11.38,11.86,134367219,1690392448.00
2013/09/23,11.85,11.90,11.65,11.84,103159207,1311020800.00
2013/09/24,11.79,11.80,11.19,11.32,165080437,2033974912.00
2013/09/25,11.31,11.61,11.23,11.33,97456800,1200813184.00
2013/09/26,11.34,11.35,11.07,11.09,83661030,1010341312.00
2013/09/27,11.21,11.46,11.11,11.43,94721587,1157439360.00
2013/09/30,11.46,11.53,11.29,11.36,61293667,753353216.00
2013/10/08,11.28,11.60,11.11,11.49,103506930,1273428352.00
2013/10/09,11.45,11.71,11.36,11.59,87608407,1092675200.00
2013/10/10,11.62,11.63,11.08,11.12,115404773,1406760192.00
2013/10/11,11.25,11.45,11.13,11.37,109350287,1337247872.00
2013/10/14,11.37,11.37,11.12,11.21,81506562,990600512.00
2013/10/15,11.27,11.33,11.16,11.32,80211295,976751360.00
2013/10/16,11.27,11.29,10.84,10.98,85205146,1021854720.00
2013/10/17,11.10,11.14,10.82,10.88,92034046,1094869888.00
2013/10/18,10.87,11.31,10.86,11.07,109392534,1318933632.00
2013/10/21,11.15,11.33,10.93,11.29,130049943,1572646528.00
2013/10/22,11.37,11.37,11.10,11.14,82379812,1002431744.00
2013/10/23,11.22,11.45,11.12,11.13,92936302,1133725056.00
2013/10/24,11.05,11.07,10.85,10.90,61542588,730878592.00
2013/10/25,10.89,11.02,10.62,10.71,90182914,1060449472.00
2013/10/28,10.73,10.84,10.67,10.78,52197494,610793472.00
2013/10/29,10.82,11.14,10.62,11.10,109540230,1296250368.00
2013/10/30,11.04,11.19,10.91,11.17,90468984,1082581248.00
2013/10/31,11.17,11.18,10.90,10.92,66162149,789795584.00
2013/11/01,10.95,11.13,10.88,11.05,66985572,801778240.00
2013/11/04,11.13,11.17,10.90,10.97,40806286,486716480.00
2013/11/05,10.89,10.97,10.71,10.91,54704923,643618688.00
2013/11/06,10.87,10.95,10.63,10.64,56592120,662846272.00
2013/11/07,10.65,10.74,10.52,10.56,45435710,525090528.00
2013/11/08,10.53,10.65,9.97,10.14,84963510,953648064.00
2013/11/11,10.14,10.20,9.95,10.10,49768995,547703936.00
2013/11/12,10.15,10.33,10.12,10.28,52416205,585923712.00
2013/11/13,10.15,10.21,9.87,9.87,65605469,717597248.00
2013/11/14,9.89,10.01,9.83,9.97,38508813,418346432.00
2013/11/15,10.05,10.92,10.00,10.62,161991283,1873428864.00
2013/11/18,10.94,11.78,10.79,11.78,404920402,4984694272.00
2013/11/19,11.89,11.92,11.64,11.82,258944493,3288400128.00
2013/11/20,11.95,12.02,11.64,11.90,191398200,2438066176.00
2013/11/21,11.77,11.77,11.38,11.63,198540298,2486152448.00
2013/11/22,11.76,12.00,11.60,11.75,212426803,2708012800.00
2013/11/25,11.57,12.12,11.49,11.62,163971391,2096004224.00
2013/11/26,11.59,11.90,11.51,11.59,111430017,1403133056.00
2013/11/27,11.57,12.06,11.54,11.98,201566339,2577532928.00
2013/11/28,11.94,12.21,11.86,11.91,167883599,2173811456.00
2013/11/29,11.94,12.01,11.83,11.97,86958976,1117006080.00
2013/12/02,12.42,12.91,12.13,12.63,401728088,5404420096.00
2013/12/03,12.47,12.57,12.28,12.47,133773881,1785323520.00
2013/12/04,12.47,12.75,12.40,12.45,139537123,1883749248.00
2013/12/05,12.46,12.65,12.36,12.52,103760128,1396520448.00
2013/12/06,12.42,12.47,12.02,12.17,210887340,2756363008.00
2013/12/09,12.18,12.39,12.07,12.13,89464210,1176954496.00
2013/12/10,12.13,12.32,12.13,12.20,74439844,979661504.00
2013/12/11,12.07,12.10,11.57,11.75,136415930,1732272896.00
2013/12/12,11.69,11.80,11.55,11.68,73757878,929903232.00
2013/12/13,11.52,11.84,11.48,11.78,67464465,853081344.00
2013/12/16,11.81,11.87,11.46,11.52,86579150,1084796160.00
2013/12/17,11.55,11.67,11.45,11.57,53473157,668365952.00
2013/12/18,11.52,11.74,11.50,11.66,47419081,597002880.00
2013/12/19,11.73,11.86,11.59,11.67,58507144,741545280.00
2013/12/20,11.67,11.73,11.21,11.32,100552333,1239015680.00
2013/12/23,11.37,11.53,11.21,11.35,64090929,788047424.00
2013/12/24,11.42,11.54,11.23,11.39,51112467,630710464.00
2013/12/25,11.41,11.59,11.35,11.53,68642995,851201600.00
2013/12/26,11.47,11.48,11.17,11.31,76134511,930677824.00
2013/12/27,11.29,11.53,11.25,11.48,106341232,1315903360.00
2013/12/30,11.61,11.63,11.39,11.41,89453015,1112600576.00
2013/12/31,11.37,11.87,11.31,11.82,146080699,1835939200.00
2014/01/02,11.68,11.76,11.55,11.66,67821633,852322048.00
2014/01/03,11.57,11.57,11.27,11.30,84037619,1032334592.00
2014/01/06,11.27,11.32,10.93,11.30,104866722,1259462656.00
2014/01/07,11.12,11.22,11.04,11.11,45162778,543938752.00
2014/01/08,11.18,11.32,11.03,11.15,75516396,912001984.00
2014/01/09,11.07,11.18,10.88,10.89,69423212,831226432.00
2014/01/10,10.85,10.89,10.57,10.59,75961004,882822784.00
2014/01/13,10.57,10.71,10.43,10.49,55152285,632531520.00
2014/01/14,10.50,10.71,10.44,10.65,44577874,513250304.00
2014/01/15,10.64,10.65,10.41,10.53,47018846,538306816.00
2014/01/16,10.55,10.79,10.46,10.63,62132259,720186432.00
2014/01/17,10.59,10.74,10.42,10.72,79834679,916384000.00
2014/01/20,10.62,10.73,10.53,10.58,38218494,441567392.00
2014/01/21,10.62,10.95,10.62,10.78,61670690,723617216.00
2014/01/22,10.87,11.19,10.80,11.15,96449941,1155764608.00
2014/01/23,11.13,11.16,10.90,10.98,72409099,864779136.00
2014/01/24,10.91,11.18,10.89,11.03,72182788,866175872.00
2014/01/27,10.92,10.97,10.59,10.63,95808522,1116084864.00
2014/01/28,10.72,10.80,10.58,10.67,49785111,577282624.00
2014/01/29,10.73,10.76,10.62,10.75,51152333,595515456.00
2014/01/30,10.69,10.73,10.61,10.65,41348826,479837312.00
2014/02/07,10.47,10.58,10.41,10.55,71361825,815642368.00
2014/02/10,10.60,10.93,10.60,10.89,80808267,949119040.00
2014/02/11,10.87,11.22,10.79,11.01,121999464,1458463104.00
2014/02/12,11.02,11.22,10.93,10.99,79214167,946880064.00
2014/02/13,10.97,11.12,10.83,10.94,80466904,956610944.00
2014/02/14,10.92,11.02,10.87,10.94,52042309,616708864.00
2014/02/17,11.05,11.11,10.90,10.98,78778175,936319808.00
2014/02/18,10.97,10.98,10.51,10.57,127536958,1477416448.00
2014/02/19,10.56,10.69,10.37,10.56,129753270,1483239680.00
2014/02/20,10.54,10.69,10.19,10.22,129463412,1469235712.00
2014/02/21,10.17,10.20,9.96,10.05,111203573,1224215296.00
2014/02/24,9.97,9.97,9.67,9.76,107728967,1152963200.00
2014/02/25,9.80,9.87,9.56,9.60,95987978,1018527616.00
2014/02/26,9.57,9.60,9.28,9.47,99114184,1028362176.00
2014/02/27,9.56,9.65,9.40,9.51,78898414,823706496.00
2014/02/28,9.53,9.95,9.45,9.90,127105215,1354110464.00
2014/03/03,9.80,9.82,9.63,9.72,90889671,967576512.00
2014/03/04,9.68,9.83,9.66,9.72,86390753,920644544.00
2014/03/05,9.75,9.83,9.58,9.70,69880762,743654400.00
2014/03/06,9.69,9.79,9.51,9.72,84969980,900621504.00
2014/03/07,9.65,9.82,9.57,9.59,74264512,788821504.00
2014/03/10,9.45,9.48,9.16,9.19,87251299,894258624.00
2014/03/11,9.19,9.28,9.07,9.25,74518919,752441344.00
2014/03/12,9.19,9.27,9.07,9.18,73708915,744094528.00
2014/03/13,9.23,9.50,9.21,9.37,75903663,781733760.00
2014/03/14,9.27,9.44,9.21,9.30,57283657,585793024.00
2014/03/17,9.37,9.43,9.23,9.35,45183423,462269984.00
2014/03/18,9.36,9.41,9.28,9.29,39872862,409036160.00
2014/03/19,9.26,9.28,9.12,9.18,48917762,493638080.00
2014/03/20,9.16,9.31,9.11,9.12,46601400,472723200.00
2014/03/21,9.08,9.67,9.04,9.63,123599756,1278943744.00
2014/03/24,9.67,10.01,9.59,9.83,145653906,1560062208.00
2014/03/25,9.77,9.97,9.72,9.83,96204109,1038585216.00
2014/03/26,9.97,10.02,9.67,9.69,69272072,742565440.00
2014/03/27,9.77,9.90,9.51,9.61,90094976,957780736.00
2014/03/28,9.66,9.85,9.60,9.73,81317171,868628800.00
2014/03/31,9.75,9.79,9.54,9.60,52048003,550290944.00
2014/04/01,9.62,9.81,9.58,9.78,45502062,484969856.00
2014/04/02,9.80,9.87,9.71,9.85,50383305,541176768.00
2014/04/03,9.92,10.13,9.84,9.85,95204972,1040594688.00
2014/04/04,9.79,10.00,9.77,9.98,49088496,531249280.00
2014/04/08,9.97,10.39,9.93,10.34,165124345,1843100672.00
2014/04/09,10.36,10.40,10.18,10.26,72893671,816319872.00
2014/04/10,10.27,11.38,10.18,11.35,459621499,5497220096.00
2014/04/11,11.37,11.76,11.24,11.30,423295660,5240655872.00
2014/04/14,11.20,11.37,11.04,11.22,161524927,1952076672.00
2014/04/15,11.10,11.13,10.77,10.78,172623795,2043416576.00
2014/04/16,10.73,11.04,10.72,10.84,126772538,1496462720.00
2014/04/17,10.96,11.02,10.77,10.84,108347430,1282167168.00
2014/04/18,10.74,11.00,10.66,10.93,102466555,1207549440.00
2014/04/21,10.88,11.01,10.44,10.47,118788969,1386236288.00
2014/04/22,10.41,10.57,10.19,10.56,123435674,1400617856.00
2014/04/23,10.47,10.61,10.38,10.50,82519140,942314112.00
2014/04/24,10.44,10.61,10.42,10.51,64786405,740662208.00
2014/04/25,10.54,10.61,10.26,10.28,72750078,827968576.00
2014/04/28,10.29,10.39,10.12,10.24,80889808,903050304.00
2014/04/29,10.21,10.51,10.05,10.50,90812366,1019528768.00
2014/04/30,10.49,10.51,10.34,10.46,63174116,719100928.00
2014/05/05,10.42,10.63,10.28,10.60,61917344,703265536.00
2014/05/06,10.50,10.65,10.47,10.51,55867433,640850176.00
2014/05/07,10.47,10.62,10.44,10.48,63020072,721281408.00
2014/05/08,10.45,10.82,10.33,10.53,91276154,1052842688.00
2014/05/09,10.52,10.73,10.48,10.60,79598199,917780160.00
2014/05/12,10.87,11.17,10.72,11.05,169777204,2020857344.00
2014/05/13,11.00,11.07,10.87,10.92,80394389,955871360.00
2014/05/14,10.97,11.09,10.88,10.99,78558795,935994368.00
2014/05/15,10.99,11.03,10.61,10.70,85482442,1002787776.00
2014/05/16,10.71,10.76,10.37,10.41,89942678,1029966336.00
2014/05/19,10.29,10.30,10.07,10.13,92752568,1027255552.00
2014/05/20,10.23,10.30,10.12,10.24,48814283,543666944.00
2014/05/21,10.12,10.37,10.09,10.34,57431509,641969152.00
2014/05/22,10.34,10.57,10.27,10.31,73625918,836577728.00
2014/05/23,10.31,10.50,10.28,10.49,53332671,604410368.00
2014/05/26,10.52,10.56,10.36,10.45,55865108,634499520.00
2014/05/27,10.44,10.46,10.24,10.25,54793568,618027584.00
2014/05/28,10.27,10.62,10.19,10.55,95197247,1083479296.00
2014/05/29,10.52,10.59,10.35,10.36,62073426,707492160.00
2014/05/30,10.37,10.56,10.30,10.39,60014924,681375424.00
2014/06/03,10.39,10.59,10.37,10.38,58846996,671066688.00
2014/06/04,10.38,10.38,10.24,10.33,46148104,517820416.00
2014/06/05,10.31,10.50,10.27,10.48,52145208,590286592.00
2014/06/06,10.48,10.49,10.27,10.37,59265117,669358336.00
2014/06/09,10.28,10.45,10.20,10.25,56583748,636375552.00
2014/06/10,10.31,10.60,10.24,10.57,120967385,1378379008.00
2014/06/11,10.47,10.54,10.39,10.44,65221399,743204736.00
2014/06/12,10.43,10.49,10.37,10.40,44053011,500410944.00
2014/06/13,10.39,10.65,10.37,10.53,94941625,1089887232.00
2014/06/16,10.56,10.77,10.52,10.72,107413565,1245258368.00
2014/06/17,10.67,10.72,10.56,10.61,57087344,659204864.00
2014/06/18,10.60,10.69,10.53,10.53,48889515,563963712.00
2014/06/19,10.53,10.61,10.25,10.30,64361105,730118848.00
2014/06/20,10.30,10.38,10.24,10.37,47210552,531339584.00
2014/06/23,10.36,10.42,10.30,10.32,42141735,475810432.00
2014/06/24,10.33,10.48,10.32,10.45,37448842,424244032.00
2014/06/25,10.44,10.44,10.30,10.34,31274281,352774752.00
2014/06/26,10.35,10.53,10.35,10.47,57277592,653931008.00
2014/06/27,10.47,10.52,10.38,10.49,44497736,506808320.00
2014/06/30,10.52,10.61,10.48,10.53,58354049,669372800.00
2014/07/01,10.57,10.59,10.45,10.48,43330489,494716256.00
2014/07/02,10.50,10.58,10.44,10.57,67655382,774527424.00
2014/07/03,10.54,10.68,10.51,10.61,76878400,887190976.00
2014/07/04,10.59,10.72,10.58,10.62,52320889,605725568.00
2014/07/07,10.62,10.67,10.54,10.56,38574653,444511840.00
2014/07/08,10.57,10.62,10.47,10.57,45519990,521870816.00
2014/07/09,10.61,10.64,10.47,10.47,68049165,780852992.00
2014/07/10,10.46,10.51,10.42,10.47,46161252,525972000.00
2014/07/11,10.47,10.65,10.44,10.58,44513698,511940832.00
2014/07/14,10.58,10.79,10.56,10.78,113234570,1316451584.00
2014/07/15,10.75,10.82,10.68,10.76,60171419,702864448.00
2014/07/16,10.77,10.99,10.69,10.74,67801608,796798016.00
2014/07/17,10.70,10.79,10.63,10.76,59791549,694758272.00
2014/07/18,10.71,10.98,10.67,10.92,108480401,1280489728.00
2014/07/21,10.89,10.94,10.73,10.83,63935854,750850944.00
2014/07/22,10.94,11.12,10.84,11.07,136504998,1630900992.00
2014/07/23,11.07,11.31,11.02,11.19,145040721,1757207424.00
2014/07/24,11.20,11.67,11.20,11.58,217436849,2706946304.00
2014/07/25,11.60,11.74,11.45,11.73,129955826,1629315712.00
2014/07/28,11.78,12.57,11.78,12.29,301963581,3949592576.00
2014/07/29,12.27,12.31,12.11,12.21,134162147,1760280576.00
2014/07/30,12.27,12.42,12.02,12.09,137827790,1807332352.00
2014/07/31,12.09,12.24,12.02,12.23,109493811,1429344896.00
2014/08/01,12.19,12.31,11.88,11.90,129757819,1691299840.00
2014/08/04,12.00,12.73,11.99,12.68,272407511,3638302208.00
2014/08/05,12.67,12.67,12.38,12.50,172033467,2310809088.00
2014/08/06,12.50,12.66,12.36,12.54,156757636,2104685824.00
2014/08/07,12.53,12.54,12.13,12.15,153428048,2028456576.00
2014/08/08,12.17,12.26,12.01,12.13,120960599,1581303168.00
2014/08/11,12.17,12.55,12.15,12.43,146555978,1952722816.00
2014/08/12,12.37,12.40,12.23,12.30,99764356,1321004160.00
2014/08/13,12.30,12.59,12.21,12.45,143519240,1907932800.00
2014/08/14,12.40,12.50,12.21,12.24,119655141,1592971520.00
2014/08/15,12.33,12.62,12.25,12.54,135078220,1791722496.00
2014/08/18,12.62,12.70,12.41,12.53,114359770,1522296960.00
2014/08/19,12.57,12.58,12.30,12.41,102373881,1352294912.00
2014/08/20,12.38,12.42,12.28,12.32,78312111,1027630080.00
2014/08/21,12.32,12.36,11.97,12.07,135169601,1742303360.00
2014/08/22,12.05,12.27,12.01,12.20,114040289,1473032064.00
2014/08/25,12.22,12.22,11.95,12.01,92835429,1190853120.00
2014/08/26,12.00,12.08,11.77,11.85,95539954,1212605184.00
2014/08/27,11.85,11.97,11.82,11.84,54179868,685558208.00
2014/08/28,11.85,12.01,11.81,11.86,65387624,829699968.00
2014/08/29,11.98,12.12,11.88,12.11,67803800,866985984.00
2014/09/01,12.12,12.16,12.01,12.15,73857874,950189888.00
2014/09/02,12.16,12.47,12.04,12.42,164630812,2145763712.00
2014/09/03,12.45,12.58,12.40,12.48,143075127,1898952320.00
2014/09/04,12.50,12.80,12.46,12.77,173701959,2328496128.00
2014/09/05,12.88,13.11,12.78,12.85,197970632,2714893056.00
2014/09/09,12.86,12.86,12.59,12.65,107365252,1445851008.00
2014/09/10,12.54,12.64,12.44,12.52,106595839,1418004096.00
2014/09/11,12.50,12.98,12.47,12.60,168568053,2271719680.00
2014/09/12,12.50,12.62,12.43,12.60,100023629,1330645632.00
2014/09/15,12.60,12.60,12.35,12.50,104288065,1381063808.00
2014/09/16,12.53,12.60,12.03,12.08,158851277,2084788736.00
2014/09/17,12.16,12.25,12.07,12.15,72742928,940259904.00
2014/09/18,12.11,12.41,12.02,12.21,93253903,1211354624.00
2014/09/19,12.25,12.37,12.17,12.33,71118700,929564096.00
2014/09/22,12.27,12.28,12.01,12.06,100134105,1291425536.00
2014/09/23,12.06,12.35,12.05,12.27,92479981,1201043968.00
2014/09/24,12.20,12.88,12.17,12.71,251677555,3366014720.00
2014/09/25,12.83,12.87,12.45,12.53,171914464,2313782016.00
2014/09/26,12.47,12.56,12.40,12.50,125503024,1663233024.00
2014/09/29,12.56,12.72,12.45,12.61,172803417,2308688896.00
2014/09/30,12.63,12.67,12.50,12.54,105129289,1402743040.00
2014/10/08,12.60,12.63,12.45,12.58,124474872,1657250816.00
2014/10/09,12.59,12.71,12.49,12.61,120537958,1613316096.00
2014/10/10,12.53,12.66,12.42,12.46,127750006,1697474560.00
2014/10/13,12.36,12.37,12.16,12.31,116057640,1510914304.00
2014/10/14,12.22,12.40,12.16,12.20,104318105,1361659776.00
2014/10/15,12.21,12.63,12.18,12.56,191355661,2532755712.00
2014/10/16,12.38,12.67,12.32,12.36,157252133,2089206528.00
2014/10/17,12.40,12.61,12.22,12.52,162270592,2144102144.00
2014/10/20,12.54,12.57,12.40,12.47,119012372,1578668672.00
2014/10/21,12.47,12.65,12.38,12.40,146534311,1949112960.00
2014/10/22,12.40,12.53,12.23,12.25,138940732,1823836160.00
2014/10/23,12.20,12.32,12.00,12.03,135712995,1754545792.00
2014/10/24,12.05,12.08,11.85,11.90,100612707,1283376512.00
2014/10/27,11.66,11.70,11.47,11.55,133575173,1650857216.00
2014/10/28,11.58,11.96,11.58,11.94,141613037,1774452992.00
2014/10/29,11.96,12.36,11.86,12.16,206565757,2665573376.00
2014/10/30,12.16,12.26,12.09,12.20,120304587,1558050688.00
2014/10/31,12.27,12.75,12.23,12.49,298392623,3958877440.00
2014/11/03,12.57,12.68,12.37,12.43,225709270,3003175936.00
2014/11/04,12.36,12.49,12.25,12.35,141034844,1853533952.00
2014/11/05,12.42,12.66,12.27,12.48,235275778,3125696256.00
2014/11/06,12.46,12.52,12.28,12.40,131611845,1735214848.00
2014/11/07,12.47,13.35,12.43,12.85,600904921,8220935168.00
2014/11/10,13.27,13.42,12.93,13.34,552075626,7710405120.00
2014/11/11,13.72,14.10,13.27,13.48,632214615,9191442432.00
2014/11/12,13.44,14.65,13.28,14.60,537451064,7935957504.00
2014/11/13,14.50,14.81,14.16,14.28,512400885,7850271744.00
2014/11/14,14.18,14.77,14.02,14.60,442371387,6740925440.00
2014/11/17,14.72,14.81,14.14,14.18,408278847,6226352128.00
2014/11/18,14.02,14.16,13.68,13.77,323130878,4734747136.00
2014/11/19,13.72,13.87,13.56,13.62,228333234,3312030464.00
2014/11/20,13.66,13.98,13.60,13.82,229138237,3346697984.00
2014/11/21,13.86,14.90,13.69,14.79,503165651,7623298560.00
2014/11/24,15.21,16.10,15.10,15.76,721024929,11834149888.00
2014/11/25,15.62,15.91,15.51,15.68,346274737,5711582208.00
2014/11/26,15.82,16.69,15.81,16.24,458013796,7779568128.00
2014/11/27,16.34,16.87,15.95,16.73,569435675,9794380800.00
2014/11/28,16.54,16.74,16.02,16.48,513278616,8802830336.00
2014/12/01,16.66,17.42,16.23,16.74,610774617,10789097472.00
2014/12/02,16.42,18.44,16.32,18.02,736619164,13402108928.00
2014/12/03,18.12,19.37,17.60,18.37,840389639,16266474496.00
2014/12/04,18.36,20.29,18.24,20.29,730966743,14857753600.00
2014/12/05,21.69,22.40,20.93,22.40,1219100904,27823228928.00
2014/12/08,22.39,24.72,22.03,24.72,896731195,22144612352.00
2014/12/09,25.57,27.27,23.27,25.76,1384499697,37927034880.00
2014/12/10,25.82,27.12,23.42,26.49,1273353788,33260275712.00
2014/12/11,25.22,26.49,23.82,23.93,842989870,22023163904.00
2014/12/12,23.22,26.06,23.12,24.69,859596629,21920329728.00
2014/12/15,24.38,26.40,24.03,26.28,687947018,17816078336.00
2014/12/16,26.82,28.99,26.52,28.99,1124336308,32867995648.00
2014/12/17,30.72,31.97,29.31,31.97,1229473970,39050850304.00
2014/12/18,31.55,32.52,30.72,30.96,1011644590,32816297984.00
2014/12/19,31.22,32.52,28.99,31.45,996566956,31534624768.00
2014/12/22,30.52,31.61,29.23,29.96,706752257,22144231424.00
2014/12/23,29.72,31.01,29.23,30.23,541639342,16883884032.00
2014/12/24,30.80,31.02,27.14,27.42,845808651,24758624256.00
2014/12/25,27.52,28.87,26.42,28.42,716138287,20450156544.00
2014/12/26,28.31,31.34,28.02,31.34,869143342,27002587136.00
2014/12/29,33.26,33.27,30.72,31.41,928899626,30440806400.00
2014/12/30,31.61,33.80,30.10,32.68,858493729,28251895808.00
2014/12/31,32.37,34.58,31.92,33.12,702897618,23999490048.00
2015/01/05,33.12,34.47,32.23,33.88,698627215,23874097152.00
2015/01/06,33.02,34.80,32.78,33.93,668119368,23149379584.00
2015/01/07,33.63,36.47,33.51,35.37,731508483,26387179520.00
2015/01/08,35.62,35.92,33.90,34.47,637626869,22618464256.00
2015/01/09,34.23,36.12,33.63,34.18,763640258,27142297600.00
2015/01/12,33.92,34.60,32.45,32.75,660267188,22582319104.00
2015/01/13,32.43,32.86,30.99,31.39,624392129,20346445824.00
2015/01/14,31.37,32.16,31.08,31.88,483502544,15653331968.00
2015/01/15,31.73,32.81,30.91,32.59,734447921,23956482048.00
2015/01/16,32.81,32.82,31.41,32.13,585667098,19350255616.00
2015/01/19,28.84,28.84,28.84,28.84,49677500,1471447552.00
2015/01/20,25.88,26.99,25.88,25.91,1310854672,35201773568.00
2015/01/21,26.32,28.42,26.04,27.97,1017161622,28203003904.00
2015/01/22,27.97,27.97,27.24,27.65,532544820,15096108032.00
2015/01/23,27.93,29.65,27.92,28.43,617294100,18244497408.00
2015/01/26,28.42,28.42,27.61,27.84,383873704,11007166464.00
2015/01/27,27.86,28.01,26.72,27.27,436327904,12277369856.00
2015/01/28,27.27,28.98,27.13,28.09,604827538,17496098816.00
2015/01/29,27.32,27.80,27.03,27.40,386310957,10875839488.00
2015/01/30,27.72,27.94,27.00,27.08,304218245,8558898688.00
2015/02/02,26.22,26.79,25.91,26.14,321399636,8701630464.00
2015/02/03,26.56,27.77,26.19,27.62,455452985,12597196800.00
2015/02/04,27.84,28.67,27.22,27.25,527966410,15200429056.00
2015/02/05,28.39,28.42,27.27,27.30,554153565,15893339136.00
2015/02/06,27.18,27.87,26.92,27.53,349085654,9871918080.00
2015/02/09,27.27,29.11,27.21,28.63,578369114,16809358336.00
2015/02/10,28.54,29.10,28.30,28.76,416001039,12252572672.00
2015/02/11,28.91,29.01,28.27,28.54,270393386,7925359616.00
2015/02/12,28.54,28.54,27.84,28.22,250267313,7254124032.00
2015/02/13,28.47,28.92,28.23,28.35,336085405,9854166016.00
2015/02/16,28.32,28.49,27.94,28.19,239509944,6936728064.00
2015/02/17,28.33,28.95,28.23,28.40,262691200,7709917696.00
2015/02/25,28.47,28.52,27.74,27.96,200882987,5793630720.00
2015/02/26,27.70,29.40,27.26,29.15,485636517,14237902848.00
2015/02/27,29.10,29.32,28.70,28.75,311877539,9287683072.00
2015/03/02,29.34,29.70,28.84,29.09,387678692,11639701504.00
2015/03/03,28.84,28.84,27.81,27.84,372102299,10786614272.00
2015/03/04,27.81,28.06,27.42,27.59,242392349,6889448960.00
2015/03/05,27.32,27.99,27.22,27.50,265526441,7510665216.00
2015/03/06,27.52,27.91,27.29,27.33,204267731,5781353984.00
2015/03/09,26.22,27.33,26.02,26.88,365696539,9949609984.00
2015/03/10,26.88,27.31,26.40,26.75,251294419,6921397760.00
2015/03/11,26.75,27.29,26.61,26.69,208904316,5787379200.00
2015/03/12,27.03,27.56,26.63,27.42,292038157,8169473536.00
2015/03/13,27.54,28.09,27.27,27.45,263797585,7507250688.00
2015/03/16,27.62,28.15,27.18,27.99,331064499,9445822464.00
2015/03/17,28.47,29.02,28.10,28.82,531301698,15588876288.00
2015/03/18,29.23,29.42,28.90,29.20,493267254,14777349120.00
2015/03/19,29.30,29.31,28.80,28.91,348827419,10391902208.00
2015/03/20,29.02,31.88,28.69,31.57,956665081,30097819648.00
2015/03/23,31.91,32.61,31.22,32.54,769193931,25133275136.00
2015/03/24,32.52,32.53,31.19,31.67,593195834,19343552512.00
2015/03/25,31.66,32.75,31.33,31.59,481950572,15796196352.00
2015/03/26,31.22,32.21,30.82,31.24,392918207,12658643968.00
2015/03/27,31.24,31.97,30.97,31.34,310748166,10043422720.00
2015/03/30,31.38,32.36,31.04,32.13,520092748,16950887424.00
2015/03/31,32.64,34.18,31.92,32.04,677022799,22901841920.00
2015/04/01,32.17,33.29,32.08,33.16,516489524,17314623488.00
2015/04/02,33.57,33.72,32.10,32.66,464873762,15584227328.00
2015/04/03,32.38,33.56,32.34,33.44,575474400,19509446656.00
2015/04/07,34.09,34.17,33.25,33.85,545952850,18774609920.00
2015/04/08,33.98,35.92,33.46,35.30,757545299,26972907520.00
2015/04/09,35.72,37.62,34.92,34.99,857254006,31644827648.00
2015/04/10,34.90,35.20,34.12,35.06,513493631,18205968384.00
2015/04/13,35.14,35.41,34.24,34.60,440489706,15595270144.00
2015/04/14,34.60,34.90,33.43,34.41,498500503,17379745792.00
2015/04/15,34.31,34.53,33.27,33.32,340786465,11810163712.00
2015/04/16,32.90,34.37,32.73,34.23,363987238,12546977792.00
2015/04/17,34.72,35.18,33.98,34.36,497660768,17607997440.00
2015/04/20,34.42,34.57,32.82,32.85,537319229,18552391680.00
2015/04/21,32.57,34.80,32.57,34.30,507141188,17615872000.00
2015/04/22,34.61,37.22,34.25,37.04,808341375,29312280576.00
2015/04/23,37.08,37.58,35.73,36.06,698224483,26128664576.00
2015/04/24,35.23,35.50,34.02,34.62,537044113,19070402560.00
2015/04/27,34.99,35.74,34.61,34.97,416390862,14911843328.00
2015/04/28,34.98,35.72,34.47,34.73,461222912,16503974912.00
2015/04/29,34.52,35.08,34.32,34.80,295511177,10503117824.00
2015/04/30,34.22,34.57,33.52,33.58,449607448,15632139264.00
2015/05/04,33.43,33.44,32.57,32.97,276591358,9324507136.00
2015/05/05,33.05,34.17,32.03,32.29,365345902,12422668288.00
2015/05/06,32.71,33.58,32.03,32.50,352449387,11819842560.00
2015/05/07,32.36,33.07,32.26,32.38,264109746,8825749504.00
2015/05/08,33.27,33.42,31.69,32.54,292004538,9706047488.00
2015/05/11,32.82,33.22,32.35,33.18,353732217,11891318784.00
2015/05/12,33.20,34.51,32.68,33.62,461378531,15869446144.00
2015/05/13,33.62,33.62,32.38,32.59,316202343,10653186048.00
2015/05/14,32.60,32.95,32.11,32.31,229449678,7630347264.00
2015/05/15,32.22,32.22,31.05,31.20,302897903,9800427520.00
2015/05/18,30.85,30.90,30.15,30.20,271735188,8493783040.00
2015/05/19,30.06,32.77,30.00,32.23,462812195,15049428992.00
2015/05/20,32.22,32.30,31.45,31.63,346559778,11288195072.00
2015/05/21,31.61,31.92,31.22,31.53,230364052,7422018048.00
2015/05/22,31.82,33.01,31.82,32.34,403064243,13394765824.00
2015/05/25,32.47,33.90,32.47,33.46,463371244,15838125056.00
2015/05/26,33.87,34.00,32.90,33.61,454193287,15529617408.00
2015/05/27,33.62,33.87,33.10,33.15,345882461,11818707968.00
2015/05/28,33.07,33.08,29.91,29.95,507991800,16582667264.00
2015/05/29,29.97,30.61,29.01,29.59,396078374,12138193920.00
2015/06/01,29.60,32.50,29.22,31.73,441779769,13952581632.00
2015/06/02,31.57,31.70,30.72,31.24,306110323,9793029120.00
2015/06/03,31.22,31.77,30.68,30.91,295520561,9408046080.00
2015/06/04,30.92,31.78,29.23,31.43,374561207,11857669120.00
2015/06/05,31.75,32.03,30.60,31.11,408101033,13078433792.00
2015/06/08,31.15,32.87,30.90,32.70,613830310,20081047552.00
2015/06/09,33.26,33.51,31.99,32.42,480697734,16120193024.00
2015/06/10,32.02,32.35,31.71,31.90,294025421,9655675904.00
2015/06/11,31.89,31.90,31.05,31.30,279684056,8979098624.00
2015/06/12,31.42,31.71,30.93,31.21,277522120,8904458240.00
2015/06/15,31.68,31.90,30.28,30.37,303154866,9632653312.00
2015/06/16,30.47,31.28,29.89,30.46,273253377,8585330176.00
2015/06/17,30.49,30.66,29.69,30.54,234446763,7252592128.00
2015/06/18,30.23,30.34,29.07,29.12,236596055,7214496768.00
2015/06/19,28.68,29.59,27.41,27.56,261175494,7705558016.00
2015/06/23,27.60,28.64,26.72,28.51,274815537,7859387904.00
2015/06/24,28.72,28.78,27.84,28.26,275650408,8004304384.00
2015/06/25,28.42,29.20,27.62,27.87,305236788,8949840896.00
2015/06/26,27.32,28.52,25.01,25.25,454753432,12445942784.00
2015/06/29,26.12,26.15,22.65,23.82,514840462,13072967680.00
2015/06/30,24.22,26.17,23.25,26.13,472928323,12154295296.00
2015/07/01,25.82,26.50,24.27,24.61,335531285,8884330496.00
2015/07/02,25.44,25.87,23.65,24.72,411788181,10672789504.00
2015/07/03,24.44,25.76,22.60,24.19,385487075,9769608192.00
2015/07/06,26.69,26.69,24.52,25.89,576062164,15223538688.00
2015/07/07,25.22,26.19,23.72,25.25,546586537,14179111936.00
2015/07/08,22.72,24.70,22.65,22.65,630905456,15121081344.00
2015/07/09,22.65,24.99,20.42,24.99,672262994,16331911168.00
2015/07/10,24.72,27.52,24.23,26.94,723997387,19867754496.00
2015/07/13,26.32,27.78,25.73,26.63,613186622,16871032832.00
2015/07/14,26.15,26.62,24.52,24.86,416601731,10987813888.00
2015/07/15,24.42,25.30,23.19,23.93,369456993,9154279424.00
2015/07/16,23.90,24.41,22.92,23.70,238032962,5830866944.00
2015/07/17,23.77,25.02,23.33,24.60,299054826,7469277696.00
2015/07/20,24.42,24.56,23.58,23.77,276692343,6857130496.00
2015/07/21,23.52,24.35,23.12,23.67,281629715,6887598592.00
2015/07/22,23.43,23.80,23.09,23.23,192779098,4663668224.00
2015/07/23,23.25,24.01,23.22,23.76,246820467,6053865984.00
2015/07/24,23.78,23.87,23.09,23.12,235272788,5720621568.00
2015/07/27,22.80,22.87,20.73,20.73,344547023,7777371648.00
2015/07/28,20.22,21.85,19.18,21.40,483058676,10399712256.00
2015/07/29,21.22,21.37,20.62,21.19,243514434,5283075072.00
2015/07/30,21.19,21.50,19.85,20.10,194340383,4230993408.00
2015/07/31,20.03,20.32,19.87,20.01,189992183,3957970432.00
2015/08/03,19.52,20.04,19.32,19.67,162706163,3310017280.00
2015/08/04,19.72,20.29,19.58,20.24,169627733,3522834432.00
2015/08/05,20.21,20.21,19.50,19.52,150943488,3116122880.00
2015/08/06,19.13,19.52,18.95,19.07,135603363,2713149952.00
2015/08/07,19.33,19.88,19.18,19.50,167643948,3406717440.00
2015/08/10,19.66,21.53,19.50,21.53,389108797,8394579968.00
2015/08/11,21.22,21.71,21.11,21.33,301506817,6693367296.00
2015/08/12,20.99,21.81,20.82,21.20,268453444,5951290880.00
2015/08/13,21.07,21.55,20.46,21.38,214739369,4687605248.00
2015/08/14,21.50,22.28,21.25,21.93,310102953,6897320960.00
2015/08/17,21.51,21.73,21.11,21.48,195640404,4286567680.00
2015/08/18,21.60,22.46,19.65,19.82,363595278,7991213568.00
2015/08/19,19.40,20.18,18.90,20.11,243966270,4916935680.00
2015/08/20,19.80,19.98,19.20,19.25,155335139,3118493184.00
2015/08/21,19.00,19.34,17.53,17.70,235092628,4461435392.00
2015/08/24,16.90,17.08,15.88,15.88,312508780,5192192000.00
2015/08/25,14.70,15.73,14.24,14.24,501553831,7624133632.00
2015/08/26,14.24,14.97,13.58,13.87,425203463,6294308352.00
2015/08/27,14.49,14.90,13.71,14.88,401243667,5979380224.00
2015/08/28,14.85,15.46,14.38,15.36,530611674,8104006656.00
2015/08/31,14.66,14.79,13.77,14.57,569942156,8398848512.00
2015/09/01,14.10,14.81,13.70,14.69,498759915,7443513344.00
2015/09/02,14.12,14.65,14.01,14.37,362296014,5389001216.00
2015/09/07,14.35,14.94,14.20,14.26,200888122,3032953856.00
2015/09/08,14.10,14.79,13.78,14.74,215004100,3183032832.00
2015/09/09,14.84,15.29,14.69,15.18,328061657,5101934080.00
2015/09/10,14.90,15.01,14.57,14.65,192552631,2949927680.00
2015/09/11,14.67,14.90,14.42,14.52,141370900,2142975360.00
2015/09/14,14.58,14.63,13.08,13.41,262223663,3739513600.00
2015/09/15,13.25,13.69,12.93,13.02,170885883,2354542848.00
2015/09/16,12.86,14.37,12.34,13.93,333957429,4553831424.00
2015/09/17,13.51,13.98,13.31,13.33,255029045,3605442048.00
2015/09/18,13.40,13.53,13.12,13.28,150042022,2074433536.00
2015/09/21,13.00,13.52,12.78,13.44,177794357,2429756416.00
2015/09/22,13.38,14.18,13.34,13.72,271749650,3903346688.00
2015/09/23,13.44,13.55,13.10,13.14,175111853,2414937856.00
2015/09/24,13.22,13.35,13.16,13.27,106041237,1458910848.00
2015/09/25,13.20,13.34,12.76,12.80,118116448,1593240448.00
2015/09/28,12.77,12.98,12.63,12.96,76369338,1018343488.00
2015/09/29,12.71,13.19,12.51,12.84,128134612,1704096000.00
2015/09/30,12.82,13.49,12.79,13.08,174483859,2390948352.00
2015/10/08,14.15,14.19,13.70,13.76,252417668,3647069696.00
2015/10/09,13.76,14.13,13.67,13.99,204014907,2950626816.00
2015/10/12,14.05,15.16,13.87,14.85,342112905,5183017472.00
2015/10/13,14.60,14.83,14.56,14.76,165399334,2514093568.00
2015/10/14,14.70,15.33,14.64,14.76,272964293,4213010432.00
2015/10/15,14.73,15.25,14.69,15.22,246834235,3825626880.00
2015/10/16,15.37,15.80,15.03,15.39,326651088,5191987200.00
2015/10/19,15.40,16.18,15.26,15.63,336657302,5460329984.00
2015/10/20,15.51,15.63,15.10,15.52,250514100,3975343616.00
2015/10/21,15.50,15.56,14.28,14.45,300773919,4674699264.00
2015/10/22,14.49,14.90,14.31,14.85,192455897,2910366976.00
2015/10/23,15.00,15.32,14.71,15.20,209349571,3253861376.00
2015/10/26,15.48,15.94,15.23,15.35,345830044,5559018496.00
2015/10/27,15.20,15.34,14.62,15.24,191073746,2951896320.00
2015/10/28,15.12,15.19,14.69,14.75,154733507,2391913728.00
2015/10/29,14.90,14.97,14.69,14.79,124138443,1904824192.00
2015/10/30,14.85,15.78,14.63,15.37,368307820,5843530240.00
2015/11/02,15.05,15.46,14.98,15.04,200774572,3148506624.00
2015/11/03,15.20,15.42,15.03,15.27,166954614,2628258048.00
2015/11/04,15.35,16.85,15.26,16.85,521876258,8713982976.00
2015/11/05,17.19,18.59,16.95,18.14,992481579,18436327424.00
2015/11/06,17.98,20.00,17.77,20.00,864242532,16958693376.00
2015/11/09,20.50,21.08,19.70,19.89,845193311,17665970176.00
2015/11/10,19.55,21.29,19.54,20.18,674908346,14061805568.00
2015/11/11,19.90,20.83,19.54,20.36,496213062,10183623680.00
2015/11/12,20.30,20.41,19.58,19.66,373372372,7617443840.00
2015/11/13,19.30,20.12,19.21,19.76,384486979,7804344320.00
2015/11/16,19.22,19.51,18.92,19.40,292725775,5766523904.00
2015/11/17,19.65,20.79,19.58,19.70,540908838,11184204800.00
2015/11/18,20.00,21.64,19.77,20.28,707987793,14964502528.00
2015/11/19,20.00,20.68,19.48,20.57,334563019,6856697856.00
2015/11/20,20.50,20.50,19.78,20.03,257267323,5297143296.00
2015/11/23,20.03,20.60,19.48,19.60,225470994,4616712192.00
2015/11/24,19.40,20.14,19.20,19.79,198249469,3989681408.00
2015/11/25,19.29,19.80,19.20,19.59,205187052,4094024448.00
2015/11/26,19.80,20.10,19.35,19.39,204784545,4130102016.00
2015/11/27,18.61,18.78,17.40,17.40,483975051,8947270656.00
2015/11/30,17.29,17.49,16.50,17.13,273171239,4793467392.00
2015/12/01,17.13,17.60,16.90,17.27,160317328,2846524928.00
2015/12/02,17.24,18.65,17.15,18.32,291417540,5355322880.00
2015/12/03,18.20,18.64,17.97,18.24,221710872,4165653504.00
2015/12/04,18.02,18.12,17.66,17.74,150895837,2770569472.00
2015/12/07,17.51,17.61,17.25,17.40,132752499,2374961920.00
2015/12/08,17.31,17.61,17.13,17.14,115159096,2051860992.00
2015/12/09,17.08,17.55,17.02,17.29,100356606,1785399680.00
2015/12/10,17.45,18.14,17.25,17.32,169960683,3096320000.00
2015/12/11,17.10,17.71,16.90,17.35,139823598,2480638720.00
2015/12/14,17.08,19.04,17.01,18.95,320100537,5974162944.00
2015/12/15,18.67,18.77,18.02,18.22,233980354,4408501248.00
2015/12/16,18.32,18.60,18.09,18.12,145847612,2740663040.00
2015/12/17,18.37,18.81,18.15,18.56,227145598,4313997312.00
2015/12/18,18.50,18.68,18.27,18.36,140604785,2660594432.00
2015/12/21,18.30,19.74,18.23,19.13,333821134,6562452992.00
2015/12/22,19.10,19.73,18.94,19.43,264728583,5265257472.00
2015/12/23,19.50,21.42,19.45,20.65,706637966,15021911040.00
2015/12/24,20.48,20.93,19.72,20.13,481492911,10013185024.00
2015/12/25,20.20,20.55,19.91,20.29,274811700,5682051072.00
2015/12/28,20.48,20.55,19.00,19.06,405044396,8159038976.00
2015/12/29,18.94,19.35,18.88,19.31,184380718,3617254400.00
2015/12/30,19.21,19.34,18.80,19.20,181951318,3556376320.00
2015/12/31,19.10,19.33,18.80,18.85,122805800,2407355392.00
2016/01/04,18.79,18.79,16.92,16.95,196058373,3592571392.00
2016/01/05,16.30,17.48,16.13,17.15,233329155,4072751872.00
2016/01/06,17.05,17.65,16.70,17.43,197278338,3489306112.00
2016/01/07,16.98,17.10,15.70,15.84,67903733,1145357952.00
2016/01/08,16.34,16.94,15.50,16.33,297925328,5033516544.00
2016/01/11,15.80,15.98,15.01,15.18,243462006,3924222720.00
2016/01/12,15.42,15.84,15.20,15.39,188831957,3028557824.00
2016/01/13,15.56,15.80,15.25,15.39,239172346,3840837888.00
2016/01/14,15.00,15.87,14.78,15.79,206097650,3292342272.00
2016/01/15,15.58,15.70,14.79,15.05,216224871,3402623232.00
2016/01/18,14.65,15.45,14.65,15.15,143000188,2234447104.00
2016/01/19,15.17,15.79,15.01,15.62,209017982,3340470016.00
2016/01/20,15.60,15.75,15.20,15.32,163036330,2608427520.00
2016/01/21,15.25,15.61,14.51,14.60,154504570,2424457728.00
2016/01/22,14.84,14.97,14.33,14.78,122505828,1862098176.00
2016/01/25,14.84,15.05,14.67,14.85,90966500,1396119168.00
2016/01/26,14.60,14.75,13.32,13.43,206243525,2988330240.00
2016/01/27,13.56,13.65,12.95,13.44,203238437,2821227008.00
2016/01/28,13.30,13.78,13.10,13.20,136138013,1897576320.00
2016/01/29,13.29,14.18,13.12,14.00,211749347,3031444736.00
2016/02/01,13.85,14.00,13.51,13.73,116788874,1661278464.00
2016/02/02,13.71,14.26,13.59,14.10,124180946,1807184640.00
2016/02/03,13.92,14.06,13.67,13.97,85591743,1228141824.00
2016/02/04,14.10,14.38,13.99,14.13,117784254,1728773632.00
2016/02/05,13.81,14.00,13.64,13.68,116807087,1667396608.00
2016/02/15,13.29,13.58,13.21,13.48,77399175,1074729600.00
2016/02/16,13.66,14.45,13.66,14.33,166429378,2437181696.00
2016/02/17,14.20,14.56,14.16,14.51,133990235,1993267968.00
2016/02/18,14.66,15.02,14.42,14.45,155280378,2364322304.00
2016/02/19,14.38,14.71,14.35,14.60,88633419,1332252032.00
2016/02/22,14.90,15.36,14.61,15.08,160546474,2484874496.00
2016/02/23,15.06,15.06,14.55,14.74,105273647,1606782080.00
2016/02/24,14.69,14.96,14.43,14.92,103840129,1576653696.00
2016/02/25,14.89,14.90,13.50,13.66,179321220,2627516416.00
2016/02/26,13.82,14.09,13.54,13.89,129879375,1866882432.00
2016/02/29,13.79,13.85,13.10,13.78,226167001,3159150848.00
2016/03/01,13.90,15.21,13.80,14.83,271148611,4078835456.00
2016/03/02,14.88,15.75,14.78,15.62,347433984,5491185664.00
2016/03/03,15.40,15.60,15.18,15.42,251842034,3996301056.00
2016/03/04,15.28,15.66,15.06,15.50,319406046,5072368640.00
2016/03/07,15.68,15.82,15.40,15.48,174914450,2815094272.00
2016/03/08,15.48,15.68,14.90,15.66,189208594,2990745856.00
2016/03/09,15.30,15.54,15.16,15.50,156741819,2484300544.00
2016/03/10,15.37,15.49,15.00,15.03,89282039,1408964992.00
2016/03/11,14.80,15.66,14.78,15.45,186819187,2961936128.00
2016/03/14,15.50,16.15,15.41,15.67,237134714,3867533056.00
2016/03/15,15.55,15.65,15.31,15.51,114330564,1825608576.00
2016/03/16,15.45,15.76,15.45,15.59,192579392,3106940928.00
2016/03/17,15.68,16.37,15.59,16.12,194107692,3202337536.00
2016/03/18,16.20,16.87,16.12,16.45,282238342,4799301632.00
2016/03/21,17.00,18.15,16.91,18.15,677250693,12475892736.00
2016/03/22,17.65,18.00,17.28,17.49,373403268,6774289408.00
2016/03/23,17.40,17.98,17.22,17.85,253633218,4584082944.00
2016/03/24,17.50,17.50,16.89,16.91,225180943,3998800128.00
2016/03/25,16.91,17.16,16.71,16.99,170782131,2976681728.00
2016/03/28,16.97,17.19,16.56,16.57,135195078,2348819200.00
2016/03/29,16.58,16.85,16.40,16.63,152283097,2608250880.00
2016/03/30,16.85,17.33,16.85,17.18,194669842,3433496064.00
2016/03/31,17.29,17.71,17.10,17.30,186468309,3330753280.00
2016/04/01,17.20,17.38,16.76,17.20,126204467,2222651392.00
2016/04/05,17.08,17.78,17.01,17.43,164772618,2947731712.00
2016/04/06,17.28,17.53,17.10,17.30,98046961,1747928448.00
2016/04/07,17.40,17.46,16.80,16.83,130345790,2283740160.00
2016/04/08,16.57,16.65,16.30,16.44,123975020,2106879360.00
2016/04/11,17.20,17.40,16.87,16.89,194734233,3429997568.00
2016/04/12,16.80,16.99,16.70,16.84,83635314,1446172032.00
2016/04/13,17.15,17.78,17.15,17.35,255746779,4612400640.00
2016/04/14,17.44,17.58,17.27,17.50,128232911,2298021632.00
2016/04/15,17.42,17.51,17.15,17.40,101382907,1805153024.00
2016/04/18,17.15,17.23,16.80,16.86,122018047,2127496832.00
2016/04/19,17.01,17.09,16.73,16.94,83027705,1443187968.00
2016/04/20,16.89,16.98,15.80,16.72,203411044,3450852352.00
2016/04/21,16.42,16.73,16.36,16.39,88363789,1502706176.00
2016/04/22,16.30,16.56,16.23,16.54,66381550,1123792896.00
2016/04/25,16.55,16.56,16.16,16.26,63321948,1062890048.00
2016/04/26,16.23,16.48,16.08,16.37,91368130,1532372992.00
2016/04/27,16.25,16.38,16.05,16.11,69288734,1160108032.00
2016/04/28,16.15,16.26,15.80,16.01,92792981,1531447680.00
2016/04/29,15.93,16.10,15.89,15.94,65102794,1073309696.00
2016/05/03,15.86,16.48,15.85,16.32,120820096,2023766912.00
2016/05/04,16.22,16.35,16.13,16.21,70652014,1182867840.00
2016/05/05,16.17,16.26,16.07,16.23,61429566,1025316864.00
2016/05/06,16.22,16.28,15.58,15.60,132170668,2160592128.00
2016/05/09,15.50,15.50,14.99,15.15,97144280,1523663488.00
2016/05/10,15.07,15.25,14.99,15.10,60739126,948899520.00
2016/05/11,15.16,15.22,15.01,15.07,60605783,946565248.00
2016/05/12,14.95,15.17,14.66,15.10,63850604,985512896.00
2016/05/13,15.05,15.20,14.84,14.91,47747542,740491712.00
2016/05/16,14.81,15.10,14.72,15.07,46020174,710148352.00
2016/05/17,15.08,15.25,14.86,15.07,59310878,921435904.00
2016/05/18,14.93,15.15,14.76,15.09,83603127,1294061056.00
2016/05/19,15.00,15.18,14.96,15.03,50214103,780700096.00
2016/05/20,14.93,15.22,14.85,15.19,63451986,988923264.00
2016/05/23,15.19,15.43,15.10,15.23,79343311,1250793088.00
2016/05/24,15.19,15.20,15.01,15.02,36945319,575195200.00
2016/05/25,15.15,15.32,15.04,15.05,46652388,730763904.00
2016/05/26,15.04,15.16,14.84,15.07,50216037,776271936.00
2016/05/27,15.07,15.15,14.92,15.02,37525664,582950144.00
2016/05/30,14.95,15.21,14.80,15.17,57543344,896062272.00
2016/05/31,15.18,16.33,15.18,16.29,219412592,3639685632.00
2016/06/01,16.29,16.44,16.06,16.07,116695922,1949830016.00
2016/06/02,16.07,16.21,15.92,16.10,77142114,1278390656.00
2016/06/03,16.14,16.38,15.98,16.12,115413775,1920684544.00
2016/06/06,16.15,16.20,15.92,15.96,55176173,911940864.00
2016/06/07,16.01,16.14,15.93,15.99,59436762,981719680.00
2016/06/08,15.98,16.03,15.81,15.89,54804914,899801216.00
2016/06/13,15.70,15.75,15.05,15.11,93167851,1487800320.00
2016/06/14,15.08,15.29,14.98,15.20,54221415,847627648.00
2016/06/15,14.90,15.64,14.87,15.42,83232985,1317170560.00
2016/06/16,15.30,15.36,15.06,15.14,62637694,982640960.00
2016/06/17,15.17,15.50,15.12,15.17,70680944,1115936640.00
2016/06/20,15.21,15.25,15.00,15.16,46708945,730260480.00
2016/06/21,15.25,16.00,15.25,15.34,117403863,1887742848.00
2016/06/22,15.25,15.62,15.20,15.56,67390119,1075771648.00
2016/06/23,15.59,15.59,15.23,15.46,57427188,914596736.00
2016/06/24,15.41,15.65,14.91,15.19,90076862,1422752896.00
2016/06/27,15.16,15.46,15.11,15.44,65866947,1043122688.00
2016/06/28,15.30,15.85,15.28,15.69,104852615,1684908160.00
2016/06/29,15.76,15.87,15.60,15.66,99090607,1606919808.00
2016/06/30,15.77,15.90,15.67,15.73,96978376,1579929344.00
2016/07/01,15.80,15.86,15.61,15.63,68275383,1107731712.00
2016/07/04,15.53,16.38,15.51,16.10,146034426,2412525824.00
2016/07/05,16.05,16.23,16.00,16.08,81722330,1355710720.00
2016/07/06,16.05,16.15,15.84,16.05,70746121,1166813952.00
2016/07/07,16.06,16.22,15.88,16.10,88779359,1471507200.00
2016/07/08,16.08,16.28,16.04,16.09,81204109,1350300928.00
2016/07/11,16.13,16.35,16.03,16.05,124822309,2087217664.00
2016/07/12,16.04,16.45,15.99,16.43,197156499,3300007680.00
2016/07/13,16.53,16.80,16.32,16.44,187028709,3191111680.00
2016/07/14,16.40,16.54,16.36,16.46,71748488,1215166848.00
2016/07/15,16.52,16.55,16.22,16.32,72415614,1220240896.00
2016/07/18,16.20,16.20,15.96,16.02,78474609,1299515264.00
2016/07/19,16.04,16.14,15.91,16.10,53912720,892210368.00
2016/07/20,16.10,16.17,16.04,16.06,35685183,592891968.00
2016/07/21,16.07,16.37,16.06,16.20,71882487,1203585280.00
2016/07/22,16.20,16.26,16.09,16.12,55375668,923395200.00
2016/07/25,16.11,16.22,15.99,16.07,55161230,915465472.00
2016/07/26,16.05,16.35,16.03,16.32,64153684,1073538560.00
2016/07/27,16.32,16.35,15.61,16.15,149243232,2452716800.00
2016/07/28,15.99,16.00,15.68,15.81,78588593,1284512640.00
2016/07/29,15.83,15.89,15.69,15.72,41673038,678560768.00
2016/08/01,15.76,15.78,15.50,15.65,43942660,708452480.00
2016/08/02,15.65,15.73,15.60,15.71,25375893,410501184.00
2016/08/03,15.65,15.72,15.61,15.65,30173187,487484576.00
2016/08/04,15.65,15.75,15.53,15.71,38729174,625192640.00
2016/08/05,15.69,15.90,15.62,15.74,42152926,685149568.00
2016/08/08,15.74,15.85,15.60,15.84,37794441,613977536.00
2016/08/09,15.83,15.96,15.79,15.93,40833849,668854144.00
2016/08/10,15.90,15.97,15.82,15.84,46147634,756034112.00
2016/08/11,15.84,16.27,15.81,16.03,115079399,1907810816.00
2016/08/12,16.04,16.67,16.01,16.65,219140699,3704624896.00
2016/08/15,16.69,18.22,16.58,17.51,420228099,7507200000.00
2016/08/16,17.40,17.58,17.07,17.17,250889048,4462137344.00
2016/08/17,17.20,17.44,16.95,17.11,148752629,2627196928.00
2016/08/18,17.05,17.24,16.80,16.97,133441708,2336697344.00
2016/08/19,17.00,17.03,16.76,16.94,88662893,1496806272.00
2016/08/22,16.89,17.05,16.73,16.77,75698639,1275344640.00
2016/08/23,16.78,16.95,16.70,16.81,67572579,1136819328.00
2016/08/24,16.81,16.87,16.68,16.71,55931303,936638592.00
2016/08/25,16.71,16.84,16.58,16.80,78152994,1306701056.00
2016/08/26,16.76,16.86,16.70,16.73,57474216,964774976.00
2016/08/29,16.75,16.76,16.62,16.71,46683227,779201344.00
2016/08/30,16.74,16.91,16.69,16.83,79453074,1334307968.00
2016/08/31,16.80,16.99,16.74,16.90,61277872,1033007104.00
2016/09/01,16.86,16.89,16.65,16.67,63331455,1060332032.00
2016/09/02,16.66,16.94,16.61,16.80,75749030,1270149120.00
2016/09/05,16.84,16.98,16.76,16.81,56909387,959747584.00
2016/09/06,16.78,16.88,16.58,16.84,69961419,1169401344.00
2016/09/07,16.81,16.88,16.75,16.80,56463071,949324480.00
2016/09/08,16.77,16.77,16.68,16.73,37509324,627001152.00
2016/09/09,16.72,16.86,16.70,16.72,67713039,1136955392.00
2016/09/12,16.39,16.49,16.17,16.46,136676359,2229795840.00
2016/09/13,16.40,16.44,16.19,16.33,58821932,958839424.00
2016/09/14,16.25,16.30,16.11,16.19,63591346,1030858624.00
2016/09/19,16.20,16.28,16.17,16.23,44138950,716322752.00
2016/09/20,16.23,16.24,16.10,16.20,40115563,647811072.00
2016/09/21,16.22,16.30,16.14,16.22,58814517,954393088.00
2016/09/22,16.36,16.42,16.27,16.29,58869491,961732608.00
2016/09/23,16.31,16.34,16.14,16.15,38643955,626874432.00
2016/09/26,16.14,16.14,15.90,15.92,57811284,927254912.00
2016/09/27,15.90,16.15,15.86,16.13,46556446,745644160.00
2016/09/28,16.13,16.13,16.02,16.06,29022184,466495520.00
2016/09/29,16.13,16.34,16.09,16.15,67492290,1094469632.00
2016/09/30,16.11,16.17,16.08,16.12,56822176,915742208.00
2016/10/10,16.29,16.45,16.20,16.41,71730656,1171015552.00
2016/10/11,16.41,16.58,16.35,16.52,78154011,1285859968.00
2016/10/12,16.48,16.51,16.38,16.43,33759124,554726080.00
2016/10/13,16.41,16.48,16.35,16.39,38602276,633451200.00
2016/10/14,16.40,16.48,16.31,16.46,43072621,706858944.00
2016/10/17,16.46,16.48,16.20,16.22,46675351,762930048.00
2016/10/18,16.24,16.67,16.21,16.63,92979764,1532829952.00
2016/10/19,16.60,16.69,16.47,16.52,49669643,822858944.00
2016/10/20,16.54,16.58,16.46,16.49,34082815,562645504.00
2016/10/21,16.47,16.86,16.46,16.63,83697631,1392316928.00
2016/10/24,16.64,17.28,16.60,16.96,197240749,3354235136.00
2016/10/25,16.91,16.99,16.76,16.86,78586311,1323263104.00
2016/10/26,16.83,17.00,16.76,16.81,66888641,1127504000.00
2016/10/27,16.81,16.85,16.66,16.76,48525530,811957504.00
2016/10/28,16.87,17.25,16.78,16.81,142379956,2422948608.00
2016/10/31,16.70,16.74,16.47,16.61,62432597,1037504192.00
2016/11/01,16.63,16.90,16.58,16.81,67189711,1125480960.00
2016/11/02,16.75,16.89,16.62,16.63,74414049,1246488832.00
2016/11/03,16.61,17.20,16.57,16.86,212600350,3606349312.00
2016/11/04,16.81,17.11,16.77,16.84,105783348,1787032448.00
2016/11/07,16.86,17.04,16.84,16.93,82471102,1396326912.00
2016/11/08,17.14,17.18,16.88,16.94,92653273,1573774080.00
2016/11/09,16.95,16.97,16.50,16.66,134207161,2243407360.00
2016/11/10,16.86,17.20,16.84,17.01,172419199,2933781760.00
2016/11/11,17.08,17.68,16.94,17.55,330459667,5739812352.00
2016/11/14,17.40,17.98,17.37,17.65,310864572,5506196992.00
2016/11/15,17.64,17.73,17.39,17.45,145924113,2553636608.00
2016/11/16,17.56,17.58,17.36,17.46,125038266,2182618368.00
2016/11/17,17.43,17.48,17.25,17.45,98494053,1710873216.00
2016/11/18,17.40,17.43,17.18,17.21,92393188,1598494976.00
2016/11/21,17.17,17.61,17.13,17.39,144855620,2523821824.00
2016/11/22,17.43,17.66,17.38,17.64,167808292,2943142912.00
2016/11/23,17.66,17.81,17.45,17.48,160055514,2820873472.00
2016/11/24,17.48,17.81,17.43,17.60,145054051,2554420992.00
2016/11/25,17.64,17.70,17.32,17.67,132264616,2315200512.00
2016/11/28,17.76,17.85,17.54,17.61,151620054,2677339136.00
2016/11/29,17.53,18.20,17.40,17.96,275858933,4907917824.00
2016/11/30,17.89,18.29,17.65,17.75,256835460,4615208960.00
2016/12/01,17.69,17.93,17.60,17.83,171414766,3040506112.00
2016/12/02,17.82,17.84,17.32,17.36,222370102,3895904000.00
2016/12/05,17.10,17.19,16.70,16.85,221077254,3739170048.00
2016/12/06,16.85,16.96,16.74,16.78,101963453,1716880896.00
2016/12/07,16.82,16.91,16.73,16.89,72425463,1218500992.00
2016/12/08,16.91,16.93,16.69,16.70,74622346,1253656576.00
2016/12/09,16.68,16.90,16.66,16.78,89601100,1505026816.00
2016/12/12,16.74,16.80,16.30,16.45,168649100,2777149184.00
2016/12/13,16.35,16.49,16.30,16.40,71006129,1164368640.00
2016/12/14,16.40,16.44,16.22,16.24,62095876,1013786624.00
2016/12/15,16.20,16.37,16.00,16.12,99385894,1605259904.00
2016/12/16,16.10,16.16,16.02,16.10,69577454,1119926272.00
2016/12/19,16.00,16.14,15.97,16.09,56110430,900993984.00
2016/12/20,16.09,16.11,15.90,16.05,61833528,989611456.00
2016/12/21,16.06,16.23,16.06,16.17,71190764,1149758592.00
2016/12/22,16.16,16.18,16.06,16.16,46183114,744656384.00
2016/12/23,16.15,16.15,15.93,15.99,51437359,823408448.00
2016/12/26,15.91,16.13,15.78,16.09,56505250,903573952.00
2016/12/27,16.06,16.16,16.01,16.02,28409556,456987680.00
2016/12/28,16.00,16.08,15.94,16.02,34762746,556542208.00
2016/12/29,15.99,16.05,15.91,15.92,36441535,581726848.00
2016/12/30,15.92,16.09,15.92,16.06,45173407,723683456.00
2017/01/03,16.08,16.23,16.04,16.19,62306948,1007139776.00
2017/01/04,16.18,16.27,16.13,16.22,51671772,837514112.00
2017/01/05,16.24,16.26,16.12,16.15,47862289,774027840.00
2017/01/06,16.17,16.17,15.99,16.01,51664011,829398336.00
2017/01/09,16.01,16.12,15.97,16.07,39840735,639524672.00
2017/01/10,16.03,16.21,16.02,16.11,45401866,732620864.00
2017/01/11,16.14,16.24,16.10,16.10,39877610,644507904.00
2017/01/12,16.11,16.28,16.09,16.15,55959482,906327616.00
2017/01/13,16.14,16.35,16.02,16.21,82520818,1337353984.00
2017/01/16,16.18,16.43,16.02,16.36,172090679,2795618816.00
2017/01/17,16.26,16.32,16.12,16.26,45559832,739153920.00
2017/01/18,16.21,16.43,16.18,16.27,48046708,783819456.00
2017/01/19,16.23,16.39,16.23,16.27,39838794,650136896.00
2017/01/20,16.28,16.43,16.25,16.41,63159672,1034923904.00
2017/01/23,16.40,16.59,16.40,16.44,47498745,783002816.00
2017/01/24,16.46,16.46,16.35,16.38,40238033,659456256.00
2017/01/25,16.38,16.39,16.32,16.39,32219153,527012736.00
2017/01/26,16.43,16.56,16.43,16.48,46823371,772904768.00
2017/02/03,16.55,16.55,16.36,16.37,27282298,448302080.00
2017/02/06,16.41,16.43,16.26,16.34,44795827,731107072.00
2017/02/07,16.33,16.36,16.24,16.30,31790936,517756864.00
2017/02/08,16.29,16.60,16.19,16.52,80007811,1312889856.00
2017/02/09,16.47,16.66,16.45,16.51,64766663,1071782080.00
2017/02/10,16.51,16.76,16.51,16.67,80278442,1335785728.00
2017/02/13,16.69,16.83,16.65,16.69,74956790,1255339264.00
2017/02/14,16.75,16.81,16.57,16.64,60529946,1009170368.00
2017/02/15,16.63,16.77,16.53,16.56,60140353,1001180416.00
2017/02/16,16.56,16.74,16.51,16.72,66838949,1112893696.00
2017/02/17,16.77,17.08,16.62,16.67,121073121,2043050880.00
2017/02/20,16.67,16.92,16.58,16.88,94261932,1575748480.00
2017/02/21,16.88,17.10,16.83,16.91,89535428,1519152000.00
2017/02/22,16.88,16.93,16.71,16.80,61725349,1036997632.00
2017/02/23,16.80,16.81,16.62,16.66,54082440,902652544.00
2017/02/24,16.67,16.73,16.59,16.71,51481022,857433280.00
2017/02/27,16.65,16.72,16.50,16.54,60497117,1003574912.00
2017/02/28,16.52,16.60,16.49,16.55,33324703,551095552.00
2017/03/01,16.55,16.66,16.52,16.54,40324254,668369728.00
2017/03/02,16.61,16.77,16.45,16.46,63644825,1057107328.00
2017/03/03,16.43,16.45,16.29,16.37,56690939,926687936.00
2017/03/06,16.34,16.44,16.31,16.43,38429348,630126464.00
2017/03/07,16.41,16.47,16.35,16.45,42030758,689571648.00
2017/03/08,16.44,16.44,16.33,16.37,33280627,545008640.00
2017/03/09,16.35,16.38,16.22,16.33,48945646,797450880.00
2017/03/10,16.31,16.36,16.23,16.24,24907768,405594912.00
2017/03/13,16.24,16.35,16.12,16.34,47268572,768771008.00
2017/03/14,16.34,16.41,16.31,16.37,34460568,563861312.00
2017/03/15,16.36,16.37,16.26,16.30,37111807,605252864.00
2017/03/16,16.36,16.60,16.35,16.58,96128252,1588258944.00
2017/03/17,16.59,16.64,16.30,16.31,62631441,1029942016.00
2017/03/20,16.36,16.36,16.22,16.30,47066225,766333888.00
2017/03/21,16.30,16.34,16.18,16.22,50697241,822822592.00
2017/03/22,16.15,16.20,16.03,16.07,58682799,945320192.00
2017/03/23,16.07,16.20,16.05,16.15,45538968,734449984.00
2017/03/24,16.13,16.37,16.06,16.29,74546641,1208092416.00
2017/03/27,16.26,16.39,16.23,16.26,42286651,689104960.00
2017/03/28,16.30,16.33,16.17,16.19,30903378,501754400.00
2017/03/29,16.23,16.25,16.12,16.14,36554081,590997184.00
2017/03/30,16.13,16.19,15.99,16.07,70522577,1132955264.00
2017/03/31,16.07,16.14,16.00,16.11,38650423,620769664.00
2017/04/05,16.13,16.33,16.12,16.29,57809522,938804736.00
2017/04/06,16.29,16.32,16.22,16.24,45085730,733385280.00
2017/04/07,16.25,16.32,16.17,16.28,48625806,790358592.00
2017/04/10,16.27,16.38,16.22,16.24,46388408,755752576.00
2017/04/11,16.26,16.29,16.06,16.27,55900184,903644992.00
2017/04/12,16.30,16.49,16.24,16.37,94787162,1552713856.00
2017/04/13,16.30,16.35,16.24,16.29,37720783,614649728.00
2017/04/14,16.28,16.31,16.09,16.18,59255956,958928320.00
2017/04/17,16.11,16.23,16.02,16.18,40787009,657361984.00
2017/04/18,16.13,16.21,16.02,16.03,34323930,553041280.00
2017/04/19,16.01,16.06,15.86,16.05,59929605,956459520.00
2017/04/20,16.06,16.11,15.95,16.10,38438790,616781696.00
2017/04/21,16.08,16.26,16.04,16.25,46651847,754076864.00
2017/04/24,16.20,16.34,16.04,16.30,83536193,1353693184.00
2017/04/25,16.20,16.25,16.11,16.12,36791115,595355584.00
2017/04/26,16.13,16.34,16.05,16.20,53165455,862191872.00
2017/04/27,16.19,16.25,16.10,16.23,42792544,692090048.00
2017/04/28,16.23,16.29,16.15,16.23,37879942,614555776.00
2017/05/02,16.25,16.26,16.09,16.11,32206805,520471392.00
2017/05/03,16.13,16.18,15.99,16.05,35587941,571208704.00
2017/05/04,16.01,16.16,16.01,16.06,34797443,559891840.00
2017/05/05,16.06,16.09,15.54,15.78,138984946,2188258816.00
2017/05/08,15.62,15.81,15.48,15.66,59688974,933446080.00
2017/05/09,15.66,15.71,15.58,15.60,27001617,422103968.00
2017/05/10,15.61,15.65,15.47,15.48,31289812,487129728.00
2017/05/11,15.45,15.61,15.25,15.52,57157388,880951424.00
2017/05/12,15.50,15.74,15.48,15.65,47326279,740996672.00
2017/05/15,15.67,15.98,15.67,15.81,64551979,1023995008.00
2017/05/16,15.83,15.88,15.70,15.84,35346866,558407488.00
2017/05/17,15.84,16.04,15.82,15.84,45971425,731628992.00
2017/05/18,15.78,15.86,15.68,15.68,40548958,638944832.00
2017/05/19,15.67,15.78,15.67,15.71,25183321,396274880.00
2017/05/22,15.71,15.73,15.49,15.55,34428764,536568128.00
2017/05/23,15.52,15.84,15.48,15.73,56519351,886879296.00
2017/05/24,15.69,15.82,15.63,15.79,36432544,573622336.00
2017/05/25,15.65,16.45,15.65,16.41,165936033,2691135232.00
2017/05/26,16.30,16.68,16.29,16.39,120919573,1998363136.00
2017/05/31,16.52,16.76,16.28,16.44,79927882,1320371968.00
2017/06/01,16.42,16.57,16.35,16.37,58340737,958375872.00
2017/06/02,16.38,16.55,16.33,16.38,54782136,899225792.00
2017/06/05,16.36,16.42,16.16,16.21,47757300,774995008.00
2017/06/06,16.22,16.32,16.13,16.25,33921310,550065984.00
2017/06/07,16.26,16.48,16.23,16.37,79532249,1302537728.00
2017/06/08,16.40,16.48,16.32,16.44,56454044,926703040.00
2017/06/09,16.47,16.75,16.43,16.57,116057507,1924941056.00
2017/06/12,16.51,16.73,16.30,16.43,87459398,1444360704.00
2017/06/13,16.40,16.51,16.31,16.42,41921274,688583104.00
2017/06/14,16.45,16.45,16.29,16.35,41949503,685582912.00
2017/06/15,16.37,16.54,16.32,16.46,48097038,790471616.00
2017/06/16,16.45,16.56,16.29,16.31,38715785,635844352.00
2017/06/19,16.26,16.72,16.25,16.71,109275035,1813958144.00
2017/06/20,16.70,16.77,16.58,16.68,63026965,1050731520.00
2017/06/21,16.89,17.16,16.68,16.77,113568198,1918364160.00
2017/06/22,16.71,17.18,16.67,16.90,167313182,2843630592.00
2017/06/23,16.87,16.95,16.71,16.94,92670429,1561999744.00
2017/06/26,16.94,17.41,16.90,17.26,211319532,3640807936.00
2017/06/27,17.25,17.28,17.06,17.11,92402416,1585190016.00
2017/06/28,17.08,17.27,17.01,17.09,87105025,1494472576.00
2017/06/29,17.08,17.19,16.98,17.09,66834132,1140795904.00
2017/06/30,17.02,17.11,16.82,17.02,75109183,1274740864.00
2017/07/03,17.00,17.05,16.78,16.91,68085732,1148370432.00
2017/07/04,16.89,16.89,16.68,16.73,72789645,1220244608.00
2017/07/05,16.75,16.89,16.70,16.87,59509848,1000375296.00
2017/07/06,16.90,16.93,16.65,16.73,86394887,1449162752.00
2017/07/07,16.68,17.05,16.60,16.95,89463500,1504217984.00
2017/07/10,16.93,17.23,16.91,17.01,110150632,1880022272.00
2017/07/11,17.02,17.43,17.02,17.16,177339339,3060196864.00
2017/07/12,17.21,17.40,17.11,17.23,127145571,2193330176.00
2017/07/13,17.27,17.53,17.17,17.49,161718805,2811271936.00
2017/07/14,17.47,17.52,17.30,17.38,93832087,1631204992.00
2017/07/17,17.32,17.45,16.97,17.00,152617730,2620341760.00
2017/07/18,16.95,17.01,16.64,16.82,105104549,1768229888.00
2017/07/19,16.79,17.80,16.73,17.78,272582233,4729308160.00
2017/07/20,17.70,17.83,17.46,17.61,157124317,2770626560.00
2017/07/21,17.52,17.69,17.44,17.52,93440158,1639405824.00
2017/07/24,17.49,17.69,17.46,17.51,96775657,1700540928.00
2017/07/25,17.55,17.61,17.34,17.42,84413028,1475204096.00
2017/07/26,17.45,17.57,17.35,17.51,95855787,1672209152.00
2017/07/27,17.49,17.56,17.21,17.43,113905840,1978525056.00
2017/07/28,17.39,17.40,17.25,17.28,53460900,925949888.00
2017/08/02,17.56,17.56,17.56,17.56,0,0.00
数据来源:通达信
