600066 宇通客车 日线 前复权
      日期	    开盘	    最高	    最低	    收盘	    成交量	    成交额
2010/10/08,3.30,3.36,3.19,3.32,6456817,136652496.00
2010/10/11,3.31,3.41,3.24,3.40,11650786,247143600.00
2010/10/12,3.41,3.81,3.41,3.68,9445139,211638448.00
2010/10/13,3.77,3.85,3.55,3.85,8167494,185352560.00
2010/10/14,3.96,3.96,3.58,3.59,6633540,150857232.00
2010/10/15,3.58,3.71,3.39,3.48,9554479,209816336.00
2010/10/18,3.56,3.58,3.22,3.24,9027794,191166992.00
2010/10/19,3.27,3.46,3.27,3.42,6480399,138228544.00
2010/10/20,3.31,3.89,3.27,3.65,9304697,206925648.00
2010/10/21,3.67,3.91,3.67,3.79,10238272,235085248.00
2010/10/22,3.79,3.88,3.71,3.83,7001523,160333968.00
2010/10/25,3.90,4.30,3.89,4.26,13154277,316530816.00
2010/10/26,4.20,4.24,4.08,4.13,5773040,139304336.00
2010/10/27,4.14,4.32,3.97,3.99,5114247,123470968.00
2010/10/28,3.99,4.08,3.81,3.89,4274406,99454280.00
2010/10/29,3.95,4.15,3.88,4.13,4887913,115606656.00
2010/11/01,4.17,4.21,3.93,4.18,9199736,220436864.00
2010/11/02,4.18,4.18,3.95,3.96,8198188,194530016.00
2010/11/03,3.96,4.05,3.83,3.84,4800514,112269480.00
2010/11/04,3.87,3.95,3.79,3.95,3549839,82296688.00
2010/11/05,4.04,4.05,3.88,3.92,5596670,130719776.00
2010/11/08,3.97,4.07,3.79,4.06,10508965,244798736.00
2010/11/09,4.05,4.05,3.83,3.88,6660324,154733920.00
2010/11/10,3.88,3.88,3.66,3.69,11342408,256099504.00
2010/11/11,3.68,3.87,3.65,3.73,7556736,172485328.00
2010/11/12,3.68,3.71,3.22,3.26,10784105,234012672.00
2010/11/15,3.24,3.37,3.19,3.31,6919153,145434560.00
2010/11/16,3.32,3.36,2.93,3.01,9056578,185672544.00
2010/11/17,2.97,3.02,2.79,2.81,6613334,130989728.00
2010/11/18,2.84,2.97,2.83,2.95,3947702,78225200.00
2010/11/19,2.95,3.15,2.89,3.15,5226567,105368672.00
2010/11/22,3.10,3.31,3.05,3.27,7845361,164371104.00
2010/11/23,3.28,3.47,3.28,3.39,13334780,286730816.00
2010/11/24,3.32,3.46,3.26,3.46,8212489,175826496.00
2010/11/25,3.51,3.53,3.40,3.46,4874480,105539440.00
2010/11/26,3.47,3.47,3.25,3.33,4087673,87270248.00
2010/11/29,3.31,3.34,3.14,3.27,4464005,93374024.00
2010/11/30,3.28,3.64,3.24,3.51,12043920,260733040.00
2010/12/01,3.43,3.48,3.20,3.30,4936935,105310208.00
2010/12/02,3.38,3.40,3.23,3.24,7046007,149335888.00
2010/12/03,3.26,3.30,3.17,3.25,2276601,47626092.00
2010/12/06,3.31,3.43,3.27,3.40,5718897,122737888.00
2010/12/07,3.40,3.64,3.33,3.61,7969198,174429744.00
2010/12/08,3.61,3.68,3.52,3.64,8352314,186324448.00
2010/12/09,3.58,3.60,3.47,3.51,5193928,113853784.00
2010/12/10,3.50,3.51,3.22,3.42,4862179,104713640.00
2010/12/13,3.45,3.81,3.45,3.81,10444636,236044208.00
2010/12/14,3.82,3.85,3.71,3.84,5666064,129395208.00
2010/12/15,3.89,3.99,3.73,3.75,8695895,200158336.00
2010/12/16,3.72,3.82,3.67,3.71,4770583,108329456.00
2010/12/17,3.63,3.71,3.60,3.68,4161291,93132192.00
2010/12/20,3.72,3.77,3.51,3.65,3761517,83915560.00
2010/12/21,3.64,3.68,3.51,3.66,5655084,125514800.00
2010/12/22,3.64,3.69,3.56,3.57,3231925,72080984.00
2010/12/23,3.57,3.64,3.52,3.55,2390378,52847724.00
2010/12/24,3.53,3.70,3.49,3.56,4976515,110630768.00
2010/12/27,3.56,3.64,3.30,3.31,4133463,89849224.00
2010/12/28,3.30,3.30,3.14,3.14,3269803,67821248.00
2010/12/29,3.13,3.21,3.03,3.18,5336633,109001696.00
2010/12/30,3.16,3.25,3.11,3.20,2567744,53284416.00
2010/12/31,3.22,3.28,3.20,3.26,2535183,53210052.00
2011/01/04,3.34,3.36,3.25,3.26,3873001,81851048.00
2011/01/05,3.28,3.34,3.14,3.15,7504274,156374000.00
2011/01/06,3.21,3.73,3.21,3.64,17311563,377454816.00
2011/01/07,3.57,3.88,3.52,3.72,13392487,304839840.00
2011/01/10,3.82,3.93,3.64,3.71,11457447,263015280.00
2011/01/11,3.69,3.83,3.60,3.65,6995443,158030656.00
2011/01/12,3.69,3.77,3.56,3.74,5284300,118526800.00
2011/01/13,3.76,3.83,3.63,3.81,5597339,127403896.00
2011/01/14,3.88,3.88,3.70,3.77,6281797,143978272.00
2011/01/17,3.74,3.74,3.38,3.43,5467998,120926408.00
2011/01/18,3.43,3.44,3.20,3.36,4512679,95310960.00
2011/01/19,3.27,3.83,3.26,3.78,7186796,159181312.00
2011/01/20,3.75,3.84,3.50,3.62,7971483,179023056.00
2011/01/21,3.56,3.77,3.49,3.71,6598077,148494544.00
2011/01/24,3.73,3.73,3.47,3.63,4474808,99896936.00
2011/01/25,3.63,3.63,3.48,3.50,3217824,70841776.00
2011/01/27,3.63,3.98,3.51,3.94,15326308,351776608.00
2011/01/28,3.91,4.21,3.85,4.18,16506400,394632928.00
2011/01/31,4.14,4.50,4.11,4.40,13607427,337797056.00
2011/02/01,4.35,4.64,4.33,4.39,8280415,210030240.00
2011/02/09,4.32,4.50,4.25,4.30,6874065,171012688.00
2011/02/10,4.28,4.71,4.27,4.65,9060258,232129088.00
2011/02/11,4.64,4.68,4.48,4.60,7044045,180540528.00
2011/02/14,4.55,4.85,4.55,4.65,10271887,267760640.00
2011/02/15,4.66,4.98,4.64,4.70,13738010,364866016.00
2011/02/16,4.68,4.95,4.64,4.90,6596294,175113728.00
2011/02/17,4.90,4.97,4.69,4.85,7323333,193703120.00
2011/02/18,4.81,4.96,4.70,4.76,5372532,141437792.00
2011/02/21,4.77,4.84,4.69,4.82,3410110,89847464.00
2011/02/22,4.79,5.08,4.55,4.62,10395658,275531872.00
2011/02/23,4.60,4.85,4.55,4.68,6002920,156537536.00
2011/02/24,4.63,4.64,4.33,4.49,14222661,357721120.00
2011/02/25,4.45,4.54,4.36,4.52,6352383,159856896.00
2011/02/28,4.54,4.87,4.52,4.87,9339061,243411776.00
2011/03/01,4.88,4.96,4.68,4.79,8288288,219888208.00
2011/03/02,4.77,4.78,4.58,4.77,4174041,108334552.00
2011/03/03,4.77,5.00,4.71,4.74,10151106,270097152.00
2011/03/04,4.62,4.86,4.48,4.85,11134304,287349728.00
2011/03/07,4.81,4.97,4.77,4.89,8584108,228322592.00
2011/03/08,4.94,5.09,4.94,5.02,9648927,262560000.00
2011/03/09,5.02,5.09,4.94,5.05,5095407,138740640.00
2011/03/10,4.97,4.98,4.77,4.77,6216329,164855696.00
2011/03/11,4.76,4.82,4.62,4.64,4845150,126060832.00
2011/03/14,4.65,4.75,4.40,4.47,8092314,205165008.00
2011/03/15,4.48,4.62,4.33,4.59,5905007,148597232.00
2011/03/16,4.55,4.58,4.44,4.53,3080408,78184464.00
2011/03/17,4.48,4.48,4.28,4.33,6264649,155553568.00
2011/03/18,4.40,4.45,4.27,4.37,3236501,80155112.00
2011/03/21,4.35,4.50,4.33,4.44,3020346,75842192.00
2011/03/22,4.45,4.52,4.28,4.47,3561173,89135480.00
2011/03/23,4.46,4.55,4.42,4.52,3546646,89940680.00
2011/03/24,4.52,4.52,4.40,4.50,2971663,74915672.00
2011/03/25,4.48,4.83,4.45,4.65,7455760,193346384.00
2011/03/28,4.67,4.77,4.50,4.54,3839139,98756712.00
2011/03/29,4.54,4.61,4.27,4.28,6714645,166912768.00
2011/03/30,4.24,4.28,4.05,4.20,6373956,153756304.00
2011/03/31,4.20,4.28,4.12,4.23,2937135,71676512.00
2011/04/01,4.20,4.28,4.11,4.14,3230639,78003712.00
2011/04/07,4.08,4.09,3.83,3.98,8518178,198926672.00
2011/04/08,3.97,4.14,3.91,4.13,3560182,84838424.00
2011/04/11,4.15,4.17,3.84,3.90,5469392,128548544.00
2011/04/12,3.87,3.97,3.86,3.88,2969376,69009544.00
2011/04/13,3.88,4.05,3.88,4.02,4346995,102665280.00
2011/04/14,4.03,4.19,3.97,4.08,5431740,130511448.00
2011/04/15,4.05,4.05,3.91,3.93,3433394,80548808.00
2011/04/18,3.92,4.17,3.91,4.04,2975502,70929008.00
2011/04/19,4.00,4.04,3.87,3.97,2474673,58072868.00
2011/04/20,4.00,4.15,3.94,4.09,3174470,75504952.00
2011/04/21,4.10,4.16,4.06,4.14,3049526,73252496.00
2011/04/22,4.14,4.15,3.91,3.99,2972162,70245648.00
2011/04/25,4.00,4.01,3.85,3.89,2188863,51216328.00
2011/04/26,3.85,4.06,3.85,3.97,2046044,48107196.00
2011/04/27,3.97,4.03,3.68,3.77,5179446,118491064.00
2011/04/28,3.78,3.80,3.56,3.57,2327969,52471528.00
2011/04/29,3.56,3.71,3.54,3.69,2385456,53324600.00
2011/05/03,3.70,3.77,3.69,3.75,1022493,23192904.00
2011/05/04,3.73,3.73,3.53,3.55,3317308,73438744.00
2011/05/05,3.56,3.58,3.41,3.53,4288068,93321920.00
2011/05/06,3.48,3.54,3.39,3.43,2628596,56963028.00
2011/05/09,3.46,3.48,3.33,3.36,2624975,56453540.00
2011/05/10,3.36,3.45,3.35,3.45,2772198,59514036.00
2011/05/11,3.46,3.47,3.34,3.41,3732592,80039072.00
2011/05/12,3.37,3.41,3.31,3.32,2780301,59368452.00
2011/05/13,3.32,3.40,3.19,3.39,3034787,63974368.00
2011/05/16,3.40,3.41,3.25,3.30,2165461,45419544.00
2011/05/17,3.26,3.40,3.16,3.33,3318497,69012448.00
2011/05/18,3.28,3.61,3.28,3.56,4403741,94790208.00
2011/05/19,3.56,3.57,3.49,3.50,1637637,35393144.00
2011/05/20,3.50,3.56,3.39,3.42,1184860,25330150.00
2011/05/23,3.38,3.39,3.19,3.31,2608405,54179340.00
2011/05/24,3.28,3.42,3.19,3.35,1329919,27896564.00
2011/05/25,3.35,3.39,3.26,3.38,1110133,23360080.00
2011/05/26,3.42,3.47,3.32,3.38,1891214,40254672.00
2011/05/27,3.38,3.46,3.33,3.33,1391474,29461204.00
2011/05/30,3.31,3.46,3.06,3.32,1972816,41313712.00
2011/05/31,3.33,3.48,3.28,3.47,1653119,35087700.00
2011/06/01,3.48,3.78,3.41,3.73,4818794,106658752.00
2011/06/02,3.64,3.77,3.56,3.65,5024932,111336280.00
2011/06/03,3.68,3.80,3.64,3.71,3122413,69929752.00
2011/06/07,3.69,3.69,3.51,3.61,2466288,53735840.00
2011/06/08,3.60,3.62,3.52,3.58,1306514,28499960.00
2011/06/09,3.57,3.61,3.41,3.41,1512059,32671608.00
2011/06/10,3.41,3.52,3.25,3.49,2929141,62029192.00
2011/06/13,3.48,3.59,3.34,3.54,1073359,23008172.00
2011/06/14,3.50,3.60,3.50,3.55,1939881,42216180.00
2011/06/15,3.50,3.59,3.44,3.44,958599,20717286.00
2011/06/16,3.40,3.60,3.34,3.38,1490466,31880228.00
2011/06/17,3.37,3.44,3.18,3.25,1635682,34352808.00
2011/06/20,3.25,3.26,3.19,3.23,996634,20493096.00
2011/06/21,3.24,3.53,3.24,3.46,2817399,59734272.00
2011/06/22,3.46,3.53,3.34,3.36,1537137,32598200.00
2011/06/23,3.36,3.60,3.34,3.52,3075600,65965868.00
2011/06/24,3.53,3.93,3.52,3.82,8228092,185407808.00
2011/06/27,3.86,3.94,3.83,3.91,4631789,106201248.00
2011/06/28,3.92,3.94,3.77,3.82,1590081,36003880.00
2011/06/29,3.81,3.88,3.78,3.87,2876962,65500792.00
2011/06/30,3.86,4.04,3.81,3.95,4183684,96966360.00
2011/07/01,4.02,4.02,3.84,3.84,2436497,56042728.00
2011/07/04,3.93,4.25,3.88,4.11,6253911,148717472.00
2011/07/05,4.13,4.25,4.12,4.16,3125164,74802064.00
2011/07/06,4.18,4.20,4.10,4.16,2546121,60797928.00
2011/07/07,4.18,4.22,4.07,4.07,2570423,61141936.00
2011/07/08,4.06,4.13,3.93,3.98,2283012,53224236.00
2011/07/11,4.03,4.09,3.89,4.03,2707176,63112916.00
2011/07/12,3.96,4.03,3.92,3.99,1436111,33290380.00
2011/07/13,4.02,4.07,3.95,4.05,2259978,52752280.00
2011/07/14,4.05,4.11,3.97,4.03,2795187,65573888.00
2011/07/15,4.03,4.06,3.97,3.98,2025382,47122224.00
2011/07/19,3.95,3.95,3.70,3.76,3306729,74119624.00
2011/07/20,3.77,3.82,3.72,3.77,1441251,32481148.00
2011/07/21,3.79,3.83,3.68,3.71,1592671,35626648.00
2011/07/22,3.69,3.79,3.67,3.69,1691122,37807316.00
2011/07/25,3.70,3.78,3.57,3.58,2620088,58016380.00
2011/07/26,3.62,3.81,3.58,3.76,2809880,62958032.00
2011/07/27,3.71,3.80,3.66,3.74,2181902,48905308.00
2011/07/28,3.70,3.74,3.62,3.67,1355903,30002114.00
2011/07/29,3.67,3.73,3.63,3.69,897760,19937414.00
2011/08/01,3.73,3.80,3.73,3.79,1060121,23841272.00
2011/08/02,3.76,3.76,3.62,3.71,2628775,58145908.00
2011/08/03,3.69,3.93,3.65,3.88,3942103,90111736.00
2011/08/04,3.92,3.94,3.82,3.84,1682076,38415448.00
2011/08/05,3.68,4.05,3.64,3.96,4323794,99096376.00
2011/08/08,3.88,4.01,3.49,3.73,6898358,157161472.00
2011/08/09,3.60,3.77,3.49,3.68,2408369,52907584.00
2011/08/10,3.77,3.82,3.71,3.72,1481680,33340322.00
2011/08/11,3.65,3.82,3.57,3.78,2496560,55783832.00
2011/08/12,3.80,3.87,3.70,3.73,3246405,73206832.00
2011/08/15,3.73,3.74,3.56,3.68,4835902,106613048.00
2011/08/16,3.64,3.66,3.57,3.60,3303672,72482216.00
2011/08/17,3.58,3.64,3.58,3.60,2004021,43993392.00
2011/08/18,3.60,3.60,3.34,3.40,3928322,83891936.00
2011/08/19,3.27,3.40,3.21,3.39,2696156,56092628.00
2011/08/22,3.38,3.39,3.21,3.25,1766960,36727540.00
2011/08/23,3.25,3.29,3.19,3.27,2223688,45901896.00
2011/08/24,3.31,3.33,3.21,3.24,1387245,28838070.00
2011/08/25,3.26,3.45,3.26,3.44,2692674,56840268.00
2011/08/26,3.40,3.40,3.29,3.37,2199702,46268196.00
2011/08/29,3.34,3.41,3.29,3.37,961730,20209876.00
2011/08/30,3.44,3.48,3.36,3.37,1663520,35420888.00
2011/08/31,3.37,3.37,3.23,3.28,1361695,28352340.00
2011/09/01,3.28,3.34,3.22,3.23,1005711,20867484.00
2011/09/02,3.19,3.28,3.12,3.14,1752520,35660548.00
2011/09/05,3.11,3.11,3.01,3.02,1421388,28381532.00
2011/09/06,2.99,3.07,2.86,2.91,1569979,30938020.00
2011/09/07,2.94,2.99,2.91,2.98,2979727,58448824.00
2011/09/08,3.00,3.04,2.90,2.91,1920609,37795036.00
2011/09/09,2.97,3.01,2.91,2.96,1453469,28604916.00
2011/09/13,2.87,2.98,2.86,2.95,1425751,27937220.00
2011/09/14,2.98,3.06,2.89,3.05,1294226,25618344.00
2011/09/15,3.03,3.13,3.01,3.06,1762252,35466108.00
2011/09/16,3.09,3.13,3.02,3.02,876348,17530012.00
2011/09/19,3.03,3.03,2.88,2.91,1026109,19974286.00
2011/09/20,2.91,3.08,2.87,3.06,1743582,34539848.00
2011/09/21,3.05,3.25,3.00,3.19,2102169,42771804.00
2011/09/22,3.14,3.28,3.06,3.22,2796903,57198752.00
2011/09/23,3.13,3.24,3.03,3.16,3420021,69337696.00
2011/09/26,3.08,3.23,3.08,3.11,1524667,31080272.00
2011/09/27,3.18,3.24,3.09,3.22,2036784,41735380.00
2011/09/28,3.28,3.31,3.13,3.14,1086397,22243356.00
2011/09/29,3.15,3.16,3.05,3.09,1743576,35108540.00
2011/09/30,3.09,3.15,2.94,2.97,1451405,28816788.00
2011/10/11,3.07,3.14,2.82,2.87,1747883,34375356.00
2011/10/12,2.88,3.00,2.81,2.99,2420291,47271576.00
2011/10/13,2.95,3.09,2.94,3.01,2328246,46314340.00
2011/10/14,3.01,3.05,2.97,3.01,925460,18309236.00
2011/10/17,3.01,3.13,3.01,3.13,1809457,36491276.00
2011/10/18,3.09,3.09,2.84,2.89,1989810,39096712.00
2011/10/19,2.91,2.95,2.85,2.88,1535531,29798740.00
2011/10/20,2.84,2.85,2.60,2.64,2243376,42082516.00
2011/10/21,2.64,2.79,2.63,2.64,1711824,31985112.00
2011/10/24,2.74,2.80,2.61,2.78,2749750,51752852.00
2011/10/25,2.84,3.06,2.84,3.04,4199116,83158952.00
2011/10/26,3.01,3.34,3.01,3.26,4818144,99492488.00
2011/10/27,3.26,3.41,3.26,3.29,2860721,59868752.00
2011/10/28,3.37,3.42,3.31,3.36,3180804,67037932.00
2011/10/31,3.36,3.42,3.30,3.39,2761931,58273288.00
2011/11/01,3.34,3.46,3.30,3.41,2691439,57055752.00
2011/11/02,3.31,3.47,3.28,3.46,2067717,43792152.00
2011/11/03,3.49,3.71,3.46,3.48,5664655,123400312.00
2011/11/04,3.56,3.60,3.34,3.43,2176729,46650640.00
2011/11/07,3.36,3.53,3.36,3.44,834755,17914064.00
2011/11/08,3.53,3.53,3.26,3.30,2611408,55365792.00
2011/11/09,3.46,3.62,3.37,3.42,5609539,120281712.00
2011/11/10,3.43,3.55,3.29,3.46,3997475,85576328.00
2011/11/11,3.47,3.51,3.40,3.42,1182159,25190788.00
2011/11/14,3.46,3.60,3.46,3.59,3584347,78063768.00
2011/11/15,3.59,3.65,3.55,3.57,2056771,45049268.00
2011/11/16,3.56,3.59,3.37,3.42,1891689,40357952.00
2011/11/17,3.56,3.60,3.47,3.53,4775559,103916920.00
2011/11/18,3.58,3.71,3.52,3.70,10800661,237512240.00
2011/11/21,3.81,4.20,3.73,3.84,15819385,363487232.00
2011/11/22,3.71,3.89,3.65,3.81,6829412,154660496.00
2011/11/23,3.88,3.90,3.59,3.65,3772142,83824200.00
2011/11/24,3.60,3.83,3.48,3.83,3754066,83345584.00
2011/11/25,3.80,3.83,3.66,3.68,2682183,59940012.00
2011/11/28,4.01,4.16,3.86,4.01,12154545,281118816.00
2011/11/29,4.00,4.42,3.99,4.27,11256820,271673760.00
2011/11/30,4.32,4.32,4.06,4.16,8221125,196098368.00
2011/12/01,4.36,4.48,4.20,4.23,8310893,203215824.00
2011/12/02,4.17,4.22,4.01,4.08,3747386,88877608.00
2011/12/05,4.08,4.18,3.89,3.98,3365501,78373992.00
2011/12/06,4.03,4.05,3.79,3.99,3778407,86658128.00
2011/12/07,3.93,4.01,3.92,3.98,1344558,31182184.00
2011/12/08,3.99,4.03,3.79,3.86,2094977,48091264.00
2011/12/09,3.83,3.86,3.77,3.79,2529503,57411152.00
2011/12/12,3.86,4.00,3.73,3.75,3667770,83099912.00
2011/12/13,3.77,3.88,3.75,3.78,3468708,78655792.00
2011/12/14,3.84,3.93,3.72,3.83,3924935,89362392.00
2011/12/15,3.83,3.98,3.77,3.94,4167150,95466336.00
2011/12/16,3.94,4.20,3.90,4.17,5984974,141042224.00
2011/12/19,4.13,4.28,4.04,4.19,3787248,90079880.00
2011/12/20,4.07,4.19,3.95,3.96,3535895,83103560.00
2011/12/21,3.97,4.18,3.96,3.97,3269663,77055728.00
2011/12/22,3.92,4.08,3.91,4.04,3578769,83282400.00
2011/12/23,4.04,4.15,3.99,4.08,3138210,73863384.00
2011/12/26,4.07,4.25,3.97,4.14,3569232,85342880.00
2011/12/27,4.15,4.21,4.04,4.04,2273198,53954008.00
2011/12/28,4.05,4.08,3.66,3.98,3664814,84035944.00
2011/12/29,3.91,4.00,3.73,3.93,3445843,79169704.00
2011/12/30,3.89,4.15,3.89,4.10,5693333,133954656.00
2012/01/04,4.20,4.21,3.87,3.98,3931102,92031320.00
2012/01/05,3.91,4.11,3.89,3.92,5408614,126050080.00
2012/01/06,3.91,3.96,3.63,3.80,3731330,84413888.00
2012/01/09,3.84,4.01,3.70,4.01,4094932,93736400.00
2012/01/10,4.05,4.23,4.00,4.21,5495161,130559744.00
2012/01/11,4.26,4.40,4.22,4.32,6555394,160451008.00
2012/01/12,4.31,4.38,4.17,4.32,3665537,89033872.00
2012/01/13,4.31,4.37,4.13,4.19,2977559,71753496.00
2012/01/16,4.20,4.21,3.97,4.03,2713884,63938184.00
2012/01/17,4.00,4.31,3.95,4.28,2936168,70212976.00
2012/01/18,4.28,4.47,4.15,4.21,3900503,95486696.00
2012/01/19,4.21,4.42,4.21,4.40,3479948,85098536.00
2012/01/20,4.41,4.48,4.28,4.40,3124823,77073936.00
2012/01/30,4.47,4.76,4.34,4.50,5149916,130213416.00
2012/01/31,4.51,4.58,4.37,4.40,3011735,74819240.00
2012/02/01,4.40,4.54,4.28,4.44,3976999,98755624.00
2012/02/02,4.48,4.67,4.45,4.66,4180193,106092272.00
2012/02/03,4.66,4.70,4.56,4.62,3749706,95456128.00
2012/02/06,4.62,4.71,4.57,4.69,4473628,114379264.00
2012/02/07,4.65,4.65,4.41,4.51,3209655,80386872.00
2012/02/08,4.40,4.44,4.13,4.37,12452955,302578400.00
2012/02/09,4.28,4.44,4.26,4.42,8335938,204717616.00
2012/02/10,4.38,4.42,4.30,4.37,8014099,197163440.00
2012/02/21,4.57,4.77,4.46,4.69,10111334,231881296.00
2012/02/22,4.69,4.97,4.61,4.93,8758798,206000784.00
2012/02/23,4.93,4.95,4.76,4.85,5263272,123658672.00
2012/02/24,4.85,5.01,4.77,4.81,8000404,188515216.00
2012/02/27,4.81,5.04,4.68,4.93,17179217,405817632.00
2012/02/28,4.83,5.43,4.80,5.40,26852177,656807040.00
2012/02/29,5.39,5.57,5.28,5.36,13368301,336792160.00
2012/03/01,5.28,5.60,5.24,5.53,12166454,307629600.00
2012/03/02,5.53,5.59,5.42,5.58,8546956,216768784.00
2012/03/05,5.57,5.72,5.19,5.22,13863148,346304096.00
2012/03/06,5.26,5.44,5.04,5.38,10203443,251210784.00
2012/03/07,5.27,5.55,5.24,5.47,7876517,198228128.00
2012/03/08,5.50,5.54,5.33,5.49,6688800,167594240.00
2012/03/09,5.50,5.59,5.43,5.55,7400652,187632368.00
2012/03/12,5.49,5.77,5.32,5.75,10350750,262747856.00
2012/03/13,5.75,5.75,5.53,5.66,5493580,140856960.00
2012/03/14,5.72,5.76,5.20,5.21,14232115,357880224.00
2012/03/15,5.21,5.31,4.97,5.09,9138823,221112864.00
2012/03/16,5.13,5.28,5.06,5.19,5194828,126825008.00
2012/03/19,5.11,5.18,4.94,5.13,5438163,130859400.00
2012/03/20,5.06,5.09,4.93,4.97,4673859,111836352.00
2012/03/21,5.02,5.15,4.96,5.13,4180465,100663968.00
2012/03/22,5.12,5.29,5.07,5.24,3557217,87173504.00
2012/03/23,5.15,5.24,4.97,4.98,4849358,116532440.00
2012/03/26,4.98,5.16,4.95,5.13,2950435,71015136.00
2012/03/27,5.26,5.52,5.16,5.38,9004107,225521456.00
2012/03/28,5.38,5.50,4.98,5.03,6540481,161099744.00
2012/03/29,5.04,5.39,4.99,5.25,5985896,147350288.00
2012/03/30,5.35,5.43,5.02,5.13,7752566,189378080.00
2012/04/05,5.09,5.49,5.02,5.45,6120425,151249632.00
2012/04/06,5.47,5.49,5.28,5.44,5089024,127446968.00
2012/04/09,5.44,5.70,5.34,5.60,6549483,167350688.00
2012/04/10,5.57,5.71,5.52,5.70,5965085,152935440.00
2012/04/11,5.69,5.99,5.62,5.87,7779336,204390480.00
2012/04/12,5.89,5.99,5.80,5.95,4906190,129565504.00
2012/04/13,5.93,5.99,5.83,5.85,5355088,141129152.00
2012/04/16,5.83,6.17,5.73,6.09,5049657,134479632.00
2012/04/17,6.05,6.17,5.93,5.95,2788216,74725104.00
2012/04/18,5.96,6.04,5.76,5.98,4974646,131241664.00
2012/04/19,6.00,6.23,5.90,5.98,3983645,106583496.00
2012/04/23,5.94,6.02,5.65,5.75,5414893,140602176.00
2012/04/24,5.74,5.87,5.37,5.59,5787997,147831152.00
2012/04/25,5.54,5.73,5.48,5.71,3414636,87273088.00
2012/04/26,5.70,5.71,5.49,5.50,3378941,86178120.00
2012/04/27,5.50,5.63,5.41,5.61,5919534,150119840.00
2012/05/03,5.72,5.72,4.78,5.21,28148732,679995392.00
2012/05/04,5.02,5.20,5.02,5.20,11744450,285384192.00
2012/05/07,5.13,5.15,4.89,5.10,14409948,345339040.00
2012/05/08,5.09,5.17,4.97,5.10,11448958,275572128.00
2012/05/09,5.10,5.18,5.03,5.13,4437974,106254272.00
2012/05/10,5.13,5.14,4.94,5.03,6949100,164711968.00
2012/05/11,5.03,5.03,4.71,4.78,10772452,249978176.00
2012/05/14,4.80,4.97,4.78,4.90,5709002,133141456.00
2012/05/15,4.84,4.96,4.71,4.96,5780937,134248672.00
2012/05/16,4.96,5.12,4.91,4.97,8211014,194959728.00
2012/05/17,5.00,5.14,5.00,5.12,7442690,177718128.00
2012/05/18,5.08,5.12,5.00,5.02,5220262,124184088.00
2012/05/21,5.00,5.11,4.98,5.03,4690934,111580472.00
2012/05/22,5.06,5.11,5.02,5.08,3892388,92723224.00
2012/05/23,5.08,5.15,5.01,5.14,5308110,127114488.00
2012/05/24,5.14,5.25,5.11,5.13,4394357,106098624.00
2012/05/25,5.13,5.17,4.57,4.60,8750537,200980208.00
2012/05/28,4.61,4.70,4.30,4.67,11693615,259319232.00
2012/05/29,4.70,5.13,4.65,4.87,6985455,163057024.00
2012/05/30,4.87,5.05,4.77,5.00,10599818,248569040.00
2012/05/31,4.93,4.97,4.77,4.83,5652866,131556056.00
2012/06/01,4.83,4.94,4.75,4.88,6454435,149708624.00
2012/06/04,4.79,5.17,4.76,4.98,7391799,174989488.00
2012/06/05,5.06,5.10,4.93,5.06,4661881,110369904.00
2012/06/06,5.06,5.08,4.99,5.03,2804456,66581316.00
2012/06/07,5.04,5.12,4.93,4.93,2856231,67472080.00
2012/06/08,4.97,5.02,4.87,4.89,2587901,60800032.00
2012/06/11,4.78,5.22,4.78,5.19,8924975,214296736.00
2012/06/12,5.13,5.17,4.99,5.09,3403366,81273776.00
2012/06/13,5.16,5.20,5.03,5.17,4639003,111031624.00
2012/06/14,5.23,5.54,5.12,5.36,10246249,252868240.00
2012/06/15,5.35,5.38,5.26,5.32,5570895,136445904.00
2012/06/19,5.31,5.31,4.88,4.94,9301555,219506544.00
2012/06/20,4.96,4.98,4.76,4.93,4628546,107745552.00
2012/06/21,4.90,4.96,4.82,4.92,2704112,63020664.00
2012/06/25,4.87,4.93,4.67,4.71,2452481,56658480.00
2012/06/26,4.67,4.75,4.53,4.69,2485179,56424920.00
2012/06/28,4.64,4.69,4.40,4.49,3309618,73988032.00
2012/06/29,4.40,4.61,4.30,4.56,5984443,132479384.00
2012/07/02,4.58,4.64,4.31,4.38,9562069,210544704.00
2012/07/03,4.34,4.48,4.26,4.47,5794307,127403424.00
2012/07/04,4.50,4.78,4.49,4.63,5912459,134036944.00
2012/07/05,4.57,4.70,4.54,4.66,2336111,52909484.00
2012/07/06,4.68,4.76,4.43,4.64,6175654,139586720.00
2012/07/09,4.57,4.84,4.54,4.63,5087274,116830304.00
2012/07/10,4.67,4.82,4.67,4.77,4822143,110602920.00
2012/07/11,4.77,4.98,4.69,4.92,3689580,85469920.00
2012/07/12,4.99,4.99,4.71,4.93,5845684,134725200.00
2012/07/13,4.83,4.87,4.73,4.77,3434685,79138752.00
2012/07/16,4.81,4.81,4.35,4.42,4529778,100387376.00
2012/07/17,4.42,4.49,4.39,4.49,1769344,39131892.00
2012/07/18,4.47,4.48,4.31,4.43,2221174,48894788.00
2012/07/19,4.39,4.61,4.34,4.53,3400911,76308696.00
2012/07/20,4.47,4.60,4.47,4.53,2224609,49900480.00
2012/07/23,4.48,4.50,4.35,4.41,2841962,62615184.00
2012/07/24,4.40,4.49,4.36,4.42,1248164,27619324.00
2012/07/25,4.43,4.58,4.41,4.50,2675981,59864096.00
2012/07/26,4.50,4.57,4.35,4.36,1620754,35822148.00
2012/07/27,4.43,4.49,4.37,4.46,2276442,50562248.00
2012/07/30,4.46,4.57,4.43,4.54,2501690,56044336.00
2012/07/31,4.54,4.76,4.54,4.69,3154411,71861832.00
2012/08/01,4.65,4.94,4.63,4.85,4686843,108745744.00
2012/08/02,4.81,4.94,4.77,4.82,3607749,83854496.00
2012/08/03,4.80,4.83,4.73,4.79,2111678,48669540.00
2012/08/06,4.79,4.91,4.79,4.82,2034969,47339140.00
2012/08/07,4.83,4.89,4.71,4.76,2333130,53630660.00
2012/08/08,4.72,4.83,4.67,4.69,1200597,27501782.00
2012/08/09,4.69,4.81,4.67,4.81,1937795,44554528.00
2012/08/10,4.84,4.84,4.61,4.72,2465727,56433124.00
2012/08/13,4.69,4.77,4.65,4.75,1989353,45628528.00
2012/08/14,4.76,4.80,4.59,4.68,1665669,37918456.00
2012/08/15,4.64,4.66,4.41,4.52,2857271,63659024.00
2012/08/16,4.52,4.63,4.47,4.59,1609819,36163044.00
2012/08/17,4.58,4.66,4.46,4.53,2086841,46859296.00
2012/08/20,4.41,4.52,4.33,4.46,1330460,29366108.00
2012/08/21,4.60,4.76,4.60,4.68,2901009,66232428.00
2012/08/22,4.70,4.85,4.65,4.84,3460823,80007560.00
2012/08/23,4.84,5.05,4.84,4.89,2857280,67103136.00
2012/08/24,4.89,4.89,4.76,4.77,937195,21637696.00
2012/08/27,4.61,4.76,4.56,4.73,1565168,35666796.00
2012/08/28,4.71,4.99,4.66,4.92,2454936,57297288.00
2012/08/29,4.89,4.94,4.76,4.86,1391273,32397812.00
2012/08/30,4.96,4.96,4.69,4.86,1719835,39738288.00
2012/08/31,4.76,4.85,4.72,4.84,994314,22913986.00
2012/09/03,4.76,4.83,4.63,4.74,3272302,75072880.00
2012/09/04,4.77,4.99,4.77,4.86,4989588,116567736.00
2012/09/05,4.86,5.17,4.83,5.15,7328263,174806112.00
2012/09/06,5.12,5.20,5.04,5.09,2226175,53235260.00
2012/09/07,5.15,5.33,5.09,5.26,8375762,202679920.00
2012/09/10,5.25,5.27,5.15,5.20,3184602,77084992.00
2012/09/11,5.20,5.20,5.02,5.11,3005780,71742440.00
2012/09/12,5.09,5.21,5.01,5.14,2300571,55025420.00
2012/09/13,5.14,5.17,5.10,5.10,1600735,38417600.00
2012/09/14,5.16,5.20,5.05,5.13,2513664,60251456.00
2012/09/17,5.09,5.09,4.93,4.93,2237285,52917896.00
2012/09/18,4.93,4.98,4.81,4.82,2063609,48080572.00
2012/09/19,4.82,4.91,4.79,4.81,2294571,53301360.00
2012/09/20,4.80,4.86,4.54,4.75,4692295,106884816.00
2012/09/21,4.67,4.83,4.62,4.79,1592991,36645668.00
2012/09/24,4.76,4.88,4.69,4.84,1394635,32232472.00
2012/09/25,4.84,4.86,4.58,4.77,2204910,50302336.00
2012/09/26,4.76,4.77,4.55,4.64,2952344,67298240.00
2012/09/27,4.67,4.75,4.43,4.52,4524787,101695184.00
2012/09/28,4.51,4.51,4.02,4.30,14622223,315469152.00
2012/10/08,4.24,4.30,4.14,4.26,3779162,81352136.00
2012/10/09,4.26,4.37,4.11,4.34,8794562,190724416.00
2012/10/10,4.31,4.46,4.28,4.45,6672516,147188064.00
2012/10/11,4.57,4.65,4.31,4.33,6581721,146302992.00
2012/10/12,4.33,4.40,4.14,4.15,4398989,94761208.00
2012/10/15,4.17,4.26,4.14,4.24,2344722,50321952.00
2012/10/16,4.21,4.26,4.14,4.16,2651294,57067068.00
2012/10/17,4.19,4.23,4.05,4.11,3543124,75267848.00
2012/10/18,4.11,4.33,4.11,4.28,5100494,110313048.00
2012/10/19,4.30,4.44,4.30,4.35,4001150,87840440.00
2012/10/22,4.35,4.35,4.20,4.28,3184812,68859344.00
2012/10/23,4.31,4.36,4.20,4.24,4668527,101047920.00
2012/10/24,4.17,4.28,4.14,4.23,3892626,83854368.00
2012/10/25,4.25,4.27,4.13,4.21,3698213,79274544.00
2012/10/26,4.21,4.22,3.94,4.15,4011746,84941968.00
2012/10/29,4.14,4.27,4.08,4.18,1789519,38470408.00
2012/10/30,4.17,4.20,4.09,4.18,1974559,42103460.00
2012/10/31,4.18,4.19,4.06,4.14,2004800,42594160.00
2012/11/01,4.14,4.28,4.11,4.22,3367088,72569568.00
2012/11/02,4.21,4.28,4.20,4.26,2004824,43341780.00
2012/11/05,4.23,4.35,4.20,4.33,2764214,60128600.00
2012/11/06,4.33,4.33,4.22,4.32,2021413,43829772.00
2012/11/07,4.30,4.35,4.28,4.32,1693077,36948112.00
2012/11/08,4.28,4.39,4.21,4.29,2144125,46556736.00
2012/11/09,4.26,4.29,4.10,4.13,2123815,45441228.00
2012/11/12,4.18,4.18,4.00,4.04,2364420,49932096.00
2012/11/13,4.05,4.06,3.83,3.86,2386569,49378084.00
2012/11/14,3.87,3.95,3.84,3.92,1810274,37375684.00
2012/11/15,3.90,3.93,3.74,3.90,1974220,40575340.00
2012/11/16,3.87,3.87,3.61,3.73,3394058,68119464.00
2012/11/19,3.70,3.76,3.65,3.73,2345209,47351864.00
2012/11/20,3.76,3.81,3.72,3.78,2364126,48001524.00
2012/11/21,3.80,3.88,3.66,3.80,2435443,49515568.00
2012/11/22,3.81,3.84,3.71,3.83,3844213,78513872.00
2012/11/23,3.81,4.05,3.81,4.03,3061932,64084368.00
2012/11/26,3.97,4.17,3.91,3.94,2140462,45172480.00
2012/11/27,3.89,3.97,3.83,3.92,1434022,29606178.00
2012/11/28,3.89,3.96,3.77,3.94,1399059,28889684.00
2012/11/29,3.91,3.97,3.89,3.95,1086159,22596692.00
2012/11/30,3.91,4.05,3.78,3.94,1903532,39407840.00
2012/12/03,3.94,3.94,3.71,3.76,2185842,44476304.00
2012/12/04,3.77,3.85,3.73,3.84,1788233,36473292.00
2012/12/05,3.84,4.09,3.76,4.06,5536248,115852632.00
2012/12/06,4.05,4.24,3.98,4.17,4206476,89789032.00
2012/12/07,4.17,4.28,4.17,4.19,3861189,83197272.00
2012/12/10,4.30,4.31,4.17,4.20,2684870,57788968.00
2012/12/11,4.17,4.21,4.05,4.17,3701134,78664400.00
2012/12/12,4.17,4.18,4.06,4.17,2210769,47127032.00
2012/12/13,4.10,4.15,4.08,4.12,2031772,43189064.00
2012/12/14,4.16,4.31,4.14,4.26,7418826,160650784.00
2012/12/17,4.30,4.42,4.20,4.39,7565816,165068416.00
2012/12/18,4.30,4.43,4.28,4.31,5324565,116415464.00
2012/12/19,4.30,4.54,4.27,4.51,6771473,149719408.00
2012/12/20,4.50,4.80,4.44,4.76,7408005,169197264.00
2012/12/21,4.77,5.00,4.74,4.79,8022809,186426128.00
2012/12/24,4.80,5.15,4.80,4.97,9772801,230674400.00
2012/12/25,4.98,5.16,4.91,5.06,9235263,219162848.00
2012/12/26,5.06,5.13,4.95,5.09,3848508,91729744.00
2012/12/27,5.11,5.26,4.98,5.01,6192839,147742656.00
2012/12/28,5.09,5.30,4.98,5.22,6292072,150967312.00
2012/12/31,5.29,5.60,5.16,5.57,6873766,169678416.00
2013/01/04,5.61,5.62,5.00,5.26,9698536,234334976.00
2013/01/07,5.28,5.49,5.21,5.43,4610775,113189744.00
2013/01/08,5.43,5.76,5.43,5.61,7470103,189367920.00
2013/01/09,5.61,5.74,5.50,5.51,5182059,130415096.00
2013/01/10,5.51,5.57,5.35,5.40,2664168,66072132.00
2013/01/11,5.40,5.56,5.30,5.39,4694877,116839048.00
2013/01/14,5.36,5.86,5.31,5.80,9212558,232194944.00
2013/01/15,5.76,5.84,5.68,5.79,5565588,142927264.00
2013/01/16,5.79,5.93,5.31,5.80,4232089,109046112.00
2013/01/17,5.76,5.98,5.72,5.84,5655393,147288992.00
2013/01/18,5.97,6.41,5.85,6.32,7287507,196050560.00
2013/01/21,6.31,6.85,6.20,6.61,6364182,178175504.00
2013/01/22,6.47,6.59,6.24,6.51,4359582,119413624.00
2013/01/23,6.51,6.57,6.11,6.27,2902719,78624176.00
2013/01/24,6.27,6.71,6.06,6.15,6491519,178563776.00
2013/01/25,6.31,6.70,6.21,6.50,3801468,105619912.00
2013/01/28,6.53,6.63,6.38,6.55,4624821,128161472.00
2013/01/29,6.56,6.67,6.50,6.55,4168019,116060200.00
2013/01/30,6.61,6.66,6.30,6.43,2673267,73669448.00
2013/01/31,6.44,6.52,6.22,6.43,2763875,75302736.00
2013/02/01,6.29,6.56,6.29,6.40,3053541,83715088.00
2013/02/04,6.43,6.64,6.36,6.55,2966956,82543584.00
2013/02/05,6.68,6.78,6.46,6.65,4741360,132849152.00
2013/02/06,6.61,6.66,6.43,6.63,2926934,81338504.00
2013/02/07,6.61,6.93,6.50,6.92,4242839,119759768.00
2013/02/08,6.91,7.52,6.90,7.29,7607531,227090416.00
2013/02/18,7.35,7.43,6.98,7.01,4071192,119420912.00
2013/02/19,7.09,7.12,6.69,6.81,5802657,167049888.00
2013/02/20,6.79,6.94,6.70,6.80,4245503,121388624.00
2013/02/21,6.67,6.69,6.03,6.31,17892005,482119264.00
2013/02/22,6.27,6.43,6.14,6.31,3777661,102675112.00
2013/02/25,6.36,6.50,6.30,6.46,3027597,83128288.00
2013/02/26,6.35,6.42,6.07,6.13,5910310,159659376.00
2013/02/27,6.11,6.24,5.87,6.05,4236431,111703552.00
2013/02/28,6.08,6.46,6.08,6.46,4929782,134604704.00
2013/03/01,6.46,6.48,6.28,6.43,3021015,82620840.00
2013/03/04,6.43,6.56,5.72,5.93,6007568,160116160.00
2013/03/05,5.91,6.17,5.83,6.14,4038820,105714992.00
2013/03/06,6.23,6.23,5.93,6.11,3984087,105721064.00
2013/03/07,6.10,6.13,5.89,5.97,3358595,88669408.00
2013/03/08,6.06,6.12,5.76,5.86,3562899,93121888.00
2013/03/11,5.74,5.86,5.69,5.85,2553833,65809708.00
2013/03/12,5.85,5.90,5.57,5.75,3309634,84857016.00
2013/03/13,5.62,5.69,5.42,5.48,3235166,81007408.00
2013/03/14,5.46,5.81,5.41,5.54,2429164,61618892.00
2013/03/15,5.54,6.11,5.52,6.00,6771143,177617088.00
2013/03/18,5.87,6.09,5.63,5.75,2873365,74374872.00
2013/03/19,5.87,5.95,5.74,5.94,1819257,47263684.00
2013/03/20,5.94,6.23,5.93,6.21,4728422,126733328.00
2013/03/21,6.23,6.30,6.14,6.18,2458143,66156832.00
2013/03/22,6.24,6.30,6.09,6.23,1956442,52554996.00
2013/03/25,6.31,6.50,6.26,6.34,4211348,115308216.00
2013/03/26,6.69,6.86,6.50,6.73,11729152,331318112.00
2013/03/27,6.71,7.15,6.67,6.94,6518643,188508128.00
2013/03/28,6.87,7.09,6.55,6.91,6967398,200422944.00
2013/03/29,6.95,6.98,6.71,6.84,2709090,77509696.00
2013/04/01,6.72,6.84,6.68,6.73,2305435,65415404.00
2013/04/02,6.74,6.90,6.52,6.62,2842737,80293960.00
2013/04/03,6.65,6.74,6.46,6.50,3636135,101279128.00
2013/04/08,6.16,6.41,5.83,6.33,14842431,390960160.00
2013/04/09,6.30,6.50,6.25,6.46,5040259,138935392.00
2013/04/10,6.56,6.56,6.20,6.30,3886449,106309480.00
2013/04/11,6.46,6.53,6.28,6.41,2040592,56069164.00
2013/04/12,6.41,6.48,6.31,6.34,1941046,53375908.00
2013/04/15,6.35,6.43,6.18,6.32,1571642,42706732.00
2013/04/16,6.28,6.52,6.22,6.50,2102534,57491684.00
2013/04/17,6.50,6.85,6.49,6.79,4324704,122557536.00
2013/04/18,6.80,6.98,6.70,6.90,2732823,78456240.00
2013/04/19,6.91,7.06,6.83,6.89,4674942,134750208.00
2013/04/22,6.94,7.06,6.89,6.92,3191026,92276208.00
2013/04/23,6.81,7.00,6.20,6.86,7857888,219366000.00
2013/04/24,6.81,6.81,6.50,6.72,5236825,147250928.00
2013/04/25,6.72,6.76,6.44,6.46,4491979,126063224.00
2013/04/26,6.47,6.59,6.33,6.45,3148008,86757000.00
2013/05/02,6.39,6.56,6.13,6.42,3648667,99695808.00
2013/05/03,6.51,7.04,6.50,6.99,6763748,194359008.00
2013/05/06,7.03,7.14,6.91,7.05,4115799,119753072.00
2013/05/07,7.00,7.54,6.99,7.34,6088752,182906832.00
2013/05/08,7.45,7.45,7.20,7.31,3790017,113022200.00
2013/05/09,7.42,8.42,7.42,8.12,17492364,562161344.00
2013/05/10,8.05,8.50,8.02,8.26,8378985,272016672.00
2013/05/13,8.31,8.49,8.17,8.27,4755474,154954112.00
2013/05/14,8.28,8.35,7.73,8.17,6957271,221746896.00
2013/05/15,7.93,9.07,7.93,8.97,10517942,189888416.00
2013/05/16,8.74,8.97,8.41,8.52,13586343,247525344.00
2013/05/17,8.53,8.70,8.23,8.59,9773533,175963232.00
2013/05/20,8.59,8.87,8.35,8.83,10949850,199698976.00
2013/05/21,8.83,9.47,8.71,9.20,11131493,211809600.00
2013/05/22,9.33,9.61,8.97,9.07,9989000,191072144.00
2013/05/23,9.03,9.03,8.50,8.64,12785199,232953552.00
2013/05/24,8.64,8.85,8.40,8.60,8193003,148711632.00
2013/05/27,8.63,8.82,8.57,8.63,7148150,130901824.00
2013/05/28,8.64,8.75,8.45,8.47,9978671,180056768.00
2013/05/29,8.55,8.93,8.53,8.76,16875713,310399008.00
2013/05/30,8.75,8.99,8.64,8.84,9578783,177170176.00
2013/05/31,8.82,8.95,8.53,8.57,7827942,142408368.00
2013/06/03,8.63,8.66,8.04,8.21,11065346,195031408.00
2013/06/04,8.37,8.63,8.15,8.38,10829807,193344960.00
2013/06/05,8.40,8.76,8.37,8.75,12574750,228549360.00
2013/06/06,8.77,9.13,8.77,8.82,13209731,246733008.00
2013/06/07,8.70,8.99,8.28,8.51,8639579,156857104.00
2013/06/13,8.17,8.27,7.70,8.02,11126911,191197408.00
2013/06/14,8.01,8.17,7.85,8.11,4863573,84105024.00
2013/06/17,8.17,8.60,8.17,8.56,10020415,179660816.00
2013/06/18,8.55,8.89,8.42,8.77,9006674,164517344.00
2013/06/19,8.70,8.97,8.46,8.85,7435321,136580272.00
2013/06/20,8.77,9.15,8.51,8.55,9348275,172502448.00
2013/06/21,8.33,8.84,8.13,8.69,6224941,112372376.00
2013/06/24,8.60,8.60,8.15,8.17,8759447,155137136.00
2013/06/25,8.03,8.23,7.10,8.16,11348285,192049936.00
2013/06/26,8.27,8.53,7.95,8.48,9522115,169617024.00
2013/06/27,8.42,8.87,8.42,8.61,8587204,157123680.00
2013/06/28,8.57,8.85,8.38,8.72,6819701,124395784.00
2013/07/01,8.70,9.27,8.57,9.26,11536573,216274256.00
2013/07/02,9.26,9.97,9.17,9.87,12043290,237056432.00
2013/07/03,9.83,9.86,9.17,9.43,11500649,222906752.00
2013/07/04,9.29,9.30,8.87,9.09,11698357,220839952.00
2013/07/05,9.17,9.32,8.83,9.29,9570016,181539760.00
2013/07/08,9.17,9.17,8.73,8.77,6904528,128294752.00
2013/07/09,8.61,8.81,8.27,8.39,7299002,130897872.00
2013/07/10,8.38,8.62,8.28,8.52,7908815,141531168.00
2013/07/11,8.53,9.23,8.50,9.03,10690394,200109968.00
2013/07/12,9.00,9.12,8.65,8.69,6911982,127923088.00
2013/07/15,9.27,9.50,9.12,9.15,14340915,274777792.00
2013/07/16,9.16,9.50,9.09,9.30,10088690,193574176.00
2013/07/17,9.30,9.30,8.93,8.98,5997368,113462168.00
2013/07/18,8.71,8.95,8.69,8.78,5251006,96707816.00
2013/07/19,8.77,8.83,8.57,8.58,7672165,140338160.00
2013/07/22,8.53,8.90,8.37,8.86,4378965,80238784.00
2013/07/23,8.81,9.14,8.81,9.00,5130809,96425600.00
2013/07/24,9.00,9.27,8.89,9.15,7792750,146899040.00
2013/07/25,9.14,9.24,8.87,8.88,4919984,92201264.00
2013/07/26,8.77,8.87,8.30,8.45,9264971,166660096.00
2013/07/29,8.44,8.45,7.93,7.96,7981444,138665312.00
2013/07/30,7.96,8.17,7.81,8.11,6922347,119789128.00
2013/07/31,8.18,8.37,7.85,8.04,6079259,105345208.00
2013/08/01,8.03,8.27,7.93,8.22,6939576,120816224.00
2013/08/02,8.27,8.34,8.08,8.21,6993134,122425664.00
2013/08/05,7.97,8.30,7.80,8.30,13778518,238115680.00
2013/08/06,8.23,8.55,8.01,8.47,12770645,226451616.00
2013/08/07,8.41,8.47,8.13,8.19,8278465,146915056.00
2013/08/08,8.15,8.23,7.95,8.03,7553295,131215824.00
2013/08/09,8.02,8.13,7.77,7.88,10202393,174234768.00
2013/08/12,8.03,8.41,8.03,8.38,15006622,265286112.00
2013/08/13,8.43,8.46,8.30,8.38,6366347,113402224.00
2013/08/14,8.45,8.71,8.31,8.48,10008649,180750976.00
2013/08/15,8.37,8.49,8.18,8.23,4714014,83847520.00
2013/08/16,8.20,9.00,8.01,8.05,7546970,132940864.00
2013/08/19,8.15,8.27,8.01,8.21,3657830,64028984.00
2013/08/20,8.04,8.71,8.03,8.60,16296538,294345152.00
2013/08/21,8.50,8.69,8.46,8.52,4201876,75936232.00
2013/08/22,8.44,8.67,8.33,8.45,5089589,91360448.00
2013/08/23,8.45,8.56,8.10,8.31,5912865,104574232.00
2013/08/26,8.30,8.57,8.22,8.54,5310766,95404904.00
2013/08/27,8.57,8.61,8.47,8.61,4176534,75401968.00
2013/08/28,8.63,8.63,8.15,8.37,10378516,184168416.00
2013/08/29,8.37,8.37,8.10,8.15,6335950,111091416.00
2013/08/30,8.11,8.22,7.97,8.03,7009010,121702024.00
2013/09/02,8.03,8.45,8.03,8.41,8782148,155295984.00
2013/09/03,8.51,8.95,8.51,8.89,18302108,338694944.00
2013/09/04,8.83,8.83,8.62,8.77,6685456,122471784.00
2013/09/05,8.75,8.87,8.63,8.76,5401388,99409096.00
2013/09/06,8.77,9.38,8.72,9.17,13911910,263125920.00
2013/09/09,9.31,9.73,9.17,9.24,14274885,278164992.00
2013/09/10,9.31,9.57,9.07,9.44,8140486,157263184.00
2013/09/11,9.49,9.72,9.18,9.45,13087254,254789936.00
2013/09/12,9.30,9.43,8.91,8.98,14666250,276976640.00
2013/09/13,9.07,9.13,8.83,9.08,7417280,138674368.00
2013/09/16,9.17,9.17,8.90,9.05,5335070,100205592.00
2013/09/17,9.05,9.05,8.80,8.83,5603746,104138960.00
2013/09/18,9.10,9.14,8.46,8.69,13594382,248292240.00
2013/09/23,9.17,9.23,8.93,9.15,14013854,265485200.00
2013/09/24,9.29,9.41,9.11,9.38,11845719,227193264.00
2013/09/25,9.50,9.50,8.87,8.99,11335071,213772976.00
2013/09/26,8.93,8.93,8.71,8.75,5874900,108067088.00
2013/09/27,8.75,8.99,8.69,8.75,5812750,107394976.00
2013/09/30,8.86,8.91,8.61,8.77,3950694,72449600.00
2013/10/08,8.65,8.99,8.29,8.91,14846823,268387920.00
2013/10/09,8.77,8.80,8.55,8.69,11249338,204889616.00
2013/10/10,8.74,8.74,8.32,8.39,15037832,269274688.00
2013/10/11,8.46,8.55,8.29,8.47,18231073,325318816.00
2013/10/14,8.49,8.51,8.29,8.38,14505810,258097312.00
2013/10/15,8.37,8.51,8.26,8.49,15670667,279226304.00
2013/10/16,8.45,8.45,8.02,8.15,12824479,225042976.00
2013/10/17,8.23,8.27,8.08,8.11,8519892,149069504.00
2013/10/18,8.15,8.21,8.03,8.07,6944628,120746200.00
2013/10/21,8.17,8.36,8.10,8.35,8494050,150042032.00
2013/10/22,8.37,8.48,8.23,8.39,9526235,169401568.00
2013/10/23,8.41,8.60,8.27,8.45,12228608,219803776.00
2013/10/24,8.45,8.59,8.29,8.43,10237369,183717216.00
2013/10/25,8.44,8.47,8.27,8.35,7303556,129831320.00
2013/10/28,8.34,8.34,7.70,7.95,11205069,191918736.00
2013/10/29,7.81,7.89,6.80,7.33,30300142,489485088.00
2013/10/30,7.21,7.40,7.03,7.38,10046008,162357152.00
2013/10/31,7.39,7.47,7.09,7.16,8917606,143589568.00
2013/11/01,7.32,7.49,7.10,7.36,8320163,135330928.00
2013/11/04,7.53,7.75,7.38,7.43,8517802,140502800.00
2013/11/05,7.43,7.59,7.30,7.55,5462941,89887552.00
2013/11/06,7.55,7.59,7.44,7.50,4106542,67858976.00
2013/11/07,7.47,7.50,7.11,7.15,8100836,130439376.00
2013/11/08,7.17,7.29,7.03,7.23,3297470,52779388.00
2013/11/11,7.23,7.26,7.12,7.16,3347887,53588636.00
2013/11/12,7.21,7.25,7.05,7.17,4371087,69571664.00
2013/11/13,7.13,7.16,6.94,6.99,4058541,63993088.00
2013/11/14,7.03,7.07,6.83,6.89,5388069,84275064.00
2013/11/15,6.90,7.09,6.90,7.01,10159260,160140880.00
2013/11/18,7.05,7.39,6.99,7.37,16604491,263723376.00
2013/11/19,7.36,7.37,7.01,7.13,14582557,233608176.00
2013/11/20,7.08,7.20,6.99,7.01,9795011,154750000.00
2013/11/21,7.02,7.16,6.97,7.16,7465496,118485096.00
2013/11/22,7.20,7.23,7.02,7.07,5668972,90182752.00
2013/11/25,7.07,7.19,6.99,7.18,7123466,113740688.00
2013/11/26,7.18,7.48,7.11,7.42,10329255,167928272.00
2013/11/27,7.63,8.00,7.63,7.93,21296117,364263680.00
2013/11/28,7.94,7.99,7.78,7.92,8569734,146505088.00
2013/11/29,8.08,8.29,7.91,7.95,13984075,244282176.00
2013/12/02,7.83,8.23,7.63,7.76,10872851,185497360.00
2013/12/03,7.97,8.18,7.97,8.15,14895699,258898416.00
2013/12/04,8.15,8.67,8.15,8.55,16245620,293806208.00
2013/12/05,8.55,8.90,8.55,8.74,12133661,223085888.00
2013/12/06,8.75,8.99,8.53,8.60,8768775,160610752.00
2013/12/09,8.60,8.77,8.44,8.55,7667461,138735936.00
2013/12/10,8.55,8.77,8.55,8.61,6856140,125046488.00
2013/12/11,8.53,8.61,8.04,8.27,10378895,184421200.00
2013/12/12,8.17,8.48,8.17,8.39,5442992,96844728.00
2013/12/13,8.23,8.65,8.23,8.63,5939654,107136304.00
2013/12/16,8.58,8.98,8.57,8.67,14193857,261602800.00
2013/12/17,8.70,8.85,8.49,8.60,4848735,88609368.00
2013/12/18,8.53,8.63,8.30,8.32,4555069,81564064.00
2013/12/19,8.37,8.40,8.06,8.19,5313117,93251768.00
2013/12/20,8.22,8.27,7.81,7.85,7732733,133063408.00
2013/12/23,7.86,8.15,7.86,8.13,5391345,93278616.00
2013/12/24,8.15,8.21,8.02,8.18,7215318,125796152.00
2013/12/25,8.20,8.40,8.10,8.33,4278848,75761576.00
2013/12/26,8.32,8.49,8.25,8.25,4667243,83121064.00
2013/12/27,8.25,8.51,8.21,8.43,6053571,108393768.00
2013/12/30,8.49,8.49,7.66,8.06,13475386,233008256.00
2013/12/31,8.05,8.37,8.04,8.21,9726117,169877264.00
2014/01/02,8.21,8.27,8.02,8.18,5839452,101602192.00
2014/01/03,8.04,8.33,8.01,8.27,6396043,112316304.00
2014/01/06,8.19,8.19,7.83,8.03,6180377,106294952.00
2014/01/07,7.85,8.09,7.85,8.05,3857688,66386024.00
2014/01/08,8.03,8.18,7.85,7.91,4606698,79354824.00
2014/01/09,7.87,8.04,7.83,7.85,3787740,64963200.00
2014/01/10,7.85,7.94,7.62,7.81,4915494,82786536.00
2014/01/13,7.81,8.02,7.81,7.98,4405382,75531168.00
2014/01/14,7.98,8.46,7.97,8.37,6223468,109408480.00
2014/01/15,8.37,8.81,8.37,8.63,13855976,253487136.00
2014/01/16,8.63,8.83,8.52,8.77,8961466,164180912.00
2014/01/17,8.65,8.80,8.62,8.69,6983349,128187024.00
2014/01/20,8.67,8.70,8.17,8.23,5770804,102476272.00
2014/01/21,8.30,8.48,8.21,8.29,3600977,63861424.00
2014/01/22,8.37,8.57,8.37,8.56,3826901,68841664.00
2014/01/23,8.53,8.83,8.52,8.82,6461240,118304952.00
2014/01/24,8.83,8.87,8.57,8.63,7280497,133273000.00
2014/01/27,8.53,8.68,8.44,8.48,3807967,68622560.00
2014/01/28,8.48,8.86,8.44,8.62,3863193,70523232.00
2014/01/29,8.57,8.71,8.43,8.61,3409805,61699712.00
2014/01/30,8.50,8.61,8.43,8.46,1676976,30106280.00
2014/02/07,8.35,8.55,8.30,8.51,2284485,40922180.00
2014/02/10,8.66,9.71,8.66,9.43,23939817,467347424.00
2014/02/11,9.42,9.95,9.29,9.36,19568748,383887232.00
2014/02/12,9.45,9.50,9.05,9.12,10434543,197877568.00
2014/02/13,9.27,9.68,9.17,9.47,18084007,354238080.00
2014/02/14,9.31,9.70,9.17,9.56,9254165,179937072.00
2014/02/17,9.75,9.80,9.44,9.69,8247510,162387280.00
2014/02/18,9.61,9.67,9.19,9.27,10413010,200378848.00
2014/02/19,9.30,9.42,9.03,9.05,9934932,188236816.00
2014/02/20,9.11,9.15,8.69,8.78,9061909,168002688.00
2014/02/21,8.77,8.90,8.67,8.81,5428253,100008216.00
2014/02/24,8.73,8.74,8.17,8.18,14579684,258267264.00
2014/02/25,8.18,8.27,7.48,7.89,20907313,357842912.00
2014/02/26,7.90,8.11,7.75,7.96,10691968,183427872.00
2014/02/27,7.99,8.43,7.87,8.23,18092483,318260640.00
2014/02/28,8.12,8.77,7.97,8.57,16760283,300053984.00
2014/03/03,8.57,9.30,8.57,8.96,19955510,373507392.00
2014/03/04,8.69,8.70,8.17,8.23,21837038,390202720.00
2014/03/05,8.33,8.40,8.07,8.09,11970139,209725760.00
2014/03/06,8.10,8.13,7.89,8.05,5247100,90470816.00
2014/03/07,8.10,8.38,8.07,8.27,6868830,121049272.00
2014/03/10,8.16,8.16,7.83,7.89,7876481,135006656.00
2014/03/11,7.89,7.93,7.73,7.89,6503176,110437872.00
2014/03/12,7.87,7.87,7.50,7.67,7039572,117908504.00
2014/03/13,7.61,7.82,7.61,7.70,3582607,60348448.00
2014/03/14,7.63,7.70,7.42,7.44,7211823,118863880.00
2014/03/17,7.57,7.72,7.43,7.70,8278857,137497440.00
2014/03/18,7.73,7.75,7.59,7.65,8768491,146903824.00
2014/03/19,7.65,7.65,6.85,7.15,25699958,409304320.00
2014/03/20,7.14,7.14,6.57,6.65,20159430,312775840.00
2014/03/21,6.61,7.03,6.41,6.88,17219923,263608784.00
2014/03/24,6.91,6.97,6.67,6.81,11990695,185015456.00
2014/03/25,6.98,7.30,6.95,7.07,13727449,217864816.00
2014/03/26,7.11,7.48,7.11,7.43,15597744,254080752.00
2014/03/27,7.39,7.61,7.23,7.34,9179012,150287824.00
2014/03/28,7.37,7.50,7.17,7.21,8137446,132059968.00
2014/03/31,7.29,7.43,7.01,7.21,6418676,103508608.00
2014/04/01,7.22,7.35,7.09,7.29,4081118,65659904.00
2014/04/02,7.35,7.35,7.06,7.11,6170645,98778400.00
2014/04/03,7.18,7.23,7.06,7.09,5945586,94707832.00
2014/04/04,7.07,7.16,7.00,7.15,4294034,68231360.00
2014/04/08,7.11,7.39,6.95,7.27,10331404,166435360.00
2014/04/09,7.35,7.45,7.29,7.37,8729308,142154480.00
2014/04/10,7.42,7.54,7.35,7.46,7019772,115413856.00
2014/04/11,7.46,7.78,7.43,7.73,14275625,239342320.00
2014/04/14,7.70,7.97,7.60,7.76,9566828,161275216.00
2014/05/22,7.77,7.77,6.87,7.04,29094699,462556448.00
2014/05/23,6.96,6.96,6.50,6.69,26840042,408667648.00
2014/05/26,7.07,7.16,6.84,7.03,24461668,372342432.00
2014/05/27,7.03,7.47,6.91,7.45,20295660,317421344.00
2014/05/28,7.45,7.45,7.28,7.44,12164538,192250240.00
2014/05/29,7.41,7.50,7.27,7.27,8482223,133618680.00
2014/05/30,7.27,7.30,7.13,7.17,10396871,161905536.00
2014/06/03,7.15,7.25,7.09,7.21,6881012,106902400.00
2014/06/04,7.21,7.21,6.83,6.99,9560967,145498016.00
2014/06/05,6.93,6.98,6.77,6.89,10828064,162855600.00
2014/06/06,6.90,6.95,6.77,6.81,6862704,102857024.00
2014/06/09,6.82,6.89,6.78,6.83,5282477,79160760.00
2014/06/10,6.83,6.87,6.73,6.85,7062708,105792752.00
2014/06/11,6.85,6.85,6.77,6.78,6812769,101815928.00
2014/06/12,6.80,6.95,6.77,6.90,6819036,102725656.00
2014/06/13,6.90,7.10,6.89,7.05,9849280,150183936.00
2014/06/16,7.02,7.17,7.01,7.04,8233079,126707544.00
2014/06/17,6.99,7.01,6.83,6.84,8344678,125779536.00
2014/06/18,6.84,6.97,6.77,6.91,7502248,112746032.00
2014/06/19,6.93,6.95,6.57,6.80,6102015,91047984.00
2014/06/20,6.75,6.85,6.65,6.81,3353384,50051540.00
2014/06/23,6.83,7.11,6.83,7.11,9473998,144741008.00
2014/06/24,7.10,7.15,7.01,7.11,7478581,114997496.00
2014/06/25,7.10,7.15,6.97,7.10,5611984,86006200.00
2014/06/26,7.13,7.31,7.07,7.18,9132651,142226928.00
2014/06/27,7.22,7.71,7.22,7.65,18262364,291379136.00
2014/06/30,7.66,7.80,7.54,7.59,12615844,204847952.00
2014/07/01,7.63,8.00,7.51,7.62,14787209,242289488.00
2014/07/02,7.61,7.80,7.51,7.72,8931318,145407488.00
2014/07/03,7.70,8.07,7.69,8.02,15278160,255007504.00
2014/07/04,7.97,8.15,7.82,7.95,10057985,168377600.00
2014/07/07,7.97,8.12,7.64,7.69,10310873,169778000.00
2014/07/08,7.63,8.39,7.61,8.29,24309482,413449504.00
2014/07/09,8.25,8.80,8.20,8.47,26005293,459262176.00
2014/07/10,8.90,9.02,8.34,8.36,19983559,352934592.00
2014/07/11,8.33,8.73,8.13,8.33,13390341,233492352.00
2014/07/14,8.51,8.90,8.35,8.65,21679483,384173024.00
2014/07/15,8.67,8.71,8.19,8.47,20156991,350576320.00
2014/07/16,8.35,8.61,8.20,8.32,10110363,175423360.00
2014/07/17,8.38,8.42,8.16,8.31,6009610,102778032.00
2014/07/18,8.29,8.39,8.14,8.17,9056323,155161520.00
2014/07/21,8.11,8.33,8.09,8.27,6616853,113539264.00
2014/07/22,8.40,8.97,8.40,8.76,23497035,420686336.00
2014/07/23,8.77,8.94,8.64,8.70,8346406,149171888.00
2014/07/24,8.90,9.08,8.89,9.03,20070554,366115264.00
2014/07/25,9.17,9.48,9.03,9.37,18000068,337251648.00
2014/07/28,9.37,9.52,9.19,9.32,16363519,306668800.00
2014/07/29,9.27,9.52,9.03,9.22,17018700,317761312.00
2014/07/30,9.11,9.42,9.11,9.22,11026020,205787424.00
2014/07/31,9.23,9.23,8.93,9.20,12401849,227420720.00
2014/08/01,9.11,9.43,9.02,9.12,11682799,217522112.00
2014/08/04,9.04,9.18,8.87,9.17,11815633,215668768.00
2014/08/05,9.15,9.53,9.08,9.52,23449616,441403200.00
2014/08/06,9.53,9.77,9.37,9.74,15848777,303531392.00
2014/08/07,9.75,9.93,9.41,9.47,11065852,213661184.00
2014/08/08,9.40,9.55,9.35,9.37,6241472,117988152.00
2014/08/11,9.37,9.93,9.37,9.77,12705817,245959888.00
2014/08/12,9.63,9.75,9.38,9.55,15023639,284994688.00
2014/08/13,9.55,9.55,9.17,9.23,12614519,235606640.00
2014/08/14,9.27,9.35,9.01,9.02,14598131,270725696.00
2014/08/15,9.02,9.29,9.02,9.23,7761402,143655984.00
2014/08/18,9.19,9.47,9.18,9.27,9595816,179928736.00
2014/08/19,9.37,9.63,9.37,9.53,15388605,292614304.00
2014/08/20,9.51,9.51,9.20,9.28,9925877,185554048.00
2014/08/21,9.28,9.28,8.85,9.08,15754813,288747264.00
2014/08/22,9.03,9.07,8.80,8.92,16810700,303802976.00
2014/08/25,8.89,8.92,8.70,8.79,10260217,183822640.00
2014/08/26,8.75,8.99,8.70,8.83,10225468,184889504.00
2014/08/27,9.07,9.15,8.83,8.87,7784823,141334304.00
2014/08/28,8.82,8.89,8.70,8.76,6526590,116907600.00
2014/08/29,8.77,9.15,8.77,9.09,11796293,215492736.00
2014/09/01,9.26,9.53,9.23,9.35,13382880,252058688.00
2014/09/02,9.37,9.43,9.29,9.40,9425797,177118448.00
2014/09/03,9.47,9.80,9.47,9.63,17297056,332586048.00
2014/09/04,9.63,9.73,9.29,9.51,14854674,281509728.00
2014/09/05,9.57,9.65,9.40,9.64,12454206,237584016.00
2014/09/09,9.64,9.91,9.64,9.74,10593868,205935520.00
2014/09/10,9.70,9.74,9.33,9.41,12055383,228490832.00
2014/09/11,9.41,9.45,9.10,9.15,17883990,332753120.00
2014/09/12,9.17,9.26,8.99,9.12,14559098,267784640.00
2014/09/15,9.10,9.12,8.89,9.07,19284182,350983072.00
2014/09/16,9.07,9.11,8.92,8.93,11561443,211213200.00
2014/09/17,8.89,9.07,8.86,9.02,10436834,189902192.00
2014/09/18,9.04,9.18,8.96,9.07,11495960,211155968.00
2014/09/19,9.01,9.20,8.90,9.16,10902016,200061568.00
2014/09/22,9.17,9.17,8.74,8.77,14437936,260550592.00
2014/09/23,8.75,8.95,8.71,8.80,8023700,144385376.00
2014/09/24,8.78,8.99,8.75,8.97,9819606,177614656.00
2014/09/25,9.03,9.15,8.95,8.99,8520876,156027840.00
2014/09/26,9.03,9.05,8.70,8.93,11993302,215941696.00
2014/09/29,8.93,9.01,8.90,9.00,9323077,169387696.00
2014/09/30,9.02,9.03,8.93,8.99,6647259,121210192.00
2014/10/08,8.98,9.27,8.95,9.25,13418376,247663072.00
2014/10/09,9.25,9.35,9.12,9.33,13236837,246648864.00
2014/10/10,9.42,9.70,9.38,9.39,28404263,541724736.00
2014/10/13,9.41,9.61,9.18,9.50,14349910,270730272.00
2014/10/14,9.50,9.55,9.26,9.38,14226219,267642176.00
2014/10/15,9.27,9.37,9.13,9.22,17612569,327758240.00
2014/10/16,9.19,9.19,8.89,8.94,16893708,308468512.00
2014/10/17,9.02,9.13,8.83,9.05,11335255,206653584.00
2014/10/20,9.10,9.13,8.97,9.04,8113822,148587680.00
2014/10/21,9.06,9.18,8.87,9.05,10567997,193782304.00
2014/10/22,9.06,9.32,9.01,9.07,14716313,272558624.00
2014/10/23,9.20,9.35,9.07,9.13,12935953,240194800.00
2014/10/24,9.17,9.28,9.02,9.16,8803150,162789840.00
2014/10/27,9.15,9.15,8.76,8.95,10511654,190220688.00
2014/10/28,8.95,9.05,8.83,9.04,16796776,303956640.00
2014/10/29,9.05,9.07,8.89,8.99,17269621,313984768.00
2014/10/30,9.05,9.37,9.01,9.31,21299263,395270752.00
2014/10/31,9.27,9.34,9.12,9.23,12876665,239517648.00
2014/11/03,9.29,9.43,9.17,9.25,15042553,281080992.00
2014/11/04,9.31,9.31,8.92,9.03,16453644,301794976.00
2014/11/05,9.02,9.07,8.91,8.97,10328309,188032640.00
2014/11/06,9.00,9.17,8.99,9.07,8983606,165093152.00
2014/11/07,9.14,9.17,8.87,8.91,14120249,257593408.00
2014/11/10,9.03,9.15,8.87,9.15,13007565,237933760.00
2014/11/11,9.16,9.21,8.87,8.97,17485960,318032416.00
2014/11/12,8.95,9.03,8.87,9.01,8772778,159268640.00
2014/11/13,8.97,9.07,8.87,9.01,9564914,174083280.00
2014/11/14,8.97,9.21,8.91,9.20,15041008,277280384.00
2014/11/17,10.43,10.43,9.45,9.55,43380104,839897280.00
2014/11/18,9.57,9.65,9.31,9.47,16348385,309893696.00
2014/11/19,9.45,9.45,9.31,9.33,11012163,206771952.00
2014/11/28,9.73,9.98,9.16,9.28,60312157,1146038272.00
2014/12/01,9.31,9.34,8.95,9.01,34219854,626659200.00
2014/12/02,9.09,9.30,8.93,9.23,29408705,540262912.00
2014/12/03,9.25,9.69,9.12,9.59,43089278,815418816.00
2014/12/04,9.78,10.17,9.75,10.06,39626950,781967616.00
2014/12/05,10.23,10.65,9.63,10.51,53082950,1068614208.00
2014/12/08,10.43,10.97,10.11,10.89,40288462,841267328.00
2014/12/09,10.90,12.19,10.63,10.82,45138843,981241152.00
2014/12/10,10.97,11.80,10.97,11.78,34832380,766357952.00
2014/12/11,11.63,12.17,11.23,11.44,28418152,633867392.00
2014/12/12,11.27,11.49,10.82,11.08,23637994,504361984.00
2014/12/15,11.11,11.57,10.99,11.54,20660093,447187232.00
2014/12/16,11.33,11.77,11.31,11.55,15004492,330460544.00
2014/12/17,11.54,11.61,11.11,11.27,18241216,396194816.00
2014/12/18,11.24,11.67,11.11,11.23,16719432,366539680.00
2014/12/19,11.17,11.27,10.70,11.09,16241039,345929920.00
2014/12/22,11.00,11.02,10.43,10.73,20396408,423020800.00
2014/12/23,10.77,11.09,10.62,10.66,10474873,221087168.00
2014/12/24,10.66,10.93,10.17,10.65,12881783,262738864.00
2014/12/25,10.93,10.93,10.51,10.81,8740314,181909472.00
2014/12/26,10.83,10.99,10.57,10.87,14615762,305983488.00
2014/12/29,10.91,11.02,10.26,10.51,25902110,536686496.00
2014/12/30,10.69,10.90,10.51,10.78,14536534,302797376.00
2014/12/31,10.94,11.82,10.87,11.72,31004030,677025024.00
2015/01/05,12.00,12.94,11.71,12.83,35576395,832407744.00
2015/01/06,12.57,13.75,12.49,12.65,27521007,667299776.00
2015/01/07,12.75,13.50,12.65,13.01,24530610,596923776.00
2015/01/08,12.97,13.14,12.51,12.98,15379008,368904672.00
2015/01/09,12.99,13.42,12.71,13.17,20940771,511534176.00
2015/01/12,13.10,14.03,13.03,13.99,26337909,660365376.00
2015/01/13,13.90,14.63,13.71,14.17,21803979,568101184.00
2015/01/14,14.11,14.43,13.50,13.53,14363876,367948064.00
2015/01/15,13.44,13.63,13.24,13.56,11450105,284843360.00
2015/01/16,13.56,14.03,13.47,13.83,10107649,257491632.00
2015/01/19,13.36,13.56,12.50,12.60,17332040,419058304.00
2015/01/20,12.65,13.69,12.65,13.28,17606195,433916864.00
2015/01/21,13.43,13.93,13.28,13.80,10260658,259597200.00
2015/01/22,13.90,14.54,13.90,14.44,14712489,386311232.00
2015/01/23,14.45,14.79,14.03,14.19,12423100,326122784.00
2015/01/26,14.35,14.61,14.03,14.25,11027165,286993056.00
2015/01/27,14.42,15.04,14.25,15.03,22836552,614031552.00
2015/01/28,14.84,15.35,14.48,14.50,17553042,474560000.00
2015/01/29,14.25,14.47,14.07,14.26,5947183,155176560.00
2015/01/30,14.44,14.50,13.77,13.89,10782519,278078368.00
2015/02/02,13.53,13.80,13.41,13.67,8854366,222693200.00
2015/02/03,13.89,13.96,13.58,13.77,5769823,146335344.00
2015/02/04,13.89,14.50,13.85,14.11,10990154,287220288.00
2015/02/05,14.25,14.50,13.63,13.78,13557270,351359424.00
2015/02/06,13.83,13.91,12.92,13.49,10285407,257076288.00
2015/02/09,13.49,14.49,13.35,14.29,11638545,299488992.00
2015/02/10,14.29,14.42,14.17,14.31,7554723,197948400.00
2015/02/11,14.31,15.00,14.31,14.81,8471356,227230384.00
2015/02/12,14.87,14.97,14.38,14.51,6416429,170728176.00
2015/02/13,14.61,14.77,14.30,14.37,8953210,237562896.00
2015/02/16,14.22,15.01,14.22,15.00,11962907,321311744.00
2015/02/17,15.10,16.17,15.10,15.63,13341700,379510944.00
2015/02/25,15.63,15.83,15.04,15.13,10210895,282522272.00
2015/02/26,15.10,15.79,15.10,15.59,8474388,235988432.00
2015/02/27,15.55,15.75,15.27,15.38,6570814,183140672.00
2015/03/02,16.13,16.20,15.57,15.73,9956477,284204512.00
2015/03/03,15.70,15.70,14.82,14.92,13723156,377772032.00
2015/03/04,15.09,15.40,15.03,15.20,11325182,312716768.00
2015/03/05,14.85,15.17,14.71,14.86,15532518,419990880.00
2015/03/06,14.90,15.02,14.23,14.47,14175859,376483392.00
2015/03/09,14.39,14.73,14.13,14.65,16583073,435482528.00
2015/03/10,14.73,14.79,14.49,14.61,9523171,254585632.00
2015/03/11,14.90,15.19,14.73,15.09,11116420,303328192.00
2015/03/12,15.11,15.29,14.90,15.13,7057546,193905424.00
2015/03/13,15.13,15.21,14.84,14.96,7696692,210033184.00
2015/03/16,14.95,15.64,14.69,15.47,10874433,300716064.00
2015/03/17,15.57,15.63,15.24,15.37,11440572,317348608.00
2015/03/18,15.53,15.60,15.18,15.56,14582311,405381472.00
2015/03/19,15.58,16.10,15.58,15.97,17212252,493032640.00
2015/03/20,15.99,16.18,15.79,15.88,12675880,362061024.00
2015/03/23,15.90,16.16,15.50,16.04,15216729,434748672.00
2015/03/24,15.89,15.89,15.40,15.69,16915071,476669056.00
2015/03/25,15.51,15.97,15.43,15.77,13019144,368958080.00
2015/03/26,15.63,15.91,15.44,15.75,12427425,350726912.00
2015/03/27,15.80,15.87,15.39,15.57,11215703,314410112.00
2015/03/30,15.63,17.05,15.59,16.92,23095080,674087168.00
2015/03/31,17.85,18.17,16.50,16.61,28099864,861037824.00
2015/04/01,16.73,17.89,16.73,17.65,28566726,886929856.00
2015/04/02,17.94,18.07,17.43,18.00,19408881,608149504.00
2015/04/03,18.21,18.54,17.90,18.07,24296700,776310848.00
2015/04/07,18.35,18.35,17.79,18.07,25311445,803969664.00
2015/04/08,17.93,18.27,17.50,18.19,25616322,811777088.00
2015/04/09,18.01,18.10,17.30,17.80,18838770,586871616.00
2015/04/10,17.60,17.89,17.53,17.74,18359339,576482432.00
2015/04/13,17.74,17.79,17.30,17.69,21269686,659737408.00
2015/04/14,17.47,17.67,17.35,17.41,16107530,498367264.00
2015/04/15,17.48,17.70,17.37,17.39,14498793,449121600.00
2015/04/16,17.49,19.03,17.35,18.93,32436947,1038759360.00
2015/04/17,18.95,19.07,18.26,18.39,21584178,704049536.00
2015/04/20,18.35,18.35,17.70,17.72,19640404,620465920.00
2015/04/21,17.57,18.29,17.57,18.16,14963509,474835456.00
2015/04/22,18.36,18.73,18.09,18.49,18253416,592377216.00
2015/04/23,18.47,19.12,18.26,18.82,21737273,711207040.00
2015/04/24,18.57,18.75,18.02,18.34,21176113,683680128.00
2015/04/27,18.30,18.73,17.97,18.19,17196953,551912704.00
2015/04/28,17.95,18.09,17.21,17.23,23007739,712134144.00
2015/04/29,17.09,17.62,16.97,17.60,17137391,528100544.00
2015/04/30,17.81,17.85,17.17,17.25,17286457,531475104.00
2015/05/04,17.27,17.42,16.84,17.13,10948594,331644896.00
2015/05/05,17.02,17.07,16.23,16.38,17716597,524485344.00
2015/05/06,16.63,17.17,16.50,16.73,17702684,530844544.00
2015/05/07,16.73,17.09,16.43,16.61,10974723,327467168.00
2015/05/08,16.73,16.97,16.37,16.89,16318400,487305952.00
2015/05/11,16.96,17.17,16.50,17.15,20661163,619390464.00
2015/05/12,17.16,17.38,17.01,17.37,20128126,615230656.00
2015/05/13,17.37,17.55,17.04,17.18,21707752,665447936.00
2015/05/14,17.53,17.69,17.29,17.50,21052599,651216320.00
2015/05/15,18.10,18.83,17.71,18.52,32009393,1027291712.00
2015/05/18,18.61,19.00,17.83,17.91,26807815,860442432.00
2015/05/19,17.91,19.07,17.83,18.95,33342784,1086584960.00
2015/05/20,19.50,21.10,18.81,21.10,35763940,806131072.00
2015/05/21,20.47,21.07,20.10,20.49,52780586,1213782272.00
2015/05/22,20.89,20.89,20.10,20.50,39279913,900036288.00
2015/05/25,20.40,20.86,20.00,20.75,40901546,940231232.00
2015/05/26,20.78,22.18,20.40,22.00,58768732,1398242432.00
2015/05/27,21.98,21.98,21.12,21.42,35762361,857872512.00
2015/05/28,21.25,22.27,20.25,20.59,47444767,1127564800.00
2015/05/29,20.56,21.08,18.80,20.29,34631263,790990208.00
2015/06/01,20.29,21.60,20.18,21.27,29648119,698923520.00
2015/06/02,21.41,22.08,21.00,21.78,33081128,798578752.00
2015/06/03,21.83,21.95,20.88,21.21,25755462,612085056.00
2015/06/04,21.18,21.30,19.10,20.67,31018720,707354560.00
2015/06/05,20.72,21.35,20.40,20.91,32006360,749355200.00
2015/06/08,21.00,21.09,20.18,20.61,33213793,764096000.00
2015/06/09,20.81,20.90,20.27,20.57,31642500,730078080.00
2015/06/10,20.30,20.59,20.21,20.33,34182133,781879744.00
2015/06/11,20.40,20.46,19.80,19.93,36095200,812560128.00
2015/06/12,20.14,20.48,20.05,20.30,38685688,881235520.00
2015/06/15,20.40,21.28,20.26,20.90,57472089,1340429696.00
2015/06/16,20.80,20.80,19.37,19.68,37851788,848580864.00
2015/06/17,19.68,19.79,18.70,19.49,32170358,697639744.00
2015/06/18,19.46,20.00,18.99,19.40,26745038,588714240.00
2015/06/19,19.01,19.60,18.04,18.56,27057956,576643264.00
2015/06/23,18.56,19.22,17.30,19.21,29985818,629065280.00
2015/06/24,19.38,19.48,18.70,19.42,29216463,632722432.00
2015/06/25,19.43,19.47,17.89,18.06,26088967,554559744.00
2015/06/26,17.56,17.65,16.00,16.00,33465402,641527104.00
2015/06/29,16.48,16.94,14.16,16.72,54885789,1016029824.00
2015/06/30,16.21,18.12,16.12,18.05,37365956,738943168.00
2015/07/01,17.53,18.90,17.20,17.38,38778423,804503936.00
2015/07/02,17.35,18.00,16.00,17.48,33857197,667183040.00
2015/07/03,17.88,17.95,16.00,16.95,30575115,601162432.00
2015/07/06,18.60,18.73,16.00,17.63,42887800,855181120.00
2015/07/07,17.29,17.98,16.52,17.39,56340155,1126337792.00
2015/07/08,15.40,15.40,15.40,15.40,22922900,410319904.00
2015/07/09,15.40,17.19,13.61,17.19,90817810,1663843840.00
2015/07/10,16.91,19.15,16.69,18.88,80206854,1691374208.00
2015/07/13,18.85,19.85,17.86,18.69,73490813,1568604672.00
2015/07/14,18.00,18.62,17.50,17.55,42893467,874788288.00
2015/07/15,17.20,18.05,15.68,16.44,32651970,633815168.00
2015/07/16,16.44,17.18,15.78,16.82,25592675,490485248.00
2015/07/17,17.08,17.69,16.82,17.51,29857791,589749120.00
2015/07/20,17.52,17.89,17.19,17.40,21893189,438348640.00
2015/07/21,17.50,18.00,17.30,17.87,24405372,494906432.00
2015/07/22,17.67,18.06,16.84,17.27,25533094,507163456.00
2015/07/23,17.20,17.66,16.86,17.57,28609320,568019072.00
2015/07/24,17.70,17.85,17.13,17.22,22476737,451043648.00
2015/07/27,16.90,17.05,15.62,15.91,31477527,598157760.00
2015/07/28,15.54,16.47,15.54,16.41,24499814,452195776.00
2015/07/29,16.41,17.01,16.22,16.99,16176266,309982528.00
2015/07/30,16.96,17.25,16.29,16.35,15467164,297223296.00
2015/07/31,15.97,16.96,15.97,16.86,10945282,207287472.00
2015/08/03,16.70,17.96,16.60,17.95,31319147,624560192.00
2015/08/04,18.00,19.10,18.00,18.89,51843059,1103679744.00
2015/08/05,18.63,19.35,18.30,18.42,31064956,660341248.00
2015/08/06,18.43,19.90,18.21,19.68,51411435,1130241792.00
2015/08/07,19.69,19.70,19.01,19.53,28576285,626265856.00
2015/08/10,19.44,20.50,19.20,20.18,31658922,707167616.00
2015/08/11,19.99,20.10,19.50,19.60,24059008,533827200.00
2015/08/12,19.30,19.70,18.66,18.71,23645655,509973728.00
2015/08/13,18.71,19.10,18.50,19.01,13876079,295725632.00
2015/08/14,19.15,19.15,18.56,18.67,16402055,349846208.00
2015/08/17,18.70,18.94,18.25,18.89,17742359,374208000.00
2015/08/18,18.88,19.41,17.01,17.53,26556543,561044736.00
2015/08/19,17.30,18.06,16.80,17.87,18513255,369649152.00
2015/08/20,17.70,17.70,17.10,17.15,13274521,263189632.00
2015/08/21,17.01,17.40,16.35,16.38,16546069,317478016.00
2015/08/24,15.50,16.10,14.49,14.61,40263132,696656576.00
2015/08/25,14.00,15.50,13.13,14.23,36514027,613260032.00
2015/08/26,14.70,15.55,12.65,15.28,28884294,502247552.00
2015/08/27,15.50,16.48,15.43,16.44,19449741,357057632.00
2015/08/28,16.52,17.20,16.10,16.70,18170949,345642880.00
2015/08/31,16.49,16.85,15.90,16.28,13066154,247308448.00
2015/09/01,16.00,16.26,15.10,15.44,12986619,236597888.00
2015/09/02,14.86,15.96,14.50,15.89,25090044,446617184.00
2015/09/07,15.89,16.23,14.95,15.03,18899376,341285664.00
2015/09/08,14.68,15.50,14.30,15.43,11527000,200964016.00
2015/09/09,15.40,16.52,15.33,16.15,22174226,413831520.00
2015/09/10,15.80,16.49,15.63,16.09,12614469,234546864.00
2015/09/11,16.00,16.29,15.70,15.89,10395100,192009440.00
2015/09/14,15.90,16.10,15.01,15.97,22931584,415592768.00
2015/09/15,15.67,15.67,15.10,15.42,10309057,184163328.00
2015/09/16,15.40,17.03,15.23,16.38,13843270,256050688.00
2015/09/17,16.10,17.15,16.02,16.06,20709708,396976928.00
2015/09/18,16.30,16.49,15.70,16.01,7234484,133850416.00
2015/09/21,15.93,16.49,15.80,16.35,10117816,190436112.00
2015/09/22,16.36,16.68,16.07,16.37,10196985,193435312.00
2015/09/23,16.00,16.72,15.66,15.70,17097637,318632192.00
2015/09/24,16.01,16.08,15.70,15.88,5600739,103135688.00
2015/09/25,15.83,15.98,15.31,15.56,6666900,120705576.00
2015/09/28,15.59,16.28,15.57,16.23,9803573,181375008.00
2015/09/29,16.07,16.07,15.55,15.86,8477941,154876480.00
2015/09/30,16.50,17.19,16.10,16.30,16036564,305751296.00
2015/10/08,17.32,17.32,16.03,16.56,31290207,599079680.00
2015/10/09,16.50,16.67,16.21,16.58,14801931,280492320.00
2015/10/12,16.70,17.60,16.65,17.30,24872907,490391264.00
2015/10/13,17.31,17.89,17.06,17.59,15540052,312686432.00
2015/10/14,17.55,17.86,17.25,17.50,13952244,280646016.00
2015/10/15,17.44,17.78,17.33,17.73,10771952,216813536.00
2015/10/16,18.22,18.30,17.58,17.82,20473525,418625760.00
2015/10/19,18.28,19.15,17.94,18.62,28632391,599720512.00
2015/10/20,18.66,19.16,18.06,18.76,21765478,458159584.00
2015/10/21,18.78,19.03,16.83,17.19,23129506,478029536.00
2015/10/22,17.48,18.22,17.40,18.09,15497830,315109984.00
2015/10/23,18.55,18.90,18.11,18.52,16071654,337660928.00
2015/10/26,19.10,19.48,18.66,19.14,26564743,573976320.00
2015/10/27,19.19,19.73,19.08,19.69,38360935,842452096.00
2015/10/28,19.77,20.00,19.29,19.40,19053561,421088064.00
2015/10/29,19.60,19.64,19.18,19.42,9682359,212029040.00
2015/10/30,19.57,19.78,19.15,19.42,14284486,314928096.00
2015/11/02,19.40,19.55,18.50,18.60,12636059,272573088.00
2015/11/03,18.61,19.02,18.30,18.61,16072089,341293728.00
2015/11/04,18.88,19.48,18.88,19.47,17536617,380410048.00
2015/11/05,19.19,20.12,19.19,19.46,27009853,598982272.00
2015/11/06,19.46,20.12,19.46,19.97,17160255,384706400.00
2015/11/09,20.00,20.65,19.70,19.75,28878899,652115328.00
2015/11/10,19.74,20.12,19.52,19.67,13882425,310386912.00
2015/11/11,19.91,19.96,19.53,19.81,14000852,311539904.00
2015/11/12,19.90,19.92,19.30,19.65,14762965,325427424.00
2015/11/13,19.40,20.23,19.28,19.91,25058882,561915008.00
2015/11/16,19.40,19.67,19.17,19.49,18860463,412349184.00
2015/11/17,19.49,19.80,19.10,19.13,21443592,470279424.00
2015/11/18,19.10,19.28,18.76,18.78,11200655,240817424.00
2015/11/19,18.79,19.08,18.62,19.06,13454014,287412832.00
2015/11/20,19.06,19.19,18.70,18.85,8626262,184811424.00
2015/11/23,18.85,19.10,18.68,18.76,8293580,177588544.00
2015/11/24,18.84,18.88,18.30,18.68,10276595,216163952.00
2015/11/25,18.59,18.99,18.36,18.87,9357887,198742656.00
2015/11/26,18.89,19.08,18.75,18.89,7853962,168268576.00
2015/11/27,18.89,18.89,18.00,18.09,11652938,243290240.00
2015/11/30,18.20,18.62,17.93,18.58,10898317,227267008.00
2015/12/01,18.57,18.75,18.50,18.67,6780822,143260320.00
2015/12/02,18.69,19.70,18.42,19.37,19759058,428757216.00
2015/12/03,19.40,19.41,18.96,19.21,13454705,290869312.00
2015/12/04,18.90,19.19,18.80,19.01,9770799,209923792.00
2015/12/07,19.02,19.16,18.86,19.01,8680335,186572848.00
2015/12/08,18.98,18.98,18.05,18.10,13279236,277107840.00
2015/12/09,18.12,18.45,18.07,18.27,9224589,191357648.00
2015/12/10,18.23,18.35,17.87,17.99,8652486,178674624.00
2015/12/11,17.97,18.16,17.81,18.12,6083070,124324424.00
2015/12/14,17.55,18.54,17.55,18.48,12375429,255865088.00
2015/12/15,18.60,18.87,18.38,18.83,18703189,395827840.00
2015/12/16,18.86,18.87,18.50,18.59,7255723,153372816.00
2015/12/17,18.62,18.95,18.58,18.80,9979720,212112080.00
2015/12/18,18.90,19.33,18.78,19.30,19529870,423248416.00
2015/12/21,19.33,20.48,19.33,20.24,27624571,626192896.00
2015/12/22,20.78,20.98,19.95,20.26,15508582,355809312.00
2015/12/23,20.33,20.35,19.84,19.88,12003020,269915264.00
2015/12/24,19.78,20.16,19.54,19.98,8332149,186498064.00
2015/12/25,20.03,20.16,19.81,19.99,5957600,134053568.00
2015/12/28,20.05,20.35,19.60,19.62,10175436,229305472.00
2015/12/29,19.60,19.98,19.56,19.88,6399521,142357840.00
2015/12/30,19.88,20.34,19.81,20.07,10145821,229107888.00
2015/12/31,20.05,20.30,19.97,19.99,9403409,212850080.00
2016/01/04,19.99,20.25,18.68,18.80,13066143,289984288.00
2016/01/05,18.88,19.38,18.27,18.73,19268191,410427456.00
2016/01/06,18.89,19.06,18.45,19.03,16087886,341252896.00
2016/01/07,18.60,18.69,17.31,17.43,3417000,69911072.00
2016/01/08,17.90,18.30,16.60,17.54,21011175,422615296.00
2016/01/11,17.50,17.50,16.21,16.24,21722754,419405696.00
2016/01/12,16.70,16.88,16.25,16.58,14040712,267791904.00
2016/01/13,16.97,17.03,16.39,16.44,8298239,159618224.00
2016/01/14,16.32,16.85,16.05,16.82,12968805,247070064.00
2016/01/15,16.79,16.97,16.10,16.36,8934236,169770480.00
2016/01/18,16.00,16.54,16.00,16.30,11185800,210906768.00
2016/01/19,16.26,16.86,16.11,16.75,13295387,252697568.00
2016/01/20,16.63,16.80,16.19,16.27,12181398,230513424.00
2016/01/21,16.17,16.38,15.52,15.67,15420488,285763904.00
2016/01/22,15.80,16.24,15.71,16.19,12712651,235400320.00
2016/01/25,16.21,16.35,16.11,16.32,11799778,221199840.00
2016/01/26,16.00,16.26,15.54,15.66,13003510,240743168.00
2016/01/27,15.68,15.90,15.31,15.79,12681953,230399776.00
2016/01/28,15.70,16.29,15.62,15.80,8927149,164712592.00
2016/01/29,15.80,16.30,15.62,16.18,13848491,255971840.00
2016/02/01,16.03,16.15,15.01,15.39,17443832,313483104.00
2016/02/02,15.70,16.30,15.70,16.21,13872858,258160016.00
2016/02/03,16.08,16.52,15.91,16.41,9832246,184590656.00
2016/02/04,16.50,16.96,16.43,16.72,11031217,213202064.00
2016/02/05,16.78,16.96,16.61,16.75,5515003,106456072.00
2016/02/15,16.30,17.26,16.22,17.15,10353835,200978320.00
2016/02/16,17.28,17.59,17.19,17.50,8423347,167952736.00
2016/02/17,17.40,17.77,16.98,17.33,9793105,193933376.00
2016/02/18,17.40,17.46,16.95,17.00,10408859,204426608.00
2016/02/19,17.05,17.08,16.68,16.88,8609395,166652512.00
2016/02/22,17.00,17.57,17.00,17.18,16663757,328881440.00
2016/02/23,17.35,17.35,16.57,16.83,14172422,273503360.00
2016/02/24,16.73,17.30,16.61,17.29,12085647,235029328.00
2016/02/25,17.29,17.56,16.24,16.36,20446105,397905024.00
2016/02/26,16.60,16.79,16.40,16.65,8801951,168175296.00
2016/02/29,16.76,16.76,15.46,16.40,13008783,240608688.00
2016/03/01,16.30,16.48,15.81,16.22,7696202,143470048.00
2016/03/02,16.23,17.22,16.23,17.16,18254065,353864544.00
2016/03/03,17.11,17.20,16.85,17.14,10352826,201775888.00
2016/03/04,17.00,17.49,16.88,17.32,20408104,402785056.00
2016/03/07,17.41,17.45,17.08,17.28,7493045,147948144.00
2016/03/08,17.27,17.39,16.59,17.31,7924137,153843216.00
2016/03/09,17.00,17.40,16.74,17.36,6601849,129553864.00
2016/03/10,17.18,17.35,16.75,16.83,6040496,117596440.00
2016/03/11,16.83,16.85,16.62,16.78,4764422,91490088.00
2016/03/14,16.85,17.36,16.85,17.00,9058112,178035744.00
2016/03/15,16.95,17.17,16.78,17.07,5620666,109450992.00
2016/03/16,17.07,17.31,16.90,17.30,14517084,285803520.00
2016/03/17,17.30,17.55,17.21,17.48,11272156,224644448.00
2016/03/18,17.60,17.83,17.37,17.58,15930773,320088736.00
2016/03/21,17.65,17.95,17.47,17.67,15048596,303632832.00
2016/03/22,17.71,18.10,17.66,17.84,13177025,268774464.00
2016/03/23,17.50,17.65,17.18,17.44,18077152,359350784.00
2016/03/24,17.30,17.79,17.05,17.27,12376441,245778672.00
2016/03/25,17.09,17.28,17.01,17.24,7596035,149401424.00
2016/03/28,17.26,17.52,17.06,17.10,7586383,150190976.00
2016/03/29,17.00,17.19,16.79,16.87,10632511,207123632.00
2016/03/30,16.96,17.15,16.50,16.95,28224601,545869376.00
2016/03/31,17.02,17.21,16.82,16.88,21421493,417420160.00
2016/04/01,16.90,16.96,16.61,16.90,15778822,304202336.00
2016/04/05,18.00,18.27,17.66,17.83,54782962,1119664640.00
2016/04/06,17.99,18.29,17.87,18.23,44939776,925992512.00
2016/04/07,18.30,18.47,17.88,17.93,37459387,771998912.00
2016/04/08,17.81,18.08,17.50,17.70,30912648,627559424.00
2016/04/11,17.85,17.97,17.68,17.82,31332409,636802816.00
2016/04/12,17.79,17.94,17.45,17.50,29534329,593416320.00
2016/04/13,17.57,17.95,17.55,17.64,38571313,781825216.00
2016/04/14,17.66,17.68,17.46,17.60,21243521,425711584.00
2016/04/15,17.60,17.64,17.50,17.59,17717665,355256704.00
2016/04/18,17.55,17.58,17.32,17.48,17648701,351947936.00
2016/04/19,17.50,17.64,17.47,17.60,13814174,277003328.00
2016/04/20,17.62,17.62,16.55,17.26,25379982,498024192.00
2016/04/21,17.11,17.29,16.99,17.09,10100123,198397504.00
2016/04/22,17.03,17.39,16.98,17.38,12394860,244427616.00
2016/04/25,17.36,17.76,17.30,17.70,17105752,343053760.00
2016/04/26,17.70,17.70,17.51,17.65,11289672,226565808.00
2016/04/27,17.68,17.93,17.63,17.66,16668106,338550912.00
2016/04/28,17.63,17.83,17.56,17.77,15593733,315348384.00
2016/04/29,17.78,18.12,17.66,18.01,23612405,483759264.00
2016/05/03,17.90,18.34,17.74,18.25,26886592,555472128.00
2016/05/04,18.26,18.27,18.01,18.14,11339833,234095728.00
2016/05/05,18.25,18.80,18.15,18.38,25220646,531161312.00
2016/05/06,18.50,18.59,18.17,18.38,23686641,494619328.00
2016/05/09,18.21,18.46,17.91,18.26,15476640,320051296.00
2016/05/10,18.02,18.25,17.70,17.88,11599768,238045856.00
2016/05/11,18.09,18.55,17.95,18.38,20689026,430901184.00
2016/05/12,18.11,18.97,18.06,18.96,22706114,480394848.00
2016/05/13,19.30,19.40,18.77,18.92,19864402,427790336.00
2016/05/16,18.84,19.20,18.65,19.12,13748195,296588800.00
2016/05/17,19.10,19.26,19.08,19.10,11634861,252106880.00
2016/05/18,19.00,19.16,18.73,19.15,12003114,257435168.00
2016/05/19,19.17,19.55,19.11,19.33,20222266,441338112.00
2016/05/20,19.18,19.33,18.92,19.31,26029792,563253568.00
2016/05/23,18.85,18.89,18.11,18.57,23974795,469810272.00
2016/05/24,18.69,18.73,18.30,18.31,11925452,232034208.00
2016/05/25,18.39,18.43,18.10,18.12,10049640,193751488.00
2016/05/26,18.17,18.17,17.70,18.11,9200540,174138064.00
2016/05/27,18.00,18.22,17.96,18.14,5885199,112615136.00
2016/05/30,18.11,18.34,18.04,18.19,6356869,122312760.00
2016/05/31,18.38,18.66,18.29,18.60,12381677,241744528.00
2016/06/01,18.80,18.83,18.47,18.49,8380636,164415840.00
2016/06/02,18.50,18.65,18.36,18.45,7259560,141102560.00
2016/06/03,18.44,18.70,18.40,18.59,10884008,213042000.00
2016/06/06,18.70,18.96,18.59,18.74,11789659,233659280.00
2016/06/07,18.83,18.85,18.50,18.76,8601521,169394608.00
2016/06/08,18.73,18.94,18.60,18.79,8519602,168584032.00
2016/06/13,18.70,18.95,18.47,18.49,11111940,220053632.00
2016/06/14,18.45,18.55,18.17,18.26,8271826,159575168.00
2016/06/15,18.14,18.82,18.01,18.67,10889415,213618960.00
2016/06/16,18.70,19.43,18.67,19.04,19534669,393548032.00
2016/06/17,19.04,19.32,18.92,19.18,7432741,150027536.00
2016/06/20,19.17,19.25,18.92,19.18,6304721,126508768.00
2016/06/21,19.24,19.49,19.05,19.09,8950129,181516624.00
2016/06/22,19.02,19.13,18.90,19.00,7075224,141358800.00
2016/06/23,18.96,18.96,18.72,18.94,5514521,109423256.00
2016/06/24,18.78,18.93,18.49,18.71,8255620,162904272.00
2016/06/27,18.50,18.89,18.50,18.79,9873218,194705936.00
2016/06/28,18.75,18.90,18.63,18.81,5803203,114883840.00
2016/06/29,18.91,19.06,18.76,18.83,7510067,149848912.00
2016/06/30,18.88,18.95,18.72,18.80,6037799,119670384.00
2016/07/01,18.80,19.04,18.80,18.93,4983979,99441776.00
2016/07/04,19.00,19.21,18.90,19.17,11077724,222949536.00
2016/07/05,19.30,19.75,19.29,19.53,21148882,435280352.00
2016/07/06,19.52,19.54,19.26,19.45,9206526,187906016.00
2016/07/07,19.45,19.64,19.34,19.49,10236509,209575536.00
2016/07/08,19.47,19.58,19.39,19.40,5023685,102805360.00
2016/07/11,19.47,19.88,19.42,19.76,11939511,246747760.00
2016/07/12,19.74,20.22,19.54,20.14,18213798,380967104.00
2016/07/13,20.21,20.98,20.21,20.56,24249218,525576352.00
2016/07/14,20.50,20.72,20.35,20.52,5211647,112069632.00
2016/07/15,20.52,20.92,20.45,20.88,12612969,274673408.00
2016/07/18,20.88,21.12,20.88,20.98,11025247,242937040.00
2016/07/19,20.99,21.00,20.48,20.56,8683619,188096432.00
2016/07/20,20.57,20.67,20.38,20.60,7456886,160736896.00
2016/07/21,20.62,21.36,20.61,20.99,13048407,287256416.00
2016/07/22,21.03,21.20,20.49,20.55,7462536,162073536.00
2016/07/25,20.50,20.99,20.10,20.75,8131905,176336000.00
2016/07/26,20.74,21.19,20.66,20.99,7674830,168949776.00
2016/07/27,20.93,21.61,20.62,21.16,16569756,367411744.00
2016/07/28,21.00,22.40,20.93,22.28,28200187,648854976.00
2016/07/29,22.19,22.98,21.95,21.97,25671526,602302912.00
2016/08/01,21.95,22.40,21.70,21.89,14273344,328615680.00
2016/08/02,21.81,21.90,21.41,21.83,8291067,187737424.00
2016/08/03,21.80,22.19,21.60,22.01,8745298,201204800.00
2016/08/04,22.07,22.16,21.60,21.69,10962000,249794432.00
2016/08/05,21.25,21.25,20.30,20.41,38919403,843850304.00
2016/08/08,20.41,20.65,20.21,20.65,10088091,217120704.00
2016/08/09,20.52,20.99,20.50,20.91,11070661,240559040.00
2016/08/10,20.88,21.05,20.55,20.64,9511572,206858016.00
2016/08/11,20.53,20.79,20.50,20.62,5352673,115795200.00
2016/08/12,20.51,20.96,20.48,20.77,9179104,198973392.00
2016/08/15,20.78,21.68,20.77,21.46,17105318,382990592.00
2016/08/16,21.50,21.85,21.18,21.33,12644860,283738208.00
2016/08/17,21.35,21.67,21.30,21.35,6472848,145601056.00
2016/08/18,21.37,21.57,21.06,21.17,5543197,123156712.00
2016/08/19,21.26,21.44,20.95,21.05,8191833,181366288.00
2016/08/22,21.00,21.15,20.53,20.76,12340893,268261984.00
2016/08/23,21.00,21.00,20.60,20.95,10004709,218555264.00
2016/08/24,20.88,21.00,20.80,20.94,6290278,137759440.00
2016/08/25,20.85,20.90,20.50,20.88,8061203,174726496.00
2016/08/26,20.98,21.05,20.87,20.88,7199023,158067120.00
2016/08/29,20.96,20.96,20.62,20.67,6665042,144816544.00
2016/08/30,20.65,20.75,20.60,20.69,5306780,114996728.00
2016/08/31,20.70,20.78,20.55,20.63,5106019,110552960.00
2016/09/01,20.68,20.75,20.53,20.64,4058922,87778296.00
2016/09/02,20.68,21.02,20.60,21.00,10187332,221738080.00
2016/09/05,21.00,21.09,20.71,20.80,5935703,129630200.00
2016/09/06,20.81,21.54,20.81,21.35,11163240,247855376.00
2016/09/07,21.30,21.42,21.06,21.12,6022884,133856512.00
2016/09/08,21.18,21.19,20.97,21.07,4687381,103633776.00
2016/09/09,21.20,21.74,21.20,21.21,12260142,275924000.00
2016/09/12,20.93,21.09,20.52,21.07,11842655,257777968.00
2016/09/13,21.00,21.00,20.70,20.92,3509236,76592120.00
2016/09/14,20.75,21.20,20.70,20.85,4729575,103818024.00
2016/09/19,21.08,21.26,20.87,21.19,6485929,143804480.00
2016/09/20,21.20,21.41,21.11,21.39,4932364,110015776.00
2016/09/21,21.44,21.58,21.19,21.25,3796268,84747744.00
2016/09/22,21.39,21.66,21.29,21.45,6006309,135051840.00
2016/09/23,21.51,21.51,21.09,21.17,6832563,151790464.00
2016/09/26,21.05,21.18,20.88,20.89,4795476,105691272.00
2016/09/27,20.80,21.09,20.78,20.96,4130580,90486816.00
2016/09/28,21.10,21.11,20.85,20.94,3551002,77925608.00
2016/09/29,21.03,21.10,20.91,21.01,2790423,61455048.00
2016/09/30,20.95,21.10,20.90,21.06,2787607,61364664.00
2016/10/10,21.11,21.84,21.10,21.71,7471895,168205088.00
2016/10/11,21.66,21.68,21.36,21.54,6454430,145198368.00
2016/10/12,21.55,21.65,21.24,21.40,5753246,128618048.00
2016/10/13,21.39,21.43,21.18,21.33,6046739,134485856.00
2016/10/14,21.32,21.38,21.13,21.23,5173749,115064240.00
2016/10/17,21.22,21.29,21.10,21.25,6275632,139181088.00
2016/10/18,21.07,21.36,21.06,21.34,8006361,178249296.00
2016/10/19,21.31,21.31,21.13,21.18,5590901,124098936.00
2016/10/20,21.23,21.37,21.16,21.19,4600577,102234960.00
2016/10/21,21.19,21.26,21.01,21.11,4415793,97740152.00
2016/10/24,21.17,21.33,21.09,21.19,6676558,148101664.00
2016/10/25,21.29,21.40,21.20,21.33,8488287,189312512.00
2016/10/26,21.29,21.35,21.21,21.29,6558002,146121200.00
2016/10/27,21.26,21.31,21.02,21.07,6109001,135347392.00
2016/10/28,21.08,21.15,20.52,20.59,15796475,343015392.00
2016/10/31,20.60,20.66,20.40,20.55,8710954,187623520.00
2016/11/01,20.59,20.70,20.53,20.68,6942866,150055568.00
2016/11/02,20.65,20.67,20.41,20.43,7337633,157680848.00
2016/11/03,20.35,20.59,20.35,20.51,4231252,90962744.00
2016/11/04,20.50,20.64,20.42,20.48,4151333,89384136.00
2016/11/07,20.52,20.55,20.20,20.29,5797629,123793744.00
2016/11/08,20.34,20.40,20.01,20.12,10953040,231264608.00
2016/11/09,20.12,20.12,19.28,19.38,33761033,691139136.00
2016/11/10,19.45,19.50,19.26,19.44,16954619,345705248.00
2016/11/11,19.44,19.44,19.03,19.16,21523027,433151488.00
2016/11/14,19.14,19.26,19.07,19.20,15363875,309939872.00
2016/11/15,19.20,19.47,19.17,19.44,13949375,284310400.00
2016/11/16,19.50,19.58,19.33,19.47,11251817,230014704.00
2016/11/17,19.42,19.53,19.40,19.47,7599978,155567184.00
2016/11/18,19.46,19.58,19.33,19.35,8291263,169451056.00
2016/11/21,19.31,19.58,19.28,19.49,9662604,197803072.00
2016/11/22,19.48,19.50,19.40,19.48,8699157,177819360.00
2016/11/23,19.48,19.48,19.26,19.30,13634609,277313440.00
2016/11/24,19.28,19.84,19.27,19.56,25669981,528815136.00
2016/11/25,19.57,19.82,19.50,19.76,15100483,312728032.00
2016/11/28,19.79,20.08,19.76,19.81,16613430,347202976.00
2016/11/29,19.84,20.37,19.70,19.98,24041612,508384672.00
2016/11/30,19.98,20.08,19.82,20.05,16232998,339407296.00
2016/12/01,20.15,20.30,20.03,20.13,13862964,293241984.00
2016/12/02,20.05,20.14,19.65,19.94,14785435,308045440.00
2016/12/05,19.70,19.86,19.65,19.78,10575302,219331600.00
2016/12/06,19.80,19.86,19.70,19.72,5507488,114420200.00
2016/12/07,19.73,19.84,19.67,19.70,9753098,202249568.00
2016/12/08,19.78,19.78,19.33,19.36,14698963,301878112.00
2016/12/09,19.36,19.58,19.32,19.47,7951800,162852512.00
2016/12/12,19.47,19.56,19.02,19.41,17612900,356867296.00
2016/12/13,19.38,19.55,19.22,19.29,9644362,195931120.00
2016/12/14,19.32,19.35,18.35,18.44,22520988,444153536.00
2016/12/15,18.44,18.44,18.15,18.26,10291805,198143200.00
2016/12/16,18.15,18.46,18.15,18.43,7513079,145247984.00
2016/12/19,18.84,18.98,18.47,18.56,11994086,235969888.00
2016/12/20,18.60,18.70,18.32,18.47,7366924,142962128.00
2016/12/21,18.53,18.59,18.43,18.56,6026412,117628424.00
2016/12/22,18.71,18.95,18.48,18.75,10000224,197240608.00
2016/12/23,18.73,18.73,18.20,18.49,8886486,172597328.00
2016/12/26,18.35,18.56,18.20,18.53,6978327,134914208.00
2016/12/27,18.45,18.58,18.44,18.45,5306536,103526224.00
2016/12/28,18.52,18.66,18.44,18.49,7370099,143733360.00
2016/12/29,18.49,18.55,18.40,18.45,6392898,124442632.00
2016/12/30,18.46,18.60,18.44,18.59,8346833,162991808.00
2017/01/03,18.63,18.68,18.40,18.47,13854077,270128288.00
2017/01/04,18.48,18.57,18.35,18.53,18445232,359024672.00
2017/01/05,18.57,18.60,18.49,18.57,10962449,214195376.00
2017/01/06,18.59,18.62,18.50,18.55,11824156,231104544.00
2017/01/09,18.50,18.55,18.41,18.46,10417308,202632144.00
2017/01/10,18.41,18.47,18.37,18.39,8419402,163283888.00
2017/01/11,18.39,18.43,18.35,18.37,6726024,130365408.00
2017/01/12,18.36,18.40,18.17,18.18,8481757,163607392.00
2017/01/13,18.19,18.29,18.04,18.26,9787546,187723968.00
2017/01/16,18.27,18.65,18.15,18.61,19786825,384643840.00
2017/01/17,18.64,18.66,18.45,18.59,7748823,151465744.00
2017/01/18,18.57,18.79,18.49,18.66,11142696,218931616.00
2017/01/19,18.62,18.79,18.50,18.58,8724544,171218032.00
2017/01/20,18.56,18.85,18.56,18.82,8568648,169389824.00
2017/01/23,18.81,18.96,18.75,18.96,8890694,176889120.00
2017/01/24,18.97,19.41,18.95,19.23,15419259,311261824.00
2017/01/25,19.27,19.45,19.20,19.42,10663413,217189568.00
2017/01/26,19.42,19.45,19.18,19.26,9202396,186806080.00
2017/02/03,19.26,19.35,19.11,19.20,4371068,88268064.00
2017/02/06,19.15,19.52,19.11,19.46,8698327,177579584.00
2017/02/07,19.22,19.47,19.08,19.13,13603336,275116000.00
2017/02/08,19.13,19.15,18.77,18.92,12721624,252935696.00
2017/02/09,18.91,19.07,18.86,19.03,9121035,182102208.00
2017/02/10,18.99,19.12,18.93,19.00,10040774,201142496.00
2017/02/13,18.96,19.18,18.96,19.03,10860685,218035408.00
2017/02/14,19.06,19.13,18.81,18.85,12508530,249427984.00
2017/02/15,18.84,18.85,18.52,18.56,16979325,334388512.00
2017/02/16,18.53,18.63,18.51,18.58,10324287,201972608.00
2017/02/17,18.59,18.83,18.55,18.78,12249306,241272832.00
2017/02/20,18.93,19.35,18.93,19.31,28174542,569936768.00
2017/02/21,19.33,19.43,19.20,19.31,14536626,295115360.00
2017/02/22,19.36,19.43,19.26,19.42,12785785,260370160.00
2017/02/23,19.46,19.48,19.26,19.36,9174889,186593856.00
2017/02/24,19.36,19.36,19.07,19.18,11971315,241111040.00
2017/02/27,19.19,19.43,19.15,19.18,10773865,218725984.00
2017/02/28,19.19,19.38,19.17,19.31,7568131,153502912.00
2017/03/01,19.30,19.68,19.23,19.56,17506350,358955104.00
2017/03/02,19.70,19.70,19.45,19.46,11668250,239779664.00
2017/03/03,19.51,19.82,19.38,19.75,19187473,396634240.00
2017/03/06,19.61,20.05,19.57,19.99,23238854,485537280.00
2017/03/07,19.85,20.07,19.85,20.03,13375992,280723968.00
2017/03/08,20.03,20.03,19.63,19.66,11902799,246903744.00
2017/03/09,19.66,19.66,19.30,19.41,10740890,219687664.00
2017/03/10,19.45,19.69,19.40,19.59,13336823,273992000.00
2017/03/13,19.52,19.94,19.52,19.90,14525944,302534304.00
2017/03/14,19.80,19.99,19.71,19.89,8599588,179128512.00
2017/03/15,19.73,19.98,19.73,19.87,7157654,149325840.00
2017/03/16,19.88,20.05,19.80,19.87,8888119,185505232.00
2017/03/17,19.89,19.95,19.48,19.59,12642880,260887360.00
2017/03/20,19.61,19.85,19.51,19.64,8796495,181681760.00
2017/03/21,19.66,19.87,19.60,19.86,10285722,213605888.00
2017/03/22,19.82,20.16,19.77,20.07,23137624,485797824.00
2017/03/23,20.10,20.60,20.10,20.40,26886878,575904832.00
2017/03/24,20.44,20.88,20.42,20.50,24409910,528571072.00
2017/03/27,20.59,20.88,20.50,20.52,18920691,410413088.00
2017/03/28,20.42,20.42,19.89,20.12,21246246,448440448.00
2017/03/29,20.14,20.27,19.94,20.08,13458741,284043072.00
2017/03/30,20.02,20.24,19.96,20.14,9874628,208484128.00
2017/03/31,20.19,20.51,20.06,20.48,16322556,348679104.00
2017/04/05,20.51,20.77,20.40,20.69,18664122,403566720.00
2017/04/06,20.69,20.70,20.47,20.62,12509299,269826592.00
2017/04/07,20.62,20.72,20.50,20.56,11956425,258726560.00
2017/04/10,20.55,20.62,20.37,20.44,9794008,210522848.00
2017/04/11,20.42,20.52,20.13,20.49,12924229,275071584.00
2017/04/12,20.53,20.53,20.18,20.37,9329333,198728480.00
2017/04/13,20.34,20.43,20.25,20.39,7000570,149508032.00
2017/04/14,20.40,20.44,20.12,20.21,7578228,160905008.00
2017/04/17,20.19,20.35,20.06,20.29,6653946,141269632.00
2017/04/18,20.29,20.65,20.21,20.48,12387588,266494896.00
2017/04/19,20.48,20.64,20.38,20.48,12202281,262523952.00
2017/04/20,20.35,20.35,19.22,19.41,47007018,969937856.00
2017/04/21,19.11,19.64,18.85,19.59,19331783,391372960.00
2017/04/24,19.40,19.67,19.12,19.64,17097598,348905888.00
2017/04/25,19.60,19.68,19.45,19.50,6948655,142861536.00
2017/04/26,19.60,19.65,19.36,19.43,11006995,225104288.00
2017/04/27,19.43,19.53,19.29,19.40,7641968,155721392.00
2017/04/28,19.36,19.41,18.94,19.14,11302976,226951408.00
2017/05/02,18.96,19.07,18.90,18.94,7764608,154914336.00
2017/05/03,18.90,19.05,18.81,18.92,6658663,132887264.00
2017/05/04,18.97,19.00,18.82,18.90,7928574,157781424.00
2017/05/05,18.43,18.80,17.68,18.70,26098729,502893472.00
2017/05/08,18.48,18.81,18.20,18.79,17351316,339079264.00
2017/05/09,18.59,18.60,18.20,18.23,11019907,213152256.00
2017/05/10,18.23,18.37,18.00,18.21,12107012,232390240.00
2017/05/11,18.17,18.60,18.02,18.45,9471154,183179904.00
2017/05/12,18.43,18.58,18.22,18.35,5435084,105503552.00
2017/05/15,18.36,18.86,18.34,18.78,8549627,168241712.00
2017/05/16,18.82,18.92,18.70,18.92,6228431,123274264.00
2017/05/17,18.93,19.00,18.74,18.81,5397012,107247504.00
2017/05/18,18.70,18.70,18.40,18.59,7730304,151105472.00
2017/05/19,18.45,18.59,18.33,18.41,8101494,157177552.00
2017/05/22,18.39,18.62,18.22,18.59,10648275,206337776.00
2017/05/23,18.49,19.00,18.42,18.95,14150152,280368096.00
2017/05/24,18.95,19.07,18.75,19.05,7653772,152418160.00
2017/05/25,19.00,19.06,18.75,18.94,7570754,150646512.00
2017/05/26,18.94,19.25,18.85,19.10,9696359,194749616.00
2017/05/31,19.12,19.45,19.12,19.39,7993600,162016720.00
2017/06/01,19.39,19.70,19.31,19.66,13483471,277311808.00
2017/06/02,19.52,19.71,19.38,19.51,9535460,195859264.00
2017/06/05,19.50,19.70,19.42,19.53,7275988,149920336.00
2017/06/06,19.59,19.81,19.52,19.80,9382503,194060624.00
2017/06/07,19.60,20.23,19.55,20.22,21054594,442000544.00
2017/06/08,20.21,20.62,20.08,20.51,15121881,325214720.00
2017/06/09,20.50,20.99,20.50,20.67,14255196,310286496.00
2017/06/12,20.75,22.06,20.75,21.87,39772714,902581760.00
2017/06/13,21.94,22.08,21.70,22.05,28141928,646345664.00
2017/06/14,22.15,22.17,21.46,21.88,24073825,528668320.00
2017/06/15,21.88,21.98,21.00,21.26,18092492,387413664.00
2017/06/16,21.26,21.28,20.92,21.05,10883363,229261760.00
2017/06/19,21.05,21.54,21.05,21.28,12099490,257677760.00
2017/06/20,21.40,21.45,20.66,20.88,15795369,330355744.00
2017/06/21,21.08,21.31,20.68,21.28,15844905,332630016.00
2017/06/22,21.33,21.47,21.17,21.38,13426106,286337984.00
2017/06/23,21.25,21.47,21.03,21.43,12800439,272586240.00
2017/06/26,21.50,22.42,21.50,21.91,24723888,544745664.00
2017/06/27,22.00,22.07,21.72,21.85,13664231,299143456.00
2017/06/28,21.60,22.04,21.52,21.55,11657977,253468080.00
2017/06/29,21.68,21.87,21.50,21.86,6462400,139895088.00
2017/06/30,21.80,22.06,21.56,21.97,7366948,161291376.00
2017/07/03,22.20,22.25,21.88,22.07,8469411,187307632.00
2017/07/04,22.06,22.13,21.67,21.97,7688516,168534640.00
2017/07/05,21.75,21.85,21.63,21.76,9606652,208978496.00
2017/07/06,21.77,22.09,21.75,21.95,13108125,287868096.00
2017/07/07,21.83,22.22,21.83,22.06,11219305,247325344.00
2017/07/10,22.14,22.29,21.74,22.06,7923221,174314208.00
2017/07/11,22.00,22.10,21.76,21.84,9245801,202671072.00
2017/07/12,21.84,22.00,21.31,21.47,11492785,248324384.00
2017/07/13,21.46,21.56,21.23,21.30,10191078,217631392.00
2017/07/14,21.30,21.74,21.28,21.68,6705221,144268512.00
2017/07/17,21.58,21.88,21.16,21.68,12088812,259813040.00
2017/07/18,21.66,22.04,21.54,21.82,11644877,253920160.00
2017/07/19,21.81,21.88,21.40,21.54,16065476,347130624.00
2017/07/20,21.50,22.19,21.33,22.16,20271407,444528384.00
2017/07/21,22.15,23.20,22.02,23.08,28305033,646226240.00
2017/07/24,23.01,23.09,22.63,22.79,10618104,243026656.00
2017/07/25,22.78,23.05,22.53,22.64,10846163,247103824.00
2017/07/26,22.74,22.80,22.18,22.58,10964631,246843328.00
2017/07/27,22.45,22.67,22.26,22.59,9549241,214118304.00
2017/07/28,22.57,22.57,22.10,22.13,7323100,162668208.00
2017/08/02,22.24,22.24,22.24,22.24,0,0.00
数据来源:通达信
