600130 波导股份 日线 前复权
      日期	    开盘	    最高	    最低	    收盘	    成交量	    成交额
2010/10/08,5.12,5.16,5.02,5.13,13705650,69829720.00
2010/10/11,5.11,5.14,5.04,5.09,14091091,71536952.00
2010/10/12,5.05,5.11,4.92,4.95,18267994,91264968.00
2010/10/13,4.93,5.02,4.90,4.97,11788350,58443304.00
2010/10/14,4.97,4.97,4.72,4.72,21677524,104322152.00
2010/10/15,4.71,4.79,4.59,4.75,16771879,78639704.00
2010/10/18,4.71,4.73,4.59,4.66,13030225,60424624.00
2010/10/19,4.61,4.79,4.61,4.77,9186206,43502008.00
2010/10/20,4.71,4.82,4.67,4.76,10427607,49557028.00
2010/10/21,4.76,4.78,4.68,4.71,7809577,36949644.00
2010/10/22,4.72,4.79,4.70,4.76,7175107,34109484.00
2010/10/25,4.80,4.88,4.76,4.84,12775866,61695896.00
2010/10/26,4.85,4.88,4.72,4.80,11416718,54611836.00
2010/10/27,4.77,4.86,4.75,4.81,10118652,48690240.00
2010/10/28,4.77,4.87,4.76,4.80,9213189,44251976.00
2010/10/29,4.79,4.82,4.72,4.75,8589499,40880128.00
2010/11/01,4.77,4.81,4.73,4.78,14329316,68388976.00
2010/11/02,4.78,5.02,4.74,5.02,31023709,152096240.00
2010/11/03,5.08,5.08,4.91,4.92,22096514,110524840.00
2010/11/04,4.92,5.11,4.92,5.03,15749004,78810960.00
2010/11/05,5.03,5.08,5.00,5.02,12985277,65377936.00
2010/11/08,5.02,5.10,5.00,5.09,16098947,81512680.00
2010/11/09,5.08,5.20,5.06,5.14,16456530,84581888.00
2010/11/10,5.12,5.13,4.98,5.02,18687761,94040296.00
2010/11/11,5.00,5.27,4.97,5.11,25214861,129108304.00
2010/11/12,5.06,5.25,4.85,4.86,28048802,141753888.00
2010/11/15,4.85,4.92,4.77,4.89,10673829,51862416.00
2010/11/16,4.89,4.90,4.65,4.68,12028721,57398124.00
2010/11/17,4.63,4.68,4.45,4.49,10486562,48092128.00
2010/11/18,4.51,4.55,4.43,4.51,6157025,27747192.00
2010/11/19,4.54,4.67,4.49,4.65,11042007,50265504.00
2010/11/22,4.58,4.80,4.58,4.75,10355993,48857288.00
2010/11/23,4.70,4.70,4.51,4.60,8370587,38270212.00
2010/11/24,4.56,4.64,4.54,4.63,5483156,25244604.00
2010/11/25,4.63,4.71,4.61,4.67,6525044,30456048.00
2010/11/26,4.65,4.67,4.58,4.63,6584020,30455096.00
2010/11/29,4.62,4.78,4.56,4.69,7509738,35135336.00
2010/11/30,4.69,4.74,4.46,4.48,9260595,42131476.00
2010/12/01,4.49,4.57,4.47,4.55,4958096,22421164.00
2010/12/02,4.58,4.64,4.52,4.57,4687713,21415984.00
2010/12/03,4.56,4.58,4.45,4.55,5048296,22836182.00
2010/12/06,4.58,4.58,4.43,4.48,3981869,17886028.00
2010/12/07,4.46,4.50,4.35,4.48,4466144,19805076.00
2010/12/08,4.48,4.55,4.43,4.48,3805336,17087910.00
2010/12/09,4.45,4.47,4.32,4.34,4598178,20281808.00
2010/12/10,4.35,4.42,4.35,4.41,3165028,13889744.00
2010/12/13,4.41,4.58,4.41,4.51,6729576,30335432.00
2010/12/14,4.55,4.60,4.50,4.51,5902612,26820772.00
2010/12/15,4.52,4.61,4.48,4.57,6681320,30417276.00
2010/12/16,4.55,4.60,4.51,4.54,3191084,14515974.00
2010/12/17,4.53,4.55,4.50,4.51,3367160,15192410.00
2010/12/20,4.55,4.59,4.36,4.46,5502509,24673616.00
2010/12/21,4.46,4.51,4.43,4.50,3574685,16000764.00
2010/12/22,4.50,4.51,4.45,4.46,3782532,16933900.00
2010/12/23,4.45,4.47,4.37,4.39,4163232,18431296.00
2010/12/24,4.39,4.39,4.27,4.29,5107463,22028328.00
2010/12/27,4.30,4.35,4.13,4.14,4432302,18888772.00
2010/12/28,4.13,4.16,4.05,4.07,5725126,23427504.00
2010/12/29,4.07,4.15,4.06,4.13,2948522,12110463.00
2010/12/30,4.13,4.20,4.10,4.17,3586476,14882492.00
2010/12/31,4.17,4.21,4.14,4.18,4585074,19118276.00
2011/01/04,4.20,4.27,4.15,4.23,5007813,21108420.00
2011/01/05,4.22,4.25,4.19,4.23,3102379,13095940.00
2011/01/06,4.23,4.34,4.19,4.28,4451799,19033896.00
2011/01/07,4.27,4.39,4.24,4.30,5506650,23806454.00
2011/01/10,4.30,4.38,4.24,4.31,4069303,17614836.00
2011/01/11,4.31,4.34,4.21,4.29,3496335,14918586.00
2011/01/12,4.30,4.42,4.29,4.42,4839207,21193164.00
2011/01/13,4.43,4.46,4.37,4.40,3782801,16685563.00
2011/01/14,4.38,4.40,4.30,4.33,2698749,11720985.00
2011/01/17,4.32,4.55,4.29,4.40,10600525,47142696.00
2011/01/18,4.40,4.42,4.28,4.36,4136767,18024460.00
2011/01/19,4.39,4.44,4.37,4.42,3648739,16103155.00
2011/01/20,4.42,4.50,4.35,4.37,4737646,20959280.00
2011/01/21,4.35,4.42,4.33,4.39,3995551,17506644.00
2011/01/24,4.41,4.41,4.20,4.24,5742183,24593188.00
2011/01/25,4.23,4.25,4.17,4.20,2646677,11150360.00
2011/01/26,4.19,4.23,4.17,4.21,1979659,8330191.00
2011/01/27,4.22,4.26,4.17,4.25,3153889,13355519.00
2011/01/28,4.25,4.27,4.22,4.27,2778285,11797572.00
2011/01/31,4.26,4.39,4.26,4.34,3691000,16040252.00
2011/02/01,4.34,4.42,4.31,4.42,2836170,12427778.00
2011/02/09,4.39,4.59,4.37,4.47,6563368,29510232.00
2011/02/10,4.46,4.54,4.46,4.52,3257976,14682928.00
2011/02/11,4.52,4.63,4.48,4.57,5957895,27079950.00
2011/02/14,4.57,4.60,4.53,4.57,5578887,25504724.00
2011/02/15,4.58,4.62,4.52,4.53,4590160,20982910.00
2011/02/16,4.52,4.58,4.51,4.55,5874740,26717460.00
2011/02/17,4.55,4.70,4.52,4.65,9596313,44240288.00
2011/02/18,4.64,4.68,4.58,4.58,6390303,29500706.00
2011/02/21,4.56,4.76,4.56,4.70,6801415,31926240.00
2011/02/22,4.73,4.74,4.60,4.61,6714625,31319736.00
2011/02/23,4.62,4.73,4.59,4.72,7644885,35740360.00
2011/02/24,4.70,4.78,4.65,4.70,5460397,25678340.00
2011/02/25,4.72,4.75,4.63,4.65,7068998,33131720.00
2011/02/28,4.73,4.85,4.70,4.73,9597347,45635856.00
2011/03/01,4.74,4.97,4.73,4.94,16437425,79390520.00
2011/03/02,4.90,4.97,4.81,4.91,12827192,62677476.00
2011/03/03,4.90,5.07,4.88,4.95,15158601,75756800.00
2011/03/04,4.94,5.09,4.94,5.06,11275988,56854028.00
2011/03/07,5.06,5.09,4.99,5.03,11429668,57423816.00
2011/03/08,5.03,5.05,4.96,4.99,9102592,45537056.00
2011/03/09,4.99,5.08,4.99,5.00,7161933,35986776.00
2011/03/10,5.01,5.12,4.94,5.06,13030500,65596784.00
2011/03/11,5.04,5.07,4.99,5.01,8498066,42741632.00
2011/03/14,5.00,5.08,4.89,5.04,11919608,59385312.00
2011/03/15,5.02,5.27,4.95,5.16,23322165,118927024.00
2011/03/16,5.11,5.17,5.08,5.15,12279392,62949904.00
2011/03/17,5.11,5.15,4.94,4.98,11438098,57900972.00
2011/03/18,5.01,5.08,4.97,5.00,11104364,55736796.00
2011/03/21,5.01,5.05,4.97,5.02,5832051,29191856.00
2011/03/22,5.04,5.24,4.97,5.21,16501360,84406520.00
2011/03/23,5.14,5.24,5.10,5.17,14829967,76521392.00
2011/03/24,5.17,5.27,5.15,5.22,12474117,65069184.00
2011/03/25,5.22,5.30,5.19,5.27,11041382,58093956.00
2011/03/28,5.31,5.49,5.28,5.45,16593376,89770640.00
2011/03/29,5.40,5.41,5.18,5.18,17117131,90438032.00
2011/03/30,5.18,5.24,5.06,5.09,11007608,56386808.00
2011/03/31,5.07,5.20,5.07,5.12,8066310,41317052.00
2011/04/01,5.12,5.31,5.07,5.30,10080940,52658272.00
2011/04/06,5.25,5.31,5.22,5.25,8896464,46858320.00
2011/04/07,5.24,5.35,5.24,5.32,7238376,38437924.00
2011/04/08,5.34,5.34,5.28,5.34,7433508,39465836.00
2011/04/11,5.33,5.43,5.25,5.26,9523504,50844416.00
2011/04/12,5.23,5.33,5.22,5.25,7918928,41725348.00
2011/04/13,5.21,5.37,5.20,5.34,7578391,40019744.00
2011/04/14,5.34,5.37,5.26,5.29,7497384,39803800.00
2011/04/15,5.29,5.48,5.20,5.42,25410540,136352016.00
2011/04/18,5.38,5.54,5.35,5.47,22511035,122603424.00
2011/04/19,5.45,5.46,5.32,5.36,15258932,82211776.00
2011/04/20,5.38,5.63,5.38,5.59,30594665,169727072.00
2011/04/21,5.53,5.60,5.45,5.55,18288110,100847952.00
2011/04/22,5.56,5.79,5.51,5.69,21825374,123786000.00
2011/04/25,5.62,5.66,5.45,5.48,15820279,87812472.00
2011/04/26,5.42,5.75,5.37,5.70,29793424,167199040.00
2011/04/27,5.64,5.75,5.52,5.62,21325452,120451728.00
2011/04/28,5.62,5.63,5.34,5.34,13472433,73368328.00
2011/04/29,5.15,5.27,5.07,5.19,18061416,92735624.00
2011/05/03,5.23,5.45,5.20,5.45,14261200,77300928.00
2011/05/04,5.55,5.67,5.46,5.49,27415162,152739424.00
2011/05/05,5.45,5.75,5.44,5.67,21454928,121086648.00
2011/05/06,5.62,5.83,5.55,5.75,20044828,114308928.00
2011/05/09,5.72,5.77,5.65,5.72,11002427,62715684.00
2011/05/10,5.73,5.79,5.59,5.67,14136616,80019232.00
2011/05/11,5.67,5.82,5.55,5.80,22895565,130185952.00
2011/05/12,5.72,5.88,5.68,5.70,20292328,117042424.00
2011/05/13,5.72,5.99,5.69,5.90,35366649,209536080.00
2011/05/16,5.83,5.96,5.81,5.91,20705443,121918240.00
2011/05/17,5.88,5.90,5.65,5.71,17923070,103185760.00
2011/05/18,5.66,5.95,5.66,5.87,14283004,83493544.00
2011/05/19,5.85,5.93,5.80,5.90,10307192,60455732.00
2011/05/20,5.85,5.85,5.61,5.72,20910732,119667248.00
2011/05/23,5.68,5.72,5.43,5.43,16554327,90804656.00
2011/05/24,5.35,5.45,5.17,5.42,16347488,86511192.00
2011/05/25,5.42,5.44,5.22,5.26,9423114,50034300.00
2011/05/26,5.30,5.41,5.17,5.35,10173842,53905744.00
2011/05/30,5.08,5.08,5.08,5.08,2424300,12315444.00
2011/05/31,4.83,4.89,4.83,4.86,31506534,152355792.00
2011/06/01,4.75,4.86,4.64,4.80,18447485,87604624.00
2011/06/02,4.70,4.77,4.56,4.74,16117818,75153336.00
2011/06/03,4.72,4.80,4.67,4.75,9524522,45164548.00
2011/06/07,4.71,4.88,4.68,4.80,9284763,44520544.00
2011/06/08,4.78,4.82,4.68,4.80,8514143,40527912.00
2011/06/09,4.79,4.80,4.56,4.57,10570673,49452056.00
2011/06/10,4.53,4.67,4.36,4.53,9289058,42042740.00
2011/06/13,4.48,4.63,4.38,4.60,7622405,34385184.00
2011/06/14,4.55,4.66,4.53,4.65,5514154,25501156.00
2011/06/15,4.65,4.67,4.55,4.57,4492922,20740148.00
2011/06/16,4.51,4.52,4.36,4.40,5354926,23803348.00
2011/06/17,4.40,4.47,4.35,4.37,4749447,20922970.00
2011/06/20,4.37,4.37,4.21,4.25,4195198,17987720.00
2011/06/21,4.28,4.35,4.26,4.34,4159712,17941964.00
2011/06/22,4.39,4.39,4.28,4.35,3291807,14268355.00
2011/06/23,4.36,4.48,4.35,4.44,6666844,29510718.00
2011/06/24,4.41,4.60,4.41,4.55,7844354,35412708.00
2011/06/27,4.54,4.62,4.50,4.54,5238699,23838452.00
2011/06/28,4.56,4.58,4.51,4.57,5698145,25910718.00
2011/06/29,4.54,4.61,4.49,4.50,5019063,22824424.00
2011/06/30,4.50,4.59,4.48,4.53,4785058,21740368.00
2011/07/01,4.54,4.60,4.53,4.58,3864063,17676056.00
2011/07/04,4.60,4.79,4.57,4.74,9401922,44230960.00
2011/07/05,4.74,4.76,4.63,4.72,4867129,22961612.00
2011/07/06,4.72,4.81,4.67,4.79,6573112,31227886.00
2011/07/07,4.79,4.82,4.73,4.75,6091293,29153824.00
2011/07/08,4.75,4.79,4.66,4.71,5528463,26144566.00
2011/07/11,4.68,4.77,4.67,4.75,3013941,14278527.00
2011/07/12,4.70,4.76,4.65,4.70,5057928,23799472.00
2011/07/13,4.72,4.80,4.69,4.77,4443689,21173654.00
2011/07/14,4.77,4.88,4.76,4.83,5449601,26264532.00
2011/07/15,4.82,5.03,4.79,4.93,10610348,52336564.00
2011/07/18,4.92,4.98,4.86,4.90,6602357,32517012.00
2011/07/19,4.88,4.93,4.76,4.77,4797808,23191296.00
2011/07/20,4.79,4.83,4.66,4.79,4818366,22937284.00
2011/07/21,4.80,4.84,4.70,4.77,7832841,37417272.00
2011/07/22,4.76,4.82,4.75,4.78,4658582,22325512.00
2011/07/25,4.76,4.78,4.54,4.56,9407071,43506432.00
2011/07/26,4.55,4.59,4.50,4.58,4461659,20286138.00
2011/07/27,4.55,4.61,4.52,4.59,3793433,17352628.00
2011/07/28,4.57,4.57,4.43,4.49,5954789,26683684.00
2011/07/29,4.47,4.51,4.41,4.45,2934138,13067146.00
2011/08/01,4.45,4.51,4.42,4.49,2057030,9198449.00
2011/08/02,4.47,4.47,4.38,4.42,3336222,14729236.00
2011/08/03,4.36,4.52,4.36,4.49,3166407,14125484.00
2011/08/04,4.50,4.56,4.47,4.54,3370189,15266047.00
2011/08/05,4.45,4.48,4.37,4.42,3937437,17413272.00
2011/08/08,4.39,4.42,4.20,4.20,5895848,25097192.00
2011/08/09,4.02,4.24,3.99,4.14,6783717,27661668.00
2011/08/10,4.18,4.24,4.16,4.18,3688481,15511115.00
2011/08/11,4.06,4.24,4.04,4.21,3998772,16662785.00
2011/08/12,4.23,4.42,4.22,4.42,10018070,43772828.00
2011/08/15,4.42,4.60,4.37,4.52,11501305,52011700.00
2011/08/16,4.50,4.62,4.50,4.52,9269920,42379352.00
2011/08/17,4.52,4.60,4.45,4.54,7430521,33851412.00
2011/08/18,4.54,4.65,4.45,4.46,9342415,42710632.00
2011/08/19,4.35,4.50,4.31,4.49,6837082,30183768.00
2011/08/22,4.49,4.60,4.45,4.51,4677098,21310424.00
2011/08/23,4.58,4.65,4.52,4.61,6253424,28796372.00
2011/08/24,4.60,4.67,4.53,4.55,5375350,24775456.00
2011/08/25,4.50,4.64,4.50,4.61,6047776,27765892.00
2011/08/26,4.59,4.66,4.54,4.58,5012966,23014228.00
2011/08/29,4.58,4.59,4.50,4.52,3506329,15955606.00
2011/08/30,4.54,4.59,4.42,4.44,4187538,18905456.00
2011/08/31,4.45,4.46,4.25,4.32,4690885,20328260.00
2011/09/01,4.34,4.40,4.28,4.31,3468712,15074285.00
2011/09/02,4.29,4.34,4.20,4.26,3514479,14913869.00
2011/09/05,4.22,4.25,4.14,4.17,3318552,13854029.00
2011/09/06,4.17,4.21,4.11,4.13,2423598,10084654.00
2011/09/07,4.19,4.22,4.15,4.22,3796510,15888819.00
2011/09/08,4.22,4.25,4.16,4.17,3281352,13822561.00
2011/09/09,4.17,4.22,4.11,4.12,4064652,16909032.00
2011/09/13,4.05,4.11,4.03,4.09,3279099,13352486.00
2011/09/14,4.11,4.14,4.04,4.13,6106225,24939304.00
2011/09/15,4.13,4.17,4.10,4.11,3016679,12470101.00
2011/09/16,4.15,4.15,4.10,4.13,2070439,8538449.00
2011/09/19,4.12,4.12,4.05,4.07,2358996,9621018.00
2011/09/20,4.05,4.10,4.02,4.06,2059540,8363774.00
2011/09/21,4.07,4.20,4.03,4.19,5182735,21539260.00
2011/09/22,4.15,4.21,4.10,4.11,4063117,16872370.00
2011/09/23,4.08,4.12,4.04,4.09,2760950,11237444.00
2011/09/26,4.10,4.12,4.00,4.01,3460150,14004663.00
2011/09/27,4.02,4.06,4.00,4.04,2453259,9865347.00
2011/09/28,4.05,4.07,3.90,3.93,2830835,11303976.00
2011/09/29,3.89,3.90,3.76,3.77,3636506,13929656.00
2011/09/30,3.76,3.81,3.65,3.72,2652829,9859876.00
2011/10/10,3.74,3.76,3.67,3.68,1551199,5759898.00
2011/10/11,3.77,3.80,3.68,3.71,1704696,6359704.00
2011/10/12,3.72,3.84,3.69,3.83,3734208,14194016.00
2011/10/13,3.82,3.88,3.80,3.85,2524499,9710521.00
2011/10/14,3.83,3.84,3.78,3.81,1863846,7098062.00
2011/10/17,3.82,3.84,3.78,3.80,2238737,8511329.00
2011/10/18,3.76,3.79,3.66,3.67,1941400,7226639.00
2011/10/19,3.71,3.71,3.60,3.61,2306140,8430167.00
2011/10/20,3.63,3.64,3.43,3.46,4341866,15069106.00
2011/10/21,3.47,3.47,3.30,3.38,2073536,7054983.00
2011/10/24,3.39,3.46,3.33,3.45,1802608,6127491.00
2011/10/25,3.45,3.55,3.43,3.52,3466864,12128311.00
2011/10/26,3.50,3.58,3.48,3.53,3807999,13482625.00
2011/10/27,3.55,3.57,3.51,3.54,2853975,10105441.00
2011/10/28,3.56,3.63,3.54,3.60,3061369,10965057.00
2011/10/31,3.64,3.72,3.61,3.70,5235912,19252652.00
2011/11/01,3.66,3.71,3.66,3.67,2764840,10184677.00
2011/11/02,3.62,3.75,3.57,3.74,4354544,15960732.00
2011/11/03,3.74,3.81,3.71,3.73,5075866,19070370.00
2011/11/04,3.77,3.82,3.73,3.80,4441675,16792112.00
2011/11/07,3.80,3.99,3.77,3.99,8943426,34983284.00
2011/11/08,3.99,4.15,3.94,4.02,13314877,53903104.00
2011/11/09,4.02,4.06,3.92,4.02,6671055,26653336.00
2011/11/10,3.98,4.01,3.91,3.94,4300943,17036400.00
2011/11/11,3.93,3.98,3.87,3.89,3594527,14078795.00
2011/11/14,3.92,3.98,3.89,3.96,3473277,13704267.00
2011/11/15,3.97,4.04,3.93,4.02,3561980,14240196.00
2011/11/16,4.02,4.02,3.87,3.89,3862267,15248403.00
2011/11/17,3.90,3.98,3.87,3.91,3783173,14908327.00
2011/11/18,3.90,3.93,3.78,3.80,3219689,12316745.00
2011/11/21,3.76,3.89,3.76,3.87,5062296,19418852.00
2011/11/22,3.80,3.85,3.78,3.84,1993788,7601863.00
2011/11/23,3.86,3.86,3.78,3.79,1674300,6393162.00
2011/11/24,3.72,3.78,3.69,3.71,2034158,7581514.00
2011/11/25,3.72,3.74,3.57,3.59,2765395,10065367.00
2011/11/28,3.59,3.64,3.58,3.60,1767316,6366037.00
2011/11/29,3.61,3.66,3.60,3.66,1844660,6701139.00
2011/11/30,3.66,3.66,3.48,3.48,2726300,9621497.00
2011/12/01,3.55,3.60,3.50,3.51,3271700,11601077.00
2011/12/02,3.47,3.51,3.39,3.40,2379990,8168123.00
2011/12/05,3.40,3.42,3.25,3.27,2726609,8972727.00
2011/12/06,3.28,3.43,3.26,3.40,3419062,11370006.00
2011/12/07,3.45,3.45,3.31,3.34,2719914,9175779.00
2011/12/08,3.34,3.35,3.26,3.30,2100600,6932063.00
2011/12/09,3.30,3.32,3.14,3.16,3949459,12695597.00
2011/12/12,3.16,3.19,3.08,3.12,3408177,10680423.00
2011/12/13,3.10,3.12,2.96,2.96,4553654,13651117.00
2011/12/14,2.92,2.99,2.85,2.93,3305039,9702721.00
2011/12/15,2.90,2.92,2.78,2.78,5028329,14074252.00
2011/12/16,2.77,2.86,2.64,2.85,5071997,13931123.00
2011/12/19,2.84,2.84,2.71,2.81,4533414,12526671.00
2011/12/20,2.85,2.94,2.80,2.82,4349203,12503299.00
2011/12/21,2.85,2.88,2.72,2.74,3480850,9852633.00
2011/12/22,2.70,2.72,2.60,2.63,4243743,11161028.00
2011/12/23,2.64,2.76,2.62,2.74,4059425,11056272.00
2011/12/26,2.71,2.84,2.70,2.75,3350171,9294046.00
2011/12/27,2.74,2.80,2.70,2.71,3184674,8741017.00
2011/12/28,2.70,2.73,2.58,2.68,4561794,12004051.00
2011/12/29,2.67,2.74,2.65,2.69,2180905,5896636.00
2011/12/30,2.70,2.80,2.70,2.77,2957854,8097843.00
2012/01/04,2.79,2.82,2.70,2.70,1954889,5399614.00
2012/01/05,2.67,2.70,2.62,2.62,1902101,5068199.00
2012/01/06,2.61,2.69,2.54,2.67,2301936,6001697.00
2012/01/09,2.69,2.78,2.63,2.78,3122798,8536048.00
2012/01/10,2.77,2.88,2.75,2.87,5032291,14301537.00
2012/01/11,2.86,2.90,2.82,2.87,3947000,11324834.00
2012/01/12,2.86,2.93,2.85,2.87,3730522,10762181.00
2012/01/13,2.87,2.88,2.73,2.74,3763953,10480481.00
2012/01/16,2.71,2.74,2.66,2.68,1802390,4875331.00
2012/01/17,2.68,2.80,2.65,2.80,4593832,12683305.00
2012/01/18,2.88,2.88,2.75,2.76,4590057,12849691.00
2012/01/19,2.76,2.82,2.74,2.78,2076895,5794917.00
2012/01/20,2.78,2.84,2.76,2.82,3589214,10059395.00
2012/01/30,2.84,2.90,2.80,2.85,4033539,11513996.00
2012/01/31,2.84,2.99,2.82,2.99,11526137,33965996.00
2012/02/01,2.99,3.02,2.90,2.91,9381500,27804732.00
2012/02/02,2.93,2.96,2.88,2.96,4686585,13701573.00
2012/02/03,2.97,3.11,2.94,3.11,13861943,42454192.00
2012/02/06,3.11,3.12,3.05,3.09,9874273,30481840.00
2012/02/07,3.08,3.08,2.94,2.97,6953176,20738704.00
2012/02/08,2.97,3.04,2.93,3.02,3940858,11786872.00
2012/02/09,3.02,3.08,3.00,3.03,4515120,13717987.00
2012/02/10,3.03,3.08,3.00,3.07,5303359,16188423.00
2012/02/13,3.06,3.12,3.02,3.09,5007747,15479069.00
2012/02/14,3.09,3.16,3.06,3.13,5266146,16425092.00
2012/02/15,3.13,3.23,3.12,3.20,9870678,31508246.00
2012/02/16,3.23,3.23,3.10,3.16,6339753,20086048.00
2012/02/17,3.15,3.18,3.11,3.15,3237252,10184493.00
2012/02/20,3.17,3.20,3.13,3.15,5077758,16047661.00
2012/02/21,3.14,3.26,3.08,3.24,10463201,33123226.00
2012/02/22,3.20,3.26,3.18,3.23,9699611,31242462.00
2012/02/23,3.23,3.24,3.19,3.21,6940397,22301268.00
2012/02/24,3.20,3.27,3.20,3.25,6307506,20422418.00
2012/02/27,3.25,3.33,3.24,3.25,7851180,25755854.00
2012/02/28,3.24,3.26,3.15,3.19,6088412,19523808.00
2012/02/29,3.19,3.22,3.15,3.18,4023828,12813735.00
2012/03/01,3.18,3.21,3.16,3.19,3579072,11410368.00
2012/03/02,3.19,3.26,3.19,3.25,7028320,22796604.00
2012/03/05,3.25,3.28,3.24,3.25,4354924,14184083.00
2012/03/06,3.24,3.34,3.23,3.29,6911168,22658370.00
2012/03/07,3.27,3.30,3.23,3.24,6014168,19669230.00
2012/03/08,3.25,3.28,3.24,3.27,3953759,12866829.00
2012/03/09,3.27,3.29,3.24,3.28,5974607,19491038.00
2012/03/12,3.28,3.33,3.26,3.30,5250416,17319700.00
2012/03/13,3.31,3.32,3.25,3.30,4275206,14001187.00
2012/03/14,3.30,3.34,3.14,3.14,10347579,33633344.00
2012/03/15,3.11,3.15,3.00,3.03,5918421,18159724.00
2012/03/16,3.04,3.14,3.03,3.11,4169746,12861649.00
2012/03/19,3.09,3.17,3.07,3.16,4234369,13221795.00
2012/03/20,3.16,3.17,3.10,3.11,3677595,11503805.00
2012/03/21,3.12,3.14,3.06,3.09,2801487,8672701.00
2012/03/22,3.08,3.12,3.05,3.09,2239580,6919420.00
2012/03/23,3.08,3.13,3.05,3.06,3695882,11418961.00
2012/03/26,3.05,3.10,3.05,3.08,1950416,5995022.00
2012/03/27,3.08,3.11,3.06,3.09,2064454,6375171.00
2012/03/28,3.09,3.09,2.94,2.95,4928280,14723304.00
2012/03/29,2.93,2.95,2.85,2.91,3345927,9717963.00
2012/03/30,2.91,2.99,2.89,2.94,4950566,14474212.00
2012/04/05,2.94,3.01,2.93,3.00,2907227,8693698.00
2012/04/06,3.00,3.06,2.98,3.03,2330247,7047325.00
2012/04/09,3.01,3.06,3.00,3.04,2359865,7164289.00
2012/04/10,3.04,3.19,3.02,3.14,7907292,24639316.00
2012/04/11,3.13,3.21,3.09,3.18,7126662,22560496.00
2012/04/12,3.18,3.21,3.14,3.20,5643042,17953108.00
2012/04/13,3.20,3.25,3.16,3.23,7119977,22833372.00
2012/04/16,3.22,3.32,3.22,3.32,9866490,32444532.00
2012/04/17,3.35,3.38,3.20,3.21,8218523,26983932.00
2012/04/18,3.21,3.30,3.18,3.29,7171680,23364240.00
2012/04/19,3.29,3.31,3.24,3.26,3729830,12192664.00
2012/04/20,3.26,3.31,3.23,3.29,5005752,16373321.00
2012/04/23,3.28,3.38,3.24,3.26,7758431,25789196.00
2012/04/24,3.22,3.32,3.10,3.19,8856879,28411192.00
2012/04/25,3.18,3.35,3.15,3.35,11568801,38330156.00
2012/04/26,3.43,3.52,3.37,3.52,10557544,36928156.00
2012/04/27,3.58,3.69,3.39,3.40,16368973,57616400.00
2012/05/02,3.25,3.35,3.23,3.23,14215970,46468144.00
2012/05/03,3.21,3.33,3.10,3.29,8093401,26133632.00
2012/05/04,3.28,3.45,3.25,3.45,8208751,27568820.00
2012/05/07,3.45,3.62,3.42,3.55,13400011,47640816.00
2012/05/08,3.55,3.63,3.45,3.58,8926122,31662998.00
2012/05/09,3.55,3.69,3.52,3.56,10001284,36087152.00
2012/05/10,3.56,3.65,3.53,3.60,6259336,22479136.00
2012/05/11,3.61,3.64,3.54,3.62,6534123,23569474.00
2012/05/14,3.64,3.65,3.54,3.58,5381032,19292944.00
2012/05/15,3.54,3.57,3.47,3.55,5637387,19858930.00
2012/05/16,3.55,3.69,3.50,3.61,6349955,22839246.00
2012/05/17,3.61,3.74,3.60,3.71,7926952,29206078.00
2012/05/21,3.77,3.81,3.63,3.64,10232914,37909000.00
2012/05/22,3.62,3.67,3.56,3.67,5478504,19864292.00
2012/05/23,3.64,3.66,3.54,3.64,8058717,29051700.00
2012/05/24,3.58,3.65,3.56,3.64,5557095,20028322.00
2012/05/25,3.63,3.64,3.55,3.61,4812698,17341792.00
2012/05/28,3.59,3.60,3.43,3.47,12524566,43689812.00
2012/05/29,3.46,3.54,3.45,3.52,5796783,20321060.00
2012/05/30,3.50,3.70,3.49,3.70,10243349,37193236.00
2012/05/31,3.66,3.75,3.64,3.70,8060345,29752834.00
2012/06/01,3.66,3.84,3.63,3.81,7989674,29908290.00
2012/06/04,3.72,3.80,3.63,3.64,8050659,29898746.00
2012/06/05,3.65,3.68,3.53,3.58,6202241,22284080.00
2012/06/06,3.58,3.63,3.54,3.58,2748220,9849206.00
2012/06/07,3.61,3.71,3.58,3.65,6313955,23040820.00
2012/06/08,3.64,3.66,3.47,3.47,6949841,24573262.00
2012/06/11,3.45,3.54,3.41,3.51,4250932,14761447.00
2012/06/12,3.51,3.51,3.42,3.42,3334080,11530123.00
2012/06/13,3.42,3.50,3.42,3.49,4504270,15618500.00
2012/06/14,3.49,3.54,3.46,3.50,3062668,10713785.00
2012/06/15,3.49,3.52,3.41,3.50,3483956,12097088.00
2012/06/18,3.50,3.53,3.46,3.51,3099136,10860580.00
2012/06/19,3.51,3.51,3.40,3.42,4149874,14271669.00
2012/06/20,3.45,3.45,3.37,3.40,3098599,10557364.00
2012/06/21,3.40,3.41,3.31,3.31,3261502,10889640.00
2012/06/25,3.32,3.35,3.24,3.25,2386879,7876896.00
2012/06/26,3.25,3.36,3.20,3.35,3545607,11751908.00
2012/06/27,3.34,3.41,3.32,3.36,4243600,14301375.00
2012/06/28,3.34,3.39,3.27,3.28,3139034,10480981.00
2012/06/29,3.30,3.40,3.28,3.38,3605371,12042613.00
2012/07/02,3.41,3.43,3.36,3.42,3550793,12038954.00
2012/07/03,3.41,3.43,3.36,3.39,4026581,13656223.00
2012/07/04,3.41,3.41,3.34,3.37,1659110,5581751.00
2012/07/05,3.38,3.38,3.26,3.29,4380041,14477462.00
2012/07/06,3.33,3.33,3.13,3.24,5955363,19043378.00
2012/07/09,3.21,3.28,3.14,3.16,3598600,11569478.00
2012/07/10,3.14,3.17,3.04,3.07,2999709,9285275.00
2012/07/11,3.08,3.15,3.05,3.15,2890452,8953059.00
2012/07/12,3.14,3.20,3.10,3.18,2527057,7955788.00
2012/07/17,3.50,3.50,3.42,3.50,28972238,101186192.00
2012/07/18,3.50,3.77,3.39,3.62,42871402,153441456.00
2012/07/19,3.56,3.69,3.51,3.59,24314620,87297368.00
2012/07/20,3.58,3.66,3.49,3.60,18547245,66340828.00
2012/07/23,3.68,3.71,3.41,3.47,15155595,53451556.00
2012/07/24,3.40,3.45,3.35,3.44,9923813,33736156.00
2012/07/25,3.42,3.46,3.33,3.34,8432857,28539514.00
2012/07/26,3.30,3.32,3.18,3.19,9928727,32151208.00
2012/07/27,3.19,3.22,3.12,3.19,6756678,21384628.00
2012/07/30,3.18,3.19,2.88,2.96,8764873,26674938.00
2012/07/31,2.91,2.93,2.72,2.87,7810480,22203206.00
2012/08/01,2.84,3.03,2.82,2.98,7059872,20893604.00
2012/08/02,2.95,3.03,2.88,2.93,5730117,16894362.00
2012/08/03,2.96,2.98,2.90,2.95,4978536,14636118.00
2012/08/06,2.95,3.03,2.92,3.01,6913465,20707504.00
2012/08/07,3.00,3.31,2.97,3.31,13333854,42285408.00
2012/08/08,3.44,3.64,3.35,3.60,44612499,160601936.00
2012/08/09,3.42,3.55,3.30,3.51,37527740,128424520.00
2012/08/10,3.45,3.50,3.38,3.42,14226131,48820488.00
2012/08/13,3.37,3.42,3.29,3.29,9761742,32682164.00
2012/08/14,3.34,3.34,3.14,3.26,10951989,35324928.00
2012/08/15,3.23,3.32,3.17,3.24,11669199,37813324.00
2012/08/16,3.22,3.32,3.19,3.23,7586825,24630666.00
2012/08/17,3.21,3.23,3.16,3.19,5229153,16650768.00
2012/08/20,3.18,3.19,3.10,3.18,4603984,14466474.00
2012/08/21,3.17,3.33,3.15,3.28,8610682,28149364.00
2012/08/22,3.32,3.34,3.22,3.24,7123305,23406478.00
2012/08/23,3.24,3.46,3.24,3.40,13187177,44507552.00
2012/08/24,3.39,3.39,3.21,3.23,8745771,28728188.00
2012/08/27,3.20,3.26,3.12,3.17,4613487,14728976.00
2012/08/28,3.18,3.24,3.17,3.20,3228738,10347770.00
2012/08/29,3.19,3.23,3.14,3.14,3810514,12116160.00
2012/08/30,3.14,3.20,3.03,3.10,5117526,15937586.00
2012/08/31,3.07,3.17,3.07,3.13,2244767,7027598.00
2012/09/03,3.13,3.20,3.08,3.15,3606140,11380257.00
2012/09/04,3.17,3.21,3.13,3.14,3621401,11461562.00
2012/09/05,3.15,3.18,3.09,3.15,3934096,12322372.00
2012/09/06,3.16,3.18,3.12,3.16,3539947,11174672.00
2012/09/07,3.17,3.32,3.17,3.25,10740992,34871480.00
2012/09/10,3.25,3.29,3.23,3.25,5771710,18830524.00
2012/09/11,3.25,3.39,3.21,3.30,9889494,32732392.00
2012/09/12,3.34,3.34,3.25,3.30,6877583,22616220.00
2012/09/13,3.28,3.31,3.21,3.21,6958459,22629420.00
2012/09/14,3.23,3.26,3.16,3.21,6068351,19469844.00
2012/09/17,3.21,3.22,3.05,3.08,4849977,15267929.00
2012/09/18,3.06,3.11,3.03,3.09,3154919,9688863.00
2012/09/19,3.09,3.21,3.06,3.16,5703717,17999820.00
2012/09/20,3.11,3.14,3.02,3.02,4771989,14675743.00
2012/09/21,3.03,3.05,2.97,2.99,3099108,9333490.00
2012/09/24,2.98,3.01,2.90,2.98,3478049,10290191.00
2012/09/25,2.98,3.02,2.93,2.96,3057940,9097810.00
2012/09/26,2.96,3.05,2.93,2.95,4765161,14187971.00
2012/09/27,2.90,3.25,2.90,3.25,30247322,97400560.00
2012/09/28,3.28,3.28,3.12,3.18,22271359,70667848.00
2012/10/08,3.17,3.22,3.14,3.20,8988642,28563200.00
2012/10/09,3.17,3.25,3.17,3.25,12450674,40124896.00
2012/10/10,3.23,3.39,3.19,3.35,19528744,64812940.00
2012/10/11,3.29,3.37,3.21,3.22,12608417,41493324.00
2012/10/12,3.22,3.29,3.18,3.25,6363232,20555652.00
2012/10/15,3.23,3.38,3.22,3.32,8751031,28867982.00
2012/10/16,3.28,3.35,3.25,3.26,6163458,20328924.00
2012/10/17,3.25,3.30,3.15,3.27,6500209,21023432.00
2012/10/18,3.27,3.60,3.23,3.37,19602359,67254232.00
2012/10/19,3.32,3.45,3.32,3.37,12997858,43993016.00
2012/10/22,3.34,3.42,3.32,3.42,8157411,27631504.00
2012/10/23,3.42,3.69,3.39,3.49,24070370,85417592.00
2012/10/24,3.48,3.84,3.44,3.84,47062476,175878800.00
2012/10/25,3.90,4.09,3.67,3.74,66604878,259726720.00
2012/10/26,3.51,3.93,3.51,3.75,38684862,144062784.00
2012/10/29,3.71,3.78,3.45,3.55,27454369,98198480.00
2012/10/30,3.54,3.63,3.40,3.42,17078185,59205784.00
2012/10/31,3.43,3.53,3.39,3.46,11770318,40702224.00
2012/11/01,3.45,3.53,3.44,3.48,12834044,44685216.00
2012/11/02,3.48,3.52,3.41,3.50,14191545,49027504.00
2012/11/05,3.49,3.65,3.47,3.57,17178239,61231780.00
2012/11/06,3.56,3.70,3.53,3.70,23015401,83435232.00
2012/11/07,3.74,4.03,3.65,3.81,36009558,139007456.00
2012/11/08,3.69,3.75,3.52,3.53,21424705,77442384.00
2012/11/09,3.49,3.52,3.39,3.46,17217700,59436776.00
2012/11/12,3.45,3.56,3.45,3.54,8355822,29190504.00
2012/11/13,3.52,3.54,3.40,3.44,8525001,29459412.00
2012/11/14,3.42,3.48,3.35,3.42,6286499,21347252.00
2012/11/15,3.39,3.43,3.33,3.34,6370072,21534114.00
2012/11/16,3.34,3.35,3.23,3.28,6034855,19825086.00
2012/11/19,3.25,3.34,3.24,3.33,3539584,11628258.00
2012/11/20,3.32,3.39,3.31,3.33,4998968,16719883.00
2012/11/21,3.32,3.40,3.25,3.39,6336506,21117200.00
2012/11/22,3.36,3.38,3.32,3.33,3510220,11745911.00
2012/11/23,3.35,3.38,3.31,3.34,4543610,15205866.00
2012/11/26,3.32,3.35,3.24,3.26,3930952,12890094.00
2012/11/27,3.24,3.24,3.05,3.06,5410531,16910322.00
2012/11/28,3.05,3.06,2.98,2.99,4203784,12617625.00
2012/11/29,2.99,3.05,2.95,2.95,4082670,12228166.00
2012/11/30,2.95,3.02,2.94,3.01,3356668,10060354.00
2012/12/03,3.00,3.02,2.96,2.97,2822759,8466502.00
2012/12/04,2.97,3.13,2.92,3.10,7799320,23885536.00
2012/12/05,3.06,3.24,3.06,3.15,9357091,29647666.00
2012/12/06,3.16,3.18,3.12,3.16,4414061,13888109.00
2012/12/07,3.16,3.22,3.11,3.20,8335123,26510642.00
2012/12/10,3.21,3.35,3.18,3.30,10527186,34533088.00
2012/12/11,3.28,3.31,3.20,3.21,7174459,23313116.00
2012/12/12,3.18,3.24,3.15,3.22,6704389,21409674.00
2012/12/13,3.21,3.32,3.17,3.22,8213268,26674896.00
2012/12/14,3.21,3.40,3.20,3.33,12316010,40805772.00
2012/12/17,3.33,3.40,3.30,3.35,9750760,32591692.00
2012/12/18,3.35,3.53,3.31,3.38,14053949,48100672.00
2012/12/19,3.38,3.43,3.34,3.37,6353027,21419480.00
2012/12/20,3.35,3.36,3.22,3.26,14093565,46156556.00
2012/12/21,3.24,3.29,3.18,3.21,10388815,33585968.00
2012/12/24,3.21,3.27,3.18,3.23,6950854,22481896.00
2012/12/25,3.21,3.31,3.21,3.29,10343420,33854504.00
2012/12/26,3.31,3.33,3.27,3.31,11049786,36426604.00
2012/12/27,3.31,3.43,3.30,3.36,17388720,58653896.00
2012/12/28,3.35,3.37,3.28,3.36,9423589,31386880.00
2012/12/31,3.34,3.40,3.32,3.36,9505410,31894344.00
2013/01/04,3.38,3.39,3.30,3.34,7875573,26309940.00
2013/01/07,3.33,3.40,3.30,3.39,8949272,30050464.00
2013/01/08,3.38,3.44,3.36,3.43,11742289,39938544.00
2013/01/09,3.43,3.57,3.36,3.46,17432789,60307496.00
2013/01/10,3.45,3.55,3.44,3.50,16393299,57305760.00
2013/01/11,3.51,3.59,3.36,3.40,14432163,50084380.00
2013/01/14,3.37,3.47,3.34,3.47,12982026,44416756.00
2013/01/15,3.47,3.53,3.44,3.50,12976890,45221960.00
2013/01/16,3.49,3.52,3.42,3.47,11406645,39537360.00
2013/01/17,3.48,3.54,3.41,3.53,14742498,51069824.00
2013/01/18,3.52,3.56,3.46,3.52,17874419,62907672.00
2013/01/21,3.51,3.52,3.47,3.49,10073287,35189848.00
2013/01/22,3.49,3.49,3.41,3.42,9854107,33902104.00
2013/01/23,3.42,3.45,3.35,3.43,6644659,22590632.00
2013/01/24,3.43,3.46,3.30,3.31,9727403,32867978.00
2013/01/25,3.30,3.35,3.29,3.30,4973998,16496374.00
2013/01/28,3.30,3.37,3.30,3.37,4831119,16154402.00
2013/01/29,3.37,3.41,3.36,3.40,5597868,18994084.00
2013/01/30,3.41,3.47,3.37,3.44,9043773,30997894.00
2013/01/31,3.45,3.45,3.39,3.40,5241794,17861690.00
2013/02/01,3.40,3.43,3.37,3.42,6172454,21005714.00
2013/02/04,3.41,3.42,3.33,3.35,7391043,24888652.00
2013/02/05,3.32,3.38,3.31,3.37,4594657,15404555.00
2013/02/06,3.36,3.40,3.35,3.40,5737678,19383964.00
2013/02/07,3.39,3.45,3.36,3.44,6890840,23438668.00
2013/02/08,3.44,3.48,3.41,3.47,10379082,35815688.00
2013/02/18,3.47,3.49,3.41,3.46,6138780,21186866.00
2013/02/19,3.45,3.46,3.37,3.39,6048840,20564144.00
2013/02/20,3.38,3.46,3.36,3.45,7050971,24049112.00
2013/02/21,3.43,3.43,3.36,3.38,5866669,19886684.00
2013/02/22,3.37,3.42,3.35,3.38,4179150,14167367.00
2013/02/25,3.40,3.41,3.35,3.39,5323459,17964956.00
2013/02/26,3.38,3.41,3.33,3.33,4539997,15336290.00
2013/02/27,3.35,3.38,3.25,3.29,6930357,22998860.00
2013/02/28,3.28,3.35,3.28,3.34,4583413,15217556.00
2013/03/01,3.35,3.37,3.32,3.36,4664477,15598048.00
2013/03/04,3.35,3.35,3.20,3.24,5754874,18843226.00
2013/03/05,3.24,3.31,3.21,3.29,4800642,15707477.00
2013/03/06,3.30,3.59,3.28,3.43,15610117,53801552.00
2013/03/07,3.42,3.48,3.37,3.41,9859538,33840752.00
2013/03/08,3.40,3.50,3.38,3.43,10882033,37558960.00
2013/03/11,3.44,3.55,3.41,3.49,15055120,52557676.00
2013/03/12,3.49,3.52,3.36,3.41,9730663,33350104.00
2013/03/13,3.39,3.43,3.31,3.32,6253992,20992766.00
2013/03/14,3.29,3.65,3.29,3.65,24219611,87277840.00
2013/03/15,3.65,3.65,3.51,3.54,37810861,135613088.00
2013/03/18,3.55,3.62,3.49,3.53,16749781,59480028.00
2013/03/19,3.53,3.72,3.51,3.63,28012454,101523712.00
2013/03/20,3.60,3.66,3.54,3.66,20407182,73783048.00
2013/03/21,3.65,3.66,3.56,3.63,17373795,62753992.00
2013/03/22,3.60,3.77,3.57,3.67,24697764,91067712.00
2013/03/25,3.64,3.76,3.61,3.64,14430123,53006704.00
2013/03/26,3.63,3.63,3.50,3.55,11760678,41673384.00
2013/03/27,3.56,3.66,3.51,3.64,12151636,43570520.00
2013/03/28,3.60,3.60,3.44,3.45,10575111,37303636.00
2013/03/29,3.46,3.53,3.45,3.48,8052478,28097318.00
2013/04/01,3.48,3.57,3.44,3.52,6373514,22405504.00
2013/04/02,3.52,3.55,3.45,3.49,5776506,20185096.00
2013/04/03,3.48,3.50,3.35,3.38,8287728,28180780.00
2013/04/08,3.39,3.39,3.28,3.34,5566578,18492586.00
2013/04/09,3.33,3.40,3.33,3.37,5422636,18292630.00
2013/04/10,3.35,3.59,3.35,3.44,14040109,48823448.00
2013/04/11,3.42,3.48,3.41,3.43,6959667,23885552.00
2013/04/12,3.43,3.45,3.25,3.30,6187199,20773592.00
2013/04/15,3.30,3.30,3.20,3.23,6076955,19718796.00
2013/04/16,3.18,3.28,3.16,3.27,4315820,13889480.00
2013/04/17,3.27,3.27,3.21,3.25,2760127,8959219.00
2013/04/18,3.24,3.29,3.21,3.26,3744778,12203132.00
2013/04/19,3.25,3.33,3.24,3.30,6738001,22228088.00
2013/04/22,3.28,3.29,3.21,3.26,7318562,23802526.00
2013/04/23,3.25,3.32,3.19,3.20,8644365,28166148.00
2013/04/24,3.21,3.29,3.17,3.29,9367581,30474480.00
2013/04/25,3.29,3.31,3.22,3.23,6640039,21644244.00
2013/04/26,3.21,3.25,3.09,3.14,9197633,29011700.00
2013/05/02,3.13,3.15,3.08,3.14,3860477,12009311.00
2013/05/03,3.16,3.20,3.12,3.17,6649346,21074460.00
2013/05/06,3.17,3.22,3.16,3.20,5337370,17071196.00
2013/05/07,3.20,3.23,3.17,3.21,6446898,20608972.00
2013/05/08,3.22,3.33,3.19,3.28,11161557,36590472.00
2013/05/09,3.28,3.30,3.22,3.28,6783138,22041902.00
2013/05/10,3.28,3.32,3.23,3.29,6911274,22638936.00
2013/05/13,3.29,3.30,3.23,3.26,5149608,16754334.00
2013/05/14,3.25,3.27,3.19,3.23,5728899,18438372.00
2013/05/15,3.23,3.31,3.21,3.27,8792864,28764388.00
2013/05/16,3.25,3.31,3.25,3.29,7517169,24745522.00
2013/05/17,3.30,3.34,3.28,3.31,10100531,33476108.00
2013/05/20,3.32,3.37,3.29,3.34,11252675,37553688.00
2013/05/21,3.34,3.46,3.31,3.42,16649717,56686904.00
2013/05/22,3.41,3.42,3.35,3.40,9401624,31820576.00
2013/05/23,3.38,3.55,3.34,3.44,23731159,81758056.00
2013/05/24,3.43,3.49,3.40,3.43,11340787,38991756.00
2013/05/27,3.44,3.47,3.38,3.44,8440070,28866792.00
2013/05/28,3.44,3.45,3.39,3.43,7838891,26775062.00
2013/05/29,3.43,3.44,3.40,3.42,9003647,30803728.00
2013/05/30,3.42,3.42,3.35,3.38,10505041,35479412.00
2013/05/31,3.39,3.42,3.36,3.37,9476416,32161392.00
2013/06/03,3.37,3.46,3.35,3.42,12837246,44065752.00
2013/06/04,3.44,3.44,3.29,3.31,11128405,37215868.00
2013/06/05,3.30,3.31,3.24,3.27,5290900,17350334.00
2013/06/06,3.25,3.30,3.22,3.22,5133343,16731538.00
2013/06/07,3.20,3.29,3.18,3.27,5964106,19253342.00
2013/06/13,3.24,3.25,3.11,3.12,5962738,18731256.00
2013/06/14,3.13,3.17,3.12,3.15,3547559,11173155.00
2013/06/17,3.14,3.23,3.11,3.17,5517729,17512356.00
2013/06/18,3.19,3.19,3.14,3.18,3247897,10280205.00
2013/06/19,3.18,3.28,3.08,3.26,9003887,28807724.00
2013/06/20,3.24,3.24,3.11,3.12,4167600,13253888.00
2013/06/21,3.08,3.11,2.95,3.07,5999694,18315946.00
2013/06/24,3.06,3.07,2.78,2.84,6116186,17846506.00
2013/06/25,2.79,2.88,2.60,2.80,6465555,17816500.00
2013/06/26,2.80,2.84,2.74,2.82,3874750,10858434.00
2013/06/27,2.82,2.90,2.75,2.76,5561157,15725994.00
2013/06/28,2.72,2.83,2.71,2.79,2889779,8024351.00
2013/07/01,2.79,2.84,2.75,2.83,2786204,7827622.00
2013/07/02,2.84,2.87,2.80,2.86,4127678,11733092.00
2013/07/03,2.85,2.85,2.75,2.80,5388416,15015844.00
2013/07/04,2.77,2.84,2.75,2.81,4810081,13473578.00
2013/07/05,2.81,2.88,2.80,2.82,5730676,16319008.00
2013/07/08,2.81,2.81,2.65,2.68,4991808,13612801.00
2013/07/09,2.68,2.72,2.67,2.71,2019045,5453377.00
2013/07/10,2.72,2.78,2.71,2.77,3700161,10162204.00
2013/07/11,2.78,2.87,2.76,2.84,6772452,19165168.00
2013/07/12,2.85,2.87,2.77,2.80,4348559,12302196.00
2013/07/15,2.80,2.92,2.80,2.89,8269545,23738316.00
2013/07/16,2.89,3.09,2.84,3.00,14161276,41954400.00
2013/07/17,2.98,2.99,2.89,2.91,7700804,22627452.00
2013/07/18,2.90,2.95,2.87,2.89,5766432,16765291.00
2013/07/19,2.88,2.95,2.84,2.85,5542699,16078521.00
2013/07/22,2.83,2.91,2.81,2.91,5200545,15011395.00
2013/07/23,2.89,2.97,2.89,2.95,5105923,15021184.00
2013/07/24,2.94,2.99,2.87,2.98,7553758,22194700.00
2013/07/25,2.97,2.98,2.89,2.91,4192312,12303152.00
2013/07/26,2.90,2.92,2.80,2.85,4876096,13901367.00
2013/07/29,2.82,2.84,2.76,2.78,3995849,11142761.00
2013/07/30,2.78,2.82,2.72,2.78,3457827,9584784.00
2013/07/31,2.78,2.82,2.77,2.79,3246883,9071024.00
2013/08/01,2.80,2.94,2.78,2.92,9889848,28357002.00
2013/08/02,2.91,2.94,2.86,2.87,6984253,20275648.00
2013/08/05,2.87,2.92,2.86,2.91,5210359,15098415.00
2013/08/06,2.90,2.97,2.88,2.95,6863568,20166396.00
2013/08/07,2.94,2.97,2.89,2.90,4786406,13986208.00
2013/08/08,2.88,2.92,2.87,2.90,3346470,9706206.00
2013/08/09,2.91,3.06,2.87,2.97,10587116,31340580.00
2013/08/12,2.96,3.06,2.94,3.02,10784826,32382198.00
2013/08/13,3.01,3.10,2.97,3.05,9306173,28250336.00
2013/08/14,3.04,3.07,3.00,3.01,6626132,20102492.00
2013/08/15,3.02,3.16,3.01,3.06,18294896,56660624.00
2013/08/16,3.03,3.08,2.93,2.95,11368828,34144716.00
2013/08/19,2.92,3.05,2.91,3.02,7241217,21652752.00
2013/08/20,3.01,3.06,2.97,3.00,6803861,20518072.00
2013/08/21,3.00,3.15,2.96,3.12,16805294,51841608.00
2013/08/22,3.09,3.25,3.06,3.17,23526893,74976056.00
2013/08/23,3.15,3.24,3.06,3.12,15932376,50138532.00
2013/08/26,3.13,3.16,3.09,3.15,9765762,30511032.00
2013/08/27,3.14,3.24,3.09,3.19,12880971,40684868.00
2013/08/28,3.16,3.18,3.11,3.13,9228720,28981292.00
2013/08/29,3.15,3.34,3.08,3.23,22380079,71978624.00
2013/08/30,3.21,3.27,3.17,3.19,9050044,29070744.00
2013/09/02,3.19,3.20,3.08,3.14,8001283,25020190.00
2013/09/03,3.13,3.24,3.11,3.20,8604634,27418032.00
2013/09/04,3.18,3.20,3.14,3.15,6969946,22047264.00
2013/09/05,3.15,3.20,3.11,3.14,7125471,22433232.00
2013/09/06,3.14,3.16,3.11,3.13,6593862,20612456.00
2013/09/09,3.13,3.18,3.13,3.15,7597971,23963560.00
2013/09/10,3.16,3.20,3.12,3.19,9657499,30579894.00
2013/09/11,3.19,3.30,3.18,3.24,13369495,43161496.00
2013/09/12,3.23,3.29,3.21,3.24,8824639,28753880.00
2013/09/13,3.23,3.24,3.17,3.19,6850830,21920652.00
2013/09/16,3.19,3.35,3.18,3.35,19104377,62794008.00
2013/09/17,3.31,3.33,3.21,3.21,13227913,43065992.00
2013/09/18,3.22,3.27,3.16,3.25,8096315,26072190.00
2013/09/23,3.26,3.30,3.22,3.29,9784707,31903352.00
2013/09/24,3.29,3.29,3.21,3.24,6447935,20911200.00
2013/09/25,3.24,3.32,3.21,3.29,12554288,41057516.00
2013/09/26,3.28,3.30,3.11,3.11,10778220,34338616.00
2013/09/27,3.11,3.15,3.08,3.10,6340605,19725564.00
2013/09/30,3.11,3.16,3.11,3.13,4706527,14769373.00
2013/10/08,3.13,3.20,3.10,3.18,5710723,18067026.00
2013/10/09,3.18,3.22,3.15,3.22,6177853,19762852.00
2013/10/10,3.20,3.36,3.20,3.26,14526910,47708576.00
2013/10/11,3.26,3.32,3.24,3.28,9101191,29809360.00
2013/10/14,3.28,3.34,3.25,3.29,7115881,23425476.00
2013/10/15,3.29,3.32,3.25,3.28,9009588,29594218.00
2013/10/16,3.28,3.28,3.13,3.16,7606033,24325644.00
2013/10/17,3.18,3.22,3.15,3.16,4087788,12987933.00
2013/10/18,3.17,3.25,3.16,3.22,4575588,14670238.00
2013/10/21,3.23,3.36,3.21,3.34,19346454,64095988.00
2013/10/22,3.32,3.38,3.27,3.36,18235478,60672568.00
2013/10/23,3.33,3.35,3.21,3.25,11225112,36662276.00
2013/10/24,3.25,3.26,3.19,3.22,4756222,15354014.00
2013/10/25,3.23,3.44,3.17,3.36,25467767,84950936.00
2013/10/28,3.35,3.37,3.29,3.34,14346796,47688976.00
2013/10/29,3.31,3.67,3.30,3.63,66506283,238374128.00
2013/10/30,3.50,3.71,3.45,3.61,33916018,121709448.00
2013/10/31,3.55,3.97,3.53,3.97,64746681,251427472.00
2013/11/01,3.88,3.93,3.60,3.70,52805712,198734848.00
2013/11/04,3.80,4.07,3.71,3.98,61177164,243843104.00
2013/11/05,3.91,4.23,3.86,4.02,60579963,244487440.00
2013/11/06,4.00,4.06,3.79,3.85,39902359,156582080.00
2013/11/07,3.82,3.86,3.69,3.79,25592736,96606264.00
2013/11/08,3.88,4.02,3.73,3.78,34816699,134660560.00
2013/11/11,3.65,3.72,3.54,3.67,23489730,85266320.00
2013/11/12,3.67,3.70,3.58,3.70,18328935,66720916.00
2013/11/13,3.66,3.89,3.49,3.83,41564177,151961248.00
2013/11/14,3.70,3.85,3.70,3.78,24424034,92375056.00
2013/11/15,3.76,4.00,3.71,3.79,24201844,92906128.00
2013/11/18,3.80,3.86,3.72,3.85,24502487,92918808.00
2013/11/19,3.81,4.09,3.76,3.96,40265484,158609600.00
2013/11/20,4.10,4.36,4.07,4.36,92397461,398549600.00
2013/11/21,4.32,4.55,4.25,4.34,83095748,363358240.00
2013/11/22,4.26,4.29,4.14,4.19,38139341,160069712.00
2013/11/25,4.16,4.34,4.11,4.13,30073131,127154104.00
2013/11/26,4.10,4.54,4.02,4.54,69979684,303836384.00
2013/11/27,4.45,4.57,4.36,4.40,45955202,204053728.00
2013/11/28,4.39,4.48,4.35,4.39,27267930,119888512.00
2013/11/29,4.41,4.42,4.28,4.37,26387302,114523880.00
2013/12/02,4.23,4.28,3.93,3.93,37702015,152677312.00
2013/12/03,3.85,4.00,3.72,3.96,26138442,101576520.00
2013/12/04,3.93,4.09,3.89,3.97,23123701,92375624.00
2013/12/05,3.92,4.01,3.89,3.89,16928554,66500576.00
2013/12/06,3.86,4.04,3.78,3.96,26449771,102991168.00
2013/12/09,3.97,3.97,3.89,3.95,11516769,45282456.00
2013/12/10,3.94,4.08,3.91,4.03,20214899,81098800.00
2013/12/11,4.01,4.01,3.86,3.91,15029205,58893664.00
2013/12/12,3.85,3.94,3.83,3.87,10116079,39369496.00
2013/12/13,3.84,3.93,3.81,3.88,7113352,27633924.00
2013/12/16,3.85,3.89,3.67,3.69,17509699,65571496.00
2013/12/17,3.66,3.72,3.65,3.68,8266662,30458260.00
2013/12/18,3.68,3.73,3.60,3.63,6942846,25471020.00
2013/12/19,3.64,3.68,3.54,3.56,9051301,32582376.00
2013/12/20,3.56,3.57,3.48,3.49,7599856,26731632.00
2013/12/23,3.50,3.53,3.41,3.48,6337719,22035168.00
2013/12/24,3.48,3.58,3.48,3.53,7111857,25076172.00
2013/12/25,3.55,3.58,3.50,3.56,6185782,21952636.00
2013/12/26,3.55,3.55,3.42,3.43,8134701,28190520.00
2013/12/27,3.43,3.52,3.39,3.49,7140227,24822918.00
2013/12/30,3.50,3.70,3.48,3.63,11444928,40874548.00
2013/12/31,3.63,3.66,3.56,3.62,9782674,35315976.00
2014/01/02,3.62,3.63,3.52,3.62,9440044,33716624.00
2014/01/03,3.59,3.63,3.50,3.55,8296209,29402186.00
2014/01/06,3.51,3.51,3.37,3.38,7072370,24127604.00
2014/01/07,3.39,3.44,3.34,3.41,4234376,14407441.00
2014/01/08,3.41,3.47,3.38,3.47,8349848,28558352.00
2014/01/09,3.44,3.82,3.41,3.69,31201784,114214336.00
2014/01/10,3.63,3.71,3.55,3.61,18289278,66492000.00
2014/01/13,3.61,3.62,3.44,3.49,11817658,41450768.00
2014/01/14,3.48,3.81,3.45,3.67,18008523,65477124.00
2014/01/15,3.64,3.74,3.63,3.71,13975034,51475096.00
2014/01/16,3.69,3.74,3.63,3.65,8416283,31017522.00
2014/01/17,3.63,3.66,3.55,3.61,6753164,24347888.00
2014/01/20,3.57,3.71,3.56,3.64,6891414,25143120.00
2014/01/21,3.63,3.72,3.61,3.67,8628690,31729612.00
2014/01/22,3.67,3.78,3.66,3.75,15362847,57513980.00
2014/01/23,3.74,3.80,3.71,3.71,9786747,36634948.00
2014/01/24,3.69,4.08,3.65,4.08,27199842,108063784.00
2014/01/27,4.10,4.14,3.94,3.98,38238033,154075648.00
2014/01/28,3.96,4.01,3.90,3.94,14609814,57731792.00
2014/01/29,3.96,4.26,3.93,4.12,27807789,113676392.00
2014/01/30,4.08,4.19,4.05,4.07,17434872,71816632.00
2014/02/07,4.03,4.40,3.96,4.28,29838511,125825616.00
2014/02/10,4.35,4.71,4.29,4.71,53579197,240886416.00
2014/02/11,4.75,5.18,4.72,5.18,74263583,372102848.00
2014/02/12,5.27,5.70,5.20,5.70,55730330,306091104.00
2014/02/13,6.19,6.27,5.83,5.97,156222477,942003520.00
2014/02/14,6.01,6.02,5.72,5.85,97219655,568773632.00
2014/02/17,5.80,6.29,5.75,5.98,129101770,776283264.00
2014/02/18,5.85,5.93,5.71,5.87,74657532,432719488.00
2014/02/19,5.72,5.85,5.62,5.74,58362992,334945632.00
2014/02/20,5.82,5.94,5.41,5.45,77089724,440696256.00
2014/02/21,5.35,5.57,5.28,5.50,53683710,291370944.00
2014/02/24,5.50,5.53,5.33,5.51,32514531,176370112.00
2014/02/25,5.56,5.56,4.96,4.96,63742628,330936448.00
2014/02/26,4.87,5.04,4.81,4.97,42885601,211305328.00
2014/02/27,4.99,5.13,4.75,4.80,50361802,250843184.00
2014/02/28,4.75,5.11,4.74,5.02,48961885,241075888.00
2014/03/03,4.95,5.06,4.91,5.00,36340309,181075184.00
2014/03/04,4.94,5.03,4.85,5.01,28659967,141671232.00
2014/03/05,5.02,5.17,4.95,5.08,52029636,264431904.00
2014/03/06,5.05,5.29,4.99,5.20,44983098,232842816.00
2014/03/07,5.17,5.17,4.96,4.99,33119746,167731904.00
2014/03/10,4.90,4.90,4.49,4.51,40353604,186738448.00
2014/03/11,4.45,4.59,4.45,4.56,19685013,88945064.00
2014/03/12,4.55,4.62,4.40,4.55,19929678,90075720.00
2014/03/13,4.53,4.77,4.50,4.62,22726904,105590384.00
2014/03/14,4.55,4.70,4.47,4.55,16652238,75672352.00
2014/03/17,4.53,4.69,4.47,4.68,18362461,84642520.00
2014/03/18,4.65,4.72,4.62,4.66,17419076,81320456.00
2014/03/19,4.64,4.85,4.54,4.72,31155128,147713280.00
2014/03/20,4.65,4.73,4.43,4.45,19112230,87874840.00
2014/03/21,4.43,4.58,4.37,4.56,18370618,82296752.00
2014/03/24,4.54,4.67,4.50,4.63,19472953,89276264.00
2014/03/25,4.59,4.97,4.55,4.72,37959477,180952480.00
2014/03/26,4.67,4.80,4.64,4.75,21035170,99291568.00
2014/03/27,4.68,4.78,4.56,4.64,19156940,89659872.00
2014/03/28,4.61,4.66,4.42,4.43,17793298,80439488.00
2014/03/31,4.50,4.55,4.38,4.42,9479803,42312888.00
2014/04/01,4.40,4.63,4.38,4.58,14549107,65888176.00
2014/04/02,4.55,4.61,4.48,4.52,11914355,54306304.00
2014/04/03,4.52,4.76,4.50,4.69,30611349,143141248.00
2014/04/04,4.65,4.74,4.63,4.74,15766386,73980992.00
2014/04/08,4.73,4.84,4.70,4.78,18563280,88813320.00
2014/04/09,4.79,4.98,4.77,4.93,27616325,135382928.00
2014/04/10,4.94,4.98,4.85,4.87,23943208,117293384.00
2014/04/11,4.88,4.90,4.77,4.84,15482822,74720344.00
2014/04/14,4.85,4.94,4.80,4.85,15174229,73968280.00
2014/04/15,4.83,4.94,4.77,4.82,15525952,75657624.00
2014/04/16,4.81,5.13,4.81,5.00,37421993,186265024.00
2014/04/17,5.00,5.00,4.91,4.97,16980963,84259688.00
2014/04/18,4.95,4.96,4.82,4.84,15654286,76278688.00
2014/04/21,4.79,4.83,4.56,4.59,16060532,75976880.00
2014/04/22,4.57,4.63,4.45,4.59,15517237,70527096.00
2014/04/23,4.60,4.60,4.49,4.52,10046461,45534980.00
2014/04/24,4.53,4.57,4.44,4.46,8761933,39372888.00
2014/04/25,4.48,4.50,4.30,4.31,9785635,43215336.00
2014/04/28,4.28,4.29,4.03,4.06,11516128,47249744.00
2014/04/29,4.04,4.19,4.04,4.18,7343288,30240884.00
2014/04/30,4.18,4.27,4.15,4.22,7582507,31849020.00
2014/05/05,4.19,4.31,4.15,4.28,6419678,27048804.00
2014/05/06,4.28,4.33,4.22,4.29,5995650,25675914.00
2014/05/07,4.25,4.27,4.09,4.11,7132096,29851472.00
2014/05/08,4.08,4.27,4.08,4.16,6744038,28287468.00
2014/05/09,4.16,4.20,4.08,4.16,6025272,24931728.00
2014/05/12,4.21,4.32,4.19,4.29,7641138,32584360.00
2014/05/13,4.29,4.32,4.23,4.31,5962826,25564164.00
2014/05/14,4.31,4.45,4.26,4.37,10962183,47834880.00
2014/05/15,4.35,4.37,4.21,4.22,6511299,27937326.00
2014/05/16,4.24,4.31,4.19,4.28,6271266,26662740.00
2014/05/19,4.27,4.32,4.21,4.26,4158516,17730448.00
2014/05/20,4.28,4.36,4.26,4.31,5950043,25641008.00
2014/05/21,4.30,4.38,4.24,4.37,6504077,28127412.00
2014/05/22,4.34,4.40,4.32,4.33,5448328,23738624.00
2014/05/23,4.32,4.76,4.29,4.63,47082216,219790048.00
2014/05/26,4.53,4.61,4.47,4.59,25928752,117559456.00
2014/05/27,4.55,4.68,4.48,4.50,15843931,72473296.00
2014/05/28,4.52,4.67,4.47,4.65,16381513,75517720.00
2014/05/29,4.62,4.69,4.52,4.55,12464078,57186476.00
2014/05/30,4.55,4.69,4.43,4.68,20505120,93734176.00
2014/06/03,4.82,4.92,4.62,4.63,22035833,104681080.00
2014/06/04,4.55,4.59,4.44,4.55,12757207,57739092.00
2014/06/05,4.51,4.62,4.50,4.60,7583961,34725560.00
2014/06/06,4.60,4.60,4.52,4.53,7876617,35868296.00
2014/06/09,4.51,4.53,4.41,4.42,8464400,37850216.00
2014/06/10,4.45,4.62,4.40,4.57,10639729,48072640.00
2014/06/11,4.54,4.59,4.50,4.54,8921074,40541184.00
2014/06/12,4.50,4.55,4.45,4.48,8596183,38588208.00
2014/06/13,4.48,4.62,4.45,4.54,11629090,52926600.00
2014/06/16,4.54,4.60,4.51,4.57,10216761,46575324.00
2014/06/17,4.56,4.57,4.44,4.46,9345864,41988648.00
2014/06/18,4.45,4.50,4.33,4.35,9469900,41791968.00
2014/06/19,4.34,4.36,4.12,4.19,10882706,46057940.00
2014/06/20,4.20,4.26,4.17,4.24,4991351,21077150.00
2014/06/23,4.24,4.40,4.23,4.31,7923266,34264704.00
2014/06/24,4.30,4.33,4.27,4.30,4153161,17856960.00
2014/06/25,4.30,4.31,4.24,4.28,3907499,16671814.00
2014/06/26,4.29,4.35,4.28,4.35,6186208,26769608.00
2014/06/27,4.34,4.42,4.31,4.36,9374337,40882256.00
2014/06/30,4.35,4.59,4.35,4.48,19814481,88806736.00
2014/07/01,4.46,4.54,4.44,4.49,9291580,41560144.00
2014/07/02,4.49,4.52,4.43,4.49,10161484,45519584.00
2014/07/03,4.50,4.66,4.46,4.55,17375113,79430096.00
2014/07/04,4.51,4.55,4.45,4.50,9594036,43180236.00
2014/07/07,4.49,4.58,4.46,4.50,6597275,29775348.00
2014/07/08,4.51,4.53,4.44,4.51,6864949,30734384.00
2014/07/09,4.51,4.51,4.29,4.31,11312911,49804312.00
2014/07/10,4.30,4.37,4.29,4.33,7623416,33036188.00
2014/07/11,4.32,4.42,4.29,4.36,6778553,29684192.00
2014/07/14,4.40,4.54,4.37,4.49,11059812,49556520.00
2014/07/15,4.45,4.57,4.43,4.57,16620310,74930424.00
2014/07/16,4.58,4.66,4.53,4.56,19315258,88581248.00
2014/07/17,4.56,4.64,4.50,4.54,15706678,71850864.00
2014/07/18,4.55,4.56,4.46,4.46,9670572,43732112.00
2014/07/21,4.45,4.50,4.41,4.47,8440785,37591384.00
2014/07/22,4.45,4.61,4.44,4.54,17205360,77983944.00
2014/07/23,4.55,4.57,4.40,4.41,13659547,61355344.00
2014/07/24,4.43,4.52,4.41,4.47,9990028,44494388.00
2014/07/25,4.48,4.57,4.45,4.55,11334416,51169776.00
2014/07/28,4.55,4.64,4.54,4.61,17886218,82167880.00
2014/07/29,4.62,4.71,4.58,4.65,22262386,103629664.00
2014/07/30,4.65,4.78,4.59,4.75,25832931,120883824.00
2014/07/31,4.74,4.84,4.65,4.80,20821891,97998000.00
2014/08/01,4.74,4.80,4.62,4.63,19734391,93062912.00
2014/08/04,4.67,4.79,4.67,4.72,17417343,82330912.00
2014/08/05,4.74,4.84,4.67,4.81,21749964,103669280.00
2014/08/06,4.81,4.81,4.72,4.77,15003712,71545928.00
2014/08/07,4.77,4.80,4.64,4.65,15521829,73153520.00
2014/08/08,4.62,4.75,4.62,4.69,10743984,50530404.00
2014/08/11,4.69,4.83,4.67,4.76,17218733,81886368.00
2014/08/12,4.78,4.96,4.75,4.86,30955915,151367584.00
2014/08/13,4.85,5.35,4.78,5.35,37813771,194009552.00
2014/08/14,5.51,5.89,5.45,5.51,109463774,615850240.00
2014/08/15,5.42,5.84,5.34,5.64,82430077,459774368.00
2014/08/18,5.53,5.98,5.45,5.90,81313379,470908544.00
2014/08/19,5.80,5.85,5.66,5.79,54753446,314537472.00
2014/08/20,5.75,5.77,5.52,5.54,44486816,249618432.00
2014/08/21,5.56,5.74,5.47,5.61,36889910,206596032.00
2014/08/22,5.56,5.60,5.49,5.56,23485024,130014792.00
2014/08/25,5.50,5.54,5.36,5.42,24553193,132952024.00
2014/08/26,5.40,5.42,5.22,5.26,22251339,118442104.00
2014/08/27,5.30,5.33,5.19,5.25,14503988,76216072.00
2014/08/28,5.26,5.37,5.24,5.25,17083960,90566400.00
2014/08/29,5.23,5.35,5.23,5.32,13984575,74063968.00
2014/09/01,5.32,5.45,5.32,5.39,17316789,93383704.00
2014/09/02,5.41,5.47,5.37,5.45,19949945,108068296.00
2014/09/03,5.46,5.54,5.42,5.46,22637845,123881304.00
2014/09/04,5.48,5.76,5.44,5.60,38077506,213353728.00
2014/09/05,5.58,5.59,5.47,5.53,24945956,137713168.00
2014/09/09,5.54,5.57,5.42,5.52,24110449,132457112.00
2014/09/10,5.51,5.66,5.45,5.56,26971843,150318256.00
2014/09/11,5.57,5.63,5.45,5.49,24305130,134633040.00
2014/09/12,5.52,5.82,5.49,5.72,45747085,258840352.00
2014/09/15,5.73,5.75,5.65,5.71,27020792,153786464.00
2014/09/16,5.70,5.70,5.37,5.40,31218938,173241472.00
2014/09/17,5.39,5.54,5.25,5.46,22032204,118262016.00
2014/09/18,5.38,5.49,5.36,5.47,13033663,70697672.00
2014/09/19,5.43,5.52,5.41,5.51,14799346,81051720.00
2014/09/22,5.60,5.85,5.46,5.71,59281365,338706880.00
2014/09/23,5.61,5.71,5.56,5.69,32824161,185096080.00
2014/09/24,5.66,5.79,5.62,5.75,28736856,164750048.00
2014/09/25,5.77,5.82,5.57,5.61,29331362,166975840.00
2014/09/26,5.62,5.67,5.58,5.60,16102461,90466288.00
2014/09/29,5.63,5.68,5.61,5.68,18006128,101797464.00
2014/09/30,5.68,5.78,5.64,5.74,23393262,133873008.00
2014/10/08,5.75,6.23,5.67,6.06,60715365,362060384.00
2014/10/09,6.04,6.04,5.87,5.94,34275674,203678032.00
2014/10/10,5.91,6.04,5.87,5.94,23600051,140571680.00
2014/10/13,5.92,5.93,5.70,5.81,21502448,124510192.00
2014/10/14,5.83,5.88,5.65,5.86,24556396,142218128.00
2014/10/15,5.80,6.17,5.71,6.08,48740573,291972000.00
2014/10/16,5.98,6.06,5.84,5.87,32279502,192774688.00
2014/10/17,5.81,5.85,5.51,5.63,27095875,153436544.00
2014/10/20,5.64,5.69,5.59,5.67,15438629,87061264.00
2014/10/21,5.67,5.71,5.51,5.51,17526410,98145424.00
2014/10/22,5.51,5.57,5.43,5.47,15768750,86701072.00
2014/10/23,5.47,5.52,5.30,5.43,16348047,88494144.00
2014/10/24,5.44,5.46,5.33,5.36,8861820,47902028.00
2014/10/27,5.40,5.63,5.34,5.49,15812128,86797856.00
2014/10/28,5.51,5.61,5.47,5.59,19809364,109996256.00
2014/10/29,5.61,5.76,5.59,5.71,24918253,141316480.00
2014/10/30,5.72,5.73,5.55,5.61,22478894,126860208.00
2014/10/31,5.63,5.68,5.56,5.63,13425115,75362520.00
2014/11/03,5.63,5.73,5.60,5.69,19562634,110938272.00
2014/11/04,5.68,5.68,5.58,5.60,16258937,91269040.00
2014/11/05,5.60,5.66,5.55,5.60,12107372,67955984.00
2014/11/06,5.62,5.79,5.58,5.76,34322761,196035920.00
2014/11/07,5.71,5.76,5.55,5.57,24615251,139568944.00
2014/11/10,5.53,5.60,5.49,5.60,12850268,71341840.00
2014/11/11,5.61,5.62,5.23,5.27,22475370,121392784.00
2014/11/12,5.26,5.34,5.22,5.34,10475485,55484960.00
2014/11/13,5.33,5.35,5.11,5.19,16180071,84332144.00
2014/11/14,5.15,5.22,5.11,5.20,7053113,36470200.00
2014/11/17,5.20,5.30,5.20,5.25,7917675,41574828.00
2014/11/18,5.26,5.35,5.21,5.34,11808662,62655000.00
2014/11/19,5.34,5.43,5.31,5.39,11346699,60949228.00
2014/11/20,5.36,5.43,5.36,5.40,11162456,60394824.00
2014/11/21,5.40,5.60,5.40,5.49,17492774,95854400.00
2014/11/24,5.51,5.68,5.48,5.59,34735126,193908112.00
2014/11/25,5.57,5.75,5.53,5.69,37938830,214180256.00
2014/11/26,5.70,5.72,5.62,5.71,32724838,185660656.00
2014/11/27,5.69,5.69,5.54,5.61,24462786,137540000.00
2014/11/28,5.59,5.61,5.52,5.56,14491436,80669776.00
2014/12/01,5.57,5.72,5.53,5.67,16943447,94871200.00
2014/12/02,5.69,5.74,5.63,5.65,25078817,142619344.00
2014/12/03,5.65,5.76,5.55,5.75,34431011,194541024.00
2014/12/04,5.74,5.81,5.69,5.76,27945713,160698048.00
2014/12/05,5.75,5.75,5.39,5.43,27586683,152644416.00
2014/12/08,5.43,5.52,5.40,5.46,16331535,89052760.00
2014/12/09,5.42,5.44,5.16,5.16,26174584,138708912.00
2014/12/10,5.09,5.29,5.07,5.28,12113347,62971004.00
2014/12/11,5.24,5.37,5.22,5.36,13236295,70034656.00
2014/12/12,5.36,5.42,5.32,5.40,10909342,58720524.00
2014/12/15,5.38,5.48,5.36,5.47,12303434,66913096.00
2014/12/16,5.47,5.49,5.38,5.45,12524539,68036672.00
2014/12/17,5.44,5.44,5.23,5.29,15055317,80161464.00
2014/12/18,5.25,5.34,5.24,5.26,9380199,49549228.00
2014/12/19,5.25,5.25,5.09,5.18,14372228,74323472.00
2014/12/22,5.12,5.15,4.80,4.82,18146038,89461816.00
2014/12/23,4.81,4.94,4.80,4.82,7717102,37659080.00
2014/12/24,4.86,5.01,4.83,5.00,9703222,47912664.00
2014/12/25,4.98,5.11,4.97,5.06,8382320,42443456.00
2014/12/26,5.05,5.34,5.04,5.19,15911864,83058480.00
2014/12/29,5.15,5.20,5.00,5.07,10063666,51194852.00
2014/12/30,5.07,5.08,4.87,4.88,9343105,46264352.00
2014/12/31,4.89,4.96,4.88,4.95,5975009,29400352.00
2015/01/05,4.95,5.02,4.86,4.99,12870612,63578504.00
2015/01/06,4.95,5.08,4.92,5.07,12647893,63115700.00
2015/01/07,5.04,5.08,4.96,5.02,9239811,46425852.00
2015/01/08,5.00,5.18,4.97,5.15,18552935,94401432.00
2015/01/09,5.11,5.23,5.08,5.10,16184617,83578920.00
2015/01/12,5.07,5.17,5.03,5.14,11058828,56518032.00
2015/01/13,5.12,5.31,5.10,5.23,25075559,131631328.00
2015/01/14,5.22,5.25,5.08,5.11,9730986,50117300.00
2015/01/15,5.12,5.16,5.08,5.12,6723914,34417040.00
2015/01/16,5.11,5.43,5.10,5.30,39531607,210401696.00
2015/01/19,5.19,5.56,5.11,5.26,44855327,239407776.00
2015/01/20,5.24,5.50,5.24,5.48,29084845,157946192.00
2015/01/21,5.48,5.56,5.43,5.51,26196232,144465232.00
2015/01/22,5.51,5.71,5.47,5.66,33356158,186928672.00
2015/01/23,5.66,5.72,5.54,5.60,25822100,145712608.00
2015/01/26,5.60,5.67,5.55,5.62,17166755,96461488.00
2015/01/27,5.60,5.80,5.53,5.79,36493865,207196880.00
2015/01/28,5.75,5.80,5.64,5.70,20196504,115828488.00
2015/01/29,5.64,5.67,5.49,5.51,23674847,131899728.00
2015/01/30,5.52,5.78,5.51,5.66,29499058,167560432.00
2015/02/02,5.65,5.84,5.53,5.73,23292723,133324072.00
2015/02/03,5.73,5.81,5.69,5.78,15951030,91675040.00
2015/02/04,5.80,6.10,5.73,5.98,40298103,240346064.00
2015/02/05,5.98,6.09,5.89,5.90,27538725,164654336.00
2015/02/06,5.87,5.97,5.60,5.80,28469853,164235008.00
2015/02/09,5.73,5.95,5.67,5.92,22860001,133573360.00
2015/02/10,5.90,5.96,5.73,5.79,15122176,87974440.00
2015/02/11,5.76,5.82,5.67,5.73,14961864,85618808.00
2015/02/12,5.71,6.30,5.70,6.30,86393804,534570048.00
2015/02/13,6.30,6.32,6.10,6.18,61989783,384667264.00
2015/02/16,6.18,6.40,6.09,6.32,55828878,349394944.00
2015/02/17,6.33,6.36,6.24,6.29,23430300,147462768.00
2015/02/25,6.30,6.92,6.20,6.78,55329184,366526912.00
2015/02/26,6.70,6.89,6.61,6.79,31181742,210443520.00
2015/02/27,6.76,7.14,6.70,6.84,36595478,253016832.00
2015/03/02,6.78,6.95,6.73,6.89,27883839,190429040.00
2015/03/03,6.84,6.87,6.62,6.69,28796520,193549456.00
2015/03/04,6.68,6.89,6.66,6.83,21784312,147297904.00
2015/03/05,6.85,6.85,6.55,6.71,18502998,123736016.00
2015/03/06,6.71,6.88,6.60,6.78,21102837,142127216.00
2015/03/09,6.78,7.09,6.70,6.97,27092309,188477568.00
2015/03/10,7.02,7.04,6.91,6.93,16097865,112022928.00
2015/03/11,6.90,7.04,6.68,6.83,18669421,127996184.00
2015/03/12,6.79,6.90,6.66,6.73,18696685,126410384.00
2015/03/13,6.72,6.88,6.59,6.80,17867452,120375944.00
2015/03/16,6.81,7.00,6.70,6.95,22944200,158770832.00
2015/03/17,6.96,7.27,6.92,7.12,32307775,230311632.00
2015/03/18,7.09,7.45,7.07,7.38,30558683,220532640.00
2015/03/19,7.33,7.35,7.13,7.23,28963851,209799584.00
2015/03/20,7.19,7.31,7.15,7.26,20696538,149840480.00
2015/03/23,7.26,7.59,7.16,7.53,35651549,261272928.00
2015/03/24,7.51,7.52,7.10,7.30,34965102,255175712.00
2015/03/25,7.26,7.47,7.18,7.37,23615766,173714320.00
2015/03/26,7.32,7.35,7.15,7.21,24677042,178356944.00
2015/03/27,7.17,7.55,7.16,7.39,28369643,210004560.00
2015/03/30,7.40,7.49,7.26,7.39,21245372,156195376.00
2015/03/31,7.38,7.52,7.30,7.41,25428498,188792624.00
2015/04/01,7.41,7.82,7.38,7.68,35906537,273642624.00
2015/04/02,7.65,7.95,7.63,7.80,29888104,232444784.00
2015/04/03,7.76,8.00,7.65,7.90,26607900,209410384.00
2015/04/07,7.88,8.25,7.80,8.10,33678790,271564224.00
2015/04/08,8.11,8.16,7.65,7.86,33201871,262804464.00
2015/04/09,7.85,7.85,7.30,7.62,29447773,223589968.00
2015/04/10,7.60,7.98,7.55,7.84,24132916,188754848.00
2015/04/13,7.84,8.34,7.77,8.26,45729140,368785792.00
2015/04/14,8.28,9.09,8.20,8.81,65029773,570148608.00
2015/04/15,8.67,9.69,8.66,9.27,63506800,594161472.00
2015/04/16,9.25,9.47,8.67,9.29,33281882,304731264.00
2015/04/17,9.21,9.45,9.06,9.18,32282862,296223648.00
2015/04/20,9.15,9.15,8.61,8.66,39196188,345476672.00
2015/04/21,8.64,9.14,8.61,9.13,28502909,252791072.00
2015/04/22,9.16,10.04,9.15,10.04,58912071,584000512.00
2015/04/23,10.09,10.28,9.71,10.17,47063438,471239936.00
2015/04/24,9.87,10.12,9.67,9.87,42281394,418404736.00
2015/04/27,9.92,10.03,9.72,9.98,25173097,248832384.00
2015/04/28,9.98,9.98,8.98,9.11,57135151,532446784.00
2015/04/29,9.10,9.27,8.74,9.18,21585755,196465760.00
2015/04/30,9.23,9.24,9.00,9.07,19579201,177845488.00
2015/05/04,9.00,9.18,8.82,9.04,22341926,200841552.00
2015/05/05,9.01,9.80,8.98,9.50,46123976,430291808.00
2015/05/06,9.35,9.78,9.18,9.35,33387080,316584896.00
2015/05/07,9.34,9.34,8.42,8.82,35017912,308963392.00
2015/05/08,8.82,9.33,8.82,9.18,23589788,214283216.00
2015/05/11,9.30,9.70,9.10,9.62,35586396,338021280.00
2015/05/12,9.60,9.86,9.44,9.77,45951581,444502624.00
2015/05/13,9.73,10.12,9.50,9.89,35286919,344662304.00
2015/05/14,9.83,10.88,9.76,10.88,55030596,574876736.00
2015/05/22,11.97,11.97,11.97,11.97,969475,11604616.00
2015/05/25,13.17,13.17,13.17,13.17,431057,5677021.00
2015/05/26,14.49,14.49,12.95,14.28,291466276,3991566336.00
2015/05/27,13.60,15.44,13.20,14.91,192305473,2710547456.00
2015/05/28,14.65,15.29,13.42,13.42,122413882,1768806144.00
2015/05/29,13.20,14.10,12.30,13.60,96168978,1297261952.00
2015/06/01,13.65,14.28,13.35,14.15,76586011,1072747840.00
2015/06/02,14.16,14.57,13.70,14.18,72621472,1023206592.00
2015/06/03,14.19,15.28,13.42,14.88,95934692,1371156736.00
2015/06/04,14.87,16.37,14.32,16.37,110018591,1694436096.00
2015/06/05,16.99,18.01,16.97,18.01,58869623,1042857792.00
2015/06/08,19.00,19.00,16.51,16.77,127061851,2229740800.00
2015/06/09,16.36,17.52,16.01,17.30,70064300,1186226048.00
2015/06/10,16.94,19.01,16.71,18.11,70617458,1282415744.00
2015/06/11,17.99,18.48,17.50,17.78,50985500,907538688.00
2015/06/12,17.80,18.15,17.21,17.63,58557413,1031353088.00
2015/06/15,17.40,17.89,17.20,17.23,43613124,759319616.00
2015/06/16,17.00,17.80,15.96,17.33,68960081,1163854080.00
2015/06/17,17.11,18.00,17.00,17.81,62570692,1092034688.00
2015/06/18,17.75,19.19,17.57,17.95,71533440,1323513472.00
2015/06/19,17.51,18.78,16.80,17.58,78321399,1400238592.00
2015/06/23,17.65,18.00,15.82,16.28,74408733,1235264768.00
2015/06/24,16.30,16.75,15.60,16.34,48779437,794964160.00
2015/06/25,16.26,16.80,15.92,16.45,53269295,874817280.00
2015/06/26,15.92,16.21,14.88,16.01,74480801,1162381312.00
2015/06/29,16.54,16.72,14.97,16.02,70779339,1119822976.00
2015/06/30,15.96,16.51,14.90,16.21,77307551,1220927232.00
2015/07/01,16.25,16.50,15.68,15.94,70776271,1133540992.00
2015/07/02,15.00,16.15,14.35,15.01,99176379,1503494400.00
2015/07/03,14.50,15.02,13.51,13.70,86207602,1200959744.00
2015/07/06,15.00,15.00,12.33,12.33,41624541,565068224.00
2015/07/07,11.10,11.10,11.10,11.10,1988400,22071240.00
2015/07/08,9.99,9.99,9.99,9.99,358600,3582414.00
2015/07/09,8.99,10.99,8.99,10.99,95093815,962097536.00
2015/07/10,10.98,12.09,10.50,12.09,101641895,1196921600.00
2015/07/13,12.16,13.12,11.80,12.54,143981633,1796803072.00
2015/07/14,11.99,12.49,11.29,11.29,117152680,1390643456.00
2015/07/15,10.50,10.51,10.16,10.16,41288481,420952992.00
2015/07/16,9.14,10.10,9.14,9.22,131646339,1237903744.00
2015/07/17,9.21,9.98,9.01,9.72,96434471,915111744.00
2015/07/20,9.72,10.25,9.51,10.09,92741162,919290816.00
2015/07/21,9.90,11.10,9.71,11.10,91424380,966293632.00
2015/07/22,11.30,11.55,10.47,11.02,104458058,1151696128.00
2015/07/23,10.99,11.56,10.70,11.37,79029416,883028032.00
2015/07/24,11.37,11.88,10.70,11.00,90730661,1031697088.00
2015/07/27,10.60,10.92,9.90,9.90,67775912,702592960.00
2015/07/28,8.92,9.85,8.91,8.91,93601849,844529856.00
2015/07/29,9.08,9.29,8.10,9.20,77936208,679937280.00
2015/07/30,9.00,9.20,8.38,8.50,67588758,605868864.00
2015/07/31,8.30,8.51,7.99,8.07,52306820,431617024.00
2015/08/03,7.90,7.98,7.26,7.27,64444970,480492640.00
2015/08/04,7.35,8.00,7.25,8.00,61787805,472996320.00
2015/08/05,7.99,8.45,7.90,8.11,77807643,636932160.00
2015/08/06,7.90,8.11,7.80,7.89,37488071,298092832.00
2015/08/07,8.06,8.54,8.01,8.41,56947269,472648864.00
2015/08/10,8.48,9.11,8.42,8.95,71131752,625487616.00
2015/08/11,8.97,9.41,8.65,9.14,81274526,733522688.00
2015/08/12,8.99,9.28,8.78,8.82,52124147,469796192.00
2015/08/13,8.71,9.47,8.71,9.37,72255262,660670336.00
2015/08/14,9.39,10.31,9.30,10.31,123714629,1237289856.00
2015/08/17,10.18,10.60,9.80,10.58,100668068,1025079360.00
2015/08/18,10.35,10.36,9.52,9.52,87617811,867214656.00
2015/08/19,8.85,9.74,8.59,9.50,72000785,654956864.00
2015/08/20,9.36,10.29,9.02,9.27,72280920,698688896.00
2015/08/21,8.86,9.15,8.34,8.39,56897225,496821728.00
2015/08/24,7.66,8.00,7.55,7.55,41259000,314447840.00
2015/08/25,6.81,7.13,6.80,6.80,40367561,277825344.00
2015/08/26,6.79,7.10,6.12,6.13,54809535,362075360.00
2015/08/27,6.35,6.51,5.80,6.48,44895497,279225856.00
2015/08/28,6.58,7.10,6.42,7.08,51786516,347520928.00
2015/08/31,7.04,7.05,6.62,6.67,40214460,273313216.00
2015/09/01,6.71,6.90,6.00,6.00,42848151,271473760.00
2015/09/02,5.65,6.16,5.42,5.48,39737569,226200864.00
2015/09/07,5.67,6.03,5.61,5.78,35660357,207776368.00
2015/09/08,5.80,6.36,5.71,6.36,50676400,310261728.00
2015/09/09,6.60,6.86,6.41,6.67,64888481,427334272.00
2015/09/10,6.43,6.70,6.35,6.42,36998110,241390464.00
2015/09/11,6.50,6.75,6.42,6.61,35266664,232091808.00
2015/09/14,6.64,6.66,5.95,5.95,35744950,222618192.00
2015/09/15,5.65,5.80,5.36,5.36,33853724,187241616.00
2015/09/16,5.43,5.90,5.36,5.90,34944128,195709824.00
2015/09/17,5.92,6.19,5.71,5.73,44986984,267606848.00
2015/09/18,5.78,6.09,5.67,6.07,36145368,212549264.00
2015/09/21,5.90,6.56,5.85,6.42,43021735,266211584.00
2015/09/22,6.40,6.55,6.18,6.36,41757391,265898848.00
2015/09/23,6.22,6.37,6.09,6.18,30935190,192263200.00
2015/09/24,6.24,6.45,6.20,6.39,34948043,221878976.00
2015/09/25,6.30,6.39,5.99,6.06,29951200,184467104.00
2015/09/28,6.12,6.28,5.95,6.24,27439873,168683488.00
2015/09/29,6.09,6.17,5.90,6.02,23595040,143272976.00
2015/09/30,6.08,6.14,6.00,6.04,15119589,91605952.00
2015/10/08,6.25,6.49,6.16,6.32,31933623,201795648.00
2015/10/09,6.31,6.79,6.25,6.63,48710540,320870848.00
2015/10/12,6.59,7.10,6.51,6.94,52654134,360760736.00
2015/10/13,6.87,7.15,6.81,7.08,43614313,305334784.00
2015/10/14,7.04,7.16,6.89,6.91,41319508,289461728.00
2015/10/15,6.87,7.25,6.87,7.21,48428210,343869280.00
2015/10/16,7.22,7.36,7.03,7.28,51528968,371163104.00
2015/10/19,7.28,7.72,7.20,7.47,64262470,474609280.00
2015/10/20,7.35,7.69,7.31,7.56,55277153,413977312.00
2015/10/21,7.55,8.20,7.03,7.16,108283713,840104832.00
2015/10/22,7.10,7.54,7.02,7.48,57405832,418701344.00
2015/10/23,7.48,7.80,7.31,7.71,61162176,463123712.00
2015/10/26,7.75,7.94,7.49,7.70,47293889,364299968.00
2015/10/27,7.70,7.71,7.15,7.62,49476710,368043584.00
2015/10/28,7.51,7.74,7.25,7.32,40249089,302558560.00
2015/10/29,7.40,7.72,7.32,7.53,43017290,324118976.00
2015/10/30,7.48,7.73,7.30,7.47,40290256,302933216.00
2015/11/02,6.72,7.20,6.72,6.79,66863915,463687968.00
2015/11/03,6.85,6.93,6.72,6.79,28287534,192640976.00
2015/11/04,6.81,7.26,6.81,7.20,47527104,335016992.00
2015/11/05,7.22,7.54,7.08,7.37,61246584,445026176.00
2015/11/06,7.30,7.76,7.30,7.60,60307773,456716352.00
2015/11/09,7.50,7.75,7.37,7.65,54530820,413528448.00
2015/11/10,7.57,8.06,7.53,7.85,65523174,511670816.00
2015/11/11,7.81,8.06,7.70,7.98,46577867,366798752.00
2015/11/12,7.98,8.26,7.88,8.09,57879763,467009408.00
2015/11/13,7.98,8.90,7.91,8.44,131300514,1138507264.00
2015/11/16,8.16,8.67,8.01,8.63,76003922,628757952.00
2015/11/17,8.75,8.79,8.26,8.31,60997823,518119264.00
2015/11/18,8.26,8.52,8.06,8.13,38778348,322160896.00
2015/11/19,8.15,8.78,8.15,8.55,64017475,541805056.00
2015/11/20,8.55,8.72,8.49,8.60,50771254,436892896.00
2015/11/23,8.60,8.98,8.39,8.76,73293762,639755200.00
2015/11/24,8.70,8.75,8.50,8.72,35752214,308615424.00
2015/11/25,8.70,9.12,8.66,8.86,53214779,474841664.00
2015/11/26,8.86,9.28,8.80,9.18,62176362,565456256.00
2015/11/27,9.16,9.18,8.26,8.29,61248421,534474816.00
2015/11/30,8.28,8.48,7.56,8.16,49387398,401487296.00
2015/12/01,8.14,8.45,8.05,8.33,35719383,294350144.00
2015/12/02,8.29,8.61,7.72,8.49,38343015,313594304.00
2015/12/03,8.40,8.69,8.36,8.68,39161668,335234560.00
2015/12/04,8.70,8.75,8.40,8.48,33534735,287677728.00
2015/12/07,8.55,9.33,8.52,9.33,107318900,984342080.00
2015/12/08,9.35,10.10,9.26,9.51,135155527,1304892928.00
2015/12/09,9.32,10.46,9.12,10.46,134160371,1339602304.00
2015/12/10,10.14,11.51,10.02,11.51,139416897,1517567360.00
2015/12/11,11.70,12.66,11.36,11.68,215738084,2612806912.00
2015/12/14,11.35,12.29,11.05,11.55,151939817,1768472832.00
2015/12/15,11.36,12.18,11.17,11.99,128502240,1506107264.00
2015/12/16,11.87,12.04,11.21,11.38,114298512,1320444416.00
2015/12/17,11.32,12.30,11.25,12.05,128331927,1500906240.00
2015/12/18,11.81,11.99,11.52,11.75,80575176,948434304.00
2015/12/21,11.70,12.46,11.62,11.69,95862930,1150750336.00
2015/12/22,11.31,11.50,11.03,11.29,89709185,1011505216.00
2015/12/23,11.23,11.31,10.80,10.87,64106926,706226112.00
2015/12/24,10.86,11.17,10.71,10.95,45867566,503513568.00
2015/12/25,10.86,11.99,10.85,11.59,88879900,1023692160.00
2015/12/28,11.46,11.56,10.94,10.98,64253376,720018176.00
2015/12/29,10.87,11.31,10.81,11.24,39720967,440243424.00
2015/12/30,11.24,11.48,11.05,11.42,47185020,533905856.00
2015/12/31,11.32,11.42,10.94,10.99,35705133,397540864.00
2016/01/04,10.95,10.95,9.89,9.89,36903993,375725344.00
2016/01/05,8.92,9.68,8.90,9.12,53319861,491363328.00
2016/01/06,9.20,9.40,9.00,9.34,40108758,369904416.00
2016/01/07,9.12,9.12,8.41,8.41,13588004,116717008.00
2016/01/08,8.60,8.68,7.61,8.15,49667791,406608640.00
2016/01/11,7.90,7.95,7.34,7.34,38854408,296114112.00
2016/01/12,7.26,7.55,6.94,7.35,35183819,256516480.00
2016/01/13,7.44,7.50,6.90,6.92,31725806,230371360.00
2016/01/14,6.62,7.29,6.57,7.23,35249540,246279104.00
2016/01/15,7.16,7.59,7.05,7.16,47499374,346705664.00
2016/01/18,6.96,7.50,6.85,7.31,34368740,249226176.00
2016/01/19,7.31,7.66,7.20,7.65,43967787,328211168.00
2016/01/20,7.55,8.17,7.38,8.01,59868015,463246144.00
2016/01/21,7.78,8.05,7.21,7.25,42857199,331380768.00
2016/01/22,7.36,7.49,7.04,7.40,32989867,240679872.00
2016/01/25,7.49,7.60,7.28,7.44,25696284,191937088.00
2016/01/26,7.27,7.40,6.70,6.70,36058858,251232672.00
2016/01/27,6.63,6.74,6.03,6.41,37459629,237706608.00
2016/01/28,6.33,6.63,6.09,6.17,29147514,185126800.00
2016/01/29,6.20,6.60,6.11,6.51,29168682,187096032.00
2016/02/01,6.55,6.62,6.20,6.41,20919984,135090672.00
2016/02/02,6.45,6.80,6.37,6.69,23821525,158263632.00
2016/02/03,6.60,7.36,6.46,7.36,52604389,371946400.00
2016/02/04,7.38,7.77,7.30,7.46,57214733,427891456.00
2016/02/05,7.22,7.65,7.21,7.23,34676358,256746880.00
2016/02/15,6.85,7.25,6.85,7.13,24531735,173010608.00
2016/02/16,7.22,7.84,7.15,7.84,42969440,326434432.00
2016/02/17,7.86,8.02,7.61,7.81,52490504,408806016.00
2016/02/18,7.85,7.99,7.65,7.66,39312905,306406368.00
2016/02/19,7.64,8.19,7.60,7.89,44531737,352960960.00
2016/02/22,7.99,8.39,7.85,8.14,44362318,357876928.00
2016/02/23,8.10,8.11,7.71,7.89,35771420,282310912.00
2016/02/24,7.81,8.06,7.72,8.03,34505243,273143168.00
2016/02/25,8.00,8.00,7.23,7.23,41172323,310499424.00
2016/02/26,7.35,7.39,6.88,7.13,28168626,202327280.00
2016/02/29,7.10,7.15,6.42,6.58,28302939,187898496.00
2016/03/01,6.62,6.83,6.40,6.79,22165900,147911200.00
2016/03/02,6.76,7.23,6.71,7.18,29320694,205808032.00
2016/03/03,7.17,7.46,7.12,7.15,31765022,231244160.00
2016/03/04,7.11,7.20,6.63,6.81,29488900,204509168.00
2016/03/07,6.89,7.19,6.83,7.18,24991856,176405280.00
2016/03/08,7.13,7.17,6.78,7.13,25175389,176014640.00
2016/03/09,6.92,7.07,6.82,6.89,21342315,147972880.00
2016/03/10,6.94,7.28,6.83,7.01,36068424,256439056.00
2016/03/11,6.77,7.00,6.76,6.89,22372834,153391920.00
2016/03/14,6.98,7.25,6.90,7.10,29044107,207279232.00
2016/03/15,7.13,7.81,7.07,7.65,88275617,673991296.00
2016/03/16,7.77,7.95,7.36,7.58,70368193,539149632.00
2016/03/17,7.57,7.80,7.42,7.73,55053884,421400128.00
2016/03/18,7.68,8.09,7.68,7.96,61427790,485284576.00
2016/03/21,8.00,8.25,7.88,8.16,54495716,440339968.00
2016/03/22,8.00,8.08,7.90,7.93,40277916,321280160.00
2016/03/23,7.86,8.08,7.78,8.03,37489488,297052832.00
2016/03/24,7.91,7.96,7.65,7.67,34055848,266818352.00
2016/03/25,7.69,7.94,7.67,7.82,25774110,201149872.00
2016/03/28,7.89,8.60,7.85,8.11,71454673,593239552.00
2016/03/29,8.03,8.09,7.68,7.80,38599614,302200192.00
2016/03/30,7.88,8.15,7.80,8.11,36359060,289711008.00
2016/03/31,8.23,8.92,8.16,8.67,90468324,783866496.00
2016/04/01,8.45,9.54,8.41,9.54,121061168,1098366080.00
2016/04/05,9.45,9.98,9.26,9.78,117991509,1131037696.00
2016/04/06,9.57,9.69,9.22,9.48,77873844,738236480.00
2016/04/07,9.49,9.85,9.36,9.38,79112845,761838848.00
2016/04/08,9.10,9.20,8.77,9.01,60349280,542207808.00
2016/04/11,9.14,9.30,9.03,9.17,41400358,379270336.00
2016/04/12,9.12,9.48,8.82,9.39,54434526,498969440.00
2016/04/13,9.34,9.57,9.29,9.32,48862293,460206656.00
2016/04/14,9.38,9.55,9.29,9.42,33539484,315925120.00
2016/04/15,9.42,9.98,9.34,9.61,58227872,565862080.00
2016/04/18,9.42,9.43,9.08,9.26,37836497,350690048.00
2016/04/19,9.30,9.55,9.16,9.36,32122779,300364192.00
2016/04/20,9.36,9.39,8.52,8.69,49861387,444598080.00
2016/04/21,8.73,9.18,8.69,8.83,41815450,373870400.00
2016/04/22,8.58,9.12,8.51,9.10,29741922,263857248.00
2016/04/25,8.97,9.45,8.79,9.21,41809633,386359264.00
2016/04/26,9.45,10.13,9.32,10.13,53325932,532348064.00
2016/04/27,10.80,11.14,10.54,10.73,161750620,1757460608.00
2016/04/28,10.73,10.77,10.16,10.37,103672742,1078363264.00
2016/04/29,10.36,10.62,10.02,10.03,67236809,691809152.00
2016/05/03,10.08,10.35,9.81,10.17,57998028,589816896.00
2016/05/04,10.06,10.48,10.01,10.36,64479634,661194432.00
2016/05/05,10.25,10.38,10.10,10.20,37697078,384836608.00
2016/05/06,10.04,10.15,9.18,9.24,90323963,871401344.00
2016/05/09,8.89,8.95,8.32,8.33,58428480,495682208.00
2016/05/10,8.15,8.39,8.01,8.19,37391873,305423968.00
2016/05/11,8.33,8.45,8.12,8.14,30513106,252492336.00
2016/05/12,7.75,8.00,7.44,7.96,35767608,277129792.00
2016/05/13,7.90,8.18,7.86,7.98,27673605,222357536.00
2016/05/16,8.12,8.45,8.06,8.40,37941746,314155808.00
2016/05/17,8.32,8.42,8.18,8.26,28258489,233709648.00
2016/05/18,7.95,7.95,7.47,7.65,35829855,277123392.00
2016/05/19,7.66,7.91,7.66,7.71,24147412,187863792.00
2016/05/20,7.55,7.80,7.53,7.80,18911218,145056640.00
2016/05/23,7.83,8.26,7.80,8.11,31861807,255286912.00
2016/05/24,8.06,8.07,7.80,7.94,24713397,195844192.00
2016/05/25,8.01,8.10,7.80,7.86,18965328,151153888.00
2016/05/26,7.80,7.91,7.55,7.89,20643810,159229104.00
2016/05/27,7.89,8.19,7.80,8.04,32067499,256702064.00
2016/05/30,7.89,8.29,7.71,8.07,33089210,267266192.00
2016/05/31,8.03,8.46,8.00,8.40,46262901,382907424.00
2016/06/01,8.37,8.59,8.30,8.45,41192676,348366304.00
2016/06/02,8.40,8.87,8.35,8.73,51481475,449023136.00
2016/06/03,8.70,8.97,8.56,8.85,47191925,412545248.00
2016/06/06,8.83,8.96,8.71,8.78,32232939,284182432.00
2016/06/07,8.78,8.89,8.65,8.81,31042628,272595456.00
2016/06/08,8.74,8.78,8.44,8.57,27964658,240478048.00
2016/06/13,8.38,8.43,7.72,7.74,34366460,280056384.00
2016/06/14,7.74,7.96,7.73,7.94,21223128,166421120.00
2016/06/15,7.78,8.26,7.75,8.17,23190859,188129472.00
2016/06/16,8.17,8.22,8.02,8.06,21122734,171015152.00
2016/06/17,8.08,8.28,8.07,8.14,21948448,179542800.00
2016/06/20,8.00,8.14,7.81,8.06,23098999,184036800.00
2016/06/21,8.10,8.74,8.07,8.69,64619340,544039744.00
2016/06/22,8.48,8.71,8.34,8.60,39962199,341302752.00
2016/06/23,8.56,8.79,8.48,8.49,34861254,299996672.00
2016/06/24,8.52,8.89,8.11,8.60,65556300,567840896.00
2016/06/27,8.45,8.87,8.43,8.85,47761517,415550336.00
2016/06/28,8.80,8.85,8.63,8.82,39657749,346638848.00
2016/06/29,8.85,9.18,8.71,8.74,51505595,460181504.00
2016/06/30,8.71,9.07,8.66,8.97,48398926,431380576.00
2016/07/01,8.96,9.00,8.72,8.74,31953378,281522080.00
2016/07/04,8.65,8.86,8.61,8.82,30656728,269072544.00
2016/07/05,8.80,8.93,8.71,8.80,28937718,254991408.00
2016/07/06,8.76,9.12,8.72,8.99,46225451,412121216.00
2016/07/07,8.91,8.94,8.65,8.87,37690695,331968608.00
2016/07/08,8.90,9.05,8.84,8.85,32147213,287338176.00
2016/07/11,8.80,9.01,8.76,8.77,34040353,302801472.00
2016/07/12,8.78,8.84,8.51,8.78,30570983,265355664.00
2016/07/13,8.79,9.05,8.70,8.94,39436432,349849472.00
2016/07/14,8.89,9.35,8.80,9.28,63377726,576030208.00
2016/07/15,9.49,9.59,9.06,9.25,61077035,569044160.00
2016/07/18,9.31,10.10,9.31,9.64,87006764,841627840.00
2016/07/19,9.50,9.56,9.31,9.51,47294753,445845792.00
2016/07/20,9.50,9.83,9.46,9.47,40188694,386058656.00
2016/07/21,9.47,9.72,9.31,9.51,47937879,457755168.00
2016/07/22,9.40,10.24,9.36,9.92,72074507,703035264.00
2016/07/25,9.89,10.45,9.77,10.30,82574191,839828224.00
2016/07/26,10.16,10.54,10.00,10.15,73648445,751682752.00
2016/07/27,10.02,10.19,9.14,9.57,67236529,654255616.00
2016/07/28,9.45,9.68,9.16,9.41,38320495,361362560.00
2016/07/29,9.40,9.56,9.28,9.44,28644507,270391488.00
2016/08/01,9.59,10.18,9.51,9.61,57581364,565809856.00
2016/08/02,9.30,10.29,9.20,10.25,81157973,803995200.00
2016/08/03,10.06,10.37,10.02,10.13,56351813,572082816.00
2016/08/04,10.10,10.66,10.09,10.25,75478693,782178304.00
2016/08/05,10.17,10.46,10.02,10.07,51756034,527830624.00
2016/08/08,9.98,10.30,9.87,10.25,41057774,417344032.00
2016/08/09,10.17,10.55,10.05,10.48,69071337,714496064.00
2016/08/10,10.35,10.45,10.12,10.16,50341118,516767968.00
2016/08/11,10.12,10.97,10.00,10.71,90635422,946025472.00
2016/08/12,10.55,10.70,10.44,10.59,51968856,548958400.00
2016/08/15,10.52,10.89,10.33,10.61,56173040,594586688.00
2016/08/16,10.51,10.85,10.40,10.63,54040723,573802048.00
2016/08/17,10.61,11.44,10.54,11.11,95096270,1048678784.00
2016/08/18,10.98,11.10,10.78,10.82,61374608,667792448.00
2016/08/19,10.75,11.15,10.74,10.94,51697516,567761984.00
2016/08/22,10.96,11.05,10.41,10.44,48318472,515977280.00
2016/08/23,10.00,10.10,9.46,9.61,80584804,781876864.00
2016/08/24,9.62,9.69,9.51,9.66,30594634,293952384.00
2016/08/25,9.55,9.61,9.31,9.57,28713948,271297312.00
2016/08/26,9.60,9.77,9.50,9.59,31741804,307064960.00
2016/08/29,9.53,9.74,9.48,9.61,20655134,198557984.00
2016/08/30,9.61,9.64,9.46,9.48,20926884,199166192.00
2016/08/31,9.48,9.53,9.31,9.46,24123320,226482032.00
2016/09/01,9.42,9.76,9.32,9.49,33016326,314319616.00
2016/09/02,9.43,9.50,9.30,9.31,21706029,203875584.00
2016/09/05,9.32,9.44,9.20,9.29,15288361,142490224.00
2016/09/06,9.27,9.41,9.06,9.38,23507987,217388848.00
2016/09/07,9.37,9.57,9.34,9.38,27409948,259261904.00
2016/09/08,9.35,9.42,9.21,9.33,17952498,167268960.00
2016/09/09,9.33,9.33,9.18,9.19,15807947,146131856.00
2016/09/12,8.90,9.01,8.74,8.76,23904976,212354816.00
2016/09/13,8.82,8.89,8.75,8.88,12348891,108926368.00
2016/09/14,8.80,9.18,8.75,8.94,18582618,167114496.00
2016/09/19,8.93,9.08,8.88,9.04,11936049,107431712.00
2016/09/20,9.04,9.11,8.96,8.97,8673600,78196072.00
2016/09/21,8.98,9.08,8.91,8.99,9892040,89122792.00
2016/09/22,9.06,9.17,9.00,9.15,18038785,163822208.00
2016/09/23,9.15,9.18,9.00,9.07,15758181,142920640.00
2016/09/26,8.97,8.97,8.73,8.75,15138776,134166680.00
2016/09/27,8.72,8.86,8.65,8.84,11557415,101351400.00
2016/09/28,8.81,8.87,8.74,8.77,8047824,70806632.00
2016/09/29,8.82,9.16,8.77,9.02,24039408,216878432.00
2016/09/30,8.98,9.41,8.92,9.31,30643208,282037056.00
2016/10/10,9.36,9.37,9.20,9.36,26447815,246097936.00
2016/10/11,9.34,9.39,9.28,9.37,17342364,161973072.00
2016/10/12,9.35,9.73,9.25,9.58,43498401,414506720.00
2016/10/13,9.50,9.56,9.36,9.38,25025524,236556544.00
2016/10/14,9.37,9.54,9.32,9.39,16980264,160031808.00
2016/10/17,9.36,9.45,9.12,9.18,17314917,160980976.00
2016/10/18,9.19,9.38,9.19,9.35,14632542,136178608.00
2016/10/19,9.35,9.56,9.30,9.43,26185372,246986592.00
2016/10/20,9.38,9.42,9.29,9.31,17458705,163030896.00
2016/10/21,9.30,9.34,9.17,9.27,13065127,120853296.00
2016/10/24,9.27,9.33,9.20,9.30,11211149,104056912.00
2016/10/25,9.30,9.54,9.28,9.50,27980065,263918208.00
2016/10/26,9.67,9.74,9.37,9.46,28288118,269496832.00
2016/10/27,9.39,9.44,9.27,9.33,16529481,154005680.00
2016/10/28,9.32,9.39,9.25,9.26,13242928,123223712.00
2016/10/31,9.20,9.20,8.97,9.09,16969863,153882400.00
2016/11/01,9.07,9.17,9.02,9.15,11258702,102627784.00
2016/11/02,9.10,9.11,9.00,9.01,13869278,125557760.00
2016/11/03,9.00,9.16,8.99,9.09,16147848,147053184.00
2016/11/04,9.08,9.34,9.08,9.29,28773433,265849088.00
2016/11/07,9.26,9.27,9.10,9.20,19194511,176370624.00
2016/11/08,9.48,10.12,9.35,10.12,42224180,417675808.00
2016/11/09,10.29,11.13,10.18,10.69,163628731,1748380928.00
2016/11/10,10.50,10.88,10.32,10.73,116134797,1227001728.00
2016/11/11,10.55,10.71,10.30,10.43,75888252,791459264.00
2016/11/14,10.32,10.42,10.16,10.35,45563941,468444224.00
2016/11/15,10.30,10.54,10.19,10.26,47126653,487062496.00
2016/11/16,10.25,10.30,10.08,10.15,36200207,367710208.00
2016/11/17,10.15,10.17,9.84,9.93,41627920,413869216.00
2016/11/18,9.93,10.20,9.84,10.13,47319337,476189856.00
2016/11/21,10.01,10.15,9.93,10.03,26691006,267617360.00
2016/11/22,9.98,10.23,9.96,10.15,30490909,308738656.00
2016/11/23,10.11,10.15,9.83,9.88,30459702,303729056.00
2016/11/24,9.85,10.04,9.85,9.96,24687594,245744064.00
2016/11/25,9.90,9.97,9.60,9.76,25981026,252841792.00
2016/11/28,9.79,9.94,9.68,9.78,22279536,218621904.00
2016/11/29,9.69,9.88,9.58,9.61,19805305,192581616.00
2016/11/30,9.62,9.70,9.52,9.67,15541583,149465072.00
2016/12/01,9.63,9.77,9.62,9.74,15748526,152688432.00
2016/12/02,9.68,9.84,9.52,9.55,20896900,203122016.00
2016/12/05,9.46,9.47,9.17,9.18,21752239,202356016.00
2016/12/06,9.22,9.49,9.18,9.34,17527200,163541088.00
2016/12/07,9.30,9.44,9.28,9.42,13267997,124237280.00
2016/12/08,9.41,9.62,9.35,9.41,19414601,184465232.00
2016/12/09,9.44,9.50,9.28,9.43,16215900,152018352.00
2016/12/12,9.41,9.65,8.92,9.00,31835000,297985792.00
2016/12/13,9.04,9.16,8.88,9.13,17379464,157355664.00
2016/12/14,9.20,9.34,9.00,9.15,21777716,200281056.00
2016/12/15,9.20,9.46,9.13,9.34,22852769,212537248.00
2016/12/16,9.40,9.49,9.24,9.40,21645359,202698592.00
2016/12/19,9.40,9.46,9.31,9.42,14837900,139189408.00
2016/12/20,9.43,9.43,9.25,9.34,11947920,111445624.00
2016/12/21,9.36,9.48,9.32,9.42,14535072,136541328.00
2016/12/22,9.50,9.50,9.27,9.28,14005834,130927584.00
2016/12/23,9.28,9.29,9.00,9.05,18868451,171445216.00
2016/12/26,8.98,9.13,8.88,9.12,11246953,101240304.00
2016/12/27,9.06,9.47,9.05,9.45,25874297,240045008.00
2016/12/28,9.45,9.95,9.38,9.72,59047839,573601984.00
2016/12/29,9.70,9.85,9.52,9.64,30452051,294263904.00
2016/12/30,9.58,9.73,9.53,9.68,22429413,216163792.00
2017/01/03,9.70,10.14,9.68,9.82,36362948,359549216.00
2017/01/04,9.99,10.13,9.67,10.02,49827115,493712576.00
2017/01/05,9.98,10.07,9.65,9.81,50905611,500222080.00
2017/01/06,9.85,9.87,9.55,9.59,28633701,276705600.00
2017/01/09,9.58,9.74,9.46,9.70,22867807,219972000.00
2017/01/10,9.71,10.08,9.71,9.81,42602135,421123040.00
2017/01/11,9.64,9.66,9.33,9.35,30406095,289437888.00
2017/01/12,9.34,9.39,9.22,9.26,16743891,155801936.00
2017/01/13,9.24,9.35,9.08,9.10,14952209,137516320.00
2017/01/16,9.04,9.08,8.19,8.43,26200411,227109104.00
2017/01/17,8.36,8.52,8.18,8.50,15001022,126183424.00
2017/01/18,8.43,8.56,8.39,8.45,9091312,77091992.00
2017/01/19,8.45,8.46,8.34,8.36,8020734,67309272.00
2017/01/20,8.33,8.49,8.31,8.48,8872300,74941392.00
2017/01/23,8.50,8.62,8.49,8.61,8941087,76568480.00
2017/01/24,8.60,8.60,8.45,8.46,7345400,62515652.00
2017/01/25,8.46,8.65,8.39,8.59,9004023,76797696.00
2017/01/26,8.53,8.66,8.47,8.64,8730062,75058688.00
2017/02/03,8.63,8.63,8.50,8.55,5347368,45686780.00
2017/02/06,8.51,8.76,8.51,8.71,9631743,83112680.00
2017/02/07,8.66,8.77,8.62,8.75,11140723,96947176.00
2017/02/08,8.74,8.94,8.62,8.83,16980682,149597712.00
2017/02/09,8.83,8.92,8.76,8.82,13764569,121512584.00
2017/02/10,8.82,8.86,8.70,8.71,17309680,151946736.00
2017/02/13,8.74,8.76,8.63,8.70,11271710,98050136.00
2017/02/14,8.72,8.81,8.68,8.76,10698597,93427976.00
2017/02/15,8.78,8.88,8.64,8.66,14768404,129597936.00
2017/02/16,8.67,8.81,8.61,8.77,13507375,117422456.00
2017/02/17,8.75,9.07,8.64,8.88,32409553,287464928.00
2017/02/20,8.86,8.88,8.70,8.84,18269456,160523456.00
2017/02/21,8.80,8.95,8.72,8.87,17495186,154524352.00
2017/02/22,8.87,8.91,8.81,8.84,13957514,123561560.00
2017/02/23,8.86,8.95,8.80,8.93,18332389,162839200.00
2017/02/24,8.94,8.99,8.84,8.94,15761036,140606352.00
2017/02/27,8.87,8.92,8.72,8.75,19991768,175748128.00
2017/02/28,8.80,8.99,8.74,8.98,27797133,246717600.00
2017/03/01,8.97,9.05,8.84,8.87,24817357,221345024.00
2017/03/02,8.91,8.91,8.73,8.74,16875000,148661232.00
2017/03/03,8.73,8.75,8.62,8.70,11713953,101646960.00
2017/03/06,8.75,8.82,8.70,8.78,10066503,88210016.00
2017/03/07,8.73,8.92,8.73,8.81,17016600,150194896.00
2017/03/08,8.89,8.90,8.74,8.75,12219300,107623816.00
2017/03/09,8.74,8.83,8.61,8.72,14430373,125811016.00
2017/03/10,8.73,8.75,8.59,8.62,10891871,94330344.00
2017/03/13,8.67,8.74,8.52,8.66,11812381,101755984.00
2017/03/14,8.66,8.69,8.51,8.54,14045700,120563544.00
2017/03/15,8.48,8.59,8.46,8.49,8434402,71785504.00
2017/03/16,8.53,8.62,8.51,8.58,10288861,88239664.00
2017/03/17,8.60,8.62,8.53,8.56,10326261,88477008.00
2017/03/20,8.60,8.61,8.41,8.49,11284301,95721368.00
2017/03/21,8.50,8.51,8.40,8.42,8297101,70027640.00
2017/03/22,8.40,8.46,8.22,8.30,13040742,108478592.00
2017/03/23,8.32,8.36,8.16,8.24,10541850,87189496.00
2017/03/24,8.27,8.46,8.24,8.43,16230479,136063248.00
2017/03/27,8.46,8.47,8.27,8.33,10889215,90829552.00
2017/03/28,8.30,8.37,8.07,8.10,19145446,156970048.00
2017/03/29,8.06,8.06,7.68,7.71,29146116,227831856.00
2017/03/30,7.70,7.75,7.51,7.54,15442201,117994960.00
2017/03/31,7.57,7.63,7.56,7.62,8349979,63386096.00
2017/04/05,7.61,7.77,7.59,7.76,11350003,87156360.00
2017/04/06,7.76,7.78,7.66,7.68,9842798,75776376.00
2017/04/07,7.66,7.71,7.62,7.70,8587601,65837368.00
2017/04/10,7.70,7.70,7.35,7.43,13921916,104523416.00
2017/04/11,7.41,7.42,7.15,7.35,17520396,127201856.00
2017/04/12,7.35,7.39,7.21,7.32,10494764,76709520.00
2017/04/13,7.32,7.40,7.28,7.34,8288411,60769208.00
2017/04/14,7.33,7.33,7.16,7.17,9062626,65262020.00
2017/04/17,7.15,7.17,6.90,6.94,12198302,85184576.00
2017/04/18,6.95,6.99,6.81,6.81,8551436,59198992.00
2017/04/19,6.81,6.90,6.58,6.68,12649391,84490584.00
2017/04/20,6.71,6.79,6.58,6.76,10240117,68384640.00
2017/04/21,6.76,6.78,6.68,6.69,7850551,52719988.00
2017/04/24,6.69,6.69,6.35,6.38,10813337,69475920.00
2017/04/25,6.46,6.49,6.35,6.39,7130613,45749408.00
2017/04/26,6.40,6.47,6.38,6.42,5995677,38497464.00
2017/04/27,6.43,6.43,6.10,6.35,13292498,83040256.00
2017/04/28,6.33,6.45,6.27,6.44,9720174,61642992.00
2017/05/02,6.38,6.73,6.31,6.48,12880622,83851680.00
2017/05/03,6.51,6.72,6.50,6.61,17460027,115727432.00
2017/05/04,6.52,6.56,6.39,6.45,9055201,58692720.00
2017/05/05,6.40,6.45,6.27,6.28,7237200,45975156.00
2017/05/08,6.23,6.25,6.04,6.05,8601700,52964560.00
2017/05/09,6.00,6.14,5.95,6.12,8159694,49296060.00
2017/05/10,6.13,6.18,5.95,5.96,7774933,47250256.00
2017/05/11,5.91,5.95,5.51,5.74,16496856,94233800.00
2017/05/12,5.72,5.77,5.63,5.70,7828918,44749248.00
2017/05/15,5.70,5.83,5.69,5.76,7051090,40733004.00
2017/05/16,5.76,5.87,5.60,5.86,9020325,51811184.00
2017/05/17,5.83,5.94,5.82,5.86,8038267,47234092.00
2017/05/18,5.81,5.92,5.78,5.80,7671826,44804488.00
2017/05/19,5.78,5.87,5.76,5.86,6383205,37168428.00
2017/05/22,5.83,5.86,5.50,5.55,9872070,55876272.00
2017/05/23,5.51,5.56,5.20,5.23,9794632,52755424.00
2017/05/24,5.21,5.28,5.05,5.24,8317459,43115112.00
2017/05/25,5.25,5.33,5.13,5.29,8529347,44677016.00
2017/05/26,5.28,5.43,5.25,5.39,9341862,49917748.00
2017/05/31,5.45,5.46,5.26,5.26,8521035,45684812.00
2017/06/01,5.26,5.30,5.13,5.15,7223049,37703600.00
2017/06/02,5.11,5.19,4.95,5.17,10760703,54542416.00
2017/06/05,5.18,5.24,5.15,5.20,6185801,32133544.00
2017/06/06,5.19,5.72,5.17,5.72,11504907,64494304.00
2017/06/07,5.77,5.94,5.62,5.88,38271325,222046544.00
2017/06/08,5.87,5.87,5.75,5.77,19495939,112883968.00
2017/06/09,5.73,5.76,5.64,5.67,11669823,66503176.00
2017/06/12,5.64,5.84,5.61,5.72,14707269,84549056.00
2017/06/13,5.62,5.75,5.62,5.74,10341563,58878384.00
2017/06/14,5.74,6.18,5.68,6.08,30007462,177368976.00
2017/06/15,5.95,6.09,5.93,5.99,19650547,118093336.00
2017/06/16,5.95,6.15,5.93,5.94,15822945,95417600.00
2017/06/19,5.94,6.07,5.85,6.00,11220428,66935348.00
2017/06/20,6.17,6.47,6.10,6.12,30497756,191135168.00
2017/06/21,6.09,6.15,5.98,6.04,15153111,91646616.00
2017/06/22,6.02,6.02,5.77,5.78,13174158,78048552.00
2017/06/23,5.76,5.90,5.75,5.90,10339058,60297452.00
2017/06/26,5.91,5.95,5.86,5.94,7129913,42103224.00
2017/06/27,5.94,5.96,5.84,5.89,7216249,42573616.00
2017/06/28,5.90,5.95,5.80,5.89,8477400,49870256.00
2017/06/29,5.85,5.91,5.84,5.88,5033300,29639582.00
2017/06/30,5.88,5.95,5.84,5.93,7846325,46318108.00
2017/07/03,5.91,6.03,5.90,5.99,8561563,51280312.00
2017/07/04,5.95,5.99,5.92,5.93,6286909,37335156.00
2017/07/05,5.92,5.96,5.87,5.95,6649411,39380288.00
2017/07/06,5.95,6.55,5.92,6.55,77318217,500447296.00
2017/07/07,6.55,7.08,6.48,6.77,90489759,612451264.00
2017/07/10,6.63,6.70,6.41,6.47,48308573,313706496.00
2017/07/11,6.38,6.45,6.30,6.37,26891896,171420048.00
2017/07/12,6.35,6.48,6.25,6.46,23693601,150889712.00
2017/07/13,6.38,6.47,6.35,6.42,15508575,99264592.00
2017/07/14,6.39,6.47,6.32,6.33,14111801,90188152.00
2017/07/17,6.30,6.30,5.70,5.70,34385156,200389136.00
2017/07/18,5.61,5.73,5.48,5.68,14251177,80284504.00
2017/07/19,5.66,5.93,5.62,5.81,15395871,89443360.00
2017/07/20,5.81,5.86,5.73,5.76,12117558,70180456.00
2017/07/21,5.73,5.85,5.70,5.76,8596680,49549856.00
2017/07/24,5.70,5.76,5.65,5.74,9915870,56570080.00
2017/07/25,5.73,5.74,5.65,5.66,8969197,51010336.00
2017/07/26,5.65,5.76,5.63,5.72,8449656,48179268.00
2017/07/27,5.72,5.83,5.66,5.82,12989702,74925968.00
2017/07/28,5.80,5.87,5.77,5.82,11286200,65770736.00
2017/08/02,5.94,5.94,5.94,5.94,0,0.00
数据来源:通达信
