601288 农业银行 日线 前复权
      日期	    开盘	    最高	    最低	    收盘	    成交量	    成交额
2010/10/08,1.60,1.65,1.58,1.63,344211815,916298560.00
2010/10/11,1.63,1.69,1.61,1.66,572540494,1543154176.00
2010/10/12,1.64,1.65,1.62,1.64,219468579,587754688.00
2010/10/13,1.63,1.68,1.61,1.67,514126409,1383467264.00
2010/10/14,1.69,1.78,1.69,1.75,1327941259,3700756992.00
2010/10/15,1.77,1.91,1.77,1.91,1663792223,4798576128.00
2010/10/18,1.94,2.06,1.90,1.91,1117860182,3365090048.00
2010/10/19,1.86,1.92,1.80,1.90,499667301,1455175040.00
2010/10/20,1.91,1.98,1.86,1.90,638194252,1884762880.00
2010/10/21,1.89,1.89,1.76,1.80,627321283,1782841344.00
2010/10/22,1.79,1.80,1.73,1.77,406010390,1136434048.00
2010/10/25,1.77,1.80,1.72,1.79,469943317,1319910912.00
2010/10/26,1.79,1.80,1.70,1.72,485825149,1351903616.00
2010/10/27,1.71,1.77,1.69,1.72,459110492,1273020800.00
2010/10/28,1.74,1.77,1.71,1.76,316519422,879640064.00
2010/10/29,1.75,1.76,1.70,1.72,251290867,693182400.00
2010/11/01,1.71,1.74,1.70,1.74,355333694,981577536.00
2010/11/02,1.73,1.75,1.68,1.73,361303356,993980992.00
2010/11/03,1.74,1.80,1.70,1.78,629196329,1762488448.00
2010/11/04,1.78,1.83,1.77,1.80,434913605,1234006272.00
2010/11/05,1.83,1.86,1.81,1.85,519955389,1494552960.00
2010/11/08,1.85,1.87,1.82,1.85,386973118,1116586112.00
2010/11/09,1.85,1.85,1.75,1.79,449443013,1278537856.00
2010/11/10,1.76,1.76,1.71,1.73,477843071,1323713024.00
2010/11/11,1.72,1.79,1.71,1.76,372595022,1034785792.00
2010/11/12,1.73,1.75,1.64,1.68,537364098,1467717504.00
2010/11/15,1.67,1.71,1.64,1.71,296372771,801901824.00
2010/11/16,1.69,1.69,1.62,1.63,365620457,984648128.00
2010/11/17,1.61,1.65,1.59,1.63,184958217,492908128.00
2010/11/18,1.63,1.65,1.62,1.63,171457016,457764448.00
2010/11/19,1.64,1.65,1.57,1.64,250148497,663721472.00
2010/11/22,1.61,1.62,1.59,1.61,159764457,422875200.00
2010/11/23,1.60,1.61,1.55,1.58,192567724,502820768.00
2010/11/24,1.57,1.62,1.56,1.60,133059571,350644704.00
2010/11/25,1.60,1.64,1.58,1.62,168015665,445511232.00
2010/11/26,1.62,1.62,1.58,1.60,150307057,395513760.00
2010/11/29,1.58,1.61,1.57,1.59,164297355,431283840.00
2010/11/30,1.58,1.60,1.54,1.57,200038896,521835840.00
2010/12/01,1.57,1.60,1.55,1.59,113611945,296564512.00
2010/12/02,1.60,1.65,1.60,1.64,307260528,818634624.00
2010/12/03,1.64,1.64,1.60,1.62,138243474,367390880.00
2010/12/06,1.62,1.64,1.60,1.62,135901606,361356000.00
2010/12/07,1.61,1.64,1.58,1.62,139717206,370037344.00
2010/12/08,1.62,1.63,1.58,1.59,178817245,472845184.00
2010/12/09,1.59,1.61,1.57,1.58,126567958,331966528.00
2010/12/10,1.57,1.59,1.55,1.59,244077474,637472640.00
2010/12/13,1.58,1.62,1.57,1.62,245473116,646737728.00
2010/12/14,1.61,1.62,1.59,1.61,157682700,417096512.00
2010/12/15,1.61,1.62,1.59,1.60,160781824,425025952.00
2010/12/16,1.59,1.60,1.58,1.59,75509803,198668864.00
2010/12/17,1.59,1.59,1.57,1.59,82384021,215932800.00
2010/12/20,1.59,1.60,1.55,1.57,168332483,438968640.00
2010/12/21,1.57,1.62,1.56,1.61,216849245,571284672.00
2010/12/22,1.61,1.61,1.58,1.58,98200148,258469264.00
2010/12/23,1.58,1.62,1.56,1.59,186599908,490913824.00
2010/12/24,1.57,1.61,1.56,1.59,162311640,426395904.00
2010/12/27,1.60,1.61,1.56,1.57,150050268,393704608.00
2010/12/28,1.56,1.57,1.51,1.52,229639836,594633728.00
2010/12/29,1.53,1.55,1.52,1.54,115971709,298438336.00
2010/12/30,1.54,1.57,1.52,1.56,215093946,554586624.00
2010/12/31,1.56,1.64,1.54,1.64,387689957,1022164928.00
2011/01/04,1.62,1.63,1.59,1.63,132367911,351364768.00
2011/01/05,1.61,1.63,1.58,1.59,136713371,362070944.00
2011/01/06,1.59,1.60,1.57,1.57,114108757,299025568.00
2011/01/07,1.56,1.64,1.56,1.61,307153039,814806208.00
2011/01/10,1.60,1.62,1.58,1.59,168495568,445055264.00
2011/01/11,1.59,1.61,1.57,1.59,147442156,388071392.00
2011/01/12,1.60,1.62,1.59,1.62,248191087,657342784.00
2011/01/13,1.62,1.64,1.60,1.63,154089602,410088384.00
2011/01/14,1.62,1.63,1.60,1.61,108555623,287917760.00
2011/01/17,1.59,1.60,1.54,1.55,181175000,472577280.00
2011/01/18,1.55,1.57,1.54,1.56,117040499,303898144.00
2011/01/19,1.56,1.58,1.55,1.57,116573573,303377504.00
2011/01/20,1.57,1.58,1.53,1.54,118323569,306775072.00
2011/01/21,1.54,1.60,1.53,1.58,132121576,345327520.00
2011/01/24,1.57,1.57,1.54,1.55,128018409,332233920.00
2011/01/25,1.55,1.56,1.54,1.56,85809381,222379360.00
2011/01/26,1.56,1.57,1.55,1.57,50351661,131027784.00
2011/01/27,1.56,1.58,1.54,1.58,140061760,363989920.00
2011/01/28,1.57,1.57,1.55,1.57,74271224,193194256.00
2011/01/31,1.56,1.58,1.55,1.58,82919777,216339392.00
2011/02/01,1.57,1.59,1.56,1.58,83664057,218845856.00
2011/02/09,1.57,1.58,1.56,1.56,74017768,193027504.00
2011/02/10,1.58,1.58,1.56,1.57,83779258,218682800.00
2011/02/11,1.57,1.58,1.56,1.57,151543791,394979712.00
2011/02/14,1.57,1.65,1.57,1.64,393967657,1044478336.00
2011/02/15,1.63,1.64,1.61,1.62,201988411,539440704.00
2011/02/16,1.62,1.63,1.60,1.63,142377233,377158432.00
2011/02/17,1.62,1.64,1.61,1.63,96829461,257848048.00
2011/02/18,1.62,1.62,1.60,1.61,98643369,261419120.00
2011/02/21,1.60,1.61,1.58,1.61,144481942,380484896.00
2011/02/22,1.60,1.60,1.55,1.56,263860888,688278976.00
2011/02/23,1.56,1.57,1.55,1.56,103394996,268385392.00
2011/02/24,1.56,1.57,1.55,1.56,87094740,226025952.00
2011/02/25,1.56,1.58,1.55,1.57,86723714,225918624.00
2011/02/28,1.57,1.58,1.56,1.57,80204601,209170128.00
2011/03/01,1.57,1.59,1.57,1.58,144376296,377775424.00
2011/03/03,1.59,1.66,1.58,1.63,552478297,1471257216.00
2011/03/04,1.62,1.65,1.62,1.64,223421790,597488832.00
2011/03/07,1.64,1.68,1.64,1.66,359118041,968748416.00
2011/03/08,1.66,1.67,1.64,1.66,149308016,402090848.00
2011/03/09,1.66,1.68,1.64,1.65,178657619,482920384.00
2011/03/10,1.65,1.66,1.61,1.62,134664037,359229120.00
2011/03/11,1.61,1.63,1.60,1.60,124263500,329569088.00
2011/03/14,1.59,1.61,1.58,1.59,135093810,355687520.00
2011/03/15,1.59,1.60,1.56,1.59,192229630,503268032.00
2011/03/16,1.58,1.61,1.58,1.60,110482208,290647680.00
2011/03/17,1.59,1.59,1.57,1.58,123115710,322148672.00
2011/03/18,1.59,1.60,1.58,1.59,118883772,312711008.00
2011/03/21,1.59,1.61,1.58,1.61,120722286,317872128.00
2011/03/22,1.61,1.62,1.59,1.62,154554689,409820128.00
2011/03/23,1.61,1.64,1.61,1.63,138797825,370386144.00
2011/03/24,1.63,1.64,1.62,1.64,117044652,312496256.00
2011/03/25,1.64,1.67,1.63,1.66,310371791,836316608.00
2011/03/28,1.67,1.70,1.66,1.68,363428356,990547392.00
2011/03/29,1.67,1.74,1.66,1.70,349966896,959689728.00
2011/03/30,1.71,1.73,1.68,1.71,237817162,653972480.00
2011/03/31,1.71,1.74,1.68,1.72,224126136,617135104.00
2011/04/01,1.72,1.76,1.71,1.75,210775008,585497216.00
2011/04/06,1.75,1.84,1.74,1.82,591280432,1680666112.00
2011/04/07,1.82,1.87,1.80,1.83,339076066,976058752.00
2011/04/08,1.82,1.83,1.79,1.82,133550821,380314496.00
2011/04/11,1.82,1.86,1.82,1.83,240611112,693642560.00
2011/04/12,1.82,1.84,1.80,1.80,133115724,380423808.00
2011/04/13,1.79,1.86,1.78,1.86,162740750,464399200.00
2011/04/14,1.86,1.96,1.85,1.92,483372792,1434704384.00
2011/04/15,1.92,1.96,1.90,1.94,233277065,694725952.00
2011/04/18,1.93,1.97,1.91,1.94,252996171,755336384.00
2011/04/19,1.92,1.93,1.87,1.87,160453093,470493056.00
2011/04/20,1.88,1.91,1.85,1.90,167188631,488434304.00
2011/04/21,1.91,1.92,1.87,1.88,170416645,499617536.00
2011/04/22,1.88,1.89,1.83,1.84,115207274,333473568.00
2011/04/25,1.84,1.87,1.82,1.84,138948720,400896608.00
2011/04/26,1.83,1.86,1.82,1.84,111671679,321634624.00
2011/04/27,1.85,1.90,1.84,1.86,226640521,661362496.00
2011/04/28,1.88,1.97,1.86,1.92,397912092,1183250560.00
2011/04/29,1.91,1.92,1.84,1.90,224555634,652935488.00
2011/05/03,1.88,1.89,1.85,1.88,110364915,321157472.00
2011/05/04,1.86,1.87,1.79,1.82,156344053,450222432.00
2011/05/05,1.80,1.90,1.79,1.89,231634234,670348608.00
2011/05/06,1.86,1.90,1.84,1.88,137392838,401458944.00
2011/05/09,1.88,1.90,1.84,1.85,72581796,210632272.00
2011/05/10,1.85,1.89,1.83,1.89,66342608,192236736.00
2011/05/11,1.88,1.89,1.85,1.87,68241722,198725024.00
2011/05/12,1.86,1.87,1.82,1.84,70266177,203040272.00
2011/05/13,1.84,1.87,1.80,1.86,102669660,294965664.00
2011/05/16,1.85,1.87,1.82,1.84,106519735,307041184.00
2011/05/17,1.84,1.86,1.80,1.85,127319294,365756288.00
2011/05/18,1.84,1.89,1.83,1.88,98916091,287402016.00
2011/05/19,1.88,1.91,1.87,1.88,89248160,261508896.00
2011/05/20,1.88,1.90,1.87,1.89,72741915,212983616.00
2011/05/23,1.88,1.89,1.82,1.83,103939624,299716928.00
2011/05/24,1.82,1.84,1.80,1.81,104104796,297517088.00
2011/05/25,1.81,1.82,1.73,1.74,168256693,471437888.00
2011/05/26,1.75,1.78,1.74,1.76,163296891,457262240.00
2011/05/27,1.76,1.78,1.73,1.74,128491024,359145408.00
2011/05/30,1.73,1.81,1.72,1.80,135059370,381157600.00
2011/05/31,1.78,1.81,1.77,1.80,128988238,365306912.00
2011/06/01,1.82,1.82,1.78,1.80,132291057,375967936.00
2011/06/02,1.77,1.79,1.69,1.73,214605252,593849152.00
2011/06/03,1.72,1.77,1.72,1.76,172621507,480962880.00
2011/06/07,1.75,1.76,1.72,1.74,98117957,272271808.00
2011/06/09,1.72,1.73,1.67,1.69,196066432,535193856.00
2011/06/10,1.69,1.71,1.66,1.69,99907002,271763424.00
2011/06/13,1.68,1.70,1.65,1.69,107736510,291790176.00
2011/06/14,1.68,1.71,1.67,1.69,170790768,466514272.00
2011/06/15,1.68,1.69,1.67,1.67,78918732,214590864.00
2011/06/16,1.66,1.68,1.65,1.67,105282410,284479200.00
2011/06/17,1.69,1.69,1.66,1.66,48619015,129117664.00
2011/06/20,1.66,1.67,1.63,1.66,126521062,332456032.00
2011/06/21,1.65,1.69,1.65,1.67,103744398,274929536.00
2011/06/22,1.67,1.74,1.66,1.72,139957213,375587072.00
2011/06/23,1.71,1.75,1.70,1.75,89116028,241031104.00
2011/06/24,1.74,1.82,1.73,1.81,168321173,466503008.00
2011/06/27,1.81,1.82,1.79,1.82,107279219,299312960.00
2011/06/28,1.81,1.82,1.79,1.81,116087491,323670432.00
2011/06/29,1.81,1.82,1.78,1.80,142343351,395380672.00
2011/06/30,1.79,1.82,1.78,1.82,110024209,306652256.00
2011/07/01,1.82,1.83,1.74,1.76,161490024,445271808.00
2011/07/04,1.77,1.80,1.75,1.79,133470600,367823264.00
2011/07/05,1.79,1.79,1.75,1.76,110641726,304055488.00
2011/07/06,1.76,1.76,1.69,1.72,217111704,584537152.00
2011/07/07,1.73,1.75,1.67,1.69,285278025,763537472.00
2011/07/08,1.70,1.72,1.67,1.71,147643439,395555040.00
2011/07/11,1.70,1.72,1.68,1.70,84512601,226337072.00
2011/07/12,1.69,1.70,1.65,1.68,192768526,510497792.00
2011/07/13,1.69,1.73,1.68,1.73,204725635,550570048.00
2011/07/14,1.72,1.73,1.70,1.72,148721830,400973568.00
2011/07/15,1.72,1.74,1.69,1.72,168332399,454436288.00
2011/07/18,1.72,1.75,1.71,1.75,243729955,661308992.00
2011/07/19,1.74,1.75,1.72,1.74,132658658,360476288.00
2011/07/20,1.74,1.76,1.72,1.74,129115720,350683424.00
2011/07/21,1.73,1.74,1.70,1.73,155456442,418908960.00
2011/07/22,1.72,1.73,1.70,1.71,102860412,276592928.00
2011/07/25,1.70,1.71,1.65,1.66,134785804,358015680.00
2011/07/26,1.66,1.69,1.65,1.67,149280144,394957792.00
2011/07/27,1.66,1.68,1.65,1.67,73722265,195043840.00
2011/07/28,1.66,1.67,1.65,1.66,58993545,155565296.00
2011/07/29,1.66,1.74,1.65,1.70,134114067,358571456.00
2011/08/01,1.69,1.72,1.67,1.70,57426465,153636352.00
2011/08/02,1.68,1.69,1.66,1.67,33675014,89295360.00
2011/08/03,1.66,1.69,1.65,1.69,96388135,255751600.00
2011/08/04,1.69,1.69,1.67,1.68,23902908,63458064.00
2011/08/05,1.65,1.66,1.63,1.64,83635466,219373200.00
2011/08/08,1.63,1.64,1.59,1.60,134383131,348849408.00
2011/08/09,1.57,1.61,1.55,1.61,139385365,356557920.00
2011/08/10,1.63,1.64,1.59,1.61,131527658,342178656.00
2011/08/11,1.57,1.65,1.56,1.64,130443633,339673216.00
2011/08/12,1.65,1.65,1.62,1.64,90820763,237620016.00
2011/08/15,1.64,1.67,1.61,1.66,144515949,379242976.00
2011/08/16,1.66,1.68,1.64,1.65,87528569,231019456.00
2011/08/17,1.64,1.67,1.64,1.65,59964976,157957168.00
2011/08/18,1.65,1.66,1.60,1.61,82376013,214913488.00
2011/08/19,1.57,1.61,1.56,1.59,86512040,221871072.00
2011/08/22,1.59,1.61,1.58,1.59,64927425,167085424.00
2011/08/23,1.60,1.62,1.58,1.62,49217214,127054848.00
2011/08/24,1.62,1.63,1.60,1.60,45265590,117625272.00
2011/08/25,1.61,1.68,1.61,1.66,211875661,558981696.00
2011/08/26,1.66,1.67,1.62,1.64,134682577,353725600.00
2011/08/29,1.63,1.63,1.60,1.62,113925870,295869632.00
2011/08/30,1.63,1.66,1.61,1.62,147188366,384754528.00
2011/08/31,1.61,1.63,1.60,1.63,89444724,232158208.00
2011/09/01,1.62,1.64,1.61,1.62,56096452,145877520.00
2011/09/02,1.61,1.62,1.59,1.60,70232786,181338704.00
2011/09/05,1.59,1.60,1.57,1.57,115272789,295776032.00
2011/09/06,1.57,1.58,1.55,1.58,113208803,288070464.00
2011/09/07,1.58,1.61,1.57,1.60,104233254,267757392.00
2011/09/08,1.60,1.61,1.59,1.60,53784020,138618768.00
2011/09/09,1.60,1.62,1.59,1.60,67459075,174213760.00
2011/09/13,1.58,1.60,1.57,1.59,54968842,140773344.00
2011/09/14,1.59,1.60,1.55,1.58,113628346,289610432.00
2011/09/15,1.57,1.58,1.56,1.56,90680229,230868448.00
2011/09/16,1.57,1.58,1.56,1.57,82412915,210017696.00
2011/09/19,1.56,1.57,1.53,1.54,94923091,239747232.00
2011/09/20,1.54,1.56,1.53,1.55,54731290,138046912.00
2011/09/21,1.55,1.60,1.54,1.58,141000552,360258048.00
2011/09/22,1.56,1.58,1.53,1.54,102458078,258935488.00
2011/09/23,1.52,1.53,1.49,1.53,161772730,402610816.00
2011/09/26,1.52,1.53,1.48,1.50,83000210,206298048.00
2011/09/27,1.51,1.52,1.48,1.50,94188726,233429888.00
2011/09/28,1.51,1.52,1.47,1.49,84269434,208091248.00
2011/09/29,1.48,1.49,1.46,1.48,75190040,184776224.00
2011/09/30,1.48,1.50,1.46,1.48,130944175,322135136.00
2011/10/10,1.47,1.50,1.45,1.49,111113139,272211040.00
2011/10/11,1.57,1.60,1.52,1.54,214753056,543984000.00
2011/10/12,1.53,1.62,1.52,1.60,299782688,768931136.00
2011/10/13,1.59,1.62,1.56,1.61,151881829,389246912.00
2011/10/14,1.59,1.63,1.56,1.62,165999875,426718912.00
2011/10/17,1.61,1.63,1.60,1.63,129111710,335204352.00
2011/10/18,1.60,1.65,1.58,1.64,216712374,561545600.00
2011/10/19,1.62,1.63,1.61,1.61,77799164,202397760.00
2011/10/20,1.60,1.61,1.56,1.57,75762719,194318032.00
2011/10/21,1.58,1.61,1.56,1.60,76512113,196758848.00
2011/10/24,1.60,1.67,1.60,1.65,179725146,470987872.00
2011/10/25,1.65,1.69,1.64,1.68,142416917,377086080.00
2011/10/26,1.67,1.71,1.66,1.67,143202895,381972544.00
2011/10/27,1.68,1.70,1.67,1.70,96478613,257687216.00
2011/10/28,1.71,1.74,1.69,1.70,188242367,507374880.00
2011/10/31,1.70,1.72,1.69,1.70,95929904,257103696.00
2011/11/01,1.68,1.71,1.66,1.69,94303176,251323568.00
2011/11/02,1.66,1.70,1.65,1.70,86583329,229497104.00
2011/11/03,1.70,1.70,1.67,1.68,168736545,449649760.00
2011/11/04,1.69,1.70,1.67,1.69,123715707,329377504.00
2011/11/07,1.68,1.69,1.65,1.66,57665749,152757008.00
2011/11/08,1.66,1.67,1.64,1.66,69175903,182232816.00
2011/11/09,1.66,1.69,1.65,1.68,90277224,238965040.00
2011/11/10,1.66,1.67,1.64,1.65,71983594,189202816.00
2011/11/11,1.64,1.67,1.64,1.67,48040029,126538360.00
2011/11/14,1.67,1.70,1.66,1.68,93231495,248127808.00
2011/11/15,1.68,1.68,1.64,1.66,62708012,165232240.00
2011/11/16,1.66,1.66,1.60,1.61,73819136,192623328.00
2011/11/17,1.61,1.62,1.60,1.61,32704233,84691040.00
2011/11/18,1.60,1.61,1.57,1.57,50680352,130042200.00
2011/11/21,1.58,1.58,1.55,1.56,28932644,73492392.00
2011/11/22,1.55,1.57,1.54,1.56,31302508,79482392.00
2011/11/23,1.57,1.58,1.55,1.58,48604369,123468072.00
2011/11/24,1.56,1.60,1.55,1.59,47586261,121835760.00
2011/11/25,1.58,1.59,1.55,1.56,27175679,69178512.00
2011/11/28,1.55,1.58,1.55,1.57,24454148,62251080.00
2011/11/29,1.58,1.60,1.57,1.59,41291475,105813704.00
2011/11/30,1.59,1.60,1.55,1.56,68929752,176132144.00
2011/12/01,1.60,1.65,1.58,1.62,115558319,299696320.00
2011/12/02,1.60,1.61,1.57,1.60,44245054,113682072.00
2011/12/05,1.60,1.62,1.59,1.62,67092920,173882800.00
2011/12/06,1.61,1.62,1.57,1.58,46944501,120574304.00
2011/12/07,1.57,1.60,1.57,1.59,26414722,67834128.00
2011/12/08,1.59,1.61,1.57,1.60,40819536,105039176.00
2011/12/09,1.59,1.62,1.59,1.61,43889359,113578680.00
2011/12/12,1.61,1.62,1.59,1.59,23646341,61025040.00
2011/12/13,1.59,1.61,1.55,1.56,72010616,185134832.00
2011/12/14,1.56,1.57,1.54,1.56,31752090,80564936.00
2011/12/15,1.56,1.57,1.53,1.55,44753622,113002312.00
2011/12/16,1.54,1.60,1.53,1.59,98782104,251193232.00
2011/12/19,1.57,1.59,1.54,1.58,77553658,197608800.00
2011/12/20,1.58,1.61,1.57,1.60,57551864,147816912.00
2011/12/21,1.60,1.63,1.59,1.62,110575173,286884032.00
2011/12/22,1.61,1.64,1.60,1.62,127337875,330566336.00
2011/12/23,1.61,1.63,1.60,1.60,75772729,196594512.00
2011/12/26,1.60,1.61,1.59,1.60,44124221,113750448.00
2011/12/27,1.60,1.62,1.59,1.61,49399179,127537992.00
2011/12/28,1.60,1.61,1.57,1.61,77180219,198844256.00
2011/12/29,1.60,1.62,1.59,1.62,47704610,123674976.00
2011/12/30,1.62,1.64,1.61,1.64,101892067,265189584.00
2012/01/04,1.64,1.65,1.61,1.62,79900877,208896544.00
2012/01/05,1.62,1.68,1.62,1.67,143180844,378868160.00
2012/01/06,1.66,1.69,1.66,1.68,79769708,211840160.00
2012/01/09,1.67,1.70,1.65,1.70,89918279,239344896.00
2012/01/10,1.69,1.72,1.68,1.71,87197728,233754704.00
2012/01/11,1.71,1.72,1.69,1.69,76799623,206008080.00
2012/01/12,1.69,1.70,1.67,1.67,93682230,249596592.00
2012/01/13,1.67,1.68,1.66,1.67,69265138,183878400.00
2012/01/17,1.67,1.72,1.66,1.71,122383769,326730912.00
2012/01/18,1.71,1.72,1.68,1.71,126405639,339461952.00
2012/01/19,1.71,1.73,1.70,1.72,94004676,253916832.00
2012/01/20,1.73,1.75,1.71,1.74,152252180,412517344.00
2012/01/30,1.75,1.75,1.69,1.70,116110753,312947744.00
2012/01/31,1.71,1.72,1.69,1.72,108784369,291857152.00
2012/02/01,1.71,1.73,1.70,1.70,68407516,184259152.00
2012/02/02,1.71,1.75,1.70,1.75,109422766,296519840.00
2012/02/03,1.75,1.78,1.74,1.77,131592821,360612320.00
2012/02/06,1.77,1.78,1.75,1.77,65516666,179869824.00
2012/02/07,1.76,1.77,1.73,1.74,54997159,149949696.00
2012/02/08,1.74,1.79,1.73,1.77,72550673,199172576.00
2012/02/09,1.77,1.78,1.74,1.75,51126614,139719168.00
2012/02/10,1.74,1.77,1.73,1.74,82018900,223715728.00
2012/02/13,1.73,1.74,1.72,1.73,60565215,164014640.00
2012/02/14,1.73,1.73,1.71,1.72,57386848,154930016.00
2012/02/15,1.72,1.74,1.72,1.72,71977356,194801008.00
2012/02/16,1.72,1.73,1.71,1.71,55656638,150089120.00
2012/02/17,1.72,1.73,1.71,1.72,41841835,113204496.00
2012/02/20,1.75,1.76,1.73,1.74,79268548,216279248.00
2012/02/21,1.74,1.75,1.73,1.74,33052260,89963696.00
2012/02/22,1.74,1.75,1.72,1.74,80748309,218980192.00
2012/02/23,1.74,1.74,1.73,1.73,59718982,162052720.00
2012/02/24,1.73,1.76,1.72,1.76,127666831,347006528.00
2012/02/27,1.76,1.77,1.74,1.76,148939340,407709728.00
2012/02/28,1.75,1.78,1.75,1.78,112472639,309419808.00
2012/02/29,1.77,1.78,1.75,1.77,59775487,164003936.00
2012/03/01,1.76,1.77,1.75,1.76,35428077,97169680.00
2012/03/02,1.76,1.77,1.75,1.76,74282562,203751216.00
2012/03/05,1.77,1.77,1.74,1.75,108813408,297624960.00
2012/03/06,1.75,1.76,1.72,1.73,75021591,203736496.00
2012/03/07,1.72,1.73,1.70,1.71,86397075,232791568.00
2012/03/08,1.71,1.74,1.71,1.73,77402381,209339600.00
2012/03/09,1.73,1.74,1.71,1.73,89240714,241321744.00
2012/03/12,1.72,1.73,1.71,1.72,76810303,206918304.00
2012/03/13,1.73,1.74,1.71,1.73,69344541,187976928.00
2012/03/14,1.74,1.76,1.72,1.72,157718963,428756704.00
2012/03/15,1.72,1.74,1.68,1.69,230373275,621654464.00
2012/03/16,1.69,1.70,1.68,1.70,119618890,319721280.00
2012/03/19,1.69,1.70,1.66,1.67,133559682,354730848.00
2012/03/20,1.67,1.68,1.64,1.64,129373956,340791936.00
2012/03/21,1.65,1.66,1.63,1.64,135760404,355773440.00
2012/03/22,1.64,1.67,1.64,1.67,169436626,446258720.00
2012/03/23,1.67,1.68,1.65,1.66,109588917,289625216.00
2012/03/26,1.66,1.68,1.66,1.68,99912905,264515984.00
2012/03/27,1.68,1.68,1.67,1.67,68922578,182779360.00
2012/03/28,1.67,1.69,1.67,1.67,95292174,253326960.00
2012/03/29,1.67,1.68,1.66,1.67,81570084,215946448.00
2012/03/30,1.66,1.70,1.66,1.70,96216187,255435904.00
2012/04/05,1.68,1.69,1.65,1.67,140306189,371017408.00
2012/04/06,1.67,1.68,1.65,1.66,44463978,117426056.00
2012/04/09,1.65,1.67,1.65,1.65,25765501,67821832.00
2012/04/10,1.65,1.67,1.65,1.66,33085724,87320152.00
2012/04/11,1.66,1.68,1.65,1.66,73589257,194501600.00
2012/04/12,1.66,1.70,1.66,1.70,90991517,242298720.00
2012/04/13,1.69,1.71,1.69,1.70,62169651,166614384.00
2012/04/16,1.69,1.70,1.68,1.68,49999477,133489640.00
2012/04/17,1.68,1.70,1.68,1.70,52758440,140902304.00
2012/04/18,1.70,1.74,1.69,1.73,108941300,294550400.00
2012/04/19,1.72,1.74,1.72,1.73,59553641,161329936.00
2012/04/20,1.73,1.76,1.72,1.75,78028687,212170224.00
2012/04/23,1.75,1.75,1.73,1.73,47812201,130024696.00
2012/04/24,1.74,1.77,1.73,1.76,91645537,250534976.00
2012/04/25,1.75,1.76,1.74,1.76,47160130,128911232.00
2012/04/26,1.75,1.77,1.74,1.75,48934619,133423552.00
2012/04/27,1.75,1.76,1.74,1.74,53652242,146129872.00
2012/05/02,1.76,1.76,1.74,1.75,124189592,339059872.00
2012/05/03,1.75,1.75,1.73,1.75,61399868,167023360.00
2012/05/04,1.75,1.77,1.74,1.75,99328053,271352832.00
2012/05/07,1.75,1.76,1.74,1.75,81140966,221749632.00
2012/05/08,1.75,1.78,1.74,1.78,104131459,285364288.00
2012/05/09,1.77,1.77,1.74,1.74,75335044,205883952.00
2012/05/10,1.75,1.77,1.74,1.76,55757365,152488400.00
2012/05/11,1.75,1.77,1.74,1.75,65724987,179590000.00
2012/05/14,1.75,1.75,1.70,1.71,79791979,215838832.00
2012/05/15,1.71,1.72,1.69,1.71,64827769,173923088.00
2012/05/16,1.71,1.72,1.68,1.69,73893485,197565248.00
2012/05/17,1.69,1.73,1.68,1.72,56869820,152741024.00
2012/05/18,1.70,1.71,1.66,1.67,86998188,231640352.00
2012/05/21,1.69,1.69,1.66,1.67,60731201,161301120.00
2012/05/22,1.68,1.68,1.67,1.68,35815030,95100416.00
2012/05/23,1.68,1.69,1.67,1.67,26776547,71126864.00
2012/05/24,1.67,1.68,1.66,1.67,35709596,94628320.00
2012/05/25,1.67,1.68,1.66,1.66,30339232,80460664.00
2012/05/28,1.67,1.69,1.67,1.68,59969289,159273504.00
2012/05/29,1.68,1.71,1.67,1.71,56048991,149678912.00
2012/05/30,1.70,1.71,1.69,1.71,52553200,140802336.00
2012/05/31,1.69,1.70,1.66,1.66,74093492,196877216.00
2012/06/01,1.67,1.69,1.67,1.67,38416578,102195304.00
2012/06/04,1.67,1.68,1.63,1.63,72754086,191653552.00
2012/06/05,1.64,1.65,1.63,1.64,37305089,97795432.00
2012/06/06,1.65,1.66,1.64,1.66,28350647,74669768.00
2012/06/07,1.66,1.67,1.64,1.65,36282797,95696112.00
2012/06/11,1.64,1.65,1.63,1.64,101420992,265645488.00
2012/06/12,1.64,1.64,1.62,1.63,57605537,150400656.00
2012/06/13,1.64,1.65,1.63,1.64,76652213,200400560.00
2012/06/14,1.64,1.65,1.62,1.64,64759303,169062848.00
2012/06/15,1.64,1.69,1.63,1.67,92104704,243480352.00
2012/06/18,1.68,1.69,1.67,1.69,51567766,137480256.00
2012/06/19,1.69,1.70,1.67,1.69,62349031,166439600.00
2012/06/20,1.72,1.72,1.69,1.70,45339877,115849368.00
2012/06/21,1.70,1.71,1.68,1.69,73693713,187559376.00
2012/06/25,1.69,1.71,1.68,1.69,52361850,133621928.00
2012/06/26,1.69,1.71,1.69,1.70,35417862,90227072.00
2012/06/27,1.70,1.71,1.69,1.71,37428907,95468928.00
2012/06/28,1.71,1.72,1.70,1.70,36529432,93616960.00
2012/06/29,1.70,1.74,1.70,1.74,66279119,170797984.00
2012/07/02,1.73,1.74,1.72,1.73,50291950,129756120.00
2012/07/03,1.73,1.74,1.72,1.72,29959284,77208384.00
2012/07/04,1.72,1.73,1.71,1.72,36893152,94729544.00
2012/07/05,1.71,1.72,1.71,1.72,35687036,91615912.00
2012/07/06,1.70,1.71,1.69,1.70,33654474,85901120.00
2012/07/09,1.70,1.72,1.65,1.66,77200225,196074048.00
2012/07/10,1.66,1.67,1.64,1.65,45583100,114142760.00
2012/07/11,1.65,1.66,1.62,1.63,50195771,124921512.00
2012/07/12,1.63,1.64,1.60,1.61,77542197,191233984.00
2012/07/13,1.61,1.63,1.61,1.62,35168221,86780168.00
2012/07/16,1.63,1.63,1.61,1.63,60706404,150161728.00
2012/07/17,1.63,1.65,1.62,1.64,44781615,111298216.00
2012/07/18,1.65,1.66,1.63,1.64,37963582,94859776.00
2012/07/19,1.65,1.66,1.64,1.64,31775166,79383848.00
2012/07/20,1.64,1.65,1.62,1.64,29811444,74093528.00
2012/07/23,1.63,1.64,1.60,1.61,34312905,84743016.00
2012/07/24,1.62,1.62,1.59,1.59,42578451,104499624.00
2012/07/25,1.59,1.61,1.59,1.60,21008247,51371212.00
2012/07/26,1.59,1.61,1.59,1.60,24477789,60068584.00
2012/07/27,1.61,1.64,1.60,1.63,39118738,96730216.00
2012/07/30,1.63,1.66,1.62,1.64,42110058,105079696.00
2012/07/31,1.65,1.67,1.64,1.67,41806791,104970952.00
2012/08/01,1.66,1.67,1.65,1.65,29344715,73745456.00
2012/08/02,1.65,1.67,1.65,1.66,23973558,60150164.00
2012/08/03,1.66,1.68,1.66,1.67,22008294,55523392.00
2012/08/06,1.67,1.68,1.65,1.65,41906372,105235856.00
2012/08/07,1.66,1.67,1.65,1.65,30272213,75807272.00
2012/08/08,1.65,1.68,1.65,1.66,48305563,121856672.00
2012/08/09,1.66,1.68,1.66,1.68,34423182,86869968.00
2012/08/10,1.68,1.69,1.67,1.68,31022693,78647176.00
2012/08/13,1.67,1.69,1.67,1.68,44744665,113574336.00
2012/08/14,1.68,1.70,1.68,1.69,66267072,168674464.00
2012/08/15,1.69,1.70,1.66,1.66,34835796,88009992.00
2012/08/16,1.66,1.68,1.66,1.67,14674016,36929576.00
2012/08/17,1.67,1.68,1.65,1.66,39085931,98199512.00
2012/08/20,1.65,1.67,1.63,1.65,30300170,75585704.00
2012/08/21,1.64,1.65,1.63,1.63,53374096,132665120.00
2012/08/22,1.63,1.64,1.62,1.64,39645032,98186312.00
2012/08/23,1.63,1.64,1.62,1.63,55291012,137063632.00
2012/08/24,1.63,1.63,1.62,1.63,49099642,121555024.00
2012/08/27,1.62,1.65,1.62,1.64,53157117,132158664.00
2012/08/28,1.64,1.66,1.63,1.64,30847823,77043992.00
2012/08/29,1.65,1.66,1.63,1.65,20337365,50627680.00
2012/08/30,1.63,1.65,1.63,1.64,62700580,156143456.00
2012/08/31,1.64,1.64,1.62,1.63,41167558,102074504.00
2012/09/03,1.62,1.63,1.60,1.60,49676139,122287488.00
2012/09/04,1.60,1.61,1.59,1.60,46764250,114482280.00
2012/09/05,1.60,1.60,1.56,1.57,66445984,161032496.00
2012/09/06,1.57,1.58,1.56,1.58,35686776,86172928.00
2012/09/07,1.58,1.65,1.57,1.64,141317729,348722912.00
2012/09/10,1.63,1.64,1.61,1.63,56756851,140452240.00
2012/09/11,1.62,1.62,1.59,1.62,38935765,95517168.00
2012/09/12,1.62,1.63,1.59,1.61,40304758,98985512.00
2012/09/13,1.60,1.62,1.59,1.60,30664298,75332416.00
2012/09/14,1.61,1.64,1.60,1.63,62367161,154088048.00
2012/09/17,1.62,1.64,1.60,1.61,52193167,128960176.00
2012/09/18,1.61,1.61,1.59,1.59,27545157,67379736.00
2012/09/19,1.59,1.60,1.57,1.59,56159665,136685488.00
2012/09/20,1.57,1.59,1.56,1.58,54102910,131155720.00
2012/09/21,1.57,1.58,1.56,1.56,62289792,150625248.00
2012/09/24,1.56,1.57,1.55,1.56,58130945,140051216.00
2012/09/25,1.56,1.57,1.55,1.56,22952187,55224984.00
2012/09/26,1.55,1.56,1.53,1.55,35919504,86034432.00
2012/09/27,1.54,1.61,1.54,1.60,89659988,218146512.00
2012/09/28,1.58,1.62,1.58,1.61,72986064,178359952.00
2012/10/08,1.60,1.62,1.59,1.62,45962506,112792488.00
2012/10/09,1.62,1.66,1.61,1.64,74725680,186064576.00
2012/10/10,1.64,1.64,1.61,1.63,44281337,109675024.00
2012/10/11,1.63,1.65,1.61,1.64,48436140,119885064.00
2012/10/12,1.64,1.67,1.64,1.65,62289692,156021008.00
2012/10/15,1.65,1.67,1.64,1.66,42645468,106985960.00
2012/10/16,1.66,1.67,1.64,1.65,31706070,79218752.00
2012/10/17,1.65,1.67,1.65,1.66,35832285,89947664.00
2012/10/18,1.67,1.68,1.65,1.66,62636077,157733392.00
2012/10/19,1.66,1.67,1.65,1.67,48359775,121613024.00
2012/10/22,1.66,1.68,1.65,1.67,39921766,100669472.00
2012/10/23,1.67,1.68,1.66,1.66,20417420,51423392.00
2012/10/24,1.66,1.67,1.65,1.66,28275591,70945336.00
2012/10/25,1.65,1.67,1.64,1.65,30565002,76598304.00
2012/10/26,1.65,1.67,1.61,1.62,41716092,103694016.00
2012/10/29,1.63,1.63,1.61,1.62,32231244,79662800.00
2012/10/30,1.62,1.64,1.61,1.63,46823373,115817760.00
2012/10/31,1.63,1.66,1.62,1.65,34747620,86516208.00
2012/11/01,1.65,1.69,1.65,1.68,72312788,182520992.00
2012/11/02,1.68,1.72,1.67,1.70,88186665,224221696.00
2012/11/05,1.70,1.72,1.68,1.71,48054403,122566472.00
2012/11/06,1.71,1.72,1.68,1.72,66408069,169617248.00
2012/11/07,1.71,1.73,1.70,1.72,34792580,89354328.00
2012/11/08,1.71,1.73,1.68,1.72,51590735,131693312.00
2012/11/09,1.71,1.73,1.70,1.73,65293173,167540432.00
2012/11/12,1.71,1.74,1.71,1.73,74618339,192478912.00
2012/11/13,1.73,1.73,1.70,1.72,74274020,190646336.00
2012/11/14,1.72,1.75,1.71,1.73,71584579,184864272.00
2012/11/15,1.72,1.75,1.71,1.73,62201524,160295808.00
2012/11/16,1.72,1.73,1.68,1.73,76516212,195627984.00
2012/11/19,1.71,1.73,1.69,1.71,39947497,102256024.00
2012/11/20,1.71,1.72,1.69,1.72,33755716,86347928.00
2012/11/21,1.71,1.74,1.71,1.73,38529844,99283080.00
2012/11/22,1.73,1.74,1.72,1.73,26906430,69414376.00
2012/11/23,1.74,1.75,1.72,1.73,56000387,144810928.00
2012/11/26,1.72,1.76,1.71,1.76,49269456,127556736.00
2012/11/27,1.75,1.77,1.74,1.76,54074587,141082208.00
2012/11/28,1.76,1.79,1.75,1.79,78748551,206354720.00
2012/11/29,1.79,1.80,1.77,1.79,66760891,176335008.00
2012/11/30,1.78,1.80,1.75,1.75,51548022,135805296.00
2012/12/03,1.75,1.77,1.73,1.76,44719671,115975128.00
2012/12/04,1.75,1.76,1.73,1.73,58950078,153184544.00
2012/12/05,1.74,1.79,1.73,1.77,128807896,336307072.00
2012/12/06,1.77,1.78,1.75,1.77,77340557,202659776.00
2012/12/07,1.77,1.80,1.76,1.77,194680417,511144128.00
2012/12/10,1.78,1.82,1.77,1.82,144023798,380876448.00
2012/12/11,1.80,1.84,1.80,1.82,75300462,201508496.00
2012/12/12,1.82,1.84,1.81,1.83,93613906,250756176.00
2012/12/13,1.83,1.84,1.81,1.83,61081373,163479456.00
2012/12/14,1.83,1.95,1.83,1.94,191904263,530947584.00
2012/12/17,1.93,1.95,1.87,1.89,158831873,437070944.00
2012/12/18,1.88,1.94,1.86,1.92,191191081,526175296.00
2012/12/19,1.91,1.93,1.88,1.90,99547092,274450528.00
2012/12/20,1.90,1.91,1.87,1.89,60827694,166533264.00
2012/12/21,1.89,1.91,1.85,1.86,112759693,307656224.00
2012/12/24,1.87,1.90,1.86,1.88,54838548,149796000.00
2012/12/25,1.88,1.98,1.87,1.95,143619829,400844192.00
2012/12/26,1.95,1.95,1.90,1.92,107126546,296052384.00
2012/12/27,1.91,1.93,1.88,1.89,109688219,301428736.00
2012/12/28,1.89,1.93,1.88,1.91,165537699,455348640.00
2012/12/31,1.91,1.96,1.90,1.95,178108658,495313792.00
2013/01/04,1.98,2.05,1.95,2.04,368017259,1055235904.00
2013/01/07,2.03,2.05,2.01,2.02,139115899,400317184.00
2013/01/08,2.03,2.04,1.97,1.99,103867372,295654592.00
2013/01/09,1.99,2.00,1.95,1.97,101774321,287554368.00
2013/01/10,1.97,1.98,1.96,1.97,124676468,351421856.00
2013/01/11,1.97,1.97,1.92,1.94,98337578,274844032.00
2013/01/14,1.93,2.02,1.92,1.99,201038834,567769088.00
2013/01/15,1.99,2.01,1.97,1.99,181549522,513996576.00
2013/01/16,1.98,1.98,1.91,1.93,147653427,411938304.00
2013/01/17,1.93,1.93,1.90,1.92,83781233,231529888.00
2013/01/18,1.93,1.97,1.92,1.95,93251278,260399008.00
2013/01/21,1.96,1.96,1.91,1.93,149396644,414922816.00
2013/01/22,1.92,2.03,1.91,1.96,300367081,844795008.00
2013/01/23,1.96,1.99,1.94,1.98,231953813,653407424.00
2013/01/24,1.98,2.06,1.97,2.01,424746568,1217478144.00
2013/01/25,2.00,2.01,1.95,1.97,181620525,514305856.00
2013/01/28,1.97,2.07,1.96,2.06,390946991,1124930176.00
2013/01/29,2.05,2.08,2.03,2.06,313601945,908397248.00
2013/01/30,2.07,2.17,2.06,2.16,558564709,1661433088.00
2013/01/31,2.17,2.26,2.16,2.23,502788908,1542566144.00
2013/02/01,2.22,2.30,2.19,2.29,388129256,1202759168.00
2013/02/04,2.29,2.43,2.28,2.38,501872987,1614986624.00
2013/02/05,2.35,2.37,2.30,2.34,343187375,1093831040.00
2013/02/06,2.34,2.39,2.31,2.35,233170779,745610496.00
2013/02/07,2.34,2.36,2.23,2.29,315462031,990458048.00
2013/02/08,2.28,2.31,2.24,2.25,233158698,725853056.00
2013/02/18,2.27,2.32,2.23,2.24,253638924,794786176.00
2013/02/19,2.24,2.26,2.19,2.22,153695983,471430368.00
2013/02/20,2.22,2.24,2.16,2.20,182687910,555142912.00
2013/02/21,2.18,2.19,2.05,2.10,304538788,899360832.00
2013/02/22,2.09,2.09,2.03,2.06,140840005,410501280.00
2013/02/25,2.05,2.10,2.03,2.05,113446564,330343072.00
2013/02/26,2.04,2.13,2.01,2.02,210810749,618109120.00
2013/02/27,2.03,2.10,2.02,2.08,182134519,530276576.00
2013/02/28,2.09,2.17,2.06,2.15,224303301,666391232.00
2013/03/01,2.15,2.16,2.05,2.10,143711219,425484928.00
2013/03/04,2.04,2.10,1.95,2.00,252133397,722470528.00
2013/03/05,2.00,2.16,1.99,2.12,284866650,828992128.00
2013/03/06,2.12,2.13,2.06,2.09,198033012,582177856.00
2013/03/07,2.07,2.08,2.00,2.02,151992957,439762752.00
2013/03/08,2.03,2.06,2.00,2.02,106002985,304208704.00
2013/03/11,2.01,2.02,1.97,2.00,113421953,322332160.00
2013/03/12,1.99,2.03,1.95,1.97,147414033,418276928.00
2013/03/13,1.96,1.99,1.92,1.95,137056845,383820672.00
2013/03/14,1.94,1.99,1.93,1.99,125330023,352081408.00
2013/03/15,1.99,2.04,1.95,2.02,197468499,564087616.00
2013/03/18,2.00,2.01,1.95,1.95,122096977,344937120.00
2013/03/19,1.96,1.98,1.94,1.96,115664743,324261824.00
2013/03/20,1.96,2.06,1.96,2.04,217933889,626229120.00
2013/03/21,2.04,2.06,2.01,2.03,94853933,273727264.00
2013/03/22,2.03,2.04,2.01,2.03,63032306,181191424.00
2013/03/25,2.04,2.07,2.04,2.05,73721207,213916272.00
2013/03/26,2.04,2.05,1.98,2.01,107099867,306508672.00
2013/03/27,2.02,2.04,1.96,1.97,174173086,495851424.00
2013/03/28,1.95,1.95,1.79,1.85,396446248,1067750976.00
2013/03/29,1.85,1.87,1.84,1.85,90165202,244257088.00
2013/04/01,1.84,1.86,1.83,1.83,83033786,223222000.00
2013/04/02,1.83,1.86,1.82,1.84,86506218,232918336.00
2013/04/03,1.86,1.91,1.85,1.88,129304479,352956672.00
2013/04/08,1.85,1.87,1.84,1.86,100115775,270890528.00
2013/04/09,1.87,1.89,1.87,1.87,84066400,229251040.00
2013/04/10,1.87,1.88,1.86,1.86,74964121,203995568.00
2013/04/11,1.88,1.89,1.84,1.85,62444115,169528496.00
2013/04/12,1.86,1.87,1.85,1.86,48095717,130242384.00
2013/04/15,1.87,1.88,1.86,1.87,98561691,268210992.00
2013/04/16,1.87,1.88,1.85,1.86,64064773,173837536.00
2013/04/17,1.87,1.87,1.83,1.84,71236875,191983584.00
2013/04/18,1.83,1.85,1.82,1.84,59191017,159070032.00
2013/04/19,1.85,1.91,1.84,1.89,128326069,350434880.00
2013/04/22,1.89,1.90,1.87,1.88,70838481,193668912.00
2013/04/23,1.88,1.89,1.83,1.84,75154022,202884864.00
2013/04/24,1.84,1.89,1.83,1.89,114833392,312241664.00
2013/04/25,1.89,1.89,1.84,1.86,116132266,314680480.00
2013/04/26,1.87,1.87,1.83,1.84,98526496,265189440.00
2013/05/02,1.84,1.86,1.81,1.85,116325999,311891200.00
2013/05/03,1.85,1.89,1.85,1.87,104708757,285196832.00
2013/05/06,1.87,1.90,1.86,1.87,90823085,247971808.00
2013/05/07,1.87,1.89,1.87,1.88,63628732,173651104.00
2013/05/08,1.89,1.91,1.88,1.90,85803032,235798432.00
2013/05/09,1.90,1.91,1.88,1.89,59961270,164517792.00
2013/05/10,1.89,1.91,1.87,1.89,102102390,279260864.00
2013/05/13,1.89,1.89,1.86,1.88,68128350,185628256.00
2013/05/14,1.87,1.88,1.84,1.85,83140144,225070256.00
2013/05/15,1.86,1.86,1.84,1.86,26566646,71793424.00
2013/05/16,1.85,1.88,1.84,1.87,74500587,202233264.00
2013/05/17,1.87,1.91,1.86,1.90,166120263,454307584.00
2013/05/20,1.91,1.95,1.90,1.91,112160845,311214688.00
2013/05/21,1.91,1.93,1.90,1.91,69171978,190779824.00
2013/05/22,1.91,1.93,1.89,1.91,60604011,167257984.00
2013/05/23,1.90,1.91,1.86,1.88,109718453,299669280.00
2013/05/24,1.88,1.89,1.86,1.88,95862456,261342048.00
2013/05/27,1.87,1.88,1.86,1.87,87805765,238780720.00
2013/05/28,1.86,1.90,1.86,1.89,155911476,424869440.00
2013/05/29,1.90,1.91,1.88,1.89,135766490,372133632.00
2013/05/30,1.88,1.90,1.88,1.88,127680505,349311904.00
2013/05/31,1.88,1.90,1.88,1.88,83002608,227337328.00
2013/06/03,1.88,1.90,1.87,1.89,109532023,300406336.00
2013/06/04,1.89,1.90,1.88,1.88,109128883,298943840.00
2013/06/05,1.88,1.90,1.88,1.89,96319277,263784976.00
2013/06/06,1.89,1.90,1.87,1.87,70882302,193927280.00
2013/06/07,1.88,1.89,1.85,1.85,73833499,200550112.00
2013/06/13,1.84,1.85,1.80,1.84,167106854,445669376.00
2013/06/14,1.83,1.87,1.82,1.86,127995524,344050848.00
2013/06/17,1.86,1.87,1.82,1.82,75311072,202839184.00
2013/06/18,1.85,1.86,1.82,1.84,66292716,178215904.00
2013/06/19,1.84,1.85,1.81,1.82,57537475,153832192.00
2013/06/20,1.82,1.82,1.74,1.75,117388580,307844160.00
2013/06/21,1.74,1.76,1.71,1.72,97462493,251967504.00
2013/06/24,1.72,1.73,1.62,1.63,174631476,436416736.00
2013/06/25,1.62,1.69,1.58,1.66,180370689,446450048.00
2013/06/26,1.67,1.68,1.62,1.67,156376937,390549312.00
2013/06/27,1.67,1.74,1.66,1.71,189908200,484874272.00
2013/06/28,1.73,1.78,1.68,1.76,215581054,525116512.00
2013/07/01,1.75,1.80,1.71,1.79,123624058,303264672.00
2013/07/02,1.79,1.83,1.77,1.80,124937306,311567424.00
2013/07/03,1.80,1.80,1.74,1.77,111485860,274387808.00
2013/07/04,1.75,1.79,1.75,1.77,67818764,167596208.00
2013/07/05,1.78,1.78,1.77,1.78,35214164,87140032.00
2013/07/08,1.77,1.79,1.75,1.79,83033739,205588304.00
2013/07/09,1.78,1.81,1.77,1.79,52090541,129861136.00
2013/07/10,1.79,1.82,1.78,1.81,73986954,185032112.00
2013/07/11,1.81,1.91,1.80,1.87,126513662,323263936.00
2013/07/12,1.86,1.87,1.81,1.81,124340934,316190240.00
2013/07/15,1.82,1.85,1.80,1.82,103686284,261112192.00
2013/07/16,1.80,1.84,1.79,1.83,82071867,206333472.00
2013/07/17,1.82,1.87,1.82,1.84,68861489,175598672.00
2013/07/18,1.84,1.86,1.81,1.82,81118256,205767728.00
2013/07/19,1.83,1.86,1.81,1.82,80342455,203265920.00
2013/07/22,1.80,1.83,1.79,1.82,78505680,197446096.00
2013/07/23,1.83,1.85,1.81,1.83,79473005,201591232.00
2013/07/24,1.83,1.84,1.80,1.82,77398045,194974704.00
2013/07/25,1.83,1.84,1.81,1.81,58800876,148111472.00
2013/07/26,1.81,1.82,1.78,1.78,58016460,145019968.00
2013/07/29,1.78,1.78,1.72,1.74,66468869,162960944.00
2013/07/30,1.75,1.79,1.73,1.75,79840707,196396896.00
2013/07/31,1.77,1.78,1.74,1.75,41718736,102439392.00
2013/08/01,1.75,1.79,1.74,1.78,70328756,173541712.00
2013/08/02,1.79,1.80,1.76,1.76,56825599,140840688.00
2013/08/05,1.77,1.78,1.75,1.77,34822578,85716760.00
2013/08/06,1.76,1.78,1.75,1.77,54746828,134721408.00
2013/08/07,1.76,1.78,1.75,1.75,53456699,131546008.00
2013/08/08,1.75,1.77,1.74,1.75,50788274,124712240.00
2013/08/09,1.76,1.76,1.74,1.76,51368078,125916120.00
2013/08/12,1.76,1.80,1.75,1.79,82349744,203885648.00
2013/08/13,1.79,1.80,1.77,1.79,96002156,238523568.00
2013/08/14,1.80,1.81,1.79,1.79,66726859,166918288.00
2013/08/15,1.80,1.81,1.78,1.78,55277205,137947024.00
2013/08/16,1.79,2.03,1.77,1.80,227717881,575640320.00
2013/08/19,1.80,1.82,1.79,1.80,73750902,184801184.00
2013/08/20,1.80,1.83,1.79,1.81,80998623,202904672.00
2013/08/21,1.82,1.82,1.78,1.79,54302556,135696016.00
2013/08/22,1.79,1.80,1.77,1.78,63501802,157868928.00
2013/08/23,1.79,1.79,1.74,1.77,75195991,185354608.00
2013/08/26,1.76,1.79,1.75,1.78,74301859,183589360.00
2013/08/27,1.78,1.79,1.75,1.77,59343598,146308848.00
2013/08/28,1.77,1.77,1.75,1.75,68146750,167559072.00
2013/08/29,1.77,1.77,1.74,1.76,59228809,145486704.00
2013/08/30,1.75,1.77,1.75,1.77,67333885,165540080.00
2013/09/02,1.77,1.77,1.75,1.76,87987064,216555200.00
2013/09/03,1.77,1.79,1.76,1.79,81638965,202103824.00
2013/09/04,1.78,1.79,1.76,1.78,67247682,166480416.00
2013/09/05,1.78,1.78,1.76,1.77,54577931,134620032.00
2013/09/06,1.76,1.78,1.76,1.77,73339281,181157408.00
2013/09/09,1.80,2.02,1.80,2.02,652657229,1724344320.00
2013/09/10,2.05,2.05,1.92,1.98,434423280,1160276736.00
2013/09/11,1.96,1.97,1.92,1.94,253900226,671314368.00
2013/09/12,1.94,2.04,1.91,1.97,498535985,1332753536.00
2013/09/13,1.94,1.96,1.91,1.93,212479183,560167872.00
2013/09/16,1.94,1.95,1.91,1.93,137279816,360898528.00
2013/09/17,1.92,1.93,1.84,1.85,150837737,389683360.00
2013/09/18,1.86,1.87,1.83,1.84,107176377,273063776.00
2013/09/23,1.85,1.88,1.85,1.86,87058699,222987520.00
2013/09/24,1.86,1.86,1.81,1.82,158177544,399175616.00
2013/09/25,1.82,1.83,1.81,1.82,74729566,188472288.00
2013/09/26,1.81,1.82,1.78,1.79,113412603,282394112.00
2013/09/27,1.79,1.80,1.78,1.79,67336710,167810384.00
2013/09/30,1.79,1.81,1.79,1.80,51735274,129242736.00
2013/10/08,1.79,1.81,1.77,1.81,102511304,255282640.00
2013/10/09,1.80,1.81,1.79,1.81,70254663,175723104.00
2013/10/10,1.81,1.81,1.78,1.78,86991702,216421408.00
2013/10/11,1.80,1.82,1.78,1.81,156052869,389718528.00
2013/10/14,1.81,1.81,1.79,1.81,96617087,241764512.00
2013/10/15,1.80,1.81,1.79,1.79,67168731,167618688.00
2013/10/16,1.79,1.80,1.78,1.79,76399323,190001744.00
2013/10/17,1.80,1.81,1.79,1.79,63216227,158074288.00
2013/10/18,1.79,1.81,1.78,1.79,70740221,176430000.00
2013/10/21,1.79,1.82,1.78,1.81,93050184,232863136.00
2013/10/22,1.81,1.81,1.79,1.80,60978571,152406752.00
2013/10/23,1.80,1.83,1.79,1.80,100231888,251555936.00
2013/10/24,1.80,1.81,1.78,1.78,88537461,220122176.00
2013/10/25,1.78,1.82,1.78,1.78,157899194,394393600.00
2013/10/28,1.79,1.80,1.78,1.79,83874962,208838016.00
2013/10/29,1.80,1.89,1.80,1.84,246150664,624805056.00
2013/10/30,1.83,1.88,1.82,1.87,143111671,365371328.00
2013/10/31,1.87,1.87,1.84,1.85,92830237,236716528.00
2013/11/01,1.86,1.88,1.81,1.86,143969859,368032160.00
2013/11/04,1.87,1.88,1.84,1.86,77765394,199245808.00
2013/11/05,1.84,1.86,1.82,1.86,84573366,214826176.00
2013/11/06,1.84,1.85,1.83,1.83,60966205,154817856.00
2013/11/07,1.84,1.85,1.83,1.85,62301763,158200368.00
2013/11/08,1.84,1.86,1.83,1.85,75763661,193307344.00
2013/11/11,1.85,1.86,1.84,1.85,60539691,154460128.00
2013/11/12,1.85,1.87,1.85,1.85,62335386,159559616.00
2013/11/13,1.85,1.86,1.81,1.82,79285970,200576656.00
2013/11/14,1.82,1.83,1.81,1.82,69984574,176398848.00
2013/11/15,1.82,1.85,1.82,1.84,85882650,217816400.00
2013/11/18,1.84,1.90,1.83,1.89,168711180,433184576.00
2013/11/19,1.89,1.89,1.86,1.88,118013232,303988288.00
2013/11/20,1.88,1.89,1.86,1.89,82630763,213083984.00
2013/11/21,1.87,1.93,1.86,1.92,145150090,375905120.00
2013/11/22,1.92,1.93,1.90,1.90,103053083,269630944.00
2013/11/25,1.90,1.93,1.89,1.90,69730643,181951680.00
2013/11/26,1.90,1.91,1.89,1.89,39787386,103504688.00
2013/11/27,1.89,1.91,1.88,1.89,50118638,130225488.00
2013/11/28,1.90,1.93,1.89,1.92,78515605,205361264.00
2013/11/29,1.93,1.93,1.91,1.92,64896395,170112224.00
2013/12/02,1.92,1.98,1.92,1.97,162731810,431870304.00
2013/12/03,1.96,1.98,1.94,1.96,102204920,271403936.00
2013/12/04,1.95,1.98,1.94,1.96,99424703,264133936.00
2013/12/05,1.96,1.96,1.91,1.94,82654490,217680656.00
2013/12/06,1.92,1.94,1.91,1.94,90672203,238073664.00
2013/12/09,1.94,1.94,1.91,1.91,74080791,194118752.00
2013/12/10,1.91,1.93,1.90,1.91,55477823,144976304.00
2013/12/11,1.90,1.92,1.85,1.87,95646137,246098160.00
2013/12/12,1.86,1.87,1.84,1.85,81003132,206430736.00
2013/12/13,1.84,1.85,1.82,1.83,82596805,209322144.00
2013/12/16,1.84,1.85,1.82,1.83,64550023,163572848.00
2013/12/17,1.84,1.84,1.81,1.84,93901607,236937872.00
2013/12/18,1.83,1.83,1.82,1.83,46034969,116151120.00
2013/12/19,1.83,1.83,1.81,1.82,80112715,201692224.00
2013/12/20,1.82,1.82,1.74,1.75,142569916,354088768.00
2013/12/23,1.77,1.78,1.75,1.77,67986908,167878336.00
2013/12/24,1.77,1.78,1.76,1.76,52862514,130463272.00
2013/12/25,1.77,1.78,1.76,1.77,38640846,95292448.00
2013/12/26,1.76,1.77,1.72,1.74,69320929,169672688.00
2013/12/27,1.74,1.78,1.73,1.76,99197709,243832912.00
2013/12/30,1.77,1.78,1.75,1.76,67745326,166797680.00
2013/12/31,1.76,1.80,1.75,1.78,77204467,191125648.00
2014/01/02,1.78,1.78,1.75,1.77,58007158,143059488.00
2014/01/03,1.76,1.77,1.74,1.76,65319035,160306368.00
2014/01/06,1.76,1.76,1.71,1.74,103628249,251799952.00
2014/01/07,1.72,1.73,1.71,1.73,62578367,151461184.00
2014/01/08,1.72,1.73,1.71,1.72,80706713,195345376.00
2014/01/09,1.72,1.73,1.71,1.71,62909567,151940704.00
2014/01/10,1.71,1.72,1.69,1.71,91387731,219846240.00
2014/01/13,1.70,1.72,1.69,1.71,67092204,161369664.00
2014/01/14,1.71,1.72,1.70,1.71,60804750,146415024.00
2014/01/15,1.71,1.72,1.69,1.69,61573127,147586352.00
2014/01/16,1.69,1.70,1.66,1.68,121063060,287050432.00
2014/01/17,1.67,1.68,1.65,1.66,67601324,159441344.00
2014/01/20,1.66,1.68,1.65,1.66,59263005,140303680.00
2014/01/21,1.67,1.68,1.66,1.67,52002070,123117936.00
2014/01/22,1.67,1.70,1.67,1.69,118387537,282175296.00
2014/01/23,1.68,1.68,1.66,1.66,80176963,190007568.00
2014/01/24,1.66,1.68,1.66,1.67,66719628,158055728.00
2014/01/27,1.66,1.67,1.65,1.66,48672063,114855264.00
2014/01/28,1.67,1.68,1.66,1.67,72620764,172146864.00
2014/01/29,1.68,1.70,1.67,1.70,68347386,163177024.00
2014/01/30,1.69,1.70,1.67,1.68,33810844,80524568.00
2014/02/07,1.67,1.67,1.65,1.67,52286491,123542056.00
2014/02/10,1.67,1.69,1.67,1.68,94072423,223925520.00
2014/02/11,1.68,1.72,1.67,1.71,175977031,422409664.00
2014/02/12,1.70,1.72,1.69,1.71,92337401,222048944.00
2014/02/13,1.70,1.73,1.69,1.71,119629365,288029376.00
2014/02/14,1.71,1.71,1.69,1.71,66736373,160181568.00
2014/02/17,1.71,1.71,1.70,1.70,61490710,147881296.00
2014/02/18,1.70,1.71,1.68,1.68,66523489,158780592.00
2014/02/19,1.68,1.73,1.67,1.71,143612592,344063424.00
2014/02/20,1.70,1.72,1.67,1.68,120760769,289235232.00
2014/02/21,1.68,1.69,1.67,1.68,61346535,145904976.00
2014/02/24,1.67,1.67,1.63,1.65,108632662,255211392.00
2014/02/25,1.65,1.66,1.63,1.64,98793217,231436032.00
2014/02/26,1.63,1.65,1.62,1.64,69147661,161699008.00
2014/02/27,1.64,1.65,1.62,1.64,96786673,226151392.00
2014/02/28,1.64,1.64,1.62,1.63,75320115,175688848.00
2014/03/03,1.64,1.64,1.62,1.63,104470687,243347520.00
2014/03/04,1.62,1.64,1.61,1.64,106243284,247214880.00
2014/03/05,1.63,1.64,1.62,1.62,53351922,124000504.00
2014/03/06,1.62,1.63,1.61,1.62,55706964,129327056.00
2014/03/07,1.63,1.64,1.62,1.63,71083237,165369440.00
2014/03/10,1.62,1.63,1.58,1.59,89045402,204907696.00
2014/03/11,1.59,1.59,1.58,1.59,64490541,147325552.00
2014/03/12,1.59,1.60,1.57,1.59,90609177,206872224.00
2014/03/13,1.60,1.74,1.59,1.66,273061306,645265728.00
2014/03/14,1.65,1.68,1.62,1.66,184976226,433875488.00
2014/03/17,1.65,1.66,1.63,1.64,94974164,222266704.00
2014/03/18,1.64,1.64,1.62,1.64,93141226,217275648.00
2014/03/19,1.63,1.64,1.62,1.63,56793853,132144672.00
2014/03/20,1.63,1.65,1.62,1.63,96472241,225817360.00
2014/03/21,1.63,1.72,1.62,1.70,306111540,729938880.00
2014/03/24,1.71,1.72,1.68,1.70,172079569,412987488.00
2014/03/25,1.69,1.71,1.68,1.70,91715585,219660240.00
2014/03/26,1.70,1.71,1.69,1.70,101473574,243881520.00
2014/03/27,1.70,1.73,1.68,1.70,116135826,279295392.00
2014/03/28,1.70,1.75,1.70,1.73,136644447,331737088.00
2014/03/31,1.73,1.74,1.71,1.72,95415444,231781984.00
2014/04/01,1.72,1.74,1.71,1.72,55792290,135405456.00
2014/04/02,1.73,1.74,1.72,1.74,64383049,156321120.00
2014/04/03,1.74,1.74,1.66,1.69,190123974,455949632.00
2014/04/04,1.68,1.71,1.67,1.70,65625517,157119072.00
2014/04/08,1.70,1.76,1.69,1.74,172573022,419845152.00
2014/04/09,1.74,1.75,1.73,1.75,76897135,187962224.00
2014/04/10,1.74,1.79,1.73,1.76,160322901,393646784.00
2014/04/11,1.76,1.78,1.75,1.77,134009772,330214048.00
2014/04/14,1.77,1.78,1.75,1.77,61366797,151045728.00
2014/04/15,1.75,1.76,1.72,1.73,68512987,167110672.00
2014/04/16,1.73,1.75,1.72,1.74,54125128,131841776.00
2014/04/17,1.75,1.75,1.73,1.74,40772855,99412072.00
2014/04/18,1.73,1.73,1.71,1.72,76094499,183960480.00
2014/04/21,1.72,1.74,1.70,1.70,67548038,163600224.00
2014/04/22,1.70,1.72,1.70,1.71,55624172,133921656.00
2014/04/23,1.71,1.72,1.70,1.72,54581486,131324736.00
2014/04/24,1.71,1.72,1.70,1.70,51559030,124134224.00
2014/04/25,1.71,1.73,1.70,1.71,86433812,208540176.00
2014/04/28,1.71,1.73,1.70,1.72,92814167,224233088.00
2014/04/29,1.72,1.74,1.71,1.73,85845206,207904656.00
2014/04/30,1.73,1.74,1.71,1.72,47872942,115707336.00
2014/05/05,1.71,1.71,1.68,1.69,106293750,254313056.00
2014/05/06,1.69,1.70,1.68,1.69,63954878,152813248.00
2014/05/07,1.68,1.69,1.68,1.68,46398822,110709632.00
2014/05/08,1.69,1.71,1.68,1.69,51441079,123195400.00
2014/05/09,1.70,1.72,1.69,1.70,78057644,187861760.00
2014/05/12,1.71,1.74,1.70,1.72,93779086,227191456.00
2014/05/13,1.72,1.74,1.72,1.73,63140502,153562000.00
2014/05/14,1.73,1.74,1.72,1.73,38293172,93116536.00
2014/05/15,1.73,1.74,1.73,1.74,44806888,109172704.00
2014/05/16,1.74,1.76,1.73,1.75,73314380,179277104.00
2014/05/19,1.75,1.75,1.72,1.74,57990499,141172048.00
2014/05/20,1.74,1.75,1.73,1.75,69663649,170000336.00
2014/05/21,1.74,1.76,1.73,1.76,48794715,119346616.00
2014/05/22,1.75,1.78,1.75,1.76,52063589,128238944.00
2014/05/23,1.76,1.77,1.75,1.77,31764281,78182800.00
2014/05/26,1.77,1.78,1.76,1.76,43154995,106464512.00
2014/05/27,1.76,1.78,1.75,1.77,56066897,138503472.00
2014/05/28,1.77,1.80,1.76,1.78,66213104,164321488.00
2014/05/29,1.79,1.80,1.78,1.79,44196537,110132920.00
2014/05/30,1.79,1.80,1.78,1.79,45785204,114062080.00
2014/06/03,1.79,1.81,1.78,1.81,60776682,151914848.00
2014/06/04,1.80,1.81,1.78,1.78,61728947,153772608.00
2014/06/05,1.78,1.83,1.78,1.82,68929128,172840688.00
2014/06/06,1.82,1.84,1.79,1.81,79721931,200538208.00
2014/06/09,1.80,1.84,1.80,1.82,62253590,156987872.00
2014/06/10,1.82,1.85,1.81,1.85,80869850,204846336.00
2014/06/11,1.84,1.86,1.83,1.85,61825570,157335376.00
2014/06/12,1.84,1.85,1.84,1.85,46601286,118639032.00
2014/06/13,1.84,1.88,1.84,1.88,107204469,274615840.00
2014/06/16,1.88,1.89,1.85,1.88,126600142,324848992.00
2014/06/17,1.87,1.88,1.85,1.87,87823418,224914368.00
2014/06/18,1.86,1.87,1.81,1.82,122176717,309148576.00
2014/06/19,1.82,1.83,1.78,1.79,86149348,215339152.00
2014/06/20,1.79,1.82,1.78,1.81,57660435,144374080.00
2014/06/23,1.82,1.82,1.79,1.80,58205880,145764576.00
2014/06/24,1.81,1.81,1.80,1.80,34026304,85230400.00
2014/06/25,1.80,1.81,1.80,1.81,36246002,90796208.00
2014/06/26,1.81,1.83,1.80,1.83,53135820,134067848.00
2014/06/27,1.83,1.83,1.81,1.82,45202761,114066128.00
2014/06/30,1.83,1.84,1.82,1.82,59697623,150746848.00
2014/07/01,1.83,1.83,1.81,1.83,74836398,188721008.00
2014/07/02,1.82,1.84,1.81,1.82,115497351,291701536.00
2014/07/03,1.83,1.85,1.82,1.84,96506264,227454496.00
2014/07/04,1.84,1.85,1.83,1.84,51629880,121876384.00
2014/07/07,1.84,1.85,1.83,1.85,87780477,207422864.00
2014/07/08,1.85,1.86,1.83,1.85,67936533,160722880.00
2014/07/09,1.85,1.85,1.83,1.83,67700113,159685056.00
2014/07/10,1.83,1.84,1.83,1.84,45614801,107414912.00
2014/07/11,1.84,1.85,1.83,1.83,54611032,128745288.00
2014/07/14,1.84,1.84,1.83,1.84,83630539,196895200.00
2014/07/15,1.84,1.85,1.84,1.85,69094815,163346256.00
2014/07/16,1.85,1.85,1.84,1.85,87282035,206409040.00
2014/07/17,1.85,1.85,1.83,1.85,65306186,154285984.00
2014/07/18,1.84,1.85,1.83,1.84,63066428,148953616.00
2014/07/21,1.84,1.85,1.83,1.84,57422013,135363648.00
2014/07/22,1.84,1.85,1.83,1.84,128271711,302632096.00
2014/07/23,1.84,1.85,1.83,1.84,140037306,331037088.00
2014/07/24,1.84,1.89,1.84,1.88,181943422,434659680.00
2014/07/25,1.89,1.94,1.88,1.93,145703809,354514432.00
2014/07/28,1.94,2.02,1.93,2.01,296383132,744034944.00
2014/07/29,2.01,2.02,1.98,2.00,179429158,452431008.00
2014/07/30,1.99,2.01,1.96,1.97,193424954,485527616.00
2014/07/31,1.97,2.00,1.95,2.00,183175160,456023360.00
2014/08/01,1.99,2.05,1.98,2.00,240168007,609343808.00
2014/08/04,2.01,2.02,1.99,2.01,154113973,390031136.00
2014/08/05,2.02,2.03,2.00,2.01,134652981,341018848.00
2014/08/06,2.01,2.02,1.98,2.01,137825800,347621632.00
2014/08/07,2.01,2.02,1.97,1.97,125412902,314622176.00
2014/08/08,1.98,1.99,1.96,1.98,108872959,271338080.00
2014/08/11,1.99,2.01,1.98,2.00,80385796,202147216.00
2014/08/12,2.00,2.01,1.98,1.99,77972802,195597424.00
2014/08/13,1.99,2.00,1.97,1.99,128507426,322007360.00
2014/08/14,1.98,2.00,1.97,1.98,123949250,311071552.00
2014/08/15,1.99,2.00,1.97,2.00,95062662,238190880.00
2014/08/18,2.00,2.00,1.98,1.98,96714845,242418272.00
2014/08/19,1.98,2.00,1.98,1.99,152261756,381490784.00
2014/08/20,1.99,1.99,1.97,1.98,69961731,175113216.00
2014/08/21,1.98,1.99,1.95,1.96,119562627,296747392.00
2014/08/22,1.96,1.97,1.95,1.96,112642374,278974240.00
2014/08/25,1.96,1.97,1.94,1.94,98612284,243214560.00
2014/08/26,1.94,1.95,1.93,1.94,95495822,234537088.00
2014/08/27,1.93,1.94,1.92,1.93,55448850,135819648.00
2014/08/28,1.92,1.93,1.89,1.89,75657677,183771520.00
2014/08/29,1.90,1.92,1.89,1.91,90323038,219073344.00
2014/09/01,1.92,1.93,1.90,1.92,110201076,268740000.00
2014/09/02,1.92,1.96,1.92,1.95,146745469,360034048.00
2014/09/03,1.96,1.99,1.95,1.98,140760393,351110496.00
2014/09/04,1.98,2.00,1.97,1.99,95434550,238804000.00
2014/09/05,2.00,2.01,1.99,2.00,111097256,280200992.00
2014/09/09,2.01,2.01,1.99,1.99,87943423,221355744.00
2014/09/10,1.99,1.99,1.96,1.97,118472541,295283584.00
2014/09/11,1.97,1.99,1.96,1.96,156334158,389347296.00
2014/09/12,1.96,1.98,1.95,1.98,74291406,184589152.00
2014/09/15,1.97,1.97,1.95,1.96,113939965,282818144.00
2014/09/16,1.97,2.01,1.96,1.98,271938203,681078272.00
2014/09/17,1.97,1.98,1.96,1.97,174592386,434954272.00
2014/09/18,1.96,1.99,1.95,1.98,176363915,439395968.00
2014/09/19,1.98,1.98,1.96,1.98,126936859,316308896.00
2014/09/22,1.97,1.97,1.93,1.93,121634838,299989216.00
2014/09/23,1.93,1.95,1.93,1.94,88711696,218136720.00
2014/09/24,1.94,1.98,1.93,1.96,181587220,450154944.00
2014/09/25,1.98,1.99,1.96,1.97,156237203,390265504.00
2014/09/26,1.96,1.98,1.96,1.97,83087175,206939200.00
2014/09/29,1.97,1.98,1.95,1.96,143507132,356577728.00
2014/09/30,1.97,1.97,1.95,1.97,136327921,338154624.00
2014/10/08,1.97,1.97,1.95,1.97,125732847,312015840.00
2014/10/09,1.97,1.98,1.96,1.97,108967225,271100416.00
2014/10/10,1.96,1.97,1.95,1.96,124969592,309615520.00
2014/10/13,1.95,1.96,1.93,1.94,130343204,320408512.00
2014/10/14,1.93,1.96,1.93,1.94,133029512,327593824.00
2014/10/15,1.94,1.96,1.93,1.95,134971671,333146592.00
2014/10/16,1.95,1.98,1.94,1.96,196460267,487185728.00
2014/10/17,1.96,1.96,1.93,1.94,165356143,407595168.00
2014/10/20,1.95,1.96,1.94,1.95,117215108,289533088.00
2014/10/21,1.95,1.96,1.93,1.94,157141146,386993984.00
2014/10/22,1.94,1.95,1.93,1.95,120985867,298254496.00
2014/10/23,1.95,1.95,1.93,1.93,125577452,308833344.00
2014/10/24,1.93,1.94,1.92,1.93,72385253,177480752.00
2014/10/27,1.92,1.93,1.90,1.91,116632835,284057920.00
2014/10/28,1.91,1.93,1.90,1.93,108501444,264768864.00
2014/10/29,1.93,1.96,1.93,1.96,182275203,448913216.00
2014/10/30,1.95,2.00,1.94,1.98,293295230,729196736.00
2014/10/31,1.98,2.07,1.98,2.04,636079753,1613815808.00
2014/11/03,2.03,2.04,2.01,2.02,317516547,808566592.00
2014/11/04,2.02,2.03,2.00,2.02,220868369,558848960.00
2014/11/05,2.01,2.02,1.97,1.98,332531899,833384512.00
2014/11/06,1.98,1.99,1.97,1.98,155934885,389878720.00
2014/11/07,1.98,2.02,1.96,1.97,346261239,868852928.00
2014/11/10,1.99,2.04,1.98,2.03,494305657,1251339136.00
2014/11/11,2.04,2.25,2.04,2.17,1288103959,3440600576.00
2014/11/12,2.13,2.14,2.09,2.13,452892357,1193759232.00
2014/11/13,2.14,2.18,2.11,2.12,506919023,1352212608.00
2014/11/14,2.13,2.16,2.10,2.15,350516464,927565056.00
2014/11/17,2.18,2.19,2.08,2.09,361587944,959668288.00
2014/11/18,2.10,2.10,2.01,2.02,438078270,1126491776.00
2014/11/19,2.02,2.03,2.00,2.02,197656967,501369472.00
2014/11/20,2.01,2.03,2.00,2.02,220368648,558325184.00
2014/11/21,2.02,2.06,2.00,2.05,278777440,709691008.00
2014/11/24,2.01,2.06,2.00,2.04,502357849,1283593984.00
2014/11/25,2.04,2.10,2.03,2.09,436383565,1126493568.00
2014/11/26,2.09,2.17,2.08,2.14,456933881,1210393216.00
2014/11/27,2.17,2.19,2.12,2.17,594608703,1592453504.00
2014/11/28,2.16,2.34,2.15,2.33,1486854150,4124558848.00
2014/12/01,2.34,2.44,2.29,2.30,1069536829,3064508928.00
2014/12/02,2.28,2.49,2.26,2.44,1100345115,3168654848.00
2014/12/03,2.45,2.52,2.35,2.40,1215175101,3592873472.00
2014/12/04,2.42,2.54,2.38,2.53,1079702220,3216189440.00
2014/12/05,2.56,2.81,2.49,2.79,1802728626,5726925824.00
2014/12/08,2.73,2.93,2.62,2.84,1508335718,4945467392.00
2014/12/09,2.76,2.85,2.50,2.53,1829491902,5916902400.00
2014/12/10,2.53,2.61,2.38,2.58,1190955709,3594745600.00
2014/12/11,2.53,2.60,2.49,2.53,738801272,2253379072.00
2014/12/12,2.53,2.58,2.51,2.52,537403723,1644183296.00
2014/12/15,2.50,2.50,2.44,2.48,502633131,1498517888.00
2014/12/16,2.48,2.58,2.47,2.58,729979991,2228124672.00
2014/12/17,2.59,2.78,2.56,2.72,1611248144,5128502784.00
2014/12/18,2.73,2.74,2.61,2.64,802369225,2558192384.00
2014/12/19,2.64,2.74,2.62,2.72,947006665,3042794240.00
2014/12/22,2.77,3.04,2.75,3.04,2362692374,8248902656.00
2014/12/23,2.90,3.00,2.80,2.84,1433843808,4931225088.00
2014/12/24,2.84,2.87,2.64,2.69,922113276,2994357504.00
2014/12/25,2.75,2.84,2.69,2.82,936537059,3085447168.00
2014/12/26,2.82,2.96,2.78,2.94,950674854,3222118656.00
2014/12/29,3.04,3.10,2.86,2.92,1227369554,4328634880.00
2014/12/30,2.92,3.07,2.89,3.02,934092254,3281640704.00
2014/12/31,3.03,3.25,2.98,3.19,1363736707,4973496320.00
2015/01/05,3.24,3.40,3.20,3.37,1440479628,5486170624.00
2015/01/06,3.29,3.61,3.26,3.43,1509285929,5975994880.00
2015/01/07,3.38,3.47,3.30,3.37,963318748,3760354560.00
2015/01/08,3.38,3.41,3.19,3.21,845680805,3190135040.00
2015/01/09,3.18,3.50,3.12,3.24,1649017796,6249768960.00
2015/01/12,3.18,3.24,3.08,3.15,825547123,3037865984.00
2015/01/13,3.13,3.18,3.10,3.14,437598437,1603502080.00
2015/01/14,3.15,3.27,3.15,3.21,650140985,2427109376.00
2015/01/15,3.20,3.35,3.16,3.34,800204224,3024979968.00
2015/01/16,3.37,3.47,3.34,3.42,1003820022,3950040320.00
2015/01/19,3.15,3.26,3.03,3.03,1024136180,3735646976.00
2015/01/20,3.01,3.12,2.96,3.05,750624506,2672988928.00
2015/01/21,3.07,3.30,3.03,3.25,1012054031,3720674816.00
2015/01/22,3.24,3.24,3.14,3.21,706251415,2627961856.00
2015/01/23,3.22,3.32,3.19,3.22,896948100,3374609152.00
2015/01/26,3.21,3.21,3.13,3.19,539173270,1988524416.00
2015/01/27,3.19,3.19,3.03,3.10,666068061,2413402880.00
2015/01/28,3.07,3.13,3.04,3.06,376861155,1355516544.00
2015/01/29,2.99,3.03,2.95,2.98,525151028,1841374208.00
2015/01/30,3.00,3.03,2.93,2.94,365558794,1278243200.00
2015/02/02,2.86,2.90,2.79,2.81,415574624,1401030272.00
2015/02/03,2.83,2.90,2.81,2.88,372506404,1255367552.00
2015/02/04,2.89,2.93,2.83,2.84,315805990,1074703488.00
2015/02/05,3.04,3.05,2.78,2.80,1161271875,4001022720.00
2015/02/06,2.77,2.79,2.66,2.70,569160598,1853260544.00
2015/02/09,2.68,2.74,2.63,2.71,502297961,1606961664.00
2015/02/10,2.70,2.77,2.68,2.75,477545782,1553913344.00
2015/02/11,2.75,2.76,2.72,2.74,267805257,872335552.00
2015/02/12,2.74,2.75,2.69,2.73,265354154,859453376.00
2015/02/13,2.74,2.83,2.73,2.79,849197063,2797240064.00
2015/02/16,2.78,2.79,2.75,2.77,320472804,1053116160.00
2015/02/17,2.78,2.82,2.77,2.79,369734200,1223977472.00
2015/02/25,2.79,2.80,2.75,2.77,344364734,1133252352.00
2015/02/26,2.76,2.84,2.73,2.83,579857823,1922318720.00
2015/02/27,2.83,2.85,2.80,2.82,433135313,1448644480.00
2015/03/02,2.84,2.84,2.80,2.84,522923527,1747305472.00
2015/03/03,2.82,2.82,2.72,2.72,574248517,1886501120.00
2015/03/04,2.72,2.74,2.67,2.70,474576998,1529228928.00
2015/03/05,2.68,2.69,2.58,2.62,610891421,1922215552.00
2015/03/06,2.61,2.64,2.60,2.63,443968200,1396009856.00
2015/03/09,2.63,2.81,2.58,2.77,1175954350,3775232768.00
2015/03/10,2.73,2.73,2.67,2.68,722650178,2324410368.00
2015/03/11,2.68,2.75,2.67,2.70,666394055,2152089600.00
2015/03/12,2.74,2.84,2.72,2.80,1237632473,4087800320.00
2015/03/13,2.81,2.87,2.77,2.80,923046449,3081767424.00
2015/03/16,2.82,2.85,2.79,2.84,826117197,2759869440.00
2015/03/17,2.86,2.89,2.84,2.88,1002348154,3391451904.00
2015/03/18,2.89,3.01,2.88,3.00,1339413101,4641740800.00
2015/03/19,3.01,3.02,2.94,2.96,1053768652,3677978624.00
2015/03/20,2.96,3.07,2.96,3.04,1265646044,4464006656.00
2015/03/23,3.08,3.11,3.05,3.10,1186262388,4271454720.00
2015/03/24,3.10,3.32,3.06,3.21,2121240477,7820087296.00
2015/03/25,3.19,3.27,3.10,3.12,1769962026,6535026176.00
2015/03/26,3.08,3.17,3.03,3.13,1264754411,4588904448.00
2015/03/27,3.13,3.15,3.08,3.12,1007100474,3658351104.00
2015/03/30,3.14,3.23,3.11,3.22,1612000807,5965906432.00
2015/03/31,3.26,3.29,3.13,3.15,1550134305,5785938432.00
2015/04/01,3.13,3.19,3.12,3.17,1022280686,3761058816.00
2015/04/02,3.18,3.19,3.10,3.13,1034508356,3783034368.00
2015/04/03,3.10,3.14,3.09,3.14,936586200,3407118592.00
2015/04/07,3.18,3.25,3.17,3.25,1718875626,6411085824.00
2015/04/08,3.25,3.29,3.19,3.29,1622981187,6114279936.00
2015/04/09,3.29,3.36,3.24,3.25,1611898445,6122229760.00
2015/04/10,3.24,3.30,3.22,3.29,1339776019,5066601984.00
2015/04/13,3.36,3.44,3.31,3.40,2474038260,9601556480.00
2015/04/14,3.38,3.38,3.32,3.35,1530056065,5920129024.00
2015/04/15,3.35,3.46,3.33,3.38,2391276125,9340788736.00
2015/04/16,3.36,3.45,3.32,3.45,1791901149,6996960256.00
2015/04/17,3.51,3.54,3.45,3.51,2204309897,8858037248.00
2015/04/20,3.57,3.57,3.41,3.43,2846928515,11478212608.00
2015/04/21,3.41,3.48,3.39,3.47,1262194333,4987734016.00
2015/04/22,3.49,3.53,3.46,3.52,1592638179,6386851328.00
2015/04/23,3.52,3.52,3.46,3.49,1301567915,5214446080.00
2015/04/24,3.43,3.44,3.35,3.40,1380512393,5413919232.00
2015/04/27,3.41,3.50,3.40,3.48,1506752067,5999519232.00
2015/04/28,3.50,3.73,3.48,3.59,3004523653,12330604544.00
2015/04/29,3.51,3.53,3.44,3.50,1354372950,5434724352.00
2015/04/30,3.50,3.52,3.43,3.44,1139362708,4540166656.00
2015/05/04,3.44,3.44,3.39,3.43,955254706,3758818560.00
2015/05/05,3.42,3.42,3.22,3.25,1340400821,5159307264.00
2015/05/06,3.25,3.33,3.17,3.20,1025812805,3879876096.00
2015/05/07,3.20,3.21,3.12,3.13,897443970,3300842496.00
2015/05/08,3.16,3.18,3.12,3.18,713341760,2623303168.00
2015/05/11,3.18,3.23,3.13,3.22,1016831907,3756128512.00
2015/05/12,3.23,3.25,3.19,3.23,889964966,3325401856.00
2015/05/13,3.24,3.26,3.19,3.20,811695211,3035582720.00
2015/05/14,3.21,3.22,3.18,3.19,660773872,2457321472.00
2015/05/15,3.18,3.19,3.11,3.14,706681828,2589704192.00
2015/05/18,3.11,3.12,3.08,3.09,596731116,2162340864.00
2015/05/19,3.08,3.19,3.07,3.18,786131856,2884873984.00
2015/05/20,3.18,3.22,3.15,3.17,909401221,3363989504.00
2015/05/21,3.17,3.17,3.14,3.16,693155391,2548179712.00
2015/05/22,3.19,3.27,3.18,3.27,1209892186,4532768768.00
2015/05/25,3.28,3.38,3.27,3.37,1228721605,4733161472.00
2015/05/26,3.41,3.41,3.32,3.38,1023789707,3975272192.00
2015/05/27,3.37,3.39,3.32,3.35,956347118,3702639360.00
2015/05/28,3.34,3.36,3.14,3.15,1654293072,6262441984.00
2015/05/29,3.14,3.18,3.06,3.12,1163127127,4229698304.00
2015/06/01,3.12,3.26,3.09,3.25,1332846350,4934180352.00
2015/06/02,3.23,3.27,3.18,3.24,1204272467,4501666816.00
2015/06/03,3.26,3.27,3.17,3.22,983487687,3673114368.00
2015/06/04,3.23,3.37,3.19,3.33,1991367285,7579292672.00
2015/06/05,3.38,3.41,3.27,3.33,1571894753,6059918336.00
2015/06/08,3.34,3.63,3.31,3.60,3602374323,14449961984.00
2015/06/09,3.60,3.65,3.46,3.52,2486029500,10124687360.00
2015/06/10,3.48,3.49,3.44,3.47,1437692958,5729672704.00
2015/06/11,3.46,3.48,3.40,3.43,1185249000,4680097280.00
2015/06/12,3.43,3.45,3.39,3.45,1234531621,4865945600.00
2015/06/15,3.44,3.45,3.34,3.35,1239574687,4857626624.00
2015/06/16,3.32,3.39,3.26,3.30,1193247296,4593277440.00
2015/06/17,3.35,3.37,3.28,3.34,1159486954,4458039808.00
2015/06/18,3.32,3.32,3.20,3.22,998386176,3777946112.00
2015/06/19,3.18,3.22,3.02,3.04,1017721164,3726162176.00
2015/06/23,3.07,3.18,3.00,3.18,1004187633,3634878720.00
2015/06/24,3.19,3.23,3.15,3.23,963995235,3575187968.00
2015/06/25,3.30,3.33,3.14,3.17,1108228070,4173775872.00
2015/06/26,3.12,3.18,2.90,3.01,1434696470,5154144768.00
2015/06/29,3.08,3.11,2.83,3.02,1619700290,5728415744.00
2015/06/30,3.02,3.20,2.95,3.19,1676155247,6054932992.00
2015/07/01,3.14,3.17,3.05,3.07,1132060003,4125991424.00
2015/07/02,3.09,3.15,2.93,3.11,1416172314,5063489536.00
2015/07/03,3.06,3.12,2.93,2.99,1407513412,5004755968.00
2015/07/06,3.28,3.34,3.13,3.34,4372088000,16565088256.00
2015/07/07,3.28,3.67,3.25,3.60,3741099332,15103792128.00
2015/07/08,3.43,3.60,3.19,3.41,3975365115,15730203648.00
2015/07/09,3.41,3.70,3.27,3.61,3028478700,12172961792.00
2015/07/10,3.53,3.82,3.47,3.60,3427356098,13750050816.00
2015/07/13,3.50,3.51,3.41,3.44,2140817636,8130583040.00
2015/07/14,3.38,3.43,3.28,3.37,1519114513,5630057984.00
2015/07/15,3.34,3.47,3.32,3.46,1551969176,5826074624.00
2015/07/16,3.46,3.54,3.38,3.42,1216628980,4605126144.00
2015/07/17,3.43,3.44,3.37,3.42,813272388,3047237120.00
2015/07/20,3.41,3.42,3.37,3.39,731852904,2730769152.00
2015/07/21,3.37,3.39,3.32,3.36,729855160,2695851264.00
2015/07/22,3.34,3.36,3.32,3.33,547586530,2013604864.00
2015/07/23,3.33,3.37,3.32,3.36,634324016,2339719680.00
2015/07/24,3.35,3.36,3.31,3.31,641667943,2357488128.00
2015/07/27,3.28,3.29,3.06,3.07,1037223454,3668295168.00
2015/07/28,3.04,3.20,3.02,3.11,861345515,2975242752.00
2015/07/29,3.10,3.13,3.07,3.12,521866292,1792869120.00
2015/07/30,3.11,3.12,3.06,3.07,425132011,1457605504.00
2015/07/31,3.05,3.11,3.03,3.10,543469490,1853947136.00
2015/08/03,3.08,3.19,3.07,3.17,878813695,3050816256.00
2015/08/04,3.16,3.18,3.13,3.18,332668092,1164673408.00
2015/08/05,3.16,3.17,3.11,3.11,281082078,977560000.00
2015/08/06,3.09,3.13,3.08,3.09,220807608,760566720.00
2015/08/07,3.10,3.13,3.09,3.11,248147745,857078528.00
2015/08/10,3.09,3.18,3.08,3.17,556307892,1933286272.00
2015/08/11,3.15,3.16,3.11,3.14,429786968,1493925248.00
2015/08/12,3.12,3.12,3.09,3.10,298020067,1027993472.00
2015/08/13,3.10,3.11,3.06,3.11,337145173,1156421632.00
2015/08/14,3.09,3.10,3.08,3.09,292240863,1002360640.00
2015/08/17,3.08,3.09,3.05,3.07,389115880,1323575296.00
2015/08/18,3.06,3.09,3.01,3.02,559367622,1897134720.00
2015/08/19,2.99,3.02,2.92,3.00,615498702,2041158912.00
2015/08/20,3.02,3.05,2.98,2.98,383943510,1288910336.00
2015/08/21,2.96,3.03,2.94,2.98,598079151,1985216640.00
2015/08/24,2.94,2.94,2.65,2.67,973909787,3015321344.00
2015/08/25,2.56,2.68,2.37,2.40,934437718,2676473856.00
2015/08/26,2.46,2.57,2.40,2.49,850767887,2390387200.00
2015/08/27,2.50,2.66,2.44,2.64,799960741,2298336512.00
2015/08/28,2.65,2.69,2.60,2.67,691107385,2057450240.00
2015/08/31,2.64,2.66,2.57,2.65,552897259,1632999680.00
2015/09/01,2.64,2.87,2.61,2.82,1449029979,4502529024.00
2015/09/02,2.72,3.05,2.70,3.03,1995668817,6450391040.00
2015/09/07,2.92,2.93,2.76,2.78,644333591,2055250560.00
2015/09/08,2.76,2.84,2.73,2.81,429955700,1346175616.00
2015/09/09,2.80,2.84,2.77,2.83,404205268,1272402688.00
2015/09/10,2.80,2.85,2.79,2.83,279667339,885797504.00
2015/09/11,2.81,2.83,2.78,2.80,184052500,579384256.00
2015/09/14,2.80,2.88,2.72,2.80,521679834,1643864960.00
2015/09/15,2.77,2.83,2.76,2.82,486950951,1530771584.00
2015/09/16,2.80,2.87,2.76,2.83,336386036,1057267712.00
2015/09/17,2.81,2.85,2.79,2.81,255866060,809539520.00
2015/09/18,2.81,2.83,2.79,2.80,254358721,801315008.00
2015/09/21,2.79,2.80,2.76,2.78,263096179,820965760.00
2015/09/22,2.78,2.81,2.77,2.80,191081585,599526976.00
2015/09/23,2.78,2.79,2.75,2.76,182413705,567271744.00
2015/09/24,2.76,2.77,2.74,2.75,141032322,436291552.00
2015/09/25,2.74,2.77,2.72,2.77,206546900,636519744.00
2015/09/28,2.75,2.76,2.73,2.74,92848533,286040768.00
2015/09/29,2.73,2.73,2.68,2.69,194315252,589769792.00
2015/09/30,2.69,2.72,2.68,2.69,147061790,447049280.00
2015/10/08,2.74,2.76,2.72,2.74,217589328,670450560.00
2015/10/09,2.74,2.76,2.73,2.75,183710093,567440960.00
2015/10/12,2.76,2.82,2.75,2.81,330039979,1033755520.00
2015/10/13,2.80,2.81,2.78,2.79,162429565,508734656.00
2015/10/14,2.78,2.79,2.76,2.76,162436580,505713728.00
2015/10/15,2.76,2.80,2.75,2.79,170440456,531347712.00
2015/10/16,2.80,2.81,2.78,2.80,246333664,772921024.00
2015/10/19,2.81,2.81,2.77,2.79,282719883,886733504.00
2015/10/20,2.78,2.80,2.78,2.80,188113447,588837056.00
2015/10/21,2.80,2.86,2.78,2.85,606820562,1915113216.00
2015/10/22,2.81,2.84,2.79,2.81,312783220,985771072.00
2015/10/23,2.81,2.83,2.80,2.82,259948542,819079936.00
2015/10/26,2.84,2.85,2.81,2.83,268570118,851196672.00
2015/10/27,2.82,2.83,2.80,2.81,226456249,714450368.00
2015/10/28,2.81,2.82,2.79,2.81,196550502,618862336.00
2015/10/29,2.80,2.81,2.79,2.79,148840396,467279552.00
2015/10/30,2.79,2.81,2.78,2.80,161541681,507044192.00
2015/11/02,2.79,2.81,2.77,2.77,215639907,675040704.00
2015/11/03,2.77,2.78,2.72,2.73,216745120,668600192.00
2015/11/04,2.73,2.81,2.72,2.81,406719323,1263851520.00
2015/11/05,2.80,2.91,2.78,2.86,812518478,2599442688.00
2015/11/06,2.84,2.87,2.82,2.86,489429058,1558232704.00
2015/11/09,2.89,3.04,2.89,2.99,1016779465,3385888256.00
2015/11/10,2.96,2.99,2.93,2.95,464592428,1531133568.00
2015/11/11,2.95,2.95,2.89,2.93,362290922,1182061056.00
2015/11/12,2.92,2.93,2.88,2.89,221999862,719395328.00
2015/11/13,2.88,2.91,2.86,2.87,232790702,749385280.00
2015/11/16,2.85,2.89,2.84,2.89,205150005,658117184.00
2015/11/17,2.89,2.94,2.88,2.90,387493871,1259699712.00
2015/11/18,2.89,2.93,2.87,2.91,361593828,1170345216.00
2015/11/19,2.90,2.91,2.87,2.90,264656769,854566912.00
2015/11/20,2.90,2.91,2.87,2.89,312610785,1007683968.00
2015/11/23,2.88,2.89,2.86,2.87,222600480,715854912.00
2015/11/24,2.86,2.87,2.84,2.86,308058204,983831808.00
2015/11/25,2.85,2.89,2.84,2.89,274433263,880851520.00
2015/11/26,2.88,2.90,2.87,2.88,198603831,640015936.00
2015/11/27,2.87,2.88,2.76,2.79,304923267,963799552.00
2015/11/30,2.79,2.83,2.77,2.81,327123992,1027774784.00
2015/12/01,2.80,2.80,2.77,2.78,205291453,641232512.00
2015/12/02,2.78,2.91,2.77,2.90,663576740,2119992576.00
2015/12/03,2.88,3.05,2.87,3.00,1064056422,3523961600.00
2015/12/04,2.98,3.00,2.94,2.96,549862401,1817714432.00
2015/12/07,2.96,2.97,2.92,2.93,177933178,582602688.00
2015/12/08,2.91,2.92,2.84,2.87,239619891,770157184.00
2015/12/09,2.85,2.91,2.84,2.89,160781232,518588896.00
2015/12/10,2.88,2.92,2.86,2.89,175665673,567761280.00
2015/12/11,2.87,2.90,2.85,2.89,242398577,778045952.00
2015/12/14,2.86,2.94,2.86,2.94,277725633,901848960.00
2015/12/15,2.93,2.94,2.89,2.90,127982773,416591840.00
2015/12/16,2.91,2.92,2.89,2.90,112936081,366282336.00
2015/12/17,2.90,2.94,2.90,2.93,211274050,688339456.00
2015/12/18,2.91,3.00,2.91,2.94,271338760,892574016.00
2015/12/21,2.92,3.00,2.92,2.97,357199463,1180666240.00
2015/12/22,2.97,2.98,2.94,2.97,181691228,599348480.00
2015/12/23,2.96,3.00,2.94,2.96,263533868,870971584.00
2015/12/24,2.96,2.97,2.91,2.94,247053926,809165184.00
2015/12/25,2.94,2.95,2.92,2.93,121916600,399167776.00
2015/12/28,2.93,2.94,2.86,2.86,254659904,825957696.00
2015/12/29,2.87,2.90,2.86,2.90,145928282,469657568.00
2015/12/30,2.89,2.90,2.87,2.89,126880332,408871360.00
2015/12/31,2.89,2.91,2.88,2.89,158248128,511938656.00
2016/01/04,2.90,2.90,2.77,2.78,191312700,609918464.00
2016/01/05,2.76,2.83,2.74,2.82,321545621,1010967552.00
2016/01/06,2.81,2.85,2.80,2.84,168419990,534016672.00
2016/01/07,2.82,2.83,2.76,2.77,67693020,213026032.00
2016/01/08,2.80,2.83,2.77,2.82,269691052,848424960.00
2016/01/11,2.80,2.81,2.75,2.75,286388562,896360960.00
2016/01/12,2.77,2.80,2.75,2.79,176341923,549730304.00
2016/01/13,2.79,2.81,2.77,2.78,153620760,481542848.00
2016/01/14,2.75,2.78,2.72,2.78,273862605,847415488.00
2016/01/15,2.77,2.77,2.72,2.73,214673803,662801856.00
2016/01/18,2.71,2.77,2.69,2.73,213964440,658513792.00
2016/01/19,2.74,2.78,2.72,2.77,143495734,444661216.00
2016/01/20,2.76,2.78,2.74,2.77,188436819,583696256.00
2016/01/21,2.74,2.79,2.74,2.75,172707114,536059072.00
2016/01/22,2.76,2.77,2.73,2.77,151552019,468537728.00
2016/01/25,2.75,2.76,2.73,2.76,161366523,497810336.00
2016/01/26,2.74,2.75,2.59,2.61,220748676,666917440.00
2016/01/27,2.61,2.63,2.55,2.61,239965022,706129920.00
2016/01/28,2.61,2.62,2.57,2.57,159022593,466818208.00
2016/01/29,2.57,2.66,2.57,2.65,198777082,589150144.00
2016/02/01,2.65,2.65,2.58,2.60,100792967,297433568.00
2016/02/02,2.60,2.63,2.59,2.62,118978571,351511328.00
2016/02/03,2.60,2.61,2.56,2.58,104308968,304478336.00
2016/02/04,2.59,2.61,2.58,2.59,86465184,253707504.00
2016/02/05,2.59,2.60,2.57,2.58,65693012,192073200.00
2016/02/15,2.53,2.57,2.51,2.55,91231105,262813136.00
2016/02/16,2.56,2.61,2.55,2.60,128065212,375299488.00
2016/02/17,2.60,2.64,2.59,2.63,138060751,407818880.00
2016/02/18,2.64,2.64,2.61,2.63,146301356,433664672.00
2016/02/19,2.62,2.64,2.60,2.61,122387769,361889184.00
2016/02/22,2.64,2.69,2.62,2.66,167722947,501775840.00
2016/02/23,2.66,2.66,2.62,2.64,126381163,375741984.00
2016/02/24,2.62,2.65,2.62,2.64,95247885,283044320.00
2016/02/25,2.64,2.64,2.56,2.58,231515194,684747456.00
2016/02/26,2.59,2.63,2.58,2.62,140532474,414976640.00
2016/02/29,2.61,2.65,2.57,2.65,260584606,768176768.00
2016/03/01,2.64,2.67,2.62,2.65,142663210,425758784.00
2016/03/02,2.66,2.71,2.65,2.71,220580175,667956160.00
2016/03/03,2.70,2.74,2.69,2.74,186818827,570413760.00
2016/03/04,2.73,2.87,2.71,2.86,527131148,1659320320.00
2016/03/07,2.84,2.85,2.81,2.84,170029581,539430720.00
2016/03/08,2.83,2.85,2.75,2.84,224940796,705773312.00
2016/03/09,2.81,2.88,2.78,2.87,231588339,735275200.00
2016/03/10,2.84,2.85,2.80,2.81,117998586,374240096.00
2016/03/11,2.80,2.86,2.79,2.85,138208556,437020672.00
2016/03/14,2.84,2.86,2.82,2.85,147144611,468904384.00
2016/03/15,2.85,2.86,2.80,2.85,178768173,567050112.00
2016/03/16,2.83,2.91,2.83,2.91,452161580,1459107072.00
2016/03/17,2.90,2.91,2.86,2.87,178954399,575115904.00
2016/03/18,2.88,2.88,2.85,2.88,229670454,735884608.00
2016/03/21,2.87,2.89,2.86,2.87,244457300,785307584.00
2016/03/22,2.87,2.88,2.84,2.84,120630301,385505504.00
2016/03/23,2.84,2.86,2.83,2.84,92469604,294433440.00
2016/03/24,2.84,2.84,2.81,2.82,80972356,256274608.00
2016/03/25,2.82,2.84,2.81,2.82,56264415,177930544.00
2016/03/28,2.82,2.84,2.81,2.81,85593474,271224832.00
2016/03/29,2.82,2.83,2.80,2.81,107390436,338801440.00
2016/03/30,2.82,2.87,2.81,2.86,125128853,398683136.00
2016/03/31,2.86,2.87,2.84,2.86,82084460,262022896.00
2016/04/01,2.85,2.87,2.82,2.86,115540568,367538432.00
2016/04/05,2.84,2.88,2.83,2.87,154261933,492795200.00
2016/04/06,2.85,2.86,2.84,2.84,80577683,256831968.00
2016/04/07,2.85,2.85,2.81,2.82,85265479,270220576.00
2016/04/08,2.81,2.83,2.80,2.82,77771453,245251872.00
2016/04/11,2.81,2.85,2.81,2.83,98695041,313141152.00
2016/04/12,2.83,2.84,2.81,2.82,61799224,195532768.00
2016/04/13,2.82,2.87,2.82,2.85,190848393,609347456.00
2016/04/14,2.86,2.87,2.84,2.85,74704127,238319168.00
2016/04/15,2.85,2.86,2.83,2.84,72866592,231944336.00
2016/04/18,2.83,2.84,2.81,2.82,77449645,244885712.00
2016/04/19,2.82,2.83,2.81,2.82,68066749,214976032.00
2016/04/20,2.82,2.83,2.74,2.80,238400690,744209600.00
2016/04/21,2.79,2.80,2.77,2.77,77542574,242419872.00
2016/04/22,2.77,2.80,2.77,2.79,84042303,262848768.00
2016/04/25,2.79,2.80,2.76,2.79,80715873,251872832.00
2016/04/26,2.79,2.80,2.78,2.79,55355835,173221568.00
2016/04/27,2.80,2.80,2.78,2.78,40773997,127478576.00
2016/04/28,2.79,2.80,2.78,2.79,60728490,189872528.00
2016/04/29,2.78,2.79,2.77,2.78,70840648,220888432.00
2016/05/03,2.78,2.81,2.77,2.80,108140341,338916448.00
2016/05/04,2.79,2.80,2.78,2.79,70887845,221774528.00
2016/05/05,2.79,2.79,2.77,2.79,67952928,212122272.00
2016/05/06,2.79,2.79,2.76,2.76,114428566,355918336.00
2016/05/09,2.76,2.76,2.72,2.73,97234757,299759232.00
2016/05/10,2.72,2.74,2.71,2.73,85097736,260850512.00
2016/05/11,2.73,2.74,2.71,2.73,94672027,289997056.00
2016/05/12,2.72,2.73,2.70,2.71,83904533,256352912.00
2016/05/13,2.71,2.73,2.70,2.71,69974225,213618832.00
2016/05/16,2.71,2.72,2.70,2.72,47121242,143851712.00
2016/05/17,2.72,2.72,2.71,2.72,57909586,176906288.00
2016/05/18,2.71,2.73,2.69,2.72,137448774,419347264.00
2016/05/19,2.72,2.74,2.71,2.73,90608094,278206048.00
2016/05/20,2.73,2.74,2.72,2.74,76828475,236177888.00
2016/05/23,2.74,2.76,2.73,2.75,84463424,261191712.00
2016/05/24,2.76,2.76,2.74,2.75,55033433,170037808.00
2016/05/25,2.76,2.77,2.75,2.76,44418676,137575584.00
2016/05/26,2.76,2.77,2.75,2.76,70441921,218462672.00
2016/05/27,2.76,2.77,2.75,2.76,66533373,206348352.00
2016/05/30,2.77,2.79,2.75,2.79,78085853,243241360.00
2016/05/31,2.78,2.86,2.78,2.85,153315787,486419584.00
2016/06/01,2.85,2.85,2.82,2.82,110451631,350670752.00
2016/06/02,2.82,2.83,2.82,2.82,63400105,200569088.00
2016/06/03,2.83,2.85,2.81,2.85,83598677,265104432.00
2016/06/06,2.85,2.85,2.83,2.84,67287944,213730368.00
2016/06/07,2.85,2.85,2.83,2.83,49912395,158483680.00
2016/06/08,2.84,2.84,2.82,2.84,61774463,195863984.00
2016/06/13,2.82,2.84,2.80,2.81,95433991,301915680.00
2016/06/14,2.80,2.84,2.80,2.82,88728185,280555872.00
2016/06/15,2.81,2.84,2.80,2.82,75842421,239639520.00
2016/06/16,2.82,2.83,2.81,2.82,59561973,187998528.00
2016/06/17,2.82,2.84,2.81,2.83,67923175,215253664.00
2016/06/20,2.84,2.84,2.82,2.84,40558594,128543960.00
2016/06/21,2.83,2.84,2.82,2.83,55378295,175749936.00
2016/06/22,2.83,2.84,2.82,2.83,71536468,227194912.00
2016/06/23,2.84,2.85,2.83,2.84,56892488,180926480.00
2016/06/24,2.84,2.85,2.81,2.83,82645973,261932176.00
2016/06/27,2.82,2.83,2.81,2.83,56943797,180061376.00
2016/06/28,2.82,2.83,2.81,2.83,49843140,157481344.00
2016/06/29,2.83,2.85,2.82,2.84,68868497,218727824.00
2016/06/30,2.85,2.87,2.84,2.86,108019322,345820928.00
2016/07/01,2.87,2.89,2.86,2.88,80896224,260182896.00
2016/07/04,2.88,2.93,2.87,2.93,109684873,356835456.00
2016/07/05,2.93,2.94,2.91,2.93,89546909,292457664.00
2016/07/06,2.93,2.95,2.91,2.94,153789504,502353568.00
2016/07/07,2.95,2.95,2.92,2.93,159307876,493495040.00
2016/07/08,2.92,2.93,2.90,2.90,86560614,266268992.00
2016/07/11,2.91,2.93,2.90,2.91,76033200,234514864.00
2016/07/12,2.91,2.97,2.91,2.96,147877927,459801504.00
2016/07/13,2.95,2.99,2.94,2.98,177260784,556056000.00
2016/07/14,2.97,2.97,2.94,2.95,104013117,324395488.00
2016/07/15,2.95,2.96,2.94,2.95,88991442,277159296.00
2016/07/18,2.94,2.97,2.94,2.95,122083081,381092000.00
2016/07/19,2.95,2.96,2.93,2.93,95579130,296970688.00
2016/07/20,2.93,2.94,2.91,2.92,67466723,208466752.00
2016/07/21,2.92,2.94,2.91,2.93,65674020,203489936.00
2016/07/22,2.93,2.93,2.91,2.92,59655938,184198448.00
2016/07/25,2.91,2.93,2.91,2.93,72608616,224610880.00
2016/07/26,2.92,2.95,2.92,2.95,72561301,225438784.00
2016/07/27,2.95,2.95,2.91,2.95,161162063,500079968.00
2016/07/28,2.94,2.94,2.93,2.93,62827748,195008208.00
2016/07/29,2.94,2.94,2.93,2.94,48203837,149674064.00
2016/08/01,2.93,2.95,2.93,2.95,111596431,346705856.00
2016/08/02,2.94,2.95,2.94,2.95,61500970,191685568.00
2016/08/03,2.94,2.95,2.94,2.94,45542309,141817616.00
2016/08/04,2.95,2.95,2.93,2.95,92000551,285953312.00
2016/08/05,2.94,2.95,2.93,2.95,62573060,194770480.00
2016/08/08,2.94,2.95,2.93,2.95,74935412,233256896.00
2016/08/09,2.95,2.97,2.94,2.96,134206982,419161280.00
2016/08/10,2.96,2.97,2.95,2.97,71929204,225299056.00
2016/08/11,2.97,3.02,2.96,2.99,204257332,646227968.00
2016/08/12,2.99,3.04,2.98,3.04,222881675,711113728.00
2016/08/15,3.05,3.12,3.04,3.08,268905612,875524992.00
2016/08/16,3.09,3.09,3.01,3.03,319968648,1026235840.00
2016/08/17,3.03,3.03,3.00,3.01,95122068,302882144.00
2016/08/18,3.01,3.02,3.00,3.01,91453652,291081888.00
2016/08/19,3.01,3.02,3.00,3.01,60776699,193290016.00
2016/08/22,3.01,3.04,3.00,3.03,151831428,484234944.00
2016/08/23,3.03,3.06,3.02,3.04,127377522,409479456.00
2016/08/24,3.04,3.05,3.03,3.04,85073061,272762912.00
2016/08/25,3.03,3.05,3.02,3.05,90156645,288929344.00
2016/08/26,3.04,3.05,3.03,3.03,55690783,178849776.00
2016/08/29,3.03,3.04,3.00,3.01,95611937,304310080.00
2016/08/30,3.01,3.04,3.00,3.04,106156065,338987744.00
2016/08/31,3.04,3.04,3.02,3.04,61647959,197342608.00
2016/09/01,3.03,3.04,3.01,3.01,115587683,369546656.00
2016/09/02,3.01,3.03,3.01,3.02,122936770,392450624.00
2016/09/05,3.02,3.04,3.01,3.02,101759298,325155392.00
2016/09/06,3.03,3.05,3.02,3.03,112287622,359619360.00
2016/09/07,3.03,3.04,3.02,3.03,95702628,306391616.00
2016/09/08,3.03,3.04,3.02,3.03,81824367,261475968.00
2016/09/09,3.02,3.03,3.01,3.02,68568390,218915296.00
2016/09/12,3.01,3.01,2.96,2.97,160720621,506920128.00
2016/09/13,2.98,2.99,2.96,2.98,85634337,268934144.00
2016/09/14,2.97,2.98,2.93,2.94,93511753,291772768.00
2016/09/19,2.94,2.96,2.94,2.95,69143781,215504656.00
2016/09/20,2.95,2.96,2.94,2.95,71121001,222096240.00
2016/09/21,2.95,2.97,2.95,2.96,75293125,235646256.00
2016/09/22,2.97,2.98,2.96,2.97,62899824,197707120.00
2016/09/23,2.97,2.98,2.97,2.98,40569999,127601456.00
2016/09/26,2.97,2.98,2.94,2.95,84775159,265509392.00
2016/09/27,2.95,2.98,2.94,2.98,86341547,270228288.00
2016/09/28,2.97,2.98,2.96,2.96,47569839,149038832.00
2016/09/29,2.96,2.97,2.96,2.97,45060002,141277808.00
2016/09/30,2.97,2.97,2.96,2.96,33962241,106403592.00
2016/10/10,2.97,2.98,2.96,2.98,114761876,360419584.00
2016/10/11,2.98,2.98,2.97,2.97,65399176,205828944.00
2016/10/12,2.97,2.98,2.97,2.97,59452884,186797808.00
2016/10/13,2.97,2.98,2.96,2.97,64381473,202120112.00
2016/10/14,2.97,2.97,2.96,2.97,39449642,123676416.00
2016/10/17,2.97,2.97,2.95,2.96,64333366,201414672.00
2016/10/18,2.96,2.98,2.95,2.97,96381049,302068096.00
2016/10/19,2.97,2.98,2.97,2.97,51461301,161886992.00
2016/10/20,2.98,2.98,2.97,2.97,35978872,113091128.00
2016/10/21,2.97,2.98,2.96,2.97,61694054,193750128.00
2016/10/24,2.97,3.02,2.97,3.00,158085860,500307392.00
2016/10/25,3.00,3.02,2.99,3.01,122688277,390123168.00
2016/10/26,3.01,3.02,2.99,2.99,58386844,185014000.00
2016/10/27,2.99,3.00,2.97,2.98,60076542,189496688.00
2016/10/28,2.98,3.00,2.98,3.00,75342845,238358000.00
2016/10/31,2.99,3.00,2.97,2.99,58793007,185447488.00
2016/11/01,2.99,3.00,2.98,3.00,58970735,186457552.00
2016/11/02,2.99,3.00,2.98,2.99,56221316,177332080.00
2016/11/03,2.98,2.99,2.97,2.98,61370320,193382304.00
2016/11/04,2.98,2.99,2.97,2.98,78585054,247542000.00
2016/11/07,2.98,2.99,2.97,2.99,84575746,266365152.00
2016/11/08,2.99,3.02,2.98,3.01,162749332,516092896.00
2016/11/09,3.01,3.01,2.97,2.98,159785367,503668320.00
2016/11/10,2.99,3.00,2.98,3.00,66484276,210425184.00
2016/11/11,2.99,3.00,2.98,3.00,118755354,375127584.00
2016/11/14,2.99,3.01,2.98,3.00,112898670,357509088.00
2016/11/15,3.00,3.01,2.98,2.99,121691539,385049344.00
2016/11/16,2.99,3.00,2.99,2.99,70128054,221892448.00
2016/11/17,2.99,3.00,2.98,2.99,61158518,193096480.00
2016/11/18,2.99,3.00,2.98,3.00,61143604,193339232.00
2016/11/21,2.99,3.01,2.98,3.01,165474105,524742016.00
2016/11/22,3.01,3.03,3.00,3.02,205152956,653396480.00
2016/11/23,3.02,3.05,3.01,3.04,382595132,1225589504.00
2016/11/24,3.03,3.04,3.01,3.02,130423726,416597888.00
2016/11/25,3.02,3.05,3.02,3.05,217657407,698011136.00
2016/11/28,3.05,3.09,3.03,3.05,576308093,1862053632.00
2016/11/29,3.04,3.07,3.03,3.06,235999225,760254528.00
2016/11/30,3.06,3.06,3.03,3.04,192196689,618284800.00
2016/12/01,3.04,3.06,3.03,3.05,188386350,606668096.00
2016/12/02,3.05,3.06,3.02,3.05,328466512,1054982976.00
2016/12/05,3.04,3.08,3.03,3.07,269141242,867532416.00
2016/12/06,3.07,3.08,3.06,3.08,190380683,616778432.00
2016/12/07,3.07,3.08,3.06,3.07,114615593,370593408.00
2016/12/08,3.07,3.08,3.05,3.07,159378394,514993664.00
2016/12/09,3.06,3.12,3.06,3.10,406737100,1328464000.00
2016/12/12,3.09,3.14,3.04,3.09,529845500,1726650752.00
2016/12/13,3.07,3.08,3.02,3.04,317417258,1019685696.00
2016/12/14,3.04,3.06,3.03,3.04,262273108,843580480.00
2016/12/15,3.03,3.04,2.98,3.00,279745546,887614400.00
2016/12/16,2.98,3.00,2.97,2.98,222400531,700680384.00
2016/12/19,2.98,2.99,2.96,2.97,131827552,414247200.00
2016/12/20,2.97,2.98,2.93,2.95,186491997,581996928.00
2016/12/21,2.95,2.97,2.95,2.96,153741767,480680864.00
2016/12/22,2.96,2.96,2.94,2.96,77549700,242055440.00
2016/12/23,2.95,2.96,2.94,2.95,92872276,289653728.00
2016/12/26,2.94,2.96,2.92,2.96,150179606,467041024.00
2016/12/27,2.95,2.96,2.94,2.94,69413045,216126240.00
2016/12/28,2.94,2.95,2.92,2.93,129494611,401771776.00
2016/12/29,2.92,2.93,2.92,2.92,165922943,513537184.00
2016/12/30,2.93,2.94,2.92,2.93,208957655,646713152.00
2017/01/03,2.93,2.96,2.92,2.95,196745138,612871296.00
2017/01/04,2.95,2.97,2.94,2.95,170690299,533118720.00
2017/01/05,2.96,2.97,2.95,2.96,109437941,342385664.00
2017/01/06,2.96,2.96,2.95,2.96,102296721,319656736.00
2017/01/09,2.96,2.96,2.95,2.96,119532777,373443680.00
2017/01/10,2.95,2.96,2.95,2.96,111609416,348515072.00
2017/01/11,2.95,2.96,2.94,2.95,133704108,417271616.00
2017/01/12,2.95,2.95,2.94,2.95,70075474,218353376.00
2017/01/13,2.94,2.96,2.94,2.95,191591852,598121472.00
2017/01/16,2.95,3.02,2.94,2.99,591583755,1860811392.00
2017/01/17,2.98,2.98,2.97,2.98,109513815,344443200.00
2017/01/18,2.98,2.99,2.97,2.98,129814355,408892096.00
2017/01/19,2.98,3.00,2.98,2.99,167112903,527737344.00
2017/01/20,2.98,3.00,2.98,2.99,104237950,329419584.00
2017/01/23,2.99,3.00,2.99,3.00,119371911,377792800.00
2017/01/24,2.99,3.02,2.99,3.01,144529885,458756992.00
2017/01/25,3.01,3.02,3.01,3.02,84775030,270061280.00
2017/01/26,3.02,3.04,3.02,3.04,98947846,316891168.00
2017/02/03,3.04,3.04,3.01,3.01,88652597,282798912.00
2017/02/06,3.02,3.02,3.00,3.01,106306087,338270752.00
2017/02/07,3.01,3.02,3.00,3.00,91980936,292144064.00
2017/02/08,3.00,3.01,2.99,3.01,116506103,369554112.00
2017/02/09,3.00,3.02,3.00,3.01,113199983,360295328.00
2017/02/10,3.02,3.03,3.01,3.03,149270768,476614944.00
2017/02/13,3.03,3.06,3.02,3.05,176128841,566727872.00
2017/02/14,3.05,3.06,3.04,3.05,86673124,278732896.00
2017/02/15,3.05,3.13,3.04,3.12,497143912,1622176512.00
2017/02/16,3.12,3.13,3.10,3.12,243804235,800442496.00
2017/02/17,3.12,3.12,3.08,3.09,214869941,702251968.00
2017/02/20,3.08,3.14,3.07,3.09,912210255,2979528192.00
2017/02/21,3.10,3.12,3.09,3.10,350056784,1145646592.00
2017/02/22,3.09,3.10,3.08,3.10,221398308,722512640.00
2017/02/23,3.10,3.12,3.09,3.11,202438748,663106816.00
2017/02/24,3.10,3.11,3.09,3.10,125103305,408741056.00
2017/02/27,3.09,3.10,3.07,3.08,158222143,514586432.00
2017/02/28,3.07,3.09,3.07,3.08,144799906,471085728.00
2017/03/01,3.08,3.10,3.08,3.09,174962270,570124928.00
2017/03/02,3.09,3.10,3.08,3.09,113370365,369043904.00
2017/03/03,3.07,3.08,3.06,3.07,116940438,378675904.00
2017/03/06,3.07,3.08,3.06,3.07,135016647,437901824.00
2017/03/07,3.07,3.08,3.06,3.07,113073542,365734048.00
2017/03/08,3.06,3.08,3.06,3.08,116928433,379157952.00
2017/03/09,3.07,3.08,3.06,3.06,171183467,554045248.00
2017/03/10,3.06,3.07,3.05,3.07,130213879,420649184.00
2017/03/13,3.06,3.09,3.05,3.09,150292826,486671360.00
2017/03/14,3.08,3.10,3.08,3.09,121986936,397921024.00
2017/03/15,3.09,3.09,3.07,3.09,118779168,386271776.00
2017/03/16,3.09,3.12,3.08,3.11,257193708,840401024.00
2017/03/17,3.10,3.11,3.07,3.09,178306031,581361216.00
2017/03/20,3.09,3.09,3.07,3.09,150539076,489726720.00
2017/03/21,3.09,3.09,3.08,3.08,153049006,498060864.00
2017/03/22,3.07,3.08,3.05,3.07,180504099,583535552.00
2017/03/23,3.06,3.08,3.06,3.07,167456328,541951360.00
2017/03/24,3.07,3.08,3.06,3.08,149426652,483890432.00
2017/03/27,3.07,3.12,3.07,3.11,300351233,981747776.00
2017/03/28,3.11,3.12,3.10,3.11,113115553,370795584.00
2017/03/29,3.11,3.13,3.10,3.12,284878423,937769792.00
2017/03/30,3.12,3.13,3.09,3.12,269849549,884358912.00
2017/03/31,3.11,3.19,3.10,3.17,418130518,1387281536.00
2017/04/05,3.16,3.19,3.15,3.18,252120653,840554368.00
2017/04/06,3.18,3.18,3.15,3.17,187654165,625583744.00
2017/04/07,3.17,3.20,3.15,3.19,267581871,894763392.00
2017/04/10,3.19,3.19,3.17,3.17,177405735,593621504.00
2017/04/11,3.16,3.17,3.14,3.17,145569874,484191392.00
2017/04/12,3.16,3.16,3.13,3.15,221404407,734138624.00
2017/04/13,3.15,3.16,3.14,3.15,157260791,521740416.00
2017/04/14,3.15,3.15,3.11,3.14,188707104,622558912.00
2017/04/17,3.12,3.14,3.10,3.13,226674407,745123584.00
2017/04/18,3.12,3.13,3.10,3.10,128958406,423039104.00
2017/04/19,3.09,3.10,3.06,3.08,274228718,890876416.00
2017/04/20,3.08,3.10,3.07,3.09,144801914,471469344.00
2017/04/21,3.09,3.13,3.08,3.12,327792364,1076741632.00
2017/04/24,3.11,3.15,3.11,3.15,257519002,851249344.00
2017/04/25,3.14,3.16,3.13,3.16,150161559,497906048.00
2017/04/26,3.15,3.19,3.14,3.18,279794567,934723072.00
2017/04/27,3.17,3.22,3.17,3.21,305639947,1027246272.00
2017/04/28,3.20,3.21,3.18,3.21,163982182,551495872.00
2017/05/02,3.20,3.20,3.16,3.16,146888877,491426272.00
2017/05/03,3.16,3.16,3.13,3.14,102842676,341014336.00
2017/05/04,3.14,3.15,3.13,3.15,85642843,283634112.00
2017/05/05,3.14,3.16,3.12,3.16,168709183,558892160.00
2017/05/08,3.15,3.20,3.14,3.20,267158553,895536064.00
2017/05/09,3.19,3.20,3.18,3.19,111072299,372929952.00
2017/05/10,3.18,3.22,3.18,3.21,174072806,586779520.00
2017/05/11,3.20,3.26,3.20,3.24,213515245,727267008.00
2017/05/12,3.23,3.30,3.22,3.29,286483804,983341312.00
2017/05/15,3.29,3.32,3.26,3.27,150600502,520017536.00
2017/05/16,3.27,3.27,3.22,3.24,199943004,681753344.00
2017/05/17,3.23,3.24,3.22,3.24,187748373,638709056.00
2017/05/18,3.22,3.26,3.22,3.25,136762409,466499712.00
2017/05/19,3.25,3.27,3.24,3.26,101788160,349190112.00
2017/05/22,3.26,3.29,3.25,3.28,128055556,441265664.00
2017/05/23,3.28,3.34,3.28,3.33,239176843,832326336.00
2017/05/24,3.32,3.34,3.30,3.33,161139599,562239424.00
2017/05/25,3.32,3.42,3.29,3.31,548672678,1931159552.00
2017/05/26,3.32,3.35,3.31,3.34,222596426,778812032.00
2017/05/31,3.33,3.40,3.33,3.37,249434623,885255744.00
2017/06/01,3.38,3.41,3.37,3.41,193849111,690342720.00
2017/06/02,3.41,3.44,3.38,3.40,163338277,585238080.00
2017/06/05,3.39,3.40,3.26,3.29,369873795,1288701952.00
2017/06/06,3.28,3.31,3.27,3.30,147043046,509141792.00
2017/06/07,3.30,3.35,3.29,3.34,224811959,785678016.00
2017/06/08,3.33,3.35,3.30,3.34,150493947,525481344.00
2017/06/09,3.34,3.37,3.32,3.33,266314346,936179072.00
2017/06/12,3.33,3.34,3.30,3.31,190704416,665646976.00
2017/06/13,3.31,3.33,3.29,3.32,135701581,472332448.00
2017/06/14,3.32,3.33,3.29,3.31,115998982,403374080.00
2017/06/15,3.30,3.31,3.26,3.27,171284917,591038976.00
2017/06/16,3.27,3.29,3.26,3.28,114531244,394857888.00
2017/06/19,3.28,3.29,3.25,3.26,217112776,747571776.00
2017/06/20,3.27,3.30,3.26,3.30,152705858,527539328.00
2017/06/21,3.30,3.32,3.29,3.30,116429111,404100896.00
2017/06/22,3.30,3.36,3.30,3.33,355651605,1243702528.00
2017/06/23,3.32,3.35,3.30,3.34,237970010,832859520.00
2017/06/26,3.34,3.39,3.32,3.33,335907076,1185554944.00
2017/06/27,3.33,3.34,3.29,3.32,274646178,956043264.00
2017/06/28,3.31,3.34,3.30,3.30,191537305,668180096.00
2017/06/29,3.31,3.34,3.30,3.33,121992099,425856288.00
2017/06/30,3.32,3.35,3.32,3.35,145882974,511661664.00
2017/07/03,3.34,3.36,3.33,3.35,153121656,538454592.00
2017/07/04,3.35,3.36,3.33,3.35,209252144,735924736.00
2017/07/05,3.35,3.36,3.33,3.35,162387326,570060288.00
2017/07/06,3.35,3.37,3.34,3.36,175888322,619484800.00
2017/07/07,3.35,3.37,3.35,3.37,119731530,422703232.00
2017/07/10,3.37,3.37,3.35,3.36,134611066,475218144.00
2017/07/11,3.36,3.41,3.35,3.41,278889688,989757568.00
2017/07/12,3.40,3.45,3.39,3.42,359688933,1295239936.00
2017/07/13,3.44,3.49,3.43,3.47,312294837,1080649344.00
2017/07/14,3.47,3.51,3.46,3.49,209720100,730028224.00
2017/07/17,3.50,3.63,3.49,3.60,529429225,1886160384.00
2017/07/18,3.59,3.61,3.53,3.57,319321791,1141525632.00
2017/07/19,3.56,3.60,3.56,3.56,300478191,1075526272.00
2017/07/20,3.58,3.59,3.55,3.59,184857777,660266624.00
2017/07/21,3.58,3.62,3.57,3.60,194029631,697965952.00
2017/07/24,3.60,3.66,3.59,3.61,235767756,855815104.00
2017/07/25,3.62,3.72,3.62,3.69,344109012,1265641600.00
2017/07/26,3.69,3.80,3.68,3.74,309487569,1159127040.00
2017/07/27,3.74,3.75,3.68,3.72,197838004,734429568.00
2017/07/28,3.70,3.74,3.67,3.72,146075200,541058048.00
2017/08/02,3.74,3.74,3.74,3.74,0,0.00
数据来源:通达信
