600111 北方稀土 日线 前复权
      日期	    开盘	    最高	    最低	    收盘	    成交量	    成交额
2010/10/08,16.92,17.91,16.58,16.96,46262945,3700514816.00
2010/10/11,16.76,17.47,16.43,16.58,45576412,3565113344.00
2010/10/12,16.36,17.47,16.14,17.16,40986934,3231226624.00
2010/10/13,17.17,17.25,16.27,16.66,39367537,3054183168.00
2010/10/14,16.63,17.58,16.52,16.87,45267632,3595689728.00
2010/10/15,16.63,18.61,16.11,18.61,77842121,6332590592.00
2010/10/18,19.08,19.83,17.45,17.59,68652918,5913312768.00
2010/10/19,17.25,18.14,17.03,17.82,30848060,2519992320.00
2010/10/20,17.03,17.69,16.81,17.24,31832487,2550340864.00
2010/10/21,17.36,18.73,17.36,18.46,43081133,3636340736.00
2010/10/22,18.14,19.33,17.69,18.62,39586226,3410400000.00
2010/10/25,18.47,19.11,18.35,18.84,32862195,2852324864.00
2010/10/26,18.85,19.36,18.53,18.87,27736082,2425131520.00
2010/10/27,18.58,20.81,18.42,20.34,56229205,5157314560.00
2010/10/28,20.16,20.87,19.58,19.76,50878565,4736089600.00
2010/10/29,19.60,19.92,18.90,19.66,33613912,3012705024.00
2010/11/01,19.46,20.41,19.43,20.18,33842314,3139996416.00
2010/11/02,20.32,20.44,19.25,19.36,43026103,3951451904.00
2010/11/03,19.58,19.78,17.64,17.91,39110107,3366252288.00
2010/11/04,17.91,18.75,17.18,18.33,37732151,3146954240.00
2010/11/05,18.72,18.94,17.89,17.97,29836736,2508300032.00
2010/11/08,17.97,17.97,17.35,17.88,22255086,1820263424.00
2010/11/09,17.89,18.29,17.72,18.13,20852643,1746797184.00
2010/11/10,18.24,18.96,17.47,18.73,36829994,3106389248.00
2010/11/11,18.36,18.96,18.07,18.17,31623965,2713672448.00
2010/11/12,17.92,18.16,16.68,16.69,34135391,2739330304.00
2010/11/15,16.69,17.76,16.31,17.31,31813567,2520916736.00
2010/11/16,17.03,17.22,15.64,15.87,29511091,2244658176.00
2010/11/17,15.54,16.42,15.39,15.91,25644160,1910310272.00
2010/11/18,16.36,16.43,15.80,16.14,19590136,1469109248.00
2010/11/19,16.35,16.35,15.51,16.08,22879003,1694403328.00
2010/11/22,15.85,17.47,15.64,17.19,42566888,3296400128.00
2010/11/23,16.80,16.92,16.09,16.38,26716587,2048849792.00
2010/11/24,16.25,17.18,16.24,16.71,21561202,1682113920.00
2010/11/25,16.72,16.78,16.32,16.55,18866632,1448941184.00
2010/11/26,16.41,16.41,15.81,15.94,19934817,1491578752.00
2010/11/29,15.69,15.79,15.02,15.07,28653877,2031574784.00
2010/11/30,14.94,15.43,14.33,15.22,27247212,1894115328.00
2010/12/01,15.20,15.35,14.85,15.05,14292930,1003769792.00
2010/12/02,15.38,15.85,15.20,15.28,26245981,1894952064.00
2010/12/03,15.27,15.27,14.76,14.99,13916853,971810048.00
2010/12/06,15.14,15.24,14.68,14.88,10978929,761323840.00
2010/12/07,14.68,15.16,14.26,14.93,17239631,1174097536.00
2010/12/08,14.80,15.31,14.70,14.86,15168846,1062630784.00
2010/12/09,14.69,14.69,14.31,14.31,13700667,924603328.00
2010/12/10,14.12,15.14,13.99,14.79,21679108,1482400000.00
2010/12/13,14.84,15.25,14.76,15.19,21622867,1515707392.00
2010/12/14,15.27,15.58,15.12,15.56,21842917,1559636480.00
2010/12/15,15.56,15.86,15.32,15.33,20305134,1473184512.00
2010/12/16,15.35,15.54,15.12,15.15,10636856,756677696.00
2010/12/17,15.14,15.51,15.06,15.27,11075079,789965952.00
2010/12/20,15.42,15.42,14.29,14.91,18894405,1306383872.00
2010/12/21,14.83,14.98,14.58,14.84,11698351,808561280.00
2010/12/22,14.90,15.13,14.67,14.67,10273594,712650752.00
2010/12/23,14.58,14.64,14.33,14.34,12018205,810392320.00
2010/12/24,14.29,14.58,14.14,14.26,9682301,648232512.00
2010/12/27,14.28,14.64,13.99,14.01,14125467,945957952.00
2010/12/28,14.02,14.18,13.85,13.89,10451413,682808640.00
2010/12/29,14.06,14.14,13.90,14.11,9220659,603685504.00
2010/12/30,14.12,14.40,13.87,14.33,13322330,880434752.00
2010/12/31,14.35,15.51,14.25,15.35,30654501,2146675584.00
2011/01/04,15.52,15.80,15.25,15.52,24715868,1784024832.00
2011/01/05,15.25,15.96,15.04,15.54,21813647,1575656064.00
2011/01/06,15.54,16.14,15.49,15.94,26963604,1996112384.00
2011/01/07,15.78,15.93,15.25,15.34,16666899,1211306368.00
2011/01/10,15.35,15.84,15.32,15.39,14344464,1038803136.00
2011/01/11,15.25,15.32,14.94,15.11,10609274,746066880.00
2011/01/12,15.23,15.40,14.94,15.16,7008876,495697024.00
2011/01/13,15.34,15.37,15.05,15.17,7007547,496211072.00
2011/01/14,15.12,15.12,14.35,14.41,11759668,800878976.00
2011/01/17,14.29,14.59,13.69,13.82,13585701,889707712.00
2011/01/18,13.94,14.10,13.69,13.96,7554787,491422752.00
2011/01/19,14.02,14.40,13.76,14.30,10781752,710401024.00
2011/01/20,14.29,14.29,13.38,13.41,14105637,905562880.00
2011/01/21,13.29,13.58,13.16,13.24,9952146,621817664.00
2011/01/24,13.23,13.47,12.34,12.60,18606134,1119050752.00
2011/01/25,12.52,12.58,12.09,12.14,11473873,659570112.00
2011/01/26,12.20,12.34,12.07,12.22,7044886,403892128.00
2011/01/27,12.16,12.70,12.09,12.48,12673112,741641344.00
2011/01/28,12.47,12.93,12.24,12.78,12890327,758704704.00
2011/01/31,12.75,12.93,12.64,12.82,9824911,589096448.00
2011/02/01,13.05,13.76,12.98,13.58,17821250,1125498496.00
2011/02/09,13.36,13.62,13.23,13.27,10544851,659963584.00
2011/02/10,13.20,13.57,13.18,13.53,7738629,484378912.00
2011/02/11,13.64,13.88,13.54,13.59,12092745,775398912.00
2011/02/14,13.59,14.25,13.58,14.10,17127196,1119403904.00
2011/02/15,14.16,15.36,13.96,15.04,25989342,1792494848.00
2011/02/16,15.25,15.94,14.76,15.83,29481111,2115093504.00
2011/02/17,16.03,17.29,16.03,16.12,43704552,3355346432.00
2011/02/18,15.92,16.36,15.54,15.91,23284529,1730588800.00
2011/02/21,15.68,16.25,15.64,16.11,14707333,1096959360.00
2011/02/22,16.22,16.87,15.86,15.92,24893302,1885085184.00
2011/02/23,15.84,16.02,15.47,15.68,14851234,1081050368.00
2011/02/24,15.68,16.09,15.65,15.70,11984082,882141760.00
2011/02/25,15.77,15.85,15.04,15.58,11961160,860310016.00
2011/02/28,15.57,15.75,15.36,15.70,9401491,680564864.00
2011/03/01,15.70,16.70,15.70,16.40,28729609,2175872256.00
2011/03/02,16.36,16.87,16.20,16.48,27071482,2081073280.00
2011/03/03,16.51,17.58,16.51,17.27,44758317,3573978880.00
2011/03/04,17.26,17.47,17.01,17.37,24038910,1928838144.00
2011/03/07,17.74,17.94,17.32,17.54,22662056,1847630592.00
2011/03/08,17.54,18.57,17.54,18.48,29031297,2448179712.00
2011/03/09,18.58,19.46,18.36,18.49,30031508,2618542336.00
2011/03/10,18.63,18.96,17.70,17.83,32718359,2788617216.00
2011/03/11,17.69,18.12,17.53,17.73,24185998,1995040128.00
2011/03/14,17.47,17.62,16.98,17.56,18437720,1485992832.00
2011/03/15,17.40,18.25,17.27,18.16,24595237,2036326784.00
2011/03/16,18.18,19.90,18.18,19.49,39292902,3472845312.00
2011/03/17,19.20,19.28,18.14,18.29,32424311,2810090496.00
2011/03/18,18.58,19.12,18.56,18.63,18583789,1612335488.00
2011/03/21,18.53,18.80,18.07,18.43,13760633,1173792128.00
2011/03/22,18.43,18.51,17.87,17.98,15413406,1290941952.00
2011/03/23,17.98,18.53,17.60,18.50,18882643,1579101952.00
2011/03/24,18.53,19.07,18.13,18.15,16694776,1432765184.00
2011/03/25,18.22,18.75,18.22,18.48,18736642,1601696640.00
2011/03/28,18.50,18.80,18.42,18.50,17995203,1551563648.00
2011/03/29,18.32,18.48,17.71,17.75,18076194,1517145728.00
2011/03/30,17.69,18.94,17.67,18.80,28463647,2427250944.00
2011/03/31,18.76,19.47,18.72,18.88,25697593,2268864512.00
2011/04/01,19.43,19.43,18.46,19.12,18295765,1603072128.00
2011/04/06,19.12,21.08,19.12,21.08,47979755,4501218816.00
2011/04/07,21.08,21.37,20.51,20.96,31059638,3009166080.00
2011/04/08,20.99,21.43,20.51,20.70,25481618,2444839936.00
2011/04/11,20.70,21.22,20.49,20.96,21180839,2032612224.00
2011/04/12,20.80,20.92,19.38,19.47,35735747,3311209216.00
2011/04/13,19.43,19.58,18.78,19.50,17744096,1573459712.00
2011/04/14,19.50,19.50,18.83,19.00,14227561,1256472192.00
2011/04/15,18.90,19.54,18.83,19.28,12551184,1119604096.00
2011/04/18,19.06,19.38,18.88,19.01,9651732,849737664.00
2011/04/19,18.98,18.98,17.92,18.25,18590582,1570990592.00
2011/04/20,18.27,18.58,18.27,18.36,9513258,810980032.00
2011/04/21,18.63,19.45,18.24,19.23,15706486,1370606208.00
2011/04/22,19.24,19.80,18.92,19.48,15199208,1363890816.00
2011/04/25,19.24,19.28,18.77,18.90,12063960,1061493056.00
2011/04/26,18.82,19.91,18.81,19.01,15253984,1366439936.00
2011/04/28,19.09,19.25,18.32,18.40,15004623,1301438592.00
2011/04/29,18.42,18.88,18.31,18.74,9613688,832501696.00
2011/05/03,18.64,18.72,18.05,18.40,10455640,886941312.00
2011/05/04,18.37,18.77,17.89,17.92,14688367,1242591616.00
2011/05/05,17.93,18.11,17.26,17.90,13912394,1132787712.00
2011/05/06,17.87,19.67,17.62,19.35,29947402,2602333184.00
2011/05/09,19.39,20.06,19.07,19.81,23297047,2111496704.00
2011/05/10,19.78,21.66,19.78,21.13,38809405,3702802944.00
2011/05/11,21.20,21.62,20.79,21.41,35904757,3523845632.00
2011/05/12,21.69,21.69,20.86,20.95,36850253,2410427392.00
2011/05/13,20.76,20.92,20.13,20.84,41144579,2595042304.00
2011/05/16,21.00,21.12,20.59,20.86,36254781,2323863552.00
2011/05/17,20.89,20.89,19.36,19.54,46610576,2846675200.00
2011/05/18,19.17,19.96,18.89,19.45,20611558,1237441280.00
2011/05/19,19.64,20.04,19.46,19.89,29142027,1776091392.00
2011/05/20,20.59,21.45,20.43,21.12,61360924,3937494016.00
2011/05/23,21.16,21.64,20.81,20.95,51263196,3335437824.00
2011/05/24,20.83,23.09,20.63,23.04,86452111,5833035776.00
2011/05/25,22.86,23.48,22.50,22.82,63098649,4440952832.00
2011/05/26,23.32,24.35,22.82,23.03,64733550,4655871488.00
2011/05/27,22.69,22.99,21.65,22.30,48794859,3329661952.00
2011/05/30,21.92,22.49,21.71,21.94,31408025,2130229504.00
2011/05/31,22.17,23.25,21.34,22.96,58831078,4042315520.00
2011/06/01,22.83,23.23,22.69,22.98,34893718,2459091712.00
2011/06/02,22.64,23.99,22.64,23.80,56444096,4035093248.00
2011/06/03,23.83,24.15,23.68,23.75,34489478,2520620288.00
2011/06/07,23.56,25.95,23.56,25.50,58417527,4458260992.00
2011/06/08,25.49,25.66,24.95,25.40,39571054,3064332544.00
2011/06/09,25.49,26.12,25.22,25.33,43867789,3431267584.00
2011/06/10,25.29,25.44,23.83,24.77,45689349,3441857536.00
2011/06/13,24.55,25.61,24.45,25.22,38826941,2993097728.00
2011/06/14,25.29,25.35,24.73,24.93,31427996,2402226688.00
2011/06/15,25.02,25.61,24.70,25.21,36792874,2847846656.00
2011/06/16,24.95,25.49,24.83,25.20,30720694,2365037312.00
2011/06/17,25.09,25.16,22.63,22.63,67159512,4858126848.00
2011/06/20,22.16,23.36,21.91,22.76,40465961,2815327488.00
2011/06/21,22.95,22.99,21.50,22.29,47716642,3216107008.00
2011/06/22,22.12,22.48,21.86,22.12,28225741,1923131648.00
2011/06/23,21.99,22.65,21.55,22.32,34682026,2362704896.00
2011/06/24,22.09,23.21,21.66,22.69,60858849,4174452992.00
2011/06/27,22.50,22.97,22.49,22.55,29338360,2039751424.00
2011/06/28,22.59,23.68,22.59,23.60,54621822,3894402816.00
2011/06/29,23.56,23.65,23.11,23.13,33538004,2397275648.00
2011/06/30,23.59,23.78,23.19,23.30,41897565,3008751104.00
2011/07/01,23.30,23.49,22.97,23.10,26875935,1907415552.00
2011/07/04,23.09,24.11,22.99,23.66,42119884,3034123264.00
2011/07/05,23.63,23.63,23.14,23.38,32156651,2301150976.00
2011/07/06,23.24,23.81,23.10,23.36,30743690,2210200576.00
2011/07/07,23.29,23.29,22.42,22.47,56023183,3899274240.00
2011/07/08,22.46,22.71,22.02,22.18,27724710,1897534720.00
2011/07/11,21.96,22.98,21.96,22.70,28484945,1977440000.00
2011/07/12,22.56,22.82,22.36,22.41,17637383,1219036544.00
2011/07/13,22.55,22.99,22.41,22.77,21303696,1486838144.00
2011/07/14,22.93,23.28,22.74,22.85,26239438,1848739328.00
2011/07/15,22.99,23.25,22.83,23.03,20050472,1414309504.00
2011/07/18,23.18,23.26,22.53,22.58,21196970,1477800832.00
2011/07/19,22.39,22.66,21.96,22.43,21073018,1439682816.00
2011/07/20,22.56,22.81,22.31,22.43,14045395,973065280.00
2011/07/21,22.41,22.41,21.98,21.99,17104694,1161027840.00
2011/07/22,22.02,22.25,21.79,21.87,14665917,989882688.00
2011/07/25,21.68,21.99,21.17,21.23,20715491,1370558976.00
2011/07/26,21.41,21.76,21.31,21.61,15039842,996419584.00
2011/07/27,21.59,22.00,21.39,21.99,16588778,1108601984.00
2011/07/28,21.79,22.44,21.73,22.26,21015890,1432254080.00
2011/07/29,22.29,22.31,21.80,21.91,17830802,1205779968.00
2011/08/01,21.68,22.39,21.67,22.16,15390004,1049471808.00
2011/08/02,21.93,21.99,21.26,21.62,17947836,1188022272.00
2011/08/03,21.33,21.41,21.05,21.25,18955033,1235084544.00
2011/08/04,21.29,21.66,21.25,21.34,12127364,798970752.00
2011/08/05,20.49,20.89,20.33,20.82,16931410,1079220096.00
2011/08/08,20.44,20.68,19.05,19.92,31196169,1895913728.00
2011/08/09,19.17,21.31,19.10,20.90,40881990,2585922816.00
2011/08/10,21.24,21.46,20.83,20.87,24211845,1572496128.00
2011/08/11,20.26,21.02,20.26,20.93,17198052,1099713664.00
2011/08/12,21.11,21.36,20.88,20.89,13456789,871143488.00
2011/08/15,20.91,21.19,20.78,21.09,13181716,849584128.00
2011/08/16,21.12,21.44,20.96,20.98,16263351,1059221312.00
2011/08/17,20.76,20.98,20.42,20.52,16622838,1052873600.00
2011/08/18,20.53,20.82,20.28,20.30,12974595,820443200.00
2011/08/19,19.73,20.09,19.66,19.95,13042623,796134336.00
2011/08/22,19.95,20.07,19.43,19.49,11746236,712002624.00
2011/08/23,19.59,19.83,19.45,19.81,10267696,620726784.00
2011/08/24,20.00,20.09,19.63,19.67,10054902,614211264.00
2011/08/25,19.71,20.16,19.45,20.08,17386711,1064183232.00
2011/08/26,20.03,20.95,19.88,20.65,23115712,1453179136.00
2011/08/29,20.47,20.59,20.16,20.20,12301433,768693568.00
2011/08/30,20.49,20.49,19.84,19.88,10410356,645835520.00
2011/08/31,19.77,19.99,19.66,19.82,7001845,426863136.00
2011/09/01,19.95,19.95,19.64,19.69,6672072,405723072.00
2011/09/02,19.72,19.99,19.61,19.71,7175561,436860704.00
2011/09/05,19.50,19.61,19.18,19.42,8638736,515204544.00
2011/09/06,19.21,19.60,19.17,19.26,7131053,424522240.00
2011/09/07,19.36,19.92,19.26,19.80,11372643,687136192.00
2011/09/08,19.99,19.99,19.53,19.54,8311707,505117120.00
2011/09/09,19.54,19.74,19.38,19.52,6453003,388208256.00
2011/09/13,19.22,19.23,18.92,18.96,9129966,535273024.00
2011/09/14,19.09,19.13,18.52,18.99,9378134,544402688.00
2011/09/15,19.09,19.14,18.76,18.80,7954386,465622016.00
2011/09/16,18.88,19.02,18.55,18.61,9019614,520879680.00
2011/09/19,18.45,18.49,17.89,17.91,10376237,580382848.00
2011/09/20,17.83,18.34,17.83,18.19,11439981,641307136.00
2011/09/21,18.06,19.99,17.99,19.61,27249112,1604459904.00
2011/09/22,19.26,19.53,18.59,18.70,19888838,1172555136.00
2011/09/23,18.30,18.79,17.96,18.47,15541802,880024640.00
2011/09/26,18.19,18.67,17.96,18.05,9746665,547198272.00
2011/09/27,18.33,18.66,18.12,18.36,11926832,675948544.00
2011/09/28,18.59,18.66,18.04,18.14,10009871,566422144.00
2011/09/29,17.93,18.15,17.76,17.82,9307203,514465504.00
2011/09/30,17.96,18.02,17.72,17.83,6099090,335889056.00
2011/10/10,17.83,17.99,16.52,16.76,16136925,857053632.00
2011/10/11,17.23,17.49,15.59,15.97,20462256,1037404224.00
2011/10/12,15.83,16.63,15.51,16.45,17791739,895754624.00
2011/10/13,16.43,16.83,16.33,16.66,14808517,758603392.00
2011/10/14,16.58,16.65,16.08,16.33,12450243,628845504.00
2011/10/17,16.42,16.66,16.14,16.30,9781686,495396000.00
2011/10/18,15.95,15.98,15.27,15.33,19238309,929020800.00
2011/10/19,15.33,15.50,14.50,14.58,18902907,865816768.00
2011/10/20,14.66,14.92,14.34,14.86,17670087,804470400.00
2011/10/21,14.73,14.73,13.94,14.03,14970072,662638784.00
2011/10/24,13.96,14.37,13.49,14.22,17249195,747915456.00
2011/10/25,14.23,15.28,13.66,14.94,32053945,1448069760.00
2011/10/27,15.06,15.12,14.71,14.80,20750210,960336832.00
2011/10/28,15.09,15.59,15.00,15.46,27911164,1328601216.00
2011/10/31,15.33,15.51,15.10,15.37,20699594,978330752.00
2011/11/01,15.12,15.38,15.05,15.13,14231657,670386752.00
2011/11/02,14.79,15.00,14.27,14.95,21914639,993495808.00
2011/11/03,15.04,16.33,14.95,15.48,59461276,2874859264.00
2011/11/04,15.70,16.16,15.70,15.85,31931265,1569732608.00
2011/11/07,15.85,16.23,15.66,15.80,21656804,1070317632.00
2011/11/08,15.69,15.96,15.46,15.52,16724210,812449408.00
2011/11/09,15.60,15.89,15.33,15.89,16329937,789839232.00
2011/11/10,15.64,15.75,15.39,15.40,15629441,751385792.00
2011/11/11,15.60,15.82,15.37,15.61,13012192,629141696.00
2011/11/14,15.93,15.98,15.69,15.88,16491283,809381568.00
2011/11/15,15.83,16.66,15.79,16.49,31433430,1592333184.00
2011/11/16,16.49,16.49,15.76,15.89,22946248,1143930624.00
2011/11/17,15.88,15.96,15.51,15.64,13056679,634910336.00
2011/11/18,15.45,15.53,14.83,14.89,16338368,767771776.00
2011/11/21,14.90,15.08,14.66,14.97,9412821,433919936.00
2011/11/22,14.81,15.26,14.69,15.18,12266906,570139456.00
2011/11/23,15.19,15.31,14.86,14.89,9231729,430799936.00
2011/11/24,14.68,15.07,14.49,14.92,10311074,472899936.00
2011/11/25,14.93,15.25,14.79,14.87,8526683,397225248.00
2011/11/28,14.92,15.02,14.72,14.83,5783228,266570448.00
2011/11/29,15.03,15.16,14.92,15.13,8267938,385657120.00
2011/11/30,15.08,15.10,14.16,14.33,13466572,609292480.00
2011/12/01,14.89,15.03,14.66,14.69,14383912,662688960.00
2011/12/02,14.58,14.63,14.23,14.35,8090318,362235456.00
2011/12/05,14.36,14.46,13.76,13.79,8926538,388434304.00
2011/12/06,13.79,13.96,13.67,13.83,5976122,256225264.00
2011/12/07,13.89,13.91,13.73,13.81,4316503,185347024.00
2011/12/08,13.83,14.15,13.76,13.92,7491714,325174912.00
2011/12/09,13.66,13.88,13.59,13.67,4644021,198406512.00
2011/12/12,13.76,13.91,13.66,13.72,4374779,187168448.00
2011/12/13,13.62,13.71,13.13,13.14,7771485,323056256.00
2011/12/14,13.14,13.35,12.93,12.98,6283634,257622496.00
2011/12/15,12.74,12.82,12.13,12.15,11747800,455741952.00
2011/12/16,12.08,12.33,11.56,12.22,17881435,668901952.00
2011/12/19,12.08,12.16,11.56,12.09,13251275,491463456.00
2011/12/20,12.02,12.49,11.93,12.14,14037921,537171072.00
2011/12/21,12.30,12.35,11.57,11.60,11459099,428711360.00
2011/12/22,11.33,11.89,10.84,11.46,18413726,650797696.00
2011/12/23,11.32,11.68,11.21,11.37,13425533,481282144.00
2011/12/26,11.25,11.93,11.17,11.61,17366976,634401920.00
2011/12/27,11.49,11.89,11.43,11.56,14898390,545300608.00
2011/12/28,11.39,11.77,11.16,11.76,13816968,498125984.00
2011/12/29,11.63,11.83,11.56,11.57,11665260,426323712.00
2011/12/30,11.60,12.27,11.57,12.04,18825083,704865536.00
2012/01/04,12.13,12.23,12.00,12.03,16053319,606348672.00
2012/01/05,12.00,12.00,11.33,11.37,12927283,469273184.00
2012/01/06,11.30,11.69,11.09,11.60,10011755,356363904.00
2012/01/09,11.60,12.63,11.42,12.50,26367619,1001935936.00
2012/01/10,12.49,13.12,12.37,12.96,26608410,1057210880.00
2012/01/11,12.96,13.97,12.83,13.70,35304804,1477780224.00
2012/01/12,13.49,14.71,13.41,13.98,37063124,1600524928.00
2012/01/13,13.95,14.85,13.80,14.48,47053862,2103956096.00
2012/01/16,14.16,14.31,13.13,13.19,32211654,1372557440.00
2012/01/17,13.19,14.56,13.19,14.56,42180670,1846974464.00
2012/01/18,14.89,15.75,14.56,14.65,56479139,2649427712.00
2012/01/19,14.49,15.26,14.43,15.02,29209536,1352181248.00
2012/01/20,15.06,15.12,14.04,14.70,27739009,1255349120.00
2012/01/30,14.59,15.34,14.19,14.85,29116603,1340736128.00
2012/01/31,14.78,15.29,14.66,15.01,23757189,1107016832.00
2012/02/01,14.96,14.96,14.22,14.40,23095354,1045016704.00
2012/02/02,14.46,14.70,14.26,14.68,20146153,910683520.00
2012/02/03,14.66,14.82,14.36,14.70,17044322,773736192.00
2012/02/06,14.80,14.94,14.49,14.70,13401463,612625152.00
2012/02/07,14.54,14.54,14.14,14.34,16579401,736032256.00
2012/02/08,14.34,15.78,14.28,15.66,45891375,2160947456.00
2012/02/09,15.53,15.69,15.23,15.35,35402902,1693613568.00
2012/02/10,15.33,15.72,15.20,15.33,22789466,1088671360.00
2012/02/13,15.09,15.59,15.01,15.38,16780355,797344064.00
2012/02/14,15.38,15.42,15.12,15.33,13750535,650558144.00
2012/02/15,15.24,15.80,15.19,15.53,26341352,1269653632.00
2012/02/16,15.46,15.62,15.15,15.33,20528341,976728320.00
2012/02/17,15.43,15.53,15.13,15.26,13023167,617421696.00
2012/02/20,15.53,15.58,15.22,15.23,22064088,1054676416.00
2012/02/21,15.23,15.33,15.03,15.30,16408670,772362560.00
2012/02/22,15.30,15.66,15.30,15.55,21844275,1047860160.00
2012/02/23,15.72,16.36,15.69,16.08,37981772,1891682048.00
2012/02/24,16.13,16.45,16.10,16.23,29469817,1482295936.00
2012/02/27,16.26,17.79,16.26,17.17,46792034,2466819840.00
2012/02/28,17.12,17.84,16.99,17.71,50757276,2741231616.00
2012/02/29,17.60,18.51,17.41,17.92,51755031,2881672448.00
2012/03/01,17.75,18.45,17.66,17.84,31958521,1782460160.00
2012/03/02,17.86,18.21,17.86,18.13,25152899,1399209216.00
2012/03/05,18.46,18.56,18.14,18.49,28798066,1629528960.00
2012/03/06,18.38,18.39,17.76,17.87,28361766,1572568832.00
2012/03/07,17.56,17.95,17.35,17.59,22002813,1202847616.00
2012/03/08,17.76,19.33,17.76,19.06,52040547,2996083456.00
2012/03/09,19.13,20.45,19.06,20.41,54500260,3311917312.00
2012/03/12,20.66,21.30,20.51,20.81,45834689,2942733824.00
2012/03/13,20.68,20.89,20.23,20.81,28086786,1770318720.00
2012/03/14,21.11,21.99,20.10,20.88,51981157,3381573120.00
2012/03/15,20.83,21.39,20.37,20.77,36862604,2359393536.00
2012/03/16,20.77,22.80,20.33,22.48,53252493,3492637696.00
2012/03/19,22.45,24.09,22.16,23.46,57500229,4089660928.00
2012/03/20,23.33,23.96,22.84,23.27,39475790,2832406016.00
2012/03/21,23.53,23.80,22.83,22.93,38765164,2756562944.00
2012/03/22,22.83,22.83,21.53,21.64,41578329,2801795328.00
2012/03/23,21.31,22.23,21.17,21.79,34433985,2308328192.00
2012/03/26,21.79,21.95,20.83,21.32,28935038,1884312704.00
2012/03/27,22.00,23.48,21.99,23.14,72593714,5098974720.00
2012/03/28,22.83,23.06,22.21,22.24,44519419,3089440768.00
2012/03/29,21.84,22.79,21.39,22.02,41604133,2835293440.00
2012/03/30,22.23,22.55,21.16,21.75,33554678,2238152192.00
2012/04/05,21.49,23.96,21.43,23.87,57857870,4049525504.00
2012/04/06,23.87,23.99,23.05,23.38,49185360,3545792512.00
2012/04/09,23.13,23.71,22.99,23.36,36110597,2591876352.00
2012/04/10,23.76,23.83,21.59,22.84,58495829,4044171520.00
2012/04/11,22.19,22.58,21.94,22.19,32707351,2232462592.00
2012/04/12,22.36,22.65,21.90,22.40,29516488,2021457280.00
2012/04/13,22.51,23.59,22.36,23.09,51700485,3669333760.00
2012/04/16,22.91,23.15,22.38,22.77,29115016,2027756544.00
2012/04/17,22.69,23.09,22.55,22.67,18127444,1268896000.00
2012/04/19,23.47,23.67,22.76,22.84,40621414,2893480448.00
2012/04/20,22.60,22.89,22.38,22.72,23884737,1657890432.00
2012/04/23,22.74,23.22,22.38,22.50,24949820,1743743232.00
2012/04/24,22.34,22.46,21.35,22.06,32859204,2215527936.00
2012/04/25,22.28,23.21,22.21,22.95,38831702,2717712640.00
2012/04/26,23.03,23.05,22.19,22.66,27889646,1942492160.00
2012/04/27,22.63,23.57,22.50,23.15,36691237,2611221760.00
2012/05/02,23.36,25.48,23.21,25.19,70842117,5321312256.00
2012/05/03,25.30,25.42,24.86,25.05,39300969,3021205760.00
2012/05/04,25.54,27.60,25.36,27.60,105871625,4314912768.00
2012/05/07,27.54,28.35,26.96,27.95,147885186,6244635648.00
2012/05/08,27.72,30.14,27.28,29.46,131837613,5689912320.00
2012/05/09,28.61,30.19,28.52,28.74,153047620,6832222208.00
2012/05/10,28.54,29.94,28.34,29.54,113128868,5067610112.00
2012/05/11,29.41,29.74,28.81,28.85,90790554,4029561344.00
2012/05/14,29.01,29.18,27.61,27.96,97298389,4177696768.00
2012/05/15,27.54,28.38,27.28,28.33,78166854,3297569536.00
2012/05/16,28.28,29.53,27.98,28.80,105902088,4651442688.00
2012/05/17,28.78,29.36,28.28,29.02,80126635,3520012288.00
2012/05/18,28.54,29.26,28.46,28.67,69596489,3057045248.00
2012/05/21,28.67,29.86,28.67,29.48,92709863,4132576000.00
2012/05/22,29.74,29.85,29.13,29.34,60122584,2683490048.00
2012/05/23,29.40,29.52,27.92,28.44,92465437,4038801152.00
2012/05/24,28.21,28.92,28.06,28.54,47667469,2068277632.00
2012/05/25,28.54,29.14,28.42,28.62,43845386,1918557312.00
2012/05/28,28.48,28.60,27.75,28.39,42409745,1817895296.00
2012/05/29,28.42,29.61,28.28,29.46,85331571,3781165312.00
2012/05/30,29.46,29.61,29.00,29.02,52627351,2333595392.00
2012/05/31,28.73,29.33,28.70,29.08,38424893,1699053440.00
2012/06/01,29.26,31.08,29.26,30.06,107151374,4920542208.00
2012/06/04,29.60,30.61,29.44,29.76,79142228,3604255488.00
2012/06/05,29.82,30.21,29.18,29.49,52993938,2385712896.00
2012/06/06,29.69,30.44,29.35,30.26,71270191,3248249600.00
2012/06/07,30.81,30.81,29.80,29.94,58362880,2681887488.00
2012/06/08,30.18,30.24,29.53,29.54,46671011,2114146688.00
2012/06/11,29.38,30.26,29.38,30.12,52350367,2373850368.00
2012/06/12,29.86,30.21,29.83,29.94,32963948,1503213184.00
2012/06/13,30.04,30.21,29.49,29.96,42613368,1931956352.00
2012/06/14,29.96,30.06,29.28,29.38,41967994,1886327552.00
2012/06/15,29.42,29.74,27.95,29.25,77548889,3395174656.00
2012/06/18,29.26,29.74,29.19,29.34,36880316,1651497344.00
2012/06/19,29.40,29.40,28.61,28.67,34148305,1497458816.00
2012/06/20,28.94,29.60,28.75,28.93,44602835,1978663552.00
2012/06/21,29.02,29.34,28.46,29.09,35049470,1538332544.00
2012/06/25,28.81,29.06,27.81,28.08,40341480,1739404672.00
2012/06/26,27.92,27.92,26.74,27.33,47731519,1979333760.00
2012/06/27,27.02,27.47,26.21,26.38,42742820,1748133632.00
2012/06/28,26.38,26.61,24.88,24.91,69883113,2720385536.00
2012/06/29,24.53,26.04,24.18,25.92,60523763,2325085696.00
2012/07/02,25.88,27.14,25.81,26.88,55861922,2272012288.00
2012/07/03,26.84,26.92,26.28,26.49,36946037,1496000000.00
2012/07/04,26.62,26.91,26.40,26.71,26315923,1066369408.00
2012/07/05,26.74,26.75,25.62,25.87,33414116,1325867008.00
2012/07/06,26.24,27.20,25.47,27.14,54586246,2198834688.00
2012/07/09,26.74,27.61,26.60,26.78,54163400,2236845056.00
2012/07/10,26.54,27.21,26.46,26.88,36978559,1513291776.00
2012/07/11,26.91,27.07,26.35,26.89,28789637,1169608832.00
2012/07/12,26.61,27.91,26.51,27.60,64168839,2675458304.00
2012/07/13,27.45,27.66,27.04,27.24,35921738,1495265024.00
2012/07/16,27.34,27.48,26.18,26.20,43297839,1761667072.00
2012/07/17,25.90,26.14,25.33,25.97,28695235,1128201088.00
2012/07/18,25.86,26.44,25.62,26.38,27054908,1074257920.00
2012/07/19,26.31,26.61,25.89,26.08,28388613,1135320832.00
2012/07/20,26.08,26.22,25.48,25.60,23217649,911972544.00
2012/07/23,25.60,26.04,25.24,25.61,25960275,1016482880.00
2012/07/24,25.38,25.92,25.34,25.67,20951509,818511936.00
2012/07/25,25.57,25.74,25.28,25.37,20028802,776783232.00
2012/07/26,25.38,25.86,25.26,25.44,23946812,931270528.00
2012/07/27,25.61,26.08,24.82,24.87,30750974,1177651456.00
2012/07/30,24.94,25.26,24.08,24.29,23642143,889182528.00
2012/07/31,24.28,24.41,23.07,23.31,30810257,1108814848.00
2012/08/01,23.32,24.56,23.32,24.44,34915356,1286524928.00
2012/08/02,24.44,24.58,23.81,24.10,23286753,858377472.00
2012/08/03,24.28,25.00,24.03,24.88,33893797,1272489600.00
2012/08/06,24.90,27.31,24.70,27.25,79331194,3179559936.00
2012/08/07,27.28,28.50,27.08,28.09,98231663,4162930688.00
2012/08/08,28.08,28.61,26.94,27.20,79018927,3333333504.00
2012/08/09,27.21,27.99,26.48,27.28,86256694,3572458752.00
2012/08/10,27.08,27.08,26.22,26.44,80925622,3273321984.00
2012/08/13,26.20,26.61,25.96,26.00,43832102,1748438144.00
2012/08/14,25.94,25.98,24.44,25.45,65796867,2516630784.00
2012/08/15,24.95,25.38,24.76,24.90,31191356,1188183936.00
2012/08/16,24.80,25.27,24.74,25.01,32295548,1231546240.00
2012/08/17,24.88,24.98,24.28,24.69,36672514,1369153024.00
2012/08/20,24.18,24.53,23.61,24.28,32976102,1209945856.00
2012/08/21,24.29,24.90,24.29,24.50,30839246,1154262784.00
2012/08/22,24.51,24.62,23.94,24.10,29063849,1068389888.00
2012/08/23,24.29,24.88,24.20,24.68,44760432,1680280576.00
2012/08/24,24.94,25.57,24.57,24.63,50716968,1939347712.00
2012/08/27,24.01,24.02,22.94,22.98,59115191,2104673024.00
2012/08/28,22.97,23.46,22.84,23.11,29020423,1022301888.00
2012/08/29,23.12,23.18,21.48,21.55,58506458,1967232896.00
2012/08/30,21.03,21.80,20.28,21.12,42359240,1363009152.00
2012/08/31,21.10,21.24,20.48,20.64,26141526,830341696.00
2012/09/03,20.53,21.14,20.36,20.92,32226830,1028770240.00
2012/09/04,21.04,21.74,21.04,21.22,44818458,1464411264.00
2012/09/05,21.10,21.41,20.86,21.25,25070211,810734336.00
2012/09/06,21.38,21.64,21.21,21.46,21940304,716172480.00
2012/09/07,21.72,23.60,21.72,23.45,83300073,2906325760.00
2012/09/10,23.44,23.80,23.04,23.46,55692314,1993151488.00
2012/09/11,23.28,23.28,22.61,23.06,38226074,1337316224.00
2012/09/12,23.33,23.72,23.14,23.48,40118038,1436917504.00
2012/09/13,23.64,23.71,22.66,22.76,29088467,1032151616.00
2012/09/14,23.52,23.91,23.08,23.27,48466856,1733270400.00
2012/09/17,23.21,23.52,22.60,22.61,34756068,1219872896.00
2012/09/18,22.29,22.34,21.66,21.76,31497752,1052087552.00
2012/09/19,21.78,22.21,21.70,22.10,25482376,854605696.00
2012/09/20,22.00,22.00,20.95,21.07,36703168,1199071616.00
2012/09/21,21.07,21.78,20.95,21.40,29171677,954824768.00
2012/09/24,21.01,21.74,20.69,21.58,26952138,875307840.00
2012/09/25,21.43,21.68,21.08,21.21,16808783,548751360.00
2012/09/26,21.20,21.40,20.88,20.98,17501287,564346752.00
2012/09/27,20.93,21.73,20.74,21.58,35675812,1163240192.00
2012/09/28,21.63,22.51,21.48,22.28,45006674,1514752768.00
2012/10/08,22.28,22.44,21.58,21.73,32302622,1078990592.00
2012/10/09,21.78,22.53,21.68,22.28,33540496,1137272576.00
2012/10/10,22.24,22.25,21.84,22.18,26180588,881874176.00
2012/10/11,22.06,22.61,21.89,22.10,31274991,1063247744.00
2012/10/12,22.10,22.44,21.74,21.95,21075721,709180800.00
2012/10/15,21.88,21.92,21.21,21.43,26041893,851115328.00
2012/10/16,21.44,21.71,21.31,21.40,16165642,530864960.00
2012/10/17,21.51,22.14,21.31,21.96,24292795,804580352.00
2012/10/18,21.94,22.24,21.79,22.10,30240818,1017032192.00
2012/10/19,22.06,22.15,21.78,21.91,20357952,681580416.00
2012/10/22,21.08,21.52,20.62,21.25,39636018,1276889472.00
2012/10/23,21.21,21.38,20.94,21.22,21805826,705609792.00
2012/10/24,20.88,21.08,20.51,20.58,36170035,1148427008.00
2012/10/25,20.54,20.74,20.28,20.34,29105413,908716928.00
2012/10/26,20.34,20.44,18.48,18.89,47755788,1405377920.00
2012/10/29,18.61,18.80,17.70,17.84,47071483,1304381056.00
2012/10/30,17.78,18.28,17.78,18.08,27320617,756350272.00
2012/10/31,18.12,18.66,18.00,18.59,27798465,784307648.00
2012/11/01,18.73,20.34,18.71,20.25,66575175,2013801088.00
2012/11/02,20.08,20.38,19.62,20.24,51055408,1567828480.00
2012/11/05,20.11,20.52,19.99,20.32,32302106,1003217344.00
2012/11/06,20.49,20.94,19.75,20.93,47852031,1491013760.00
2012/11/07,20.93,22.34,20.74,21.82,74270215,2467060480.00
2012/11/08,21.60,21.85,21.21,21.32,40387790,1328419584.00
2012/11/09,21.36,21.74,21.12,21.13,31406099,1027185088.00
2012/11/12,20.96,21.90,20.96,21.87,37922536,1252882304.00
2012/11/13,22.08,22.38,21.26,21.36,46555909,1558764160.00
2012/11/14,21.58,22.34,21.11,22.24,46755185,1560059008.00
2012/11/15,22.01,22.31,21.45,21.47,43980931,1475684096.00
2012/11/16,21.50,21.64,20.58,21.42,39118306,1263918848.00
2012/11/19,21.40,22.06,21.08,22.04,33956313,1122311296.00
2012/11/20,22.22,22.65,22.05,22.13,46364317,1580861440.00
2012/11/21,21.94,22.40,21.48,22.24,34376219,1154359424.00
2012/11/22,22.24,22.25,21.61,21.76,23619884,789465024.00
2012/11/23,22.00,22.46,21.76,22.06,36770556,1248042752.00
2012/11/26,22.04,22.32,21.73,21.95,23149581,777093376.00
2012/11/27,21.71,21.86,20.89,20.94,28584508,932973376.00
2012/11/28,20.55,20.88,19.57,19.79,35657097,1103692416.00
2012/11/29,19.87,20.27,19.28,19.65,24793435,753526656.00
2012/11/30,19.66,20.25,19.44,20.22,25390412,774546240.00
2012/12/03,20.22,20.39,19.44,19.50,29739726,904091008.00
2012/12/04,19.46,20.06,18.74,19.96,35773821,1055129216.00
2012/12/05,19.94,21.64,19.84,21.42,63584405,2027355136.00
2012/12/06,21.34,21.46,20.57,20.76,44534927,1425217280.00
2012/12/07,20.74,21.27,20.64,20.96,38130430,1223196672.00
2012/12/10,20.98,21.71,20.98,21.46,44171198,1448597376.00
2012/12/11,21.61,21.74,21.25,21.42,37415703,1227840128.00
2012/12/12,21.44,21.58,21.08,21.45,31069845,1012508480.00
2012/12/13,21.24,21.45,20.85,20.87,24594545,793063552.00
2012/12/14,20.86,22.36,20.86,22.04,75437222,2511440128.00
2012/12/17,22.01,23.16,21.63,22.56,76567311,2641252608.00
2012/12/18,22.55,24.28,22.19,23.72,100517879,3588495104.00
2012/12/19,23.48,24.24,23.41,23.47,70077875,2537544704.00
2012/12/20,23.27,25.27,23.21,25.12,107506851,3996344320.00
2012/12/21,25.13,25.50,24.41,24.55,78703531,2980912896.00
2012/12/24,24.42,25.14,24.20,24.57,56300006,2111730432.00
2012/12/25,24.18,24.79,23.48,24.39,74301877,2740181504.00
2012/12/26,24.40,25.47,24.35,24.50,68029377,2576655360.00
2012/12/27,24.63,24.88,24.08,24.34,54886062,2046713856.00
2012/12/28,24.68,25.04,24.44,24.54,50895407,1912732928.00
2012/12/31,24.61,24.88,24.36,24.58,43504504,1633087872.00
2013/01/04,24.98,25.06,24.54,24.68,47012494,1773946112.00
2013/01/07,24.54,24.54,23.80,24.08,48587869,1783163648.00
2013/01/08,23.99,24.68,23.74,24.64,57741703,2133772032.00
2013/01/09,24.53,24.66,23.66,23.90,54451570,2004410624.00
2013/01/10,23.88,24.28,23.68,24.00,43490296,1588355328.00
2013/01/11,24.02,24.13,23.08,23.18,49985996,1796386304.00
2013/01/14,22.88,23.91,22.88,23.69,55424694,1987970816.00
2013/01/15,23.71,24.39,23.42,24.17,74281929,2703784192.00
2013/01/16,24.04,24.60,23.81,24.17,64356068,2372696320.00
2013/01/17,24.09,24.22,23.35,23.43,44429865,1605154944.00
2013/01/18,23.64,23.88,23.38,23.58,29053179,1046520832.00
2013/01/21,23.54,23.78,23.34,23.43,31770945,1138564608.00
2013/01/22,23.44,23.74,22.88,23.04,36166862,1284505856.00
2013/01/23,23.08,23.72,23.08,23.52,36975328,1322928384.00
2013/01/24,23.66,23.72,22.85,22.96,42749906,1520726400.00
2013/01/25,22.96,23.14,22.71,22.72,28344725,990485184.00
2013/01/28,22.68,23.44,22.68,23.32,36681732,1293415680.00
2013/01/29,23.34,23.81,23.14,23.69,46559333,1664357888.00
2013/01/30,23.52,23.58,22.94,23.04,54942525,1943388544.00
2013/01/31,23.30,23.45,23.00,23.06,36076317,1277806848.00
2013/02/01,22.93,22.93,22.17,22.38,61497458,2102667776.00
2013/02/04,22.38,22.56,21.22,22.06,61499908,2051169536.00
2013/02/05,21.81,22.33,21.48,22.07,31728936,1065099584.00
2013/02/06,22.34,22.89,22.15,22.50,49131061,1696381312.00
2013/02/07,22.54,22.64,22.16,22.22,27399197,933586432.00
2013/02/08,22.22,22.65,22.22,22.43,23877070,820186816.00
2013/02/18,22.43,22.68,22.32,22.42,20881933,716811392.00
2013/02/19,22.48,22.56,21.56,21.69,30491215,1018888576.00
2013/02/20,21.66,21.93,21.61,21.81,16365849,543970496.00
2013/02/21,21.61,21.61,20.88,21.10,33140606,1069624960.00
2013/02/22,21.10,22.55,20.82,22.11,49713770,1648875008.00
2013/02/25,22.08,22.24,21.70,21.88,23247510,777470976.00
2013/02/26,21.88,22.01,21.25,21.43,30479209,1002138112.00
2013/02/27,21.50,21.73,21.29,21.38,16682166,546697472.00
2013/02/28,21.44,22.08,21.24,21.80,33422212,1109056384.00
2013/03/01,21.74,21.93,21.46,21.60,23548623,779136512.00
2013/03/04,21.48,21.48,20.73,20.89,34540306,1109517952.00
2013/03/05,20.90,21.18,20.84,21.02,21911789,702868672.00
2013/03/06,21.06,21.24,20.88,21.02,24716828,793239936.00
2013/03/07,20.84,21.20,20.32,20.81,36645304,1158706688.00
2013/03/08,20.80,21.28,20.61,20.86,34006702,1092576128.00
2013/03/11,20.67,20.84,20.38,20.39,31229744,978659904.00
2013/03/12,20.45,20.69,19.78,19.88,29923188,923792960.00
2013/03/13,19.91,20.60,19.83,20.16,32871740,1019600256.00
2013/03/14,20.08,20.15,19.58,19.70,24425266,740938176.00
2013/03/15,19.73,20.00,19.52,19.74,26998147,814108800.00
2013/03/18,19.61,19.61,18.81,18.92,33746757,983095424.00
2013/03/19,18.92,19.14,18.70,19.01,21646847,625925184.00
2013/03/20,19.06,19.87,18.92,19.70,38979071,1155680128.00
2013/03/21,19.70,19.80,19.32,19.45,26311938,787438784.00
2013/03/22,19.40,19.54,19.22,19.28,17472876,517501664.00
2013/03/25,19.28,20.93,19.28,20.73,73100846,2258044416.00
2013/03/26,20.54,20.71,20.16,20.37,38384552,1197266688.00
2013/03/27,20.37,20.78,20.19,20.51,32009042,1001233984.00
2013/03/28,20.14,20.14,19.61,19.62,28258447,856780544.00
2013/03/29,19.61,20.00,19.43,19.49,19108568,575869184.00
2013/04/01,19.24,19.25,18.80,18.98,24441572,710756928.00
2013/04/02,19.02,19.32,18.88,19.02,16558204,483107168.00
2013/04/03,18.98,19.18,18.88,18.94,13498865,392194304.00
2013/04/08,18.54,18.54,17.93,18.30,25407972,709287616.00
2013/04/09,18.38,19.20,18.35,18.82,30372255,879175616.00
2013/04/10,18.88,19.01,18.68,18.86,16693392,482208960.00
2013/04/11,18.98,19.08,18.48,18.54,14403638,413376512.00
2013/04/12,18.54,18.80,18.28,18.36,12649114,358285440.00
2013/04/15,18.18,18.20,17.91,18.14,17029704,470041824.00
2013/04/16,17.88,18.32,17.67,18.22,16476082,454094560.00
2013/04/17,18.22,18.30,17.97,18.08,12968239,359439968.00
2013/04/18,18.03,18.41,17.75,18.08,15413443,428160928.00
2013/04/19,18.18,18.74,18.18,18.60,29132820,827067072.00
2013/04/22,18.34,18.54,18.26,18.40,19070766,536566912.00
2013/04/23,18.50,18.66,17.89,17.93,21955712,612904704.00
2013/04/24,18.00,18.33,17.96,18.17,17398692,484223392.00
2013/04/25,18.17,18.26,17.90,17.94,18007066,498419488.00
2013/04/26,17.98,18.38,17.94,18.00,18292792,508394752.00
2013/05/02,17.86,17.86,17.08,17.28,25873205,690746816.00
2013/05/03,17.28,17.65,17.28,17.33,19883854,532618752.00
2013/05/06,17.68,18.32,17.68,18.22,39824773,1099598208.00
2013/05/07,18.27,19.61,18.08,18.99,66599807,1932833152.00
2013/05/08,19.01,19.07,18.62,18.86,30987271,891011328.00
2013/05/09,18.96,19.19,18.50,18.71,27587430,795747456.00
2013/05/10,18.68,18.86,18.34,18.57,20132566,572059968.00
2013/05/13,18.57,18.92,18.54,18.69,17923602,513783360.00
2013/05/14,18.67,18.67,18.07,18.14,21884181,612499712.00
2013/05/15,18.15,18.26,17.89,18.14,15321291,423920128.00
2013/05/16,18.17,18.32,17.92,18.28,16611228,459269184.00
2013/05/17,18.33,18.79,18.24,18.74,27411707,772762112.00
2013/05/20,18.87,19.41,18.61,19.07,37023180,1070503296.00
2013/05/21,19.08,19.14,18.72,18.88,27256194,782075200.00
2013/05/22,18.88,19.33,18.85,19.02,32095536,929981184.00
2013/05/23,18.86,18.87,18.48,18.51,30045948,851552256.00
2013/05/24,18.51,19.01,18.41,18.82,26847999,764174784.00
2013/05/27,18.67,18.84,18.48,18.54,22409127,634417152.00
2013/05/28,18.54,18.81,18.29,18.78,30236993,854877760.00
2013/05/29,18.78,18.91,18.68,18.70,25982480,741773824.00
2013/05/30,18.60,18.61,18.36,18.38,26467371,743240000.00
2013/05/31,18.38,18.60,18.20,18.20,21733224,606582272.00
2013/06/03,18.21,18.36,18.08,18.12,15937969,440400576.00
2013/06/04,18.12,18.13,17.68,17.76,20491433,556216896.00
2013/06/05,17.77,18.06,17.76,17.92,13668813,372456704.00
2013/06/06,17.92,17.98,17.61,17.76,16859706,455514912.00
2013/06/07,17.80,17.88,17.32,17.41,17059644,455096576.00
2013/06/13,17.28,17.28,16.26,16.40,24202553,608685632.00
2013/06/14,16.40,16.53,16.14,16.46,20446625,509474336.00
2013/06/17,16.48,16.52,16.06,16.08,17502305,431747008.00
2013/06/18,16.10,16.36,16.06,16.14,13411689,329994720.00
2013/06/19,16.21,16.98,16.11,16.96,41283211,1054031104.00
2013/06/20,16.68,16.86,16.20,16.22,20870138,525272576.00
2013/06/21,15.88,16.28,15.48,15.92,23698821,573165184.00
2013/06/24,15.88,15.88,14.34,14.36,31525672,718892224.00
2013/06/25,14.26,14.26,12.90,13.92,46295438,956444608.00
2013/06/26,13.99,14.24,13.54,14.08,28562007,608601664.00
2013/06/27,14.15,14.26,13.54,13.64,30749282,653880704.00
2013/06/28,13.36,14.14,13.08,13.66,24102057,504281504.00
2013/07/01,13.54,14.06,13.42,13.92,22367838,470502784.00
2013/07/02,13.78,13.93,13.46,13.60,27319085,567924352.00
2013/07/03,13.60,13.60,13.03,13.06,28201855,567445184.00
2013/07/04,12.94,14.32,12.62,14.01,64798072,1344660352.00
2013/07/05,13.88,15.06,13.78,14.60,78401308,1734680576.00
2013/07/08,14.34,14.52,13.69,13.75,39933278,858272832.00
2013/07/09,13.75,14.31,13.68,13.83,25132923,536904256.00
2013/07/10,13.89,15.24,13.89,15.24,74205211,1672629888.00
2013/07/11,16.14,16.78,15.98,16.78,147085865,3700993024.00
2013/07/12,16.54,16.74,16.15,16.24,100319253,2513608448.00
2013/07/15,16.24,16.94,16.08,16.53,76814933,1931617920.00
2013/07/16,16.41,16.87,16.24,16.44,54790488,1379121920.00
2013/07/17,16.68,16.68,15.74,15.81,50190333,1227700736.00
2013/07/18,15.78,15.90,15.48,15.53,34660607,826430144.00
2013/07/19,15.48,15.64,14.41,14.45,45473979,1045032192.00
2013/07/22,14.42,15.00,14.20,14.98,41293333,921526976.00
2013/07/23,15.00,16.41,14.99,16.22,67647482,1647054592.00
2013/07/24,16.01,16.34,15.59,16.18,53926614,1314863104.00
2013/07/25,16.08,16.20,15.58,15.59,39020832,943401408.00
2013/07/26,15.40,15.63,15.06,15.36,27361475,640062080.00
2013/07/29,15.08,15.31,14.80,15.29,23181657,532668928.00
2013/07/30,15.51,16.40,15.49,15.82,46034074,1120193792.00
2013/07/31,15.81,16.11,15.43,15.48,30768111,738526848.00
2013/08/01,15.62,16.06,15.48,15.97,33869310,818782528.00
2013/08/02,16.15,16.22,15.80,15.83,26192402,636388032.00
2013/08/05,15.86,16.27,15.82,16.16,35447844,869702144.00
2013/08/06,16.14,16.80,15.86,16.60,59546612,1484310784.00
2013/08/07,16.46,17.00,16.28,16.55,60896267,1544054656.00
2013/08/08,17.13,17.50,16.68,16.81,66214987,1719789440.00
2013/08/09,17.08,18.52,17.02,18.52,156992095,4332560896.00
2013/08/12,18.52,20.16,18.28,19.46,169164616,4926742016.00
2013/08/13,19.10,19.72,19.08,19.47,74586681,2194796288.00
2013/08/14,19.41,19.66,18.98,19.19,65255162,1906189184.00
2013/08/15,19.20,19.57,18.81,19.28,75556225,2204691456.00
2013/08/16,19.33,19.74,18.31,18.36,87146467,2516535040.00
2013/08/19,18.48,19.88,18.25,19.85,100073280,2929179648.00
2013/08/20,19.63,20.05,19.30,19.48,73459423,2195111168.00
2013/08/21,19.48,20.13,19.38,19.81,66941890,2012882944.00
2013/08/22,19.69,19.80,19.11,19.21,54642100,1613642880.00
2013/08/23,19.21,19.56,18.29,18.90,71670854,2057332096.00
2013/08/26,19.09,19.25,18.71,19.20,43130620,1251489536.00
2013/08/27,19.21,20.34,19.10,19.90,81692941,2472999424.00
2013/08/28,19.74,20.78,19.48,20.56,106129103,3251896320.00
2013/08/29,20.41,20.64,20.10,20.20,58344519,1799243392.00
2013/08/30,20.38,20.50,18.93,19.24,76020777,2256489984.00
2013/09/02,19.27,19.54,18.80,19.12,38646234,1124544768.00
2013/09/03,19.12,19.27,18.66,19.25,32444411,937679104.00
2013/09/04,19.14,19.94,18.81,19.38,52965314,1560704896.00
2013/09/05,19.20,19.20,18.78,18.81,41160569,1185508736.00
2013/09/06,18.82,19.21,18.82,18.88,27021079,778676928.00
2013/09/09,18.88,19.54,18.84,19.34,49248542,1444794368.00
2013/09/10,19.52,19.86,19.22,19.72,53503774,1588237184.00
2013/09/11,19.98,21.00,19.98,20.21,96055942,2989003520.00
2013/09/12,20.21,20.21,19.62,19.73,44241254,1332783616.00
2013/09/13,19.95,20.81,19.61,20.16,60150474,1856179584.00
2013/09/16,20.05,20.30,19.66,19.74,43117515,1300514944.00
2013/09/17,19.74,19.90,18.87,18.93,59624001,1735969792.00
2013/09/18,18.90,19.07,18.48,18.86,31534583,898052416.00
2013/09/23,18.92,19.36,18.86,19.16,30700120,894330880.00
2013/09/24,19.20,19.37,18.74,18.80,40786729,1176195328.00
2013/09/25,18.69,18.73,18.30,18.46,39459464,1108894208.00
2013/09/26,18.48,19.18,17.96,18.46,51163928,1445620736.00
2013/09/27,18.28,18.66,18.18,18.28,25002500,699703488.00
2013/09/30,18.48,18.60,18.18,18.54,21405562,599480640.00
2013/10/08,18.34,18.86,18.18,18.58,27223602,767111360.00
2013/10/09,18.60,18.90,18.43,18.82,33551543,955001792.00
2013/10/10,18.74,18.84,18.24,18.32,35239710,990181888.00
2013/10/11,18.41,18.59,18.28,18.36,23220814,649697664.00
2013/10/14,18.32,18.32,17.76,17.83,41446328,1133938432.00
2013/10/15,18.08,18.64,18.08,18.34,43761916,1224000512.00
2013/10/16,18.14,18.20,17.53,17.74,33694385,912241792.00
2013/10/17,17.82,18.16,17.66,17.74,20714279,562937728.00
2013/10/18,17.80,17.92,17.68,17.72,14500589,392530176.00
2013/10/21,17.68,17.85,17.16,17.84,36071552,958973120.00
2013/10/22,17.74,17.80,17.56,17.59,19529659,524618400.00
2013/10/23,17.72,18.33,17.66,17.95,44162321,1209740928.00
2013/10/24,18.04,18.08,17.50,17.52,24701316,668085440.00
2013/10/25,17.48,17.64,16.88,16.94,26389605,689814080.00
2013/10/28,16.94,17.06,16.41,16.52,18987694,482030432.00
2013/10/29,16.54,16.86,15.78,16.40,25331501,632578432.00
2013/10/30,16.41,16.69,16.20,16.50,16320897,409042368.00
2013/10/31,16.35,16.60,16.24,16.53,13573469,340962560.00
2013/11/01,16.70,17.49,16.69,17.34,37801068,991845952.00
2013/11/04,17.81,18.21,17.33,17.36,30321190,818078592.00
2013/11/05,17.36,17.87,17.18,17.79,26402933,710078528.00
2013/11/06,17.80,18.20,17.53,17.86,35882294,978237120.00
2013/11/07,17.97,17.98,17.34,17.37,21390763,572456064.00
2013/11/08,17.08,17.30,16.46,16.60,25112869,641143424.00
2013/11/11,16.51,16.61,15.86,16.16,33345649,817622784.00
2013/11/12,16.14,16.39,16.08,16.32,15950555,394582944.00
2013/11/13,16.25,16.45,15.95,15.99,18552259,456232032.00
2013/11/14,16.11,16.31,15.96,16.24,18978834,467359136.00
2013/11/15,16.25,16.74,16.14,16.50,24617214,620076480.00
2013/11/18,16.51,16.90,16.38,16.87,34086912,865443840.00
2013/11/19,16.88,16.88,16.61,16.74,22078993,562104640.00
2013/11/20,16.82,16.90,16.68,16.75,16376829,417684224.00
2013/11/21,16.66,16.66,16.28,16.42,22370403,559219840.00
2013/11/22,16.48,16.50,16.30,16.30,12553345,312959744.00
2013/11/25,16.16,16.40,16.10,16.24,13047346,322978496.00
2013/11/26,16.15,16.36,16.15,16.24,9114113,225768848.00
2013/11/27,16.28,16.58,16.21,16.52,16443901,411070528.00
2013/11/28,16.53,18.18,16.51,17.92,82477631,2204300288.00
2013/11/29,17.71,17.71,17.33,17.42,43541142,1157075712.00
2013/12/02,17.18,17.74,16.86,17.15,57345345,1515813760.00
2013/12/03,17.01,17.46,16.94,17.43,30091084,791955328.00
2013/12/04,17.42,17.64,17.19,17.41,32009494,849573696.00
2013/12/05,17.42,17.49,17.14,17.15,21437289,563000064.00
2013/12/06,17.08,17.39,17.08,17.20,13144048,345048896.00
2013/12/09,17.33,17.46,17.14,17.20,13456272,353886080.00
2013/12/10,17.28,17.38,17.08,17.29,17674356,463364768.00
2013/12/11,17.08,17.47,16.92,17.06,22479356,586984256.00
2013/12/12,16.96,17.03,16.61,16.62,24591205,627365504.00
2013/12/13,16.41,16.67,16.40,16.47,13267890,334264192.00
2013/12/16,16.28,16.42,15.88,15.90,27113534,665376128.00
2013/12/17,15.91,16.06,15.68,15.70,21161653,511716288.00
2013/12/18,15.70,15.95,15.68,15.82,14192407,341416864.00
2013/12/19,15.87,16.16,15.74,15.76,19944768,485250272.00
2013/12/20,15.73,15.83,14.16,14.24,54614699,1243125888.00
2013/12/23,14.42,14.60,14.22,14.38,22736620,500680416.00
2013/12/24,14.44,14.58,14.14,14.32,18828997,413094432.00
2013/12/25,14.36,14.50,14.22,14.50,12905705,283974144.00
2013/12/26,14.52,14.52,13.88,14.00,23312894,503066432.00
2013/12/27,14.00,14.38,13.91,14.26,16861814,365701312.00
2013/12/30,14.30,14.46,14.22,14.23,12684453,277649248.00
2013/12/31,14.10,14.92,13.93,14.59,23322519,517290176.00
2014/01/02,14.52,14.56,14.40,14.50,13461656,297626400.00
2014/01/03,15.28,15.34,14.84,14.94,33762969,773730112.00
2014/01/06,14.94,15.26,14.73,14.74,27932338,639648064.00
2014/01/07,14.80,14.84,14.41,14.48,17193993,383296224.00
2014/01/08,14.40,14.72,14.30,14.31,16544103,364919136.00
2014/01/09,14.34,14.50,14.00,14.08,19799926,428796608.00
2014/01/10,14.08,14.24,13.96,14.08,14121756,303946784.00
2014/01/13,14.10,14.50,14.08,14.20,15773608,343116928.00
2014/01/14,14.22,14.24,13.88,14.19,13924677,298504544.00
2014/01/15,14.22,14.25,13.98,14.05,11354541,243624320.00
2014/01/16,14.04,14.58,13.97,14.42,28555956,625147264.00
2014/01/17,14.28,14.31,13.96,13.98,18293200,393761056.00
2014/01/20,13.93,13.93,13.55,13.62,17410202,364984000.00
2014/01/21,13.62,13.86,13.48,13.70,12184644,255089152.00
2014/01/22,13.72,14.21,13.62,14.15,25494231,545949056.00
2014/01/23,14.13,14.13,13.90,13.96,17370777,371303360.00
2014/01/24,13.88,14.31,13.84,14.12,21505122,464688224.00
2014/01/27,14.00,14.10,13.88,13.93,14955803,318805824.00
2014/01/28,13.95,14.10,13.88,14.00,10001808,213695856.00
2014/01/29,14.02,14.14,13.86,13.90,11919233,254334800.00
2014/01/30,13.91,13.94,13.62,13.67,13027720,273052352.00
2014/02/07,13.67,13.81,13.53,13.74,10352409,216703936.00
2014/02/10,13.90,14.90,13.88,14.71,53983488,1195945088.00
2014/02/11,14.72,14.76,14.39,14.56,36128356,804089344.00
2014/02/12,14.62,14.70,14.48,14.64,19789370,440462944.00
2014/02/13,14.64,14.92,14.53,14.65,33297798,750501120.00
2014/02/14,14.65,14.92,14.64,14.77,24878236,561699712.00
2014/02/17,14.94,14.99,14.62,14.84,29872871,673913984.00
2014/02/18,14.87,14.87,14.42,14.50,26097504,579205248.00
2014/02/19,14.50,14.65,14.30,14.52,22365737,494060992.00
2014/02/20,14.32,14.77,14.29,14.46,33690943,746111296.00
2014/02/21,14.32,14.54,14.20,14.25,20034372,438383968.00
2014/02/24,14.14,14.14,13.78,13.82,23517266,498855104.00
2014/02/25,13.82,14.03,13.44,13.62,22805339,478370080.00
2014/02/26,13.71,14.03,13.62,14.02,25208615,533668096.00
2014/02/27,14.12,14.16,13.56,13.58,21865523,463075168.00
2014/02/28,13.51,13.81,13.44,13.74,16173120,336294720.00
2014/03/03,13.81,13.87,13.62,13.78,14780408,310884160.00
2014/03/04,13.74,14.11,13.50,13.87,26352360,555816000.00
2014/03/05,13.90,13.96,13.70,13.72,14957905,315699360.00
2014/03/06,13.61,13.72,13.52,13.61,13199091,274534432.00
2014/03/07,13.62,14.18,13.62,13.77,23895616,508194208.00
2014/03/10,13.60,13.60,13.15,13.20,21205871,432953728.00
2014/03/11,13.19,13.27,13.02,13.18,12336080,247695792.00
2014/03/12,13.14,13.26,13.04,13.20,12757611,256657312.00
2014/03/13,13.25,13.44,13.16,13.25,13750566,279193344.00
2014/03/14,13.21,13.36,13.10,13.16,12197457,246408160.00
2014/03/17,13.18,13.36,13.10,13.30,14974504,302988224.00
2014/03/18,13.31,13.40,13.18,13.23,16327208,331686304.00
2014/03/19,13.17,13.18,12.95,13.06,15754352,313930784.00
2014/03/20,12.94,13.12,12.69,12.70,17315264,342041984.00
2014/03/21,12.71,13.16,12.44,13.06,25922969,507393024.00
2014/03/24,12.94,13.24,12.94,13.20,23437735,470765792.00
2014/03/25,13.08,13.26,13.01,13.12,16614127,333208480.00
2014/03/26,13.10,13.94,12.84,13.73,43038139,883917696.00
2014/03/27,13.71,13.71,13.34,13.36,30102356,620694208.00
2014/03/28,13.35,13.59,13.12,13.24,24197152,493846912.00
2014/03/31,13.14,13.30,13.03,13.09,12301424,247375744.00
2014/04/01,13.08,13.27,13.06,13.20,10663696,214909408.00
2014/04/02,13.18,13.40,13.14,13.23,14377563,291050176.00
2014/04/03,13.24,13.36,13.09,13.11,14185775,286307584.00
2014/04/04,13.10,13.88,13.04,13.62,47898983,993864768.00
2014/04/08,13.52,14.06,13.44,13.88,42602328,899608448.00
2014/04/09,13.96,14.20,13.79,13.96,37616038,803913344.00
2014/04/10,13.99,14.10,13.77,13.93,32291188,685591296.00
2014/04/11,13.87,13.89,13.68,13.70,21200232,446104416.00
2014/04/14,13.61,13.98,13.56,13.80,26614367,561545408.00
2014/04/15,13.74,13.94,13.61,13.75,20650417,433449312.00
2014/04/16,13.51,13.51,13.14,13.17,44872602,909493632.00
2014/04/17,13.17,13.25,13.06,13.08,18538707,371961248.00
2014/04/18,13.08,13.18,12.98,13.12,12356456,247332352.00
2014/04/21,13.02,13.20,12.91,12.94,13831374,275775872.00
2014/04/22,12.94,13.02,12.68,12.83,16966925,332414752.00
2014/04/23,12.82,12.90,12.73,12.81,8419263,165017536.00
2014/04/24,12.81,12.85,12.62,12.63,11759191,229007056.00
2014/04/25,12.63,12.70,12.54,12.62,10936453,210921696.00
2014/04/28,12.81,12.92,12.62,12.63,16243696,317107104.00
2014/04/29,12.60,12.79,12.49,12.74,12202021,236158336.00
2014/04/30,12.73,12.73,12.61,12.64,8019263,155231808.00
2014/05/05,12.61,12.68,12.44,12.56,10852951,208052768.00
2014/05/06,12.56,12.93,12.56,12.72,14388183,281403296.00
2014/05/07,12.61,12.66,12.48,12.51,9364196,179609600.00
2014/05/08,12.48,12.72,12.46,12.53,10162370,195760352.00
2014/05/09,12.58,12.91,12.54,12.76,21121638,412442880.00
2014/05/12,12.91,13.67,12.76,13.46,63046283,1287503744.00
2014/05/13,13.33,13.38,13.01,13.06,30627475,616275648.00
2014/05/14,13.02,13.14,12.88,12.96,14348273,284523808.00
2014/05/15,12.88,12.97,12.72,12.74,14698809,288179520.00
2014/05/16,12.75,12.84,12.64,12.74,10249362,199899216.00
2014/05/19,12.76,12.90,12.61,12.82,10047705,193905904.00
2014/05/20,12.91,12.96,12.67,12.70,9067508,175317456.00
2014/05/21,12.70,12.84,12.60,12.79,8700535,168011088.00
2014/05/22,12.81,12.88,12.64,12.67,12448373,240617584.00
2014/05/23,12.67,12.74,12.64,12.72,7842936,150706832.00
2014/05/26,12.85,12.87,12.71,12.74,11110760,214713440.00
2014/05/27,12.84,12.86,12.66,12.68,10969024,211302720.00
2014/05/28,12.68,12.80,12.62,12.77,15477091,298125216.00
2014/05/29,12.78,12.80,12.64,12.65,12620623,242842640.00
2014/05/30,12.65,12.86,12.65,12.74,15587821,301241024.00
2014/06/03,12.74,12.81,12.64,12.66,13179089,254122528.00
2014/06/04,12.66,12.66,12.30,12.42,21147544,398446560.00
2014/06/05,12.48,12.94,12.48,12.81,34455386,667300992.00
2014/06/06,12.81,12.81,12.48,12.61,18105324,345901088.00
2014/06/09,12.66,12.93,12.62,12.72,27554167,535241440.00
2014/06/10,12.68,12.78,12.58,12.74,15384976,295147328.00
2014/06/11,12.68,12.81,12.63,12.74,12989018,250533488.00
2014/06/12,12.70,12.76,12.60,12.61,15088676,289026368.00
2014/06/13,12.61,12.78,12.60,12.68,15716716,302422720.00
2014/06/16,12.66,12.72,12.62,12.68,12242742,234980880.00
2014/06/17,12.68,12.75,12.63,12.65,11042372,211978528.00
2014/06/18,12.64,12.77,12.45,12.68,22353125,427082304.00
2014/06/19,12.68,12.74,12.46,12.49,19961394,380605632.00
2014/06/20,12.51,12.65,12.48,12.56,11959882,227955392.00
2014/06/23,12.58,12.80,12.49,12.70,22138176,424289152.00
2014/06/24,12.64,13.53,12.62,13.23,80227097,1590228480.00
2014/06/25,13.04,13.10,12.82,12.83,37858602,742335552.00
2014/06/26,12.91,13.01,12.82,12.84,24068485,469985440.00
2014/06/27,12.84,12.94,12.72,12.80,19853081,385781952.00
2014/06/30,12.82,13.07,12.77,12.98,22941635,449513184.00
2014/07/01,13.04,13.25,12.88,13.00,28862601,571701824.00
2014/07/02,13.01,13.06,12.87,13.02,17879165,351069888.00
2014/07/03,13.08,13.28,13.05,13.08,25641242,509802592.00
2014/07/04,13.08,13.15,12.92,12.95,16673865,327936192.00
2014/07/07,12.96,12.98,12.79,12.82,13580023,264381504.00
2014/07/08,12.89,12.89,12.74,12.84,11639054,225805616.00
2014/07/09,12.86,13.38,12.84,12.99,40945332,811451712.00
2014/07/10,13.01,13.44,12.93,13.25,68113267,1370087168.00
2014/07/11,13.21,13.40,13.14,13.25,38494804,772947968.00
2014/07/14,13.34,13.58,13.20,13.47,50552232,1027676992.00
2014/07/15,13.48,13.72,13.36,13.64,55741862,1144917632.00
2014/07/16,13.60,13.70,13.30,13.36,31161484,634336768.00
2014/07/17,13.41,13.51,13.24,13.36,20578134,416261216.00
2014/07/18,13.54,13.54,13.28,13.31,18191155,368705600.00
2014/07/21,13.28,13.29,13.08,13.16,19050990,379527904.00
2014/07/22,13.12,13.64,13.12,13.52,45268266,923808640.00
2014/07/23,13.53,13.60,13.32,13.41,33286215,678606400.00
2014/07/24,13.40,13.98,13.40,13.80,76018018,1580833536.00
2014/07/25,13.88,14.80,13.88,14.42,117156656,2543197952.00
2014/07/28,14.42,15.05,14.28,14.53,108754289,2409354496.00
2014/07/29,14.50,14.67,14.30,14.45,59503264,1301453184.00
2014/07/30,14.31,14.58,14.28,14.36,43459255,948012224.00
2014/07/31,14.34,14.69,14.34,14.68,58976789,1301822208.00
2014/08/01,14.63,14.83,14.46,14.47,57874069,1279779840.00
2014/08/04,14.51,15.68,14.34,15.47,101164100,2297072384.00
2014/08/05,15.88,16.40,15.56,15.71,115524675,2778256384.00
2014/08/06,15.64,16.24,15.34,16.13,89822545,2153020672.00
2014/08/07,16.13,16.37,15.74,15.76,69217040,1672706304.00
2014/08/08,15.68,15.86,15.49,15.54,50204354,1185808384.00
2014/08/11,15.80,16.13,15.60,15.98,49614411,1192667008.00
2014/08/12,16.02,16.26,15.84,15.92,46528322,1126926336.00
2014/08/13,15.91,15.92,15.51,15.83,42968622,1019716928.00
2014/08/14,15.80,15.86,15.32,15.38,37069547,873663552.00
2014/08/15,15.36,15.58,15.34,15.44,31760298,741431168.00
2014/08/18,15.46,15.58,15.35,15.44,27899390,651965952.00
2014/08/19,15.45,15.50,15.15,15.32,41060895,948192960.00
2014/08/20,15.24,15.46,15.24,15.32,28104876,652067008.00
2014/08/21,15.34,15.46,14.93,15.02,38734774,889582464.00
2014/08/22,15.00,15.07,14.88,14.97,26510010,599161664.00
2014/08/25,14.96,15.47,14.69,15.22,53050529,1211358080.00
2014/08/26,15.04,15.34,14.73,14.78,29032103,659824832.00
2014/08/27,14.70,15.07,14.42,14.75,37765078,838210368.00
2014/08/28,14.68,14.83,14.49,14.52,21250735,470460032.00
2014/08/29,14.55,14.91,14.41,14.79,27055797,601046592.00
2014/09/01,14.73,14.85,14.61,14.82,26453180,590638592.00
2014/09/02,14.84,15.05,14.74,15.00,33979471,764956032.00
2014/09/03,15.02,15.28,14.96,15.06,43888784,1002244224.00
2014/09/04,15.08,15.11,14.94,15.06,27511258,624485760.00
2014/09/05,15.10,15.27,14.98,15.18,36463979,836183360.00
2014/09/09,15.18,15.27,15.03,15.07,25239157,576230656.00
2014/09/10,15.08,15.39,15.08,15.14,41323593,951501120.00
2014/09/11,15.14,15.20,14.84,14.86,37994501,863042816.00
2014/09/12,14.82,14.88,14.65,14.87,27415636,611573888.00
2014/09/15,14.88,15.02,14.66,14.94,33124436,743556480.00
2014/09/16,14.94,14.97,14.45,14.49,33912100,754513536.00
2014/09/17,14.51,14.65,14.42,14.57,20540053,451446080.00
2014/09/18,14.57,14.63,14.44,14.55,20577252,452055488.00
2014/09/19,14.55,14.64,14.49,14.61,18769461,413593376.00
2014/09/22,14.60,14.60,14.16,14.20,23198570,503100800.00
2014/09/23,14.18,14.28,14.12,14.21,23441539,503390592.00
2014/09/24,14.20,14.53,14.10,14.48,33247374,723680704.00
2014/09/25,14.50,14.72,14.42,14.55,33722909,742464832.00
2014/09/26,14.52,14.53,14.36,14.45,17043889,372350656.00
2014/09/29,14.48,14.50,14.30,14.34,25664776,558194304.00
2014/09/30,14.41,14.52,14.35,14.42,19211544,419916384.00
2014/10/08,14.42,14.57,14.42,14.53,19903085,436223808.00
2014/10/09,14.53,14.84,14.46,14.82,46380366,1028627968.00
2014/10/10,14.78,14.78,14.52,14.56,29849527,660114560.00
2014/10/13,14.68,14.97,14.68,14.96,62401181,1404535808.00
2014/10/14,15.00,15.04,14.75,14.85,33805102,761187072.00
2014/10/15,14.87,14.94,14.60,14.76,23421221,521679552.00
2014/10/16,14.64,14.71,14.41,14.42,27106774,597568448.00
2014/10/17,14.38,14.74,14.22,14.50,26896695,588363776.00
2014/10/20,14.54,14.56,14.40,14.45,14230984,311050176.00
2014/10/21,14.37,14.37,14.14,14.16,20463131,441768416.00
2014/10/22,14.16,14.26,13.96,13.97,17328327,370236768.00
2014/10/23,13.97,14.04,13.49,13.62,25380172,527425024.00
2014/10/24,13.68,13.82,13.62,13.69,16507628,342024704.00
2014/10/27,13.70,13.70,13.50,13.64,13505683,277379360.00
2014/10/28,13.67,13.96,13.67,13.93,19990173,418461792.00
2014/10/29,13.98,14.17,13.92,14.06,26048479,553720384.00
2014/10/30,14.05,14.24,13.95,14.08,24888905,531035200.00
2014/10/31,14.07,14.78,13.98,14.54,61818178,1350177664.00
2014/11/03,14.65,14.74,14.42,14.52,42277729,930303360.00
2014/11/04,14.44,14.61,14.37,14.44,27523778,602652160.00
2014/11/05,14.42,14.54,14.24,14.26,22925360,499887104.00
2014/11/06,14.22,14.34,14.09,14.20,20171601,433455328.00
2014/11/07,14.20,14.38,14.02,14.05,24249692,521333280.00
2014/11/10,14.06,14.37,13.97,14.28,31703488,680308928.00
2014/11/11,14.27,14.48,14.08,14.14,45536188,986171648.00
2014/11/12,14.08,14.44,14.04,14.41,31700283,685654400.00
2014/11/13,14.48,15.13,14.32,15.05,120163940,2694036992.00
2014/11/14,14.84,14.98,14.61,14.77,59016639,1317037056.00
2014/11/17,14.97,15.06,14.55,14.60,39489994,878127936.00
2014/11/18,14.56,14.67,14.38,14.46,33833636,743443712.00
2014/11/19,14.42,14.51,14.28,14.34,26352253,573140800.00
2014/11/20,14.29,14.45,14.25,14.38,19870291,432017632.00
2014/11/21,14.40,14.57,14.32,14.55,28322785,620275392.00
2014/11/24,14.74,15.00,14.53,14.74,62672430,1400005248.00
2014/11/25,14.66,15.18,14.61,15.06,76198202,1721194112.00
2014/11/26,15.03,15.07,14.78,14.88,57782942,1301657984.00
2014/11/27,14.94,15.37,14.88,15.08,89990521,2058398592.00
2014/11/28,15.11,15.18,14.66,14.88,60790619,1364915712.00
2014/12/01,14.74,15.28,14.72,14.88,65254286,1481036416.00
2014/12/02,14.94,15.32,14.78,15.16,86990880,1984809216.00
2014/12/03,15.17,16.69,15.05,16.54,215969666,5263052800.00
2014/12/04,16.57,16.97,16.28,16.71,174154042,4371865088.00
2014/12/05,16.60,16.61,15.41,15.95,129387826,3148722944.00
2014/12/08,15.88,16.79,15.61,16.50,116772563,2881327104.00
2014/12/09,16.33,17.47,15.74,15.90,160160133,4037799936.00
2014/12/10,15.92,16.52,15.61,16.34,77798110,1896988416.00
2014/12/11,16.34,17.11,16.15,16.58,83763317,2107661056.00
2014/12/12,17.56,18.21,17.10,17.11,141839636,3755856128.00
2014/12/15,16.90,16.97,16.53,16.74,68703535,1731295488.00
2014/12/16,16.70,16.78,16.20,16.66,75459768,1882815232.00
2014/12/17,16.54,16.55,15.96,16.18,69790608,1713933824.00
2014/12/18,16.18,17.54,16.18,16.93,120933034,3096266496.00
2014/12/19,16.92,17.20,16.55,16.80,83673500,2135171712.00
2014/12/22,17.08,17.58,16.49,16.63,89502445,2303894528.00
2014/12/23,16.40,17.21,15.86,16.44,75519201,1900705920.00
2014/12/24,16.44,16.84,16.06,16.57,47872821,1189453184.00
2014/12/25,16.56,17.01,16.26,16.94,68767857,1734137216.00
2014/12/26,17.06,17.58,17.04,17.36,113942842,2984027392.00
2014/12/29,17.36,18.12,17.11,17.72,117021224,3123573248.00
2014/12/30,17.80,17.93,17.08,17.09,76313723,2004718592.00
2014/12/31,17.09,17.34,16.74,17.13,53946174,1385530880.00
2015/01/05,17.15,18.86,17.14,18.86,202308066,5572489216.00
2015/01/06,19.08,19.08,18.16,18.33,145668135,4077940736.00
2015/01/07,18.27,19.04,18.08,18.40,94918606,2663349504.00
2015/01/08,18.41,18.50,17.67,17.80,70331635,1907737216.00
2015/01/09,17.82,18.16,17.41,17.44,63854406,1719419776.00
2015/01/12,17.28,17.71,17.14,17.48,48690642,1280157312.00
2015/01/13,17.42,17.68,17.28,17.54,33992890,897719040.00
2015/01/14,17.58,17.64,16.56,16.66,58310939,1499743360.00
2015/01/15,16.74,16.94,16.39,16.94,46574886,1172697472.00
2015/01/16,17.14,17.34,16.96,17.02,44550547,1151139200.00
2015/01/19,16.21,16.64,15.68,15.85,61051757,1492375808.00
2015/01/20,15.90,16.32,15.90,16.22,42329366,1034623360.00
2015/01/21,16.24,17.27,16.23,16.97,69952730,1776867840.00
2015/01/22,16.88,17.73,16.78,17.29,80716606,2118083712.00
2015/01/23,17.54,17.76,16.94,17.17,66399900,1739612160.00
2015/01/26,17.29,18.20,17.18,17.96,111088115,2989483008.00
2015/01/27,18.00,18.01,17.36,17.72,73868987,1969416704.00
2015/01/28,17.61,17.84,17.28,17.38,45191659,1195160576.00
2015/01/29,17.34,17.84,17.22,17.39,53555429,1419802368.00
2015/01/30,17.43,17.96,17.41,17.44,54473821,1451335936.00
2015/02/02,17.21,17.21,16.68,16.73,49794219,1271742976.00
2015/02/03,16.80,17.00,16.48,16.94,47160723,1189306112.00
2015/02/04,17.04,17.08,16.61,16.64,34986281,890076480.00
2015/02/05,16.88,16.94,16.33,16.34,42503337,1066524928.00
2015/02/06,16.36,16.49,15.88,15.97,35962861,873652480.00
2015/02/09,16.01,16.24,15.94,16.12,26122793,635151744.00
2015/02/10,16.14,16.31,16.10,16.30,21382862,524700992.00
2015/02/11,16.34,16.58,16.27,16.40,26084295,647555328.00
2015/02/12,16.40,16.40,16.08,16.15,26783879,655454848.00
2015/02/13,16.22,16.61,16.22,16.33,33304187,826386624.00
2015/02/16,16.34,16.49,16.28,16.45,27082258,671506496.00
2015/02/17,16.47,16.57,16.31,16.34,29986100,742671232.00
2015/02/25,16.30,16.30,16.03,16.10,25368023,618507328.00
2015/02/26,16.10,16.61,16.10,16.60,40389967,1001463360.00
2015/02/27,16.64,17.30,16.50,17.00,70413630,1797139200.00
2015/03/02,17.13,17.27,16.92,17.11,48922521,1263667456.00
2015/03/03,17.04,17.39,16.74,17.19,68843971,1774269696.00
2015/03/04,17.16,17.38,16.98,17.10,37706914,975771520.00
2015/03/05,17.08,17.08,16.69,16.83,37094963,943997632.00
2015/03/06,16.88,17.26,16.74,17.08,53060540,1366598656.00
2015/03/09,16.88,17.08,16.58,17.02,34636985,881425536.00
2015/03/10,17.07,17.21,16.94,16.98,35028732,903694080.00
2015/03/11,16.88,17.06,16.68,16.73,33556417,853247296.00
2015/03/12,16.80,17.06,16.71,16.97,37297311,950157632.00
2015/03/13,17.03,17.34,16.92,17.24,57350198,1488022912.00
2015/03/16,17.27,17.53,17.09,17.48,73897621,1935652864.00
2015/03/17,17.50,17.94,17.39,17.62,87190794,2324159232.00
2015/03/18,17.62,17.85,17.50,17.77,69709394,1863538304.00
2015/03/19,17.78,18.10,17.60,17.85,77986196,2103067776.00
2015/03/20,17.86,18.04,17.64,17.70,66783448,1794124160.00
2015/03/23,17.88,18.20,17.80,17.95,85475493,2322431232.00
2015/03/24,17.96,18.00,17.43,17.77,85831433,2296867328.00
2015/03/25,17.74,17.74,17.34,17.42,61603176,1626859904.00
2015/03/26,17.34,17.77,17.28,17.64,61899426,1644083072.00
2015/03/27,17.68,17.90,17.64,17.74,54239287,1455738112.00
2015/03/30,17.74,18.16,17.56,18.06,96948787,2617359360.00
2015/03/31,18.14,18.32,17.85,18.00,100241094,2739559936.00
2015/04/01,18.00,18.79,17.86,18.56,123277275,3427209216.00
2015/04/02,18.65,18.71,18.28,18.55,91091768,2539384832.00
2015/04/03,18.64,19.08,18.38,18.63,101059352,2856794368.00
2015/04/07,18.64,18.98,18.48,18.88,101986382,2886244608.00
2015/04/08,18.98,18.99,18.20,18.46,107067644,2992037888.00
2015/04/09,18.46,18.68,17.89,18.05,84500552,2319973120.00
2015/04/10,18.08,19.21,18.02,19.18,141768115,4004267008.00
2015/04/13,19.32,19.46,18.98,19.20,110606430,3203787520.00
2015/04/14,19.20,19.41,18.70,19.01,88587594,2550220800.00
2015/04/15,19.03,19.08,18.24,18.26,72503797,2032282240.00
2015/04/16,18.21,18.65,17.90,18.51,66990911,1855488000.00
2015/04/17,18.64,19.43,18.64,19.07,121561969,3507408640.00
2015/04/20,18.94,20.20,18.61,19.42,187194892,5551417856.00
2015/04/21,19.41,19.84,18.95,19.74,115417200,3393414400.00
2015/04/22,19.87,20.21,19.68,19.88,116177092,3495000320.00
2015/04/23,19.94,21.88,19.68,21.88,195095951,6217509888.00
2015/04/24,22.10,23.44,21.90,22.57,269929333,9147831296.00
2015/04/27,22.48,22.66,21.90,22.24,148407887,4975894016.00
2015/04/28,22.06,22.74,20.81,21.08,149445357,4915234304.00
2015/04/29,21.88,22.64,21.41,22.04,152802768,5126474752.00
2015/04/30,22.01,22.01,21.27,21.42,95932436,3111025920.00
2015/05/04,21.51,21.54,20.81,21.19,60812045,1940978688.00
2015/05/05,21.37,21.96,20.68,20.74,82048433,2646674688.00
2015/05/06,21.01,21.33,20.21,20.54,68169300,2147243520.00
2015/05/07,20.50,20.98,20.38,20.72,54222406,1690946304.00
2015/05/08,21.08,21.20,20.44,21.02,56955264,1786276480.00
2015/05/11,21.24,22.13,21.07,21.94,74482535,1625858176.00
2015/05/12,21.47,21.69,21.25,21.61,134773639,2896153344.00
2015/05/13,21.46,23.13,21.16,22.32,184646656,4080088576.00
2015/05/14,21.96,24.56,21.88,24.56,285321926,6654034944.00
2015/05/15,25.96,26.72,24.13,24.23,413676113,10625180672.00
2015/05/18,23.37,23.94,22.96,23.05,185288621,4326860800.00
2015/05/19,23.05,23.89,22.96,23.60,127338303,2989890816.00
2015/05/20,23.70,24.32,23.16,23.62,153291131,3639012608.00
2015/05/21,23.56,23.57,23.19,23.51,119840261,2804701440.00
2015/05/22,23.67,24.83,23.44,24.34,182449518,4418183168.00
2015/05/25,24.11,25.13,23.96,24.81,181486353,4474580992.00
2015/05/26,24.88,25.39,24.26,25.07,195005673,4855318528.00
2015/05/27,25.01,26.46,24.66,26.08,247830497,6320910848.00
2015/05/28,25.90,26.08,23.47,23.47,238501870,5950844928.00
2015/05/29,23.31,23.86,21.46,22.77,179072750,4092463104.00
2015/06/01,22.97,23.90,22.56,23.82,138640751,3252339456.00
2015/06/02,23.85,24.26,23.42,24.07,149926759,3575215360.00
2015/06/03,24.09,24.65,23.14,24.37,183422745,4410676736.00
2015/06/04,24.35,24.36,22.16,23.95,140654886,3315202304.00
2015/06/05,24.08,25.54,24.06,24.95,260032737,6488861184.00
2015/06/08,24.98,25.44,24.13,25.40,214495034,5348752384.00
2015/06/09,25.41,26.46,24.96,25.88,271536500,7004783104.00
2015/06/10,24.97,25.65,24.96,25.10,170657207,4324409344.00
2015/06/11,25.10,25.96,24.96,25.28,162999600,4151080448.00
2015/06/12,25.37,25.81,24.71,25.50,211648179,5372151296.00
2015/06/15,25.81,25.95,24.86,25.04,164316525,4169248768.00
2015/06/16,24.64,24.65,23.14,23.50,141251306,3401013504.00
2015/06/17,23.45,23.90,22.54,23.75,115071424,2692127744.00
2015/06/18,23.66,23.84,22.13,22.34,108087567,2505035520.00
2015/06/19,22.12,22.75,20.41,20.57,109962125,2409157120.00
2015/06/23,20.62,20.96,18.92,20.95,103178193,2104043136.00
2015/06/24,21.16,21.53,20.84,21.46,113162909,2406330112.00
2015/06/25,21.42,21.46,19.78,19.98,108560324,2266859520.00
2015/06/26,19.66,19.66,17.98,17.98,125237853,2352095232.00
2015/06/29,18.56,18.64,16.18,16.75,150732521,2638430464.00
2015/06/30,16.86,18.29,15.67,18.10,157726126,2705285888.00
2015/07/01,17.93,18.46,16.75,17.01,125095990,2231306496.00
2015/07/02,17.36,17.46,15.56,15.80,119020856,1979387008.00
2015/07/03,15.56,16.15,14.22,14.42,127897563,1924463488.00
2015/07/06,15.87,15.87,14.36,15.13,159230257,2405198848.00
2015/07/07,14.84,15.52,13.84,14.38,169283355,2480342784.00
2015/07/08,12.94,13.96,12.94,12.96,190430313,2529025280.00
2015/07/09,12.96,14.26,12.48,14.26,140878456,1930667904.00
2015/07/10,14.76,15.69,14.41,15.69,129319668,2007189120.00
2015/07/13,15.96,17.26,15.86,17.26,193672430,3223815936.00
2015/07/14,16.52,17.66,16.04,16.29,162850200,2744900096.00
2015/07/15,15.86,16.04,14.66,15.35,115548799,1764480640.00
2015/07/16,15.35,16.02,14.56,15.58,80476183,1250585984.00
2015/07/17,15.69,16.74,15.58,16.37,94112548,1519799680.00
2015/07/20,16.25,16.65,15.86,16.23,95315281,1555034496.00
2015/07/21,15.95,16.61,15.74,16.37,82946462,1346146176.00
2015/07/22,16.18,16.54,15.79,16.16,77960124,1266692736.00
2015/07/23,16.15,17.12,15.97,16.84,121528800,2014878720.00
2015/07/24,16.76,17.84,16.44,16.90,184555176,3173637888.00
2015/07/27,16.26,16.68,15.21,15.21,103677898,1669740928.00
2015/07/28,14.52,14.90,13.69,14.08,107879018,1535248512.00
2015/07/29,14.36,14.90,14.02,14.82,70113564,1010178368.00
2015/07/30,14.76,15.06,14.06,14.22,71328109,1055193664.00
2015/07/31,13.95,14.31,13.93,14.13,51829092,732564032.00
2015/08/03,13.99,14.16,13.52,14.12,55258936,767402752.00
2015/08/04,14.21,15.04,14.16,15.03,58167823,852963904.00
2015/08/05,14.95,15.16,14.59,14.68,55476241,826523904.00
2015/08/06,14.34,15.41,14.20,15.05,72035302,1085277696.00
2015/08/07,15.26,16.17,14.98,15.67,95747311,1491429120.00
2015/08/10,15.84,16.98,15.57,16.77,137428626,2250928640.00
2015/08/11,17.08,17.45,16.46,16.76,172811478,2960192768.00
2015/08/12,16.52,17.05,16.36,16.45,88349168,1480171136.00
2015/08/13,16.27,18.10,16.27,18.10,161409869,2793585408.00
2015/08/14,18.46,18.66,17.65,17.69,195766659,3564950784.00
2015/08/17,17.79,18.71,17.56,18.25,127316141,2319652864.00
2015/08/18,18.36,18.56,16.42,16.42,139022018,2416836864.00
2015/08/19,15.81,16.76,14.86,16.47,103963862,1650814464.00
2015/08/20,16.06,16.81,15.77,15.85,73551195,1195817472.00
2015/08/21,15.66,16.34,14.92,15.45,75050907,1181794304.00
2015/08/24,14.61,14.96,13.90,13.90,71511557,1011361408.00
2015/08/25,12.57,13.16,12.51,12.51,60056498,760538176.00
2015/08/26,12.61,12.96,11.51,11.60,81277810,1005889792.00
2015/08/27,12.01,12.34,11.46,12.27,62422141,747900224.00
2015/08/28,12.54,13.46,12.36,13.35,81273018,1043293824.00
2015/08/31,13.16,13.29,12.56,13.24,65845345,850252608.00
2015/09/01,13.01,13.06,12.24,13.03,73027603,935463936.00
2015/09/02,12.46,13.42,12.37,13.11,85085802,1106796800.00
2015/09/07,13.13,13.82,12.84,12.93,42513279,569386944.00
2015/09/08,13.06,13.49,12.66,13.41,39240300,513747552.00
2015/09/09,13.54,13.88,13.33,13.83,58940019,808462912.00
2015/09/10,13.59,13.70,13.22,13.40,37609230,509115712.00
2015/09/11,13.29,13.54,13.17,13.35,24445600,327634912.00
2015/09/14,13.49,13.61,12.06,13.44,76533868,994778560.00
2015/09/15,12.95,13.11,12.09,12.79,40008211,507752128.00
2015/09/16,12.57,14.02,12.57,13.72,43555977,581165120.00
2015/09/17,13.46,13.94,13.06,13.09,48153584,657171008.00
2015/09/18,13.22,13.32,12.92,13.02,25953229,341033600.00
2015/09/21,12.95,13.40,12.79,13.32,28426241,373899040.00
2015/09/22,13.32,13.81,13.25,13.49,41364365,560002816.00
2015/09/23,13.23,13.35,13.00,13.03,28289313,373075040.00
2015/09/24,13.10,13.24,12.99,13.15,20226730,266048704.00
2015/09/25,13.11,13.44,12.76,12.98,30591000,401549120.00
2015/09/28,13.03,13.03,12.61,12.95,16236686,209417696.00
2015/09/29,12.76,12.76,12.49,12.51,17304543,219148496.00
2015/09/30,12.60,12.74,12.51,12.61,13868578,175925568.00
2015/10/08,13.05,13.15,12.89,13.11,26351108,345159840.00
2015/10/09,13.05,13.70,12.98,13.50,48554347,653915136.00
2015/10/12,13.52,14.34,13.52,14.19,71122074,995828544.00
2015/10/13,14.40,14.57,13.99,14.20,57436849,820933248.00
2015/10/14,14.06,15.45,14.02,14.65,96940649,1443839488.00
2015/10/15,14.55,14.93,14.23,14.86,73357375,1072952704.00
2015/10/16,14.96,15.15,14.60,14.94,76904944,1147377152.00
2015/10/19,14.94,15.14,14.52,14.62,67175548,997275776.00
2015/10/20,14.57,14.57,13.98,14.48,78200170,1119100800.00
2015/10/21,14.47,14.83,13.29,14.21,99950248,1425730944.00
2015/10/22,13.96,15.64,13.85,15.59,159816600,2409122816.00
2015/10/23,15.66,15.84,14.96,15.57,144701728,2238049024.00
2015/10/26,15.60,15.66,14.97,15.18,92224721,1410207744.00
2015/10/27,15.18,15.33,14.34,15.15,65739739,979254080.00
2015/10/28,14.96,15.15,14.57,14.68,48595260,725665152.00
2015/10/29,14.86,15.05,14.71,14.76,40271754,600664064.00
2015/10/30,14.63,14.84,14.37,14.58,34648626,508396192.00
2015/11/02,14.35,15.34,14.26,14.68,52527842,784415808.00
2015/11/03,14.63,14.97,14.56,14.73,36876913,546072000.00
2015/11/04,14.86,15.50,14.78,15.44,90120927,1379746176.00
2015/11/05,15.27,15.91,15.18,15.39,163606683,2553480192.00
2015/11/06,15.28,16.14,15.26,15.84,138947708,2200280320.00
2015/11/09,15.56,16.28,15.36,15.73,141367993,2237522688.00
2015/11/10,15.71,16.48,15.47,16.18,165013867,2630481664.00
2015/11/11,16.18,16.77,15.97,16.04,148951720,2434851328.00
2015/11/12,16.30,17.65,15.77,16.92,254082939,4351504384.00
2015/11/13,16.62,16.62,15.72,15.91,142355385,2303470592.00
2015/11/16,15.36,15.94,15.26,15.80,73895444,1158751872.00
2015/11/17,15.93,16.31,15.67,15.78,117753175,1877004032.00
2015/11/18,15.83,15.83,15.07,15.20,69432339,1076732544.00
2015/11/19,15.28,15.43,14.96,15.37,58005143,886558208.00
2015/11/20,15.38,15.69,15.26,15.53,73241014,1135580288.00
2015/11/23,15.56,15.63,15.02,15.10,61369890,941273664.00
2015/11/24,15.13,15.24,14.77,15.06,40509159,607911296.00
2015/11/25,15.08,15.39,15.07,15.30,48608876,743765376.00
2015/11/26,15.39,15.94,15.27,15.54,92487760,1447052928.00
2015/11/27,15.46,15.46,14.03,14.11,83828642,1243053568.00
2015/11/30,14.22,14.30,13.16,13.84,61420287,847485568.00
2015/12/01,13.83,14.11,13.64,13.93,38550320,538179968.00
2015/12/02,13.94,14.32,13.71,14.29,45194707,634451008.00
2015/12/03,14.19,14.45,14.08,14.35,39116559,560761088.00
2015/12/04,14.24,14.33,13.86,13.97,38298564,541345472.00
2015/12/07,14.04,14.22,13.86,14.07,34452329,485209184.00
2015/12/08,13.96,14.05,13.49,13.65,40001026,552777216.00
2015/12/09,13.74,13.87,13.40,13.47,34512646,470605184.00
2015/12/10,13.48,13.58,13.32,13.54,28281757,382354944.00
2015/12/11,13.48,13.92,13.36,13.72,41876641,573919680.00
2015/12/14,13.45,14.32,13.40,14.24,60515356,852212480.00
2015/12/15,14.17,14.28,14.05,14.07,33657426,476778624.00
2015/12/16,14.11,14.40,14.04,14.16,37244937,530906368.00
2015/12/17,14.23,14.57,14.19,14.33,47303079,679912576.00
2015/12/18,14.28,14.33,13.96,14.10,40209292,569382784.00
2015/12/21,14.12,14.56,14.08,14.50,55416109,798119872.00
2015/12/22,14.60,15.30,14.54,15.01,101560010,1512920576.00
2015/12/23,14.86,14.90,14.50,14.55,51349486,757561152.00
2015/12/24,14.57,14.88,14.39,14.78,49541557,730544896.00
2015/12/25,14.80,14.90,14.53,14.62,29104600,427224096.00
2015/12/28,14.66,14.73,13.96,13.97,44834709,642176320.00
2015/12/29,13.96,14.12,13.86,14.08,27445648,384965216.00
2015/12/30,14.13,14.23,13.93,14.12,29944669,422900992.00
2015/12/31,14.11,14.20,13.94,13.98,24676926,348655936.00
2016/01/04,14.04,14.07,12.59,12.62,33810031,455642976.00
2016/01/05,12.17,13.02,12.04,12.80,46693828,591201216.00
2016/01/06,12.81,13.77,12.67,13.55,52595229,701363456.00
2016/01/07,13.34,13.36,12.26,12.31,14610372,187748848.00
2016/01/08,12.74,13.21,11.86,12.86,51803195,665222976.00
2016/01/11,12.57,13.26,12.46,12.66,53155821,687643456.00
2016/01/12,12.81,12.91,12.37,12.55,38059459,481142432.00
2016/01/13,12.58,12.83,12.34,12.42,37210613,469188512.00
2016/01/14,11.97,12.83,11.97,12.81,38337245,480965088.00
2016/01/15,12.64,12.84,12.06,12.19,32127982,401094944.00
2016/01/18,11.96,12.39,11.86,12.20,22745447,277608896.00
2016/01/19,12.22,12.54,12.13,12.52,32004746,397752512.00
2016/01/20,12.44,12.93,12.34,12.46,42016192,530820320.00
2016/01/21,12.22,12.50,11.96,11.97,31253918,383302880.00
2016/01/22,12.12,12.23,11.84,12.12,20808538,251744272.00
2016/01/25,12.17,12.51,12.12,12.40,22248952,274921504.00
2016/01/26,12.30,12.70,11.47,11.66,50381433,621307520.00
2016/01/27,11.81,12.25,11.47,12.07,51163755,611379968.00
2016/01/28,11.95,11.95,11.07,11.10,39224486,452001728.00
2016/01/29,11.06,11.59,10.98,11.42,33707270,382757056.00
2016/02/01,11.44,11.64,10.98,11.12,25928635,294576224.00
2016/02/02,11.01,11.49,11.01,11.39,23909567,271982304.00
2016/02/03,11.22,11.34,11.08,11.27,19538725,219455168.00
2016/02/04,11.39,11.89,11.39,11.63,39196731,458683808.00
2016/02/05,11.66,11.78,11.26,11.35,24644290,285388032.00
2016/02/15,11.01,11.81,10.96,11.67,30842637,354855392.00
2016/02/16,11.65,12.09,11.60,11.94,39624736,472426720.00
2016/02/17,11.91,12.03,11.70,11.95,38178115,454442752.00
2016/02/18,12.05,12.20,11.86,11.88,45497779,548778944.00
2016/02/19,11.91,11.92,11.68,11.78,24509809,289811648.00
2016/02/22,11.96,12.71,11.96,12.50,81100681,1010684544.00
2016/02/23,12.36,12.75,12.30,12.42,59074129,740714048.00
2016/02/24,12.36,12.43,12.17,12.42,36387763,449389984.00
2016/02/25,12.41,12.44,11.17,11.26,57694348,681071168.00
2016/02/26,11.28,11.76,11.22,11.56,44226740,509088704.00
2016/02/29,11.46,11.51,10.78,11.09,38712448,428465888.00
2016/03/01,11.14,11.49,11.08,11.42,33692148,382845376.00
2016/03/02,11.44,12.57,11.33,12.57,90271168,1096385024.00
2016/03/03,12.65,13.10,12.34,12.39,105530358,1345302016.00
2016/03/04,12.55,13.04,12.18,12.68,93448980,1189210240.00
2016/03/07,13.14,13.61,12.77,13.46,119973488,1578115584.00
2016/03/08,13.36,13.41,12.81,13.07,101194362,1324037760.00
2016/03/09,12.46,12.62,12.14,12.19,66203907,821706624.00
2016/03/10,12.30,12.49,11.96,12.02,41657466,510898368.00
2016/03/11,11.86,12.10,11.75,11.88,30992017,370168128.00
2016/03/14,12.03,12.39,11.97,12.21,37835430,464066240.00
2016/03/15,12.12,12.69,11.82,12.63,71547993,879173824.00
2016/03/16,12.41,12.90,12.31,12.32,49702399,626875712.00
2016/03/17,12.44,12.73,12.21,12.57,40707431,511463520.00
2016/03/18,12.71,13.26,12.54,12.79,112305876,1448959872.00
2016/03/21,12.75,13.24,12.69,13.10,96494162,1255167104.00
2016/03/22,12.95,13.02,12.77,12.83,52056577,672555200.00
2016/03/23,12.76,13.34,12.76,13.17,91542117,1206364032.00
2016/03/24,12.96,12.96,12.58,12.60,66019473,845056064.00
2016/03/25,12.56,12.72,12.43,12.62,32620887,410788352.00
2016/03/28,12.65,12.81,12.48,12.55,40076357,510136416.00
2016/03/29,12.54,12.81,12.31,12.41,42335350,533687424.00
2016/03/30,12.55,12.73,12.44,12.71,38337141,485386592.00
2016/03/31,12.69,12.77,12.58,12.64,33997381,431511136.00
2016/04/01,12.62,13.04,12.57,12.94,71690044,923216768.00
2016/04/05,12.94,13.19,12.70,13.07,68663358,893574528.00
2016/04/06,12.97,13.07,12.78,12.91,39642575,513960096.00
2016/04/07,12.93,13.01,12.66,12.67,34926027,447050752.00
2016/04/08,12.55,12.65,12.31,12.49,28938662,362344832.00
2016/04/11,12.57,13.07,12.57,12.92,59983377,778028928.00
2016/04/12,12.90,13.06,12.73,12.86,43755624,565272832.00
2016/04/13,13.06,14.11,13.06,13.43,156400811,2129327872.00
2016/04/14,13.45,13.56,13.15,13.36,77212579,1033547712.00
2016/04/15,13.36,13.76,13.25,13.56,84711185,1152676864.00
2016/04/18,13.44,13.44,13.05,13.13,52744802,697571584.00
2016/04/19,13.41,14.07,13.38,13.60,99480707,1369932928.00
2016/04/20,13.72,14.46,13.47,14.28,243425817,3427036672.00
2016/04/21,13.96,15.26,13.84,14.54,278489190,4066395648.00
2016/04/22,14.03,14.19,13.63,13.86,118373039,1645795328.00
2016/04/25,13.66,13.93,13.45,13.70,72700106,997902336.00
2016/04/26,13.58,13.78,13.29,13.69,76885057,1041740544.00
2016/04/27,13.76,13.77,13.27,13.33,64371913,871772288.00
2016/04/28,13.36,13.54,13.09,13.24,53641984,714452416.00
2016/04/29,13.23,13.54,13.21,13.39,49374145,662852032.00
2016/05/03,13.38,13.94,13.26,13.83,73401329,1006626944.00
2016/05/04,13.68,13.84,13.55,13.65,53627299,734804672.00
2016/05/05,13.68,13.86,13.60,13.83,52915826,730059200.00
2016/05/06,13.89,14.23,13.30,13.34,90973420,1260841088.00
2016/05/09,13.16,13.17,12.05,12.22,88264045,1109277568.00
2016/05/10,12.12,12.18,11.68,12.03,49626714,595216320.00
2016/05/11,12.14,12.33,12.04,12.09,46788146,572254400.00
2016/05/12,12.07,12.61,11.80,12.56,62847946,776282752.00
2016/05/13,12.43,12.66,12.21,12.32,48503069,603535872.00
2016/05/16,12.24,13.04,12.15,12.83,76566319,973449472.00
2016/05/17,12.76,13.71,12.72,13.16,143090183,1912472576.00
2016/05/18,12.84,12.99,12.40,12.69,71199803,909127808.00
2016/05/19,12.65,13.64,12.61,13.61,127287708,1691428992.00
2016/05/20,13.31,13.94,13.29,13.56,115943477,1581857408.00
2016/05/23,13.41,13.69,13.23,13.58,76496784,1030318784.00
2016/05/24,13.43,13.59,12.99,13.21,61371203,818972800.00
2016/05/25,13.36,13.51,12.63,12.80,68013632,891255872.00
2016/05/26,12.66,13.58,12.41,13.52,95338846,1245560320.00
2016/05/27,13.46,13.76,13.26,13.33,81735599,1104958208.00
2016/05/30,13.16,14.01,12.91,13.63,106938273,1453968128.00
2016/05/31,13.65,15.00,13.64,15.00,225658284,3253647104.00
2016/06/01,15.09,15.45,14.82,14.88,235144260,3560057088.00
2016/06/02,14.73,15.11,14.64,15.03,122515675,1829489664.00
2016/06/03,15.02,15.15,14.74,14.88,108849786,1628499968.00
2016/06/06,14.88,14.98,14.52,14.76,74285355,1099210752.00
2016/06/07,14.76,14.96,14.55,14.66,90210229,1332983296.00
2016/06/08,14.46,14.51,13.90,14.02,114000112,1614391552.00
2016/06/13,13.76,14.07,13.46,13.48,82589801,1143919488.00
2016/06/14,13.50,13.75,13.42,13.66,56295772,767934400.00
2016/06/15,13.46,14.26,13.41,14.08,86918757,1219734912.00
2016/06/16,14.01,14.32,13.76,13.87,83608450,1176722816.00
2016/06/17,13.85,14.33,13.81,13.97,83429778,1175019264.00
2016/06/20,13.94,13.99,13.56,13.75,50864755,699827200.00
2016/06/21,13.82,13.96,13.40,13.70,63940375,879041536.00
2016/06/22,13.59,13.95,13.52,13.89,48831951,673230336.00
2016/06/23,13.79,13.86,13.32,13.42,64389938,870760192.00
2016/06/24,13.39,13.52,12.72,13.09,56762073,747417856.00
2016/06/27,13.09,13.34,13.02,13.32,39078362,517387040.00
2016/06/28,13.24,13.39,13.14,13.38,46050961,610397888.00
2016/06/29,13.29,13.74,13.25,13.56,80090649,1081873664.00
2016/06/30,13.49,13.54,13.22,13.30,45812654,611606080.00
2016/07/01,13.34,13.40,13.25,13.29,33096617,441254976.00
2016/07/04,13.24,13.89,13.21,13.71,82260669,1126787328.00
2016/07/05,13.68,13.83,13.55,13.82,67772590,929863040.00
2016/07/06,13.75,14.16,13.70,13.93,81110470,1130852864.00
2016/07/07,13.89,14.79,13.85,14.24,138268386,1986943360.00
2016/07/08,14.14,14.34,14.02,14.29,72957927,1036147520.00
2016/07/11,14.64,15.72,14.37,15.12,257638588,3934852352.00
2016/07/12,14.99,15.41,14.92,15.23,176870186,2683104512.00
2016/07/13,15.33,15.37,14.77,14.94,134236843,2006498560.00
2016/07/14,14.79,14.86,14.46,14.67,83253179,1217685632.00
2016/07/15,14.67,14.86,14.52,14.72,65849704,968380864.00
2016/07/18,14.82,14.96,14.62,14.72,80093904,1186297472.00
2016/07/19,14.62,14.64,14.38,14.57,58383544,847294208.00
2016/07/20,14.56,14.84,14.44,14.61,55397788,813059392.00
2016/07/21,14.59,14.67,14.40,14.54,46901727,681691904.00
2016/07/22,14.54,14.80,14.47,14.70,67162869,985074432.00
2016/07/25,14.60,14.71,14.41,14.48,46735409,679977600.00
2016/07/26,14.49,14.64,14.45,14.61,36885666,536835648.00
2016/07/27,14.64,14.64,13.49,13.61,103593027,1448278272.00
2016/07/28,13.64,13.86,13.49,13.73,46305567,634433984.00
2016/07/29,13.73,13.76,13.52,13.53,27505985,374073088.00
2016/08/01,13.34,13.34,12.91,13.15,49287496,645660224.00
2016/08/02,13.13,13.23,13.09,13.21,20820375,274392128.00
2016/08/03,13.21,13.39,13.09,13.17,33890116,448429888.00
2016/08/04,13.18,13.32,13.03,13.27,33162982,438106240.00
2016/08/05,13.24,13.26,13.10,13.15,28583947,376890272.00
2016/08/08,13.13,13.34,12.99,13.33,37141821,490925088.00
2016/08/09,13.62,13.83,13.47,13.56,69084403,942795008.00
2016/08/10,13.44,13.93,13.41,13.65,62920826,862364096.00
2016/08/11,13.55,13.59,13.35,13.36,39101730,526468992.00
2016/08/12,13.36,13.49,13.26,13.46,29691406,397646720.00
2016/08/15,13.49,13.76,13.40,13.69,56450813,770157504.00
2016/08/16,13.72,13.90,13.66,13.83,45678098,629447552.00
2016/08/17,13.79,13.82,13.61,13.73,31893994,437260640.00
2016/08/18,13.73,13.76,13.54,13.69,37864134,516770720.00
2016/08/19,13.65,13.93,13.61,13.80,56510797,780245760.00
2016/08/22,13.78,13.78,13.37,13.39,41635257,563778304.00
2016/08/23,13.36,13.47,13.31,13.39,20497078,274771808.00
2016/08/24,13.41,13.44,13.34,13.36,16697006,223547216.00
2016/08/25,13.26,13.26,13.05,13.16,29286576,385119392.00
2016/08/26,13.18,13.43,13.18,13.26,26029651,346516992.00
2016/08/29,13.21,13.29,13.15,13.28,17792829,235594688.00
2016/08/30,13.27,13.42,13.23,13.26,20971960,279438688.00
2016/08/31,13.26,13.43,13.12,13.35,22533232,299675680.00
2016/09/01,13.34,13.35,13.14,13.21,18623487,246968480.00
2016/09/02,13.19,13.33,13.11,13.18,20966252,277188544.00
2016/09/05,13.23,13.44,13.19,13.28,26916719,358892160.00
2016/09/06,13.32,13.44,13.21,13.44,29309913,392147744.00
2016/09/07,13.47,13.62,13.39,13.48,39568332,534455264.00
2016/09/08,13.49,13.57,13.35,13.40,24989211,336305472.00
2016/09/09,13.38,13.42,13.17,13.18,27758926,368744960.00
2016/09/12,12.95,12.95,12.49,12.55,50334973,640393792.00
2016/09/13,12.64,12.69,12.49,12.59,18685064,235263680.00
2016/09/14,12.50,12.78,12.45,12.66,20253705,255919936.00
2016/09/19,12.78,12.96,12.75,12.82,22104166,284398016.00
2016/09/20,12.82,12.82,12.70,12.77,10513939,134115816.00
2016/09/21,12.77,12.86,12.75,12.79,11159124,142787072.00
2016/09/22,12.88,12.89,12.75,12.76,14946043,191581248.00
2016/09/23,12.79,12.81,12.58,12.59,16211548,205514512.00
2016/09/26,12.59,12.59,12.25,12.28,19292315,239873456.00
2016/09/27,12.21,12.35,12.15,12.30,17011063,208617648.00
2016/09/28,12.33,12.33,12.20,12.21,10204631,124903208.00
2016/09/29,12.25,12.37,12.22,12.25,13601859,167210944.00
2016/09/30,12.25,12.38,12.22,12.35,14417593,177700944.00
2016/10/10,12.37,12.53,12.36,12.52,15581644,194200896.00
2016/10/11,12.57,12.57,12.45,12.52,16017307,200402176.00
2016/10/12,12.50,12.50,12.41,12.46,13455243,167562480.00
2016/10/13,12.48,12.49,12.44,12.48,12551433,156563104.00
2016/10/14,12.47,12.47,12.35,12.42,12083614,149965568.00
2016/10/17,12.44,12.52,12.35,12.36,15739407,196095056.00
2016/10/18,12.34,12.74,12.31,12.66,25359223,317544736.00
2016/10/19,12.74,12.86,12.62,12.67,43026190,550191104.00
2016/10/20,12.71,12.73,12.60,12.63,15757377,199544768.00
2016/10/21,12.66,12.71,12.47,12.59,19776309,249127152.00
2016/10/24,12.57,12.84,12.54,12.76,30978713,394761440.00
2016/10/25,12.76,12.92,12.69,12.90,27650555,354330816.00
2016/10/26,12.87,12.87,12.67,12.71,21371921,272741216.00
2016/10/27,12.67,12.76,12.66,12.69,13369926,170039920.00
2016/10/28,12.71,12.74,12.49,12.51,19234625,242418784.00
2016/10/31,12.50,12.59,12.44,12.55,11201467,140435696.00
2016/11/01,12.49,12.71,12.49,12.66,16119114,204027344.00
2016/11/02,12.61,12.74,12.59,12.66,20943474,265613232.00
2016/11/03,12.60,12.74,12.49,12.65,23953575,303419520.00
2016/11/04,12.67,13.13,12.64,12.88,67264055,868604288.00
2016/11/07,12.79,13.10,12.71,12.99,42854913,554173248.00
2016/11/08,12.99,13.25,12.86,13.09,47483570,620065344.00
2016/11/09,13.16,13.22,12.80,13.08,58632418,765806336.00
2016/11/10,13.23,13.46,13.17,13.18,64491818,858107136.00
2016/11/11,13.20,13.84,13.13,13.69,121207400,1644489728.00
2016/11/14,13.47,13.66,13.34,13.61,78983893,1067243520.00
2016/11/15,13.64,13.91,13.42,13.50,50443956,687576768.00
2016/11/16,13.45,13.57,13.29,13.49,45819168,614572992.00
2016/11/17,13.39,13.67,13.29,13.53,40462409,546263680.00
2016/11/18,13.47,13.49,13.18,13.23,34593210,461318272.00
2016/11/21,13.17,13.35,13.11,13.19,28055808,371345504.00
2016/11/22,13.22,13.42,13.20,13.35,30290471,403846688.00
2016/11/23,13.37,13.43,13.15,13.19,27271323,362203776.00
2016/11/24,13.27,13.52,13.24,13.31,42278885,566559680.00
2016/11/25,13.28,13.31,13.00,13.25,29604303,389899104.00
2016/11/28,13.32,13.52,13.22,13.49,49709945,667137280.00
2016/11/29,13.42,13.44,13.26,13.26,37699509,502742528.00
2016/11/30,13.19,13.21,12.89,12.98,38202026,498309216.00
2016/12/01,12.98,13.13,12.98,13.06,18173366,237559760.00
2016/12/02,13.07,13.07,12.74,12.75,24532438,316055456.00
2016/12/05,12.65,12.83,12.60,12.69,15526431,197494896.00
2016/12/06,12.73,12.99,12.69,12.92,17719383,227467968.00
2016/12/07,12.97,13.04,12.88,13.00,19916251,258639168.00
2016/12/08,13.01,13.14,12.91,12.95,17877554,232697296.00
2016/12/09,12.88,13.09,12.85,12.97,16687600,216784128.00
2016/12/12,13.24,13.31,12.53,12.64,45448500,589170240.00
2016/12/13,12.54,13.06,12.40,12.84,32298348,411419552.00
2016/12/14,12.70,12.80,12.36,12.54,27901518,351355904.00
2016/12/15,12.48,12.74,12.45,12.61,14251011,179537456.00
2016/12/16,12.63,12.63,12.46,12.52,16128234,201974480.00
2016/12/19,12.61,12.87,12.52,12.74,25866415,329830912.00
2016/12/20,12.74,12.80,12.53,12.68,16163980,204891488.00
2016/12/21,12.70,12.84,12.67,12.76,15952333,203413568.00
2016/12/22,12.76,12.76,12.56,12.66,12931273,163658480.00
2016/12/23,12.66,12.67,12.46,12.52,14021441,175799968.00
2016/12/26,12.49,12.52,12.34,12.51,13005990,161596320.00
2016/12/27,12.48,12.59,12.46,12.50,9273999,116313512.00
2016/12/28,12.48,12.56,12.38,12.39,10072883,125556768.00
2016/12/29,12.40,12.46,12.24,12.27,12646367,156526576.00
2016/12/30,12.29,12.35,12.17,12.26,11385313,139757120.00
2017/01/03,12.34,12.45,12.32,12.42,12895901,160200560.00
2017/01/04,12.41,12.55,12.38,12.53,13007630,162560272.00
2017/01/05,12.56,12.56,12.45,12.50,12527447,156586432.00
2017/01/06,12.53,12.53,12.38,12.43,12254499,152521376.00
2017/01/09,12.43,12.48,12.37,12.45,9798895,121804240.00
2017/01/10,12.44,12.56,12.39,12.49,16257491,202987904.00
2017/01/11,12.49,12.56,12.39,12.44,14557642,181676752.00
2017/01/12,12.42,12.45,12.15,12.20,16253589,199985184.00
2017/01/13,12.20,12.24,12.00,12.06,15890801,192765104.00
2017/01/16,11.99,12.27,11.64,12.17,39201340,467375552.00
2017/01/17,12.11,12.11,11.88,12.06,9585140,115224008.00
2017/01/18,12.06,12.10,11.98,11.99,7306801,87915592.00
2017/01/19,11.99,12.03,11.90,11.92,7910625,94593960.00
2017/01/20,11.92,12.02,11.90,12.01,8162681,97948432.00
2017/01/23,12.05,12.24,12.03,12.12,12567741,152563776.00
2017/01/24,12.13,12.14,12.02,12.07,7480534,90396888.00
2017/01/25,12.06,12.16,12.04,12.13,8195582,99441440.00
2017/01/26,12.14,12.56,12.12,12.49,30598709,379864480.00
2017/02/03,12.45,12.57,12.37,12.41,15364977,191461408.00
2017/02/06,12.42,12.45,12.29,12.39,12406319,153514816.00
2017/02/07,12.41,12.51,12.36,12.45,13263043,165053360.00
2017/02/08,12.45,12.47,12.33,12.45,11281511,140052176.00
2017/02/09,12.46,12.52,12.41,12.51,21627273,269909600.00
2017/02/10,12.50,12.63,12.45,12.55,24664486,309481728.00
2017/02/13,12.59,12.84,12.57,12.62,38053047,483600768.00
2017/02/14,12.61,12.63,12.49,12.63,21169992,266283248.00
2017/02/15,12.60,12.67,12.41,12.43,24232659,304143648.00
2017/02/16,12.53,13.17,12.53,12.97,84608466,1092926208.00
2017/02/17,12.87,12.88,12.71,12.75,37871074,484204096.00
2017/02/20,12.73,12.87,12.69,12.82,22476154,287451072.00
2017/02/21,12.82,12.99,12.75,12.89,32504641,418473600.00
2017/02/22,12.91,13.01,12.84,12.89,22989302,297012832.00
2017/02/23,12.89,13.05,12.78,12.89,29953381,387084032.00
2017/02/24,12.83,12.84,12.70,12.81,20765590,265040992.00
2017/02/27,12.81,12.88,12.70,12.77,15537838,198599520.00
2017/02/28,12.77,12.97,12.73,12.87,21568908,277761632.00
2017/03/01,12.87,13.04,12.80,12.91,32274620,418147520.00
2017/03/02,12.93,13.26,12.90,12.96,50403455,660356288.00
2017/03/03,12.80,12.90,12.75,12.88,23454583,301118848.00
2017/03/06,12.95,13.05,12.88,12.94,20418770,264599024.00
2017/03/07,12.93,12.96,12.76,12.82,21350031,273982144.00
2017/03/08,12.82,12.83,12.67,12.70,16401209,208778080.00
2017/03/09,12.67,12.70,12.59,12.62,13909358,175827312.00
2017/03/10,12.60,12.69,12.58,12.64,10104403,127828528.00
2017/03/13,12.62,12.82,12.57,12.81,19457833,247881168.00
2017/03/14,12.90,12.93,12.79,12.81,19396036,249249536.00
2017/03/15,12.77,12.86,12.69,12.73,14640278,186915632.00
2017/03/16,12.78,12.92,12.74,12.89,24618287,316506496.00
2017/03/17,12.91,13.03,12.79,12.80,30563475,395271040.00
2017/03/20,12.84,12.92,12.71,12.80,20462275,262454864.00
2017/03/21,12.81,12.81,12.66,12.69,16009542,203607376.00
2017/03/22,12.64,12.73,12.55,12.65,12585338,159151888.00
2017/03/23,12.62,12.70,12.49,12.52,17265543,217077824.00
2017/03/24,12.56,12.57,12.32,12.44,22073469,274694176.00
2017/03/27,12.39,12.49,12.29,12.36,13226507,163708704.00
2017/03/28,12.34,12.43,12.32,12.41,8741040,108436104.00
2017/03/29,12.42,12.47,12.35,12.36,10793966,134012336.00
2017/03/30,12.36,12.37,12.02,12.06,21885531,265613504.00
2017/03/31,12.09,12.16,12.04,12.10,11512511,139470288.00
2017/04/05,12.10,12.46,12.08,12.35,20130370,248659968.00
2017/04/06,12.36,12.42,12.30,12.34,9194920,113613784.00
2017/04/07,12.40,12.52,12.34,12.37,17068271,212230080.00
2017/04/10,12.39,12.39,12.17,12.20,13758885,168318208.00
2017/04/11,12.21,12.29,12.08,12.29,16115720,196181456.00
2017/04/12,12.27,12.62,12.18,12.47,32326017,402103488.00
2017/04/13,12.49,12.55,12.37,12.52,21604785,269353600.00
2017/04/14,12.58,12.87,12.49,12.62,48653942,619225280.00
2017/04/17,12.59,12.74,12.39,12.72,29599892,371488128.00
2017/04/18,12.71,12.71,12.45,12.47,19624537,246589712.00
2017/04/19,12.37,12.37,12.06,12.13,23368736,284948928.00
2017/04/20,12.14,12.24,12.11,12.13,13021013,158490928.00
2017/04/21,12.15,12.20,11.97,11.98,15249509,183976208.00
2017/04/24,11.99,12.02,10.99,11.28,27789078,315710368.00
2017/04/25,11.26,11.38,11.19,11.22,12153199,137074240.00
2017/04/26,11.27,11.32,11.18,11.24,7234514,81422400.00
2017/04/27,11.26,11.31,10.90,11.30,15474782,172116240.00
2017/04/28,11.31,11.44,11.28,11.38,11656356,132626432.00
2017/05/02,11.45,11.46,11.32,11.42,9427171,107424216.00
2017/05/03,11.40,11.61,11.37,11.43,11980938,137705488.00
2017/05/04,11.37,11.41,11.19,11.39,10642244,120451536.00
2017/05/05,11.44,11.54,11.32,11.44,15179293,173521792.00
2017/05/08,11.37,11.51,11.29,11.49,14242429,162628192.00
2017/05/09,11.50,11.69,11.45,11.59,19970915,231422560.00
2017/05/10,11.64,11.66,11.07,11.08,19349951,220443296.00
2017/05/11,11.08,11.11,10.70,11.01,20263449,221856048.00
2017/05/12,11.00,11.06,10.80,10.92,11978110,130978736.00
2017/05/15,10.94,11.04,10.84,10.87,7721621,84489456.00
2017/05/16,10.87,11.06,10.70,11.05,12191109,132816352.00
2017/05/17,11.04,11.14,10.97,11.01,10988427,121568128.00
2017/05/18,10.92,10.99,10.86,10.90,8890741,97200464.00
2017/05/19,10.88,11.14,10.87,11.07,11855708,130904368.00
2017/05/22,11.09,11.26,10.89,10.96,15431541,171481056.00
2017/05/23,10.85,10.93,10.59,10.92,20562056,221451584.00
2017/05/24,10.80,10.98,10.73,10.97,11117299,121003560.00
2017/05/25,10.99,11.14,10.88,11.09,13556423,149692752.00
2017/05/26,11.09,11.12,10.94,10.96,11379866,125314840.00
2017/05/31,10.97,11.10,10.94,10.95,8994991,99284224.00
2017/06/01,10.93,10.98,10.73,10.83,12262983,132825432.00
2017/06/02,10.76,10.82,10.56,10.75,10932591,116915568.00
2017/06/05,10.75,10.85,10.75,10.81,6449712,69678624.00
2017/06/06,10.90,10.90,10.74,10.79,5303495,57219132.00
2017/06/07,10.80,11.03,10.79,11.02,13156707,143909312.00
2017/06/08,11.04,11.06,10.95,10.97,8793844,96674400.00
2017/06/09,10.97,11.07,10.92,11.06,10773090,118372408.00
2017/06/12,10.97,11.00,10.76,10.77,9818912,106661256.00
2017/06/13,10.77,11.04,10.77,10.96,11883074,130048520.00
2017/06/14,11.00,11.28,10.97,11.10,21516000,239558736.00
2017/06/15,11.12,11.18,11.01,11.18,16674716,185200560.00
2017/06/16,11.19,11.30,11.11,11.22,17397414,195134592.00
2017/06/19,11.20,11.28,11.14,11.21,12349748,138191584.00
2017/06/20,11.21,11.38,11.18,11.24,16927813,191037648.00
2017/06/21,11.35,11.35,11.10,11.18,12563562,140560080.00
2017/06/22,11.20,11.27,11.14,11.19,17938347,201086288.00
2017/06/23,11.25,11.32,11.05,11.23,17852695,199875040.00
2017/06/26,11.19,11.44,11.18,11.43,26394772,299818016.00
2017/06/27,11.48,11.53,11.32,11.41,17867431,204102928.00
2017/06/28,11.38,11.54,11.34,11.40,21337316,244493520.00
2017/06/29,11.39,11.49,11.37,11.42,14287660,163341840.00
2017/06/30,11.40,11.41,11.21,11.33,12059612,136410304.00
2017/07/03,11.32,11.51,11.32,11.50,17143555,196220384.00
2017/07/04,11.58,11.66,11.44,11.47,21784313,251354944.00
2017/07/05,11.46,11.74,11.38,11.69,28695504,332705344.00
2017/07/06,11.68,12.25,11.60,12.14,68485477,818557376.00
2017/07/07,12.11,13.35,12.00,13.35,176990206,2276088064.00
2017/07/10,13.38,13.62,13.01,13.11,152608579,2032851584.00
2017/07/11,13.00,13.08,12.56,12.67,85543872,1094899968.00
2017/07/12,12.73,13.27,12.67,13.12,89071060,1155812608.00
2017/07/13,13.40,14.43,13.13,14.19,320418177,4532573696.00
2017/07/14,13.80,13.97,13.57,13.76,160077522,2202788608.00
2017/07/17,13.72,14.01,13.10,13.49,159655936,2174404608.00
2017/07/18,13.50,14.24,13.41,14.00,186758579,2589670912.00
2017/07/19,14.10,14.51,13.91,14.36,215185129,3071863296.00
2017/07/20,14.09,14.88,13.93,14.44,243302661,3494982400.00
2017/07/21,14.30,14.54,14.00,14.13,117694054,1673994368.00
2017/07/24,14.03,14.30,13.83,14.13,89067977,1251290112.00
2017/07/25,14.14,14.48,13.80,13.93,134488606,1905115648.00
2017/07/26,14.39,15.32,14.03,15.14,294237925,4344950784.00
2017/07/27,14.98,16.41,14.96,15.75,308025786,4855764480.00
2017/07/28,15.55,17.30,15.40,16.92,263066700,4275536384.00
2017/08/02,18.11,18.11,18.11,18.11,0,0.00
数据来源:通达信
