600376 首开股份 日线 前复权
      日期	    开盘	    最高	    最低	    收盘	    成交量	    成交额
2010/10/08,6.29,6.82,6.22,6.69,17238548,272675968.00
2010/10/11,6.68,7.31,6.59,7.00,22710598,377578112.00
2010/10/12,7.23,7.35,7.00,7.13,11680859,197441856.00
2010/10/13,7.15,7.99,7.15,7.99,31936612,581251840.00
2010/10/14,8.26,8.33,7.81,8.06,35193362,656046400.00
2010/10/15,7.83,8.47,7.68,8.31,21792544,411153024.00
2010/10/18,8.17,8.88,8.01,8.09,19670888,380295136.00
2010/10/19,7.97,8.27,7.61,8.21,12066778,220175248.00
2010/10/20,7.60,8.17,7.24,7.86,37619684,658859200.00
2010/10/21,7.64,7.81,7.42,7.56,20725938,366799360.00
2010/10/22,7.54,7.86,7.51,7.77,11728367,209677728.00
2010/10/25,7.72,7.87,7.34,7.73,18970710,336291168.00
2010/10/26,7.71,8.15,7.61,7.79,16037468,293287584.00
2010/10/27,7.71,8.25,7.66,7.94,14490597,268320032.00
2010/10/28,7.96,8.41,7.88,8.25,18513001,349654112.00
2010/10/29,8.17,8.23,7.75,7.93,15506524,283902112.00
2010/11/01,7.83,7.95,7.46,7.75,41169963,728681216.00
2010/11/02,7.61,7.80,7.45,7.64,26348221,467051456.00
2010/11/03,7.60,7.68,7.38,7.40,13728200,240661840.00
2010/11/04,7.31,7.56,7.31,7.51,14632114,254695936.00
2010/11/05,7.58,7.94,7.49,7.91,25264787,451393184.00
2010/11/08,7.96,8.24,7.92,8.12,23679030,440854432.00
2010/11/09,8.06,8.06,7.49,7.64,16703927,299806400.00
2010/11/10,7.58,7.58,7.13,7.29,25084893,428048320.00
2010/11/11,7.24,7.38,7.20,7.29,17981839,307730048.00
2010/11/12,7.22,7.22,6.42,6.42,29080679,468572352.00
2010/11/15,6.50,6.52,6.13,6.27,25797596,390079040.00
2010/11/16,6.31,6.35,5.85,5.97,23082856,342089824.00
2010/11/17,5.91,6.27,5.91,6.19,18011192,267772656.00
2010/11/18,6.28,6.53,6.28,6.41,19292688,296845024.00
2010/11/19,6.42,6.47,5.98,6.29,21161991,315102336.00
2010/11/22,6.21,6.42,6.06,6.31,17719662,266442704.00
2010/11/23,6.29,6.29,6.03,6.20,12373505,184148288.00
2010/11/24,6.11,6.41,6.09,6.34,12394436,187723872.00
2010/11/25,6.39,6.81,6.28,6.77,29900517,472198080.00
2010/11/26,6.66,6.70,6.42,6.50,14540266,227346128.00
2010/11/29,6.46,6.47,6.35,6.39,8409495,129094592.00
2010/12/01,6.26,6.45,6.14,6.40,8700442,132547344.00
2010/12/02,6.52,6.65,6.41,6.43,10079156,157107104.00
2010/12/03,6.50,6.62,6.45,6.51,13744175,215169824.00
2010/12/06,6.55,6.72,6.37,6.42,12943482,201967392.00
2010/12/07,6.38,6.50,6.18,6.45,8456836,129231624.00
2010/12/08,6.44,6.55,6.26,6.28,9758908,149956880.00
2010/12/09,6.28,6.28,6.04,6.04,8160762,121226416.00
2010/12/10,6.04,6.10,5.95,6.08,7151557,104434088.00
2010/12/13,6.14,6.36,6.14,6.34,11695518,175976640.00
2010/12/14,6.34,6.55,6.24,6.50,14450323,222833376.00
2010/12/15,6.47,6.51,6.32,6.40,8311562,127714888.00
2010/12/16,6.38,6.88,6.33,6.69,26722628,423880128.00
2010/12/17,6.63,6.79,6.58,6.70,13222019,210366512.00
2010/12/20,6.65,6.79,6.42,6.56,10487652,165352528.00
2010/12/21,6.60,7.37,6.58,7.37,35796437,601037568.00
2010/12/22,7.91,8.25,7.61,7.84,87738562,1630514176.00
2010/12/23,7.83,8.09,7.70,7.83,49909254,912693440.00
2010/12/24,7.74,8.17,7.54,7.85,51054079,931207616.00
2010/12/27,7.99,8.17,7.60,7.68,39725514,727375872.00
2010/12/28,7.55,7.69,6.88,6.97,24878889,427359136.00
2010/12/29,6.97,7.44,6.81,7.27,22654823,381538688.00
2010/12/30,7.13,7.13,6.78,7.01,25049289,412962752.00
2010/12/31,7.04,7.23,6.92,7.17,13080440,218955968.00
2011/01/04,7.18,8.03,7.18,8.03,38904184,711744192.00
2011/01/06,7.90,8.29,7.82,8.13,33290224,618707200.00
2011/01/07,8.14,8.62,7.92,8.09,29357111,561551936.00
2011/01/10,8.09,8.43,7.70,7.77,23504689,439245984.00
2011/01/11,7.65,8.20,7.65,8.11,16578419,307035744.00
2011/01/12,8.06,8.58,8.06,8.27,16310494,311597216.00
2011/01/13,8.27,8.48,8.00,8.11,12023458,227250704.00
2011/01/14,8.04,8.24,7.93,8.02,8315483,154466112.00
2011/01/17,7.92,8.04,7.09,7.16,18732043,324168704.00
2011/01/18,7.14,7.28,6.84,6.98,14189101,236380096.00
2011/01/19,6.92,7.24,6.67,7.13,26265769,431734976.00
2011/01/20,7.04,7.11,6.67,6.72,13006254,211382016.00
2011/01/21,6.71,7.44,6.67,6.99,17543823,291153376.00
2011/01/24,6.98,7.33,6.72,7.07,16337481,272380384.00
2011/01/25,6.99,7.38,6.93,7.13,17892341,301593888.00
2011/01/26,7.14,7.29,6.99,7.24,8714652,146754064.00
2011/01/27,6.75,7.10,6.70,7.04,23068681,376560608.00
2011/01/28,7.04,7.37,6.84,7.01,22341590,375262208.00
2011/01/31,6.93,6.93,6.64,6.72,27785949,443460896.00
2011/02/01,6.69,6.86,6.59,6.74,16694940,265501040.00
2011/02/09,6.49,6.66,6.48,6.53,12188007,190973120.00
2011/02/10,6.53,6.71,6.52,6.70,12390715,195400640.00
2011/02/11,6.65,6.98,6.61,6.86,21615865,350199520.00
2011/02/14,6.88,7.21,6.83,7.06,28048063,464206304.00
2011/02/15,7.07,7.14,6.92,6.94,21450935,355815520.00
2011/02/16,6.91,7.08,6.81,7.07,18938583,310290016.00
2011/02/17,7.03,7.03,6.65,6.77,29279034,471108512.00
2011/02/18,6.69,6.88,6.61,6.71,17851418,286059872.00
2011/02/21,6.58,6.70,6.43,6.69,21721379,341955936.00
2011/02/22,6.69,6.70,6.21,6.22,32299761,493999808.00
2011/02/23,6.23,6.34,6.17,6.27,13318090,201085856.00
2011/02/24,6.29,6.39,6.23,6.32,12435549,188980560.00
2011/02/25,6.33,6.35,6.19,6.31,10793685,163003312.00
2011/02/28,6.33,6.47,6.31,6.46,15918706,243977200.00
2011/03/01,6.45,6.72,6.45,6.60,23573883,371839392.00
2011/03/02,6.52,6.55,6.36,6.50,12418713,192329520.00
2011/03/03,6.52,6.65,6.44,6.47,14663649,229643296.00
2011/03/04,6.47,6.70,6.43,6.65,21270837,334067520.00
2011/03/07,6.74,6.85,6.64,6.75,24863092,398329568.00
2011/03/08,6.74,6.93,6.70,6.85,22955557,372490752.00
2011/03/09,6.86,6.91,6.73,6.79,13860589,223840768.00
2011/03/10,6.80,6.93,6.76,6.85,17609402,285736320.00
2011/03/11,6.77,6.83,6.57,6.60,13616639,217244176.00
2011/03/14,6.57,6.58,6.44,6.54,13215646,205285856.00
2011/03/15,6.49,6.55,6.27,6.42,11063627,169528016.00
2011/03/16,6.48,6.55,6.41,6.52,9804970,151988720.00
2011/03/17,6.45,6.61,6.37,6.48,13226197,205017072.00
2011/03/18,6.54,6.82,6.45,6.78,25515029,406532192.00
2011/03/21,6.73,7.15,6.68,7.02,36153165,598948160.00
2011/03/22,7.02,7.11,6.89,7.09,21385060,354985344.00
2011/03/23,7.03,7.63,7.02,7.36,35375681,613821376.00
2011/03/24,7.34,7.81,7.34,7.55,32128844,567203776.00
2011/03/25,7.57,8.22,7.53,8.02,33847932,615293888.00
2011/03/28,8.00,8.31,7.74,7.81,32308792,597465344.00
2011/03/29,7.86,8.07,7.71,7.84,21170359,386203520.00
2011/03/30,7.72,7.93,7.53,7.84,17933331,320965824.00
2011/03/31,7.77,8.00,7.55,7.58,10743768,194470320.00
2011/04/01,7.58,7.96,7.52,7.94,10248183,184082016.00
2011/04/06,7.87,8.31,7.83,8.07,23881759,445782464.00
2011/04/07,8.02,8.17,7.83,7.89,11351369,207890640.00
2011/04/11,7.84,8.00,7.24,7.44,20652664,361657792.00
2011/04/12,7.33,7.54,7.31,7.39,8123849,140869792.00
2011/04/13,7.36,7.57,7.23,7.53,7953681,138022048.00
2011/04/14,7.50,7.50,7.24,7.38,9379774,161168864.00
2011/04/15,7.32,7.64,7.28,7.60,11282044,197250208.00
2011/04/18,7.44,7.65,7.30,7.44,18641097,323915360.00
2011/04/19,7.34,7.45,7.13,7.19,11623040,197891232.00
2011/04/20,7.24,7.28,6.98,7.01,10246005,171155264.00
2011/04/21,7.04,7.29,7.03,7.24,9903959,166161616.00
2011/04/22,7.29,7.51,7.21,7.27,9779054,127638224.00
2011/04/25,7.09,7.21,6.76,7.08,7454280,93220528.00
2011/04/26,6.98,7.37,6.92,7.31,10032571,128272048.00
2011/04/27,7.28,7.36,7.05,7.15,7210308,92283968.00
2011/04/28,7.21,7.21,6.89,6.99,8060689,101306584.00
2011/04/29,7.01,7.13,6.90,7.06,5105301,64365532.00
2011/05/03,7.03,7.08,6.82,7.05,6383226,79649280.00
2011/05/04,6.99,6.99,6.63,6.69,7284117,89546648.00
2011/05/05,6.67,6.89,6.66,6.83,4792055,58720560.00
2011/05/06,6.75,6.95,6.69,6.78,4278886,52819800.00
2011/05/09,6.76,6.86,6.70,6.81,2814059,34329496.00
2011/05/10,6.77,6.88,6.69,6.87,3957003,48289876.00
2011/05/12,6.73,6.93,6.69,6.76,7126482,87539928.00
2011/05/13,6.76,6.99,6.63,6.98,8291622,102055816.00
2011/05/16,6.89,7.18,6.89,7.14,9764120,124161512.00
2011/05/17,7.12,7.27,7.02,7.03,8767127,112130416.00
2011/05/18,7.03,7.15,6.96,7.13,3574140,45143680.00
2011/05/19,7.14,7.14,6.84,6.89,4087927,51252992.00
2011/05/20,6.83,6.96,6.83,6.87,2783197,34521736.00
2011/05/23,6.86,6.86,6.39,6.43,6662946,79367296.00
2011/05/24,6.41,6.51,6.25,6.49,3867506,44989712.00
2011/05/25,6.33,6.49,6.24,6.26,2880045,33351016.00
2011/05/26,6.36,6.39,6.06,6.09,5273797,60038412.00
2011/05/27,6.11,6.25,6.03,6.10,6128755,69063088.00
2011/05/30,6.11,6.11,5.80,5.82,3971319,43655656.00
2011/05/31,5.81,5.95,5.48,5.69,14074843,147149200.00
2011/06/01,5.69,5.95,5.56,5.89,11665365,124299792.00
2011/06/02,5.76,5.81,5.43,5.65,9145679,95833984.00
2011/06/03,5.64,6.10,5.60,6.07,10671258,116563152.00
2011/06/07,5.99,6.27,5.99,6.11,9153114,103434432.00
2011/06/08,6.10,6.53,5.95,6.47,15800204,183810144.00
2011/06/09,6.36,6.73,5.96,6.41,11827228,138912480.00
2011/06/10,6.32,6.62,6.21,6.33,6953938,81159712.00
2011/06/13,6.35,6.50,6.07,6.43,4650578,53328136.00
2011/06/14,6.46,7.03,6.42,6.76,21657808,264853248.00
2011/06/15,6.69,6.93,6.66,6.75,11921436,146639168.00
2011/06/16,6.69,6.69,6.43,6.45,6470186,76945384.00
2011/06/17,6.43,6.79,6.43,6.60,6765390,81509024.00
2011/06/20,6.64,6.96,6.60,6.83,19946333,244670816.00
2011/06/21,6.83,7.21,6.83,7.15,28619838,362323296.00
2011/06/22,7.18,7.21,6.81,6.92,10525912,131900696.00
2011/06/24,7.09,7.20,6.93,7.07,17527317,222376368.00
2011/06/27,7.08,7.32,6.89,6.99,18057787,230538336.00
2011/06/28,6.97,7.56,6.97,7.53,28705694,370896992.00
2011/06/29,7.39,7.47,7.23,7.25,13842551,181161184.00
2011/06/30,7.25,7.53,7.25,7.43,10554894,138772160.00
2011/07/01,7.41,7.74,7.38,7.49,16262713,218100656.00
2011/07/04,7.58,7.73,7.47,7.58,11308442,152184352.00
2011/07/05,7.57,7.66,7.41,7.45,8309436,110925016.00
2011/07/06,7.45,7.45,7.01,7.23,19212276,245851472.00
2011/07/07,7.16,7.29,7.08,7.15,11528322,148023280.00
2011/07/08,7.13,7.18,6.93,7.10,10965771,138534752.00
2011/07/11,6.99,7.14,6.93,7.00,12215534,153686544.00
2011/07/12,6.89,6.93,6.54,6.63,17605305,213738880.00
2011/07/13,6.61,6.78,6.59,6.77,8508948,102845016.00
2011/07/14,6.77,6.78,6.53,6.69,14749649,177254144.00
2011/07/15,6.56,6.62,6.21,6.38,33845684,390340640.00
2011/07/18,6.30,6.53,6.23,6.42,18350922,214137584.00
2011/07/19,6.38,6.69,6.31,6.62,23863039,284158784.00
2011/07/20,6.63,6.68,6.43,6.48,9496366,112200016.00
2011/07/21,6.48,6.53,6.03,6.17,18705456,214902976.00
2011/07/22,6.15,6.34,6.15,6.27,10494764,119966360.00
2011/07/25,6.21,6.21,5.84,5.95,16993650,187921728.00
2011/07/26,5.83,6.01,5.82,5.93,9488676,103755448.00
2011/07/27,5.87,6.08,5.83,5.99,6595323,73087416.00
2011/07/28,5.93,6.05,5.89,5.99,6477790,71471760.00
2011/07/29,5.98,6.29,5.98,6.12,8395058,94795312.00
2011/08/01,6.11,6.36,6.00,6.23,6943321,79242456.00
2011/08/02,6.16,6.36,6.13,6.31,9927510,113809672.00
2011/08/03,6.23,6.40,6.18,6.38,6777081,77837456.00
2011/08/04,6.37,6.43,6.22,6.27,4540046,52322672.00
2011/08/05,6.03,6.47,5.99,6.29,10490828,120655608.00
2011/08/08,6.23,6.43,5.96,6.10,9515035,108510664.00
2011/08/09,5.96,6.75,5.77,6.63,27982277,327690784.00
2011/08/10,6.73,7.07,6.72,6.81,21376160,264578208.00
2011/08/11,6.66,7.05,6.63,6.90,10220343,127431896.00
2011/08/12,6.92,6.98,6.69,6.76,11116300,135977184.00
2011/08/15,6.77,6.91,6.73,6.87,13155227,161576336.00
2011/08/16,6.80,6.96,6.56,6.63,6587009,80281776.00
2011/08/17,6.60,6.89,6.49,6.51,9068987,110136272.00
2011/08/18,6.49,6.63,6.37,6.42,7970059,94129408.00
2011/08/22,6.46,6.59,6.11,6.22,6812351,78934816.00
2011/08/23,6.33,6.45,6.18,6.35,4726980,54684040.00
2011/08/24,6.38,6.54,6.35,6.39,5477973,64491464.00
2011/08/25,6.35,6.85,6.35,6.76,10285176,124445576.00
2011/08/26,6.72,6.96,6.66,6.77,4722728,58088480.00
2011/08/29,6.67,6.70,6.43,6.48,7213930,85386712.00
2011/08/30,6.60,6.62,6.33,6.37,3779820,44428852.00
2011/08/31,6.34,6.50,6.31,6.37,4593115,53416680.00
2011/09/01,6.45,6.50,6.37,6.43,2553786,29862836.00
2011/09/02,6.41,6.45,6.11,6.21,5789073,66011968.00
2011/09/05,6.15,6.20,6.00,6.01,3421191,38235864.00
2011/09/06,5.96,6.02,5.64,5.67,8072128,86800920.00
2011/09/07,5.76,5.98,5.71,5.95,9027120,97737528.00
2011/09/08,5.96,5.99,5.77,5.80,4998530,54260448.00
2011/09/09,5.88,5.94,5.73,5.81,3682202,39779664.00
2011/09/13,5.69,6.00,5.63,5.99,5686343,61755920.00
2011/09/14,5.96,5.99,5.69,5.94,4281424,46287852.00
2011/09/15,5.91,6.06,5.85,5.85,4977608,54642252.00
2011/09/16,5.92,6.18,5.84,5.93,13825401,152988128.00
2011/09/19,5.87,5.87,5.43,5.44,8574281,89971136.00
2011/09/20,5.47,5.56,5.21,5.28,14825859,148499936.00
2011/09/21,5.29,5.41,5.18,5.37,22246532,222687904.00
2011/09/22,5.29,5.33,4.88,4.92,25703991,247594752.00
2011/09/23,4.76,4.88,4.57,4.75,20028459,184087824.00
2011/09/26,4.69,4.77,4.51,4.53,8023009,72499328.00
2011/09/27,4.58,4.62,4.48,4.49,10713592,95092312.00
2011/09/28,4.54,4.57,3.96,4.30,13193970,113814504.00
2011/09/29,4.27,4.52,4.13,4.36,15928178,137463680.00
2011/09/30,4.38,4.47,4.30,4.36,7927730,68619544.00
2011/10/10,4.39,4.40,3.83,3.97,17211297,139851920.00
2011/10/11,4.09,4.11,3.76,3.87,12375888,98509320.00
2011/10/12,3.79,4.21,3.78,4.13,19750530,161406608.00
2011/10/13,4.11,4.31,4.08,4.26,13831774,116079456.00
2011/10/14,4.20,4.22,4.06,4.14,8453562,69612176.00
2011/10/17,4.13,4.22,4.08,4.10,7688967,63614240.00
2011/10/18,4.08,4.08,3.85,3.89,8149990,64741672.00
2011/10/19,3.89,3.95,3.79,3.81,7225088,56752832.00
2011/10/20,3.77,3.80,3.47,3.60,11949444,88743880.00
2011/10/21,3.58,3.77,3.53,3.59,5694072,42988636.00
2011/10/24,3.59,3.77,3.50,3.72,11335476,85466496.00
2011/10/25,3.67,4.03,3.64,3.98,15186946,119398008.00
2011/10/26,3.96,4.31,3.91,4.21,29016972,242037824.00
2011/10/27,4.16,4.30,4.15,4.20,11566335,97128456.00
2011/10/28,4.34,4.73,4.31,4.47,34832233,305576672.00
2011/10/31,4.37,4.59,4.26,4.55,11262922,97963760.00
2011/11/01,4.47,4.59,4.28,4.36,12684364,109860240.00
2011/11/02,4.25,4.49,4.19,4.48,8325792,71560552.00
2011/11/03,4.46,4.52,4.35,4.43,11718877,101660816.00
2011/11/04,4.49,4.61,4.43,4.51,11447299,101419216.00
2011/11/07,4.43,4.47,4.31,4.33,6523191,56172596.00
2011/11/08,4.33,4.33,4.07,4.15,16882400,139757232.00
2011/11/09,4.16,4.17,3.87,4.06,16415049,132117248.00
2011/11/10,3.96,3.99,3.89,3.97,7177507,57284620.00
2011/11/11,3.97,4.04,3.89,3.93,5073942,40670760.00
2011/11/14,3.97,4.15,3.95,4.09,14524898,118337744.00
2011/11/16,4.07,4.09,3.81,3.89,13439823,106619640.00
2011/11/17,3.87,3.96,3.81,3.84,7677091,60560748.00
2011/11/18,3.80,3.85,3.65,3.71,10060024,76834432.00
2011/11/21,3.71,3.81,3.63,3.77,6177727,47360096.00
2011/11/22,3.72,3.90,3.70,3.87,10705022,83699552.00
2011/11/23,3.83,3.87,3.73,3.80,4592706,35621600.00
2011/11/24,3.75,3.99,3.71,3.94,10438381,82620008.00
2011/11/25,3.94,3.96,3.79,3.80,3642152,28647596.00
2011/11/28,3.79,3.86,3.71,3.77,8299206,64162028.00
2011/11/29,3.81,3.96,3.73,3.93,9054806,71175800.00
2011/11/30,3.87,3.91,3.73,3.75,4996306,38797852.00
2011/12/01,3.99,4.27,3.97,4.20,40962023,342042912.00
2011/12/02,4.11,4.31,4.05,4.23,18939278,158207200.00
2011/12/05,4.23,4.35,4.12,4.22,11929815,100428544.00
2011/12/06,4.22,4.46,4.17,4.34,13078131,112009136.00
2011/12/07,4.33,4.41,4.25,4.31,9544445,81716144.00
2011/12/08,4.29,4.40,4.13,4.29,5612888,47731304.00
2011/12/09,4.22,4.72,4.19,4.51,16120016,143832592.00
2011/12/12,4.45,4.45,4.29,4.35,10639066,91427696.00
2011/12/13,4.29,4.43,4.03,4.03,7142006,60444456.00
2011/12/14,4.03,4.14,3.88,3.90,6676189,54234664.00
2011/12/16,3.91,4.32,3.91,4.25,9170784,75684904.00
2011/12/19,4.18,4.51,4.11,4.49,14099916,122056968.00
2011/12/20,4.45,4.67,4.43,4.44,10989086,98136632.00
2011/12/21,4.49,4.55,4.22,4.29,6726082,57771728.00
2011/12/22,4.22,4.61,4.22,4.45,9674768,84034880.00
2011/12/23,4.41,4.83,4.41,4.72,25893036,235227664.00
2011/12/26,4.63,4.93,4.63,4.75,12636311,116811896.00
2011/12/27,4.75,4.84,4.56,4.59,8650972,79106776.00
2011/12/28,4.53,4.66,4.41,4.63,6860967,60710380.00
2011/12/29,4.58,4.80,4.53,4.75,6804553,62201356.00
2011/12/30,4.77,5.08,4.75,5.02,13011682,123090680.00
2012/01/04,5.02,5.11,4.77,4.79,9138657,87097824.00
2012/01/05,4.77,4.83,4.50,4.63,15777696,142080624.00
2012/01/06,4.60,4.67,4.29,4.65,8629964,75636824.00
2012/01/09,4.59,4.89,4.37,4.88,10248860,92493080.00
2012/01/10,4.83,5.11,4.75,5.08,21978795,208299904.00
2012/01/11,5.01,5.07,4.87,4.93,12233785,115617776.00
2012/01/12,4.89,5.16,4.85,5.00,12546126,120087696.00
2012/01/13,5.02,5.11,4.64,4.84,10282687,95831088.00
2012/01/16,4.76,4.79,4.50,4.51,6813538,61578960.00
2012/01/17,4.43,4.88,4.29,4.69,16954818,150619968.00
2012/01/18,4.67,4.83,4.49,4.53,9340698,84936040.00
2012/01/19,4.56,4.79,4.48,4.77,10179466,92297376.00
2012/01/20,4.80,5.21,4.80,5.18,17191519,164674736.00
2012/01/30,5.16,5.16,4.86,4.88,7838191,74967064.00
2012/01/31,4.89,5.07,4.85,5.04,6731006,64009012.00
2012/02/01,5.03,5.16,4.82,4.88,5590792,53596640.00
2012/02/02,4.91,5.13,4.73,5.09,8391954,78802912.00
2012/02/03,5.01,5.17,4.97,5.13,7106779,68847128.00
2012/02/06,5.11,5.11,4.71,4.73,26529520,246468448.00
2012/02/07,4.70,4.70,4.50,4.56,16009675,142678112.00
2012/02/08,4.53,4.77,4.53,4.74,18407292,167241808.00
2012/02/09,4.73,4.93,4.62,4.84,23390347,217192976.00
2012/02/10,4.97,5.40,4.96,5.19,38619834,381061760.00
2012/02/13,4.97,4.99,4.59,4.97,23514318,220483248.00
2012/02/14,4.89,4.99,4.79,4.97,13662769,128562656.00
2012/02/15,4.95,5.13,4.85,5.05,19740689,188888720.00
2012/02/16,5.00,5.06,4.97,5.05,11088663,106375312.00
2012/02/17,5.08,5.11,4.92,5.07,11300021,108544328.00
2012/02/20,5.19,5.37,5.11,5.15,18969287,187972608.00
2012/02/21,5.18,5.47,5.13,5.44,16445708,164739424.00
2012/02/22,5.46,6.06,5.46,5.93,27410583,295023392.00
2012/02/23,5.85,6.17,5.83,6.05,17807633,198282448.00
2012/02/24,6.01,6.65,5.94,6.50,26408986,304965984.00
2012/02/27,6.57,6.66,6.33,6.43,21378876,252025840.00
2012/02/28,6.33,6.61,6.28,6.56,10753422,126255704.00
2012/02/29,6.39,6.47,6.19,6.39,21922727,253284144.00
2012/03/01,6.26,6.57,6.23,6.55,17450839,204036640.00
2012/03/02,6.45,7.07,6.40,6.91,21192719,259984496.00
2012/03/05,6.91,6.96,6.73,6.83,10455074,128724344.00
2012/03/06,6.83,6.83,6.53,6.63,7207183,86489552.00
2012/03/07,6.49,6.62,6.36,6.49,5156413,60779616.00
2012/03/08,6.51,6.70,6.47,6.53,14829493,177597312.00
2012/03/12,6.49,6.57,6.12,6.43,22645699,261470832.00
2012/03/13,6.38,6.47,6.23,6.39,12851068,148635360.00
2012/03/14,6.41,6.53,5.86,5.93,16231577,186970688.00
2012/03/15,5.89,5.90,5.53,5.74,18605242,197135184.00
2012/03/16,5.73,5.96,5.63,5.87,14960788,160539488.00
2012/03/19,5.79,5.86,5.59,5.73,19186750,203730512.00
2012/03/20,5.76,6.14,5.76,5.95,39205983,431543584.00
2012/03/21,6.01,6.08,5.83,6.02,11661266,129030064.00
2012/03/22,5.98,6.24,5.95,6.07,8979271,101235728.00
2012/03/23,6.00,6.16,5.87,5.91,8692983,96313544.00
2012/03/26,5.83,6.06,5.83,5.96,7444143,81888448.00
2012/03/27,5.97,6.20,5.95,5.98,7615452,84906808.00
2012/03/28,5.98,6.17,5.81,5.86,9960775,110175552.00
2012/03/29,5.86,6.41,5.51,6.15,20625627,232466480.00
2012/03/30,6.14,6.45,6.03,6.41,11736506,135606048.00
2012/04/05,6.33,6.76,6.27,6.61,15455146,183558000.00
2012/04/06,6.61,6.89,6.42,6.69,11798260,142689264.00
2012/04/09,6.68,6.69,6.49,6.56,5788583,68922448.00
2012/04/10,6.57,6.83,6.31,6.81,8197369,97247944.00
2012/04/11,6.69,7.13,6.66,6.74,12242710,152379344.00
2012/04/12,6.73,6.89,6.57,6.81,10540897,128476664.00
2012/04/13,6.81,7.13,6.69,6.78,8880296,110073832.00
2012/04/16,6.61,6.94,6.51,6.91,5153417,62916864.00
2012/04/17,6.83,7.00,6.65,6.75,6589779,80885168.00
2012/04/18,6.77,6.97,6.61,6.91,13807996,169928992.00
2012/04/19,6.85,6.96,6.77,6.89,9575910,118169064.00
2012/04/23,6.85,6.85,6.36,6.49,14215433,168926496.00
2012/04/24,6.45,6.73,6.18,6.49,14082807,165525728.00
2012/04/25,6.46,6.88,6.38,6.87,22258182,269188864.00
2012/04/26,6.77,6.96,6.71,6.89,17702465,218143696.00
2012/04/27,6.88,7.11,6.80,7.00,14951151,187231472.00
2012/05/02,7.01,7.33,6.84,7.15,11686540,148640576.00
2012/05/03,7.08,7.19,6.73,7.13,9081988,113304032.00
2012/05/04,7.04,7.22,6.86,7.15,7907700,100155936.00
2012/05/07,7.09,7.15,6.83,7.11,13364678,167303936.00
2012/05/08,7.02,7.13,6.85,6.97,6670274,83952432.00
2012/05/09,6.90,6.98,6.62,6.80,7540265,92445264.00
2012/05/10,6.84,6.87,6.70,6.79,3411499,41810276.00
2012/05/11,6.72,6.80,6.68,6.71,3417352,41589048.00
2012/05/14,6.77,6.92,6.70,6.78,10606861,130092624.00
2012/05/15,6.69,6.99,6.60,6.94,6414678,78262264.00
2012/05/16,6.93,6.97,6.67,6.72,5993359,72055696.00
2012/05/17,6.71,6.87,6.67,6.81,4107319,49714964.00
2012/05/18,6.79,6.79,6.61,6.65,2880869,34494508.00
2012/05/21,6.66,6.76,6.59,6.72,3000262,35820360.00
2012/05/22,6.67,7.06,6.67,7.03,11024355,135802672.00
2012/05/23,6.97,7.33,6.93,7.19,8476484,107696776.00
2012/05/24,7.19,7.26,6.93,7.10,6968670,87788288.00
2012/05/25,7.15,7.29,7.07,7.07,4993364,63270880.00
2012/05/28,7.16,7.40,6.83,7.38,9504333,121088856.00
2012/05/29,7.33,7.80,7.28,7.69,13967225,186506336.00
2012/05/30,7.67,8.00,7.61,7.85,10833859,148176720.00
2012/05/31,7.74,8.02,7.65,7.99,6847515,93688512.00
2012/06/01,7.94,8.03,7.83,7.96,7828492,107784952.00
2012/06/04,7.79,7.93,7.61,7.75,5680524,77302488.00
2012/06/05,7.74,7.81,7.51,7.79,3564026,47782564.00
2012/06/06,7.69,7.85,7.46,7.78,6783743,91313360.00
2012/06/07,7.79,7.96,7.59,7.65,7724140,104745264.00
2012/06/08,7.83,7.86,7.43,7.47,12916046,172436288.00
2012/06/11,7.55,7.97,7.34,7.92,13109686,176270032.00
2012/06/12,7.85,8.22,7.79,8.11,13308754,185217440.00
2012/06/13,8.07,8.27,8.03,8.13,12743593,180010736.00
2012/06/14,8.06,8.10,7.99,8.03,7020842,98236496.00
2012/06/15,8.06,8.06,7.57,7.94,10727794,145191376.00
2012/06/18,7.89,7.93,7.70,7.83,5444986,74235760.00
2012/06/19,7.83,7.83,7.39,7.48,6907870,92282824.00
2012/06/20,7.51,7.58,7.28,7.38,7771724,100856952.00
2012/06/21,7.38,7.53,7.31,7.39,4896807,63746472.00
2012/06/25,7.39,7.43,6.84,7.01,9605599,120871104.00
2012/06/26,7.03,7.31,6.91,7.22,5367635,67781096.00
2012/06/27,7.18,7.53,7.01,7.18,9021281,116213752.00
2012/06/28,7.18,7.27,7.14,7.17,5700307,72546568.00
2012/06/29,7.14,7.69,7.09,7.55,7374200,95603112.00
2012/07/02,7.59,7.78,7.47,7.53,3803201,50660856.00
2012/07/03,7.53,7.79,7.39,7.65,6053934,80828304.00
2012/07/04,7.63,7.68,7.46,7.61,2592609,34418056.00
2012/07/05,7.51,7.69,7.39,7.55,4416484,58349332.00
2012/07/06,7.69,8.09,7.69,7.99,9869702,135051200.00
2012/07/09,7.89,8.19,7.81,7.88,6025739,84418696.00
2012/07/10,7.88,7.88,7.39,7.53,10540456,139420784.00
2012/07/11,7.51,7.55,7.34,7.51,6986211,91174856.00
2012/07/12,7.41,7.73,7.33,7.71,7636051,100872008.00
2012/07/13,7.67,7.81,7.59,7.75,2831512,38117608.00
2012/07/16,7.74,7.77,7.26,7.43,5214054,68077960.00
2012/07/17,7.40,7.59,7.33,7.49,2205446,29085444.00
2012/07/18,7.56,7.56,6.62,6.92,21536714,259640144.00
2012/07/19,6.79,6.93,6.39,6.66,12938027,154349888.00
2012/07/20,6.54,6.56,6.22,6.40,13454800,155099824.00
2012/07/23,6.30,6.46,6.12,6.39,5115621,58204204.00
2012/07/24,6.28,6.63,6.23,6.52,6472538,75911320.00
2012/07/25,6.47,6.47,6.01,6.25,11163291,125037424.00
2012/07/26,6.16,6.22,5.81,6.01,10140859,110431152.00
2012/07/27,5.97,6.10,5.86,6.03,4867409,53029756.00
2012/07/30,6.03,6.16,5.91,5.93,2963753,32426426.00
2012/07/31,5.93,6.32,5.91,6.14,4486915,49878660.00
2012/08/01,6.14,6.52,6.13,6.25,5906991,67683064.00
2012/08/02,6.25,6.26,5.50,5.51,13037833,137242272.00
2012/08/03,5.59,5.65,5.33,5.51,7557428,76298448.00
2012/08/06,5.48,5.65,5.35,5.62,7742108,78459032.00
2012/08/07,5.61,5.63,5.54,5.59,6895443,70840824.00
2012/08/08,5.56,5.76,5.56,5.65,11463033,119069832.00
2012/08/09,5.65,5.87,5.65,5.84,10941626,116089408.00
2012/08/10,5.88,5.88,5.53,5.57,8956605,92981096.00
2012/08/13,5.53,5.53,4.99,5.05,22058102,212860048.00
2012/08/14,5.08,5.27,5.04,5.24,14887539,143674784.00
2012/08/15,5.19,5.22,5.05,5.15,7077201,68007912.00
2012/08/16,5.12,5.20,5.11,5.16,3404961,32865428.00
2012/08/17,5.16,5.21,5.01,5.17,6424461,61768476.00
2012/08/20,5.07,5.07,4.79,4.99,10216238,94437392.00
2012/08/21,4.97,5.13,4.89,4.94,6238139,58752364.00
2012/08/22,4.96,4.96,4.80,4.90,7709975,71044032.00
2012/08/23,4.93,5.11,4.86,5.07,13884884,130257568.00
2012/08/24,5.01,5.10,4.92,5.09,5752309,54261164.00
2012/08/27,5.00,5.13,4.98,4.99,4466245,42327828.00
2012/08/28,4.97,5.00,4.69,4.85,11594395,105544912.00
2012/08/29,4.79,4.93,4.66,4.89,10608103,96323232.00
2012/08/30,4.85,5.11,4.81,5.05,9437699,88203896.00
2012/08/31,5.01,5.21,4.99,5.16,14012661,134570896.00
2012/09/03,5.13,5.77,5.07,5.48,22924279,232675168.00
2012/09/04,5.40,5.56,5.33,5.38,6792746,68431664.00
2012/09/05,5.36,5.54,5.35,5.45,5838957,59111896.00
2012/09/06,5.47,5.61,5.43,5.49,7311299,74369112.00
2012/09/07,5.59,5.81,5.53,5.68,14259767,148526720.00
2012/09/10,5.69,5.89,5.56,5.63,10860095,113256592.00
2012/09/11,5.65,5.65,5.39,5.45,11226756,113101880.00
2012/09/12,5.48,5.56,5.35,5.47,7952941,79871984.00
2012/09/13,5.43,5.57,5.40,5.43,6525256,66333352.00
2012/09/14,5.53,5.55,5.17,5.28,11236687,110733552.00
2012/09/17,5.16,5.25,4.85,4.95,15056071,141098048.00
2012/09/18,4.93,5.00,4.87,4.91,6260149,58343920.00
2012/09/19,4.97,4.97,4.81,4.93,9268429,85798584.00
2012/09/20,4.87,4.89,4.72,4.73,8313268,75551984.00
2012/09/21,4.71,4.80,4.65,4.69,6275065,56295588.00
2012/09/24,4.66,4.89,4.58,4.81,7605327,68819808.00
2012/09/25,4.79,4.89,4.76,4.83,6048663,55314128.00
2012/09/26,4.83,4.85,4.66,4.74,4130100,37104816.00
2012/09/27,4.73,5.03,4.71,4.97,8982406,83236128.00
2012/09/28,4.95,5.34,4.91,5.27,14108786,134827872.00
2012/10/08,5.20,5.31,5.09,5.15,4981034,47629080.00
2012/10/09,5.15,5.45,5.15,5.41,12019274,117072280.00
2012/10/10,5.35,5.49,5.31,5.47,7284796,71793264.00
2012/10/11,5.42,5.49,5.33,5.44,6072846,60001072.00
2012/10/12,5.46,5.63,5.36,5.42,5156542,51528864.00
2012/10/15,5.44,5.45,5.25,5.33,2856159,27879490.00
2012/10/16,5.33,5.40,5.28,5.29,4377416,42861316.00
2012/10/17,5.37,5.39,5.17,5.23,3903450,37529840.00
2012/10/18,5.27,5.77,5.22,5.64,21406917,214437152.00
2012/10/19,5.59,5.89,5.55,5.79,20747056,215206688.00
2012/10/22,5.77,5.95,5.69,5.92,11330444,119230568.00
2012/10/23,5.91,6.05,5.77,5.83,13762080,146072672.00
2012/10/24,5.71,5.79,5.61,5.66,7057908,72798784.00
2012/10/25,5.63,5.71,5.51,5.57,7305364,74382568.00
2012/10/26,5.59,5.65,5.35,5.48,5539186,55501912.00
2012/10/29,5.43,5.48,5.35,5.45,3713258,36686892.00
2012/10/30,5.45,5.70,5.45,5.61,6929328,70508904.00
2012/10/31,5.61,5.68,5.46,5.65,6539530,66336184.00
2012/11/01,5.63,6.02,5.63,5.91,18411362,194551328.00
2012/11/02,5.90,6.10,5.82,5.95,13946673,149171824.00
2012/11/05,5.96,6.05,5.85,5.95,11281684,120757776.00
2012/11/06,5.95,5.95,5.69,5.84,7876968,82569088.00
2012/11/07,5.82,5.86,5.65,5.69,7922400,82114000.00
2012/11/08,5.62,5.87,5.56,5.64,8963803,92896856.00
2012/11/09,5.59,5.72,5.59,5.68,3571161,36704608.00
2012/11/12,5.63,5.84,5.63,5.81,7568307,79050072.00
2012/11/13,5.83,5.83,5.51,5.54,6431521,65684936.00
2012/11/14,5.51,5.58,5.46,5.55,3488699,35087764.00
2012/11/15,5.49,5.59,5.35,5.41,8997379,89611864.00
2012/11/16,5.35,5.45,5.19,5.41,8003650,78132072.00
2012/11/19,5.39,5.40,5.17,5.39,8491864,82331248.00
2012/11/20,5.35,5.45,5.26,5.39,7505798,73619472.00
2012/11/21,5.37,5.57,5.29,5.57,8653118,85989152.00
2012/11/22,5.50,5.68,5.42,5.59,7804372,79053504.00
2012/11/23,5.60,5.83,5.55,5.76,10792476,111564768.00
2012/11/26,5.72,5.75,5.61,5.73,4408177,45439344.00
2012/11/27,5.66,5.71,5.51,5.62,6478214,65778832.00
2012/11/28,5.55,5.59,5.22,5.39,10039132,98209656.00
2012/11/29,5.37,5.41,5.30,5.35,5507043,53937872.00
2012/11/30,5.35,5.67,5.29,5.57,9844864,99110272.00
2012/12/03,5.53,5.84,5.53,5.64,19843314,205613536.00
2012/12/04,5.59,5.74,5.44,5.73,12257209,125109000.00
2012/12/05,5.73,6.18,5.63,6.05,22638896,244829040.00
2012/12/06,6.05,6.23,6.00,6.07,14741834,161731184.00
2012/12/07,6.05,6.21,5.89,6.05,19081577,206563248.00
2012/12/10,6.07,6.37,5.96,6.29,24323344,267968992.00
2012/12/11,6.18,6.32,6.13,6.22,8524584,94632208.00
2012/12/12,6.19,6.25,6.05,6.23,7359189,81057168.00
2012/12/13,6.17,6.29,6.09,6.17,11806887,130979512.00
2012/12/14,6.16,6.71,6.09,6.56,26253831,299877824.00
2012/12/17,6.55,6.83,6.38,6.43,23268998,271516320.00
2012/12/18,6.35,6.52,6.10,6.14,26951515,300011520.00
2012/12/19,6.09,6.12,5.85,6.07,29983151,322000224.00
2012/12/20,5.97,6.29,5.95,6.21,23967553,262311552.00
2012/12/21,6.21,6.37,6.05,6.19,21647322,239606768.00
2012/12/24,6.13,6.33,6.09,6.21,12661630,140808304.00
2012/12/25,6.19,6.74,6.15,6.61,29875182,346275520.00
2012/12/26,6.61,6.95,6.57,6.75,29289572,348125344.00
2012/12/27,6.75,6.82,6.60,6.71,14491381,172033312.00
2012/12/28,6.71,7.28,6.68,7.21,20991080,257458560.00
2012/12/31,7.25,7.62,7.07,7.57,21980635,283272864.00
2013/01/04,7.79,7.81,7.35,7.61,19830922,260493120.00
2013/01/07,7.55,7.55,7.33,7.49,13845851,178820848.00
2013/01/08,7.47,7.55,7.13,7.33,19145125,242890416.00
2013/01/09,7.29,7.37,7.17,7.31,17484843,221299520.00
2013/01/10,7.33,7.52,7.31,7.42,21494706,277917248.00
2013/01/11,7.39,7.45,6.92,6.99,19389093,240578336.00
2013/01/14,6.97,7.52,6.97,7.41,27756463,349903776.00
2013/01/15,7.42,7.45,7.20,7.32,19479685,247998720.00
2013/01/16,7.22,7.31,6.99,7.09,21468069,265695488.00
2013/01/17,7.10,7.26,7.05,7.09,21782134,272490944.00
2013/01/18,7.13,7.48,7.12,7.35,21682530,275051840.00
2013/01/21,7.47,7.51,7.01,7.05,32093112,401816992.00
2013/01/22,7.03,7.07,6.75,6.83,27760141,335901696.00
2013/01/23,6.81,6.93,6.51,6.57,34573846,406010976.00
2013/01/24,6.60,6.83,6.39,6.54,36601378,428808352.00
2013/01/25,6.54,6.55,6.37,6.47,16667133,190780992.00
2013/01/28,6.49,6.82,6.49,6.78,24339206,286886112.00
2013/01/29,6.81,7.00,6.73,6.75,24458211,295061920.00
2013/01/30,6.73,6.90,6.67,6.89,22984062,275405856.00
2013/01/31,6.79,6.81,6.33,6.37,38679348,443916640.00
2013/02/01,6.39,6.41,6.27,6.36,28473845,321068064.00
2013/02/04,6.39,6.49,6.19,6.42,31754635,358930912.00
2013/02/05,6.35,6.73,6.33,6.60,28065397,326351360.00
2013/02/06,6.51,6.55,6.30,6.33,25114355,285461664.00
2013/02/07,6.31,6.47,6.23,6.44,18266658,206982096.00
2013/02/08,6.45,6.52,6.39,6.46,13578689,155710416.00
2013/02/18,6.51,6.54,6.29,6.39,17724057,201028112.00
2013/02/19,6.39,6.39,5.97,6.05,28820196,314890336.00
2013/02/20,6.06,6.13,5.98,6.10,18310746,198675424.00
2013/02/21,6.03,6.13,5.89,5.97,18172226,196335776.00
2013/02/22,5.99,6.15,5.97,6.02,14189971,153992992.00
2013/02/25,6.06,6.10,5.78,5.85,28619542,303187456.00
2013/02/26,5.81,5.90,5.63,5.68,16659350,174863824.00
2013/02/27,5.73,5.86,5.69,5.80,17341526,180936640.00
2013/02/28,5.85,6.12,5.85,6.10,29481786,318028672.00
2013/03/01,6.09,6.14,5.92,5.99,14760732,159372512.00
2013/03/04,5.67,5.67,5.27,5.27,33423014,328208736.00
2013/03/05,5.11,5.31,5.05,5.31,30632638,290889632.00
2013/03/06,5.27,5.41,5.25,5.29,18123573,176736272.00
2013/03/07,5.33,5.43,5.20,5.37,15496626,151937248.00
2013/03/08,5.39,5.41,5.29,5.33,8152130,79707376.00
2013/03/11,5.34,5.41,5.29,5.37,7972411,78316520.00
2013/03/12,5.38,5.48,5.24,5.31,10193875,99920000.00
2013/03/13,5.31,5.33,5.17,5.21,8430732,80985128.00
2013/03/14,5.21,5.29,5.17,5.23,5218454,50318328.00
2013/03/15,5.23,5.35,5.11,5.17,9049923,86938640.00
2013/03/18,5.17,5.29,5.15,5.25,5836929,56000552.00
2013/03/19,5.27,5.48,5.24,5.44,16353397,160994208.00
2013/03/20,5.46,5.63,5.44,5.58,22463986,226918576.00
2013/03/21,5.58,5.59,5.39,5.44,16981352,169525136.00
2013/03/22,5.47,5.50,5.37,5.45,10399084,103045864.00
2013/03/25,5.46,5.57,5.41,5.49,13765818,137669056.00
2013/03/26,5.47,5.61,5.39,5.45,13856815,138385024.00
2013/03/27,5.43,5.57,5.40,5.45,12081323,120760672.00
2013/03/28,5.39,5.39,5.18,5.19,10912353,105193288.00
2013/03/29,5.19,5.25,5.15,5.17,5615979,53687652.00
2013/04/01,5.17,5.42,5.17,5.29,15246006,148805024.00
2013/04/02,5.31,5.45,5.26,5.32,10909057,106796184.00
2013/04/03,5.35,5.37,5.08,5.18,11058653,105763280.00
2013/04/08,5.05,5.05,4.87,5.01,23370297,214699056.00
2013/04/09,5.09,5.25,5.09,5.17,12752856,121523504.00
2013/04/10,5.19,5.21,5.13,5.17,7636892,72648136.00
2013/04/11,5.23,5.27,5.13,5.15,10900274,104010480.00
2013/04/12,5.19,5.29,5.16,5.25,14164138,136506160.00
2013/04/15,5.27,5.39,5.22,5.35,20753649,202798000.00
2013/04/16,5.30,5.65,5.27,5.65,33828938,340295520.00
2013/04/17,5.65,5.68,5.49,5.57,13672129,138667072.00
2013/04/18,5.55,5.68,5.49,5.53,12044856,121960784.00
2013/04/19,5.52,5.65,5.52,5.61,26144665,265636896.00
2013/04/22,5.55,5.61,5.41,5.43,18356900,183094000.00
2013/04/23,5.43,5.45,5.08,5.08,16837727,161489728.00
2013/04/24,5.12,5.23,5.07,5.20,8197269,77869584.00
2013/04/25,5.19,5.19,5.05,5.07,9329999,87999336.00
2013/04/26,5.14,5.17,4.98,5.03,6954461,65363032.00
2013/05/02,5.04,5.17,5.00,5.13,5392129,50873248.00
2013/05/03,5.14,5.31,5.14,5.22,10021268,96629944.00
2013/05/06,5.25,5.31,5.21,5.29,9647929,93241768.00
2013/05/07,5.29,5.45,5.26,5.38,10743711,105723936.00
2013/05/08,5.42,5.51,5.30,5.33,10571798,104457368.00
2013/05/09,5.32,5.33,5.15,5.25,10583791,101699544.00
2013/05/10,5.22,5.32,5.20,5.29,5198035,50320444.00
2013/05/13,5.31,5.36,5.27,5.35,9360016,91195440.00
2013/05/14,5.35,5.40,5.25,5.31,11087785,108283816.00
2013/05/15,5.33,5.37,5.31,5.35,6278436,61375924.00
2013/05/16,5.35,5.58,5.33,5.57,20872300,208522912.00
2013/05/17,5.59,5.73,5.59,5.68,30067162,308519744.00
2013/05/20,5.78,6.02,5.71,5.75,38501872,265602144.00
2013/05/21,5.68,5.70,5.59,5.66,35214494,234664912.00
2013/05/22,5.67,5.81,5.62,5.71,30138852,203126080.00
2013/05/23,5.67,5.85,5.64,5.68,30716153,208346752.00
2013/05/24,5.68,5.75,5.59,5.61,23816652,158559376.00
2013/05/27,5.60,5.60,5.41,5.48,27260949,177035808.00
2013/05/28,5.45,5.77,5.39,5.76,41377860,273688672.00
2013/05/29,5.78,5.91,5.71,5.77,51762106,353954496.00
2013/05/30,5.72,5.79,5.63,5.70,29578277,199035984.00
2013/05/31,5.71,5.76,5.55,5.56,16984719,112891912.00
2013/06/03,5.56,5.73,5.56,5.72,20998076,140393216.00
2013/06/04,5.72,5.73,5.60,5.62,14798063,98785024.00
2013/06/05,5.62,5.68,5.59,5.66,11176327,74327640.00
2013/06/06,5.63,5.73,5.43,5.45,21401946,141174368.00
2013/06/07,5.46,5.51,5.17,5.21,18155104,114749144.00
2013/06/13,5.14,5.15,4.84,4.92,24987222,148526864.00
2013/06/14,4.93,4.96,4.84,4.91,14954254,88293120.00
2013/06/17,4.93,4.94,4.72,4.75,16057009,93207008.00
2013/06/18,4.78,4.83,4.73,4.78,11064919,64067624.00
2013/06/19,4.76,5.01,4.54,4.99,29259926,168439104.00
2013/06/20,4.88,5.08,4.74,4.74,23878615,141290688.00
2013/06/21,4.64,4.90,4.54,4.87,31123089,179957696.00
2013/06/24,4.83,4.89,4.28,4.31,33947967,189635824.00
2013/06/25,4.28,4.40,3.81,4.23,32476046,169000048.00
2013/06/26,4.25,4.30,4.14,4.21,19154836,100585848.00
2013/06/27,4.26,4.36,4.19,4.30,18308490,97063768.00
2013/06/28,4.33,4.73,4.28,4.53,37827005,210547440.00
2013/07/01,4.41,4.59,4.39,4.51,15508640,85521856.00
2013/07/02,4.52,4.55,4.38,4.54,17051266,93332800.00
2013/07/03,4.51,4.55,4.23,4.54,18227198,99030800.00
2013/07/04,4.52,4.69,4.43,4.63,24024717,135456304.00
2013/07/05,4.68,4.94,4.63,4.73,26779620,155869296.00
2013/07/08,4.58,4.92,4.57,4.76,31464299,182951232.00
2013/07/09,4.72,4.82,4.56,4.60,15310664,86910544.00
2013/07/10,4.63,4.84,4.48,4.82,22991989,130860136.00
2013/07/11,4.80,5.27,4.80,5.07,63859702,386316224.00
2013/07/12,5.03,5.15,4.86,4.89,22011990,132026256.00
2013/07/15,4.93,5.05,4.86,4.91,15727713,93643288.00
2013/07/16,4.83,4.87,4.67,4.85,28111284,162854656.00
2013/07/17,4.79,5.08,4.73,5.02,32608747,193796736.00
2013/07/18,4.97,5.02,4.85,4.97,21407385,128028800.00
2013/07/19,4.96,4.98,4.52,4.53,19469790,112216544.00
2013/07/22,4.53,4.62,4.44,4.51,14855752,82070832.00
2013/07/23,4.54,4.74,4.50,4.72,21776959,124018944.00
2013/07/24,4.69,4.70,4.54,4.62,8935699,50280440.00
2013/07/25,4.64,4.68,4.53,4.53,11098726,62093480.00
2013/07/26,4.49,4.57,4.46,4.49,5173907,28565562.00
2013/07/29,4.48,4.48,4.23,4.29,12748970,67781344.00
2013/07/30,4.32,4.44,4.28,4.32,14070943,75561912.00
2013/07/31,4.57,4.66,4.44,4.48,17264784,95972240.00
2013/08/01,4.52,4.61,4.44,4.59,14306033,79872240.00
2013/08/02,4.86,4.93,4.67,4.70,27985670,162885024.00
2013/08/05,4.61,4.74,4.60,4.72,13680381,77602528.00
2013/08/06,4.69,4.72,4.57,4.66,14307510,80901616.00
2013/08/07,4.69,4.92,4.69,4.74,26992612,157811920.00
2013/08/08,4.72,4.77,4.69,4.73,10284349,59113708.00
2013/08/09,4.75,4.82,4.63,4.74,16088970,92061496.00
2013/08/12,4.77,4.92,4.73,4.90,21843838,128431368.00
2013/08/13,4.91,4.94,4.84,4.91,11379894,67343488.00
2013/08/14,4.97,5.08,4.94,4.98,25626259,154781792.00
2013/08/15,4.98,5.02,4.85,4.88,9556057,56972724.00
2013/08/16,4.87,5.47,4.79,4.84,22874395,137599136.00
2013/08/19,4.81,4.89,4.77,4.86,7954267,46551792.00
2013/08/20,4.85,4.87,4.69,4.71,14875688,86170680.00
2013/08/21,4.73,4.75,4.66,4.72,7726085,44172896.00
2013/08/22,4.70,4.76,4.66,4.67,7686296,44052636.00
2013/08/23,4.68,4.72,4.57,4.66,8545135,48314856.00
2013/08/26,4.68,4.75,4.64,4.75,15357193,87930688.00
2013/08/27,4.73,4.78,4.69,4.75,12371129,71241912.00
2013/08/28,4.72,4.72,4.60,4.65,14462240,81975272.00
2013/08/29,4.66,4.71,4.53,4.61,18535728,104228592.00
2013/08/30,4.61,4.63,4.51,4.59,16041399,89755040.00
2013/09/02,4.58,4.59,4.41,4.45,22163181,121801072.00
2013/09/03,4.44,4.64,4.44,4.63,24643701,136966304.00
2013/09/04,4.59,4.63,4.56,4.61,11495892,64520192.00
2013/09/05,4.63,4.73,4.59,4.60,19538668,111146592.00
2013/09/06,4.59,4.64,4.48,4.54,15796527,87663456.00
2013/09/09,4.55,4.82,4.52,4.75,36595052,209700112.00
2013/09/10,4.77,4.81,4.72,4.81,21145689,122472000.00
2013/09/11,4.82,4.92,4.77,4.83,33765564,197377120.00
2013/09/12,4.80,4.98,4.74,4.95,31780339,187075088.00
2013/09/13,4.96,5.01,4.82,4.86,21141006,124909440.00
2013/09/16,4.91,4.94,4.75,4.77,13679923,79977000.00
2013/09/17,4.77,4.80,4.57,4.58,17286406,98532024.00
2013/09/18,4.56,4.63,4.54,4.60,10757275,60273216.00
2013/09/23,4.62,4.67,4.58,4.65,15964943,90130936.00
2013/09/24,4.63,4.63,4.47,4.51,19519147,108315216.00
2013/09/25,4.50,4.55,4.41,4.42,15344248,84463056.00
2013/09/26,4.42,4.48,4.30,4.32,13972885,75362656.00
2013/09/27,4.34,4.40,4.28,4.29,12806389,68449912.00
2013/09/30,4.33,4.40,4.30,4.39,7366760,39455984.00
2013/10/08,4.38,4.64,4.34,4.64,24696820,137194432.00
2013/10/09,4.59,4.80,4.57,4.75,26963727,153948048.00
2013/10/10,4.71,4.76,4.63,4.65,13038699,74481976.00
2013/10/11,4.68,4.78,4.65,4.74,14894716,85414656.00
2013/10/14,4.74,4.77,4.53,4.60,22270423,125400056.00
2013/10/15,4.56,4.62,4.51,4.58,8849320,49298864.00
2013/10/16,4.56,4.58,4.35,4.37,13931781,75899464.00
2013/10/17,4.42,4.47,4.36,4.39,7258371,39396240.00
2013/10/18,4.41,4.45,4.36,4.38,8364532,45310076.00
2013/10/21,4.39,4.52,4.35,4.48,10653482,58170592.00
2013/10/22,4.51,4.59,4.46,4.49,10641747,58984996.00
2013/10/23,4.52,4.59,4.44,4.45,9107092,50404152.00
2013/10/24,4.43,4.85,4.38,4.79,42432770,242129776.00
2013/10/25,4.77,4.77,4.45,4.50,38621016,216252848.00
2013/10/28,4.50,4.54,4.32,4.36,15206186,82503752.00
2013/10/29,4.36,4.45,4.18,4.35,18376485,98274648.00
2013/10/30,4.36,4.41,4.28,4.39,13626987,73309056.00
2013/10/31,4.48,4.70,4.45,4.48,24008556,134226032.00
2013/11/01,4.50,4.60,4.43,4.56,11761716,65268696.00
2013/11/04,4.69,4.76,4.53,4.57,16994302,95656312.00
2013/11/05,4.50,4.55,4.42,4.50,15470129,84804384.00
2013/11/06,4.50,4.50,4.38,4.39,13344528,72576024.00
2013/11/07,4.39,4.44,4.35,4.42,6508392,35286940.00
2013/11/08,4.41,4.46,4.27,4.32,12069142,64711716.00
2013/11/11,4.28,4.31,4.18,4.23,10463849,54944636.00
2013/11/12,4.23,4.33,4.22,4.26,7232882,38198268.00
2013/11/13,4.25,4.30,4.19,4.21,6600703,34801732.00
2013/11/14,4.23,4.24,4.14,4.19,7209832,37444144.00
2013/11/15,4.19,4.31,4.19,4.26,16102753,85047240.00
2013/11/18,4.27,4.39,4.23,4.38,16911518,90333312.00
2013/11/19,4.38,4.40,4.29,4.35,11833640,63423288.00
2013/11/20,4.39,4.42,4.31,4.34,9464194,50701100.00
2013/11/21,4.31,4.31,4.23,4.25,14393072,75949744.00
2013/11/22,4.23,4.24,4.18,4.20,15256941,79728704.00
2013/11/25,4.16,4.23,4.14,4.16,15117428,78446816.00
2013/11/26,4.16,4.18,4.12,4.15,9439542,48812808.00
2013/11/27,4.14,4.24,4.12,4.19,13778396,71592168.00
2013/11/28,4.20,4.29,4.16,4.24,19225387,101124928.00
2013/11/29,4.24,4.25,4.20,4.21,10976790,57518784.00
2013/12/02,4.18,4.21,4.06,4.08,17905889,92094176.00
2013/12/03,4.07,4.12,4.04,4.11,25256791,129087568.00
2013/12/04,4.10,4.30,4.06,4.21,32827214,171016320.00
2013/12/05,4.19,4.26,4.16,4.20,12828819,67163560.00
2013/12/06,4.18,4.24,4.18,4.20,7307567,38221648.00
2013/12/09,4.23,4.24,4.15,4.17,9458650,49146560.00
2013/12/10,4.18,4.22,4.15,4.20,10907389,56791336.00
2013/12/11,4.18,4.21,4.12,4.13,14949208,77409304.00
2013/12/12,4.13,4.16,4.06,4.10,10407966,53414304.00
2013/12/13,4.07,4.12,4.07,4.08,9441396,48240700.00
2013/12/16,4.12,4.12,3.97,3.99,11920134,60148428.00
2013/12/17,4.00,4.01,3.93,3.93,9131183,45498116.00
2013/12/18,3.92,3.97,3.92,3.93,6670436,33065844.00
2013/12/19,3.95,3.96,3.86,3.88,6574725,32402604.00
2013/12/20,3.91,3.91,3.77,3.79,7908924,38305804.00
2013/12/23,3.79,3.81,3.68,3.73,6429566,30591624.00
2013/12/24,3.74,3.79,3.72,3.73,6557821,31343904.00
2013/12/25,3.73,3.77,3.71,3.74,5358660,25490248.00
2013/12/26,3.75,3.77,3.66,3.67,8100553,38232436.00
2013/12/27,3.68,3.88,3.67,3.87,19039157,91511456.00
2013/12/30,3.87,3.93,3.80,3.90,8891493,43366636.00
2013/12/31,3.90,4.03,3.86,4.01,14252869,70925496.00
2014/01/02,4.00,4.07,3.96,3.97,9636642,48444240.00
2014/01/03,3.97,3.98,3.84,3.88,5481625,26906804.00
2014/01/06,3.85,3.87,3.66,3.68,11206767,52887896.00
2014/01/07,3.65,3.66,3.51,3.57,17438312,80374200.00
2014/01/08,3.58,3.62,3.45,3.49,14967919,67891168.00
2014/01/09,3.49,3.54,3.41,3.42,20115606,90475704.00
2014/01/10,3.43,3.45,3.34,3.39,11907758,52463688.00
2014/01/13,3.41,3.44,3.31,3.37,10163757,44580716.00
2014/01/14,3.36,3.49,3.31,3.44,11988549,53040224.00
2014/01/15,3.44,3.45,3.34,3.37,8156333,35827600.00
2014/01/16,3.39,3.41,3.33,3.39,13072246,57371432.00
2014/01/17,3.36,3.37,3.29,3.31,8286750,35975548.00
2014/01/20,3.29,3.37,3.29,3.32,7629917,33219324.00
2014/01/21,3.35,3.41,3.34,3.37,7565158,33228356.00
2014/01/22,3.38,3.60,3.36,3.55,33094476,149948272.00
2014/01/23,3.53,3.56,3.46,3.48,17588653,79625440.00
2014/01/24,3.46,3.70,3.45,3.54,28991096,133885864.00
2014/01/27,3.52,3.58,3.47,3.53,27918661,126646216.00
2014/01/28,3.53,3.64,3.52,3.54,15105464,69174368.00
2014/01/29,3.56,3.58,3.49,3.51,13870049,63033088.00
2014/01/30,3.51,3.53,3.44,3.46,8412662,37851800.00
2014/02/07,3.43,3.46,3.39,3.44,7434680,32994448.00
2014/02/10,3.45,3.58,3.45,3.56,16195120,73681936.00
2014/02/11,3.55,3.63,3.52,3.60,16657463,76538792.00
2014/02/12,3.62,3.63,3.58,3.63,16456878,76239688.00
2014/02/13,3.62,3.62,3.54,3.54,16732295,76942032.00
2014/02/14,3.54,3.57,3.51,3.57,10031571,45769340.00
2014/02/17,3.60,3.63,3.56,3.60,18688957,86133120.00
2014/02/18,3.58,3.60,3.56,3.59,13306907,61168100.00
2014/02/19,3.57,3.68,3.56,3.65,19136816,89053720.00
2014/02/20,3.72,3.76,3.62,3.63,24841654,116965864.00
2014/02/21,3.61,3.62,3.52,3.55,15189774,69585488.00
2014/02/24,3.45,3.45,3.19,3.20,27242927,116828768.00
2014/02/25,3.20,3.25,3.11,3.15,18801998,79002120.00
2014/02/26,3.14,3.19,3.11,3.16,15156169,63042332.00
2014/02/27,3.16,3.17,3.07,3.08,18717658,77453736.00
2014/02/28,3.09,3.13,3.04,3.12,15482606,63544368.00
2014/03/03,3.09,3.11,3.05,3.08,16019744,65631892.00
2014/03/04,3.16,3.19,3.08,3.13,17204829,71247376.00
2014/03/05,3.12,3.12,3.06,3.07,12156453,49892704.00
2014/03/06,3.07,3.30,3.02,3.24,43021256,180115248.00
2014/03/07,3.20,3.24,3.10,3.13,22528829,94339208.00
2014/03/10,3.11,3.11,3.02,3.04,18515849,75531840.00
2014/03/11,3.05,3.14,3.02,3.11,14582382,59979968.00
2014/03/12,3.06,3.43,3.04,3.36,66896111,289627168.00
2014/03/13,3.37,3.62,3.32,3.54,63551881,285614496.00
2014/03/14,3.51,3.62,3.36,3.37,35874850,161075360.00
2014/03/17,3.44,3.66,3.41,3.63,35164406,161743248.00
2014/03/18,3.56,3.57,3.42,3.45,24876608,112095856.00
2014/03/19,3.42,3.62,3.35,3.58,25349303,114329728.00
2014/03/20,3.71,3.93,3.69,3.70,66125825,318502624.00
2014/03/21,3.67,3.98,3.66,3.92,73600388,360678784.00
2014/03/24,3.92,4.34,3.91,4.25,103481450,534677408.00
2014/03/25,4.24,4.41,4.11,4.24,71462044,377368448.00
2014/03/26,4.18,4.32,4.09,4.18,29319919,152290352.00
2014/03/27,4.21,4.39,3.99,4.06,51102007,266810512.00
2014/03/28,4.03,4.19,3.93,3.98,29605556,150867360.00
2014/03/31,4.03,4.12,3.73,3.88,43513334,214641344.00
2014/04/01,3.85,3.93,3.72,3.87,28809335,139523296.00
2014/04/02,3.91,4.36,3.86,4.36,103567557,546583680.00
2014/04/03,4.38,4.42,4.15,4.19,77780164,412996416.00
2014/04/04,4.17,4.38,4.13,4.26,47874702,253481264.00
2014/04/08,4.31,4.66,4.30,4.33,66567256,360405696.00
2014/04/09,4.28,4.35,4.17,4.25,39843676,210307920.00
2014/04/10,4.21,4.25,4.00,4.07,57929389,296293856.00
2014/04/11,4.10,4.13,4.03,4.12,37551293,191322672.00
2014/04/14,4.10,4.13,4.01,4.09,34481817,175505392.00
2014/04/15,4.06,4.07,3.87,3.90,43391431,214616032.00
2014/04/16,3.88,3.96,3.86,3.93,26673533,131480888.00
2014/04/17,3.93,3.94,3.79,3.83,20735420,101154720.00
2014/04/18,3.79,3.83,3.73,3.78,18786604,90260632.00
2014/04/21,3.72,3.82,3.66,3.68,27093574,129088336.00
2014/04/22,3.69,3.79,3.67,3.77,23296681,110670464.00
2014/04/23,3.74,3.85,3.72,3.84,22639367,109036728.00
2014/04/24,3.82,3.99,3.79,3.84,37051421,182609600.00
2014/04/25,3.87,4.14,3.79,3.90,65468237,327409792.00
2014/04/28,3.87,4.02,3.84,3.92,37379204,184987024.00
2014/04/29,3.88,3.90,3.66,3.80,31532611,150343584.00
2014/04/30,3.78,3.78,3.68,3.74,20903168,99187368.00
2014/05/05,3.70,3.70,3.43,3.54,41502204,189257376.00
2014/05/06,3.55,3.61,3.51,3.53,16241308,71321160.00
2014/05/07,3.52,3.55,3.47,3.50,12704471,55314904.00
2014/05/08,3.48,3.66,3.47,3.52,32916465,145562336.00
2014/05/09,3.52,3.55,3.38,3.42,21078680,90274192.00
2014/05/12,3.39,3.44,3.18,3.41,46987466,196819376.00
2014/05/13,3.41,3.56,3.41,3.53,34711989,150634544.00
2014/05/14,3.59,3.73,3.53,3.56,27198141,120630256.00
2014/05/15,3.52,3.53,3.36,3.39,23092271,98755672.00
2014/05/16,3.39,3.48,3.37,3.43,20563085,87854968.00
2014/05/19,3.41,3.42,3.31,3.35,12015369,50368680.00
2014/05/20,3.37,3.39,3.29,3.32,13004043,54291496.00
2014/05/21,3.31,3.55,3.30,3.53,32531635,139497392.00
2014/05/22,3.50,3.63,3.48,3.53,23130031,102168976.00
2014/05/23,3.51,3.66,3.50,3.63,25315135,112852736.00
2014/05/26,3.67,3.73,3.62,3.69,21696673,98154896.00
2014/05/27,3.67,3.75,3.65,3.69,14295214,64931328.00
2014/05/28,3.71,3.74,3.63,3.69,10406218,47017464.00
2014/05/29,3.68,3.74,3.64,3.65,14588802,66233032.00
2014/05/30,3.63,3.70,3.55,3.63,12605131,56089432.00
2014/06/03,3.63,3.65,3.54,3.55,8797265,38974020.00
2014/06/04,3.54,3.55,3.41,3.47,8732278,37591892.00
2014/06/05,3.45,3.54,3.45,3.53,7171594,31115588.00
2014/06/06,3.53,3.56,3.45,3.50,4935595,21413416.00
2014/06/09,3.48,3.74,3.45,3.58,13342736,59167808.00
2014/06/10,3.56,3.69,3.55,3.68,17000766,76100592.00
2014/06/11,3.66,3.73,3.61,3.68,12811183,57669388.00
2014/06/12,3.65,3.68,3.57,3.61,13268926,59186928.00
2014/06/13,3.60,3.64,3.56,3.59,15853880,70252736.00
2014/06/16,3.60,3.62,3.49,3.54,18389083,80440520.00
2014/06/17,3.51,3.53,3.47,3.48,10096687,43814628.00
2014/06/18,3.48,3.51,3.46,3.48,7505431,32464172.00
2014/06/19,3.46,3.48,3.35,3.37,8895440,37825348.00
2014/06/20,3.37,3.41,3.34,3.39,6822105,28793096.00
2014/06/23,3.40,3.44,3.37,3.39,5904605,25064156.00
2014/06/24,3.39,3.42,3.36,3.41,5398820,22868752.00
2014/06/25,3.41,3.42,3.36,3.39,8926556,37739356.00
2014/06/26,3.40,3.55,3.38,3.47,15102480,64935392.00
2014/06/27,3.46,3.52,3.44,3.47,9988736,43174480.00
2014/06/30,3.47,3.52,3.44,3.48,10995607,47594316.00
2014/07/01,3.49,3.50,3.42,3.47,16167326,69398968.00
2014/07/02,3.45,3.49,3.43,3.47,17053755,73315384.00
2014/07/03,3.46,3.51,3.44,3.50,15782417,68138328.00
2014/07/04,3.49,3.55,3.47,3.52,16449069,71698520.00
2014/07/07,3.51,3.63,3.49,3.59,28358642,125500216.00
2014/07/08,3.61,3.64,3.56,3.61,13893652,61759376.00
2014/07/09,3.63,3.63,3.50,3.51,12607268,55430136.00
2014/07/10,3.48,3.58,3.48,3.56,9274579,40571872.00
2014/07/11,3.55,3.67,3.54,3.61,26284481,117484224.00
2014/07/14,3.61,3.75,3.60,3.72,21731889,98562952.00
2014/07/15,3.71,3.74,3.67,3.71,15092926,68526096.00
2014/07/16,3.70,3.81,3.70,3.74,25297094,116565328.00
2014/07/17,3.74,3.93,3.71,3.86,39836334,186721408.00
2014/07/18,3.83,4.33,3.81,4.15,75593952,373720448.00
2014/07/21,4.26,4.30,4.05,4.10,45532970,228674528.00
2014/07/22,4.06,4.30,4.02,4.23,37722969,189776128.00
2014/07/23,4.25,4.34,4.15,4.24,31258509,158580848.00
2014/07/24,4.24,4.75,4.24,4.60,106573891,581220032.00
2014/07/25,4.53,4.56,4.36,4.49,52906643,279977952.00
2014/07/28,4.56,4.65,4.49,4.56,56597175,305813696.00
2014/07/29,4.53,4.61,4.43,4.51,40594584,216721216.00
2014/07/30,4.48,4.49,4.25,4.31,44793517,231701120.00
2014/07/31,4.31,4.45,4.31,4.43,27616649,144284400.00
2014/08/01,4.40,4.55,4.31,4.42,35394164,185676336.00
2014/08/04,4.44,4.61,4.34,4.55,46185298,245774944.00
2014/08/05,4.57,4.64,4.46,4.53,35125587,188981424.00
2014/08/06,4.51,4.52,4.37,4.43,27347664,144183296.00
2014/08/07,4.43,4.50,4.35,4.37,23555997,123998080.00
2014/08/08,4.37,4.42,4.33,4.37,13507346,70331560.00
2014/08/11,4.40,4.47,4.37,4.44,20340301,107266176.00
2014/08/12,4.43,4.47,4.36,4.44,26448472,139069856.00
2014/08/13,4.48,4.52,4.37,4.46,30994168,163514480.00
2014/08/14,4.46,4.53,4.36,4.38,35983665,190455088.00
2014/08/15,4.38,4.45,4.34,4.38,27475376,143672032.00
2014/08/18,4.39,4.43,4.36,4.40,26167715,137042672.00
2014/08/19,4.41,4.43,4.31,4.37,25944884,134818784.00
2014/08/20,4.36,4.39,4.32,4.35,16322049,84795688.00
2014/08/21,4.34,4.43,4.27,4.42,33658501,175076368.00
2014/08/22,4.39,4.46,4.36,4.43,25871490,135969248.00
2014/08/25,4.41,4.45,4.32,4.42,23892605,124888392.00
2014/08/26,4.41,4.43,4.30,4.39,17612620,91797784.00
2014/08/27,4.36,4.39,4.34,4.39,10583300,55086836.00
2014/08/28,4.38,4.39,4.26,4.27,13542308,69933992.00
2014/08/29,4.25,4.30,4.21,4.28,18462553,94033176.00
2014/09/01,4.28,4.41,4.24,4.33,17032996,88004200.00
2014/09/02,4.33,4.40,4.33,4.38,15920897,82909872.00
2014/09/03,4.37,4.48,4.37,4.44,29839968,157530160.00
2014/09/04,4.48,4.53,4.46,4.50,29975906,159861664.00
2014/09/05,4.48,4.52,4.42,4.48,24664349,130887688.00
2014/09/09,4.49,4.50,4.37,4.40,26645659,140083360.00
2014/09/10,4.39,4.39,4.32,4.37,21949645,113873736.00
2014/09/11,4.36,4.42,4.31,4.33,25691348,133520704.00
2014/09/12,4.34,4.36,4.30,4.35,18268157,94485056.00
2014/09/15,4.34,4.37,4.31,4.34,19537568,101263560.00
2014/09/16,4.35,4.56,4.34,4.42,71086492,376865120.00
2014/09/17,4.44,4.80,4.39,4.75,95609673,523385568.00
2014/09/18,4.74,4.74,4.58,4.65,48055854,263514816.00
2014/09/19,4.66,4.67,4.53,4.60,29657301,161157248.00
2014/09/22,4.61,4.61,4.38,4.43,30667945,163343488.00
2014/09/23,4.46,4.57,4.46,4.51,27184690,145614976.00
2014/09/24,4.49,4.55,4.42,4.55,27752375,148149888.00
2014/09/25,4.55,4.60,4.47,4.55,24100062,129659088.00
2014/09/26,4.51,4.55,4.48,4.52,16125550,86453008.00
2014/09/29,4.52,4.59,4.52,4.58,21574745,116311480.00
2014/09/30,4.66,4.77,4.64,4.67,44125006,244196336.00
2014/10/08,4.88,4.96,4.71,4.75,57127414,321677440.00
2014/10/09,4.79,4.79,4.65,4.72,27341394,151804848.00
2014/10/10,4.76,4.99,4.75,4.95,73979174,423566272.00
2014/10/13,4.91,5.10,4.86,5.04,50207426,292862208.00
2014/10/14,5.05,5.07,4.90,4.94,36225097,210296512.00
2014/10/15,4.97,5.01,4.79,4.94,29532927,169783248.00
2014/10/16,4.87,4.93,4.76,4.78,24777592,141232000.00
2014/10/17,4.78,4.81,4.64,4.73,24426910,135860384.00
2014/10/20,4.74,4.81,4.70,4.78,15102356,84699312.00
2014/10/21,4.79,4.79,4.66,4.67,14944706,83011376.00
2014/10/22,4.67,4.73,4.61,4.62,13419081,73951208.00
2014/10/23,4.61,4.66,4.52,4.54,13887919,75263600.00
2014/10/24,4.54,4.59,4.52,4.56,10274152,55496352.00
2014/10/27,4.56,4.59,4.46,4.47,17158237,91864184.00
2014/10/28,4.49,4.65,4.48,4.65,22956139,124553216.00
2014/10/29,4.65,4.77,4.59,4.76,29923806,165646352.00
2014/10/30,4.76,4.78,4.67,4.74,25941692,144352928.00
2014/10/31,4.74,4.98,4.74,4.94,54319876,311402816.00
2014/11/03,4.96,5.04,4.88,4.93,37332924,216177536.00
2014/11/04,4.92,5.07,4.87,5.01,46518504,271067520.00
2014/11/05,5.02,5.03,4.87,4.88,23655367,136807040.00
2014/11/06,4.88,5.02,4.88,4.92,27376370,158634560.00
2014/11/07,4.96,5.06,4.82,4.92,46298126,269421312.00
2014/11/10,4.96,5.09,4.90,5.07,42137958,246981200.00
2014/11/11,5.10,5.20,4.97,5.15,71547333,425417120.00
2014/11/12,5.07,5.31,5.03,5.30,57102602,345493792.00
2014/11/13,5.34,5.34,5.14,5.17,42274965,256141072.00
2014/11/14,5.13,5.31,5.07,5.19,44587927,269917824.00
2014/11/17,5.24,5.31,5.08,5.10,41898471,252949568.00
2014/11/18,5.08,5.11,4.98,5.02,24301699,142765200.00
2014/11/19,4.98,5.07,4.97,5.02,14816378,86713648.00
2014/11/20,5.01,5.06,4.97,4.99,12842450,75176224.00
2014/11/21,5.00,5.08,4.97,5.06,30191101,176772864.00
2014/11/24,5.58,5.65,5.46,5.65,173084920,1119102720.00
2014/11/25,5.86,6.05,5.71,5.95,149956378,1008510912.00
2014/11/26,5.96,6.18,5.79,6.16,82488279,559036032.00
2014/11/27,6.04,6.18,5.89,6.01,75586763,520904544.00
2014/11/28,6.02,6.61,5.93,6.48,123656592,873241280.00
2014/12/01,6.54,6.57,6.12,6.18,113400486,808617216.00
2014/12/02,6.16,6.41,5.99,6.31,107754723,757230272.00
2014/12/03,6.33,6.93,6.19,6.38,118187279,878159424.00
2014/12/04,6.35,6.84,6.31,6.78,88952376,657555136.00
2014/12/05,6.81,6.85,6.18,6.41,94959716,696813312.00
2014/12/08,6.32,6.90,6.17,6.82,103540451,770233024.00
2014/12/09,6.72,7.34,6.05,6.25,177807345,1353973632.00
2014/12/10,6.32,6.57,6.16,6.53,74052482,534903136.00
2014/12/11,6.52,6.92,6.42,6.74,89347946,675680256.00
2014/12/12,6.71,6.81,6.47,6.55,65769260,490703904.00
2014/12/15,6.46,6.46,6.27,6.45,53751721,387003136.00
2014/12/16,6.44,6.79,6.37,6.76,71313288,529903520.00
2014/12/17,6.79,7.21,6.71,7.18,126910739,995231104.00
2014/12/18,7.31,7.39,7.06,7.15,79196370,639342016.00
2014/12/19,7.09,7.17,6.66,7.00,60336156,471264192.00
2014/12/22,7.03,7.36,6.77,7.09,71453498,571583296.00
2014/12/23,7.04,7.33,6.67,6.84,55598394,437515008.00
2014/12/24,6.74,6.84,6.33,6.45,57621776,425768928.00
2014/12/25,6.49,6.73,6.43,6.72,41286274,307930336.00
2014/12/26,6.78,7.03,6.74,6.96,63143061,490684800.00
2014/12/29,7.16,7.74,7.06,7.74,139518063,1172054784.00
2014/12/30,7.86,8.60,7.67,8.32,181873375,1659855488.00
2014/12/31,8.06,9.24,8.05,9.24,149848205,1424327040.00
2015/01/05,9.74,10.25,9.47,10.25,188180414,2045662464.00
2015/01/06,10.01,10.25,9.26,9.66,146879878,1541606784.00
2015/01/07,9.47,9.73,9.25,9.53,95143762,982177408.00
2015/01/08,9.49,9.58,8.86,9.13,100567836,1003420032.00
2015/01/09,9.09,9.59,8.98,9.04,113135277,1148121472.00
2015/01/12,8.76,8.81,8.33,8.51,82121967,771780480.00
2015/01/13,8.47,8.80,8.40,8.45,65143488,612680320.00
2015/01/14,8.48,8.98,8.48,8.74,78159403,752379776.00
2015/01/15,8.80,9.70,8.63,9.70,106710704,1082151040.00
2015/01/16,9.76,10.03,9.44,9.86,119976028,1273657216.00
2015/01/19,9.17,9.63,8.79,8.79,93206734,926475008.00
2015/01/20,8.79,9.75,8.74,9.75,117613908,1191217408.00
2015/01/21,9.86,10.81,9.57,10.49,194230609,2204774400.00
2015/01/22,10.36,10.81,10.22,10.62,120612865,1361614336.00
2015/01/23,10.61,10.67,10.16,10.35,89648700,1011542592.00
2015/01/26,10.51,10.69,10.04,10.49,73562555,827796736.00
2015/01/27,10.41,10.50,9.43,9.82,100653674,1082408448.00
2015/01/28,9.66,9.99,9.40,9.72,65934837,691863104.00
2015/01/29,9.53,9.90,9.48,9.60,48808570,513210080.00
2015/01/30,9.72,10.50,9.57,10.12,121462349,1324425472.00
2015/02/02,9.71,10.13,9.53,9.57,80912705,859185536.00
2015/02/03,9.68,9.74,8.56,9.29,135602421,1339361280.00
2015/02/04,9.10,9.61,8.91,9.15,77491485,780387200.00
2015/02/05,9.66,9.76,8.98,9.02,110182688,1129851648.00
2015/02/06,8.85,8.85,8.33,8.46,79244542,743063296.00
2015/02/09,8.32,8.71,8.08,8.50,53289783,493037824.00
2015/02/10,8.48,8.97,8.37,8.96,60615997,584704192.00
2015/02/11,9.06,9.11,8.81,8.90,42389877,415282464.00
2015/02/12,8.86,9.03,8.72,8.89,33639906,326673632.00
2015/02/13,8.97,9.81,8.82,9.40,93278150,951451008.00
2015/02/16,9.31,9.40,9.09,9.23,55338583,555370496.00
2015/02/17,9.23,9.41,9.17,9.29,40664100,411683424.00
2015/02/25,9.26,9.26,8.87,8.93,43529067,427599520.00
2015/02/26,8.88,9.54,8.86,9.52,72172414,728433088.00
2015/02/27,9.43,9.51,9.27,9.37,48995501,501363264.00
2015/03/02,9.76,9.77,9.24,9.39,103999992,1074595072.00
2015/03/03,9.29,9.29,8.89,8.95,66929528,661847936.00
2015/03/04,8.87,9.12,8.69,8.98,47027170,457897984.00
2015/03/05,8.90,8.90,8.53,8.66,54365811,518573120.00
2015/03/06,8.69,8.84,8.64,8.70,35257972,337604864.00
2015/03/09,8.62,8.98,8.37,8.97,53575544,512977152.00
2015/03/10,8.91,8.91,8.76,8.81,35184976,339949344.00
2015/03/11,8.75,8.94,8.68,8.78,38427969,370850240.00
2015/03/12,8.82,9.25,8.74,9.21,76280111,752628352.00
2015/03/13,9.25,9.44,9.12,9.21,69404377,698583872.00
2015/03/16,9.31,9.43,9.20,9.35,81812188,831243776.00
2015/03/17,9.40,9.76,9.39,9.62,106794482,1113965568.00
2015/03/18,9.61,10.25,9.57,10.05,109510089,1187817984.00
2015/03/19,10.01,10.01,9.66,9.78,76473501,811546176.00
2015/03/20,9.81,10.31,9.63,10.07,110420133,1192024960.00
2015/03/23,10.28,10.58,10.04,10.19,112047723,1244379136.00
2015/03/24,10.22,10.23,9.61,9.89,98521813,1053083840.00
2015/03/25,9.84,9.88,9.49,9.64,62644869,658932672.00
2015/03/26,9.56,10.31,9.47,10.26,91338308,982115968.00
2015/03/27,10.39,10.66,10.08,10.60,133454722,1503738880.00
2015/03/30,10.73,11.74,10.37,11.58,176048745,2093483904.00
2015/03/31,11.96,12.12,10.96,11.09,182536037,2272772096.00
2015/04/01,11.10,11.10,10.71,10.98,99049957,1161807872.00
2015/04/02,10.98,11.04,10.67,10.92,80907218,945124032.00
2015/04/03,10.76,11.00,10.72,10.96,68018800,796939840.00
2015/04/07,10.99,11.29,10.88,11.25,92799455,1103040896.00
2015/04/08,11.27,11.34,10.80,11.12,96624991,1153358080.00
2015/04/09,11.02,12.04,10.73,11.88,158537593,1932016512.00
2015/04/10,11.56,11.68,11.34,11.57,96748757,1194627328.00
2015/04/13,11.58,11.77,11.33,11.56,96702248,1196949760.00
2015/04/14,11.51,11.56,11.25,11.29,73660584,898723968.00
2015/04/15,11.28,11.28,10.83,10.89,59277545,704359552.00
2015/04/16,10.81,11.15,10.62,11.11,51893803,612694144.00
2015/04/17,11.17,11.79,11.00,11.54,117883004,1440906880.00
2015/04/20,11.58,11.81,11.08,11.19,123079467,1526012672.00
2015/04/21,11.16,11.66,11.01,11.62,68197239,827939136.00
2015/04/22,11.68,12.28,11.66,12.04,131430731,1686653824.00
2015/04/23,12.45,12.71,11.97,12.30,125449820,1649694464.00
2015/04/24,11.98,12.12,11.65,11.78,82605240,1049921856.00
2015/04/27,11.91,12.11,11.68,12.00,75362853,962925888.00
2015/04/28,12.09,12.93,12.09,12.36,161386102,2152424704.00
2015/04/29,12.16,12.81,11.78,12.52,109128271,1432858624.00
2015/04/30,12.66,13.86,12.66,13.76,210634978,3019020032.00
2015/05/04,14.08,15.06,13.91,14.10,244242024,3736541184.00
2015/05/05,13.89,14.20,12.61,12.94,147231706,2089034624.00
2015/05/06,12.97,13.36,12.18,12.40,107227752,1470100352.00
2015/05/07,12.21,12.63,11.81,12.61,80882019,1055833280.00
2015/05/08,12.73,13.03,12.37,12.98,77445779,1043567616.00
2015/05/11,13.36,13.64,13.11,13.28,132182659,1872881408.00
2015/05/12,13.14,13.24,12.85,13.16,97127908,1350265216.00
2015/06/03,14.54,14.54,14.54,14.54,2982674,45157684.00
2015/06/04,14.90,14.90,13.08,14.00,142694503,2070860672.00
2015/06/05,14.15,14.65,13.74,14.56,159718616,2353713152.00
2015/06/08,14.47,14.54,13.90,14.31,112535792,1674692992.00
2015/06/09,14.41,14.87,14.26,14.44,102458600,1548551424.00
2015/06/10,14.20,14.65,13.99,14.30,96731675,1445334016.00
2015/06/11,14.30,15.34,14.12,15.15,138889700,2132185600.00
2015/06/12,15.08,15.60,14.71,15.28,115990118,1823144448.00
2015/06/15,15.99,16.87,15.80,16.87,134958590,2330825984.00
2015/06/16,16.68,18.20,16.41,16.67,204463914,3646639360.00
2015/06/17,16.66,16.66,15.30,16.48,123533546,2061798784.00
2015/06/18,16.42,17.72,16.21,16.45,121075867,2127850112.00
2015/06/19,15.90,17.39,15.40,15.96,124769224,2133534592.00
2015/06/23,16.45,17.62,16.15,17.62,137921012,2417604608.00
2015/06/24,18.50,19.26,17.69,18.09,200789003,3794461440.00
2015/06/25,17.90,19.96,17.81,19.35,234195372,4639053824.00
2015/06/26,18.70,20.62,17.36,18.29,276771953,5503549440.00
2015/06/29,19.33,20.18,17.79,20.18,322483632,6514269184.00
2015/06/30,19.90,19.90,18.10,18.69,298894801,5761058304.00
2015/07/01,17.40,18.80,16.76,16.76,187911230,3422983936.00
2015/07/02,15.66,16.28,15.02,15.02,111556516,1763286144.00
2015/07/03,13.46,14.42,13.46,13.46,103480981,1466171904.00
2015/07/06,14.40,14.87,12.05,14.84,297381418,4219909120.00
2015/07/07,13.46,14.78,13.30,13.30,99285377,1425837440.00
2015/07/10,13.65,14.69,13.65,14.69,98614274,1493737984.00
2015/07/13,15.98,16.22,15.15,16.22,170815886,2825923584.00
2015/07/14,15.41,17.70,15.40,16.67,210263089,3635005184.00
2015/07/15,16.28,17.66,15.40,15.43,190842765,3313938688.00
2015/07/16,14.43,16.38,13.86,15.50,130481488,2071757184.00
2015/07/17,15.70,16.82,15.50,16.52,126130167,2118089856.00
2015/07/20,16.50,17.15,15.98,16.65,138970760,2391699200.00
2015/07/21,16.20,17.10,16.01,16.52,112713729,1943353216.00
2015/07/22,16.50,16.65,15.38,15.98,121594480,2018209792.00
2015/07/23,15.82,16.39,15.53,16.09,101181206,1683491200.00
2015/07/24,16.10,17.76,15.91,17.21,179773966,3189340672.00
2015/07/27,17.18,18.99,15.60,15.89,255758752,4727769600.00
2015/07/28,14.93,17.32,14.24,16.73,194906805,3156720640.00
2015/07/29,16.95,18.46,16.73,18.46,197327933,3592855040.00
2015/07/30,18.89,18.95,17.20,17.34,204935240,3853099264.00
2015/07/31,17.01,18.40,16.70,17.75,145910143,2646000384.00
2015/08/03,17.40,18.56,15.92,15.92,164213393,2937006080.00
2015/08/04,15.85,17.40,15.10,17.23,116164284,1960666240.00
2015/08/05,17.00,17.23,16.07,16.30,103131584,1770178304.00
2015/08/06,15.58,16.00,15.31,15.45,79269385,1283611648.00
2015/08/07,15.67,16.07,15.48,15.83,65909583,1080142848.00
2015/08/10,16.01,17.01,15.71,16.85,97423061,1662561408.00
2015/08/11,16.83,16.89,16.13,16.35,97168385,1661241088.00
2015/08/12,15.90,16.18,15.48,15.57,83944969,1371179520.00
2015/08/13,15.55,16.40,15.40,16.29,69849767,1153387648.00
2015/08/14,16.65,16.78,16.12,16.40,92424039,1579299072.00
2015/08/17,16.07,16.36,15.62,16.10,66050336,1092992000.00
2015/08/18,16.08,17.09,14.50,14.84,112183683,1876481792.00
2015/08/19,14.40,15.09,13.34,14.87,88147995,1310143104.00
2015/08/20,14.47,14.52,13.45,13.59,62131099,910611968.00
2015/08/21,13.38,13.90,12.18,12.24,61594420,830801216.00
2015/08/24,11.39,11.67,10.96,10.96,46478955,541185024.00
2015/08/25,9.80,10.09,9.80,9.80,102382165,1066110144.00
2015/08/26,10.20,10.76,9.42,9.75,93124705,994213696.00
2015/08/27,10.07,10.30,9.41,10.21,59451650,626369792.00
2015/08/28,10.35,11.08,10.13,10.83,90690547,1010689152.00
2015/08/31,10.70,10.70,9.95,10.06,56703999,615733696.00
2015/09/01,10.12,10.58,9.53,9.59,70394953,752769472.00
2015/09/02,8.90,9.67,8.57,8.57,75863470,720028032.00
2015/09/07,8.83,9.18,8.58,8.72,48177750,457515488.00
2015/09/08,8.61,9.25,8.45,9.21,44465800,420277696.00
2015/09/09,9.25,9.67,9.14,9.54,59812050,603447552.00
2015/09/10,9.38,9.86,9.29,9.52,50902514,519937088.00
2015/09/11,9.51,9.62,9.30,9.52,36573200,368131072.00
2015/09/14,9.83,9.90,8.58,9.06,61697441,608898176.00
2015/09/15,8.70,8.86,8.09,8.11,42190907,380138752.00
2015/09/16,8.13,8.98,7.96,8.98,44567628,404779840.00
2015/09/17,8.91,9.16,8.40,8.47,46072029,436029248.00
2015/09/18,8.55,8.69,8.39,8.49,24957765,227568688.00
2015/09/21,8.40,9.22,8.27,8.99,40821282,385355200.00
2015/09/22,8.98,9.26,8.80,9.05,48348762,466206048.00
2015/09/23,8.85,8.90,8.58,8.60,31453734,293798240.00
2015/09/24,8.67,9.03,8.67,8.90,38062245,361498432.00
2015/09/25,8.87,8.91,8.47,8.60,24578700,227860800.00
2015/09/28,8.62,8.97,8.50,8.80,21345552,200663728.00
2015/09/29,8.67,8.75,8.43,8.53,17173766,157836608.00
2015/09/30,8.62,8.85,8.50,8.66,20557095,190572576.00
2015/10/08,9.03,9.13,8.80,8.98,31107852,298552960.00
2015/10/09,9.02,9.31,8.82,9.17,33987443,329032128.00
2015/10/12,9.60,10.15,9.49,10.15,64141030,677115648.00
2015/10/13,10.15,10.35,10.00,10.26,82356965,888874560.00
2015/10/14,10.10,10.27,9.89,10.07,46275040,492768352.00
2015/10/15,10.27,10.50,10.03,10.44,63041787,684908736.00
2015/10/16,10.40,11.16,10.31,10.82,91468538,1035297344.00
2015/10/19,10.95,11.38,10.55,10.72,76802514,889058368.00
2015/10/20,10.70,10.83,10.43,10.75,54895707,615832576.00
2015/10/21,10.80,11.85,10.20,10.44,115887361,1341960704.00
2015/10/22,10.40,11.54,10.40,11.54,119296047,1395955968.00
2015/10/23,11.80,12.21,11.40,11.91,116359426,1457957888.00
2015/10/26,12.31,12.35,11.44,11.65,97244961,1202615168.00
2015/10/27,11.46,12.06,10.89,11.63,77607647,937912960.00
2015/10/28,11.32,11.70,10.92,10.99,59626109,708369728.00
2015/10/29,11.16,11.48,11.16,11.25,41920046,500109408.00
2015/10/30,11.25,11.52,11.10,11.25,41770679,499873216.00
2015/11/02,10.90,11.30,10.76,10.90,37557945,438018816.00
2015/11/03,10.95,11.11,10.72,10.94,31090405,358609440.00
2015/11/04,11.15,11.83,11.12,11.77,66165961,803580032.00
2015/11/05,11.80,12.23,11.52,11.92,84436520,1050536064.00
2015/11/06,11.90,12.08,11.73,11.98,72066628,901728704.00
2015/11/09,11.81,12.34,11.68,12.03,84791269,1071310464.00
2015/11/10,12.08,12.27,11.72,11.90,63881607,801506048.00
2015/11/11,11.96,12.14,11.88,11.95,53831393,677288896.00
2015/11/12,11.99,12.00,11.45,11.63,53914629,661136256.00
2015/11/13,11.43,11.70,11.23,11.51,43476419,522331552.00
2015/11/16,11.16,11.57,11.10,11.54,32682252,390921920.00
2015/11/17,11.69,12.07,11.59,11.61,53189475,660341312.00
2015/11/18,11.54,12.82,11.47,12.11,109954374,1414152064.00
2015/11/19,12.08,12.21,11.81,12.17,53314551,670643840.00
2015/11/20,12.20,12.55,11.99,12.18,51544997,664453184.00
2015/11/23,12.10,12.38,11.85,11.94,39427014,500529408.00
2015/11/24,11.85,11.97,11.59,11.84,28286413,349201824.00
2015/11/25,11.83,11.95,11.73,11.91,31196434,388174848.00
2015/11/26,12.41,12.58,11.96,12.01,50620482,649743232.00
2015/11/27,12.01,12.01,10.90,11.07,40403414,489239648.00
2015/11/30,11.26,11.46,10.88,11.31,31352235,370263872.00
2015/12/01,11.21,12.50,11.16,12.32,108437733,1386453632.00
2015/12/02,12.02,12.94,11.78,12.69,129931681,1695280640.00
2015/12/03,12.75,13.26,12.42,12.86,96022585,1289804800.00
2015/12/04,12.56,12.70,12.25,12.30,65983921,858991104.00
2015/12/07,12.30,12.35,12.00,12.15,36070835,458610080.00
2015/12/08,12.10,12.10,11.59,11.61,44207725,545171904.00
2015/12/09,11.67,11.96,11.58,11.84,40833733,505995200.00
2015/12/10,11.78,11.99,11.43,11.46,35357434,434655392.00
2015/12/11,11.41,11.63,11.34,11.55,19406042,234510176.00
2015/12/14,11.40,11.90,11.36,11.85,25578468,314350848.00
2015/12/15,11.98,12.42,11.91,11.99,40370241,514414496.00
2015/12/16,12.09,12.20,11.80,11.86,25368606,319211936.00
2015/12/17,11.95,13.10,11.93,12.70,100430894,1330850816.00
2015/12/18,12.56,13.07,12.43,12.64,80443340,1072074368.00
2015/12/21,12.45,13.16,12.40,12.88,68797523,926496384.00
2015/12/22,12.96,13.15,12.65,12.94,49589879,667808960.00
2015/12/23,12.99,13.37,12.83,12.93,57508120,788139712.00
2015/12/24,12.90,12.90,12.26,12.41,41724899,544778112.00
2015/12/25,12.42,12.66,12.30,12.54,24711700,323103648.00
2015/12/28,12.54,12.55,11.92,11.97,38310161,490670336.00
2015/12/29,11.96,12.09,11.80,12.06,21197336,266379344.00
2015/12/30,12.05,12.10,11.84,12.08,23459945,295246432.00
2015/12/31,12.13,12.14,11.85,11.90,22852856,287368768.00
2016/01/04,11.86,11.92,10.65,10.65,27247235,323949184.00
2016/01/05,10.21,10.83,9.86,10.41,36732959,405458752.00
2016/01/06,10.44,10.71,10.40,10.69,26090727,291559744.00
2016/01/07,10.50,10.50,9.56,9.56,7878700,82652816.00
2016/01/08,9.85,10.05,9.00,9.81,26842994,278388192.00
2016/01/11,9.73,9.80,8.90,9.01,32380704,324993184.00
2016/01/12,9.16,9.54,8.95,9.23,25319627,250336752.00
2016/01/13,9.34,9.51,9.11,9.13,16299682,161410512.00
2016/01/14,8.86,9.39,8.73,9.35,23869392,231920976.00
2016/01/15,9.40,9.44,8.67,8.83,24206669,234303936.00
2016/01/18,8.65,9.05,8.56,8.80,18771848,176282016.00
2016/01/19,8.83,9.47,8.71,9.36,31307321,304518784.00
2016/01/20,9.23,9.35,9.03,9.10,22985098,224777216.00
2016/01/21,8.98,9.24,8.62,8.66,21376050,205179488.00
2016/01/22,8.87,8.96,8.58,8.88,20507283,192752320.00
2016/01/25,8.97,9.14,8.88,8.98,17398083,167212640.00
2016/01/26,8.89,8.92,8.02,8.15,24941178,226379360.00
2016/01/27,8.17,8.25,7.77,8.21,23606466,205246112.00
2016/01/28,8.10,8.29,7.71,7.73,23133230,200289120.00
2016/01/29,7.74,8.20,7.74,8.07,20218443,174194736.00
2016/02/01,8.07,8.14,7.93,8.13,14836313,128228600.00
2016/02/02,8.15,8.60,8.10,8.45,19499459,175498816.00
2016/02/03,8.47,8.68,8.33,8.47,24209029,220377328.00
2016/02/04,8.52,8.67,8.40,8.55,20432741,186722240.00
2016/02/05,8.54,8.57,8.37,8.40,10311236,93469480.00
2016/02/15,8.11,8.35,8.05,8.30,9593491,84722944.00
2016/02/16,8.38,8.76,8.36,8.67,18223783,167258208.00
2016/02/17,8.63,8.75,8.52,8.72,17207221,159331520.00
2016/02/18,8.85,8.98,8.55,8.59,26058861,243726304.00
2016/02/19,8.57,8.67,8.45,8.60,19804388,181737408.00
2016/02/22,8.79,9.03,8.79,9.01,35819309,340927616.00
2016/02/23,8.97,9.01,8.72,8.82,20390735,193147296.00
2016/02/24,8.83,9.27,8.80,9.21,32644038,315950496.00
2016/02/25,9.25,9.27,8.23,8.30,34690634,323830080.00
2016/02/26,8.51,8.76,8.38,8.64,24748245,227083056.00
2016/02/29,8.90,9.36,8.70,9.01,61119287,583670976.00
2016/03/01,9.05,9.83,8.76,9.53,71997465,722610560.00
2016/03/02,9.50,10.54,9.42,10.54,95043615,1026402688.00
2016/03/03,10.61,11.09,10.08,10.17,110946156,1241132800.00
2016/03/04,10.05,10.56,9.93,10.06,61882056,668540224.00
2016/03/07,10.21,10.33,9.86,10.08,40089330,427560608.00
2016/03/08,10.06,10.14,9.38,9.82,41153223,420269728.00
2016/03/09,9.54,9.54,9.20,9.50,34607176,345443104.00
2016/03/10,9.57,9.65,9.24,9.27,24226962,243569984.00
2016/03/11,9.17,9.27,9.00,9.18,18625747,180786320.00
2016/03/14,9.32,9.64,9.31,9.46,28497535,288464992.00
2016/03/15,9.41,9.44,9.18,9.38,21455505,212308144.00
2016/03/16,9.32,9.55,9.32,9.44,24642313,248167808.00
2016/03/17,9.50,9.64,9.35,9.62,39188140,396232736.00
2016/03/18,9.62,9.90,9.58,9.87,36865000,383199744.00
2016/03/21,9.87,10.18,9.87,10.01,41468500,439901312.00
2016/03/22,9.91,9.94,9.73,9.77,22016623,229791616.00
2016/03/23,9.73,9.89,9.64,9.79,18249228,189074208.00
2016/03/24,9.70,10.07,9.53,9.78,33547962,350113120.00
2016/03/25,9.72,9.90,9.63,9.77,18174730,188117616.00
2016/03/28,9.78,9.78,9.35,9.39,28873087,293034272.00
2016/03/29,9.44,9.45,9.12,9.28,19313045,190342944.00
2016/03/30,9.35,9.60,9.32,9.58,18188833,182901152.00
2016/03/31,9.60,9.62,9.41,9.46,14757433,148970624.00
2016/04/01,9.47,9.50,9.30,9.49,15181564,151699744.00
2016/04/05,9.51,9.78,9.47,9.74,19750657,202663264.00
2016/04/06,9.74,9.83,9.61,9.71,14092412,145272992.00
2016/04/07,9.81,9.89,9.62,9.70,22357129,231425136.00
2016/04/08,9.74,9.98,9.65,9.77,23563737,245665376.00
2016/04/11,9.83,10.10,9.78,10.02,29306204,309558944.00
2016/04/12,10.02,10.04,9.81,9.93,14526474,152405584.00
2016/04/13,9.93,10.22,9.93,9.99,30718410,328822816.00
2016/04/14,10.08,10.21,10.05,10.12,19577147,209902432.00
2016/04/15,10.13,10.38,10.01,10.31,23074321,248633072.00
2016/04/18,10.17,10.20,9.94,9.98,16646127,176754352.00
2016/04/19,10.09,10.15,9.99,10.09,16936969,180709296.00
2016/04/20,10.10,10.22,9.50,9.84,26463022,276919808.00
2016/04/21,9.77,9.83,9.58,9.59,12446379,128593256.00
2016/04/22,9.52,9.85,9.45,9.83,13015826,133616768.00
2016/04/25,9.76,10.13,9.73,10.07,15475550,163788672.00
2016/04/26,10.06,10.34,10.00,10.29,20260742,218908432.00
2016/04/27,10.18,10.34,10.09,10.27,23865674,259008912.00
2016/04/28,10.29,10.29,9.85,10.13,17300070,184045536.00
2016/04/29,9.90,9.96,9.72,9.78,22168264,231504992.00
2016/05/03,9.80,9.98,9.80,9.96,22780612,239431952.00
2016/05/04,9.92,10.04,9.87,9.94,15455073,163130304.00
2016/05/05,9.95,10.15,9.85,10.06,19313468,204920672.00
2016/05/06,10.13,10.18,9.70,9.72,19275134,202697840.00
2016/05/09,9.64,9.72,9.29,9.36,17019433,171144928.00
2016/05/10,9.46,9.60,9.39,9.50,9468438,95590896.00
2016/05/11,9.54,9.64,9.46,9.52,9474483,96223600.00
2016/05/12,9.45,9.50,9.32,9.47,8740945,87489224.00
2016/05/13,9.41,9.56,9.32,9.40,6247379,62740800.00
2016/05/16,9.36,9.48,9.34,9.48,6263544,62729216.00
2016/05/17,9.50,9.55,9.36,9.42,6125060,61468244.00
2016/05/18,9.39,9.41,9.02,9.26,12041961,118355000.00
2016/05/19,9.26,9.35,9.19,9.21,6033528,59525008.00
2016/05/20,9.19,9.26,9.12,9.23,4885721,47928232.00
2016/05/23,9.25,9.36,9.22,9.33,7133294,70666712.00
2016/05/24,9.29,9.33,9.14,9.20,6377501,62560240.00
2016/05/25,9.25,9.28,9.08,9.08,7915562,77322672.00
2016/05/26,9.13,9.16,8.96,9.12,7653437,73721208.00
2016/05/27,9.10,9.46,9.10,9.34,14047014,139268512.00
2016/05/30,9.40,9.44,9.25,9.42,12004108,119520896.00
2016/05/31,9.41,9.72,9.40,9.69,20275446,207229088.00
2016/06/01,9.68,9.81,9.62,9.64,14432076,148723184.00
2016/06/02,9.96,10.21,9.96,10.01,29442313,314374080.00
2016/06/03,10.03,10.08,9.96,10.03,17753501,188671056.00
2016/06/06,9.91,10.21,9.91,10.08,15318793,164066768.00
2016/06/07,10.10,10.15,10.00,10.06,9246396,98635144.00
2016/06/08,10.07,10.36,10.03,10.25,26163833,283099008.00
2016/06/13,10.15,10.34,9.82,9.86,21191514,227184000.00
2016/06/14,9.98,9.98,9.75,9.86,12394694,129559768.00
2016/06/15,9.79,10.18,9.75,10.09,23143292,244738880.00
2016/06/16,10.05,10.34,10.02,10.23,31723741,342569952.00
2016/06/17,10.31,10.76,10.30,10.61,29576270,329660192.00
2016/06/20,10.70,10.82,10.38,10.70,29688483,332396480.00
2016/06/21,10.70,11.30,10.54,11.25,96359459,1123889280.00
2016/06/22,11.07,11.15,10.88,10.95,23106829,267547024.00
2016/06/23,10.90,11.01,10.50,10.58,29758365,336702464.00
2016/06/24,10.60,10.71,10.14,10.33,32708387,361530944.00
2016/06/27,10.30,10.52,10.27,10.50,15024627,165604080.00
2016/06/28,10.40,10.57,10.29,10.50,14559274,160403632.00
2016/06/29,10.50,10.69,10.42,10.56,14064694,156600976.00
2016/06/30,10.65,10.70,10.45,10.52,14157745,157501152.00
2016/07/01,10.53,10.56,10.40,10.45,13007086,143858464.00
2016/07/04,10.38,10.74,10.35,10.67,19492031,218862864.00
2016/07/05,10.67,10.72,10.58,10.65,13031168,146455552.00
2016/07/06,10.70,10.87,10.61,10.70,16826709,190571296.00
2016/07/07,10.69,10.85,10.60,10.73,14878370,168493504.00
2016/07/08,10.69,10.70,10.50,10.56,11229152,125645864.00
2016/07/11,10.61,10.63,10.38,10.39,14047640,155572400.00
2016/07/12,10.38,10.69,10.30,10.67,16469656,182639232.00
2016/07/13,10.75,10.93,10.68,10.86,22383687,255599968.00
2016/07/14,10.88,10.91,10.73,10.80,10435775,119265312.00
2016/07/15,10.83,10.97,10.80,10.81,10071276,115593840.00
2016/07/18,10.78,10.88,10.69,10.71,9226688,105155384.00
2016/07/19,10.71,10.77,10.55,10.63,10306427,115782240.00
2016/07/20,10.66,10.80,10.61,10.67,6440028,72710168.00
2016/07/21,10.69,10.84,10.66,10.79,8633710,98093536.00
2016/07/22,10.78,10.82,10.62,10.66,7284752,82347912.00
2016/07/25,10.64,10.67,10.47,10.54,10518859,117167936.00
2016/07/26,10.56,10.70,10.54,10.69,6638934,74371792.00
2016/07/27,10.68,10.86,10.34,10.60,19367832,216893984.00
2016/07/28,10.55,10.76,10.48,10.74,11435377,128292984.00
2016/07/29,10.70,10.81,10.68,10.75,11628595,132129048.00
2016/08/01,10.70,10.74,10.39,10.46,11108040,123285872.00
2016/08/02,10.43,10.51,10.39,10.50,6957527,76909720.00
2016/08/03,10.46,10.72,10.42,10.67,11969276,134485312.00
2016/08/04,10.67,10.93,10.55,10.89,16133312,183313008.00
2016/08/05,10.96,11.22,10.74,10.87,26436185,305963392.00
2016/08/08,10.91,11.34,10.90,11.26,27536715,324667008.00
2016/08/09,11.39,11.55,11.25,11.29,27294357,327369248.00
2016/08/10,11.32,11.57,11.13,11.39,23296100,278482176.00
2016/08/11,11.40,11.42,11.10,11.10,12652612,150251184.00
2016/08/12,11.09,12.16,11.06,11.95,46237083,566997056.00
2016/08/15,12.08,13.15,12.08,13.05,84079359,1117083392.00
2016/08/16,13.06,13.20,12.50,12.54,62447289,832654016.00
2016/08/17,12.50,12.52,12.21,12.31,31428669,406704864.00
2016/08/18,12.28,13.16,12.23,12.53,56854853,759142272.00
2016/08/19,12.48,12.67,12.26,12.39,28197132,368515840.00
2016/08/22,12.45,12.65,12.25,12.29,20555239,267627264.00
2016/08/23,12.25,12.35,12.08,12.14,18160099,232171792.00
2016/08/24,12.20,12.37,12.05,12.09,16742518,214166432.00
2016/08/25,11.91,11.91,11.43,11.60,34164249,416338176.00
2016/08/26,11.68,11.75,11.53,11.63,16616550,203201904.00
2016/08/29,11.67,11.92,11.59,11.91,15360547,189813568.00
2016/08/30,11.86,12.01,11.71,11.73,11415188,142124656.00
2016/08/31,11.75,12.25,11.71,11.99,21873862,276203712.00
2016/09/01,11.94,12.01,11.50,11.51,20024102,246225552.00
2016/09/02,11.52,11.65,11.28,11.53,17027230,205752432.00
2016/09/05,11.50,11.60,11.48,11.49,8764481,106351952.00
2016/09/06,11.49,11.57,11.32,11.54,13796512,165939072.00
2016/09/07,11.56,11.71,11.50,11.52,12904021,157514912.00
2016/09/08,11.56,11.72,11.50,11.58,11610903,141549952.00
2016/09/09,11.62,11.62,11.35,11.36,17588292,211990816.00
2016/09/12,11.22,11.31,11.01,11.28,22014506,258316496.00
2016/09/13,11.30,11.30,11.11,11.22,11172862,131807128.00
2016/09/14,11.16,11.25,11.04,11.06,13300886,155647488.00
2016/09/19,11.09,11.34,11.09,11.30,9472292,112250152.00
2016/09/20,11.33,11.66,11.32,11.53,16207140,196458688.00
2016/09/21,11.56,11.74,11.47,11.59,15298168,187094704.00
2016/09/22,11.75,12.27,11.75,12.06,43559945,552853440.00
2016/09/23,12.10,12.25,11.92,12.00,21153069,268707456.00
2016/09/26,12.16,12.50,12.06,12.15,23053011,295630656.00
2016/09/27,12.11,12.48,12.02,12.33,24961020,321871936.00
2016/09/28,12.39,12.39,12.00,12.14,16242767,206702432.00
2016/09/29,12.09,12.27,11.98,12.14,14549832,184957376.00
2016/09/30,12.18,12.35,12.10,12.22,12633362,159210624.00
2016/10/10,11.74,11.76,11.25,11.50,37565138,442995552.00
2016/10/11,11.50,11.59,11.38,11.47,18069442,213765728.00
2016/10/12,11.43,11.64,11.41,11.63,15668119,186374608.00
2016/10/13,11.62,11.66,11.48,11.54,12080604,143797200.00
2016/10/14,11.55,11.60,11.47,11.51,7392087,87785208.00
2016/10/17,11.46,11.56,11.30,11.32,10315959,121582016.00
2016/10/18,11.35,11.52,11.30,11.51,9261461,109084560.00
2016/10/19,11.50,11.58,11.44,11.48,7514225,89069488.00
2016/10/20,11.45,11.69,11.44,11.68,11614561,138711184.00
2016/10/21,11.45,11.52,11.38,11.44,24476021,288560736.00
2016/10/24,11.45,11.58,11.40,11.50,16462013,195105168.00
2016/10/25,11.50,11.54,11.45,11.47,9848132,116544704.00
2016/10/26,11.51,11.54,11.42,11.51,11084704,131142928.00
2016/10/27,11.49,11.58,11.45,11.53,8483676,100763472.00
2016/10/28,11.50,11.66,11.50,11.53,13721659,163991184.00
2016/10/31,11.51,11.54,11.42,11.45,9341811,110476656.00
2016/11/01,11.45,11.49,11.34,11.39,19266070,226334144.00
2016/11/02,11.36,11.41,11.34,11.37,8745559,102459656.00
2016/11/03,11.34,11.41,11.29,11.38,8022092,93844064.00
2016/11/04,11.37,11.45,11.36,11.38,7148790,84065936.00
2016/11/07,11.40,11.43,11.33,11.35,5773958,67657456.00
2016/11/08,11.37,11.40,11.28,11.32,8123351,94808128.00
2016/11/09,11.32,11.36,11.16,11.28,9781702,113803104.00
2016/11/10,11.37,11.58,11.33,11.53,15723937,186357936.00
2016/11/11,11.53,11.54,11.43,11.52,10688742,126385056.00
2016/11/14,11.49,11.70,11.47,11.63,15328605,183528768.00
2016/11/15,11.63,12.01,11.61,11.87,17256762,210656064.00
2016/11/16,11.82,11.98,11.79,11.81,8705899,106534600.00
2016/11/17,11.79,11.88,11.65,11.67,12290007,148654960.00
2016/11/18,11.80,11.95,11.65,11.69,18620558,226786208.00
2016/11/21,11.71,12.03,11.67,11.93,19413634,237518816.00
2016/11/22,11.93,12.03,11.90,11.99,9613026,118351384.00
2016/11/23,11.98,12.50,11.95,12.10,29706231,375114848.00
2016/11/24,12.10,12.65,12.01,12.44,27074632,345503712.00
2016/11/25,12.55,13.72,12.55,13.18,79922477,1099982336.00
2016/11/28,12.97,13.30,12.96,13.09,34295090,461440256.00
2016/11/29,12.98,13.16,12.77,12.80,34493080,457538528.00
2016/11/30,12.84,12.98,12.39,12.63,24415373,316478656.00
2016/12/01,12.75,13.93,12.75,13.49,66869164,935597440.00
2016/12/02,13.43,13.44,12.83,12.95,38741811,522038976.00
2016/12/05,12.45,12.50,12.01,12.22,37236814,467799008.00
2016/12/06,12.18,12.24,12.03,12.06,13076219,162807664.00
2016/12/07,12.10,12.30,12.03,12.27,12307425,153660416.00
2016/12/08,12.30,12.34,12.13,12.15,10921545,137240544.00
2016/12/09,12.05,12.45,12.00,12.28,15801500,200010384.00
2016/12/12,12.23,12.31,11.75,11.98,17389100,213684608.00
2016/12/13,11.88,12.13,11.75,12.02,9888275,121388968.00
2016/12/14,11.95,12.08,11.76,11.89,7372623,90489984.00
2016/12/15,11.85,11.92,11.72,11.76,7668291,93302136.00
2016/12/16,11.78,11.83,11.70,11.80,5941195,72016960.00
2016/12/19,11.76,11.77,11.52,11.56,10886359,129873656.00
2016/12/20,11.57,11.57,11.34,11.42,8454414,99409928.00
2016/12/21,11.44,11.57,11.43,11.49,5671530,67276000.00
2016/12/22,11.45,11.58,11.36,11.54,5270423,62452056.00
2016/12/23,11.54,11.56,11.34,11.40,5047338,59398756.00
2016/12/26,11.39,11.47,11.09,11.45,10751954,124523752.00
2016/12/27,11.43,11.57,11.39,11.49,6477095,76756288.00
2016/12/28,11.45,11.50,11.23,11.31,5428051,63479968.00
2016/12/29,11.27,11.49,11.23,11.36,4352016,50920616.00
2016/12/30,11.33,11.48,11.32,11.46,4388361,51638844.00
2017/01/03,11.50,11.56,11.31,11.47,7427029,87807416.00
2017/01/04,11.48,11.60,11.44,11.56,7452854,88526912.00
2017/01/05,11.59,11.61,11.50,11.52,5306612,63222416.00
2017/01/06,11.53,11.55,11.44,11.54,5614089,66483480.00
2017/01/09,11.55,11.59,11.50,11.57,5201484,61944264.00
2017/01/10,11.58,11.61,11.53,11.54,5297097,63155912.00
2017/01/11,11.50,11.53,11.30,11.30,8781974,102983888.00
2017/01/12,11.30,11.34,11.05,11.14,7209051,83120256.00
2017/01/13,11.18,11.25,11.00,11.13,12066399,138147632.00
2017/01/16,11.05,11.35,10.95,11.31,16391073,188740480.00
2017/01/17,11.26,11.32,11.19,11.25,4765275,55275824.00
2017/01/18,11.25,11.37,11.20,11.35,5751451,67114672.00
2017/01/19,11.35,11.38,11.30,11.33,4932164,57649744.00
2017/01/20,11.35,11.39,11.31,11.36,5799074,67863488.00
2017/01/23,11.38,11.41,11.34,11.37,5583775,65434120.00
2017/01/24,11.38,11.38,11.28,11.33,4584693,53572168.00
2017/01/25,11.33,11.35,11.25,11.31,4555905,53081316.00
2017/01/26,11.33,11.38,11.30,11.34,7868534,91920912.00
2017/02/03,11.35,11.36,11.20,11.22,4433946,51428040.00
2017/02/06,11.18,11.25,11.12,11.19,8065576,92892704.00
2017/02/07,11.16,11.22,11.16,11.19,3672918,42378068.00
2017/02/08,11.21,11.31,11.13,11.30,5403052,62571024.00
2017/02/09,11.32,11.64,11.31,11.45,12343975,145863872.00
2017/02/10,11.48,11.53,11.39,11.49,10754725,126996248.00
2017/02/13,11.50,11.53,11.38,11.46,16006595,188678624.00
2017/02/14,11.50,11.59,11.48,11.51,12006823,142608304.00
2017/02/15,11.51,11.60,11.45,11.46,10070705,119583160.00
2017/02/16,11.46,11.49,11.41,11.47,9203793,108623136.00
2017/02/17,11.47,11.52,11.38,11.41,9704182,114738632.00
2017/02/20,11.41,11.70,11.41,11.68,16968911,202586288.00
2017/02/21,11.65,12.06,11.65,11.86,23623692,289761728.00
2017/02/22,11.82,12.13,11.82,12.06,16558236,204582368.00
2017/02/23,12.04,12.15,11.84,11.93,9682436,119187824.00
2017/02/24,11.94,11.95,11.71,11.87,6961193,84595840.00
2017/02/27,11.85,11.86,11.62,11.63,8497328,102619800.00
2017/02/28,11.63,12.09,11.57,11.93,12558960,153776080.00
2017/03/01,11.92,12.12,11.86,11.99,13147119,162344048.00
2017/03/02,12.00,12.04,11.68,11.75,8950352,108913904.00
2017/03/03,11.72,11.78,11.62,11.77,7948398,95869176.00
2017/03/06,11.77,11.85,11.72,11.83,6769983,82204568.00
2017/03/07,11.82,11.92,11.77,11.90,7428500,90574696.00
2017/03/08,11.88,12.05,11.84,11.94,12628733,155696432.00
2017/03/09,12.00,12.05,11.75,11.90,9865421,120658200.00
2017/03/10,11.90,12.28,11.86,12.11,17471732,218007440.00
2017/03/13,12.07,12.65,11.98,12.52,28603637,365095328.00
2017/03/14,12.49,12.60,12.25,12.39,19443020,248393376.00
2017/03/15,12.30,12.69,12.27,12.59,24214326,311446336.00
2017/03/16,12.60,12.75,12.40,12.50,26232736,338672032.00
2017/03/17,12.51,12.53,12.04,12.10,28720108,361370336.00
2017/03/20,11.97,12.04,11.69,11.91,21695236,263979632.00
2017/03/21,11.86,11.99,11.77,11.95,12574502,153774432.00
2017/03/22,11.90,11.90,11.76,11.80,10373483,126091080.00
2017/03/23,11.81,11.99,11.79,11.87,9382593,114861664.00
2017/03/24,11.87,12.15,11.82,12.12,14040940,173180528.00
2017/03/27,12.13,12.13,11.93,12.03,7435819,91862568.00
2017/03/28,11.96,12.01,11.80,11.89,8784849,107442872.00
2017/03/29,11.86,11.90,11.76,11.82,5761077,70154760.00
2017/03/30,11.85,11.85,11.59,11.74,6973600,83965592.00
2017/03/31,11.71,11.80,11.67,11.70,7942251,95849152.00
2017/04/05,12.91,12.91,12.55,12.91,52276318,692719488.00
2017/04/06,13.30,13.42,12.66,12.77,106641383,1429787520.00
2017/04/07,12.45,12.98,12.12,12.64,65651406,846510592.00
2017/04/10,12.45,13.60,12.36,13.27,104552909,1410304768.00
2017/04/11,13.08,14.25,13.05,13.90,110166317,1561445504.00
2017/04/12,13.45,13.58,12.55,12.72,71474824,953227456.00
2017/04/13,12.64,13.41,12.58,13.21,53102981,714771776.00
2017/04/14,13.13,13.43,12.82,12.87,40843904,545182528.00
2017/04/17,12.84,12.84,11.97,12.20,47836954,604229248.00
2017/04/18,12.12,12.38,11.97,12.05,24472206,307181888.00
2017/04/19,12.00,12.22,11.72,12.20,28024023,345550816.00
2017/04/20,12.13,12.15,11.76,12.07,24088835,297607616.00
2017/04/21,12.07,12.16,11.91,12.13,16407207,203340144.00
2017/04/24,12.01,12.05,11.65,11.98,21306156,260189728.00
2017/04/25,11.98,12.31,11.80,12.08,21085867,262862608.00
2017/04/26,12.00,12.28,11.90,12.25,23077618,287422880.00
2017/04/27,12.15,12.15,11.71,11.86,24355025,299014272.00
2017/04/28,11.63,11.65,11.26,11.64,33226282,392998048.00
2017/05/02,11.54,11.55,11.20,11.21,29479579,343751232.00
2017/05/03,11.25,11.32,10.83,10.86,30277559,344433376.00
2017/05/04,10.87,11.19,10.71,10.94,23344050,264822576.00
2017/05/05,10.84,11.00,10.76,10.95,17326938,194745600.00
2017/05/08,10.85,10.98,10.70,10.94,21673996,242438416.00
2017/05/09,10.82,10.93,10.76,10.81,9970473,111616624.00
2017/05/10,10.78,10.91,10.54,10.59,11602833,128373776.00
2017/05/11,10.59,10.75,10.45,10.72,15810225,173077456.00
2017/05/12,10.72,10.77,10.60,10.71,10831330,119460352.00
2017/05/15,10.70,11.28,10.65,11.13,22914267,260597568.00
2017/05/16,11.02,11.18,10.85,11.16,17598977,200153984.00
2017/05/17,11.11,11.27,11.05,11.14,15704136,180608192.00
2017/05/18,11.03,11.13,10.86,11.00,13499887,153124816.00
2017/05/19,10.94,11.02,10.86,10.93,6992051,78789592.00
2017/05/22,10.90,10.91,10.45,10.79,12305284,136094912.00
2017/05/23,10.71,10.84,10.59,10.80,13865839,153596352.00
2017/05/24,10.72,10.80,10.51,10.78,7179224,79242472.00
2017/05/25,10.84,11.32,10.80,11.30,24748043,283694624.00
2017/05/26,11.20,11.37,11.07,11.20,12594485,145396464.00
2017/05/31,11.46,11.51,11.17,11.32,16619708,193568960.00
2017/06/01,11.23,11.50,11.18,11.44,17807931,208781936.00
2017/06/02,11.36,11.51,11.17,11.43,10630627,124447408.00
2017/06/05,11.43,11.51,11.22,11.37,11982151,136073120.00
2017/06/06,11.31,11.44,11.28,11.38,6339262,71976088.00
2017/06/07,11.38,11.53,11.36,11.50,10740327,122843312.00
2017/06/08,11.48,11.54,11.38,11.41,7315204,83700480.00
2017/06/09,11.39,11.48,11.37,11.45,6928180,79109912.00
2017/06/12,11.36,11.66,11.35,11.56,18800205,216482880.00
2017/06/13,11.50,11.56,11.38,11.49,13319215,152665360.00
2017/06/14,11.41,11.45,11.17,11.20,14063095,158375584.00
2017/06/15,11.16,11.25,11.11,11.16,9705647,108492688.00
2017/06/16,11.17,11.20,11.10,11.16,4931665,54967880.00
2017/06/19,11.16,11.18,11.10,11.14,6123125,68217576.00
2017/06/20,11.15,11.18,11.12,11.13,5573573,62131916.00
2017/06/21,11.17,11.23,11.11,11.22,6425428,71765864.00
2017/06/22,11.20,11.29,11.16,11.24,11231174,126127824.00
2017/06/23,11.23,11.34,11.11,11.30,11670106,131156528.00
2017/06/26,11.30,11.66,11.22,11.54,16407574,187992144.00
2017/06/27,11.51,11.54,11.40,11.41,6212229,71074936.00
2017/06/28,11.37,11.52,11.35,11.37,6055242,69145072.00
2017/06/29,11.37,11.51,11.36,11.46,5995217,68711984.00
2017/06/30,11.46,11.48,11.34,11.44,6022870,68704184.00
2017/07/03,11.46,11.46,11.38,11.43,4432016,50639764.00
2017/07/04,11.45,11.45,11.33,11.40,8017030,91456176.00
2017/07/05,11.40,11.49,11.38,11.46,5476601,62662828.00
2017/07/06,11.46,11.46,11.30,11.34,7121900,80959152.00
2017/07/07,11.37,11.46,11.26,11.45,6587532,74979656.00
2017/07/10,11.44,11.59,11.38,11.45,8802590,101468800.00
2017/07/11,11.45,11.58,11.42,11.48,8060880,92758984.00
2017/07/12,11.49,11.54,11.25,11.35,7721872,87958432.00
2017/07/13,11.37,11.39,11.29,11.38,6347746,71936456.00
2017/07/14,11.41,11.53,11.38,11.48,6595074,75548200.00
2017/07/17,11.50,11.59,11.00,11.18,14840350,166615744.00
2017/07/18,11.14,11.18,11.00,11.11,6995016,77523568.00
2017/07/19,11.12,11.29,11.04,11.26,7068203,79051144.00
2017/07/20,11.20,11.56,11.17,11.54,12267886,140442640.00
2017/07/21,11.48,11.60,11.29,11.44,13041101,149502112.00
2017/07/24,11.39,11.57,11.34,11.46,12019562,137971504.00
2017/07/25,11.44,11.54,11.39,11.52,9530968,109300784.00
2017/07/26,11.48,11.53,11.32,11.45,9457371,108107496.00
2017/07/27,11.39,11.48,11.37,11.47,9380482,107331400.00
2017/07/28,11.45,11.52,11.42,11.48,6909700,79241056.00
2017/08/02,11.35,11.35,11.35,11.35,0,0.00
数据来源:通达信
