600827 百联股份 日线 前复权
      日期	    开盘	    最高	    最低	    收盘	    成交量	    成交额
2010/11/04,17.54,17.54,17.54,17.54,133777,2484239.00
2010/11/05,19.40,19.40,19.40,19.40,800304,16350211.00
2010/11/08,21.44,21.44,20.57,21.44,27986606,625722880.00
2010/11/09,20.87,21.49,20.41,20.64,12105045,263657600.00
2010/11/10,20.41,22.17,20.25,21.14,16062586,358280768.00
2010/11/11,21.15,21.52,20.58,20.59,8553114,188591056.00
2010/11/12,20.41,20.57,18.97,19.12,8531338,175939488.00
2010/11/15,19.27,20.17,19.27,20.02,5354990,111623032.00
2010/11/16,20.02,20.13,18.97,19.52,4290077,88032240.00
2010/11/17,19.40,19.72,18.75,18.87,2748702,55693900.00
2010/11/18,19.35,19.44,18.15,18.76,3935785,77686256.00
2010/11/19,18.79,19.47,18.17,19.28,3908947,77174312.00
2010/11/22,19.02,19.57,18.86,19.21,3695322,74780768.00
2010/11/23,19.21,19.21,18.65,19.00,2320600,46291288.00
2010/11/24,18.81,19.18,18.67,19.12,2645670,53002328.00
2010/11/25,19.17,19.53,18.88,19.27,4001105,81350944.00
2010/11/26,19.27,19.47,19.09,19.34,2651612,53920884.00
2010/11/29,19.39,19.73,18.88,19.35,3487987,71113144.00
2010/11/30,19.28,19.61,17.97,18.37,3774758,74178832.00
2010/12/01,18.28,18.51,17.87,18.07,2070020,39508976.00
2010/12/02,18.27,18.37,17.98,18.07,1744157,33420516.00
2010/12/03,17.97,18.45,17.57,18.25,2560979,48679536.00
2010/12/06,17.98,18.22,17.57,17.69,1794447,33764208.00
2010/12/07,17.71,18.20,17.57,18.04,2008556,38117444.00
2010/12/08,18.21,19.88,18.05,19.13,5492113,110042064.00
2010/12/09,19.13,19.27,18.47,18.48,1534355,30557766.00
2010/12/10,18.43,19.15,18.39,18.79,2064592,41109456.00
2010/12/13,18.76,19.11,18.76,19.02,2540835,50740944.00
2010/12/14,19.10,19.32,18.65,18.90,2978268,59648004.00
2010/12/16,18.91,18.94,18.07,18.25,2611044,50682224.00
2010/12/17,18.27,18.43,17.65,17.90,2401551,45443436.00
2010/12/20,18.12,18.22,17.43,17.65,2725410,51239684.00
2010/12/21,17.78,18.05,17.57,17.93,2199033,41511688.00
2010/12/22,18.09,18.12,17.63,17.66,2803650,52964952.00
2010/12/23,18.07,18.07,17.47,17.67,1994983,37469872.00
2010/12/24,17.47,17.62,16.97,17.10,2010897,36676780.00
2010/12/27,17.07,17.41,16.36,16.61,1992634,35698056.00
2010/12/28,16.52,16.68,16.17,16.23,1134004,19664032.00
2010/12/29,16.23,16.47,16.03,16.38,1761243,30499808.00
2010/12/30,16.47,16.47,15.87,16.17,2775570,47799192.00
2010/12/31,16.25,17.55,16.15,17.39,3991672,71794104.00
2011/01/04,17.36,17.36,16.92,17.14,1952132,35449876.00
2011/01/05,17.07,17.31,16.70,16.86,1777005,32183968.00
2011/01/06,16.66,17.07,16.56,16.87,2477096,44096604.00
2011/01/07,16.77,16.77,16.32,16.47,2697043,47339836.00
2011/01/10,16.47,16.60,15.95,15.99,2001588,34610784.00
2011/01/11,15.99,16.23,15.89,16.11,1543956,26327912.00
2011/01/12,16.16,16.20,15.98,16.16,994732,17059668.00
2011/01/13,16.24,16.31,15.97,16.03,2576826,44309276.00
2011/01/14,16.09,16.09,15.45,15.73,2893122,48460236.00
2011/01/17,15.57,16.32,15.37,15.87,4398484,74095928.00
2011/01/18,15.71,15.90,15.57,15.67,2772191,46356168.00
2011/01/19,15.80,16.15,15.59,16.01,4099964,69250328.00
2011/01/20,15.84,16.17,15.50,15.52,2393738,40379292.00
2011/01/21,15.48,15.74,15.25,15.55,2705876,44700376.00
2011/01/24,15.57,15.66,14.99,15.01,3309262,53618260.00
2011/01/25,14.98,15.24,14.79,15.20,2562207,41291780.00
2011/01/26,15.15,15.56,15.03,15.41,2830749,46518132.00
2011/01/27,15.35,15.54,15.17,15.47,2531416,41615340.00
2011/01/28,15.47,15.82,15.35,15.73,3361236,55848872.00
2011/01/31,15.73,15.89,15.52,15.78,2319183,38874072.00
2011/02/01,15.78,15.82,15.65,15.72,1825666,30646648.00
2011/02/09,15.87,16.17,15.53,15.56,2201511,37155376.00
2011/02/10,15.48,15.91,15.37,15.88,2788407,46714812.00
2011/02/11,15.88,16.84,15.85,16.68,6385042,111480128.00
2011/02/14,16.77,16.95,16.52,16.77,5025224,89643840.00
2011/02/15,16.84,16.84,16.44,16.47,4403093,77553232.00
2011/02/16,16.56,16.84,16.52,16.66,3080115,54489832.00
2011/02/17,16.80,16.81,16.32,16.40,3126226,54689912.00
2011/02/18,16.44,16.44,16.06,16.15,2599201,44690524.00
2011/02/21,16.09,16.32,16.03,16.29,2512075,43397256.00
2011/02/22,16.30,16.35,15.68,15.69,3821257,65314920.00
2011/02/23,15.69,15.84,15.48,15.67,3577273,59511048.00
2011/02/24,15.73,15.85,15.54,15.78,2897291,48497956.00
2011/02/25,15.79,15.92,15.65,15.89,3608302,60756572.00
2011/02/28,15.92,16.09,15.62,16.09,3206848,54292656.00
2011/03/01,16.09,16.65,16.03,16.43,6437294,112150040.00
2011/03/02,16.48,16.83,16.27,16.60,5102120,89791208.00
2011/03/03,16.64,16.87,16.35,16.46,3462169,61070368.00
2011/03/04,16.46,16.66,16.43,16.65,3066667,53976240.00
2011/03/07,16.80,16.87,16.63,16.73,4947395,87853136.00
2011/03/08,16.73,16.87,16.38,16.86,4327171,76186872.00
2011/03/09,16.86,17.46,16.74,17.35,6171116,111547352.00
2011/03/10,17.17,17.25,16.99,17.15,4739429,85952048.00
2011/03/11,17.02,17.64,16.86,17.16,5380494,98867208.00
2011/03/14,17.10,17.67,16.98,17.56,5114088,94177168.00
2011/03/15,17.57,17.67,16.78,17.48,6015210,110324464.00
2011/03/16,17.45,17.58,17.10,17.21,3883230,70988616.00
2011/03/17,16.97,17.17,16.61,16.70,4323961,77004328.00
2011/03/18,16.82,16.92,16.61,16.73,1631436,29001864.00
2011/03/21,16.63,16.87,16.63,16.78,1509934,26793134.00
2011/03/22,16.84,16.84,16.43,16.65,1886854,33301520.00
2011/03/23,16.73,16.91,16.52,16.89,2239444,39911680.00
2011/03/24,16.91,16.94,16.55,16.64,2239415,39692648.00
2011/03/25,16.65,16.80,16.47,16.61,3267124,57684208.00
2011/03/28,16.61,16.72,16.54,16.61,1972325,34798928.00
2011/03/29,16.62,16.62,16.05,16.07,3339864,57677560.00
2011/03/30,15.99,16.15,15.81,15.93,1735107,29439780.00
2011/03/31,15.92,16.01,15.64,15.68,1965851,33113076.00
2011/04/01,15.69,16.07,15.48,16.02,1502829,25331248.00
2011/04/06,15.98,16.15,15.87,16.11,1689519,28875444.00
2011/04/07,16.13,16.16,15.93,16.01,2111404,35973828.00
2011/04/08,16.03,16.23,15.95,16.16,1728299,29661468.00
2011/04/11,16.16,16.22,15.92,15.93,1337765,22835452.00
2011/04/12,15.87,16.13,15.77,16.04,1447870,24578398.00
2011/04/13,15.98,16.16,15.85,16.14,1971166,33558780.00
2011/04/14,16.19,16.41,16.07,16.27,3210167,55451024.00
2011/04/15,16.17,16.32,15.92,16.19,1693088,28962576.00
2011/04/18,16.08,16.34,16.02,16.19,1444612,24883524.00
2011/04/19,16.17,16.17,15.92,16.01,1915258,32672766.00
2011/04/20,16.12,17.07,16.00,17.06,8005454,142157632.00
2011/04/21,17.08,17.10,16.82,16.95,5458937,98132160.00
2011/04/22,16.96,17.04,16.72,16.81,2684023,48049548.00
2011/04/25,16.81,17.24,16.81,16.90,3194885,57613920.00
2011/04/26,17.01,17.22,16.47,16.65,3504802,62709360.00
2011/04/27,16.69,16.92,16.48,16.62,2255625,40163476.00
2011/04/28,16.42,16.95,16.41,16.44,3084443,54499368.00
2011/04/29,16.38,16.72,16.12,16.68,1964203,34286300.00
2011/05/03,16.83,17.22,16.68,17.17,4810414,86956864.00
2011/05/04,17.08,17.33,16.93,16.94,3851848,70037304.00
2011/05/05,16.85,17.66,16.83,17.48,6288542,116083784.00
2011/05/06,17.27,17.86,17.19,17.71,6235220,116484240.00
2011/05/09,17.77,17.91,17.50,17.55,3552649,66305752.00
2011/05/10,17.55,17.65,17.15,17.49,2968749,54478628.00
2011/05/11,17.35,17.82,17.25,17.72,3403619,63379908.00
2011/05/12,17.53,17.69,17.28,17.29,2930924,54284040.00
2011/05/13,17.22,17.43,17.04,17.31,3171889,57862100.00
2011/05/16,17.17,17.39,16.67,16.83,2081179,37799616.00
2011/05/17,16.62,16.96,16.37,16.67,2363219,41752536.00
2011/05/18,16.61,16.82,16.43,16.69,1847338,32614742.00
2011/05/19,16.75,16.90,16.60,16.79,1566867,27889730.00
2011/05/20,16.70,16.97,16.48,16.96,1678534,29845724.00
2011/05/23,16.83,17.03,16.15,16.68,2382716,41896816.00
2011/05/25,16.49,16.62,16.16,16.45,1553964,27029556.00
2011/05/26,16.45,16.46,15.47,15.49,3416764,57460848.00
2011/05/27,15.47,15.47,14.95,14.96,2818221,45500432.00
2011/05/30,14.82,15.24,14.67,15.00,1874739,30049480.00
2011/05/31,15.06,15.54,15.03,15.52,1103195,18027166.00
2011/06/01,15.56,15.66,15.45,15.63,856923,14221426.00
2011/06/02,15.47,15.47,15.02,15.34,981219,16008758.00
2011/06/03,15.34,15.69,15.23,15.56,851014,14084358.00
2011/06/07,15.45,15.59,15.42,15.56,394019,6522853.00
2011/06/08,15.59,15.73,15.32,15.57,619551,10216161.00
2011/06/09,15.44,15.60,15.25,15.31,643809,10539639.00
2011/06/10,15.23,15.45,15.13,15.43,500358,8161384.00
2011/06/13,15.43,15.43,15.07,15.29,427977,6971868.00
2011/06/14,15.36,15.82,15.25,15.73,1529174,25554452.00
2011/06/15,15.64,15.87,15.55,15.79,1219694,20526038.00
2011/06/16,15.67,15.81,15.59,15.75,1696652,28377360.00
2011/06/17,15.68,15.80,15.63,15.66,931316,15573429.00
2011/06/24,16.97,16.97,15.95,16.20,5546148,96288336.00
2011/06/27,15.98,16.39,15.97,16.22,2833910,48851388.00
2011/06/28,16.23,16.23,15.86,15.95,1402621,23830436.00
2011/06/29,15.98,16.02,15.80,15.84,1157474,19542574.00
2011/06/30,15.79,16.01,15.77,15.90,808900,13697960.00
2011/07/01,16.07,16.16,15.80,16.12,1199082,20426372.00
2011/07/04,16.27,16.54,16.12,16.47,1843650,32177576.00
2011/07/05,16.55,16.55,16.12,16.36,1722102,29851060.00
2011/07/06,16.44,16.44,16.13,16.25,1233033,21282732.00
2011/07/07,16.32,16.79,16.18,16.56,3099052,54574372.00
2011/07/08,16.61,16.87,16.45,16.76,1594711,28269164.00
2011/07/11,16.67,17.07,16.37,17.04,2694077,48323348.00
2011/07/12,16.87,17.15,16.77,16.91,2184108,39354124.00
2011/07/13,16.92,17.67,16.87,17.61,5624577,104033552.00
2011/07/14,17.49,17.64,17.37,17.58,2476246,45934924.00
2011/07/15,17.47,17.89,17.27,17.72,3929390,73281568.00
2011/07/18,17.67,18.33,17.67,17.90,4088330,77985416.00
2011/07/19,17.87,18.00,17.65,17.69,1933900,36528432.00
2011/07/20,17.73,17.86,17.27,17.64,2609368,48507360.00
2011/07/21,17.53,18.82,17.53,18.16,9599510,187463440.00
2011/07/22,18.17,18.41,17.97,18.26,2041981,39384784.00
2011/07/25,18.02,18.55,17.65,17.83,2764271,52585916.00
2011/07/26,17.75,17.87,17.22,17.45,1610208,29792524.00
2011/07/27,17.35,17.74,17.17,17.66,1619725,29870800.00
2011/07/28,17.57,17.65,17.30,17.50,708086,13127786.00
2011/07/29,17.63,18.15,17.35,17.49,1359989,25495064.00
2011/08/01,17.80,17.84,17.52,17.65,809598,15177291.00
2011/08/02,17.71,17.71,16.87,17.10,1251690,22679022.00
2011/08/03,17.05,17.30,16.77,17.23,713369,12955408.00
2011/08/04,17.34,17.67,16.97,17.53,2208741,40464948.00
2011/08/11,16.77,18.11,16.48,17.97,3781201,69960776.00
2011/08/12,18.02,18.56,17.77,18.18,2502458,48401812.00
2011/08/15,18.44,18.91,18.15,18.72,3446091,67886000.00
2011/08/16,18.68,18.77,17.83,18.09,2905622,55769224.00
2011/08/17,17.97,18.25,17.87,18.06,1608856,30565976.00
2011/08/18,18.05,18.05,17.51,17.72,2280748,42605168.00
2011/08/19,17.56,17.82,17.09,17.79,2007646,37206368.00
2011/08/22,17.79,17.83,17.38,17.64,1008751,18813484.00
2011/08/23,17.64,17.96,17.49,17.77,2504149,47114864.00
2011/08/24,17.85,17.93,17.25,17.37,2158156,39909864.00
2011/08/25,17.45,17.67,17.29,17.62,1147950,21268044.00
2011/08/26,17.62,17.77,17.35,17.49,552758,10224286.00
2011/08/29,16.97,17.67,16.97,17.59,1667266,30643320.00
2011/08/30,17.77,18.17,17.53,17.74,2662602,50190720.00
2011/08/31,17.27,17.35,16.47,17.13,9404475,170068192.00
2011/09/01,17.09,17.11,16.58,16.95,6643070,118173480.00
2011/09/02,16.85,16.85,16.43,16.61,4193365,73814688.00
2011/09/05,16.07,16.98,16.07,16.87,4899459,85861832.00
2011/09/06,16.77,16.77,16.20,16.30,3452771,60109980.00
2011/09/07,16.29,16.47,15.97,16.38,2747950,47751612.00
2011/09/08,16.30,16.41,15.75,15.90,5517864,93805304.00
2011/09/09,15.93,16.02,15.27,15.43,6108204,100941224.00
2011/09/13,15.06,15.34,15.06,15.17,2325935,37694812.00
2011/09/14,15.25,15.46,14.87,15.26,4088735,66002884.00
2011/09/15,15.26,15.47,15.20,15.37,2306233,37835352.00
2011/09/16,15.44,15.72,15.38,15.39,1940872,32143964.00
2011/09/19,15.28,15.59,15.00,15.45,2524605,41540756.00
2011/09/20,15.37,15.50,15.20,15.34,1497541,24519622.00
2011/09/21,15.42,15.81,15.15,15.49,2638156,43775752.00
2011/09/22,15.42,15.72,15.26,15.31,1821536,30100124.00
2011/09/23,15.15,15.27,14.87,15.07,6217994,99652448.00
2011/09/26,14.88,15.23,14.76,14.87,2041759,32715020.00
2011/09/27,14.97,15.27,14.85,15.25,2348063,37844360.00
2011/09/28,15.31,15.36,14.92,15.01,1410450,22700476.00
2011/09/29,14.98,15.10,14.52,14.56,3381993,53572792.00
2011/09/30,14.62,14.71,14.52,14.57,4003535,62722808.00
2011/10/10,14.58,14.67,14.32,14.39,963450,14916526.00
2011/10/11,14.68,14.77,14.15,14.36,1945804,30246274.00
2011/10/12,14.32,14.65,14.17,14.63,3911888,60691240.00
2011/10/13,14.58,14.78,14.50,14.77,3259736,51165960.00
2011/10/14,14.67,14.82,14.55,14.64,1419217,22329632.00
2011/10/17,14.71,15.02,14.65,14.96,2905014,46176288.00
2011/10/18,14.91,14.91,14.55,14.64,1646510,25951140.00
2011/10/19,14.71,14.84,14.49,14.54,1250399,19627488.00
2011/10/20,14.43,14.68,13.57,14.25,1684736,25767516.00
2011/10/24,14.07,14.42,14.07,14.33,4722932,72314264.00
2011/10/25,14.27,14.48,13.92,14.40,6992177,106543584.00
2011/10/26,14.36,14.81,14.22,14.68,3966892,61887568.00
2011/10/27,14.77,15.59,14.77,15.37,10567048,173354176.00
2011/10/28,15.45,15.48,15.18,15.36,3371168,55214144.00
2011/10/31,15.30,15.59,15.18,15.41,3001061,49274180.00
2011/11/01,15.27,15.45,14.98,15.22,3880038,63176524.00
2011/11/02,14.97,15.54,14.96,15.52,2470872,40286000.00
2011/11/03,15.56,15.99,15.56,15.71,4418822,74615392.00
2011/11/04,15.95,15.99,15.48,15.74,2391495,39961692.00
2011/11/07,15.58,15.86,15.36,15.43,3138361,52121424.00
2011/11/08,15.40,15.60,15.27,15.34,1142754,18776638.00
2011/11/09,15.46,15.57,15.24,15.48,1975268,32520296.00
2011/11/10,15.34,15.34,14.98,15.08,4273385,68841216.00
2011/11/11,15.15,15.17,14.93,15.08,2339073,37652568.00
2011/11/14,15.17,15.47,15.11,15.41,4230626,68950672.00
2011/11/15,15.38,15.65,15.34,15.63,4886059,80841248.00
2011/11/16,15.64,15.66,15.19,15.33,3878892,63635028.00
2011/11/17,15.38,15.43,15.13,15.27,3152953,51287336.00
2011/11/18,15.07,15.14,14.79,14.88,8474048,134906400.00
2011/11/21,14.93,14.99,14.46,14.60,3303681,51903072.00
2011/11/22,14.49,14.95,14.26,14.88,3719681,58151136.00
2011/11/23,14.80,14.85,14.38,14.49,2007078,31263804.00
2011/11/24,14.46,14.58,14.22,14.56,3058661,47142064.00
2011/11/25,14.32,14.42,14.20,14.34,1905722,29241124.00
2011/11/28,14.46,14.46,13.97,14.15,3806939,57711728.00
2011/11/29,14.23,14.33,14.07,14.24,3021530,46135276.00
2011/11/30,14.13,14.24,13.66,13.85,4815182,71737272.00
2011/12/01,14.13,14.17,13.88,13.97,7512347,112962176.00
2011/12/02,13.80,13.90,13.28,13.42,7876914,114746776.00
2011/12/05,13.40,13.49,12.61,12.75,3955762,55152216.00
2011/12/06,12.61,12.86,12.57,12.60,1442931,19839484.00
2011/12/07,12.63,12.67,12.37,12.42,2806990,37974176.00
2011/12/08,12.38,12.57,12.24,12.51,4953071,66677480.00
2011/12/09,12.32,12.50,12.05,12.16,2140020,28378970.00
2011/12/12,12.19,12.29,11.97,12.22,4529843,59684904.00
2011/12/13,12.17,12.36,11.77,11.84,7497293,98543648.00
2011/12/14,11.83,11.86,11.57,11.73,2689603,34224616.00
2011/12/15,11.74,11.85,11.37,11.66,4937343,62362424.00
2011/12/16,11.75,11.94,11.47,11.83,4226123,53930168.00
2011/12/19,11.63,11.82,11.28,11.75,4146821,51874560.00
2011/12/20,11.71,11.84,11.49,11.51,4150311,52625636.00
2011/12/21,11.63,11.75,11.18,11.19,3935464,49026396.00
2011/12/22,11.12,11.21,10.74,11.18,4204274,50267224.00
2011/12/23,10.99,11.23,10.92,10.97,7416506,89836064.00
2011/12/26,10.91,11.00,10.82,10.97,2565360,30651872.00
2011/12/27,10.94,11.07,10.43,10.47,5078334,60071840.00
2011/12/28,10.50,10.50,9.91,10.22,5095856,56807056.00
2011/12/29,10.12,10.28,10.02,10.13,6854762,76599176.00
2011/12/30,10.27,10.52,10.09,10.34,15285614,172619168.00
2012/01/04,10.48,10.71,10.32,10.33,14440314,166600016.00
2012/01/05,10.16,10.44,10.07,10.08,16044062,180246304.00
2012/01/06,10.08,10.36,9.85,10.34,9484585,105143552.00
2012/01/09,10.27,10.71,10.18,10.70,7181583,82823264.00
2012/01/10,10.71,11.31,10.62,11.30,12459038,150456080.00
2012/01/11,11.21,11.39,11.13,11.33,5825741,71605592.00
2012/01/12,11.26,11.39,11.06,11.11,3980719,48607560.00
2012/01/13,11.05,11.11,10.57,10.58,7290419,85849752.00
2012/01/16,10.47,10.61,9.96,9.97,5591540,63552076.00
2012/01/17,10.01,10.96,10.01,10.87,13175798,151241712.00
2012/01/18,10.88,11.00,10.49,10.58,3740392,44087868.00
2012/01/19,10.55,11.40,10.55,11.22,11927497,144476496.00
2012/01/20,11.20,11.37,11.09,11.23,7693852,94018056.00
2012/01/30,11.23,11.31,10.80,10.89,4088203,49149916.00
2012/01/31,10.87,11.02,10.77,10.98,3652823,43506408.00
2012/02/01,10.89,11.14,10.77,10.82,3664429,43982740.00
2012/02/02,10.83,10.93,10.65,10.90,5146321,60769072.00
2012/02/03,10.90,11.28,10.83,11.24,7840800,95111616.00
2012/02/06,11.27,11.53,11.07,11.50,6474916,79883432.00
2012/02/07,11.41,11.47,11.07,11.30,5443441,67091632.00
2012/02/08,11.27,11.67,11.15,11.64,4578416,57120628.00
2012/02/09,11.58,11.95,11.52,11.89,6490686,83288768.00
2012/02/10,11.84,11.90,11.56,11.66,5196379,66130028.00
2012/02/13,11.58,11.81,11.42,11.76,5091081,64350716.00
2012/02/14,11.76,11.77,11.47,11.69,3119406,39526168.00
2012/02/15,11.67,11.80,11.54,11.74,4320426,55025232.00
2012/02/16,11.69,11.87,11.60,11.77,3177334,40628408.00
2012/02/17,11.82,11.84,11.50,11.69,3300826,41854872.00
2012/02/20,11.75,11.99,11.74,11.88,7187304,92779544.00
2012/02/21,11.85,12.07,11.58,12.04,3688963,47323252.00
2012/02/22,11.96,12.18,11.90,12.13,5828427,76340072.00
2012/02/23,12.13,12.23,11.97,12.02,7843456,102933104.00
2012/02/24,12.05,12.29,12.00,12.20,6776178,89564560.00
2012/02/27,12.20,12.51,12.20,12.28,5819100,78081184.00
2012/02/28,12.22,12.27,11.93,12.05,7510551,98120944.00
2012/02/29,11.97,12.30,11.85,11.89,4735704,62024968.00
2012/03/01,11.84,11.97,11.76,11.84,2318410,29896460.00
2012/03/02,11.88,12.04,11.82,12.02,5991045,77570912.00
2012/03/05,12.02,12.23,11.87,11.95,11322786,148378208.00
2012/03/06,11.87,11.89,11.51,11.65,12624632,159846064.00
2012/03/07,11.51,11.86,11.46,11.61,11487316,145888784.00
2012/03/08,11.68,11.76,11.53,11.61,8506558,107944104.00
2012/03/09,11.61,12.12,11.61,12.10,13109365,169487520.00
2012/03/12,12.06,12.39,12.03,12.21,13445609,178565152.00
2012/03/13,12.21,12.47,12.09,12.31,11644045,155255424.00
2012/03/14,12.41,12.93,11.82,12.18,24815644,336254400.00
2012/03/15,12.27,12.83,12.27,12.57,19419231,263056784.00
2012/03/16,12.57,12.82,12.32,12.69,12897061,175169904.00
2012/03/19,12.69,12.97,12.62,12.69,9296046,128368064.00
2012/03/20,12.71,12.72,12.27,12.43,8441690,113120880.00
2012/03/21,12.48,12.49,11.83,12.06,8398775,110253984.00
2012/03/22,11.99,12.18,11.87,12.04,6159697,80280520.00
2012/03/23,11.97,12.02,11.73,11.79,4401361,56672660.00
2012/03/26,11.74,11.85,11.63,11.81,2737287,34943048.00
2012/03/27,11.87,12.03,11.78,11.90,3570638,46187704.00
2012/03/28,11.83,11.83,11.21,11.25,5738451,71832456.00
2012/03/29,11.25,11.30,10.69,10.82,7157372,85624312.00
2012/03/30,10.82,11.02,10.49,10.95,6172751,73223696.00
2012/04/05,10.94,11.25,10.83,11.21,4501175,54342208.00
2012/04/06,11.17,11.29,11.02,11.17,2583023,31483156.00
2012/04/09,11.13,11.35,10.95,11.10,4033440,49220168.00
2012/04/10,11.01,11.15,10.61,10.93,7977457,94539552.00
2012/04/11,10.77,11.02,10.71,10.81,5039471,59839460.00
2012/04/12,10.82,11.13,10.82,11.11,4229064,50923628.00
2012/04/13,11.16,11.59,11.06,11.32,6669218,82177984.00
2012/04/16,10.97,11.32,10.97,11.19,4969993,60757972.00
2012/04/17,11.19,11.61,11.18,11.41,8645964,107333984.00
2012/04/18,11.45,11.70,11.38,11.67,5897941,74216744.00
2012/04/19,11.67,11.75,11.46,11.52,7626688,96300752.00
2012/04/20,11.53,11.71,11.43,11.60,8590255,108404464.00
2012/04/23,11.60,11.84,11.48,11.71,12762749,162243888.00
2012/04/24,11.63,11.69,11.22,11.42,9184143,114530280.00
2012/04/25,11.42,11.62,11.27,11.61,15587945,194702736.00
2012/04/26,11.59,11.65,11.36,11.40,6566280,82215472.00
2012/04/27,11.39,11.45,10.77,11.14,5583412,68162896.00
2012/05/02,11.31,11.54,11.15,11.47,12313695,151930928.00
2012/05/03,11.42,11.54,11.29,11.45,7961127,99191176.00
2012/05/04,11.43,11.67,11.38,11.66,9788241,123206064.00
2012/05/07,11.59,12.02,11.57,11.92,12975649,166622784.00
2012/05/08,11.91,11.96,11.68,11.89,8695534,111651312.00
2012/05/09,11.77,11.80,11.58,11.61,6344550,80839144.00
2012/05/10,11.58,11.73,11.52,11.68,5018550,63688900.00
2012/05/11,11.64,11.70,11.36,11.41,5007148,62908552.00
2012/05/14,11.52,11.62,11.29,11.39,5232394,65409124.00
2012/05/15,11.32,11.96,11.21,11.60,8753943,109736320.00
2012/05/16,11.55,11.72,11.37,11.39,4452180,55846680.00
2012/05/17,11.39,11.62,11.37,11.51,4930218,61801224.00
2012/05/18,11.43,11.52,11.03,11.10,4402458,54112984.00
2012/05/21,11.12,11.24,10.83,10.89,5041837,60732012.00
2012/05/22,10.98,11.10,10.92,11.09,3149052,37912772.00
2012/05/23,11.06,11.11,10.86,10.95,3339026,40131416.00
2012/05/24,10.95,10.98,10.52,10.63,7342270,86603320.00
2012/05/25,10.65,10.65,10.29,10.31,5918722,67978224.00
2012/05/28,10.33,10.59,10.18,10.51,4998165,56828728.00
2012/05/29,10.50,10.69,10.43,10.65,5562119,64558540.00
2012/05/31,10.53,10.62,10.36,10.60,5558321,63930772.00
2012/06/01,10.56,10.62,10.47,10.51,3455964,40024232.00
2012/06/04,10.33,10.38,10.18,10.19,2967711,33584532.00
2012/06/05,10.20,10.30,10.07,10.13,3007364,33683328.00
2012/06/06,10.21,10.21,9.95,9.99,4839103,53600928.00
2012/06/07,10.09,10.12,9.82,9.87,3159223,34740152.00
2012/06/08,9.96,10.04,9.83,9.88,2755418,30156532.00
2012/06/11,9.90,10.18,9.84,10.16,4213569,46597392.00
2012/06/12,10.07,10.11,9.96,10.01,3297987,36485696.00
2012/06/13,10.01,10.40,9.98,10.30,8102407,91157432.00
2012/06/14,10.27,10.56,10.24,10.36,5711313,65399272.00
2012/06/15,10.38,10.47,10.27,10.43,3959089,45168172.00
2012/06/18,10.48,10.62,10.46,10.55,4241969,49088748.00
2012/06/19,10.54,10.66,10.38,10.50,3409774,39452508.00
2012/06/20,10.53,10.73,10.38,10.44,3440985,39958120.00
2012/06/21,10.43,10.44,10.15,10.38,3842944,43685320.00
2012/06/25,10.36,10.36,10.19,10.22,2930555,33062148.00
2012/06/26,10.15,10.46,10.12,10.37,2642456,29944892.00
2012/06/27,10.39,10.64,10.33,10.54,4567149,52898620.00
2012/06/28,10.56,10.78,10.50,10.67,6463384,75697920.00
2012/06/29,10.64,10.84,10.12,10.28,13935269,159062480.00
2012/07/02,10.41,10.45,10.17,10.22,4203239,46603500.00
2012/07/03,10.24,10.37,10.15,10.19,3802620,42017560.00
2012/07/04,10.19,10.31,9.87,10.03,6168755,66939580.00
2012/07/05,9.98,9.98,9.66,9.77,3839246,40650528.00
2012/07/06,9.80,9.99,9.52,9.92,6071733,63621036.00
2012/07/09,9.81,10.02,9.68,9.80,4580435,48720876.00
2012/07/10,9.73,9.89,9.64,9.74,3995639,42061868.00
2012/07/11,9.64,9.88,9.64,9.70,3989336,41809216.00
2012/07/12,9.68,9.79,9.49,9.71,5112872,53354128.00
2012/07/13,9.67,9.78,9.50,9.51,4837881,50364848.00
2012/07/16,9.50,9.52,9.16,9.27,4018430,40385880.00
2012/07/17,9.25,9.35,9.18,9.28,2494640,25104852.00
2012/07/18,9.28,9.29,9.08,9.26,3569201,35658704.00
2012/07/19,9.26,9.63,9.20,9.47,5941572,60963184.00
2012/07/20,9.40,9.47,9.17,9.21,5781721,58122860.00
2012/07/23,9.10,9.10,8.83,8.85,5372701,52168548.00
2012/07/24,8.82,8.93,8.74,8.79,5000410,48096760.00
2012/07/25,8.77,8.87,8.64,8.68,4417367,42105204.00
2012/07/26,8.68,8.82,8.58,8.67,3899143,36960976.00
2012/07/27,8.64,8.79,8.64,8.75,2855544,27143434.00
2012/07/30,8.81,8.85,8.70,8.75,2620428,25071080.00
2012/07/31,8.69,8.82,8.69,8.75,4580812,43654780.00
2012/08/01,8.79,8.84,8.71,8.76,3797224,36289576.00
2012/08/02,8.74,8.75,8.51,8.69,3724261,35090748.00
2012/08/03,8.69,8.79,8.64,8.78,2923053,27787700.00
2012/08/06,8.78,8.97,8.73,8.91,3383203,32534818.00
2012/08/07,8.91,8.98,8.84,8.93,3424534,33217426.00
2012/08/08,8.95,9.00,8.82,8.86,2971783,28742074.00
2012/08/09,8.84,9.01,8.84,8.97,3265506,31737372.00
2012/08/10,8.97,9.00,8.86,8.91,2656160,25770406.00
2012/08/13,8.89,8.91,8.75,8.76,3457040,33212260.00
2012/08/14,8.76,8.84,8.67,8.83,2314719,22078956.00
2012/08/15,8.79,8.79,8.63,8.71,1585508,15060412.00
2012/08/16,8.72,8.72,8.62,8.64,1378453,13019590.00
2012/08/17,8.67,8.69,8.57,8.64,1360488,12798028.00
2012/08/20,8.55,8.58,8.43,8.51,1473489,13686673.00
2012/08/21,8.52,8.64,8.49,8.58,2429312,22711588.00
2012/08/22,8.59,8.61,8.44,8.48,2565548,23854536.00
2012/08/23,8.49,8.54,8.38,8.44,2746410,25286430.00
2012/08/24,8.40,8.43,8.30,8.32,2364080,21622120.00
2012/08/27,8.34,8.34,8.10,8.13,2216237,19826548.00
2012/08/28,8.14,8.16,8.02,8.06,4175723,36889656.00
2012/08/29,8.03,8.03,7.86,7.87,3673897,32006512.00
2012/08/30,7.85,8.05,7.84,8.01,4033382,35304936.00
2012/08/31,8.07,8.15,8.01,8.12,4028435,35680684.00
2012/09/03,8.07,8.24,8.02,8.14,3069182,27373902.00
2012/09/04,8.13,8.25,8.00,8.01,3263758,29120732.00
2012/09/05,8.02,8.40,8.01,8.30,4995838,45065200.00
2012/09/06,8.32,8.35,8.21,8.34,4514301,40831184.00
2012/09/07,8.49,8.74,8.35,8.52,14955920,139345968.00
2012/09/10,8.54,8.69,8.47,8.60,5553482,51981292.00
2012/09/11,8.56,8.68,8.47,8.61,7960260,74570528.00
2012/09/12,8.66,8.68,8.47,8.57,3160440,29542284.00
2012/09/13,8.56,8.60,8.44,8.45,4160598,38635720.00
2012/09/14,8.54,8.54,8.35,8.37,6591721,60678748.00
2012/09/17,8.37,8.41,8.03,8.05,4817777,43315588.00
2012/09/18,8.06,8.06,7.82,7.89,3814323,33222540.00
2012/09/19,7.90,7.94,7.79,7.93,4143886,35835284.00
2012/09/20,7.89,7.93,7.62,7.64,4838937,41443744.00
2012/09/21,7.60,7.69,7.58,7.63,3630189,30562626.00
2012/09/24,7.59,7.80,7.52,7.74,4254016,35926952.00
2012/09/25,7.74,7.79,7.65,7.67,1540042,13083028.00
2012/09/26,7.67,7.71,7.56,7.62,1917205,16083505.00
2012/09/27,7.62,7.92,7.57,7.80,3950986,33758248.00
2012/09/28,7.74,8.09,7.73,8.06,5034106,43759220.00
2012/10/08,8.03,8.09,7.92,8.02,3567684,31344962.00
2012/10/09,8.04,8.27,8.04,8.26,5119822,45956808.00
2012/10/10,8.22,8.27,8.16,8.23,7001112,63000360.00
2012/10/11,8.17,8.26,8.14,8.22,6067209,54616744.00
2012/10/12,8.26,8.32,8.05,8.15,6007331,53714080.00
2012/10/15,8.12,8.15,7.81,7.88,5133263,44798192.00
2012/10/16,7.89,7.97,7.83,7.89,2898398,25154758.00
2012/10/17,7.88,8.40,7.86,8.30,12993605,115970256.00
2012/10/18,8.27,8.48,8.23,8.44,9079952,82765816.00
2012/10/19,8.45,8.50,8.30,8.40,6665288,61209724.00
2012/10/22,8.37,8.70,8.28,8.61,14324385,132869560.00
2012/10/23,8.61,8.62,8.47,8.57,8428569,78621456.00
2012/10/24,8.49,8.61,8.33,8.41,17922708,166106224.00
2012/10/25,8.44,8.44,8.25,8.32,7250108,66114956.00
2012/10/26,8.25,8.36,8.06,8.15,5280511,47273472.00
2012/10/29,8.09,8.16,7.98,8.16,4916270,43449272.00
2012/10/30,8.14,8.25,8.09,8.21,5382353,48283396.00
2012/10/31,8.12,8.13,7.76,7.80,12473549,108031656.00
2012/11/01,7.81,7.94,7.80,7.88,5881071,50843020.00
2012/11/02,7.89,7.93,7.85,7.88,4289264,37175368.00
2012/11/05,7.90,7.94,7.61,7.65,10700994,90730504.00
2012/11/06,7.65,7.67,7.51,7.65,4872343,40810368.00
2012/11/07,7.65,7.70,7.52,7.63,4055926,34144848.00
2012/11/08,7.53,7.63,7.49,7.50,4053235,33749920.00
2012/11/09,7.49,7.55,7.44,7.48,2321506,19222392.00
2012/11/12,7.52,7.54,7.42,7.50,3049998,25203756.00
2012/11/13,7.49,7.49,7.38,7.42,2491342,20462946.00
2012/11/14,7.42,7.48,7.40,7.47,3089845,25367794.00
2012/11/15,7.42,7.43,7.14,7.17,4171253,33642344.00
2012/11/16,7.18,7.18,6.88,6.97,4703475,36475836.00
2012/11/19,6.97,6.97,6.86,6.94,3169949,24391404.00
2012/11/20,6.97,6.99,6.82,6.85,2405990,18494006.00
2012/11/21,6.87,7.00,6.78,6.99,3872227,29674736.00
2012/11/22,6.95,6.95,6.83,6.88,2054413,15778300.00
2012/11/23,6.92,7.02,6.88,6.95,3952454,30490874.00
2012/11/26,6.96,6.96,6.83,6.83,2714388,20803430.00
2012/11/27,6.83,6.84,6.56,6.57,3432192,25573702.00
2012/11/28,6.54,6.61,6.38,6.43,5055726,36698800.00
2012/11/29,6.46,6.52,6.37,6.40,3208056,23169428.00
2012/11/30,6.40,6.54,6.38,6.50,3431254,24851796.00
2012/12/03,6.51,6.53,6.34,6.34,3032045,21871892.00
2012/12/04,6.36,6.42,6.25,6.40,4230232,30096260.00
2012/12/05,6.40,6.70,6.36,6.61,9383947,68995240.00
2012/12/06,6.62,6.65,6.53,6.61,6479876,47789788.00
2012/12/07,6.61,6.85,6.55,6.82,9292897,69887936.00
2012/12/10,6.85,7.04,6.82,6.92,12698061,97868264.00
2012/12/11,6.91,6.97,6.84,6.91,5237719,40235556.00
2012/12/12,6.91,6.96,6.81,6.86,5450691,41744360.00
2012/12/13,6.86,6.92,6.72,6.77,7288872,55395544.00
2012/12/14,6.80,7.13,6.77,7.11,12982819,100794120.00
2012/12/17,7.11,7.33,7.04,7.28,10124487,81170640.00
2012/12/18,7.25,7.35,7.13,7.16,6675716,53565208.00
2012/12/19,7.18,7.29,7.13,7.25,6174667,49373012.00
2012/12/20,7.22,7.41,7.17,7.32,5823746,46915576.00
2012/12/21,7.27,7.38,7.11,7.23,7822225,62606812.00
2012/12/24,7.22,7.30,7.16,7.23,6732728,54007120.00
2012/12/25,7.23,7.61,7.18,7.53,15264257,124357168.00
2012/12/26,7.51,7.71,7.47,7.67,10492314,87888832.00
2012/12/27,7.70,7.77,7.48,7.52,8239904,68857320.00
2012/12/28,7.47,7.84,7.47,7.81,10170812,85725928.00
2012/12/31,7.82,7.91,7.72,7.80,9401226,80532376.00
2013/01/04,7.88,7.92,7.61,7.82,8897674,76245328.00
2013/01/07,7.82,8.20,7.74,8.13,17426568,154025168.00
2013/01/08,8.17,8.25,8.02,8.20,9211599,82236344.00
2013/01/09,8.18,8.21,7.98,8.05,9503632,84150832.00
2013/01/10,8.03,8.12,7.92,8.01,6762192,59474408.00
2013/01/11,7.98,8.04,7.62,7.70,11563917,98902288.00
2013/01/14,7.65,7.94,7.60,7.89,10886612,93331896.00
2013/01/15,7.90,8.15,7.85,8.12,16750860,147281312.00
2013/01/16,8.10,8.10,7.80,7.89,10537176,91919320.00
2013/01/17,7.88,7.92,7.74,7.76,7393160,63487068.00
2013/01/18,7.78,7.92,7.75,7.90,10508471,90459808.00
2013/01/21,7.89,8.07,7.86,8.03,9523185,83196296.00
2013/01/22,8.06,8.21,7.84,7.94,15948643,140391616.00
2013/01/23,7.92,8.11,7.83,8.02,10888491,95249848.00
2013/01/24,8.02,8.18,7.74,7.81,12597028,110453200.00
2013/01/25,7.85,7.91,7.62,7.65,6779585,57675268.00
2013/01/28,7.71,7.84,7.65,7.83,7697043,65799128.00
2013/01/29,7.84,7.98,7.83,7.89,10816836,93874064.00
2013/01/30,7.89,8.12,7.85,8.09,13165147,115375656.00
2013/01/31,8.12,8.31,7.97,8.10,18476079,164850912.00
2013/02/01,8.08,8.38,8.02,8.37,17367327,155937856.00
2013/02/04,8.38,8.58,8.30,8.40,17235596,158557312.00
2013/02/05,8.37,8.49,8.23,8.45,9464754,86722872.00
2013/02/06,8.46,8.67,8.46,8.57,10658597,99914400.00
2013/02/07,8.60,8.65,8.22,8.43,10368030,95255376.00
2013/02/08,8.39,8.51,8.35,8.43,10259347,94729000.00
2013/02/18,8.40,8.49,8.15,8.26,13660279,123630200.00
2013/02/19,8.27,8.28,8.02,8.04,11587561,103006632.00
2013/02/20,8.04,8.19,7.97,8.17,8007282,71234952.00
2013/02/21,8.12,8.12,7.88,7.91,10857918,95484976.00
2013/02/22,7.88,8.01,7.81,7.84,5862410,51038904.00
2013/02/25,7.88,7.96,7.81,7.86,6829177,59012344.00
2013/02/26,7.81,7.91,7.74,7.75,6884679,59174484.00
2013/02/27,7.80,7.85,7.69,7.76,4434440,37921828.00
2013/02/28,7.78,7.95,7.77,7.89,6542186,56511664.00
2013/03/01,7.90,7.99,7.71,7.79,15463373,133043424.00
2013/03/04,7.73,7.80,7.22,7.30,15324115,126786512.00
2013/03/05,7.33,7.37,7.17,7.34,13556973,109248568.00
2013/03/06,7.39,7.44,7.30,7.42,8760127,71510912.00
2013/03/07,7.43,7.44,7.30,7.35,7632889,62267660.00
2013/03/08,7.36,7.56,7.34,7.39,9012351,74303528.00
2013/03/11,7.39,7.43,7.29,7.32,5490697,44642924.00
2013/03/12,7.32,7.37,7.04,7.13,7643939,60971164.00
2013/03/13,7.10,7.13,6.93,7.07,4425738,34619444.00
2013/03/14,6.99,7.15,6.99,7.07,3186026,25079164.00
2013/03/15,7.09,7.19,7.01,7.12,4759842,37607384.00
2013/03/18,7.10,7.15,6.96,6.97,3941282,30801214.00
2013/03/19,7.02,7.04,6.96,7.01,3228154,25086876.00
2013/03/20,7.04,7.29,7.02,7.27,6906644,54957968.00
2013/03/21,7.25,7.32,7.19,7.25,5400818,43393624.00
2013/03/22,7.26,7.34,7.20,7.31,5390566,43366828.00
2013/03/25,7.35,7.37,7.26,7.33,3467894,28062004.00
2013/03/26,7.31,7.34,7.06,7.19,5574009,44339032.00
2013/03/27,7.17,7.27,7.03,7.06,5932932,47022756.00
2013/03/28,7.05,7.05,6.87,6.90,6426328,49550936.00
2013/03/29,6.96,7.02,6.89,6.90,4850063,37430932.00
2013/04/01,6.87,6.98,6.87,6.93,3431156,26448922.00
2013/04/02,6.90,7.01,6.89,6.95,3875120,29931338.00
2013/04/03,6.95,7.01,6.85,6.92,3225604,24825422.00
2013/04/08,6.83,6.85,6.69,6.77,6073155,45662228.00
2013/04/09,6.79,6.85,6.77,6.82,4468081,33902436.00
2013/04/10,6.80,6.86,6.79,6.86,3127769,23790206.00
2013/04/11,6.88,6.93,6.82,6.85,3928331,30093428.00
2013/04/12,6.84,6.87,6.72,6.77,5140577,38992304.00
2013/04/15,6.77,6.82,6.72,6.77,5593763,42213096.00
2013/04/16,6.76,6.92,6.74,6.92,7259591,55395008.00
2013/04/17,6.89,7.02,6.89,6.99,6242081,48337944.00
2013/04/18,6.98,7.02,6.91,6.97,5981248,46303880.00
2013/04/19,7.00,7.18,6.97,7.12,8046984,63452880.00
2013/04/22,7.11,7.18,7.09,7.13,5858737,46412268.00
2013/04/23,7.09,7.12,6.85,6.86,4041309,31258474.00
2013/04/24,6.86,7.02,6.82,6.94,5100351,39241380.00
2013/04/25,6.92,6.94,6.81,6.82,4215849,32183020.00
2013/04/26,6.84,6.90,6.70,6.73,5341748,40351128.00
2013/05/02,6.73,6.78,6.72,6.76,2696710,20302478.00
2013/05/03,6.80,6.94,6.77,6.91,9206161,70558784.00
2013/05/06,6.93,7.14,6.93,7.08,10524687,82626184.00
2013/05/07,7.04,7.15,7.00,7.11,5441250,42819744.00
2013/05/08,7.14,7.15,7.03,7.08,4894072,38533232.00
2013/05/09,7.06,7.12,6.96,7.02,5829932,45601872.00
2013/05/10,7.01,7.07,6.95,7.03,5309727,41349784.00
2013/05/13,7.11,7.14,7.02,7.09,5383401,42346132.00
2013/05/14,7.06,7.09,6.92,6.93,4533924,35213116.00
2013/05/15,6.92,7.02,6.92,7.02,4988006,38633896.00
2013/05/16,7.03,7.17,6.96,7.14,10520143,82928720.00
2013/05/17,7.15,7.30,7.09,7.27,13258666,105861992.00
2013/05/20,7.28,7.39,7.23,7.31,16119557,130362408.00
2013/05/21,7.32,7.90,7.30,7.84,32912271,276269472.00
2013/05/22,7.77,7.86,7.67,7.71,30583709,261149136.00
2013/05/23,7.66,7.81,7.58,7.59,28549955,243026576.00
2013/05/24,7.64,7.81,7.60,7.75,14443007,122711640.00
2013/05/27,7.73,7.79,7.67,7.72,9880982,84002928.00
2013/05/28,7.71,7.81,7.57,7.76,17048458,145062160.00
2013/05/29,7.80,7.91,7.67,7.69,13527955,115848608.00
2013/05/30,7.65,7.86,7.48,7.85,24059790,204055936.00
2013/05/31,7.89,8.16,7.82,8.01,33331226,291816928.00
2013/06/03,8.02,8.19,7.83,7.87,25629105,225133920.00
2013/06/04,7.82,7.91,7.50,7.55,17958444,151250576.00
2013/06/05,7.55,7.63,7.49,7.60,10102498,84298928.00
2013/06/06,7.55,7.68,7.40,7.43,10557113,88120648.00
2013/06/07,7.46,7.50,7.14,7.21,12758224,103114632.00
2013/06/13,7.10,7.11,6.77,6.95,9266117,71589776.00
2013/06/14,6.98,7.02,6.86,6.99,9254339,71492800.00
2013/06/17,7.02,7.04,6.87,6.89,8120541,62783632.00
2013/06/18,6.95,7.06,6.92,6.99,7065324,54861120.00
2013/06/19,6.96,6.98,6.85,6.96,7403492,56967740.00
2013/06/20,6.96,7.00,6.78,6.79,6004881,46213040.00
2013/06/21,6.73,6.85,6.66,6.81,6521039,49160520.00
2013/06/24,6.74,6.83,6.37,6.52,9105216,66982108.00
2013/06/25,6.47,6.49,5.87,6.22,16026126,112216240.00
2013/06/26,6.23,6.34,6.10,6.21,8147013,56859072.00
2013/06/27,6.21,6.30,6.04,6.06,6822246,47420500.00
2013/06/28,6.03,6.23,6.01,6.09,7263532,50022816.00
2013/07/01,6.10,6.25,6.02,6.22,6461622,44676500.00
2013/07/02,6.22,6.28,6.10,6.26,6063667,42260344.00
2013/07/03,6.23,6.23,6.06,6.14,4646657,32119456.00
2013/07/04,6.18,6.32,6.10,6.22,6923890,48467864.00
2013/07/05,6.24,6.31,6.20,6.20,4652251,32702990.00
2013/07/08,6.12,6.13,5.81,5.93,13351945,89760768.00
2013/07/09,5.97,6.21,5.95,6.12,13875057,94722632.00
2013/07/10,6.12,6.30,6.07,6.29,14017978,97320968.00
2013/07/11,6.30,6.62,6.24,6.50,17109289,123435456.00
2013/07/12,6.46,6.48,6.20,6.23,13496805,96081880.00
2013/07/15,6.22,6.39,6.22,6.30,6458595,45740364.00
2013/07/16,6.27,6.36,6.21,6.35,9444174,66495456.00
2013/07/17,6.32,6.34,6.14,6.16,10120530,71098680.00
2013/07/18,6.13,6.18,6.01,6.05,8378666,57406348.00
2013/07/19,6.04,6.62,6.03,6.46,28796798,202543216.00
2013/07/22,6.32,6.49,6.27,6.44,29654305,212122048.00
2013/07/23,6.49,6.58,6.37,6.46,21894088,158086336.00
2013/07/24,6.41,6.46,6.29,6.37,11194836,79944480.00
2013/07/25,6.38,6.42,6.28,6.32,7694453,54766656.00
2013/07/26,6.29,6.36,6.20,6.23,8869102,62462268.00
2013/07/29,6.22,6.22,6.03,6.05,6513937,42823456.00
2013/07/30,6.08,6.16,6.00,6.09,5183231,34042488.00
2013/07/31,6.12,6.19,6.08,6.09,3492577,23068616.00
2013/08/01,6.11,6.21,6.09,6.19,6584859,43748324.00
2013/08/02,6.23,6.26,6.14,6.16,6099191,40689428.00
2013/08/05,6.16,6.49,6.13,6.48,14196251,96127296.00
2013/08/06,6.42,6.52,6.36,6.47,12372859,85579328.00
2013/08/07,6.46,6.49,6.26,6.31,11342682,77866384.00
2013/08/08,6.30,6.38,6.30,6.33,5344480,36434316.00
2013/08/09,6.37,6.46,6.31,6.42,6949717,47823072.00
2013/08/12,6.45,6.58,6.42,6.57,11118870,77757288.00
2013/08/13,6.56,6.59,6.51,6.57,6466875,45465348.00
2013/08/14,6.59,6.67,6.50,6.58,11324828,80108824.00
2013/08/15,6.57,6.84,6.53,6.62,17456028,125057456.00
2013/08/16,6.58,6.76,6.41,6.44,15949845,112709488.00
2013/08/19,6.41,6.59,6.39,6.54,7483725,52325304.00
2013/08/20,6.50,6.66,6.50,6.58,7592689,53722176.00
2013/08/21,6.61,6.72,6.55,6.71,9283392,66427900.00
2013/08/22,6.70,6.76,6.66,6.75,10320129,74132624.00
2013/08/23,6.86,6.94,6.71,6.80,22530969,165243040.00
2013/08/26,6.84,7.44,6.78,7.28,39210515,300715616.00
2013/08/27,7.22,7.64,7.18,7.28,43806938,346809312.00
2013/08/28,7.21,7.79,7.17,7.63,57162876,461022432.00
2013/08/29,7.61,7.74,7.42,7.57,30744430,246843984.00
2013/08/30,7.60,8.02,7.54,7.73,56836903,473147552.00
2013/09/02,7.77,7.90,7.28,7.40,30897589,246327264.00
2013/09/03,7.39,7.56,7.30,7.51,18407797,146362688.00
2013/09/04,7.52,7.65,7.43,7.53,14066739,112757896.00
2013/09/05,7.50,7.51,7.21,7.29,17378053,135302880.00
2013/09/06,7.29,7.66,7.27,7.57,22229640,177294048.00
2013/09/09,7.57,7.97,7.51,7.88,39855836,329868192.00
2013/09/10,7.93,8.54,7.92,8.24,49199189,430146976.00
2013/09/11,8.30,8.41,7.94,8.15,31239402,270020768.00
2013/09/12,8.15,8.75,8.07,8.52,43101366,384766496.00
2013/09/13,8.52,8.92,8.37,8.43,45459574,415226624.00
2013/09/16,8.49,8.56,8.31,8.50,19626914,175419872.00
2013/09/17,8.42,8.45,8.03,8.04,23191927,200943328.00
2013/09/18,8.02,8.89,7.93,8.89,44977449,407545856.00
2013/09/23,9.13,9.83,9.05,9.83,76641123,765939328.00
2013/09/24,10.37,10.61,9.93,10.06,81034219,867652544.00
2013/09/25,10.12,10.42,9.56,9.99,71234821,748816128.00
2013/09/26,9.83,9.90,9.13,9.15,57567970,575510336.00
2013/09/27,9.42,10.11,9.32,10.11,86261397,903185536.00
2013/09/30,10.11,10.31,9.72,10.26,64248352,679352448.00
2013/10/08,10.05,10.35,9.73,10.01,47899322,503677152.00
2013/10/09,9.86,10.50,9.78,10.39,44123531,469038528.00
2013/10/10,10.58,11.48,10.32,10.87,65329692,757629568.00
2013/10/11,10.89,11.72,10.87,11.36,60062293,707567104.00
2013/10/14,11.27,11.93,11.24,11.34,39343972,474064832.00
2013/10/15,11.41,11.78,10.95,11.07,31105770,367375136.00
2013/10/16,10.88,10.95,9.93,10.38,42673630,465348992.00
2013/10/17,10.41,11.26,10.21,10.47,22225385,248408096.00
2013/10/18,10.53,10.62,10.03,10.44,15656747,168579216.00
2013/10/21,10.50,11.49,10.50,11.25,32074728,369904672.00
2013/10/22,11.12,11.41,10.63,10.77,18165404,207891392.00
2013/10/23,10.82,11.01,9.65,9.72,32863506,344454048.00
2013/10/24,9.64,9.82,9.28,9.50,16072228,160970048.00
2013/10/25,9.51,9.60,9.02,9.23,15190032,147271248.00
2013/10/28,9.19,9.60,9.18,9.45,19368387,191157024.00
2013/10/29,9.45,9.49,8.78,9.10,17072337,163473104.00
2013/10/30,9.04,9.37,8.97,9.28,9255962,89207936.00
2013/10/31,9.28,9.28,8.80,8.81,10115607,95606136.00
2013/11/01,8.91,9.02,8.66,8.91,9516464,88889224.00
2013/11/04,8.88,9.00,8.77,8.87,7384344,68929664.00
2013/11/05,8.80,9.21,8.73,9.18,10494901,99875704.00
2013/11/06,9.11,9.19,8.89,8.95,8886519,84611312.00
2013/11/07,8.88,8.93,8.71,8.78,5219080,48475964.00
2013/11/08,8.70,8.85,8.42,8.48,10752983,97420952.00
2013/11/11,8.35,8.47,8.09,8.31,12038746,105163184.00
2013/11/12,8.31,8.51,8.23,8.45,7421153,65922296.00
2013/11/13,8.37,8.37,8.09,8.18,9454992,82322960.00
2013/11/14,8.10,8.63,8.07,8.50,15869118,140162400.00
2013/11/15,8.47,9.40,8.43,9.40,23488959,228172080.00
2013/11/18,9.93,10.12,9.66,9.73,38004402,392197216.00
2013/11/19,9.57,9.87,9.45,9.53,28945839,292802464.00
2013/11/20,9.59,9.85,9.48,9.83,18546944,189305360.00
2013/11/21,9.72,10.36,9.66,9.86,26744559,279431552.00
2013/11/22,9.73,9.92,9.57,9.80,11599304,118550624.00
2013/11/25,9.72,10.37,9.68,9.98,22410621,236372480.00
2013/11/26,9.93,10.56,9.92,10.32,29469771,316666304.00
2013/11/27,10.32,10.49,10.18,10.35,13152271,142187680.00
2013/11/28,10.38,10.73,10.19,10.21,20349938,222632096.00
2013/11/29,10.27,10.27,9.96,10.22,17122256,181094064.00
2013/12/02,10.02,10.02,9.46,9.60,21929325,223941936.00
2013/12/03,9.57,9.88,9.40,9.74,24020913,241628144.00
2013/12/04,9.77,10.39,9.63,10.17,28300903,300037792.00
2013/12/05,10.19,10.65,9.97,10.53,35520680,383101728.00
2013/12/06,10.50,10.81,10.41,10.61,32584230,361443296.00
2013/12/09,10.61,10.76,10.43,10.64,16724044,184788464.00
2013/12/10,10.69,11.37,10.69,11.03,31115842,358886720.00
2013/12/11,10.87,11.03,10.52,10.62,21046598,235415168.00
2013/12/12,10.65,11.11,10.60,10.64,17334876,195567072.00
2013/12/13,10.53,10.79,10.40,10.63,11084715,123195696.00
2013/12/16,10.72,10.86,9.86,10.15,27328032,292413856.00
2013/12/17,10.12,10.20,9.62,9.72,15994753,165118640.00
2013/12/18,9.81,9.87,9.29,9.40,19938357,198921376.00
2013/12/19,9.43,9.48,9.02,9.19,13709345,133567968.00
2013/12/20,9.15,9.46,9.04,9.18,10809788,104650112.00
2013/12/23,9.37,9.37,8.93,9.21,9978240,96413488.00
2013/12/24,9.23,9.41,9.11,9.29,11051267,108282504.00
2013/12/25,9.29,9.39,9.22,9.34,7163546,70150456.00
2013/12/26,9.35,9.37,9.03,9.07,10774208,103484808.00
2013/12/27,9.04,9.17,8.95,9.12,8926122,85261312.00
2013/12/30,9.18,9.33,9.12,9.26,9847964,95547992.00
2013/12/31,9.16,9.40,9.14,9.39,8727086,85420256.00
2014/01/02,9.38,9.38,9.04,9.12,11173882,107647656.00
2014/01/03,9.03,9.09,8.61,8.62,18672929,171927184.00
2014/01/06,8.61,8.61,8.15,8.19,16803070,147242816.00
2014/01/07,8.12,8.38,8.07,8.32,8485550,73880448.00
2014/01/08,8.27,8.34,8.12,8.15,8807955,76752992.00
2014/01/09,8.13,8.39,8.07,8.09,9822101,85814072.00
2014/01/10,8.07,8.25,7.77,7.83,10158458,86068648.00
2014/01/13,7.88,8.04,7.82,7.96,9746982,82234720.00
2014/01/14,7.98,8.17,7.96,8.16,6467739,55453924.00
2014/01/15,8.15,8.16,7.92,8.02,8130134,68993920.00
2014/01/16,8.03,8.15,7.98,8.07,5761768,49318952.00
2014/01/17,8.05,8.05,7.77,7.83,10217674,85411368.00
2014/01/20,7.86,7.86,7.63,7.71,9193164,75226560.00
2014/01/21,7.75,7.94,7.70,7.92,7611871,63472828.00
2014/01/22,7.92,8.32,7.90,8.22,14480639,125733408.00
2014/01/23,8.30,8.33,8.17,8.19,8907570,77723536.00
2014/01/24,8.22,8.38,8.16,8.33,10895412,95612232.00
2014/01/27,8.26,8.44,8.21,8.31,12752932,112445352.00
2014/01/28,8.37,8.47,8.24,8.34,8620264,76173480.00
2014/01/29,8.40,8.44,8.28,8.35,8860717,78429776.00
2014/01/30,8.31,8.39,8.15,8.31,9751646,85350448.00
2014/02/07,8.23,8.28,8.07,8.27,7010754,60793308.00
2014/02/10,8.28,8.62,8.26,8.60,15328894,137520736.00
2014/02/11,8.55,8.76,8.48,8.69,17238012,157029712.00
2014/02/12,8.73,8.87,8.62,8.82,12519897,115647024.00
2014/02/13,8.82,9.29,8.75,9.06,27544446,263577536.00
2014/02/14,9.11,9.41,8.96,9.35,23116419,224415680.00
2014/02/17,9.39,9.66,9.22,9.59,23738321,234743008.00
2014/02/18,9.48,9.48,9.30,9.34,18441975,181842400.00
2014/02/19,9.27,9.51,9.17,9.25,14423551,141586608.00
2014/02/20,9.48,10.02,9.32,9.43,30048384,303196832.00
2014/02/21,9.39,9.47,8.74,8.93,21277637,203011136.00
2014/02/24,8.92,8.92,8.47,8.60,17518001,160528208.00
2014/02/25,8.69,8.81,8.12,8.22,18853268,169418128.00
2014/02/26,8.27,8.40,8.17,8.37,12914872,113344008.00
2014/02/27,8.42,8.49,8.04,8.06,15119873,132485320.00
2014/02/28,8.12,8.27,7.94,8.23,9901386,84856432.00
2014/03/03,8.17,9.10,8.17,9.01,41941297,393928608.00
2014/03/04,8.82,8.94,8.55,8.72,23502880,216442416.00
2014/03/05,8.73,8.80,8.51,8.57,15801409,143762624.00
2014/03/06,8.56,8.64,8.25,8.52,15692562,140521232.00
2014/03/07,8.52,8.56,8.26,8.31,14331317,126991352.00
2014/03/10,8.25,8.26,7.89,7.93,13418336,114905648.00
2014/03/11,7.93,8.08,7.83,8.05,9037301,76605160.00
2014/03/12,8.10,8.60,8.07,8.35,22466125,197652480.00
2014/03/13,8.32,8.46,8.22,8.38,9253249,81562480.00
2014/03/14,8.28,8.34,8.04,8.16,7960416,68878488.00
2014/03/17,8.22,8.24,8.10,8.24,10300125,89082328.00
2014/03/18,8.28,8.31,8.17,8.26,13060228,113850152.00
2014/03/19,8.23,8.39,8.08,8.38,16039096,140079792.00
2014/03/20,8.35,8.64,8.31,8.40,24832500,223090512.00
2014/03/21,8.47,9.18,8.46,8.92,44521325,414960288.00
2014/03/24,9.07,9.47,9.01,9.38,50523939,491983872.00
2014/03/25,9.58,10.37,9.44,10.37,102503598,1089748992.00
2014/03/26,10.30,10.37,9.97,10.14,57533304,611589952.00
2014/03/27,10.35,11.02,10.17,10.49,75944343,834101824.00
2014/03/28,10.42,11.11,10.10,10.13,64933423,719632512.00
2014/03/31,10.28,10.62,9.52,9.74,50721274,534090432.00
2014/04/01,9.82,10.04,9.74,9.99,21851735,226905984.00
2014/04/02,9.98,10.13,9.75,10.12,23341137,243400544.00
2014/04/03,10.14,10.20,9.74,9.79,18756647,194562208.00
2014/04/04,9.88,10.25,9.76,10.12,21106208,222937792.00
2014/04/08,10.12,10.57,10.10,10.44,26597866,289122016.00
2014/04/09,10.47,10.71,10.34,10.41,17942164,196344768.00
2014/04/10,10.42,10.61,10.38,10.51,21440345,235067024.00
2014/04/11,10.67,10.99,10.59,10.93,37496174,422597504.00
2014/04/14,11.11,11.25,10.87,10.96,30349647,350121152.00
2014/04/15,10.88,11.06,10.52,10.63,25510118,287527488.00
2014/04/16,10.60,11.17,10.57,11.11,27134842,307978816.00
2014/04/17,11.17,11.35,11.02,11.19,23762441,277080224.00
2014/04/18,11.18,11.66,10.97,11.57,48598972,579760128.00
2014/04/21,11.52,12.62,11.40,11.70,76446186,950926656.00
2014/04/22,11.69,12.50,11.44,12.43,53216759,658733696.00
2014/04/23,12.35,12.78,12.02,12.09,44977314,578047744.00
2014/04/24,12.17,12.27,11.64,12.18,36440612,453083840.00
2014/04/25,12.12,12.64,12.08,12.23,43891892,564138816.00
2014/04/28,11.83,12.09,11.02,11.09,42593693,512610784.00
2014/04/29,11.20,12.25,11.20,12.25,34635408,423554848.00
2014/04/30,12.48,13.16,12.20,12.85,44684734,587733952.00
2014/05/05,12.90,13.19,12.63,13.05,32173843,431024544.00
2014/05/06,13.02,13.10,12.65,12.75,26081577,347633536.00
2014/05/07,12.70,13.09,12.44,12.54,34065286,450767840.00
2014/05/08,12.45,12.89,12.23,12.56,27148810,355604096.00
2014/05/09,12.58,12.65,11.97,12.22,27851839,354317664.00
2014/05/12,12.43,12.85,12.34,12.71,27482948,361144704.00
2014/05/13,12.61,12.86,12.39,12.54,19579240,255932176.00
2014/05/14,12.56,12.82,12.32,12.74,22574441,294420960.00
2014/05/15,12.68,12.78,12.34,12.41,14153420,184241056.00
2014/05/16,12.43,12.72,12.27,12.64,15950831,207142512.00
2014/05/19,12.67,12.68,12.40,12.50,9775254,127044040.00
2014/05/20,12.61,12.68,11.20,11.59,43261253,532060960.00
2014/05/21,11.52,11.75,11.13,11.41,21555785,256622176.00
2014/05/22,11.43,11.69,11.23,11.44,16762756,200049856.00
2014/05/23,11.37,11.53,11.20,11.44,11995758,142261520.00
2014/05/26,11.46,11.83,11.45,11.70,11541019,140433648.00
2014/05/27,11.77,11.77,11.54,11.57,7323481,88729848.00
2014/05/28,11.62,11.74,11.20,11.48,14455524,172202592.00
2014/05/29,11.54,12.02,11.35,11.83,24249793,295827776.00
2014/05/30,11.82,12.50,11.63,12.43,29206200,367259424.00
2014/06/03,12.32,12.49,12.16,12.24,12949119,165322336.00
2014/06/04,12.20,12.34,11.78,11.91,14292753,177809088.00
2014/06/05,11.83,11.91,11.57,11.76,12061629,147432656.00
2014/06/06,11.81,11.91,11.60,11.77,9446872,115702144.00
2014/06/09,11.64,11.66,11.20,11.28,18479108,219268816.00
2014/06/10,11.25,11.47,11.23,11.41,8744630,103740256.00
2014/06/11,11.27,11.64,11.22,11.37,15183246,180197296.00
2014/06/12,11.30,11.31,10.46,10.66,40578623,454360320.00
2014/06/13,10.62,10.72,10.32,10.53,26028516,287347200.00
2014/06/16,10.52,10.55,10.36,10.46,15886825,173758448.00
2014/06/17,10.49,10.69,10.45,10.63,15997280,177443616.00
2014/06/18,10.74,11.00,10.46,10.52,35870802,403397248.00
2014/06/19,10.50,10.83,10.38,10.55,18219736,202291536.00
2014/06/20,10.63,10.75,10.54,10.73,10166030,113237648.00
2014/06/23,10.78,10.84,10.52,10.62,9308747,103783168.00
2014/06/24,10.62,10.71,10.57,10.63,7262950,80654024.00
2014/06/25,10.66,10.66,10.02,10.09,18906824,203089568.00
2014/06/26,10.17,10.28,10.10,10.22,12056374,128935376.00
2014/06/27,10.23,10.49,10.12,10.28,14196109,153482416.00
2014/06/30,10.31,10.58,10.28,10.50,12922827,141608368.00
2014/07/01,10.54,10.59,10.33,10.40,13047275,142054192.00
2014/07/02,10.42,10.89,10.28,10.82,26605248,295867616.00
2014/07/03,10.84,10.99,10.69,10.85,17124444,194060448.00
2014/07/04,10.96,11.18,10.89,11.03,18462059,212586192.00
2014/07/07,11.04,11.10,10.74,10.93,14045532,159976224.00
2014/07/08,10.95,11.04,10.67,10.72,15925041,179412192.00
2014/07/09,10.70,10.71,10.23,10.26,21747052,237398672.00
2014/07/10,10.27,10.45,10.17,10.20,11532635,124545608.00
2014/07/11,10.21,10.46,10.15,10.33,12043004,130646128.00
2014/07/14,10.37,10.49,10.28,10.49,10491339,114088544.00
2014/07/15,10.51,10.54,10.32,10.51,13225170,144206768.00
2014/07/16,10.54,10.67,10.40,10.47,11880754,130565216.00
2014/07/17,10.47,10.51,10.34,10.49,8183583,89237400.00
2014/07/18,10.47,10.53,10.37,10.39,8137200,88943624.00
2014/07/21,10.39,10.46,10.16,10.20,10497561,112632112.00
2014/07/22,10.19,10.47,10.10,10.43,10047498,108789536.00
2014/07/23,10.45,10.50,10.27,10.30,9923362,105162112.00
2014/07/24,10.31,10.60,10.23,10.53,17058266,181829632.00
2014/07/25,10.53,10.95,10.48,10.91,21730872,239293840.00
2014/07/28,11.04,11.23,10.91,11.08,25853499,292399264.00
2014/07/29,11.08,11.32,10.97,11.10,23181231,264393056.00
2014/07/30,11.05,11.17,10.93,11.00,15260582,172149936.00
2014/07/31,11.00,11.24,10.95,11.24,15990856,182370464.00
2014/08/01,11.24,11.40,11.13,11.17,19243945,221615456.00
2014/08/04,11.15,11.30,11.13,11.24,12247871,140258320.00
2014/08/05,11.37,11.63,11.27,11.36,16940790,198149440.00
2014/08/06,11.38,12.05,11.30,12.04,31398416,376001184.00
2014/08/07,11.95,12.12,11.73,11.78,21786466,264436320.00
2014/08/08,11.85,11.97,11.61,11.68,15389495,183988128.00
2014/08/11,11.59,12.13,11.40,12.10,35198528,424327904.00
2014/08/12,12.10,12.65,12.08,12.41,36130983,456774912.00
2014/08/13,12.35,12.50,12.19,12.35,16847146,211695872.00
2014/08/14,12.35,12.60,12.20,12.27,15694506,198767520.00
2014/08/15,12.31,12.64,12.31,12.52,15289611,194854144.00
2014/08/18,12.62,12.66,12.41,12.59,16231524,207292816.00
2014/08/19,12.54,12.54,12.37,12.44,14876212,188724368.00
2014/08/20,12.38,12.52,12.13,12.15,18227638,229088976.00
2014/08/21,12.15,12.49,12.12,12.36,19333243,243210912.00
2014/08/22,12.30,12.50,12.25,12.38,12321244,155500224.00
2014/08/25,12.38,12.38,11.94,11.95,16842809,207955184.00
2014/08/26,11.94,12.06,11.75,11.79,14332807,173728384.00
2014/08/27,11.79,11.84,11.63,11.68,10496475,125663512.00
2014/08/28,11.71,11.92,11.66,11.84,11202215,135069984.00
2014/08/29,11.86,12.23,11.80,12.18,13386682,164632128.00
2014/09/01,12.20,12.26,12.04,12.23,12410495,154176480.00
2014/09/02,12.21,12.32,12.07,12.26,14533711,180938208.00
2014/09/03,12.26,12.43,12.18,12.27,13977443,175294832.00
2014/09/04,12.27,12.60,12.23,12.49,20917849,266470368.00
2014/09/05,12.53,12.60,12.21,12.31,30717091,386750560.00
2014/09/10,12.35,12.45,12.11,12.19,21562884,268870880.00
2014/09/11,12.18,12.22,11.92,11.95,30037976,369823200.00
2014/09/12,11.96,12.12,11.93,12.08,15263266,187017904.00
2014/09/15,12.10,12.29,12.04,12.13,18945239,234820848.00
2014/09/16,12.18,12.63,12.15,12.24,44126972,558938624.00
2014/09/17,12.24,12.31,11.80,12.09,18761804,230923600.00
2014/09/18,12.04,12.14,11.89,12.01,12742101,155892928.00
2014/09/19,12.02,12.40,11.98,12.37,25560420,319790496.00
2014/09/22,12.54,12.63,12.28,12.39,26932760,342418560.00
2014/09/23,12.43,12.52,12.29,12.44,17675539,223982112.00
2014/09/24,12.43,12.68,12.35,12.63,25905094,331624832.00
2014/09/25,12.70,12.74,12.40,12.45,22559624,288373184.00
2014/09/26,12.43,12.62,12.35,12.51,14044573,178272288.00
2014/09/29,12.56,12.63,12.43,12.48,17967361,229086528.00
2014/09/30,12.52,12.93,12.45,12.91,36906306,479184000.00
2014/10/08,12.95,12.99,12.71,12.87,23558880,308079744.00
2014/10/09,12.87,12.91,12.50,12.59,30993978,400143680.00
2014/10/10,12.51,12.53,12.30,12.40,25468494,321899712.00
2014/10/13,12.37,12.37,12.13,12.27,15936753,198807984.00
2014/10/14,12.27,12.34,12.16,12.30,14783760,184846768.00
2014/10/15,12.29,12.33,12.16,12.28,12012924,150125824.00
2014/10/16,12.25,12.27,11.95,11.99,18163257,225291984.00
2014/10/17,12.02,12.13,11.63,11.78,19420910,234637072.00
2014/10/20,11.80,11.94,11.73,11.89,9710534,117558488.00
2014/10/21,11.88,11.95,11.72,11.73,10552036,127322888.00
2014/10/22,11.73,11.79,11.61,11.63,10927506,130418664.00
2014/10/23,11.65,11.71,11.22,11.24,16677569,194570144.00
2014/10/24,11.22,11.46,11.15,11.27,10770313,124014368.00
2014/10/27,11.30,11.52,11.28,11.41,8597304,100287960.00
2014/10/28,11.35,11.68,11.35,11.59,14889957,175595344.00
2014/10/29,11.61,12.16,11.59,12.13,33382087,407981152.00
2014/10/30,12.27,12.71,12.27,12.38,52211540,665715328.00
2014/10/31,12.32,12.57,12.17,12.45,30467829,385150496.00
2014/11/03,12.50,12.60,12.37,12.45,23156367,295047136.00
2014/11/04,12.41,12.42,12.17,12.20,19726596,247007824.00
2014/11/05,12.17,12.30,12.12,12.20,10998242,137234688.00
2014/11/06,12.15,12.26,12.10,12.21,12859843,159782464.00
2014/11/07,12.21,12.53,12.10,12.17,27614185,346782240.00
2014/11/10,12.15,12.47,12.05,12.44,20713283,259857712.00
2014/11/11,12.52,12.72,12.32,12.66,55814050,714688896.00
2014/11/12,12.90,13.95,12.81,13.95,128757561,1785812480.00
2014/11/13,13.95,14.52,13.73,13.88,107825305,1546923776.00
2014/11/14,14.11,14.87,13.91,14.30,90720070,1327271296.00
2014/11/17,14.55,14.71,13.75,14.04,65556955,946569664.00
2014/11/18,13.75,14.18,13.74,13.86,34485002,489806880.00
2014/11/19,13.90,14.57,13.86,14.11,48579157,701808704.00
2014/11/20,14.13,14.51,13.97,14.49,43812043,638390656.00
2014/11/21,14.49,14.65,14.31,14.48,47684749,701507200.00
2014/11/24,14.83,14.93,14.40,14.74,58230351,868886400.00
2014/11/25,14.98,16.24,14.89,16.24,44755523,720543424.00
2014/11/26,16.83,16.83,15.79,16.47,95043559,1574430976.00
2014/11/27,16.30,16.46,15.93,16.19,51394804,842567232.00
2014/11/28,16.06,16.63,15.88,16.03,63431435,1048990848.00
2014/12/01,15.91,15.93,15.30,15.45,49289145,779070144.00
2014/12/02,15.45,16.01,15.44,15.78,39585234,634313600.00
2014/12/03,15.87,16.17,15.58,15.98,44955031,726260800.00
2014/12/04,16.00,16.45,15.75,16.40,58908192,959428608.00
2014/12/05,16.55,16.67,15.43,15.71,56852370,924389184.00
2014/12/08,15.62,16.36,15.59,15.84,44058396,712993216.00
2014/12/09,15.73,17.45,15.65,16.23,108929247,1846899584.00
2014/12/10,16.65,17.85,16.44,17.72,87163384,1527146496.00
2014/12/11,17.63,18.10,17.25,17.53,60635156,1084107904.00
2014/12/12,17.59,17.93,17.35,17.59,32111002,573148864.00
2014/12/15,17.46,18.04,17.43,17.85,39664235,714879232.00
2014/12/16,17.77,17.93,17.45,17.65,31892577,570000576.00
2014/12/17,17.61,17.93,17.06,17.36,39709152,705112384.00
2014/12/18,17.40,17.84,17.31,17.53,32759644,585516992.00
2014/12/19,17.44,18.58,17.37,18.03,55653096,1016184960.00
2014/12/22,17.95,17.95,16.76,17.02,45031929,791473600.00
2014/12/23,17.37,17.88,16.95,16.99,32048778,563982912.00
2014/12/24,17.15,17.34,16.75,17.27,31088370,536714464.00
2014/12/25,17.39,17.42,17.03,17.29,25419163,443923712.00
2014/12/26,17.27,18.05,17.16,17.93,48849128,876034176.00
2014/12/29,17.87,18.23,17.45,17.76,41266160,746449984.00
2014/12/30,17.75,17.75,17.15,17.37,29182812,513636576.00
2014/12/31,17.30,17.74,17.25,17.64,23477853,416426432.00
2015/01/05,17.55,18.13,17.48,17.91,34860608,630470464.00
2015/01/06,17.65,18.53,17.49,17.96,32706348,598178432.00
2015/01/07,17.76,18.63,17.70,18.43,54724480,1012845504.00
2015/01/08,18.35,18.61,17.71,17.74,38795481,712403072.00
2015/01/09,17.60,17.67,17.00,17.04,44291627,778894016.00
2015/01/12,16.76,16.78,15.85,16.05,42557466,703108416.00
2015/01/13,16.13,16.25,15.96,16.22,18000489,294584736.00
2015/01/14,16.19,16.33,15.93,16.05,15047941,246323664.00
2015/01/15,16.10,16.33,16.06,16.26,15305398,252164752.00
2015/01/16,16.40,16.49,16.15,16.31,25401548,420336864.00
2015/01/19,15.61,16.15,15.03,15.21,28915405,460751168.00
2015/01/20,15.40,15.80,15.33,15.58,24855804,393449024.00
2015/01/21,15.60,16.20,15.47,16.02,31083734,504832608.00
2015/01/22,16.24,16.83,16.24,16.50,36008533,604191168.00
2015/01/23,16.65,17.09,16.45,16.78,37698600,642102656.00
2015/01/26,16.78,17.92,16.64,17.76,51317623,905062784.00
2015/01/27,17.78,17.91,17.05,17.40,37619109,663962304.00
2015/01/28,17.42,17.75,17.14,17.24,30753278,543599168.00
2015/01/29,16.93,17.20,16.81,16.85,23461703,403816512.00
2015/01/30,16.87,17.08,16.33,16.37,23644181,398833344.00
2015/02/02,16.10,16.83,15.97,16.63,19966822,336165248.00
2015/02/03,16.64,16.93,16.45,16.58,21608734,363802016.00
2015/02/04,16.58,16.62,16.39,16.57,17599540,294732992.00
2015/02/05,16.75,16.84,16.05,16.09,20254765,337530784.00
2015/02/06,16.08,16.25,15.55,15.74,16669719,269313920.00
2015/02/09,15.65,15.94,15.65,15.72,10143996,162709584.00
2015/02/10,15.91,16.04,15.74,15.98,11954633,192251648.00
2015/02/11,16.05,16.18,15.89,15.98,11276749,183532992.00
2015/02/12,16.01,16.40,15.96,16.38,17017261,280137216.00
2015/02/13,16.45,16.59,16.33,16.36,16099175,269280800.00
2015/02/16,16.36,16.58,16.18,16.50,16634922,276797792.00
2015/02/17,16.52,17.10,16.52,16.92,25471900,435978560.00
2015/02/25,16.93,16.99,16.50,16.53,15722535,266397536.00
2015/02/26,16.53,16.71,16.42,16.70,13768612,231383744.00
2015/02/27,16.74,16.85,16.62,16.71,15062872,255615904.00
2015/03/02,16.80,16.81,16.51,16.75,21236917,359123040.00
2015/03/03,16.68,16.70,16.25,16.45,29432846,491962432.00
2015/03/04,16.45,18.12,16.43,18.12,96917556,1725300096.00
2015/04/24,19.96,19.96,19.96,19.96,760043,15360469.00
2015/04/27,21.98,21.98,21.98,21.98,1144373,25439412.00
2015/04/28,21.75,21.80,20.05,20.49,112718844,2385942016.00
2015/04/29,20.63,21.10,20.33,20.76,42441261,893742208.00
2015/04/30,21.15,21.50,20.23,20.30,40177849,843898752.00
2015/05/04,20.05,20.73,19.55,20.53,43617448,881799232.00
2015/05/05,20.23,20.35,19.26,19.42,28243389,567212544.00
2015/05/06,19.74,20.00,18.65,18.83,30784630,606482816.00
2015/05/07,18.92,19.23,18.36,18.97,26733508,507756320.00
2015/05/08,19.41,19.55,18.94,19.28,25446846,495213376.00
2015/05/11,19.45,19.99,19.20,19.92,37188193,740171456.00
2015/05/12,20.26,21.94,20.25,21.94,88128381,1918923264.00
2015/05/13,22.05,22.69,21.65,21.83,79763601,1776203392.00
2015/05/14,21.83,21.83,20.94,21.09,47440381,1018829120.00
2015/05/15,21.08,22.08,20.29,21.39,59909732,1283296768.00
2015/05/18,20.85,22.13,20.81,21.15,42498015,924559296.00
2015/05/19,21.74,21.94,21.19,21.63,41985167,918425408.00
2015/05/20,21.55,22.59,21.41,21.69,48123835,1074213760.00
2015/05/21,21.86,22.49,21.68,22.28,41968598,935661312.00
2015/05/22,22.55,23.28,22.39,23.09,49647754,1144997504.00
2015/05/25,23.23,24.11,23.15,23.35,51602352,1229177344.00
2015/05/26,23.46,23.97,22.84,23.85,50895720,1207808256.00
2015/05/27,23.87,24.03,23.22,23.24,39396749,934324096.00
2015/05/28,23.31,23.44,20.89,20.98,58980792,1331559168.00
2015/05/29,20.98,21.51,20.25,20.85,41920176,886915904.00
2015/06/01,21.07,21.85,20.91,21.74,32634592,708124736.00
2015/06/02,21.81,22.60,21.46,22.53,39794906,887148992.00
2015/06/03,22.53,22.54,21.65,21.90,36627130,815738112.00
2015/06/04,22.26,22.53,20.23,21.97,37992563,833682560.00
2015/06/05,22.54,22.72,21.83,22.36,45666546,1032520000.00
2015/06/08,22.55,24.10,22.40,23.72,76473902,1811143936.00
2015/06/09,24.02,24.25,23.26,23.67,51763300,1243139712.00
2015/06/10,23.35,26.06,23.06,25.50,90603730,2307675136.00
2015/06/11,25.64,26.49,25.06,26.11,67318700,1752324096.00
2015/06/12,26.49,27.45,25.55,25.65,64868040,1722225920.00
2015/06/15,25.55,26.11,24.46,24.66,45412767,1165806208.00
2015/06/16,24.45,25.52,24.18,24.82,41207161,1039923328.00
2015/06/17,24.84,25.19,23.30,24.66,38639961,941397632.00
2015/06/18,24.45,26.33,24.36,24.99,46088716,1183212032.00
2015/06/19,24.40,25.30,22.75,22.84,37141754,907812288.00
2015/06/23,22.55,23.54,20.66,23.34,37155560,841938880.00
2015/06/24,23.79,24.30,22.71,24.21,52302359,1255004032.00
2015/06/25,24.23,24.24,22.25,22.39,39729077,935860096.00
2015/06/26,21.55,21.74,20.13,20.13,47089643,994916800.00
2015/06/29,20.95,20.95,18.09,18.86,47707341,944186432.00
2015/06/30,18.88,20.69,18.10,20.56,44379839,873976320.00
2015/07/01,20.31,21.45,19.05,19.25,41687240,873817536.00
2015/07/02,19.75,19.95,17.87,18.35,37998891,738692288.00
2015/07/03,18.20,19.09,16.49,16.96,44463868,789421120.00
2015/07/06,18.68,18.68,15.44,17.53,51210659,904740160.00
2015/07/07,16.83,17.50,15.75,15.77,62065862,1011326144.00
2015/07/08,14.17,14.69,14.17,14.17,34768854,501915968.00
2015/07/09,14.17,15.61,13.06,15.61,55888413,842521984.00
2015/07/10,16.25,17.20,16.05,17.20,33344385,573762368.00
2015/07/13,18.08,18.95,17.63,18.95,65935028,1232645504.00
2015/07/14,18.75,20.05,18.37,18.93,71401565,1389070208.00
2015/07/15,18.40,18.44,17.01,17.01,44740054,799329344.00
2015/07/16,17.01,18.15,16.16,17.81,40400696,721299904.00
2015/07/17,18.13,19.15,17.86,18.92,36257095,688873280.00
2015/07/20,18.76,19.41,18.21,18.95,59407209,1134053120.00
2015/07/21,18.55,18.93,18.33,18.63,32683690,617908288.00
2015/07/22,18.67,19.21,18.33,19.00,38837450,742648512.00
2015/07/23,19.14,19.85,19.03,19.64,48494995,959805376.00
2015/07/24,19.55,20.05,19.07,19.24,54768542,1085862784.00
2015/07/27,18.75,19.65,17.29,17.29,47209238,895114496.00
2015/07/28,16.78,18.03,15.75,17.54,44988998,780520640.00
2015/07/29,17.90,18.70,17.35,18.66,30226508,545585920.00
2015/07/30,18.53,18.88,17.52,17.72,25882135,475903680.00
2015/07/31,17.37,17.69,16.93,17.55,30866443,535231488.00
2015/08/03,17.18,18.05,17.15,18.03,28696275,498464768.00
2015/08/04,18.10,19.08,17.71,19.07,31952858,590877120.00
2015/08/05,18.98,19.29,18.42,18.95,29593099,557942080.00
2015/08/06,18.40,18.89,18.23,18.74,17686990,330566592.00
2015/08/07,18.88,19.56,18.82,19.35,37679385,727112064.00
2015/08/10,19.37,20.28,19.37,20.16,44982150,896340160.00
2015/08/11,20.34,21.40,20.10,20.30,53107685,1106249344.00
2015/08/12,19.78,21.70,19.71,20.92,59590235,1239201280.00
2015/08/13,21.01,22.98,20.91,22.45,75172746,1665564800.00
2015/08/14,23.05,23.19,21.70,21.94,63915680,1428436736.00
2015/08/17,22.00,23.15,21.81,22.91,53671611,1209504640.00
2015/08/18,22.89,22.89,20.62,20.62,53638881,1157592320.00
2015/08/19,19.50,21.55,18.68,21.19,54077854,1096376064.00
2015/08/20,20.80,20.95,19.47,19.51,32194650,655638272.00
2015/08/21,18.98,19.51,17.78,17.91,43823545,813795520.00
2015/08/24,17.00,17.33,16.12,16.12,34231044,558369664.00
2015/08/25,14.60,15.50,14.51,14.51,38213287,565012416.00
2015/08/26,14.68,15.82,14.16,14.74,44809225,675480576.00
2015/08/27,15.25,16.21,15.00,16.21,43444570,674551808.00
2015/08/28,16.66,17.73,16.51,17.70,52736313,900853312.00
2015/08/31,17.10,17.40,16.70,16.98,38340601,653833152.00
2015/09/01,16.60,16.68,15.32,16.49,44128919,709307072.00
2015/09/02,15.55,17.62,15.36,17.26,60937413,1039102592.00
2015/09/07,17.52,18.30,16.55,16.96,45865119,804065472.00
2015/09/08,16.57,18.66,16.46,18.66,42072200,740970304.00
2015/09/09,19.20,20.20,17.51,18.26,107100112,2021588352.00
2015/09/10,17.40,18.43,17.31,17.94,41069691,739692736.00
2015/09/11,17.88,19.73,17.66,19.73,67511800,1273859584.00
2015/09/14,20.20,20.20,17.76,18.61,82341100,1579686912.00
2015/09/15,17.90,18.97,17.07,17.32,52572731,957343104.00
2015/09/16,17.50,19.05,17.21,19.05,64697013,1177405568.00
2015/09/17,18.78,19.99,18.21,18.25,74873219,1426756736.00
2015/09/18,18.50,18.69,17.68,18.03,42543750,771210304.00
2015/09/21,17.80,18.93,17.65,18.65,29824982,553000128.00
2015/09/22,18.74,19.35,18.57,18.89,41468668,786975744.00
2015/09/23,18.60,19.48,18.51,18.98,38822196,741420928.00
2015/09/24,19.19,19.28,18.51,18.88,28386781,535434176.00
2015/09/25,19.16,19.69,18.70,18.86,47172500,909153408.00
2015/09/28,18.95,19.09,17.36,18.32,29147463,526585312.00
2015/09/29,17.67,18.58,17.63,17.97,23580902,426939200.00
2015/09/30,18.08,18.25,17.60,17.64,15166825,270263616.00
2015/10/08,18.25,18.60,18.00,18.56,29024652,532564832.00
2015/10/09,18.50,19.02,18.39,18.87,30255942,569522560.00
2015/10/12,19.10,19.84,18.84,18.87,73333982,1411574400.00
2015/10/13,18.66,19.58,18.55,19.38,47269798,904277312.00
2015/10/14,19.39,19.53,18.70,18.74,35149914,671074176.00
2015/10/15,18.76,19.35,18.71,19.27,30144951,575126080.00
2015/10/16,19.39,21.20,19.22,20.96,83835384,1698124544.00
2015/10/19,20.96,21.62,20.35,20.50,64440128,1348758016.00
2015/10/20,20.50,21.44,20.38,21.01,41883041,878468736.00
2015/10/21,21.01,21.15,18.91,18.93,53800953,1079338368.00
2015/10/22,19.25,19.91,19.04,19.74,35703924,696785024.00
2015/10/23,19.83,21.08,19.58,20.95,63024384,1281239296.00
2015/10/26,20.99,21.14,20.22,20.60,47708278,988368320.00
2015/10/27,20.31,21.25,20.21,21.01,43357174,900376192.00
2015/10/28,20.84,21.08,19.80,19.92,33396880,684501760.00
2015/10/29,20.18,20.53,19.92,20.08,21395673,432924896.00
2015/10/30,20.10,20.29,19.40,19.49,30779438,610303296.00
2015/11/02,19.02,19.67,18.80,18.82,26912323,518832320.00
2015/11/03,18.95,19.13,18.31,18.59,22671864,424305280.00
2015/11/04,18.80,20.20,18.70,19.96,33430686,646085504.00
2015/11/05,19.84,20.13,19.54,19.63,41637805,824280640.00
2015/11/06,19.75,20.46,19.67,20.39,40736857,820151744.00
2015/11/09,20.71,20.98,20.35,20.44,55786501,1152798848.00
2015/11/10,20.39,21.38,20.15,20.22,58772687,1213277952.00
2015/11/11,20.48,20.66,20.16,20.61,38503245,785829888.00
2015/11/12,20.65,20.66,20.09,20.23,31348430,637041152.00
2015/11/13,19.99,20.86,19.81,20.29,43899251,894688640.00
2015/11/16,19.96,20.27,19.83,20.16,28968401,578686080.00
2015/11/17,20.33,20.94,20.30,20.39,49755667,1025623552.00
2015/11/18,20.45,20.94,19.99,20.07,39419457,810709120.00
2015/11/19,20.09,20.28,19.67,20.15,29067942,580283648.00
2015/11/20,20.23,20.47,19.81,20.00,31436651,632100096.00
2015/11/23,19.86,20.12,19.60,19.88,25469460,504485824.00
2015/11/24,19.92,19.93,19.59,19.76,15967797,314940800.00
2015/11/25,19.70,19.87,19.61,19.79,18832413,371767936.00
2015/11/26,19.95,20.35,19.78,19.91,35061223,702911872.00
2015/11/27,19.70,19.84,17.92,17.94,43200113,813898112.00
2015/11/30,17.99,18.18,16.79,17.53,25562606,449443328.00
2015/12/01,17.54,17.93,17.36,17.78,20750952,367358144.00
2015/12/02,17.77,17.87,17.18,17.83,19470638,341064096.00
2015/12/03,17.85,18.11,17.73,18.04,15760927,282962720.00
2015/12/04,17.96,18.17,17.60,17.65,18663901,334614752.00
2015/12/07,17.71,17.84,17.61,17.74,14022066,248709888.00
2015/12/08,17.61,17.66,17.00,17.06,17960228,310520416.00
2015/12/09,17.00,17.17,16.86,16.90,14613354,248515440.00
2015/12/10,17.18,18.00,17.01,17.49,27672351,486527264.00
2015/12/11,17.12,17.46,16.92,17.09,15539972,266761024.00
2015/12/14,16.95,17.50,16.73,17.42,13513899,233600528.00
2015/12/15,17.42,17.64,17.31,17.44,11493214,201052896.00
2015/12/16,17.51,17.59,17.37,17.40,9252852,161553888.00
2015/12/17,17.55,18.00,17.51,17.85,18872392,336539008.00
2015/12/18,17.90,18.16,17.71,17.83,14533987,260920752.00
2015/12/21,17.75,18.34,17.70,18.16,23321075,422175040.00
2015/12/22,18.31,18.31,17.96,18.13,14059752,254352080.00
2015/12/23,18.14,18.56,18.04,18.21,22347712,409781440.00
2015/12/24,18.15,18.34,17.78,18.32,15353538,277450784.00
2015/12/25,18.27,18.39,18.17,18.21,9991200,182582016.00
2015/12/28,18.26,18.53,17.78,17.81,20266338,368987904.00
2015/12/29,17.80,17.98,17.74,17.97,10458844,186972736.00
2015/12/30,18.02,18.15,17.83,17.94,9392442,168539440.00
2015/12/31,17.97,18.18,17.84,17.87,11527308,207820336.00
2016/01/04,17.97,18.00,16.30,16.35,12173183,211770800.00
2016/01/05,15.80,17.34,15.70,16.85,19458961,323883200.00
2016/01/06,16.90,17.16,16.79,16.99,13274144,225133728.00
2016/01/07,16.75,16.75,15.35,15.45,3804576,61001504.00
2016/01/08,16.15,16.17,15.08,15.89,18016110,285845984.00
2016/01/11,15.41,15.88,14.51,14.60,15872907,242166256.00
2016/01/12,14.74,15.19,14.56,14.65,15222309,225997584.00
2016/01/13,15.20,15.86,14.56,14.58,22996050,349043648.00
2016/01/14,13.99,14.85,13.85,14.82,20744763,297156608.00
2016/01/15,14.70,14.86,14.00,14.14,13373722,193506784.00
2016/01/18,13.90,14.55,13.86,14.30,10995900,156870784.00
2016/01/19,14.39,14.86,14.30,14.78,14675700,215387472.00
2016/01/20,14.68,14.85,14.27,14.38,14467307,209788736.00
2016/01/21,14.26,14.64,13.99,14.00,13124304,189080368.00
2016/01/22,14.19,14.37,13.91,14.28,9099195,129196016.00
2016/01/25,14.45,14.73,14.45,14.58,11739467,171242608.00
2016/01/26,14.40,14.54,13.13,13.30,14682514,204854512.00
2016/01/27,13.35,13.50,12.31,13.01,17163591,221725936.00
2016/01/28,12.82,13.36,12.45,12.50,11161986,144251808.00
2016/01/29,12.55,13.08,12.22,12.86,12646639,161238048.00
2016/02/01,12.80,13.06,12.47,12.68,8908909,113970800.00
2016/02/02,12.76,13.09,12.68,13.07,10552179,136774112.00
2016/02/03,12.90,13.07,12.67,12.97,9079169,116627448.00
2016/02/04,13.33,13.46,13.10,13.27,15468307,205308880.00
2016/02/05,13.25,13.85,13.25,13.49,20749660,282441632.00
2016/02/15,13.05,13.88,13.01,13.66,13737134,185892528.00
2016/02/16,13.69,14.14,13.66,14.05,16692516,233000800.00
2016/02/17,13.97,14.25,13.91,14.08,14555384,204779712.00
2016/02/18,14.26,14.26,13.91,13.95,13222033,186272720.00
2016/02/19,14.05,14.31,14.02,14.13,14036605,198777584.00
2016/02/22,14.32,14.37,14.10,14.25,14568288,207047024.00
2016/02/23,14.20,14.29,13.88,14.03,11270701,158855552.00
2016/02/24,13.98,14.57,13.87,14.54,23360105,332573984.00
2016/02/25,14.50,14.50,13.09,13.09,24137677,333012352.00
2016/02/26,13.19,13.38,12.84,13.11,13414345,176791424.00
2016/02/29,13.09,13.09,11.80,12.15,21478127,260431072.00
2016/03/01,12.22,12.43,11.80,12.28,12938517,157431424.00
2016/03/02,12.30,12.90,12.23,12.82,17881912,224561968.00
2016/03/03,12.80,13.20,12.76,13.03,17107431,221986992.00
2016/03/04,12.95,13.12,12.57,12.82,17944821,232087088.00
2016/03/07,12.99,13.23,12.91,13.16,9714365,127367680.00
2016/03/08,13.09,13.19,12.65,13.12,10752750,138876240.00
2016/03/09,12.85,13.13,12.71,12.98,11311289,145599248.00
2016/03/10,12.93,13.02,12.65,12.66,7593530,97693376.00
2016/03/11,12.52,12.67,12.35,12.52,6028857,75384496.00
2016/03/14,12.64,13.05,12.64,12.87,8976809,115602640.00
2016/03/15,12.87,13.09,12.73,13.05,10249982,132415456.00
2016/03/16,13.06,13.15,12.95,13.02,13768136,179703040.00
2016/03/17,13.09,13.36,13.01,13.27,12784868,168909040.00
2016/03/18,13.26,13.80,13.26,13.64,18422919,250235792.00
2016/03/21,14.01,14.48,13.90,14.10,22560017,319188864.00
2016/03/22,14.10,14.80,13.96,14.52,26111527,379099584.00
2016/03/23,14.41,14.60,14.24,14.53,15494251,223567584.00
2016/03/24,14.41,14.80,14.22,14.33,18155990,264090816.00
2016/03/25,14.50,15.28,14.30,15.18,26985049,396838208.00
2016/03/28,15.60,15.62,14.45,14.67,33186094,497802560.00
2016/03/29,14.49,14.60,13.81,14.01,18833918,266450608.00
2016/03/30,14.10,14.35,14.03,14.32,14839645,210468752.00
2016/03/31,14.33,14.38,14.09,14.15,13131329,186698688.00
2016/04/01,14.14,14.22,13.82,14.16,11173745,156767920.00
2016/04/05,14.12,14.33,14.00,14.30,17387985,247363504.00
2016/04/06,14.25,14.42,14.07,14.22,12285198,174916272.00
2016/04/07,14.23,14.30,13.92,13.93,11112624,156463376.00
2016/04/08,13.85,13.94,13.62,13.81,8966382,123725664.00
2016/04/11,13.89,14.10,13.89,14.00,8327741,116833592.00
2016/04/12,14.03,14.08,13.73,13.90,7044995,97733496.00
2016/04/13,13.94,14.25,13.93,14.07,15682136,221478128.00
2016/04/14,14.13,14.27,14.08,14.23,11650503,165184624.00
2016/04/15,14.22,14.42,14.11,14.25,12791440,182274256.00
2016/04/18,14.16,14.16,13.76,13.80,10807620,150101568.00
2016/04/19,13.93,13.95,13.71,13.87,6623789,91570288.00
2016/04/20,13.88,13.92,12.85,13.20,17729409,235100064.00
2016/04/21,13.15,13.35,13.01,13.21,10299914,135780656.00
2016/04/22,13.29,13.48,13.16,13.44,8598084,114912432.00
2016/04/25,13.35,13.65,13.09,13.39,8175745,109270520.00
2016/04/26,13.31,13.45,13.17,13.42,4706527,62680224.00
2016/04/27,13.35,13.46,13.21,13.26,5507721,73614224.00
2016/04/28,13.33,13.51,13.16,13.37,8103115,108195600.00
2016/04/29,13.23,13.37,13.12,13.17,6523743,86242568.00
2016/05/03,13.18,13.45,13.10,13.38,11098218,148098864.00
2016/05/04,13.37,13.77,13.32,13.59,18896030,257477104.00
2016/05/05,13.51,13.71,13.43,13.68,10751861,146113936.00
2016/05/06,13.80,13.82,13.00,13.11,14874365,199628768.00
2016/05/09,13.00,13.09,12.66,12.76,10724882,138070320.00
2016/05/10,12.81,12.86,12.61,12.71,5126233,65289192.00
2016/05/11,12.80,13.00,12.65,12.68,7396825,94685200.00
2016/05/12,12.60,12.60,12.37,12.59,6689789,83690128.00
2016/05/13,12.54,12.68,12.48,12.55,5281664,66472708.00
2016/05/16,12.55,12.62,12.32,12.61,4874157,60926848.00
2016/05/17,12.60,12.62,12.41,12.48,6376605,79701176.00
2016/05/18,12.39,12.42,11.93,12.11,9606313,116895368.00
2016/05/19,12.12,12.29,12.01,12.06,6753847,82269232.00
2016/05/20,12.08,12.20,12.00,12.19,6023876,72936328.00
2016/05/23,12.23,12.35,12.18,12.26,6485384,79451800.00
2016/05/24,12.25,12.25,11.94,12.02,6489499,78103224.00
2016/05/25,12.10,12.15,11.96,11.99,4114652,49658512.00
2016/05/26,12.04,12.07,11.79,11.98,6306140,74944968.00
2016/05/27,11.94,12.14,11.89,12.06,5600644,67446656.00
2016/05/30,12.00,12.15,11.90,12.06,4583332,55290492.00
2016/05/31,12.06,12.48,12.06,12.47,11505595,142089904.00
2016/06/01,12.52,12.55,12.39,12.46,9735733,121384248.00
2016/06/02,12.46,12.55,12.40,12.53,7219089,90017072.00
2016/06/03,12.54,12.59,12.44,12.54,7227478,90565440.00
2016/06/06,12.65,12.85,12.62,12.65,12161030,154803968.00
2016/06/07,12.63,12.64,12.43,12.46,7403775,92425816.00
2016/06/08,12.44,12.60,12.44,12.51,8049500,100884944.00
2016/06/13,12.40,12.78,12.05,12.08,12956019,162276912.00
2016/06/14,12.12,12.32,12.06,12.28,7183636,87787168.00
2016/06/15,12.12,12.66,12.12,12.64,9564370,119265176.00
2016/06/16,12.54,12.67,12.26,12.36,11790671,146134752.00
2016/06/17,12.35,12.46,12.21,12.25,7987779,98550400.00
2016/06/20,12.24,12.29,12.02,12.11,6774713,81966624.00
2016/06/21,12.20,12.24,12.03,12.08,6248309,75833960.00
2016/06/22,12.10,12.15,12.01,12.14,4697491,56738464.00
2016/06/23,12.16,12.19,12.06,12.10,5217127,63222252.00
2016/06/24,12.04,12.18,11.80,11.90,11031475,131904760.00
2016/06/27,11.81,12.06,11.81,12.05,6779439,81092672.00
2016/06/28,11.96,12.12,11.96,12.08,7382716,88920024.00
2016/06/29,12.10,12.22,12.07,12.15,8671497,105229488.00
2016/06/30,12.15,12.19,12.05,12.08,5426867,65717432.00
2016/07/01,12.14,12.15,12.02,12.06,5230880,63239640.00
2016/07/04,12.03,12.36,12.01,12.31,13338624,163083168.00
2016/07/05,12.35,12.35,12.24,12.32,8299065,102032224.00
2016/07/06,12.30,12.37,12.25,12.36,9173494,113054080.00
2016/07/07,12.35,12.44,12.31,12.35,9048006,111926080.00
2016/07/08,12.36,12.38,12.29,12.32,7181514,88540504.00
2016/07/11,12.31,12.41,12.28,12.32,8990724,111073280.00
2016/07/12,12.35,12.52,12.27,12.50,12105059,150012704.00
2016/07/13,12.55,12.65,12.53,12.57,13992427,176114128.00
2016/07/14,12.59,12.60,12.50,12.55,6466020,81076544.00
2016/07/15,12.59,12.67,12.54,12.66,8726188,109999032.00
2016/07/18,12.60,12.65,12.38,12.41,9688400,121093336.00
2016/07/19,12.41,12.45,12.32,12.43,6652324,82332112.00
2016/07/20,12.44,12.49,12.38,12.42,5909021,73474184.00
2016/07/21,12.47,12.75,12.42,12.55,13593943,171047152.00
2016/07/22,12.52,12.60,12.40,12.42,7117037,88820888.00
2016/07/25,12.40,12.59,12.40,12.58,8959700,112282736.00
2016/07/26,12.57,12.91,12.54,12.90,19795340,253257056.00
2016/07/27,12.94,12.96,12.31,12.82,23533277,299366368.00
2016/07/28,12.71,12.88,12.53,12.82,14973530,190323920.00
2016/07/29,12.86,13.09,12.68,12.84,21574991,278979712.00
2016/08/01,12.76,12.77,12.31,12.42,13450561,167834736.00
2016/08/02,12.42,12.83,12.39,12.79,12565301,158623120.00
2016/08/03,12.74,13.35,12.73,13.22,35496466,466127936.00
2016/08/04,13.15,13.29,13.03,13.16,18947028,248973344.00
2016/08/05,13.11,13.74,13.09,13.17,23113023,308704224.00
2016/08/08,13.17,13.46,13.16,13.42,17565112,234470704.00
2016/08/09,13.40,13.55,13.24,13.47,17302255,231366848.00
2016/08/10,13.45,13.49,13.13,13.14,13811674,183421296.00
2016/08/11,13.18,13.35,13.08,13.10,10474633,138432896.00
2016/08/12,13.11,13.29,12.97,13.25,11361353,149056784.00
2016/08/15,13.24,13.60,13.22,13.54,20159843,271486880.00
2016/08/16,13.58,13.87,13.50,13.56,25431539,347890624.00
2016/08/17,13.54,13.80,13.45,13.68,15528106,212087456.00
2016/08/18,13.61,13.93,13.55,13.79,20619062,283165408.00
2016/08/19,13.72,13.93,13.72,13.84,16410359,227161840.00
2016/08/22,13.85,14.10,13.83,13.87,18459029,257595936.00
2016/08/23,13.85,13.97,13.46,13.64,20000667,274922112.00
2016/08/24,13.64,13.73,13.49,13.52,9412071,128086648.00
2016/08/25,13.46,13.58,13.32,13.57,8674107,116818512.00
2016/08/26,13.59,13.62,13.43,13.47,5824490,78641352.00
2016/08/29,13.45,13.47,13.24,13.30,7334641,97927320.00
2016/08/30,13.35,13.38,13.24,13.26,5660726,75279472.00
2016/08/31,13.27,13.36,13.24,13.32,5095168,67733512.00
2016/09/01,13.30,13.34,13.00,13.03,9780853,128606112.00
2016/09/02,13.03,13.15,13.01,13.09,6243222,81535936.00
2016/09/05,13.12,13.20,13.05,13.11,4745529,62283924.00
2016/09/06,13.13,13.19,12.92,13.18,7265316,94907232.00
2016/09/07,13.20,13.24,13.08,13.12,5882302,77440216.00
2016/09/08,13.11,13.13,12.99,13.05,5372573,70152440.00
2016/09/09,13.07,13.10,12.96,12.97,5465594,71235624.00
2016/09/12,12.83,12.85,12.40,12.59,14255635,179294512.00
2016/09/13,12.63,12.64,12.43,12.46,5658697,70652296.00
2016/09/14,12.41,12.51,12.39,12.42,3661791,45562168.00
2016/09/19,12.44,12.51,12.42,12.45,3600762,44826164.00
2016/09/20,12.47,12.47,12.43,12.46,3093727,38529728.00
2016/09/21,12.46,12.48,12.33,12.42,10497555,130226928.00
2016/09/22,12.48,12.52,12.45,12.47,5833189,72826720.00
2016/09/23,12.48,12.49,12.38,12.41,5461632,67965984.00
2016/09/26,12.38,12.44,12.28,12.30,6848256,84748400.00
2016/09/27,12.27,12.50,12.24,12.46,4680953,57822520.00
2016/09/28,12.52,12.52,12.42,12.47,3381553,42188668.00
2016/09/29,12.47,12.53,12.44,12.47,3083776,38483984.00
2016/09/30,12.47,12.52,12.42,12.46,3776507,47123880.00
2016/10/10,12.49,12.61,12.43,12.60,6117666,76656928.00
2016/10/11,12.59,12.76,12.55,12.75,6491075,82261280.00
2016/10/12,12.67,12.71,12.63,12.66,4284137,54240108.00
2016/10/13,12.65,12.74,12.61,12.66,4877634,61723724.00
2016/10/14,12.63,12.65,12.48,12.60,5288416,66492132.00
2016/10/17,12.60,12.63,12.49,12.50,4306622,54133308.00
2016/10/18,12.49,12.70,12.44,12.67,5956938,74995656.00
2016/10/19,12.67,13.04,12.67,12.86,11722392,150840592.00
2016/10/20,12.81,12.87,12.69,12.71,6561358,83948344.00
2016/10/21,12.77,12.85,12.68,12.80,5864918,74865224.00
2016/10/24,12.80,12.93,12.77,12.89,6611987,85065816.00
2016/10/25,12.92,12.97,12.84,12.93,4737571,61165840.00
2016/10/26,12.96,12.96,12.84,12.86,5505141,70932632.00
2016/10/27,12.91,12.92,12.83,12.88,4274143,55033760.00
2016/10/28,12.89,13.08,12.86,12.92,9338809,121175512.00
2016/10/31,12.92,12.95,12.83,12.91,6933259,89319632.00
2016/11/01,12.92,12.96,12.88,12.95,7114222,91902672.00
2016/11/02,12.92,13.13,12.88,12.92,7466094,96980208.00
2016/11/03,12.88,13.04,12.86,12.89,8645904,111928128.00
2016/11/04,12.92,13.02,12.86,12.90,5153143,66649472.00
2016/11/07,12.87,12.95,12.80,12.86,6903263,88837952.00
2016/11/08,12.90,12.97,12.88,12.93,5291618,68382928.00
2016/11/09,12.94,13.13,12.80,13.04,12296032,159951856.00
2016/11/10,13.04,13.16,13.01,13.15,8641699,113181224.00
2016/11/11,13.16,13.18,13.07,13.14,8667772,113842056.00
2016/11/14,13.15,13.22,13.12,13.18,9352738,123134336.00
2016/11/15,13.27,13.38,13.11,13.17,8117648,107311496.00
2016/11/16,13.15,13.23,13.12,13.16,6013487,79154208.00
2016/11/17,13.13,13.19,13.04,13.08,4255003,55687416.00
2016/11/18,13.11,13.13,12.95,13.01,4617158,60288792.00
2016/11/21,13.01,13.13,13.00,13.07,5315339,69432768.00
2016/11/22,13.08,13.46,13.04,13.42,23536421,313205824.00
2016/11/23,13.37,13.44,13.16,13.21,11504699,152606576.00
2016/11/24,13.18,13.26,13.12,13.20,7148731,94355720.00
2016/11/25,13.22,13.33,13.05,13.29,8359900,110268384.00
2016/11/28,13.30,13.32,13.21,13.24,9071385,120348024.00
2016/11/29,13.23,13.36,13.18,13.26,10514002,139634144.00
2016/11/30,13.20,13.27,13.11,13.13,6374542,83870384.00
2016/12/01,13.14,13.27,13.10,13.24,6779175,89335224.00
2016/12/02,13.21,13.34,12.98,13.01,8620204,113175528.00
2016/12/05,12.91,13.02,12.83,13.01,8006615,103419136.00
2016/12/06,12.97,12.98,12.79,12.82,4004042,51644220.00
2016/12/07,12.81,13.38,12.73,13.19,15263817,199624896.00
2016/12/08,13.27,13.27,12.89,12.94,9422957,122770936.00
2016/12/09,12.91,13.48,12.87,13.40,32208000,428396320.00
2016/12/12,13.30,13.34,12.91,13.14,23867200,312980000.00
2016/12/13,13.02,13.31,12.88,13.28,16731379,219079424.00
2016/12/14,13.30,13.87,13.26,13.60,42049359,572587904.00
2016/12/15,13.50,14.08,13.41,13.93,49652109,683252352.00
2016/12/16,13.78,13.96,13.58,13.67,28961912,397946272.00
2016/12/19,13.78,13.96,13.56,13.81,30067378,414117696.00
2016/12/20,13.75,13.75,13.26,13.32,24758443,332466656.00
2016/12/21,13.35,13.42,13.10,13.25,20690574,273759936.00
2016/12/22,13.23,13.45,13.13,13.34,18337428,244499888.00
2016/12/23,13.34,13.70,13.10,13.54,27754765,372434432.00
2016/12/26,13.99,14.47,13.76,14.10,49822106,699576384.00
2016/12/27,14.19,14.45,13.88,14.39,48052946,684144640.00
2016/12/28,14.41,14.45,13.95,14.11,35875234,509621792.00
2016/12/29,14.02,14.83,13.97,14.60,45923305,663859264.00
2016/12/30,14.52,14.68,14.30,14.36,23842196,345374464.00
2017/01/03,14.38,14.46,14.14,14.29,22241240,316973376.00
2017/01/04,14.28,14.43,14.18,14.40,24597561,351719104.00
2017/01/05,14.43,14.77,14.36,14.69,34591719,505162656.00
2017/01/06,14.70,15.45,14.70,14.98,47224401,715715264.00
2017/01/09,14.91,15.22,14.85,15.09,21084049,317018240.00
2017/01/10,15.09,15.69,15.02,15.13,37011433,570175168.00
2017/01/11,15.17,15.35,14.81,15.08,24182703,364204832.00
2017/01/12,15.03,15.15,14.81,14.83,13867642,207411008.00
2017/01/13,14.83,14.96,14.51,14.56,15628532,229605984.00
2017/01/16,14.45,14.84,14.22,14.58,19865617,289387328.00
2017/01/17,14.50,15.07,14.50,15.03,17106556,255010288.00
2017/01/18,15.00,15.09,14.81,14.89,8816636,131877392.00
2017/01/19,15.00,15.57,14.80,14.85,22197999,337494400.00
2017/01/20,14.70,15.27,14.62,15.17,13118048,197886832.00
2017/01/23,15.28,15.48,15.14,15.17,15697919,240429792.00
2017/01/24,15.19,15.28,14.96,15.09,10704510,161673104.00
2017/01/25,15.03,15.19,14.93,15.09,8090481,122063496.00
2017/01/26,15.10,15.32,15.05,15.15,9186055,139490240.00
2017/02/03,15.20,15.27,15.09,15.16,5748337,87235840.00
2017/02/06,15.16,15.50,15.16,15.43,10472406,161095680.00
2017/02/07,15.34,15.67,15.32,15.53,14842180,230809184.00
2017/02/08,15.55,15.64,15.36,15.49,11328779,175797824.00
2017/02/09,15.49,15.60,15.27,15.32,13202110,203844096.00
2017/02/10,15.31,15.40,15.17,15.26,13914268,212634688.00
2017/02/13,15.24,15.55,15.24,15.34,13424605,206501008.00
2017/02/14,15.30,15.59,15.13,15.52,14558910,224182160.00
2017/02/15,15.58,16.30,15.50,16.10,33850509,539844416.00
2017/02/16,16.26,16.46,15.97,16.07,22266542,359937792.00
2017/02/17,16.05,16.45,16.03,16.20,17064198,276686432.00
2017/02/20,17.62,17.82,16.53,17.82,61397283,1072385408.00
2017/02/21,19.31,19.60,19.00,19.60,58392170,1136479488.00
2017/02/22,21.00,21.51,19.70,20.04,189253828,3873708544.00
2017/02/23,19.35,19.50,18.47,18.60,122447508,2308126976.00
2017/02/24,18.52,18.87,18.27,18.34,62146638,1150470272.00
2017/02/27,18.17,18.76,18.11,18.58,60057486,1110909312.00
2017/02/28,18.49,18.64,18.18,18.40,41624694,763845504.00
2017/03/01,18.38,18.74,18.27,18.43,44384371,820145408.00
2017/03/02,18.37,18.38,17.38,17.52,69259386,1231940480.00
2017/03/03,17.55,17.67,17.25,17.43,28749996,502634496.00
2017/03/06,17.54,17.58,17.33,17.50,23178249,404499904.00
2017/03/07,17.48,17.77,17.38,17.66,31781009,559763520.00
2017/03/08,17.59,17.63,17.06,17.21,40395088,696716736.00
2017/03/09,17.20,17.30,17.09,17.25,18661597,321031552.00
2017/03/10,17.24,17.56,17.16,17.19,25987002,451720384.00
2017/03/13,17.00,17.08,16.68,16.99,30506966,514052384.00
2017/03/14,17.00,17.06,16.58,16.63,25487886,427979232.00
2017/03/15,16.58,16.94,16.57,16.75,20634110,346473152.00
2017/03/16,16.73,17.07,16.73,17.03,22736248,386072480.00
2017/03/17,17.03,17.13,16.70,16.76,24046875,406844800.00
2017/03/20,16.80,17.04,16.73,16.99,18519745,313278176.00
2017/03/21,16.95,17.09,16.91,17.09,17752910,302136064.00
2017/03/22,17.00,17.00,16.46,16.51,31733748,529196640.00
2017/03/23,16.52,16.67,16.24,16.41,19126843,314546400.00
2017/03/24,16.43,16.76,16.37,16.71,20783452,344077248.00
2017/03/27,16.74,16.95,16.61,16.89,24030532,403215808.00
2017/03/28,16.81,17.09,16.70,16.88,22038785,372743040.00
2017/03/29,16.89,17.08,16.80,16.92,22643809,384398016.00
2017/03/30,16.83,16.95,16.15,16.19,28005710,461364064.00
2017/03/31,16.20,16.37,16.04,16.16,13547329,219201552.00
2017/04/05,16.04,16.45,16.04,16.43,15220877,247533824.00
2017/04/06,16.40,16.45,16.22,16.24,14985741,244737744.00
2017/04/07,16.20,16.54,16.06,16.32,22233739,362390496.00
2017/04/10,16.25,16.31,16.06,16.08,14266548,230755696.00
2017/04/11,16.07,16.07,15.45,15.77,25767897,404646944.00
2017/04/12,15.68,16.08,15.54,15.92,18604647,294308480.00
2017/04/13,15.79,16.25,15.79,15.97,15622737,250872672.00
2017/04/14,15.89,16.36,15.89,16.11,17592389,284737824.00
2017/04/17,16.13,16.37,16.01,16.20,17146294,278214016.00
2017/04/18,16.19,16.29,16.06,16.26,12073565,195419456.00
2017/04/19,16.12,16.26,15.67,15.69,14529115,230461216.00
2017/04/20,15.73,15.89,15.15,15.24,13740679,212994272.00
2017/04/21,15.24,15.53,15.14,15.46,8766767,134730640.00
2017/04/24,15.39,15.60,14.93,15.37,10774072,164911952.00
2017/04/25,15.24,15.60,15.24,15.28,7175427,110946928.00
2017/04/26,15.32,15.57,15.32,15.49,6677876,103428192.00
2017/04/27,15.40,15.49,15.02,15.39,10522358,160578848.00
2017/04/28,15.29,15.49,15.20,15.37,7164073,109973040.00
2017/05/02,15.30,15.75,15.24,15.50,9585007,148817984.00
2017/05/03,15.45,16.22,15.45,16.21,22547666,361274560.00
2017/05/04,16.16,16.36,16.03,16.14,15332715,248652080.00
2017/05/05,16.08,16.35,16.08,16.12,13630599,221596608.00
2017/05/08,16.14,16.59,16.14,16.19,18368740,301205024.00
2017/05/09,16.19,16.36,15.50,16.18,13784532,219656960.00
2017/05/10,16.06,16.26,15.50,15.65,10094508,160345600.00
2017/05/11,15.51,15.66,15.10,15.32,11900828,183670896.00
2017/05/12,15.42,15.47,15.13,15.15,7124613,108796704.00
2017/05/15,15.20,15.29,14.54,14.55,14354547,212787856.00
2017/05/16,14.54,14.71,14.11,14.70,11613696,167403024.00
2017/05/17,14.65,14.78,14.62,14.67,6017820,88486832.00
2017/05/18,14.45,14.64,14.32,14.34,7098142,102826792.00
2017/05/19,14.35,14.65,14.35,14.47,5689403,82549776.00
2017/05/22,14.46,14.55,14.39,14.45,4857374,70312192.00
2017/05/23,14.48,14.48,13.69,13.70,11453293,160561408.00
2017/05/24,13.69,13.69,13.27,13.49,12210619,163678096.00
2017/05/25,13.52,13.85,13.31,13.81,8870678,120359128.00
2017/05/26,13.77,14.15,13.71,13.92,7072061,98222288.00
2017/05/31,15.31,15.31,15.31,15.31,6047735,92590824.00
2017/06/01,16.00,16.41,15.38,15.59,72517455,1150456704.00
2017/06/02,14.85,15.26,14.55,15.14,36704952,545733504.00
2017/06/05,15.00,15.38,14.83,15.03,23673175,358492992.00
2017/06/06,14.90,14.98,14.51,14.66,19627115,288954176.00
2017/06/07,14.61,15.03,14.52,14.94,19667075,291551584.00
2017/06/08,14.88,15.36,14.71,15.31,25578973,384002272.00
2017/06/09,15.68,15.88,15.15,15.24,29054019,449979776.00
2017/06/12,14.95,15.05,14.73,14.81,15317917,227997600.00
2017/06/13,14.80,14.93,14.75,14.84,8220207,122040968.00
2017/06/14,14.81,15.45,14.70,15.13,22277441,336453600.00
2017/06/15,15.02,15.15,14.88,15.05,13341649,200158608.00
2017/06/16,15.01,15.24,14.98,15.00,9642401,145473456.00
2017/06/19,15.13,15.27,15.08,15.19,10006780,151962368.00
2017/06/20,15.17,15.30,15.04,15.06,9555932,144913264.00
2017/06/21,15.17,15.39,15.07,15.33,16218306,247863600.00
2017/06/22,15.34,15.83,15.30,15.35,24637157,383638592.00
2017/06/23,15.30,15.49,15.15,15.38,12666056,193523344.00
2017/06/26,15.46,15.73,15.40,15.60,17873843,278532128.00
2017/06/27,15.54,16.32,15.54,16.31,34640071,556751552.00
2017/06/28,16.22,16.23,15.90,15.96,19758932,317175040.00
2017/06/29,15.92,16.09,15.86,16.07,12428410,198638656.00
2017/06/30,16.08,16.53,16.01,16.25,21259976,347555968.00
2017/07/03,16.29,16.48,16.12,16.30,15333493,249624464.00
2017/07/04,16.30,16.31,15.85,16.11,19934297,319130272.00
2017/07/05,15.99,16.13,15.95,16.09,10841010,173946544.00
2017/07/06,16.10,16.15,15.57,15.73,19195699,303367360.00
2017/07/07,15.65,15.83,15.54,15.75,11451627,179618176.00
2017/07/10,15.85,16.34,15.80,16.21,23869682,383886496.00
2017/07/11,16.15,16.67,15.93,16.48,36835581,605840128.00
2017/07/12,16.37,16.45,15.85,16.15,22512938,363061184.00
2017/07/13,16.17,16.28,15.95,16.19,11578681,186802960.00
2017/07/14,16.19,16.25,15.80,15.81,14103877,225449344.00
2017/07/17,15.70,15.70,14.23,14.83,22710441,338353888.00
2017/07/18,14.70,14.93,14.43,14.80,11643284,170812208.00
2017/07/19,14.74,15.02,14.61,14.98,9226719,137000896.00
2017/07/20,14.95,15.12,14.86,14.89,8657499,129702272.00
2017/07/21,14.88,14.98,14.79,14.84,8976768,133459432.00
2017/07/24,14.78,14.93,14.75,14.82,8381410,124167016.00
2017/07/25,14.84,14.86,14.59,14.65,7269104,106854528.00
2017/07/26,14.63,14.76,14.56,14.62,5765221,84312128.00
2017/07/27,14.68,14.91,14.61,14.87,7962967,117675728.00
2017/07/28,14.86,14.94,14.76,14.79,5273300,78223328.00
2017/08/02,15.07,15.07,15.07,15.07,0,0.00
数据来源:通达信
