600325 华发股份 日线 前复权
      日期	    开盘	    最高	    最低	    收盘	    成交量	    成交额
2010/10/08,5.40,5.56,5.31,5.47,23458497,267192480.00
2010/10/11,5.42,5.83,5.39,5.71,26499787,310777216.00
2010/10/12,5.64,5.74,5.56,5.64,13689078,160233104.00
2010/10/13,5.60,6.12,5.59,5.93,26822984,328894816.00
2010/10/14,5.97,6.08,5.88,5.91,28190000,347397824.00
2010/10/15,5.89,6.13,5.75,6.09,24869117,306247584.00
2010/10/18,6.02,6.56,5.97,6.32,39453034,509446208.00
2010/10/19,6.28,6.44,6.04,6.41,16957712,216014800.00
2010/10/20,6.11,6.11,5.74,5.78,33071089,402912224.00
2010/10/21,5.75,5.86,5.61,5.68,19648484,232701776.00
2010/10/22,5.68,5.84,5.67,5.71,17602614,208830256.00
2010/10/25,5.74,5.74,5.55,5.72,30397566,355792288.00
2010/10/26,5.64,5.92,5.62,5.78,24437153,292515616.00
2010/10/27,5.78,6.07,5.70,5.74,30122891,367332768.00
2010/10/28,5.72,5.92,5.70,5.76,15062983,180494896.00
2010/10/29,5.78,5.79,5.47,5.53,20920345,242286240.00
2010/11/01,5.49,5.61,5.42,5.59,28373058,325616992.00
2010/11/02,5.57,5.69,5.47,5.61,20152521,233481504.00
2010/11/03,5.52,5.68,5.52,5.56,12225114,142388736.00
2010/11/04,5.53,5.61,5.49,5.59,11095647,128064328.00
2010/11/05,5.63,5.76,5.56,5.74,21204541,249474160.00
2010/11/08,5.81,5.97,5.81,5.88,20036431,243454240.00
2010/11/09,5.92,5.93,5.71,5.76,22757102,272525216.00
2010/11/10,5.70,5.72,5.47,5.54,29394842,340658336.00
2010/11/11,5.49,5.61,5.48,5.53,17496096,202308960.00
2010/11/12,5.54,5.56,4.97,5.08,20068910,222255152.00
2010/11/15,5.11,5.21,5.03,5.12,18018324,193671264.00
2010/11/16,5.13,5.13,4.84,4.88,19789412,207866432.00
2010/11/17,4.84,4.96,4.81,4.90,11764167,122087080.00
2010/11/18,4.96,4.98,4.88,4.94,9539738,99432400.00
2010/11/19,4.94,4.95,4.74,4.94,14962992,154064368.00
2010/11/22,4.87,4.94,4.72,4.81,24592221,251977296.00
2010/11/23,4.78,4.81,4.69,4.75,14192910,143174400.00
2010/11/24,4.71,4.84,4.71,4.82,8806935,89667824.00
2010/11/25,4.83,5.02,4.80,4.96,18015200,187823392.00
2010/11/26,4.92,4.94,4.81,4.83,10252689,105724048.00
2010/11/29,4.83,4.83,4.76,4.79,6659312,67715520.00
2010/11/30,4.79,4.88,4.66,4.75,13110997,132418960.00
2010/12/01,4.73,4.83,4.71,4.81,6596361,67043384.00
2010/12/02,4.86,4.89,4.80,4.82,8224072,84454864.00
2010/12/03,4.83,4.91,4.79,4.86,9023287,92995920.00
2010/12/06,4.89,4.90,4.77,4.80,8522856,87307296.00
2010/12/07,4.79,4.89,4.70,4.86,11021483,112669664.00
2010/12/08,4.86,4.91,4.78,4.80,7858319,80790312.00
2010/12/09,4.81,4.81,4.68,4.69,10008219,100422080.00
2010/12/10,4.68,4.74,4.67,4.72,5876669,58849452.00
2010/12/13,4.79,4.86,4.75,4.86,10550188,107347208.00
2010/12/14,4.85,4.94,4.83,4.92,13584124,140477568.00
2010/12/15,4.92,4.92,4.82,4.83,8302906,85424176.00
2010/12/16,4.84,4.97,4.82,4.89,10155761,105365880.00
2010/12/17,4.89,4.91,4.82,4.86,6920081,71093264.00
2010/12/20,4.87,4.89,4.71,4.74,7460664,75790208.00
2010/12/21,4.76,5.16,4.73,5.08,28660606,302079776.00
2010/12/22,5.08,5.19,4.92,4.95,19130536,203375312.00
2010/12/23,4.95,5.00,4.88,4.89,8895343,92825872.00
2010/12/24,4.89,5.14,4.84,5.10,25854407,274422880.00
2010/12/27,5.03,5.19,4.96,5.02,25489056,272705376.00
2010/12/28,4.98,5.02,4.76,4.78,12113783,124747696.00
2010/12/29,4.75,4.83,4.71,4.78,8060676,81618568.00
2010/12/30,4.78,4.79,4.68,4.71,9920189,99521576.00
2010/12/31,4.72,4.77,4.70,4.77,6359255,64088624.00
2011/01/04,4.80,5.12,4.72,5.10,25688585,271467456.00
2011/01/05,5.02,5.22,4.98,5.08,15299462,164563360.00
2011/01/06,5.10,5.18,5.01,5.12,10355864,111364856.00
2011/01/07,5.11,5.31,5.06,5.09,22005871,240302912.00
2011/01/10,5.13,5.27,4.99,5.01,14263785,153892880.00
2011/01/11,5.01,5.33,4.97,5.33,26760299,292147264.00
2011/01/12,5.34,5.53,5.23,5.42,36293912,408612448.00
2011/01/13,5.43,5.44,5.25,5.28,16249972,180925392.00
2011/01/14,5.27,5.33,5.16,5.30,18701329,205740768.00
2011/01/17,5.23,5.29,4.81,4.84,20165158,212713664.00
2011/01/18,4.84,4.94,4.72,4.78,15300290,156239808.00
2011/01/19,4.76,4.93,4.72,4.91,11082238,113592640.00
2011/01/20,4.91,4.91,4.72,4.75,9614209,97644496.00
2011/01/21,4.75,5.08,4.73,4.78,25162560,257101744.00
2011/01/24,4.79,4.86,4.70,4.74,11840051,119717752.00
2011/01/25,4.75,4.79,4.72,4.77,8005482,80908168.00
2011/01/26,4.79,4.86,4.76,4.84,10068639,102870232.00
2011/01/27,4.74,4.74,4.56,4.68,19622051,194576448.00
2011/01/28,4.66,4.78,4.57,4.64,17046738,169181040.00
2011/02/01,4.64,4.73,4.64,4.72,10298652,102845696.00
2011/02/09,4.67,4.67,4.60,4.61,8572094,84841168.00
2011/02/10,4.61,4.72,4.58,4.69,11416140,113210336.00
2011/02/11,4.68,4.82,4.66,4.78,19387939,195652864.00
2011/02/14,4.76,4.89,4.75,4.87,20560395,210734272.00
2011/02/15,4.88,4.89,4.82,4.83,15949048,163966448.00
2011/02/16,4.83,4.89,4.77,4.88,13875022,141804576.00
2011/02/17,4.87,4.89,4.70,4.78,18413022,186870400.00
2011/02/18,4.79,4.84,4.73,4.78,12732690,129411816.00
2011/02/21,4.74,4.79,4.72,4.79,11767196,119128952.00
2011/02/22,4.79,4.79,4.66,4.75,24790166,249820416.00
2011/02/23,4.72,4.76,4.71,4.74,7681750,77321912.00
2011/02/24,4.74,4.78,4.71,4.77,8993412,90898496.00
2011/02/25,4.76,4.77,4.70,4.74,10717499,107817448.00
2011/02/28,4.73,4.75,4.69,4.74,11646506,117040928.00
2011/03/01,4.74,4.97,4.73,4.88,29907138,309137280.00
2011/03/02,4.83,4.90,4.78,4.84,13110391,134287072.00
2011/03/03,4.87,4.94,4.83,4.90,18483336,191725008.00
2011/03/04,4.93,5.48,4.93,5.48,103617314,1150504832.00
2011/03/07,5.75,5.92,5.55,5.68,123473653,1462330624.00
2011/03/08,5.63,5.68,5.48,5.63,41528528,480309824.00
2011/03/09,5.58,5.74,5.53,5.62,29481428,344408128.00
2011/03/10,5.62,5.69,5.47,5.58,30512052,353251648.00
2011/03/11,5.50,5.63,5.32,5.37,31172620,354296704.00
2011/03/14,5.33,5.49,5.33,5.41,17528279,198101120.00
2011/03/15,5.51,5.72,5.45,5.67,52550125,610201088.00
2011/03/16,5.61,5.84,5.58,5.69,33467777,397474272.00
2011/03/17,5.63,5.63,5.43,5.44,20326043,232697808.00
2011/03/18,5.47,5.62,5.39,5.57,14792641,170055504.00
2011/03/21,5.52,5.72,5.49,5.63,17094179,200119712.00
2011/03/22,5.63,5.69,5.49,5.54,14604201,169000656.00
2011/03/23,5.51,6.12,5.49,5.81,47627815,577078592.00
2011/03/24,5.81,5.87,5.69,5.78,25550155,305263552.00
2011/03/25,5.74,6.13,5.73,5.97,36592626,450327552.00
2011/03/28,5.98,6.36,5.97,6.03,34437627,436580128.00
2011/03/29,6.02,6.29,5.92,6.03,23933162,299908704.00
2011/03/30,6.03,6.11,5.84,6.01,20205146,247319088.00
2011/03/31,6.01,6.07,5.79,5.83,15613610,189816784.00
2011/04/01,5.82,6.02,5.82,5.95,11757550,143646992.00
2011/04/06,5.92,6.21,5.86,6.19,24635340,308646176.00
2011/04/07,6.19,6.22,6.11,6.17,11343960,143431024.00
2011/04/11,6.18,6.21,5.74,5.80,28135328,341249600.00
2011/04/12,5.80,5.80,5.61,5.68,16377854,193499904.00
2011/04/13,5.64,5.78,5.57,5.75,13894954,162957392.00
2011/04/14,5.71,5.75,5.57,5.57,13030907,151826656.00
2011/04/15,5.54,5.73,5.54,5.70,13931790,163166576.00
2011/04/18,5.64,5.89,5.62,5.83,16707285,200014016.00
2011/04/19,5.78,5.83,5.69,5.73,11046258,131599176.00
2011/04/20,5.75,5.78,5.48,5.52,16016196,186044704.00
2011/04/21,5.56,5.59,5.48,5.58,12382841,142549760.00
2011/04/22,5.56,5.56,5.44,5.46,9695055,110836776.00
2011/04/25,5.46,5.50,5.33,5.41,8539670,96439104.00
2011/04/26,5.39,5.48,5.35,5.47,6977151,79016568.00
2011/04/27,5.47,5.49,5.29,5.33,6056974,68286576.00
2011/04/28,5.35,5.41,5.18,5.22,7300027,80830536.00
2011/04/29,5.22,5.36,5.22,5.30,6383299,70767888.00
2011/05/03,5.30,5.33,5.20,5.32,5385304,59428448.00
2011/05/04,5.28,5.31,5.04,5.10,7204058,78431728.00
2011/05/05,5.09,5.36,5.02,5.33,9494140,103818416.00
2011/05/06,5.24,5.28,5.15,5.17,7147287,78008192.00
2011/05/09,5.16,5.23,5.13,5.19,5020878,54513356.00
2011/05/10,5.19,5.23,5.13,5.22,3725302,40517656.00
2011/05/11,5.22,5.34,5.17,5.28,6400701,70627120.00
2011/05/12,5.22,5.33,5.18,5.19,6656751,73275496.00
2011/05/13,5.18,5.33,5.18,5.33,5466252,60270988.00
2011/05/16,5.33,5.43,5.31,5.36,8920740,100286312.00
2011/05/17,5.36,5.42,5.22,5.25,8771955,97636048.00
2011/05/18,5.27,5.38,5.22,5.34,5946742,65875648.00
2011/05/19,5.34,5.37,5.23,5.26,7270010,80395744.00
2011/05/20,5.26,5.26,5.12,5.13,7072675,76862152.00
2011/05/23,5.11,5.15,4.89,4.91,7496371,79008192.00
2011/05/24,4.91,4.96,4.86,4.93,4919619,51159724.00
2011/05/25,4.92,4.97,4.83,4.84,4679850,48562420.00
2011/05/26,4.89,4.96,4.85,4.86,5408616,56269772.00
2011/05/27,4.90,4.94,4.83,4.87,5698350,59112196.00
2011/05/30,4.86,4.94,4.72,4.75,6631622,67990408.00
2011/05/31,4.76,4.80,4.67,4.79,7282415,73320080.00
2011/06/01,4.79,4.83,4.75,4.82,6606095,67168632.00
2011/06/02,4.78,4.80,4.68,4.72,4424674,44105824.00
2011/06/03,4.72,4.88,4.71,4.85,4278966,43312068.00
2011/06/07,4.85,4.89,4.82,4.87,3195697,32577870.00
2011/06/08,4.88,4.96,4.81,4.91,6334337,65010884.00
2011/06/09,4.89,4.89,4.76,4.78,4530080,45878220.00
2011/06/10,4.75,4.93,4.74,4.85,5466943,55521668.00
2011/06/13,4.81,4.83,4.76,4.81,3027377,30476930.00
2011/06/14,4.81,5.09,4.81,4.97,11000241,114721904.00
2011/06/15,4.97,4.98,4.89,4.90,4031347,41650880.00
2011/06/16,4.86,4.88,4.81,4.82,3286521,33335580.00
2011/06/17,4.82,4.92,4.78,4.81,5326886,54242260.00
2011/06/20,4.79,4.92,4.78,4.86,6864030,69944856.00
2011/06/21,4.87,5.07,4.87,5.03,12663973,132128088.00
2011/06/22,5.06,5.06,4.95,5.00,5689596,59461944.00
2011/06/23,5.02,5.22,4.97,5.14,11461699,121778584.00
2011/06/24,5.09,5.27,5.08,5.19,11680064,126240320.00
2011/06/27,5.22,5.22,5.08,5.15,7603809,81496968.00
2011/06/28,5.14,5.36,5.08,5.31,12289183,133274168.00
2011/06/29,5.29,5.43,5.20,5.21,11924074,131523440.00
2011/06/30,5.20,5.53,5.16,5.43,17244553,192505904.00
2011/07/01,5.46,5.59,5.42,5.45,15538429,177030816.00
2011/07/04,5.47,5.61,5.47,5.56,10186149,116452672.00
2011/07/05,5.54,5.61,5.43,5.47,8799978,99751624.00
2011/07/06,5.44,5.45,5.22,5.34,16372260,179944624.00
2011/07/07,5.33,5.39,5.24,5.27,12723926,139733648.00
2011/07/08,5.28,5.35,5.25,5.28,6110993,67037664.00
2011/07/11,5.27,5.29,5.18,5.21,10232284,111307600.00
2011/07/12,5.19,5.19,5.01,5.03,14688228,155554064.00
2011/07/13,5.05,5.18,5.04,5.16,7648861,81755760.00
2011/07/14,5.16,5.21,5.09,5.17,4317403,46318208.00
2011/07/18,5.07,5.25,4.92,5.24,20750863,218651280.00
2011/07/19,5.14,5.30,5.09,5.21,11584940,125496536.00
2011/07/20,5.18,5.27,5.17,5.24,6613475,71730928.00
2011/07/21,5.24,5.31,5.13,5.25,9001437,97939928.00
2011/07/22,5.30,5.34,5.22,5.29,12316162,134774464.00
2011/07/25,5.28,5.28,4.96,5.01,6933170,73726856.00
2011/07/26,4.98,5.17,4.93,5.13,5419779,57297240.00
2011/07/27,5.11,5.53,5.07,5.32,22130667,245191360.00
2011/07/28,5.28,5.36,5.23,5.34,10712380,117786872.00
2011/07/29,5.32,5.44,5.14,5.25,9038688,98834720.00
2011/08/01,5.26,5.48,5.21,5.46,14582502,163056528.00
2011/08/02,5.41,5.44,5.28,5.43,11778696,130880848.00
2011/08/03,5.38,5.38,5.28,5.33,9929378,109513808.00
2011/08/04,5.58,5.72,5.31,5.33,34763714,391159744.00
2011/08/05,5.03,5.22,4.94,5.11,14748158,156810544.00
2011/08/08,5.07,5.17,4.75,4.87,11447438,118731984.00
2011/08/09,4.75,5.02,4.71,4.96,14121354,145888224.00
2011/08/10,5.10,5.17,4.98,5.01,9859631,104431624.00
2011/08/11,4.92,5.31,4.91,5.19,12662750,136520832.00
2011/08/12,5.19,5.39,5.14,5.19,11927873,129817072.00
2011/08/15,5.22,5.32,5.13,5.19,16155997,174643232.00
2011/08/16,5.21,5.24,5.08,5.11,10902319,116988808.00
2011/08/17,5.08,5.13,4.97,5.01,8364593,88284848.00
2011/08/18,5.01,5.01,4.86,4.87,10559173,108629200.00
2011/08/19,4.79,4.86,4.74,4.83,8652401,87334720.00
2011/08/22,4.85,4.89,4.78,4.83,7321683,74231296.00
2011/08/23,4.85,4.92,4.83,4.92,4716006,48286548.00
2011/08/24,4.94,4.97,4.82,4.84,4900091,50224880.00
2011/08/25,4.85,5.00,4.83,4.99,9273869,95892272.00
2011/08/26,4.96,5.06,4.93,5.02,6771152,70798624.00
2011/08/29,4.97,4.97,4.88,4.91,4404580,45437880.00
2011/08/30,4.93,4.99,4.89,4.92,6201090,64095992.00
2011/08/31,4.93,4.94,4.84,4.91,7575709,77503128.00
2011/09/01,4.91,4.96,4.85,4.86,5754624,59160220.00
2011/09/02,4.86,4.87,4.79,4.82,3747889,37981404.00
2011/09/05,4.81,4.84,4.76,4.79,3846346,38788100.00
2011/09/06,4.78,4.84,4.76,4.79,3023424,30460896.00
2011/09/07,4.81,4.88,4.77,4.85,8350450,84573592.00
2011/09/08,4.87,4.89,4.75,4.81,7579232,76573640.00
2011/09/09,4.77,4.83,4.74,4.76,6292820,63120592.00
2011/09/13,4.70,4.71,4.47,4.57,13118539,126690496.00
2011/09/14,4.57,4.59,4.51,4.58,5595622,53841708.00
2011/09/15,4.59,4.63,4.52,4.55,10301225,99745568.00
2011/09/16,4.58,4.59,4.52,4.53,4690197,45184644.00
2011/09/19,4.51,4.56,4.36,4.38,9271278,87699680.00
2011/09/20,4.47,4.47,4.33,4.39,6258268,58698332.00
2011/09/21,4.39,4.51,4.35,4.50,12712402,120172976.00
2011/09/22,4.44,4.45,4.22,4.22,12425541,114765880.00
2011/09/23,4.15,4.19,4.05,4.14,8641747,76543336.00
2011/09/26,4.11,4.14,3.96,3.98,9293476,80995024.00
2011/09/27,4.03,4.04,3.92,3.95,6110782,52556208.00
2011/09/28,3.99,4.02,3.91,3.93,6498194,55872296.00
2011/09/29,3.89,3.92,3.81,3.89,10134982,85306240.00
2011/09/30,3.87,3.89,3.82,3.83,5465784,45771920.00
2011/10/10,3.84,3.86,3.60,3.65,12861718,103931536.00
2011/10/11,3.74,3.76,3.54,3.58,9599742,76811816.00
2011/10/12,3.56,3.75,3.54,3.73,11755705,94962616.00
2011/10/13,3.73,3.79,3.69,3.77,8165502,67025904.00
2011/10/14,3.77,3.77,3.68,3.73,5689417,46471152.00
2011/10/17,3.72,3.77,3.70,3.74,4543088,37182372.00
2011/10/18,3.71,3.71,3.65,3.67,9667323,77927296.00
2011/10/19,3.68,3.71,3.58,3.61,5488506,43923472.00
2011/10/20,3.61,3.61,3.36,3.43,8484931,65019464.00
2011/10/21,3.44,3.52,3.37,3.41,6059611,46207844.00
2011/10/24,3.41,3.51,3.37,3.51,5471002,41974060.00
2011/10/25,3.49,3.67,3.46,3.64,7972290,62749324.00
2011/10/26,3.61,3.76,3.59,3.74,14407597,117164880.00
2011/10/27,3.68,3.72,3.62,3.69,7190596,57993352.00
2011/10/28,3.74,4.06,3.74,3.81,22614641,189534944.00
2011/10/31,3.81,3.81,3.71,3.78,8079848,66475824.00
2011/11/01,3.72,3.77,3.65,3.69,12292405,99653584.00
2011/11/02,3.61,3.71,3.55,3.71,11059514,88130496.00
2011/11/03,3.72,3.76,3.68,3.72,13924991,113548824.00
2011/11/04,3.74,3.81,3.72,3.79,8631796,70954096.00
2011/11/07,3.77,3.77,3.69,3.69,5486899,44751952.00
2011/11/08,3.69,3.71,3.62,3.66,7079149,56884572.00
2011/11/09,3.66,3.69,3.58,3.67,4933775,39422536.00
2011/11/10,3.62,3.62,3.53,3.56,8600725,67707744.00
2011/11/11,3.53,3.59,3.53,3.55,2979543,23436648.00
2011/11/14,3.58,3.67,3.56,3.66,6581653,52511784.00
2011/11/15,3.66,3.69,3.62,3.68,3956406,31751330.00
2011/11/16,3.67,3.68,3.52,3.54,6467864,51068748.00
2011/11/17,3.55,3.56,3.49,3.51,3715436,28950504.00
2011/11/18,3.47,3.48,3.42,3.46,6421018,49134132.00
2011/11/21,3.48,3.48,3.43,3.44,3435443,26337514.00
2011/11/22,3.44,3.47,3.38,3.46,4124328,31453416.00
2011/11/23,3.47,3.49,3.40,3.41,8215302,63178008.00
2011/11/24,3.38,3.48,3.33,3.44,6603584,50147096.00
2011/11/25,3.42,3.43,3.33,3.34,4395817,33140208.00
2011/11/28,3.35,3.44,3.28,3.43,7006599,52690272.00
2011/11/29,3.43,3.53,3.41,3.52,5779108,44571356.00
2011/11/30,3.48,3.51,3.36,3.42,5788289,44017184.00
2011/12/01,3.56,3.67,3.52,3.60,16493817,131162112.00
2011/12/02,3.56,3.56,3.44,3.50,4820160,37467696.00
2011/12/05,3.48,3.48,3.36,3.39,4649132,35289032.00
2011/12/06,3.37,3.44,3.36,3.38,5474640,41388508.00
2011/12/07,3.38,3.43,3.37,3.41,2757607,20912828.00
2011/12/08,3.39,3.47,3.33,3.44,4725997,35868780.00
2011/12/09,3.41,3.53,3.39,3.44,7782652,59863632.00
2011/12/12,3.39,3.41,3.27,3.28,7502983,55583340.00
2011/12/13,3.26,3.27,3.11,3.13,5454062,39077916.00
2011/12/14,3.14,3.17,3.08,3.11,3580962,25317840.00
2011/12/16,3.08,3.19,3.06,3.19,5516291,38944864.00
2011/12/19,3.13,3.22,3.07,3.14,5640471,39781052.00
2011/12/20,3.13,3.23,3.12,3.16,4973498,35777444.00
2011/12/21,3.19,3.19,3.04,3.06,3082453,21797144.00
2011/12/22,3.01,3.06,2.92,3.01,3710733,25459414.00
2011/12/23,2.99,3.14,2.99,3.10,4620093,32408540.00
2011/12/26,3.08,3.15,3.07,3.08,2652380,18672070.00
2011/12/27,3.08,3.11,3.00,3.04,2310817,16065508.00
2011/12/28,2.99,3.11,2.96,3.11,3079450,21265660.00
2011/12/29,3.08,3.15,3.07,3.11,2403934,16952292.00
2011/12/30,3.13,3.26,3.11,3.21,5631996,40651820.00
2012/01/04,3.25,3.25,3.08,3.11,2060980,14708104.00
2012/01/05,3.09,3.14,3.01,3.01,2976469,20782600.00
2012/01/06,3.01,3.08,3.00,3.06,3922090,27143650.00
2012/01/09,3.04,3.19,3.02,3.18,4213929,29787764.00
2012/01/10,3.18,3.30,3.15,3.29,7062412,51520384.00
2012/01/11,3.29,3.29,3.20,3.24,6088155,44286736.00
2012/01/12,3.22,3.37,3.22,3.28,6290844,46511268.00
2012/01/13,3.27,3.28,3.14,3.25,4957348,35903928.00
2012/01/16,3.20,3.24,3.07,3.08,3312310,23652192.00
2012/01/17,3.07,3.29,3.04,3.27,5265597,37917520.00
2012/01/18,3.25,3.41,3.24,3.28,9951632,73959104.00
2012/01/19,3.25,3.38,3.25,3.37,6999848,52208612.00
2012/01/20,3.39,3.47,3.32,3.44,9954352,75652320.00
2012/01/30,3.46,3.46,3.28,3.29,6735675,50367368.00
2012/01/31,3.30,3.30,3.22,3.26,5529063,40452256.00
2012/02/01,3.25,3.27,3.18,3.20,5600546,40642616.00
2012/02/02,3.21,3.27,3.19,3.27,4534806,32995544.00
2012/02/03,3.26,3.36,3.24,3.32,5213531,38601892.00
2012/02/06,3.34,3.35,3.19,3.25,14252664,104408472.00
2012/02/07,3.23,3.24,3.18,3.18,6136052,44189372.00
2012/02/09,3.27,3.48,3.22,3.39,26507308,198649968.00
2012/02/10,3.39,3.63,3.39,3.52,34831284,272821824.00
2012/02/13,3.41,3.48,3.34,3.44,13757188,104282856.00
2012/02/14,3.43,3.53,3.38,3.52,10207286,78494600.00
2012/02/15,3.49,3.67,3.46,3.58,17479292,138470880.00
2012/02/16,3.56,3.67,3.54,3.60,8941421,70985832.00
2012/02/17,3.61,3.64,3.48,3.57,5391035,42502896.00
2012/02/20,3.64,3.74,3.59,3.62,12429014,100051928.00
2012/02/21,3.62,3.78,3.57,3.76,14059594,113181888.00
2012/02/22,3.77,4.04,3.77,4.03,35511666,305717888.00
2012/02/23,4.03,4.17,3.99,4.04,13433972,118386568.00
2012/02/24,4.03,4.35,4.01,4.27,17841128,161394160.00
2012/02/27,4.28,4.37,4.12,4.15,15883880,145251680.00
2012/02/28,4.17,4.27,4.09,4.19,15506320,139125312.00
2012/02/29,4.11,4.12,3.97,4.03,15254788,133206872.00
2012/03/01,4.02,4.12,4.01,4.06,10460113,91919936.00
2012/03/02,4.06,4.55,4.06,4.51,50530210,477246112.00
2012/03/05,4.54,4.54,4.35,4.38,31407332,295617824.00
2012/03/06,4.36,4.42,4.29,4.36,16238479,150453440.00
2012/03/07,4.28,4.43,4.27,4.28,12881971,119375240.00
2012/03/08,4.32,4.50,4.31,4.37,19417735,182530720.00
2012/03/09,4.41,4.45,4.32,4.39,8214584,76526064.00
2012/03/12,4.39,4.41,4.19,4.23,14635091,133415952.00
2012/03/13,4.26,4.29,4.22,4.28,11954597,108955520.00
2012/03/14,4.32,4.44,4.03,4.06,25865607,234378912.00
2012/03/15,4.03,4.04,3.83,3.88,17422012,147885344.00
2012/03/16,3.87,4.01,3.87,3.98,10048991,85971928.00
2012/03/19,3.94,4.02,3.89,4.02,5935884,50976188.00
2012/03/20,3.96,4.09,3.94,3.98,9353922,81134440.00
2012/03/21,3.99,4.07,3.93,4.00,6181874,53428424.00
2012/03/22,4.00,4.09,3.96,4.04,8135970,71179712.00
2012/03/26,3.96,3.96,3.83,3.89,7837816,66155672.00
2012/03/27,3.89,3.94,3.87,3.88,4540390,38537936.00
2012/03/28,3.86,3.97,3.75,3.83,8695882,73455952.00
2012/03/29,3.83,3.99,3.71,3.83,11004356,92575216.00
2012/03/30,3.81,3.99,3.81,3.93,7033034,59843248.00
2012/04/05,3.93,4.09,3.92,4.07,7933357,68973144.00
2012/04/06,4.06,4.24,4.02,4.13,10103818,89958232.00
2012/04/09,4.09,4.13,3.96,3.97,5088894,44373140.00
2012/04/10,3.95,4.14,3.84,4.12,8112887,69653664.00
2012/04/11,4.07,4.39,4.03,4.17,23786812,215710368.00
2012/04/12,4.17,4.37,4.11,4.32,12913877,118102960.00
2012/04/13,4.31,4.52,4.31,4.32,15719913,147876128.00
2012/04/16,4.32,4.46,4.23,4.45,7838175,72881824.00
2012/04/17,4.44,4.51,4.24,4.26,6623598,61286424.00
2012/04/18,4.28,4.43,4.22,4.40,9880924,91452624.00
2012/04/19,4.37,4.40,4.25,4.31,6662317,61358360.00
2012/04/20,4.27,4.42,4.26,4.35,6056151,56326004.00
2012/04/23,4.33,4.33,4.19,4.21,6221206,56434712.00
2012/04/24,4.18,4.35,4.10,4.23,6638606,60064512.00
2012/04/25,4.23,4.74,4.20,4.52,35525511,341344224.00
2012/04/26,4.75,4.85,4.44,4.48,63649995,626090048.00
2012/04/27,4.52,4.52,4.26,4.34,19491694,181566560.00
2012/05/02,4.41,4.59,4.25,4.49,21095231,198443264.00
2012/05/03,4.46,4.57,4.44,4.49,10332858,98497792.00
2012/05/04,4.43,4.50,4.43,4.46,10303967,97760664.00
2012/05/07,4.42,4.43,4.28,4.35,12024884,111317336.00
2012/05/08,4.34,4.37,4.23,4.32,12486001,114500712.00
2012/05/09,4.28,4.30,4.24,4.25,6863796,62664788.00
2012/05/11,4.26,4.26,4.13,4.15,7293018,65592008.00
2012/05/14,4.22,4.37,4.18,4.28,15965339,145714128.00
2012/05/15,4.22,4.32,4.19,4.31,6135591,56026328.00
2012/05/16,4.28,4.31,4.19,4.19,4531186,41130824.00
2012/05/17,4.21,4.32,4.17,4.29,5242513,47806520.00
2012/05/18,4.24,4.29,4.18,4.20,4621074,41867196.00
2012/05/21,4.22,4.24,4.17,4.19,2979067,26838024.00
2012/05/22,4.22,4.39,4.21,4.38,6332154,58032880.00
2012/05/23,4.43,4.43,4.25,4.34,6354777,58249172.00
2012/05/24,4.33,4.38,4.28,4.29,3332212,30448794.00
2012/05/25,4.29,4.33,4.24,4.26,3720549,33743632.00
2012/05/28,4.23,4.33,4.08,4.29,6665234,59373592.00
2012/05/29,4.31,4.38,4.28,4.38,6969175,63911552.00
2012/05/30,4.38,4.60,4.36,4.51,15601496,148145248.00
2012/05/31,4.46,4.52,4.44,4.46,4524247,42469224.00
2012/06/01,4.47,4.54,4.45,4.47,4388217,41339324.00
2012/06/04,4.39,4.41,4.29,4.29,5825701,53526640.00
2012/06/05,4.31,4.32,4.20,4.27,2800913,25285636.00
2012/06/06,4.26,4.27,4.21,4.23,2634627,23646064.00
2012/06/07,4.27,4.37,4.22,4.22,3068303,27817088.00
2012/06/08,4.32,4.39,4.24,4.27,4863289,44171380.00
2012/06/11,4.27,4.46,4.26,4.43,6491409,60062648.00
2012/06/12,4.39,4.59,4.38,4.51,10207467,96623456.00
2012/06/13,4.52,4.58,4.48,4.51,5279522,50078596.00
2012/06/14,4.51,4.56,4.36,4.40,5811234,54620432.00
2012/06/15,4.43,4.43,4.23,4.32,7943712,72320144.00
2012/06/18,4.35,4.39,4.34,4.38,3450559,31778852.00
2012/06/19,4.38,4.38,4.23,4.23,6360652,57627576.00
2012/06/20,4.25,4.27,4.13,4.19,6693008,59680628.00
2012/06/21,4.17,4.18,4.09,4.13,7645594,67224184.00
2012/06/25,4.11,4.12,3.89,3.91,7653586,64912616.00
2012/06/26,3.89,4.03,3.89,4.02,4680376,39815776.00
2012/06/27,4.00,4.12,3.98,3.99,4651652,40154868.00
2012/06/28,4.11,4.12,3.93,3.93,3290990,28174698.00
2012/06/29,3.92,4.05,3.89,3.98,4810092,40888908.00
2012/07/02,3.99,4.04,3.95,3.96,3616819,30883970.00
2012/07/03,3.98,4.10,3.93,4.01,9064936,77971528.00
2012/07/04,4.01,4.06,3.96,4.02,3570762,30559890.00
2012/07/05,4.03,4.03,3.94,3.97,2911474,24787828.00
2012/07/06,4.05,4.13,4.04,4.12,10257798,89337592.00
2012/07/09,4.07,4.17,4.01,4.01,5533666,48252720.00
2012/07/10,4.06,4.06,3.72,3.77,7971791,65804700.00
2012/07/11,3.78,3.81,3.64,3.74,5233803,42096864.00
2012/07/12,3.71,3.85,3.71,3.81,4058102,33075732.00
2012/07/13,3.80,3.83,3.77,3.79,2441144,19943352.00
2012/07/16,3.76,3.83,3.59,3.61,5056470,40355220.00
2012/07/17,3.61,3.67,3.59,3.65,4788150,37748568.00
2012/07/18,3.64,3.64,3.48,3.59,3645432,28162190.00
2012/07/19,3.57,3.65,3.56,3.60,3484150,27337664.00
2012/07/20,3.58,3.61,3.52,3.55,3032086,23553272.00
2012/07/23,3.51,3.52,3.43,3.47,2215568,16820624.00
2012/07/24,3.42,3.56,3.42,3.54,1760086,13490934.00
2012/07/25,3.51,3.52,3.45,3.46,1441894,10986507.00
2012/07/26,3.47,3.49,3.43,3.44,1810397,13708151.00
2012/07/27,3.47,3.47,3.43,3.44,1971870,14884085.00
2012/07/30,3.43,3.48,3.40,3.44,2084666,15699380.00
2012/07/31,3.45,3.47,3.37,3.41,2170576,16304267.00
2012/08/01,3.41,3.55,3.41,3.48,4142799,31312286.00
2012/08/02,3.46,3.47,3.29,3.33,4046684,30067416.00
2012/08/03,3.34,3.38,3.32,3.38,2954434,21792504.00
2012/08/06,3.37,3.46,3.35,3.45,2702118,20244056.00
2012/08/07,3.44,3.47,3.42,3.47,3405263,25741308.00
2012/08/08,3.47,3.48,3.43,3.46,3335382,25263070.00
2012/08/09,3.49,3.53,3.46,3.52,6583511,50153300.00
2012/08/10,3.52,3.53,3.44,3.45,4075151,30982020.00
2012/08/13,3.45,3.45,3.28,3.29,5636922,41370064.00
2012/08/14,3.29,3.31,3.21,3.28,6312499,45625920.00
2012/08/15,3.28,3.28,3.24,3.27,2376207,17170296.00
2012/08/16,3.27,3.32,3.24,3.28,2301613,16700778.00
2012/08/17,3.29,3.30,3.24,3.28,1389702,10042897.00
2012/08/20,3.24,3.24,3.14,3.20,2481441,17643268.00
2012/08/21,3.21,3.24,3.18,3.22,3590084,25632892.00
2012/08/22,3.22,3.23,3.13,3.14,4311929,30409088.00
2012/08/23,3.13,3.18,3.13,3.14,3788367,26585624.00
2012/08/24,3.14,3.19,3.09,3.16,3530234,24708348.00
2012/08/27,3.16,3.16,3.06,3.07,3428646,23810212.00
2012/08/28,3.07,3.09,3.03,3.06,2848525,19559374.00
2012/08/29,3.07,3.07,2.98,2.99,3064929,20839958.00
2012/08/30,2.99,3.03,2.95,3.02,2841596,19166928.00
2012/08/31,3.02,3.04,2.98,3.04,2926541,19893204.00
2012/09/03,3.03,3.14,3.01,3.12,8214847,57004464.00
2012/09/04,3.12,3.12,3.04,3.04,3431295,23672740.00
2012/09/05,3.04,3.08,3.03,3.06,3317916,22752120.00
2012/09/06,3.06,3.13,3.05,3.12,3104387,21451460.00
2012/09/07,3.14,3.29,3.13,3.24,14347029,102613328.00
2012/09/10,3.22,3.29,3.18,3.26,6349685,45711788.00
2012/09/11,3.24,3.24,3.19,3.23,4197194,29972088.00
2012/09/12,3.23,3.26,3.19,3.25,6413800,45965408.00
2012/09/13,3.24,3.26,3.20,3.21,3479959,24917200.00
2012/09/14,3.21,3.24,3.13,3.19,5844126,41385784.00
2012/09/17,3.21,3.21,3.02,3.03,7671061,52746180.00
2012/09/18,3.02,3.04,2.98,3.02,3036327,20559420.00
2012/09/19,3.03,3.03,2.98,3.02,3048467,20611344.00
2012/09/20,3.01,3.01,2.94,2.95,3376653,22594868.00
2012/09/21,2.95,2.98,2.93,2.93,2621313,17471676.00
2012/09/24,2.93,2.98,2.88,2.96,2614162,17367436.00
2012/09/25,2.96,2.96,2.91,2.96,2106862,13987537.00
2012/09/26,2.96,3.00,2.91,2.91,2633527,17499660.00
2012/09/27,2.89,3.02,2.89,2.99,4607283,30825684.00
2012/09/28,2.96,3.08,2.95,3.07,4953697,33816208.00
2012/10/08,3.06,3.07,2.98,3.01,3755250,25445228.00
2012/10/09,3.02,3.17,3.01,3.14,7361406,51083700.00
2012/10/10,3.11,3.16,3.10,3.15,4291358,29982964.00
2012/10/11,3.15,3.15,3.09,3.11,2850928,19831574.00
2012/10/12,3.10,3.16,3.04,3.11,2744378,19118012.00
2012/10/15,3.10,3.16,3.03,3.09,3389616,23298520.00
2012/10/16,3.08,3.17,3.08,3.15,4656053,32613542.00
2012/10/17,3.16,3.17,3.08,3.11,4432302,30855412.00
2012/10/18,3.13,3.27,3.11,3.24,10519129,75007680.00
2012/10/19,3.23,3.32,3.20,3.26,10814447,78030216.00
2012/10/22,3.24,3.27,3.18,3.27,7807412,55818308.00
2012/10/23,3.26,3.37,3.25,3.27,11548132,84462240.00
2012/10/24,3.24,3.27,3.20,3.26,6416374,46021596.00
2012/10/25,3.23,3.28,3.20,3.21,4360249,31311752.00
2012/10/26,3.21,3.23,3.07,3.11,6110826,42817124.00
2012/10/29,3.11,3.12,3.03,3.07,4540709,31183234.00
2012/10/30,3.04,3.15,3.01,3.10,5850716,40435672.00
2012/10/31,3.10,3.14,3.06,3.13,4111078,28469976.00
2012/11/01,3.13,3.40,3.11,3.37,18673423,136900016.00
2012/11/02,3.34,3.50,3.34,3.43,15727955,117827832.00
2012/11/05,3.42,3.46,3.33,3.40,9401028,70049744.00
2012/11/06,3.38,3.39,3.28,3.36,8483022,62410968.00
2012/11/07,3.36,3.40,3.32,3.34,5553370,41070428.00
2012/11/08,3.31,3.49,3.29,3.33,13222643,99035296.00
2012/11/09,3.31,3.35,3.26,3.32,6043392,44052796.00
2012/11/12,3.32,3.44,3.31,3.44,8054661,59796092.00
2012/11/13,3.43,3.43,3.21,3.22,7998199,58410108.00
2012/11/14,3.23,3.23,3.16,3.21,4823703,34175208.00
2012/11/15,3.19,3.27,3.16,3.17,4648505,33154220.00
2012/11/16,3.14,3.17,3.06,3.17,3887776,27076666.00
2012/11/19,3.16,3.18,3.09,3.16,3454317,24119850.00
2012/11/20,3.18,3.25,3.14,3.16,3691244,26137524.00
2012/11/21,3.17,3.25,3.07,3.24,5736157,40440160.00
2012/11/22,3.21,3.26,3.18,3.21,4040004,28840784.00
2012/11/23,3.20,3.30,3.20,3.26,6005643,43328880.00
2012/11/26,3.24,3.25,3.18,3.21,3510484,25047706.00
2012/11/27,3.18,3.19,3.08,3.09,4281532,29826532.00
2012/11/28,3.07,3.10,3.04,3.08,2812517,19317872.00
2012/11/29,3.09,3.13,3.05,3.06,3437279,23785674.00
2012/11/30,3.06,3.24,3.04,3.17,7777995,54903192.00
2012/12/03,3.16,3.25,3.14,3.14,6396523,45496644.00
2012/12/04,3.12,3.22,3.06,3.22,4679465,32803152.00
2012/12/05,3.24,3.51,3.23,3.39,19638565,146394864.00
2012/12/06,3.38,3.46,3.34,3.38,13141700,98186848.00
2012/12/07,3.36,3.46,3.33,3.45,20268038,151174640.00
2012/12/10,3.51,3.52,3.41,3.48,22920432,173590960.00
2012/12/11,3.47,3.51,3.42,3.43,14840362,112415224.00
2012/12/12,3.43,3.49,3.39,3.46,11189619,84412296.00
2012/12/13,3.44,3.53,3.41,3.43,9289571,70654912.00
2012/12/14,3.42,3.67,3.42,3.66,22443173,174874592.00
2012/12/17,3.66,3.77,3.62,3.64,18605579,148447296.00
2012/12/18,3.61,3.69,3.51,3.52,14661265,114527184.00
2012/12/19,3.53,3.59,3.49,3.53,11571169,89283168.00
2012/12/20,3.53,3.59,3.47,3.57,7704330,59303084.00
2012/12/21,3.57,3.65,3.49,3.51,8322670,64677172.00
2012/12/24,3.50,3.56,3.47,3.52,6220790,47756964.00
2012/12/25,3.51,3.76,3.48,3.74,18637351,148940048.00
2012/12/26,3.74,3.82,3.69,3.76,11925619,96705216.00
2012/12/27,3.77,3.81,3.66,3.67,18639407,149608304.00
2012/12/28,3.68,3.88,3.66,3.81,18558187,151448080.00
2012/12/31,3.85,4.11,3.85,3.97,23714206,202571952.00
2013/01/04,4.05,4.13,3.94,4.04,19789050,169833264.00
2013/01/07,3.99,4.16,3.94,4.14,14550172,125383024.00
2013/01/08,4.11,4.17,4.02,4.10,10579758,91906520.00
2013/01/09,4.08,4.13,3.96,4.01,9682810,83091480.00
2013/01/10,3.99,4.14,3.97,4.05,8528281,73890904.00
2013/01/11,4.06,4.06,3.78,3.83,14043296,116967184.00
2013/01/14,3.81,4.01,3.79,3.98,15760865,132845208.00
2013/01/15,3.99,4.07,3.97,4.00,9696363,83102776.00
2013/01/16,3.99,4.00,3.81,3.88,10795730,89872192.00
2013/01/17,3.87,3.91,3.81,3.87,6532077,54204820.00
2013/01/18,3.86,4.10,3.86,4.04,16574664,141866912.00
2013/01/21,4.08,4.13,3.96,3.99,15794700,135742928.00
2013/01/22,3.98,4.01,3.87,3.92,10205069,85909312.00
2013/01/23,3.92,4.01,3.81,3.92,8719725,73608432.00
2013/01/24,3.91,4.01,3.76,3.83,11483263,95737536.00
2013/01/25,3.80,3.83,3.75,3.77,4018825,32759000.00
2013/01/28,3.80,3.95,3.77,3.94,10262833,85502624.00
2013/01/29,3.94,4.06,3.91,3.93,10023368,85206616.00
2013/01/30,3.93,4.09,3.89,4.07,14122409,121189448.00
2013/01/31,4.03,4.06,3.76,3.83,20580606,171219648.00
2013/02/01,3.83,3.87,3.76,3.86,10888224,89597184.00
2013/02/04,3.88,3.88,3.74,3.77,19634977,159920912.00
2013/02/05,3.76,3.94,3.74,3.91,12069815,100059376.00
2013/02/06,3.88,3.91,3.78,3.80,16559777,136418640.00
2013/02/07,3.79,3.82,3.74,3.78,13837440,112643088.00
2013/02/08,3.82,4.00,3.79,3.93,22300305,187567248.00
2013/02/18,4.00,4.00,3.88,3.92,12638024,106539344.00
2013/02/19,3.92,3.99,3.75,3.77,15697235,128549192.00
2013/02/20,3.76,3.82,3.76,3.81,5861868,47899524.00
2013/02/21,3.76,3.80,3.58,3.66,10777662,86425216.00
2013/02/22,3.65,3.72,3.64,3.67,5739481,45660616.00
2013/02/25,3.69,3.72,3.63,3.64,6715720,53476516.00
2013/02/26,3.63,3.63,3.50,3.51,11287538,87895392.00
2013/02/27,3.53,3.64,3.47,3.56,21073866,162855504.00
2013/02/28,3.54,3.68,3.52,3.66,16053132,125816184.00
2013/03/01,3.64,3.64,3.56,3.58,16355740,127833344.00
2013/03/04,3.42,3.42,3.15,3.16,35649093,254678192.00
2013/03/05,3.16,3.21,3.11,3.20,14521936,102410320.00
2013/03/06,3.22,3.24,3.19,3.22,9981614,71257216.00
2013/03/07,3.22,3.27,3.18,3.23,10891579,77893984.00
2013/03/08,3.23,3.25,3.19,3.19,5295914,37835956.00
2013/03/11,3.20,3.23,3.18,3.22,4033938,28800578.00
2013/03/12,3.22,3.27,3.14,3.17,7603004,54007696.00
2013/03/13,3.17,3.18,3.13,3.16,5665606,39764264.00
2013/03/14,3.16,3.17,3.13,3.16,3540561,24877052.00
2013/03/15,3.16,3.21,3.09,3.17,8389292,59139380.00
2013/03/18,3.15,3.18,3.14,3.14,4099072,28833028.00
2013/03/19,3.14,3.22,3.13,3.21,7445072,52698024.00
2013/03/20,3.21,3.30,3.20,3.29,9885798,71450712.00
2013/03/21,3.28,3.29,3.22,3.25,8916327,64473984.00
2013/03/22,3.23,3.29,3.21,3.27,5166337,37197804.00
2013/03/25,3.25,3.28,3.25,3.27,3601651,26023600.00
2013/03/26,3.27,3.36,3.22,3.27,8919494,64808664.00
2013/03/27,3.27,3.32,3.24,3.27,4540564,32913674.00
2013/03/28,3.25,3.25,3.12,3.14,10951512,76811480.00
2013/03/29,3.15,3.19,3.12,3.16,3721427,26160896.00
2013/04/01,3.19,3.26,3.16,3.21,6974273,49888188.00
2013/04/02,3.22,3.31,3.21,3.23,6443809,46430328.00
2013/04/03,3.23,3.26,3.19,3.21,3506365,25005888.00
2013/04/08,3.14,3.26,3.13,3.24,4708519,33433980.00
2013/04/09,3.24,3.35,3.24,3.33,7890384,57631808.00
2013/04/10,3.26,3.29,3.24,3.26,8501083,61452212.00
2013/04/11,3.28,3.29,3.22,3.23,5408772,39013020.00
2013/04/12,3.21,3.24,3.19,3.19,2939734,20983984.00
2013/04/15,3.20,3.23,3.15,3.16,4858157,34342288.00
2013/04/16,3.14,3.30,3.13,3.27,10115434,72418680.00
2013/04/17,3.29,3.30,3.21,3.26,5185438,37353080.00
2013/04/18,3.25,3.31,3.22,3.25,4863753,35183880.00
2013/04/19,3.24,3.34,3.24,3.32,12819009,93409032.00
2013/04/22,3.29,3.32,3.24,3.28,6031459,43706992.00
2013/04/23,3.27,3.30,3.17,3.17,7182893,51171740.00
2013/04/24,3.17,3.23,3.16,3.22,5261380,37386736.00
2013/04/25,3.20,3.22,3.16,3.18,4704478,33388688.00
2013/04/26,3.17,3.21,3.14,3.16,4105550,28936792.00
2013/05/02,3.13,3.21,3.12,3.18,5623200,39687740.00
2013/05/03,3.23,3.32,3.20,3.29,13610888,98687528.00
2013/05/06,3.29,3.32,3.27,3.30,6756900,49218260.00
2013/05/07,3.30,3.36,3.28,3.31,5284908,38628092.00
2013/05/08,3.32,3.36,3.28,3.32,6476001,47440944.00
2013/05/09,3.32,3.32,3.22,3.26,9109748,65523260.00
2013/05/10,3.25,3.28,3.22,3.25,6485004,46646796.00
2013/05/13,3.26,3.27,3.20,3.22,7439905,53289344.00
2013/05/14,3.22,3.23,3.18,3.19,4527396,32140164.00
2013/05/15,3.20,3.23,3.19,3.22,3931419,27993288.00
2013/05/16,3.22,3.33,3.21,3.33,9926631,71997592.00
2013/05/17,3.33,3.46,3.32,3.43,22577179,168995504.00
2013/05/20,3.43,3.49,3.36,3.39,23187204,174198336.00
2013/05/21,3.38,3.49,3.37,3.48,15274894,115277320.00
2013/05/22,3.52,3.57,3.47,3.52,14043575,107957704.00
2013/05/23,3.50,3.55,3.38,3.41,11947196,90615888.00
2013/05/24,3.41,3.44,3.38,3.42,6918627,51739500.00
2013/05/27,3.42,3.44,3.36,3.43,7058361,52780164.00
2013/05/28,3.44,3.54,3.41,3.54,13106034,99894320.00
2013/05/29,3.53,3.57,3.49,3.51,9936942,76536920.00
2013/05/30,3.50,3.58,3.48,3.56,12648628,97452968.00
2013/05/31,3.56,3.57,3.45,3.46,7067543,54212396.00
2013/06/03,3.45,3.52,3.44,3.47,4762375,36253952.00
2013/06/04,3.47,3.47,3.34,3.37,8794827,65621824.00
2013/06/05,3.37,3.41,3.34,3.37,4006518,29708628.00
2013/06/06,3.38,3.38,3.29,3.30,6874859,50377120.00
2013/06/07,3.32,3.34,3.21,3.23,6099670,44076612.00
2013/06/13,3.21,3.21,3.08,3.12,7490336,52242780.00
2013/06/14,3.12,3.16,3.11,3.13,6423687,44864448.00
2013/06/17,3.13,3.16,3.05,3.08,6780696,46809048.00
2013/06/18,3.10,3.11,3.05,3.08,4679109,32285550.00
2013/06/19,3.06,3.08,3.00,3.06,5249803,35776896.00
2013/06/20,3.06,3.07,2.96,2.96,4463776,30324284.00
2013/06/21,2.94,2.97,2.89,2.95,5269662,34935604.00
2013/06/24,2.95,2.96,2.58,2.58,17993012,111149736.00
2013/06/25,2.55,2.57,2.25,2.49,11446821,66181088.00
2013/06/26,2.51,2.53,2.43,2.49,5051122,29430192.00
2013/06/27,2.52,2.59,2.49,2.53,7473651,44329552.00
2013/06/28,2.48,2.75,2.48,2.63,11433757,69776424.00
2013/07/01,2.61,2.65,2.55,2.63,5693742,34313116.00
2013/07/02,2.64,2.64,2.53,2.61,10202650,59943756.00
2013/07/03,2.57,2.58,2.49,2.54,6825426,39627208.00
2013/07/04,2.52,2.60,2.49,2.56,9537592,55960544.00
2013/07/05,2.58,2.69,2.58,2.60,11378069,68091280.00
2013/07/08,2.57,2.57,2.45,2.47,11301227,65182052.00
2013/07/09,2.48,2.48,2.38,2.41,9874568,55297624.00
2013/07/10,2.43,2.52,2.39,2.51,11998681,68063760.00
2013/07/11,2.53,2.71,2.52,2.66,21616669,129034512.00
2013/07/12,2.66,2.69,2.59,2.61,12725759,76424144.00
2013/07/15,2.62,2.66,2.59,2.64,7862112,47086104.00
2013/07/16,2.63,2.64,2.56,2.63,14167510,83978952.00
2013/07/17,2.60,2.68,2.58,2.63,15054954,90432088.00
2013/07/18,2.61,2.64,2.56,2.56,8633149,51056560.00
2013/07/19,2.57,2.60,2.46,2.47,9830812,57146948.00
2013/07/22,2.48,2.52,2.44,2.52,7212552,41098368.00
2013/07/23,2.52,2.62,2.52,2.62,11651361,68737400.00
2013/07/24,2.61,2.61,2.51,2.56,9018755,52677780.00
2013/07/25,2.57,2.62,2.56,2.58,8395606,49753264.00
2013/07/26,2.57,2.62,2.56,2.61,7918858,46815964.00
2013/07/29,2.59,2.59,2.49,2.51,5998511,34769232.00
2013/07/30,2.52,2.58,2.51,2.53,3622601,21096996.00
2013/07/31,2.62,2.68,2.58,2.58,10534543,62927124.00
2013/08/01,2.60,2.68,2.59,2.67,9450973,56983884.00
2013/08/02,2.74,2.78,2.69,2.72,13501943,83333104.00
2013/08/05,2.70,2.74,2.66,2.73,7024416,43083500.00
2013/08/06,2.72,2.73,2.67,2.71,7919317,48327248.00
2013/08/07,2.72,2.79,2.72,2.72,11743422,72917928.00
2013/08/08,2.71,2.79,2.66,2.74,12210678,75599000.00
2013/08/09,2.75,2.77,2.69,2.74,6690354,41318140.00
2013/08/12,2.75,2.86,2.73,2.83,10732709,67409640.00
2013/08/13,2.82,2.86,2.80,2.83,6704635,42492424.00
2013/08/14,2.85,2.89,2.82,2.84,8939876,57245912.00
2013/08/15,2.84,2.85,2.76,2.77,6475900,40632480.00
2013/08/16,2.74,3.12,2.72,2.77,12612220,79954584.00
2013/08/19,2.72,2.84,2.72,2.82,6077750,38193984.00
2013/08/20,2.81,2.84,2.76,2.78,6666031,41953624.00
2013/08/21,2.78,2.82,2.73,2.81,6290921,39300832.00
2013/08/22,2.77,2.86,2.77,2.79,7959338,50300332.00
2013/08/23,2.79,2.83,2.72,2.76,7589623,47423280.00
2013/08/26,2.76,2.83,2.76,2.83,6810359,42928428.00
2013/08/27,2.79,2.88,2.78,2.88,17196136,109795760.00
2013/08/28,2.86,2.88,2.78,2.79,20809160,132020608.00
2013/08/29,2.79,2.96,2.79,2.89,23873764,153441984.00
2013/08/30,2.91,3.10,2.89,2.97,34735977,230786336.00
2013/09/02,3.03,3.08,2.88,2.93,20611911,135769664.00
2013/09/03,2.92,3.06,2.92,3.05,22153370,147952880.00
2013/09/04,3.07,3.10,2.98,3.01,11676470,77896416.00
2013/09/05,2.98,3.02,2.93,2.94,10618520,69934736.00
2013/09/06,2.93,2.98,2.90,2.96,8293659,54258068.00
2013/09/09,2.96,3.33,2.96,3.23,44674793,313466528.00
2013/09/10,3.23,3.47,3.19,3.36,42455891,310539424.00
2013/09/11,3.34,3.39,3.26,3.33,18766429,135004528.00
2013/09/12,3.28,3.38,3.26,3.30,12325039,88943088.00
2013/09/13,3.31,3.33,3.18,3.24,14486485,102435336.00
2013/09/16,3.27,3.32,3.16,3.21,14782462,104828320.00
2013/09/17,3.21,3.22,3.07,3.08,14667241,100826264.00
2013/09/18,3.06,3.13,3.05,3.08,6271325,42730740.00
2013/09/23,3.07,3.14,3.07,3.13,7658001,52304560.00
2013/09/24,3.12,3.12,2.99,3.02,12157987,81549024.00
2013/09/25,3.02,3.08,3.00,3.03,8284454,55589588.00
2013/09/26,3.03,3.06,2.88,2.89,9355533,61575404.00
2013/09/27,2.92,2.94,2.86,2.88,5417444,35108620.00
2013/09/30,2.99,3.16,2.95,3.03,12983139,88148592.00
2013/10/08,3.03,3.39,2.99,3.32,30293158,215715200.00
2013/10/09,3.32,3.34,3.23,3.28,11466784,82007936.00
2013/10/10,3.34,3.56,3.31,3.35,29489913,219579520.00
2013/10/11,3.38,3.52,3.32,3.48,21232350,158072640.00
2013/10/14,3.56,3.73,3.55,3.59,31508164,245838816.00
2013/10/15,3.62,3.65,3.46,3.49,21959510,166463648.00
2013/10/16,3.46,3.47,3.22,3.24,19344295,139603968.00
2013/10/17,3.32,3.33,3.22,3.24,10115316,72110952.00
2013/10/18,3.25,3.31,3.17,3.25,12292478,86867056.00
2013/10/21,3.25,3.27,3.08,3.26,15199061,106092024.00
2013/10/22,3.22,3.25,3.16,3.19,12106958,84646416.00
2013/10/23,3.21,3.32,3.18,3.19,16278550,115353144.00
2013/10/24,3.16,3.21,3.09,3.15,7568504,52304068.00
2013/10/25,3.14,3.29,3.14,3.23,12447987,87868792.00
2013/10/28,3.23,3.28,3.08,3.13,10328176,72008648.00
2013/10/29,3.12,3.25,2.99,3.11,12591116,86676568.00
2013/10/30,3.11,3.19,3.07,3.18,5988891,41211296.00
2013/10/31,3.26,3.42,3.25,3.25,18896157,136616096.00
2013/11/01,3.23,3.36,3.19,3.28,9761854,70008864.00
2013/11/04,3.30,3.32,3.22,3.24,5833034,41534688.00
2013/11/05,3.24,3.32,3.12,3.32,18771350,132995080.00
2013/11/06,3.29,3.34,3.24,3.25,14128923,101409024.00
2013/11/07,3.25,3.29,3.16,3.18,14446743,102229184.00
2013/11/08,3.17,3.22,3.12,3.14,6107816,42365304.00
2013/11/11,3.15,3.17,3.05,3.11,4314307,29513930.00
2013/11/12,3.12,3.15,3.08,3.12,5611259,38467144.00
2013/11/13,3.13,3.14,3.00,3.01,5118512,34645776.00
2013/11/14,3.01,3.04,2.98,3.03,5071374,33833944.00
2013/11/15,3.04,3.23,3.02,3.17,10669356,74202608.00
2013/11/18,3.24,3.32,3.18,3.31,13087450,92976848.00
2013/11/19,3.31,3.35,3.26,3.31,11985231,86383808.00
2013/11/20,3.29,3.36,3.23,3.34,11724003,84380576.00
2013/11/21,3.32,3.44,3.24,3.34,14814128,107805584.00
2013/11/22,3.42,3.45,3.31,3.35,12796653,93510200.00
2013/11/25,3.39,3.53,3.33,3.41,19677871,146985008.00
2013/11/26,3.39,3.44,3.28,3.32,13186714,96036288.00
2013/11/27,3.31,3.39,3.29,3.33,9215687,66965120.00
2013/11/28,3.32,3.39,3.32,3.35,10272397,74993504.00
2013/11/29,3.35,3.37,3.30,3.32,6028774,43637992.00
2013/12/02,3.24,3.28,3.12,3.19,11969673,83992216.00
2013/12/03,3.18,3.34,3.15,3.30,7159040,50847868.00
2013/12/04,3.29,3.39,3.28,3.37,10687702,78079392.00
2013/12/05,3.37,3.44,3.34,3.41,8695688,63958728.00
2013/12/06,3.40,3.44,3.37,3.38,5649692,41651688.00
2013/12/09,3.39,3.43,3.36,3.40,4594749,33718616.00
2013/12/10,3.40,3.53,3.37,3.52,15653509,117435024.00
2013/12/11,3.53,3.64,3.46,3.48,23137644,177526528.00
2013/12/12,3.45,3.57,3.42,3.43,11259478,84593392.00
2013/12/13,3.45,3.56,3.43,3.54,13785111,104550976.00
2013/12/16,3.54,3.57,3.43,3.44,9692925,72926672.00
2013/12/17,3.43,3.45,3.34,3.36,5789984,42478416.00
2013/12/18,3.36,3.38,3.28,3.33,5713838,41284952.00
2013/12/19,3.34,3.36,3.28,3.29,4537982,32736460.00
2013/12/20,3.29,3.32,3.23,3.23,6360996,45472936.00
2013/12/23,3.24,3.27,3.17,3.24,3206578,22651152.00
2013/12/24,3.34,3.63,3.34,3.49,23509571,177726224.00
2013/12/25,3.47,3.51,3.43,3.49,8903029,66744344.00
2013/12/26,3.51,3.52,3.28,3.29,13095460,96790776.00
2013/12/27,3.28,3.38,3.27,3.37,12176036,88138744.00
2013/12/30,3.44,3.49,3.41,3.44,9057224,67521760.00
2013/12/31,3.44,3.47,3.39,3.44,5982605,44465280.00
2014/01/02,3.44,3.47,3.41,3.47,7152156,53159408.00
2014/01/03,3.47,3.59,3.42,3.57,17581717,133415592.00
2014/01/06,3.54,3.74,3.44,3.47,21259303,164052064.00
2014/01/07,3.44,3.54,3.38,3.53,10986270,81864672.00
2014/01/08,3.53,3.58,3.33,3.39,14191395,105376368.00
2014/01/09,3.37,3.41,3.29,3.33,10962906,79694608.00
2014/01/10,3.36,3.36,3.25,3.29,7455810,53427908.00
2014/01/13,3.29,3.33,3.03,3.10,15494619,107296656.00
2014/01/14,3.09,3.15,2.98,3.13,9593099,65009140.00
2014/01/15,3.14,3.14,2.99,3.02,11970680,80131936.00
2014/01/16,3.01,3.04,2.96,3.02,9686534,64448604.00
2014/01/17,3.01,3.01,2.92,2.98,9519177,62466944.00
2014/01/20,2.96,2.98,2.89,2.92,6058484,39428424.00
2014/01/21,2.92,3.02,2.92,2.99,4618239,30650760.00
2014/01/22,3.02,3.19,2.99,3.14,10851752,74632024.00
2014/01/23,3.14,3.17,3.06,3.08,7111326,48760344.00
2014/01/24,3.08,3.36,3.07,3.19,12618164,89144768.00
2014/01/27,3.19,3.23,3.12,3.18,7970684,55433516.00
2014/01/28,3.16,3.24,3.14,3.19,5514825,38645336.00
2014/01/29,3.23,3.23,3.17,3.18,5630452,39476268.00
2014/01/30,3.15,3.21,3.11,3.12,4349088,30053292.00
2014/02/07,3.11,3.11,3.03,3.09,7289354,49313992.00
2014/02/10,3.11,3.25,3.08,3.22,11934336,83456952.00
2014/02/11,3.22,3.34,3.19,3.29,14537443,103908432.00
2014/02/12,3.31,3.38,3.24,3.34,13738097,99376832.00
2014/02/13,3.38,3.38,3.26,3.26,10889016,78499128.00
2014/02/14,3.27,3.31,3.19,3.30,13852804,98334136.00
2014/02/17,3.32,3.33,3.24,3.27,11037812,78644960.00
2014/02/18,3.27,3.28,3.19,3.24,10112204,71253504.00
2014/02/19,3.23,3.33,3.21,3.31,14515631,104053000.00
2014/02/20,3.34,3.44,3.25,3.26,16576190,120749096.00
2014/02/21,3.25,3.28,3.09,3.14,14573589,101445760.00
2014/02/24,3.11,3.11,2.89,2.94,20130843,132204088.00
2014/02/25,2.94,2.97,2.86,2.88,11695520,76086784.00
2014/02/26,2.88,2.90,2.72,2.80,13200571,82763368.00
2014/02/27,2.80,2.83,2.75,2.76,7191868,45235596.00
2014/02/28,2.78,2.84,2.74,2.82,5818076,36625692.00
2014/03/03,2.82,2.87,2.78,2.87,5793327,36916888.00
2014/03/04,2.86,2.89,2.84,2.87,4695972,30105888.00
2014/03/05,2.87,2.89,2.85,2.86,4151469,26645892.00
2014/03/06,2.85,2.99,2.79,2.96,10933746,70966920.00
2014/03/07,2.94,2.95,2.83,2.87,6495869,42006904.00
2014/03/10,2.85,2.86,2.72,2.73,6472269,40286388.00
2014/03/11,2.73,2.81,2.73,2.77,5299506,33100340.00
2014/03/12,2.76,2.87,2.74,2.82,5163628,32648178.00
2014/03/13,2.82,2.87,2.81,2.83,4409526,28029754.00
2014/03/14,2.82,2.84,2.78,2.81,3923435,24693902.00
2014/03/17,2.82,2.87,2.79,2.86,5863051,37350384.00
2014/03/18,2.86,2.88,2.82,2.83,4663764,29632270.00
2014/03/19,2.83,3.07,2.76,2.96,14207597,92793736.00
2014/03/20,2.92,3.02,2.87,2.88,10704590,70237160.00
2014/03/21,2.87,3.02,2.81,3.01,13993096,92025968.00
2014/03/24,3.05,3.16,3.03,3.08,15710787,107199632.00
2014/03/25,3.06,3.16,3.04,3.08,11537821,78989648.00
2014/03/26,3.09,3.17,3.03,3.07,9253994,62934796.00
2014/03/27,3.07,3.23,2.99,3.17,22920780,158458544.00
2014/03/28,3.13,3.31,3.12,3.24,23771128,168190576.00
2014/03/31,3.24,3.27,3.13,3.17,12734926,89278048.00
2014/04/01,3.17,3.19,3.10,3.15,13501379,93231000.00
2014/04/02,3.13,3.28,3.13,3.22,17613461,124336544.00
2014/04/03,3.21,3.24,3.07,3.08,13751395,94987776.00
2014/04/04,3.06,3.11,3.03,3.10,6552869,44393696.00
2014/04/08,3.09,3.16,3.08,3.14,8044769,55437256.00
2014/04/09,3.14,3.17,3.12,3.14,6712427,46347836.00
2014/04/10,3.17,3.17,3.13,3.17,7515027,52010464.00
2014/04/11,3.14,3.20,3.08,3.14,13523883,93078736.00
2014/04/14,3.14,3.16,3.09,3.12,6820553,46800492.00
2014/04/15,3.11,3.23,3.11,3.16,16587597,115846896.00
2014/04/16,3.13,3.17,3.10,3.17,7429506,51314904.00
2014/04/17,3.18,3.19,3.07,3.08,8586785,58960348.00
2014/04/18,3.09,3.12,3.06,3.09,4625976,31525952.00
2014/04/21,3.07,3.11,3.03,3.06,5592441,37825024.00
2014/04/22,3.06,3.06,2.96,3.04,7350907,49034820.00
2014/04/23,3.03,3.07,2.97,3.03,4307227,28860150.00
2014/04/24,3.00,3.28,3.00,3.19,23912846,167417376.00
2014/04/25,3.18,3.26,3.09,3.16,13094478,91202496.00
2014/04/28,3.16,3.46,3.13,3.31,38570656,279587008.00
2014/04/29,3.34,3.36,3.13,3.24,19200264,135302624.00
2014/04/30,3.17,3.33,3.14,3.28,16246903,114535600.00
2014/05/05,3.24,3.26,3.06,3.11,16841908,115806560.00
2014/05/06,3.09,3.24,3.04,3.23,16602150,113803072.00
2014/05/07,3.18,3.21,3.11,3.12,10478162,72688640.00
2014/05/08,3.09,3.14,3.01,3.08,8858040,60311592.00
2014/05/09,3.06,3.09,2.98,3.01,8000547,53489152.00
2014/05/12,3.05,3.06,2.93,3.03,10808050,71967888.00
2014/05/13,3.02,3.06,3.01,3.03,6007764,40323588.00
2014/05/14,3.08,3.11,3.03,3.04,6587910,44538368.00
2014/05/15,3.05,3.11,3.01,3.09,13064261,88488840.00
2014/05/16,3.09,3.12,3.04,3.07,8430581,57308800.00
2014/05/19,3.05,3.06,2.94,2.96,9765366,64611576.00
2014/05/20,2.99,3.00,2.94,2.95,3617346,23820868.00
2014/05/21,2.95,2.98,2.90,2.97,3373056,22133380.00
2014/05/22,2.97,3.02,2.96,2.96,4672022,30960556.00
2014/05/23,2.97,3.04,2.96,3.02,5944646,39684792.00
2014/05/26,3.02,3.04,3.00,3.02,4664959,31197384.00
2014/05/27,3.03,3.04,3.00,3.01,3889681,25998204.00
2014/05/28,3.01,3.03,2.94,3.01,7867532,52019208.00
2014/05/29,3.01,3.06,2.96,2.96,7210669,48028904.00
2014/05/30,2.96,2.98,2.93,2.94,6156082,40377456.00
2014/06/03,2.96,2.96,2.84,2.86,9237538,59635468.00
2014/06/04,2.81,2.84,2.74,2.78,10209681,63871520.00
2014/06/05,2.76,2.82,2.75,2.79,4873452,30569072.00
2014/06/06,2.80,2.81,2.76,2.77,3552214,22202154.00
2014/06/09,2.77,2.83,2.75,2.78,5178908,32611916.00
2014/06/10,2.78,2.82,2.74,2.81,9040201,56443288.00
2014/06/11,2.79,2.81,2.76,2.80,5625141,35196544.00
2014/06/12,2.79,2.81,2.75,2.76,5234906,32613184.00
2014/06/13,2.75,2.79,2.75,2.78,6820885,42574020.00
2014/06/16,2.78,2.79,2.77,2.78,7312369,45751184.00
2014/06/17,2.78,2.78,2.74,2.76,6629608,41215080.00
2014/06/18,2.76,2.78,2.74,2.76,3596874,22350098.00
2014/06/19,2.76,2.78,2.61,2.62,7162866,43669792.00
2014/06/20,2.63,2.69,2.60,2.67,7341185,43904940.00
2014/06/23,2.68,2.69,2.64,2.64,5133130,30972180.00
2014/06/24,2.65,2.71,2.65,2.68,4860727,29563932.00
2014/06/25,2.69,2.69,2.65,2.67,3191794,19284844.00
2014/06/26,2.68,2.74,2.67,2.73,5220061,31983344.00
2014/06/27,2.72,2.81,2.71,2.78,10369921,64505444.00
2014/06/30,2.83,2.96,2.78,2.87,17861101,111550504.00
2014/07/01,2.87,2.92,2.86,2.88,7368653,46029392.00
2014/07/02,2.89,2.90,2.83,2.84,9439731,58295132.00
2014/07/03,2.84,2.88,2.84,2.87,6517400,40479572.00
2014/07/04,2.87,2.91,2.85,2.89,7912130,49357544.00
2014/07/07,2.88,2.92,2.86,2.88,5850693,36580336.00
2014/07/08,2.88,2.90,2.85,2.89,5573701,34678112.00
2014/07/09,2.92,2.93,2.81,2.82,8161049,50930792.00
2014/07/10,2.82,2.83,2.79,2.82,6483309,39681252.00
2014/07/11,2.83,2.86,2.82,2.83,4497396,27700312.00
2014/07/14,2.85,2.92,2.84,2.91,9074334,56868352.00
2014/07/15,2.91,2.93,2.88,2.93,7173350,45116024.00
2014/07/16,2.92,2.97,2.91,2.93,8494127,53897864.00
2014/07/17,2.94,2.94,2.88,2.91,4729574,29739104.00
2014/07/18,2.89,2.98,2.88,2.95,10447459,66510388.00
2014/07/21,2.95,2.98,2.91,2.93,5344961,33838696.00
2014/07/22,2.93,2.98,2.92,2.95,8520240,54267928.00
2014/07/23,2.96,3.03,2.94,2.99,10610158,68070912.00
2014/07/24,3.00,3.13,2.99,3.08,19245013,126772112.00
2014/07/25,3.09,3.10,3.02,3.07,11103100,72680448.00
2014/07/28,3.11,3.17,3.11,3.12,17614031,117979016.00
2014/07/29,3.19,3.37,3.15,3.34,41040857,284389056.00
2014/07/30,3.34,3.37,3.22,3.25,27219432,189492160.00
2014/07/31,3.42,3.47,3.29,3.32,22203127,157820384.00
2014/08/01,3.26,3.32,3.20,3.22,15361830,106196456.00
2014/08/04,3.19,3.30,3.19,3.28,12939937,89239336.00
2014/08/05,3.28,3.29,3.21,3.25,11085856,76263456.00
2014/08/06,3.24,3.27,3.22,3.24,13569025,93466336.00
2014/08/07,3.27,3.30,3.21,3.21,9476139,65556816.00
2014/08/08,3.21,3.25,3.20,3.22,5807091,39737772.00
2014/08/11,3.24,3.28,3.21,3.26,8619632,59662448.00
2014/08/12,3.26,3.33,3.26,3.29,10006370,69849248.00
2014/08/13,3.30,3.36,3.25,3.31,11772896,82320272.00
2014/08/14,3.30,3.34,3.26,3.27,9512616,66443172.00
2014/08/15,3.25,3.39,3.23,3.37,16392098,115221472.00
2014/08/18,3.34,3.37,3.31,3.34,15258292,107509352.00
2014/08/19,3.34,3.36,3.26,3.32,16699893,117009696.00
2014/08/20,3.29,3.32,3.28,3.29,8087154,56542520.00
2014/08/21,3.29,3.29,3.21,3.28,11530557,79533912.00
2014/08/22,3.27,3.31,3.24,3.28,8529373,59130912.00
2014/08/25,3.27,3.28,3.22,3.26,9015724,62242484.00
2014/08/26,3.26,3.30,3.21,3.21,8337820,57537380.00
2014/08/27,3.20,3.22,3.14,3.17,10107185,68133032.00
2014/08/28,3.14,3.19,3.12,3.17,7784358,52402252.00
2014/08/29,3.17,3.21,3.14,3.20,5261555,35579680.00
2014/09/01,3.19,3.22,3.18,3.21,6098352,41567164.00
2014/09/02,3.36,3.47,3.32,3.39,39550958,282903840.00
2014/09/03,3.38,3.57,3.35,3.46,39339902,287965088.00
2014/09/04,3.48,3.51,3.42,3.47,19775156,143576960.00
2014/09/05,3.47,3.48,3.43,3.44,14460344,104871648.00
2014/09/09,3.46,3.47,3.39,3.41,20526047,148093280.00
2014/09/10,3.39,3.40,3.34,3.39,15536762,110649768.00
2014/09/11,3.39,3.45,3.37,3.42,17211162,123817632.00
2014/09/12,3.41,3.42,3.37,3.42,11685018,83749096.00
2014/09/15,3.42,3.44,3.38,3.40,22323809,160152368.00
2014/09/16,3.41,3.44,3.32,3.32,24077759,172228960.00
2014/09/17,3.33,3.35,3.28,3.34,21591642,151565760.00
2014/09/18,3.33,3.37,3.31,3.37,12251470,86340880.00
2014/09/19,3.37,3.51,3.36,3.49,26105124,188660832.00
2014/09/22,3.48,3.62,3.43,3.55,44804309,331509376.00
2014/09/23,3.52,3.54,3.46,3.52,21532849,158350640.00
2014/09/24,3.49,3.54,3.45,3.53,17504042,128767712.00
2014/09/25,3.56,3.61,3.45,3.48,25373724,187859520.00
2014/09/26,3.47,3.51,3.41,3.48,17397524,126489720.00
2014/09/29,3.49,3.54,3.47,3.49,15160848,111228960.00
2014/09/30,3.49,3.51,3.46,3.49,12786803,93672712.00
2014/10/08,3.57,3.62,3.53,3.54,23016008,171583184.00
2014/10/09,3.54,3.56,3.48,3.51,16791821,124109520.00
2014/10/10,3.50,3.61,3.48,3.59,30776447,230290256.00
2014/10/13,3.59,3.71,3.54,3.69,32924414,249336336.00
2014/10/14,3.68,3.83,3.67,3.78,54702697,429230336.00
2014/10/15,3.75,3.87,3.69,3.77,47298423,372157728.00
2014/10/16,3.73,3.82,3.64,3.64,30426500,235730496.00
2014/10/17,3.64,3.68,3.53,3.65,24296680,183341664.00
2014/10/20,3.68,3.71,3.63,3.67,15275649,117046872.00
2014/10/21,3.68,3.68,3.57,3.58,14475077,109184168.00
2014/10/22,3.58,3.62,3.51,3.51,13276991,99057896.00
2014/10/23,3.50,3.53,3.39,3.39,16423245,118943280.00
2014/10/24,3.40,3.43,3.36,3.37,10947663,78376272.00
2014/10/27,3.36,3.43,3.33,3.42,11537008,82716024.00
2014/10/28,3.47,3.60,3.46,3.56,22584418,167526176.00
2014/10/29,3.58,3.89,3.56,3.82,60868851,476681472.00
2014/10/30,3.82,3.86,3.70,3.73,42853112,336512352.00
2014/10/31,3.74,3.86,3.73,3.79,30400546,239477408.00
2014/11/03,3.86,4.06,3.85,3.91,43259994,354104256.00
2014/11/04,3.89,3.96,3.85,3.86,28482153,229758208.00
2014/11/05,3.84,3.93,3.80,3.87,20652412,165569440.00
2014/11/06,3.88,4.08,3.87,4.01,33672581,277331840.00
2014/11/07,4.06,4.13,3.89,3.93,31661370,261885536.00
2014/11/10,3.94,4.06,3.94,3.98,22592768,185967648.00
2014/11/11,4.00,4.02,3.73,3.81,36679768,293069312.00
2014/11/12,3.82,3.99,3.79,3.98,29597693,240847120.00
2014/11/13,3.97,4.11,3.96,4.07,36914188,308006848.00
2014/11/14,4.05,4.12,3.97,4.05,30530463,255191232.00
2014/11/17,4.13,4.51,4.04,4.40,61602256,541573184.00
2014/11/18,4.36,4.86,4.36,4.73,65129270,617372416.00
2014/11/19,4.69,4.78,4.59,4.71,39550355,374390240.00
2014/11/20,4.64,4.86,4.58,4.77,38752484,371150080.00
2014/11/21,4.78,5.30,4.77,5.30,79039014,813560000.00
2014/11/24,5.53,5.89,5.52,5.89,79770489,909305408.00
2014/11/25,6.05,6.15,5.71,5.92,69191611,805178752.00
2014/11/26,5.92,6.31,5.76,6.19,60751071,722439360.00
2014/11/27,6.14,6.46,5.98,6.08,59129649,720080320.00
2014/11/28,6.04,6.34,5.92,6.24,57274674,690524864.00
2014/12/01,6.14,6.21,5.93,5.99,45723644,546712256.00
2014/12/02,5.97,6.62,5.86,6.54,59941431,746049024.00
2014/12/03,6.56,7.05,6.28,6.42,59979309,782053696.00
2014/12/04,6.42,6.86,6.36,6.74,43288326,563487872.00
2014/12/05,6.78,7.36,6.04,7.19,74352633,994297856.00
2014/12/08,7.53,7.97,7.53,7.97,60742994,918168000.00
2014/12/09,8.03,8.71,7.22,7.46,83546956,1315008768.00
2014/12/10,7.50,8.27,7.47,8.27,54540557,830641792.00
2014/12/11,8.39,8.92,8.32,8.44,61116958,1009802176.00
2014/12/12,8.31,8.47,7.64,8.26,47091243,730593920.00
2014/12/15,8.31,8.50,7.57,7.74,79676141,1220500352.00
2014/12/16,7.59,7.95,7.23,7.82,75834118,1115914624.00
2014/12/17,7.72,8.02,7.58,7.83,55821795,843596352.00
2014/12/18,7.97,8.08,7.45,7.50,52786262,788695552.00
2014/12/19,7.51,7.61,6.87,7.06,65783113,912003648.00
2014/12/22,6.94,6.95,6.29,6.29,40799286,511252992.00
2014/12/24,5.92,6.18,5.84,6.11,54904776,650798464.00
2014/12/25,6.11,6.24,6.04,6.17,34653816,418611168.00
2014/12/26,6.17,6.51,6.07,6.48,64395685,798088064.00
2014/12/29,6.57,6.79,6.31,6.47,63887170,821175808.00
2014/12/30,6.39,6.39,5.81,5.88,62742009,745812352.00
2014/12/31,5.88,6.36,5.76,6.27,50613330,598873344.00
2015/01/05,6.28,6.75,6.28,6.39,71357575,907646528.00
2015/01/06,6.25,6.31,6.02,6.16,42032931,507332352.00
2015/01/07,6.16,6.33,6.09,6.24,27473251,336868416.00
2015/01/08,6.26,6.31,5.96,6.22,27819788,339198816.00
2015/01/09,6.23,6.36,6.03,6.08,36213387,443020384.00
2015/01/12,6.08,6.08,5.81,5.94,21749858,254813392.00
2015/01/13,5.88,6.01,5.88,5.99,14464149,170120480.00
2015/01/14,5.99,6.06,5.74,5.82,24224825,281272704.00
2015/01/15,5.82,6.04,5.76,6.03,27293570,321326016.00
2015/01/16,6.00,6.14,5.93,6.10,26569462,316569984.00
2015/01/22,6.63,6.63,6.39,6.52,69354669,889467392.00
2015/01/23,6.43,6.63,6.42,6.51,38751600,497085632.00
2015/01/26,6.49,6.57,6.34,6.53,24894249,315758880.00
2015/01/27,6.54,6.57,6.29,6.43,26705616,336797856.00
2015/01/28,6.37,6.40,6.29,6.31,15952272,198472736.00
2015/01/29,6.24,6.33,6.15,6.27,18404546,225866944.00
2015/01/30,6.27,6.52,6.20,6.46,33250514,419053568.00
2015/02/02,6.31,6.68,6.23,6.62,40056692,516155296.00
2015/02/03,6.64,6.69,6.45,6.57,31758862,407916512.00
2015/02/04,6.53,6.55,6.37,6.44,28064770,355879808.00
2015/02/05,6.63,6.68,6.24,6.26,31796119,404629856.00
2015/02/06,6.26,6.34,5.92,5.98,22977691,277101152.00
2015/02/09,5.91,6.04,5.83,5.98,12780153,150290336.00
2015/02/10,6.00,6.07,5.94,6.06,11273565,133902128.00
2015/02/11,6.07,6.22,6.03,6.13,13816329,167659728.00
2015/02/12,6.12,6.21,6.11,6.13,11954373,144774416.00
2015/02/13,6.17,6.44,6.14,6.35,22059703,273067360.00
2015/02/16,6.41,6.46,6.33,6.39,15032991,189005184.00
2015/02/17,6.39,6.61,6.39,6.59,25471000,325398176.00
2015/02/25,6.63,6.79,6.53,6.56,23792372,310658464.00
2015/02/26,6.51,6.75,6.50,6.73,25761323,337700800.00
2015/02/27,6.79,6.82,6.64,6.71,25680852,336940960.00
2015/03/02,6.86,6.93,6.73,6.81,35842525,476338688.00
2015/03/03,6.75,6.79,6.62,6.63,26227069,343087008.00
2015/03/04,6.59,6.66,6.46,6.58,20596084,264509040.00
2015/03/05,6.53,6.56,6.47,6.51,17812045,227351872.00
2015/03/06,6.53,6.73,6.49,6.68,24392015,316775200.00
2015/03/09,6.67,6.69,6.52,6.64,17823032,230400224.00
2015/03/10,6.64,6.73,6.61,6.68,20291328,265271408.00
2015/03/11,6.69,7.41,6.69,7.39,69345114,955618752.00
2015/03/12,7.41,7.41,7.13,7.28,41166133,579825536.00
2015/03/13,7.25,7.51,7.21,7.29,33532100,479652032.00
2015/03/16,7.36,7.63,7.33,7.51,39836949,577103040.00
2015/03/17,7.59,7.63,7.42,7.57,37269105,544501632.00
2015/03/18,7.53,7.56,7.41,7.54,37380170,542203328.00
2015/03/19,7.55,7.81,7.48,7.72,42143704,623857344.00
2015/03/20,7.72,8.03,7.70,7.92,41970042,638065280.00
2015/03/23,8.03,8.08,7.78,7.88,41189576,631094080.00
2015/03/24,7.87,7.87,7.27,7.59,50548752,741410752.00
2015/03/25,7.77,8.17,7.68,7.70,60396450,918075520.00
2015/03/26,7.63,7.63,7.39,7.49,35014221,508942592.00
2015/03/27,7.52,7.75,7.52,7.74,28857700,427711680.00
2015/03/30,7.75,8.19,7.67,8.04,62226126,954794560.00
2015/03/31,8.35,8.42,7.78,7.79,59742517,931651904.00
2015/04/01,7.75,7.79,7.64,7.78,33007450,493207104.00
2015/04/02,7.77,7.94,7.71,7.82,29887786,451433088.00
2015/04/03,7.75,7.81,7.66,7.76,31382100,469709024.00
2015/04/07,7.77,7.97,7.71,7.96,45208740,687213376.00
2015/04/08,7.97,8.03,7.71,7.87,36726315,557618560.00
2015/04/09,7.84,8.13,7.46,8.09,52809323,797562880.00
2015/04/10,8.06,8.32,7.77,8.18,59509596,933930752.00
2015/04/13,8.21,8.63,8.14,8.44,60734428,986814592.00
2015/04/14,8.44,8.61,8.31,8.34,48924917,795070336.00
2015/04/15,8.29,8.31,7.85,7.87,33111907,516237632.00
2015/04/16,7.75,8.01,7.61,7.93,35945815,542495424.00
2015/04/17,7.97,8.12,7.84,8.02,46045718,709538560.00
2015/04/20,8.15,8.57,7.97,8.06,67685495,1076438912.00
2015/04/21,8.13,8.24,7.81,8.19,42302026,653458496.00
2015/04/22,8.09,8.44,8.09,8.41,59874044,958768512.00
2015/04/23,8.44,8.52,8.20,8.27,48044030,770514112.00
2015/04/24,8.24,8.24,7.98,8.09,37836116,591412608.00
2015/04/27,8.19,8.25,8.01,8.14,37107098,582244352.00
2015/04/28,8.13,8.25,7.74,7.78,42014308,648649600.00
2015/04/29,7.68,8.11,7.65,8.10,35419933,541398336.00
2015/04/30,8.12,8.36,8.04,8.17,41899258,662924224.00
2015/05/04,8.22,8.35,8.16,8.21,34788945,552412864.00
2015/05/05,8.19,8.21,7.47,7.57,40593890,614132160.00
2015/05/06,7.57,7.72,7.17,7.27,25906943,377818528.00
2015/05/07,7.28,7.32,6.87,6.88,24807249,341583712.00
2015/05/08,6.94,7.14,6.86,7.08,29366544,400924192.00
2015/05/11,7.37,7.37,7.20,7.31,31217794,439357344.00
2015/05/12,7.33,7.42,7.21,7.41,29395443,415028512.00
2015/05/13,7.41,7.47,7.17,7.45,34080505,481325952.00
2015/05/14,7.39,7.42,7.26,7.30,23163533,327726400.00
2015/05/15,7.29,8.03,6.98,7.67,63072841,907401600.00
2015/05/18,7.53,7.88,7.44,7.60,43232318,640147712.00
2015/05/19,7.42,7.78,7.42,7.69,32289547,476282752.00
2015/05/20,7.69,7.88,7.64,7.68,36659281,548158016.00
2015/05/21,7.54,7.76,7.53,7.73,34337823,504910400.00
2015/05/22,7.76,8.02,7.69,8.00,53981989,817219584.00
2015/05/25,7.95,8.42,7.90,8.34,73645283,1154688384.00
2015/05/26,8.65,8.65,8.29,8.45,74356109,1202078976.00
2015/05/27,8.51,9.13,8.36,9.02,90813861,1516107136.00
2015/05/28,8.92,9.04,8.07,8.07,70138027,1159449856.00
2015/05/29,8.06,8.25,7.57,7.84,44826992,678538816.00
2015/06/01,7.74,8.23,7.74,8.19,39872548,617132352.00
2015/06/02,8.19,8.62,8.12,8.61,46655537,750290176.00
2015/06/03,9.53,9.53,9.29,9.53,49798855,900487488.00
2015/06/04,9.88,10.03,8.52,9.82,96556735,1760026624.00
2015/06/05,9.84,10.63,9.84,10.03,78839037,1518786944.00
2015/06/08,10.08,10.80,9.54,10.74,74366739,1432038144.00
2015/06/09,10.74,11.30,10.42,10.54,62671182,1282898048.00
2015/06/10,10.47,11.27,10.00,10.97,66367626,1355917824.00
2015/06/11,10.97,11.52,10.97,11.20,46042951,975847104.00
2015/06/12,11.46,11.66,11.17,11.47,49423189,1061847488.00
2015/06/15,11.97,12.67,11.61,12.21,71981102,1657916032.00
2015/06/16,11.94,12.36,11.03,11.13,48473057,1068744320.00
2015/06/17,11.13,12.19,10.63,12.16,53143002,1147702144.00
2015/06/18,12.25,13.02,11.64,11.84,58173933,1353825920.00
2015/06/19,11.81,12.18,10.81,11.14,48731462,1050859200.00
2015/06/23,11.19,11.58,10.03,11.14,55389907,1126414464.00
2015/06/24,11.28,11.42,10.88,11.05,34254078,714536704.00
2015/06/25,11.18,11.19,10.09,10.20,37080730,752809216.00
2015/06/26,9.66,9.81,9.13,9.13,36904661,652792512.00
2015/06/29,9.47,9.66,8.16,8.61,63579928,1079484928.00
2015/06/30,8.81,9.53,7.89,9.53,62503384,1069456960.00
2015/07/01,9.64,10.31,8.99,9.13,59736500,1110337792.00
2015/07/02,9.25,9.51,8.16,8.29,53165511,899005312.00
2015/07/03,7.64,8.71,7.41,7.47,68922841,1026683840.00
2015/07/06,8.27,8.27,6.67,7.58,79282707,1125397248.00
2015/07/07,7.25,7.51,6.77,6.77,45204432,605894144.00
2015/07/08,6.04,6.35,6.04,6.04,109278533,1302001664.00
2015/07/09,5.39,6.70,5.39,6.70,50004195,611604928.00
2015/07/13,7.42,7.42,7.42,7.42,2646737,37874808.00
2015/07/14,8.22,8.22,7.81,8.22,63283751,990111168.00
2015/07/15,8.08,8.19,7.34,7.34,50419926,742997568.00
2015/07/16,7.34,7.81,6.71,7.51,25375293,364598656.00
2015/07/17,7.59,8.19,7.59,8.13,25192430,385386112.00
2015/07/20,8.14,8.57,8.07,8.30,27128123,431976416.00
2015/07/21,8.17,8.36,7.92,8.13,22319899,347495712.00
2015/07/22,8.05,8.28,7.73,8.04,21038478,323625728.00
2015/07/23,8.02,8.86,7.96,8.68,38111454,617996160.00
2015/07/24,8.64,9.47,8.58,8.86,42882345,740592192.00
2015/07/27,8.53,9.19,7.92,7.92,33867374,554605120.00
2015/07/28,7.75,8.24,7.08,7.81,40160081,594179904.00
2015/07/29,8.06,8.18,7.23,8.03,33194317,492335456.00
2015/07/30,7.92,8.02,7.61,7.68,24048366,362212032.00
2015/07/31,7.53,7.77,7.51,7.63,20017938,293230912.00
2015/08/03,7.47,7.55,6.97,7.25,26396898,365867104.00
2015/08/04,7.26,7.78,7.21,7.72,12726837,183704608.00
2015/08/05,7.69,8.01,7.56,7.66,17216376,259028192.00
2015/08/06,7.38,7.57,7.28,7.35,11332093,161952880.00
2015/08/07,7.44,7.74,7.42,7.67,13985480,204401328.00
2015/08/10,7.81,8.30,7.76,8.16,20635347,319239872.00
2015/08/11,8.17,8.34,7.89,8.07,20025981,312973344.00
2015/08/12,7.96,8.75,7.93,8.48,35343670,575278464.00
2015/08/13,8.67,8.68,7.99,8.49,28040162,448394944.00
2015/08/14,8.59,8.75,8.39,8.58,21874932,357064096.00
2015/08/17,8.58,9.19,8.48,9.06,25676665,436673344.00
2015/08/18,9.14,9.18,8.10,8.10,26217241,430343072.00
2015/08/19,7.68,8.39,7.26,8.21,20050738,299927968.00
2015/08/20,7.97,8.11,7.43,7.52,13145476,198670992.00
2015/08/21,7.53,7.72,6.89,7.07,22351534,313888256.00
2015/08/24,6.58,6.68,6.31,6.31,21010713,262424288.00
2015/08/25,5.64,6.06,5.63,5.63,30292131,339584384.00
2015/08/26,5.63,6.15,5.27,5.65,20785493,236390352.00
2015/08/27,5.64,6.13,5.64,6.06,12947308,148968240.00
2015/08/28,6.18,6.56,6.17,6.50,17997826,221631040.00
2015/08/31,6.50,6.51,6.14,6.18,11843084,144857792.00
2015/09/01,6.24,6.28,5.73,5.78,11611806,136468816.00
2015/09/02,5.57,6.10,5.44,6.04,16221048,185031632.00
2015/09/07,6.11,6.38,5.75,5.81,17021926,201692560.00
2015/09/08,5.83,6.11,5.58,6.05,10304700,117622160.00
2015/09/09,6.12,6.33,6.08,6.27,14109925,171665392.00
2015/09/10,6.14,6.36,6.09,6.22,10575862,129360592.00
2015/09/11,6.24,6.90,6.14,6.88,26952900,343520352.00
2015/09/14,6.63,6.73,6.19,6.71,32063044,404422816.00
2015/09/15,6.36,6.47,5.99,6.02,12219142,147942784.00
2015/09/16,5.98,6.60,5.86,6.49,15748889,191945232.00
2015/09/17,6.36,6.56,5.97,6.06,14943556,185133984.00
2015/09/18,6.19,6.28,6.03,6.21,7879904,94859216.00
2015/09/21,6.08,6.40,6.04,6.31,9765880,119112928.00
2015/09/22,6.31,6.50,6.27,6.35,12394961,153678496.00
2015/09/23,6.15,6.28,6.06,6.11,8238766,99373848.00
2015/09/24,6.21,6.25,6.11,6.17,4941858,59647152.00
2015/09/25,6.17,6.23,5.97,6.01,7163800,85270512.00
2015/09/28,6.04,6.11,5.93,6.08,3231220,38118348.00
2015/09/29,5.97,6.03,5.76,5.79,6443721,74578944.00
2015/09/30,5.86,6.10,5.77,5.92,6481482,75242096.00
2015/10/08,6.32,6.57,6.14,6.48,23871878,299289216.00
2015/10/09,6.44,6.87,6.41,6.67,15892723,207517376.00
2015/10/12,6.78,7.12,6.78,7.01,18127697,244902960.00
2015/10/13,6.92,7.36,6.71,7.18,25220449,344416032.00
2015/10/14,7.08,7.24,6.78,6.99,14394128,195897840.00
2015/10/15,7.03,7.58,6.93,7.33,20206536,283935552.00
2015/10/16,7.53,7.92,7.35,7.82,28637271,419433440.00
2015/10/19,7.79,8.11,7.64,7.71,16313183,245770416.00
2015/10/20,7.71,7.76,7.49,7.64,14728766,215009728.00
2015/10/21,7.72,7.99,7.10,7.11,22635867,331487328.00
2015/10/22,7.25,7.49,7.15,7.44,8678780,122738288.00
2015/10/23,7.49,7.94,7.44,7.88,20976261,309951232.00
2015/10/26,8.03,8.53,7.82,8.17,39461782,616733504.00
2015/10/27,8.03,8.17,7.61,8.07,15501102,236904528.00
2015/10/28,8.17,8.29,7.58,7.62,21631757,326498848.00
2015/10/29,7.73,8.08,7.62,7.98,18714074,282833952.00
2015/10/30,7.94,8.46,7.84,8.19,20058453,316908960.00
2015/11/02,7.88,8.44,7.82,8.24,21908666,344525536.00
2015/11/03,8.14,8.44,7.87,8.01,11868069,186285824.00
2015/11/04,8.03,8.60,7.98,8.53,23323150,369530752.00
2015/11/05,8.44,9.03,8.42,8.49,51938254,864408448.00
2015/11/06,8.48,8.67,8.29,8.56,22678185,368923456.00
2015/11/09,8.50,8.53,8.03,8.39,51170525,805837312.00
2015/11/10,8.17,8.36,8.12,8.25,23291261,367373504.00
2015/11/11,8.26,8.53,8.15,8.35,28648543,458252800.00
2015/11/12,8.31,8.36,7.92,8.17,36107625,559428288.00
2015/11/13,8.03,8.11,7.80,7.96,27011700,412963200.00
2015/11/16,7.81,8.26,7.78,8.15,24358554,378022240.00
2015/11/17,8.22,8.34,7.97,8.02,24227654,379245088.00
2015/11/18,8.07,8.79,7.97,8.14,45436980,729905984.00
2015/11/19,8.13,8.29,8.06,8.24,18486529,289652416.00
2015/11/20,8.18,8.67,8.15,8.34,33746342,540341888.00
2015/11/23,8.34,8.47,8.26,8.33,32669683,521134240.00
2015/11/24,8.36,8.57,8.23,8.44,28907731,463805024.00
2015/11/25,8.40,8.47,8.29,8.38,16914127,271061408.00
2015/11/26,8.41,8.69,8.37,8.42,26914566,438512672.00
2015/11/27,8.42,8.42,7.53,7.64,29096629,441845024.00
2015/11/30,7.67,7.83,7.25,7.71,17343713,254517984.00
2015/12/01,7.88,8.53,7.76,8.36,35220108,552248640.00
2015/12/02,8.31,8.76,8.14,8.48,40125454,650291776.00
2015/12/03,8.48,9.17,8.36,8.98,46814712,788761600.00
2015/12/04,8.79,8.88,8.56,8.69,22491771,374248128.00
2015/12/07,8.69,8.75,8.40,8.57,17028389,276186624.00
2015/12/08,8.47,8.47,8.08,8.12,17551104,276577824.00
2015/12/09,8.14,8.40,8.13,8.22,12447000,196777216.00
2015/12/10,8.23,8.30,7.88,7.96,13331768,205279040.00
2015/12/11,8.00,8.02,7.79,7.94,10714796,162506192.00
2015/12/14,7.91,8.14,7.81,8.11,11287498,172522656.00
2015/12/15,8.18,8.32,8.04,8.11,10859350,170130736.00
2015/12/16,8.10,8.16,7.99,8.01,8518632,131284480.00
2015/12/17,8.03,8.47,8.03,8.31,35032877,555541632.00
2015/12/18,8.33,8.53,8.16,8.24,26047259,416695392.00
2015/12/21,8.22,8.61,8.17,8.48,22634173,366232544.00
2015/12/22,8.52,8.73,8.47,8.64,21723101,357775168.00
2015/12/23,8.67,8.92,8.53,8.61,21500914,357813088.00
2015/12/24,8.53,8.59,8.21,8.41,16846523,269964736.00
2015/12/25,8.43,8.72,8.34,8.69,16859500,276219040.00
2015/12/28,8.68,9.06,8.47,8.60,22208004,372226240.00
2015/12/29,8.58,8.92,8.51,8.89,18671875,313068992.00
2015/12/30,8.98,9.04,8.64,8.72,23187889,388299136.00
2015/12/31,8.76,8.76,8.44,8.53,10370851,170186432.00
2016/01/04,8.50,8.52,7.62,7.62,15494651,237862336.00
2016/01/05,7.16,7.68,7.08,7.48,20821322,297580640.00
2016/01/06,7.49,7.58,7.26,7.55,13806515,198416592.00
2016/01/07,7.33,7.46,6.74,6.74,4628600,62257184.00
2016/01/08,6.86,6.97,6.39,6.82,18086460,238816640.00
2016/01/11,6.58,6.68,6.09,6.09,21059893,261209216.00
2016/01/12,6.07,6.33,5.99,6.17,14657590,176408608.00
2016/01/13,6.19,6.42,5.97,5.98,13873308,169030112.00
2016/01/14,5.81,6.17,5.75,6.15,12135747,141363872.00
2016/01/15,6.09,6.21,5.64,5.75,16140344,186768272.00
2016/01/18,5.59,5.82,5.56,5.69,14772407,164900192.00
2016/01/19,5.69,6.00,5.58,5.97,18814940,215435888.00
2016/01/20,5.92,5.97,5.72,5.78,17106744,196089760.00
2016/01/21,5.68,5.83,5.53,5.56,14633114,163418880.00
2016/01/22,5.64,5.68,5.42,5.63,15425999,169474624.00
2016/01/25,5.69,5.74,5.56,5.64,12573299,139946176.00
2016/01/26,5.60,5.60,5.03,5.04,19249784,201038688.00
2016/01/27,5.03,5.14,4.67,4.84,18409565,179300064.00
2016/01/28,4.84,4.94,4.57,4.58,13442745,128281040.00
2016/01/29,4.67,5.00,4.62,4.85,19583935,189460384.00
2016/02/01,4.89,5.25,4.86,5.08,21353698,215634720.00
2016/02/02,5.10,5.39,5.04,5.29,19653367,203812224.00
2016/02/03,5.31,5.63,5.27,5.55,20203509,218133296.00
2016/02/04,5.56,5.60,5.42,5.49,17397894,188322800.00
2016/02/05,5.49,5.55,5.32,5.39,12700002,136020640.00
2016/02/15,5.19,5.29,5.14,5.24,12792256,132048864.00
2016/02/16,5.29,5.53,5.28,5.50,13349015,143544960.00
2016/02/17,5.47,5.54,5.41,5.52,12437747,134403248.00
2016/02/18,5.64,5.67,5.52,5.53,14226324,156540144.00
2016/02/19,5.53,5.53,5.31,5.45,16364722,175387424.00
2016/02/22,5.64,5.78,5.64,5.69,20262701,227300112.00
2016/02/23,5.69,6.02,5.67,5.96,28470380,328857664.00
2016/02/24,5.89,6.07,5.81,5.98,15354100,179079264.00
2016/02/25,6.06,6.08,5.33,5.37,20305389,225724672.00
2016/02/26,5.49,5.96,5.41,5.96,25057793,282061792.00
2016/02/29,5.97,6.41,5.75,6.25,50784322,614047296.00
2016/03/01,6.24,6.80,6.06,6.36,42483405,538670528.00
2016/03/02,6.22,7.04,6.20,7.04,49657535,656693056.00
2016/03/03,7.17,7.53,6.83,6.97,52502267,729977472.00
2016/03/04,6.86,7.38,6.84,7.02,35936119,496353536.00
2016/03/07,7.02,7.37,6.79,7.01,28615457,391401312.00
2016/03/08,6.97,7.02,6.53,6.77,24675826,319202944.00
2016/03/09,6.53,6.61,6.36,6.59,17459286,219406208.00
2016/03/10,6.54,6.59,6.21,6.23,10401780,130010880.00
2016/03/11,6.14,6.19,5.96,6.05,23426919,277771168.00
2016/03/14,6.17,6.62,6.16,6.51,20611333,258360176.00
2016/03/15,6.46,6.57,6.36,6.47,12133012,152264832.00
2016/03/16,6.52,6.79,6.37,6.65,22975817,292740416.00
2016/03/17,6.66,6.89,6.66,6.80,16922076,223327376.00
2016/03/18,6.76,7.13,6.76,7.03,23486755,316628128.00
2016/03/21,7.06,7.08,6.82,6.93,23302704,313610112.00
2016/03/22,6.92,6.96,6.72,6.79,18681217,246575968.00
2016/03/23,6.73,6.86,6.68,6.78,9416804,123540344.00
2016/03/24,6.66,6.68,6.51,6.54,13962662,179116352.00
2016/03/25,6.49,6.65,6.44,6.63,10094892,128979928.00
2016/03/28,6.59,6.66,6.26,6.34,16921194,212844752.00
2016/03/29,6.32,6.46,6.20,6.26,10761849,133131360.00
2016/03/30,6.36,6.50,6.29,6.48,11356726,142102256.00
2016/03/31,6.55,6.56,6.33,6.38,13589712,169736512.00
2016/04/01,6.38,6.56,6.33,6.56,13012633,163843616.00
2016/04/05,6.57,6.67,6.49,6.60,16756045,214550736.00
2016/04/06,6.57,6.65,6.54,6.63,10237682,131470096.00
2016/04/07,6.59,6.73,6.47,6.48,13700662,176217344.00
2016/04/08,6.52,6.52,6.13,6.28,16296321,200056960.00
2016/04/11,6.33,6.46,6.33,6.40,15180766,188832992.00
2016/04/12,6.39,6.74,6.33,6.73,32654027,418603712.00
2016/04/13,6.68,6.84,6.63,6.73,30113011,394415680.00
2016/04/14,6.76,6.80,6.59,6.69,16404804,212327872.00
2016/04/15,6.76,6.78,6.57,6.63,14842836,191708048.00
2016/04/18,6.58,6.58,6.37,6.37,16208689,203015600.00
2016/04/19,6.46,6.54,6.42,6.51,11956143,151044160.00
2016/04/20,6.51,6.63,6.06,6.37,20263695,250924768.00
2016/04/21,6.33,6.38,6.20,6.23,7200873,88309888.00
2016/04/22,6.19,6.31,6.14,6.30,6674545,81350144.00
2016/04/25,6.26,6.31,6.15,6.27,6732340,82003168.00
2016/04/26,6.27,6.36,6.21,6.30,4868358,59684176.00
2016/04/27,6.31,6.38,6.27,6.31,6791025,83752640.00
2016/04/28,6.32,6.34,6.09,6.18,9024075,108947112.00
2016/04/29,6.16,6.28,6.11,6.23,8276614,100463944.00
2016/05/03,6.15,6.38,6.11,6.29,14543591,178033296.00
2016/05/04,6.27,6.34,6.23,6.28,8102960,99623976.00
2016/05/05,6.26,6.31,6.21,6.28,7706400,94087048.00
2016/05/06,6.29,6.31,5.86,5.88,17760560,210298272.00
2016/05/09,5.81,5.82,5.50,5.69,15680992,174475568.00
2016/05/10,5.67,5.73,5.57,5.67,6991019,77698816.00
2016/05/11,5.73,5.73,5.61,5.63,6247123,69708736.00
2016/05/12,5.54,5.58,5.43,5.54,5176295,56367136.00
2016/05/13,5.56,5.66,5.48,5.53,4622894,50727856.00
2016/05/16,5.50,5.55,5.42,5.53,9990376,107877792.00
2016/05/17,5.53,5.57,5.46,5.48,7254048,78657800.00
2016/05/18,5.43,5.45,5.28,5.38,9205820,97713136.00
2016/05/19,5.37,5.44,5.28,5.31,9217108,97488752.00
2016/05/20,5.27,5.28,5.14,5.26,11272625,116050992.00
2016/05/23,5.27,5.32,5.19,5.31,12702029,132111168.00
2016/05/24,5.28,5.28,5.16,5.19,9250380,95279920.00
2016/05/25,5.24,5.26,5.14,5.21,8668742,89674816.00
2016/05/26,5.21,5.28,5.12,5.27,9003888,92781928.00
2016/05/27,5.26,5.32,5.22,5.28,6839288,71526344.00
2016/05/30,5.28,5.29,5.17,5.22,4428462,45908652.00
2016/05/31,5.21,5.57,5.21,5.55,19545675,210796640.00
2016/06/01,5.57,5.64,5.52,5.54,8641688,94963856.00
2016/06/02,5.59,5.62,5.48,5.53,7208705,78682912.00
2016/06/03,5.54,5.56,5.48,5.52,10554174,114957072.00
2016/06/06,5.55,5.56,5.43,5.47,8248753,89499904.00
2016/06/07,5.52,5.56,5.45,5.52,7851518,85169200.00
2016/06/08,5.51,5.53,5.42,5.47,6579615,71057024.00
2016/06/13,5.40,5.41,5.25,5.26,8965882,94167520.00
2016/06/14,5.22,5.27,5.17,5.21,6348428,65534200.00
2016/06/15,5.17,5.52,5.14,5.43,11524055,122577240.00
2016/06/16,5.43,5.54,5.39,5.52,9096075,98394008.00
2016/06/17,5.50,5.73,5.49,5.55,10058775,110883208.00
2016/06/20,5.58,5.61,5.47,5.54,8077771,88064600.00
2016/06/21,5.57,5.61,5.46,5.49,7104148,77443080.00
2016/06/22,5.51,5.56,5.46,5.53,4064964,43592224.00
2016/06/23,5.53,5.72,5.51,5.66,11126967,122068344.00
2016/06/24,5.68,5.72,5.43,5.51,12310183,133475008.00
2016/06/27,5.47,5.63,5.44,5.62,9255808,100003736.00
2016/06/28,5.54,5.64,5.53,5.64,9734520,105400744.00
2016/06/29,5.65,5.86,5.63,5.75,14975726,167079552.00
2016/06/30,5.72,5.77,5.68,5.71,7206733,79936360.00
2016/07/01,5.79,6.02,5.79,5.97,25015335,287242144.00
2016/07/04,5.89,6.20,5.86,6.10,23243073,274304192.00
2016/07/05,6.07,6.21,6.02,6.12,18926530,223345824.00
2016/07/06,6.15,6.26,6.04,6.09,15547693,183419200.00
2016/07/07,6.13,6.19,5.97,6.03,17000531,199333408.00
2016/07/08,6.03,6.14,5.98,6.10,12773567,149188864.00
2016/07/11,6.18,6.24,6.06,6.07,15492834,183666496.00
2016/07/12,6.09,6.11,5.92,6.08,15722615,183317664.00
2016/07/13,6.12,6.38,6.12,6.24,29921501,361663168.00
2016/07/14,6.29,6.29,6.17,6.24,13254967,159204432.00
2016/07/15,6.27,6.39,6.22,6.33,20167496,245172800.00
2016/07/18,6.36,6.37,6.21,6.30,14723889,178373840.00
2016/07/19,6.27,6.31,6.15,6.23,12926525,154834736.00
2016/07/20,6.26,6.27,6.16,6.21,11256971,134737888.00
2016/07/21,6.21,6.31,6.19,6.25,12163567,146462464.00
2016/07/22,6.24,6.25,6.07,6.09,12779628,151576336.00
2016/07/25,6.07,6.19,6.03,6.13,6372558,75473264.00
2016/07/26,6.13,6.25,6.11,6.22,6720915,80182168.00
2016/07/27,6.24,6.26,5.96,6.07,18098229,213284032.00
2016/07/28,6.06,6.08,5.94,6.02,11644155,135221696.00
2016/07/29,6.02,6.04,5.92,5.93,8011963,92660328.00
2016/08/01,5.93,6.00,5.88,5.97,6456665,73947776.00
2016/08/02,5.97,6.03,5.94,6.02,4973021,57533920.00
2016/08/03,6.02,6.28,5.97,6.22,17714936,211515312.00
2016/08/04,6.18,6.27,6.12,6.25,14157507,169528480.00
2016/08/05,6.28,6.37,6.19,6.29,26084278,316689472.00
2016/08/08,6.39,6.64,6.36,6.53,33123222,414600096.00
2016/08/09,6.50,6.56,6.39,6.46,17193749,213162528.00
2016/08/10,6.46,6.47,6.28,6.32,16672366,203815008.00
2016/08/11,6.32,6.38,6.28,6.31,12010291,146385296.00
2016/08/12,6.32,6.71,6.28,6.66,45824656,573858624.00
2016/08/15,6.72,7.37,6.72,7.37,96983634,1325537024.00
2016/08/16,7.43,7.53,7.07,7.14,58085498,801864640.00
2016/08/17,7.07,7.19,6.99,6.99,32335100,438440704.00
2016/08/18,7.05,7.74,7.00,7.29,67312191,950620928.00
2016/08/19,7.22,7.31,7.09,7.11,25716759,352513952.00
2016/08/22,7.17,7.34,7.07,7.13,22988593,316304384.00
2016/08/23,7.15,7.16,6.84,6.94,26288266,350829152.00
2016/08/24,6.89,6.98,6.81,6.87,14799769,195091792.00
2016/08/25,6.79,6.82,6.63,6.71,19712598,253599552.00
2016/08/26,6.73,6.82,6.68,6.69,10245041,132925584.00
2016/08/29,6.75,6.94,6.73,6.88,16160782,212646352.00
2016/08/30,6.95,7.13,6.89,6.91,21071061,282830176.00
2016/08/31,6.91,7.23,6.91,7.14,33168885,451461792.00
2016/09/01,7.11,7.11,6.84,6.84,22333648,297271648.00
2016/09/02,6.89,6.98,6.80,6.90,14061766,185593104.00
2016/09/05,6.91,7.13,6.91,7.04,18099974,243794544.00
2016/09/06,7.07,7.08,6.86,7.04,14467087,193266384.00
2016/09/07,7.04,7.08,6.96,6.99,12642879,169976912.00
2016/09/08,6.99,7.18,6.96,7.05,15337528,207927296.00
2016/09/09,7.06,7.13,7.00,7.01,9689861,130935648.00
2016/09/12,6.82,7.04,6.79,7.01,23591707,312952320.00
2016/09/13,7.04,7.13,6.97,7.13,13389321,181267280.00
2016/09/14,7.09,7.37,7.08,7.22,20433744,283126912.00
2016/09/19,7.23,7.49,7.23,7.37,16187497,228440592.00
2016/09/20,7.39,7.47,7.26,7.30,10508633,146743616.00
2016/09/21,7.28,7.68,7.28,7.56,23434282,334485312.00
2016/09/22,7.64,7.98,7.64,7.68,37396913,555373568.00
2016/09/23,7.77,7.77,7.56,7.58,15009440,218528016.00
2016/09/26,7.55,7.74,7.44,7.48,14795082,214614832.00
2016/09/27,7.46,7.57,7.33,7.50,19789258,281012160.00
2016/09/28,7.54,7.56,7.37,7.38,11909096,169434688.00
2016/09/29,7.41,7.66,7.38,7.58,16626928,238720608.00
2016/09/30,7.64,7.75,7.57,7.68,16128893,235890784.00
2016/10/10,7.32,7.39,6.88,7.28,50167975,685204736.00
2016/10/11,7.22,7.36,7.07,7.14,20585526,283076640.00
2016/10/12,7.17,7.22,7.04,7.10,14060181,191220144.00
2016/10/13,7.11,7.23,7.08,7.17,10625013,145239088.00
2016/10/14,7.18,7.23,7.09,7.17,10279005,140490272.00
2016/10/17,7.20,7.21,6.92,6.94,14157649,190853120.00
2016/10/18,6.92,7.10,6.92,7.08,8641295,116450744.00
2016/10/19,7.09,7.14,7.03,7.06,5933151,80237048.00
2016/10/20,7.04,7.13,7.02,7.03,5778921,78106664.00
2016/10/21,7.01,7.06,6.94,6.98,6848867,91673216.00
2016/10/24,6.98,7.08,6.96,6.98,11953054,160464512.00
2016/10/25,6.99,7.06,6.93,6.97,9363840,125311584.00
2016/10/26,6.98,7.03,6.94,7.02,7675214,102753624.00
2016/10/27,7.03,7.03,6.91,6.97,7452283,99496000.00
2016/10/28,6.96,7.16,6.94,7.06,15228201,206079200.00
2016/10/31,7.02,7.02,6.84,6.90,12472901,165149776.00
2016/11/01,6.90,6.94,6.75,6.86,16193376,212008000.00
2016/11/02,6.86,6.88,6.71,6.72,10325616,134375824.00
2016/11/03,6.72,6.77,6.64,6.71,11898669,153056512.00
2016/11/04,6.74,6.82,6.73,6.75,9218471,119712176.00
2016/11/07,6.71,6.94,6.71,6.86,9122075,120019952.00
2016/11/08,6.88,6.91,6.81,6.83,5531710,72579880.00
2016/11/14,7.00,7.06,6.89,6.92,13865633,184791296.00
2016/11/15,6.86,7.06,6.86,6.95,9763508,129860848.00
2016/11/16,6.93,6.99,6.92,6.94,6300428,83823240.00
2016/11/17,6.93,6.96,6.89,6.93,6497244,86150672.00
2016/11/18,6.97,7.04,6.91,6.92,7419124,99075792.00
2016/11/21,6.92,6.97,6.84,6.86,7576621,100145496.00
2016/11/22,6.87,6.93,6.79,6.84,11540597,151310688.00
2016/11/23,6.84,7.13,6.82,7.04,21024569,281525248.00
2016/11/24,7.00,7.14,6.97,7.06,15375665,207809312.00
2016/11/25,7.06,7.43,7.03,7.38,33888829,472962208.00
2016/11/28,7.39,7.52,7.28,7.40,46474537,657264384.00
2016/11/29,7.38,7.69,7.32,7.54,45325583,651053376.00
2016/11/30,7.54,7.60,7.41,7.44,22307867,318648544.00
2016/12/01,7.53,7.96,7.44,7.75,35485174,525737216.00
2016/12/02,7.77,7.91,7.69,7.83,31603005,471710208.00
2016/12/05,7.59,7.64,7.27,7.42,39790207,561575808.00
2016/12/06,7.33,7.41,7.26,7.34,17176554,240156976.00
2016/12/07,7.33,7.39,7.23,7.38,13023136,181655184.00
2016/12/08,7.38,7.43,7.33,7.34,6978721,98170368.00
2016/12/09,7.34,7.57,7.34,7.56,15481400,221041648.00
2016/12/12,7.56,7.56,7.15,7.29,19010800,265120016.00
2016/12/13,7.28,7.28,7.16,7.21,9031492,124472408.00
2016/12/14,7.18,7.26,6.99,6.99,9207901,125302424.00
2016/12/15,6.99,7.02,6.75,6.83,15955207,210566976.00
2016/12/16,6.79,6.93,6.77,6.87,9550315,125163760.00
2016/12/19,6.79,6.84,6.72,6.75,8966187,116400320.00
2016/12/20,6.78,6.79,6.61,6.69,9753851,124873168.00
2016/12/21,6.72,6.81,6.68,6.76,12034697,155809696.00
2016/12/22,6.73,6.74,6.58,6.58,12960406,165695408.00
2016/12/23,6.58,6.64,6.57,6.62,6208602,78767624.00
2016/12/26,6.61,6.61,6.48,6.57,7210643,90501384.00
2016/12/27,6.57,6.73,6.54,6.72,15085159,193051040.00
2016/12/28,6.69,6.74,6.64,6.67,13733400,176628736.00
2016/12/29,6.67,6.69,6.59,6.59,9818958,124964200.00
2016/12/30,6.59,6.68,6.59,6.67,7389433,94219512.00
2017/01/03,6.66,6.88,6.66,6.84,12798954,167107920.00
2017/01/04,6.84,7.21,6.83,7.16,23972613,323742848.00
2017/01/05,7.14,7.38,7.11,7.28,21268204,295259904.00
2017/01/06,7.25,7.31,7.16,7.26,14976168,207336432.00
2017/01/09,7.26,7.33,7.14,7.21,11695523,161541744.00
2017/01/10,7.24,7.28,7.11,7.27,12946819,177952448.00
2017/01/11,7.22,7.22,7.03,7.06,8753606,119561592.00
2017/01/12,7.09,7.21,7.03,7.10,10004531,136296576.00
2017/01/13,7.11,7.14,6.67,6.71,26154706,341934976.00
2017/01/16,6.69,6.83,6.59,6.82,19595244,252067200.00
2017/01/17,6.77,6.78,6.67,6.77,6409282,82615176.00
2017/01/18,6.77,6.85,6.73,6.77,7271209,94580696.00
2017/01/19,6.79,6.79,6.66,6.73,5068961,65280808.00
2017/01/20,6.73,6.81,6.68,6.77,4039792,52491944.00
2017/01/23,6.77,6.96,6.76,6.93,8283460,109367120.00
2017/01/24,6.94,7.06,6.88,6.92,10490278,139962896.00
2017/01/25,6.90,6.97,6.90,6.93,6410982,85107632.00
2017/01/26,6.96,7.09,6.96,7.00,7184847,96661160.00
2017/02/03,7.02,7.04,6.93,7.02,5126002,68569352.00
2017/02/06,6.98,7.05,6.88,7.03,8605954,115178472.00
2017/02/07,7.02,7.06,6.96,6.98,5191035,69473536.00
2017/02/08,6.98,7.02,6.97,7.00,6636385,88846744.00
2017/02/09,7.01,7.14,7.01,7.02,13820548,186793728.00
2017/02/10,7.00,7.07,6.92,6.98,8507501,113638528.00
2017/02/13,6.98,6.99,6.92,6.94,10223137,135977376.00
2017/02/14,6.97,6.97,6.83,6.85,11035665,145584880.00
2017/02/15,6.86,6.94,6.81,6.83,6844289,90014280.00
2017/02/16,6.83,6.92,6.82,6.92,5716110,75356480.00
2017/02/17,6.87,6.96,6.86,6.87,7396905,97804208.00
2017/02/20,6.86,6.96,6.82,6.94,9962335,131474000.00
2017/02/21,6.93,7.11,6.92,7.04,15125687,203593648.00
2017/02/22,7.03,7.08,6.98,7.06,10408920,140216128.00
2017/02/23,7.06,7.14,7.02,7.06,9073555,122619752.00
2017/02/24,7.04,7.06,6.97,7.02,6697929,89788376.00
2017/02/27,7.01,7.02,6.81,6.84,12411610,163942256.00
2017/02/28,6.81,6.90,6.81,6.88,5733695,75513736.00
2017/03/01,6.88,6.92,6.87,6.89,6761879,89410016.00
2017/03/02,6.89,6.93,6.83,6.84,4740379,62394608.00
2017/03/03,6.86,6.88,6.83,6.87,4882932,64182004.00
2017/03/06,6.88,7.05,6.84,7.02,12154261,163002080.00
2017/03/07,7.02,7.10,6.96,6.98,9602451,128871392.00
2017/03/08,6.98,7.11,6.98,6.99,10460818,140824432.00
2017/03/09,6.99,7.00,6.88,6.98,7786129,103277224.00
2017/03/10,6.98,7.00,6.93,6.97,4966749,66255992.00
2017/03/13,6.94,7.21,6.94,7.18,23374850,317926048.00
2017/03/14,7.21,7.31,7.13,7.21,18375075,253905200.00
2017/03/15,7.17,7.30,7.11,7.22,13360966,184266096.00
2017/03/16,7.24,7.30,7.19,7.22,15891959,219583456.00
2017/03/17,7.24,7.34,7.19,7.19,18608439,258331168.00
2017/03/20,7.17,7.24,7.03,7.07,12853709,174524864.00
2017/03/21,7.10,7.13,6.99,7.13,13219679,178424832.00
2017/03/22,7.06,7.16,7.03,7.04,9069384,122787712.00
2017/03/23,7.05,7.16,7.03,7.08,11589261,156956128.00
2017/03/24,7.07,7.09,6.99,7.06,10463336,141149664.00
2017/03/27,7.07,7.10,6.87,6.91,18129958,241845872.00
2017/03/28,6.88,6.96,6.85,6.89,6395957,84631280.00
2017/03/29,6.89,6.93,6.77,6.82,12333048,161545088.00
2017/03/30,6.82,6.94,6.80,6.86,10803315,142183184.00
2017/03/31,6.88,7.09,6.87,7.08,17165849,230352784.00
2017/04/05,7.16,7.31,7.14,7.25,25153693,347942528.00
2017/04/06,7.22,7.60,7.21,7.57,36491833,516236736.00
2017/04/07,7.57,7.89,7.46,7.84,50278105,737312640.00
2017/04/13,8.67,8.67,8.67,8.67,6302003,103415872.00
2017/04/14,9.31,9.32,8.32,8.36,137227066,2269924864.00
2017/04/17,8.22,8.42,7.90,8.01,55436680,856359936.00
2017/04/18,8.06,8.19,7.96,8.06,36560724,561482816.00
2017/04/19,7.93,8.05,7.79,8.01,33987172,511570880.00
2017/04/20,7.96,8.06,7.89,8.00,27088635,410868384.00
2017/04/21,8.01,8.04,7.78,7.94,23904566,359437792.00
2017/04/24,7.89,7.94,7.57,7.76,32728218,480110176.00
2017/04/25,7.76,7.91,7.71,7.75,16855673,250562704.00
2017/04/26,7.73,7.97,7.71,7.94,22985749,344357440.00
2017/04/27,7.91,7.92,7.72,7.84,22093771,329352224.00
2017/04/28,7.82,8.14,7.79,8.07,31214876,475858528.00
2017/05/02,8.17,8.17,8.01,8.06,22802663,349469888.00
2017/05/03,8.02,8.13,7.99,8.02,20215413,309250048.00
2017/05/04,7.98,8.02,7.83,7.84,18683020,281195872.00
2017/05/05,7.82,7.92,7.67,7.70,21556033,319665376.00
2017/05/08,7.69,7.73,7.47,7.48,17625872,255188112.00
2017/05/09,7.48,7.51,7.37,7.42,17027522,241294064.00
2017/05/10,7.43,7.50,7.18,7.23,21869148,307272992.00
2017/05/11,7.19,7.36,7.08,7.33,19871828,274020608.00
2017/05/12,7.33,7.68,7.28,7.52,24752583,354497024.00
2017/05/15,7.56,7.63,7.48,7.58,15043973,217064992.00
2017/05/16,7.56,7.75,7.45,7.72,18520130,269455520.00
2017/05/17,7.72,7.84,7.68,7.70,15453370,228171584.00
2017/05/18,7.61,7.72,7.58,7.72,13440772,195415600.00
2017/05/19,7.70,7.79,7.66,7.68,9717603,142721776.00
2017/05/22,7.63,7.72,7.50,7.53,11818738,171496000.00
2017/05/23,7.54,7.64,7.42,7.48,12759291,183671104.00
2017/05/24,7.44,7.64,7.38,7.60,14075838,201607728.00
2017/05/25,7.58,8.08,7.58,8.03,38369923,576315456.00
2017/05/26,8.04,8.07,7.92,7.96,18763999,284541472.00
2017/05/31,8.14,8.29,7.97,8.01,28998679,449318240.00
2017/06/01,7.98,8.07,7.88,7.96,18169136,275814272.00
2017/06/02,8.09,8.34,8.01,8.32,31320617,485755296.00
2017/06/05,8.33,8.49,8.28,8.37,25171850,400493440.00
2017/06/06,8.35,8.41,8.28,8.39,20407885,322991104.00
2017/06/07,8.48,8.69,8.34,8.61,43631879,706849920.00
2017/06/08,8.61,9.02,8.55,8.76,61055793,535650784.00
2017/06/09,8.60,8.64,8.35,8.56,73874518,625787776.00
2017/06/12,8.47,8.64,8.34,8.36,54262876,461872128.00
2017/06/13,8.33,8.47,8.18,8.40,54534880,453898720.00
2017/06/14,8.39,8.39,8.23,8.27,37343223,309297216.00
2017/06/15,8.22,8.36,8.21,8.29,28280755,234270032.00
2017/06/16,8.26,8.44,8.23,8.36,33764934,282065760.00
2017/06/19,8.39,8.57,8.39,8.44,35452263,300325056.00
2017/06/20,8.47,8.48,8.26,8.30,42265320,352077216.00
2017/06/21,8.34,8.34,8.25,8.32,27507339,228148288.00
2017/06/22,8.31,8.44,8.22,8.23,39916206,333198400.00
2017/06/23,8.28,8.40,8.21,8.38,41069529,341101920.00
2017/06/26,8.50,8.70,8.38,8.65,73382939,625614528.00
2017/06/27,8.68,8.74,8.48,8.58,51322895,441826304.00
2017/06/28,8.56,8.65,8.47,8.52,29058142,248055520.00
2017/06/29,8.52,8.58,8.45,8.49,27368790,232780624.00
2017/06/30,8.49,8.53,8.31,8.35,36638293,307248512.00
2017/07/03,8.36,8.41,8.23,8.32,33838653,280934208.00
2017/07/04,8.30,8.36,8.22,8.24,31999055,264489920.00
2017/07/05,8.22,8.31,8.22,8.30,24212156,200155744.00
2017/07/06,8.30,8.31,8.14,8.16,37130866,304618528.00
2017/07/07,8.17,8.20,8.13,8.14,26101370,212991040.00
2017/07/10,8.11,8.25,8.10,8.19,26453230,216923584.00
2017/07/11,8.24,8.34,8.20,8.24,34009304,281443872.00
2017/07/12,8.25,8.29,8.18,8.22,27007181,222385520.00
2017/07/13,8.24,8.25,8.17,8.19,22121855,181473792.00
2017/07/14,8.20,8.22,8.12,8.18,20047645,163682368.00
2017/07/17,8.17,8.18,7.73,7.78,47116538,372647328.00
2017/07/18,7.75,7.87,7.74,7.85,16440480,128224320.00
2017/07/19,7.86,8.06,7.82,8.05,23094848,184819904.00
2017/07/20,8.05,8.24,8.00,8.16,28865076,234849872.00
2017/07/21,8.11,8.16,8.05,8.09,18163876,147199536.00
2017/07/24,8.04,8.24,8.03,8.22,26487744,216814656.00
2017/07/25,8.19,8.21,8.06,8.11,18388990,149516208.00
2017/07/26,8.11,8.17,7.99,8.01,20323598,163542736.00
2017/07/27,8.03,8.17,7.96,8.10,19035521,153380192.00
2017/07/28,8.08,8.19,8.06,8.16,18949700,154658128.00
2017/08/02,8.27,8.27,8.27,8.27,0,0.00
数据来源:通达信
