600489 中金黄金 日线 前复权
      日期	    开盘	    最高	    最低	    收盘	    成交量	    成交额
2010/10/08,18.83,19.35,18.74,19.18,69210489,2926539520.00
2010/10/11,19.44,20.65,18.83,19.05,76373501,3359528704.00
2010/10/12,19.04,20.43,18.48,20.23,68856534,3025172480.00
2010/10/13,20.22,20.94,19.76,20.34,61539124,2796169728.00
2010/10/14,21.09,21.65,20.39,21.19,59946480,2803761664.00
2010/10/15,20.83,21.52,20.39,20.92,52268913,2442771456.00
2010/10/18,20.43,20.48,18.91,19.07,68840570,3032138240.00
2010/10/19,19.10,19.87,19.10,19.52,29439836,1272240128.00
2010/10/20,18.35,19.51,18.13,19.08,45143560,1881839488.00
2010/10/21,19.31,19.94,18.91,19.84,38092950,1646317184.00
2010/10/22,19.35,20.32,19.18,19.84,41323254,1826876416.00
2010/10/25,19.84,21.09,19.59,20.98,51065925,2320357632.00
2010/10/26,21.07,21.47,20.48,20.59,38526427,1789095168.00
2010/10/27,20.59,20.69,19.61,19.74,37679683,1673871744.00
2010/10/29,19.78,20.22,19.44,19.61,30530455,1343347712.00
2010/11/01,20.00,20.65,20.00,20.57,41097657,1863555328.00
2010/11/02,20.22,21.35,20.13,20.46,45277240,2078235008.00
2010/11/03,20.44,20.78,19.74,19.90,27285660,1218529024.00
2010/11/04,19.90,20.53,19.89,20.31,26076566,1175602688.00
2010/11/05,22.02,22.26,20.78,20.94,55773545,2662585856.00
2010/11/08,21.23,21.26,20.55,20.77,27377966,1268851840.00
2010/11/09,21.03,21.38,20.87,21.25,32059133,1511130112.00
2010/11/10,21.03,21.21,20.66,20.98,24382261,1136700928.00
2010/11/11,20.77,21.43,20.66,20.98,36877817,1731654912.00
2010/11/12,20.65,20.96,19.35,19.47,39756136,1773442944.00
2010/11/15,19.35,19.40,18.05,18.92,29672720,1234895616.00
2010/11/16,18.70,18.70,17.57,17.60,30896417,1241924864.00
2010/11/17,16.75,17.44,16.72,16.89,25052328,944843200.00
2010/11/18,17.31,18.48,17.18,18.21,32725263,1287617920.00
2010/11/19,18.26,18.52,17.61,18.27,30078146,1207168896.00
2010/11/22,18.01,18.43,17.83,18.20,19335220,778595136.00
2010/11/23,18.04,18.28,17.28,17.71,20800464,814518464.00
2010/11/24,18.04,18.39,17.82,18.18,19534967,786071808.00
2010/11/25,18.00,18.15,17.71,18.09,19023806,756136768.00
2010/11/26,18.07,18.07,17.69,17.77,13381495,528899072.00
2010/11/29,17.43,17.55,17.18,17.34,16744586,643146752.00
2010/11/30,17.42,17.74,16.83,17.52,19333570,743043136.00
2010/12/01,17.76,18.04,17.57,17.88,16463026,650652992.00
2010/12/02,18.17,18.26,17.82,17.85,17307330,691480896.00
2010/12/03,17.91,17.91,17.42,17.67,9802509,381605664.00
2010/12/06,18.06,18.28,17.92,18.11,21714093,873297664.00
2010/12/07,18.21,19.54,17.95,19.15,39234850,1633772032.00
2010/12/08,18.78,19.08,18.48,18.51,27375987,1140304256.00
2010/12/09,18.23,18.24,17.86,17.90,17128117,685110400.00
2010/12/10,17.80,18.19,17.74,18.07,12548657,500229312.00
2010/12/13,18.04,18.50,17.98,18.47,17358705,705060160.00
2010/12/14,18.74,18.82,18.53,18.66,19325371,799897408.00
2010/12/15,18.44,18.52,18.24,18.27,17132890,697176704.00
2010/12/16,18.03,18.20,17.91,18.09,10848607,434630656.00
2010/12/17,17.90,18.28,17.88,18.15,9448442,378889152.00
2010/12/20,18.25,18.69,17.74,18.51,21830139,886151936.00
2010/12/21,18.35,18.38,18.11,18.36,14205423,576115264.00
2010/12/22,18.44,18.63,18.13,18.22,11772930,479390368.00
2010/12/23,18.07,18.07,17.70,17.79,19757869,781628992.00
2010/12/24,17.67,17.68,17.31,17.43,10854181,419312832.00
2010/12/27,17.45,17.77,17.18,17.21,10670516,412916000.00
2010/12/28,17.22,17.61,16.87,17.27,14542187,552608960.00
2010/12/29,17.57,17.68,17.18,17.58,13951098,537872576.00
2010/12/30,17.68,17.85,17.48,17.84,17577057,689757696.00
2010/12/31,17.77,18.24,17.67,18.19,21770288,870699072.00
2011/01/04,18.30,18.48,18.14,18.22,20370030,826173696.00
2011/01/05,17.61,17.65,17.37,17.56,25964924,1005659584.00
2011/01/06,17.40,17.57,17.18,17.22,17117205,656388544.00
2011/01/07,17.21,17.21,16.93,17.04,17311410,652363008.00
2011/01/10,17.13,17.24,16.91,17.08,11947145,451271424.00
2011/01/11,17.08,17.10,16.75,17.07,9294011,347874656.00
2011/01/12,17.15,17.22,16.91,17.09,8537574,321962752.00
2011/01/13,17.14,17.17,16.74,16.90,10316651,386155264.00
2011/01/14,16.74,16.74,16.21,16.25,15193152,550544064.00
2011/01/17,15.99,16.09,15.35,15.48,16117000,558129472.00
2011/01/18,15.51,15.78,15.35,15.76,8192188,280160384.00
2011/01/19,15.48,16.10,15.48,15.99,9424522,329367264.00
2011/01/20,15.87,15.87,15.22,15.25,13075993,445966336.00
2011/01/21,15.04,15.22,14.70,15.05,12000334,396070784.00
2011/01/25,14.79,14.79,14.18,14.69,11682467,371041056.00
2011/01/26,14.57,14.81,14.52,14.79,6026622,194746336.00
2011/01/27,14.82,15.47,14.72,15.42,12843017,430321920.00
2011/01/28,15.00,15.38,15.00,15.28,7936495,265040416.00
2011/01/31,15.52,16.11,15.43,16.01,14601733,508366816.00
2011/02/01,16.01,16.01,15.78,15.89,10207492,357476416.00
2011/02/09,15.96,16.25,15.45,15.55,11016954,386515296.00
2011/02/10,15.57,15.65,15.12,15.64,8344432,283406016.00
2011/02/11,15.65,15.81,15.44,15.63,7652904,263718720.00
2011/02/14,15.52,16.13,15.52,16.04,17463280,613026880.00
2011/02/15,16.09,16.52,16.07,16.16,20956380,754203008.00
2011/02/16,16.20,16.43,16.07,16.37,15156678,544811712.00
2011/02/17,16.39,16.50,16.18,16.29,13648551,491648608.00
2011/02/18,16.41,16.82,16.35,16.40,18542714,678266432.00
2011/02/21,16.41,16.70,16.41,16.60,13507372,493997888.00
2011/02/22,16.91,17.30,16.61,16.67,32383365,1214888704.00
2011/02/23,16.68,17.61,16.68,17.44,37287772,1427524864.00
2011/02/24,17.65,17.78,17.09,17.21,22396189,858444416.00
2011/02/25,17.04,17.26,16.60,17.07,16913585,632629184.00
2011/02/28,17.13,17.17,16.75,17.05,11454268,429260928.00
2011/03/01,17.03,17.18,16.81,17.16,15508051,581401600.00
2011/03/02,17.39,17.77,17.08,17.50,32792106,1266797312.00
2011/03/03,17.49,17.49,16.89,16.91,19419541,739642432.00
2011/03/04,16.75,16.98,16.68,16.89,10311362,383002912.00
2011/03/07,17.17,17.34,16.98,17.25,15262721,581130688.00
2011/03/08,17.26,17.35,17.12,17.18,12773053,486719712.00
2011/03/09,17.18,17.18,16.94,17.02,13447938,505637184.00
2011/03/10,17.00,17.00,16.74,16.78,10965149,407243808.00
2011/03/11,16.59,16.90,16.50,16.80,15172980,557278080.00
2011/03/14,16.83,16.99,16.66,16.70,9592439,355635200.00
2011/03/15,16.61,16.61,16.00,16.19,16175220,579300160.00
2011/03/16,16.00,16.44,15.96,16.36,14059946,503188640.00
2011/03/17,16.09,16.35,16.00,16.03,9763086,347183360.00
2011/03/18,16.28,16.31,16.07,16.11,8492061,302662144.00
2011/03/21,16.38,16.51,16.31,16.46,12588354,456837216.00
2011/03/22,16.53,16.90,16.35,16.78,16738276,616638784.00
2011/03/23,16.78,16.84,16.60,16.74,12502770,462069568.00
2011/03/24,16.91,17.12,16.77,16.78,13466983,504169952.00
2011/03/25,16.69,17.60,16.66,17.34,39996666,1528573056.00
2011/03/28,17.30,17.31,16.92,17.01,25430348,962944512.00
2011/03/29,16.86,16.86,16.48,16.49,18391437,675658112.00
2011/03/30,16.48,16.78,16.44,16.69,11572464,424468064.00
2011/03/31,16.70,16.91,16.38,16.51,8807557,322500160.00
2011/04/01,16.70,16.90,16.47,16.73,9777501,360723200.00
2011/04/06,16.96,17.16,16.79,17.00,19098062,717384704.00
2011/04/07,17.09,17.24,16.94,16.95,15218901,574305152.00
2011/04/08,16.96,17.18,16.85,17.14,18769714,708504320.00
2011/04/11,17.31,17.41,17.01,17.05,18137699,689832320.00
2011/04/12,16.91,16.91,16.54,16.69,14130081,522158880.00
2011/04/13,16.61,16.82,16.48,16.80,8545191,314829152.00
2011/04/14,16.74,16.91,16.59,16.78,10064691,372068000.00
2011/04/18,16.96,17.11,16.78,16.86,10755931,402269088.00
2011/04/19,16.95,17.28,16.95,17.06,22166932,838676032.00
2011/04/20,17.16,18.03,16.96,17.86,54384642,2122074496.00
2011/04/21,18.04,18.26,17.66,17.74,35051835,1388996096.00
2011/04/22,17.88,18.61,17.78,18.50,54397575,2198969344.00
2011/04/25,18.46,18.46,17.66,17.71,37098496,1478531712.00
2011/04/26,17.28,17.40,16.92,16.98,21549920,815386176.00
2011/04/27,17.11,17.21,16.65,16.76,16274166,606773056.00
2011/04/28,17.09,17.17,16.70,16.71,12557125,469452544.00
2011/04/29,16.86,16.93,16.72,16.91,8349168,311085824.00
2011/05/03,16.74,16.74,15.96,16.37,16450156,591981568.00
2011/05/04,16.13,16.21,15.70,15.70,16102593,565729024.00
2011/05/05,15.45,15.88,15.45,15.63,10358778,356715424.00
2011/05/06,15.26,15.39,14.92,15.18,15288490,507841056.00
2011/05/09,15.24,15.53,15.13,15.42,8563277,289439200.00
2011/05/10,15.48,15.65,15.48,15.65,8209304,282137792.00
2011/05/11,15.78,15.78,15.56,15.61,5856122,201993712.00
2011/05/12,15.35,15.35,15.00,15.04,11085069,369960000.00
2011/05/13,15.12,15.25,15.00,15.24,6619196,220021632.00
2011/05/16,15.11,15.22,14.92,14.97,7748302,256364064.00
2011/05/17,14.95,15.28,14.94,15.14,7521155,250435760.00
2011/05/18,15.05,15.19,14.95,15.13,4517423,150061776.00
2011/05/19,15.22,15.33,15.09,15.12,4192607,140096096.00
2011/05/20,15.02,15.18,15.01,15.17,3982680,132227968.00
2011/05/23,15.22,15.34,14.92,14.92,7011013,233119744.00
2011/05/24,14.97,15.20,14.96,15.15,5713855,189201488.00
2011/05/25,15.20,15.35,15.07,15.20,5948605,199315184.00
2011/05/26,15.36,15.43,15.14,15.17,5217976,175319264.00
2011/05/27,15.13,15.13,14.79,14.79,6615530,216811184.00
2011/05/30,14.86,14.95,14.71,14.71,4980138,162288992.00
2011/05/31,14.75,14.94,14.68,14.93,4005915,130422040.00
2011/06/01,14.87,14.92,14.79,14.87,4228557,137924224.00
2011/06/02,14.88,15.12,14.83,15.10,9362450,308980768.00
2011/06/03,15.05,15.22,14.95,15.19,5918491,196805568.00
2011/06/07,15.24,15.56,15.20,15.56,9743987,330827616.00
2011/06/08,15.55,15.55,15.27,15.44,6762661,229370016.00
2011/06/09,15.53,16.60,15.40,15.98,22432596,615660608.00
2011/06/10,15.78,16.03,15.55,15.86,12501154,331963648.00
2011/06/13,15.68,15.70,15.45,15.64,8400728,221535056.00
2011/06/14,15.56,15.87,15.40,15.80,10400040,276186176.00
2011/06/15,15.80,15.94,15.63,15.68,7950243,211803296.00
2011/06/16,15.68,15.70,15.45,15.50,6788838,178180400.00
2011/06/17,15.55,15.72,15.39,15.40,6332730,166099056.00
2011/06/20,15.43,15.61,15.34,15.41,6519412,170274864.00
2011/06/21,15.50,15.61,15.38,15.61,6640471,174020624.00
2011/06/22,15.67,15.76,15.39,15.49,5671882,148718560.00
2011/06/23,15.50,15.66,15.40,15.60,6999271,183653920.00
2011/06/24,15.39,15.87,15.29,15.73,17231006,455723168.00
2011/06/27,15.68,15.88,15.52,15.72,12642512,335891328.00
2011/06/28,15.70,16.54,15.70,16.11,26839677,733373056.00
2011/06/29,16.07,16.21,15.79,15.83,12915335,348490624.00
2011/06/30,15.89,16.41,15.89,16.12,11583508,316820576.00
2011/07/01,16.19,16.22,16.05,16.12,10690723,292052416.00
2011/07/04,16.04,16.86,16.04,16.74,33577173,946273664.00
2011/07/05,16.69,16.70,16.44,16.66,16560996,465548128.00
2011/07/06,16.70,16.85,16.59,16.70,15650345,443931584.00
2011/07/07,16.71,16.89,16.60,16.66,17366039,492930496.00
2011/07/08,16.64,16.78,16.38,16.48,11744250,329343936.00
2011/07/12,16.44,16.64,16.37,16.43,18047426,504517600.00
2011/07/13,16.69,17.27,16.69,17.05,30436862,880154176.00
2011/07/14,17.31,17.96,17.31,17.55,38617444,1158401280.00
2011/07/15,17.51,17.77,17.33,17.55,19797174,589886976.00
2011/07/18,17.76,17.86,17.43,17.68,18071715,542664896.00
2011/07/19,17.74,18.11,17.74,17.81,24688387,749769984.00
2011/07/20,17.54,17.59,17.09,17.14,26161614,768495744.00
2011/07/21,17.14,17.23,16.76,16.87,14915283,428566336.00
2011/07/22,16.87,16.96,16.76,16.82,10443903,298484480.00
2011/07/25,17.05,17.17,16.65,16.79,16678327,479776864.00
2011/07/26,16.81,17.01,16.64,16.96,9227122,263921296.00
2011/07/27,17.09,17.26,16.93,17.10,11606153,337035392.00
2011/07/28,17.04,17.04,16.68,16.82,9588911,273511232.00
2011/07/29,16.83,16.86,16.40,16.44,10254057,287781984.00
2011/08/01,16.44,16.57,16.42,16.43,6677326,186588992.00
2011/08/02,16.44,16.62,16.07,16.58,9683094,268098528.00
2011/08/03,16.81,17.04,16.78,17.03,17593959,505524000.00
2011/08/04,17.08,17.40,16.89,16.96,14543135,422710848.00
2011/08/05,16.47,17.01,16.08,16.69,16593566,468621792.00
2011/08/08,16.69,17.82,16.24,17.51,67831073,1981933824.00
2011/08/09,17.54,17.92,17.03,17.30,50422186,1501040384.00
2011/08/10,17.31,17.53,16.86,17.44,28741997,845210752.00
2011/08/11,17.82,17.88,17.37,17.40,27021398,805902720.00
2011/08/12,17.13,17.28,17.02,17.14,20568537,598657344.00
2011/08/15,17.07,17.07,16.85,16.94,18015935,517381568.00
2011/08/16,16.99,17.27,16.81,17.24,17763985,513625184.00
2011/08/17,17.20,17.20,16.96,17.00,10554772,305232448.00
2011/08/18,17.00,17.14,16.87,16.90,10914052,315037920.00
2011/08/19,17.15,17.30,17.00,17.11,20311718,591728640.00
2011/08/22,17.22,17.29,16.92,17.20,17196507,498337536.00
2011/08/23,17.25,17.29,16.91,16.92,15902876,460495360.00
2011/08/24,16.86,16.86,16.42,16.50,21405904,601126400.00
2011/08/25,16.07,16.57,15.96,16.42,18777456,514736544.00
2011/08/26,16.42,16.52,16.33,16.47,9820962,273538688.00
2011/08/29,16.52,16.58,16.36,16.39,7297214,203244288.00
2011/08/30,16.44,16.60,16.30,16.40,8805217,245280624.00
2011/08/31,16.48,16.53,16.35,16.40,6325031,176106640.00
2011/09/01,16.40,16.55,16.14,16.20,8582980,237426400.00
2011/09/02,16.20,16.29,15.96,16.01,6635963,180327680.00
2011/09/05,16.13,16.34,16.06,16.12,9332688,256357184.00
2011/09/06,16.22,16.30,15.86,16.26,8679178,236944928.00
2011/09/07,16.03,16.18,15.93,16.09,8585960,233010336.00
2011/09/08,16.05,16.15,15.90,16.09,7664602,208068288.00
2011/09/09,16.16,16.23,15.92,15.95,5250168,142409792.00
2011/09/13,15.74,15.74,15.31,15.34,9878906,257663648.00
2011/09/14,15.40,15.48,15.08,15.34,7936520,204407584.00
2011/09/15,15.27,15.38,15.20,15.30,5458705,141036128.00
2011/09/16,15.22,15.30,15.12,15.22,6733056,172887520.00
2011/09/19,15.25,15.28,14.98,14.98,5537279,141018080.00
2011/09/20,14.95,14.95,14.65,14.77,5796612,144296128.00
2011/09/21,14.84,15.19,14.69,15.12,8391955,211587152.00
2011/09/22,14.91,14.99,14.66,14.68,8308883,207404848.00
2011/09/23,14.37,14.37,14.14,14.34,12552803,300617216.00
2011/09/26,14.09,14.09,13.35,13.41,18613737,427933280.00
2011/09/27,13.57,13.63,13.35,13.51,11315638,255523904.00
2011/09/28,13.59,13.74,13.47,13.59,11396050,260623696.00
2011/09/29,13.30,13.35,12.94,13.08,9984732,219691152.00
2011/09/30,13.11,13.30,13.07,13.29,6040792,133595248.00
2011/10/10,13.36,13.39,13.17,13.22,4654635,103550064.00
2011/10/11,13.73,13.73,13.20,13.30,6566394,148160496.00
2011/10/12,13.25,13.63,13.13,13.58,7753972,175040480.00
2011/10/13,13.53,13.87,13.50,13.69,10461260,240376528.00
2011/10/14,13.64,13.70,13.47,13.60,5716622,130130544.00
2011/10/17,13.69,13.73,13.46,13.53,4762922,108602584.00
2011/10/18,13.44,13.50,13.03,13.03,6848940,151947920.00
2011/10/19,13.05,13.22,12.92,12.97,5201892,113560248.00
2011/10/20,12.88,12.88,12.29,12.42,8367453,174433936.00
2011/10/21,12.31,12.42,11.94,12.01,9524162,191953184.00
2011/10/24,12.01,12.19,11.86,12.14,11846817,238252816.00
2011/10/25,12.18,12.60,12.05,12.42,12775097,263333792.00
2011/10/26,12.51,13.12,12.46,12.89,20014582,430068224.00
2011/10/27,12.85,12.95,12.57,12.70,10997211,234556112.00
2011/10/28,12.94,13.07,12.84,12.98,14237437,308494144.00
2011/10/31,13.04,13.07,12.73,12.91,9448577,204046768.00
2011/11/01,12.69,12.94,12.68,12.86,6492215,139375088.00
2011/11/02,12.70,13.04,12.57,12.98,10392300,221737488.00
2011/11/03,13.05,13.44,13.02,13.24,19580158,434150176.00
2011/11/04,13.48,13.81,13.45,13.55,19989775,455851264.00
2011/11/07,13.53,13.74,13.37,13.65,11412551,259469680.00
2011/11/08,13.87,13.99,13.59,13.59,15522830,359387808.00
2011/11/09,13.65,13.73,13.47,13.63,8199140,187061152.00
2011/11/10,13.44,13.50,13.30,13.37,8878339,199225584.00
2011/11/11,13.28,13.44,13.19,13.31,6921114,154602944.00
2011/11/14,13.50,13.94,13.47,13.82,19117441,442818784.00
2011/11/15,13.81,13.86,13.66,13.75,8578821,198213872.00
2011/11/16,13.76,13.84,13.46,13.48,10325349,235653840.00
2011/11/17,13.48,13.57,13.34,13.39,6732840,151844944.00
2011/11/18,13.13,13.25,12.91,12.98,9325628,204694736.00
2011/11/21,12.92,13.06,12.86,12.93,4344284,94184992.00
2011/11/22,12.79,12.91,12.64,12.87,5212305,111555472.00
2011/11/23,12.91,13.04,12.83,12.84,3604327,77888136.00
2011/11/24,12.68,12.84,12.57,12.73,4142757,87918296.00
2011/11/25,12.63,12.95,12.63,12.78,3566547,76394072.00
2011/11/28,12.88,12.94,12.73,12.82,3656324,78450112.00
2011/11/29,12.96,13.05,12.92,13.04,6190925,134682480.00
2011/11/30,13.08,13.11,12.68,12.70,8575531,184307232.00
2011/12/01,13.18,13.33,12.85,13.05,15025376,331756480.00
2011/12/02,12.95,13.33,12.91,13.25,9957858,218917392.00
2011/12/05,13.28,13.39,13.08,13.16,11139710,247022336.00
2011/12/06,13.01,13.10,12.57,12.73,10988773,234178944.00
2011/12/07,12.73,12.91,12.68,12.76,4297164,91878808.00
2011/12/08,12.74,12.91,12.64,12.77,4776233,102210840.00
2011/12/09,12.56,12.75,12.52,12.74,3300243,69932440.00
2011/12/12,12.74,12.77,12.62,12.63,3531455,74898792.00
2011/12/13,12.48,12.48,11.99,12.10,8069803,163810144.00
2011/12/14,12.03,12.07,11.78,11.83,6057981,120357512.00
2011/12/15,11.50,11.50,11.04,11.08,9889401,183841040.00
2011/12/16,11.10,11.38,11.01,11.27,6220611,115364848.00
2011/12/19,11.35,11.35,10.86,11.14,6827468,124763352.00
2011/12/20,11.09,11.22,11.02,11.13,5234867,96606520.00
2011/12/21,11.25,11.31,10.99,11.01,4442926,82539448.00
2011/12/22,10.86,10.93,10.64,10.73,6738204,120014144.00
2011/12/23,10.70,10.98,10.65,10.88,4365768,78393288.00
2011/12/26,10.85,10.98,10.74,10.79,3112056,55941356.00
2011/12/27,10.70,10.90,10.68,10.70,3190540,56772420.00
2011/12/28,10.65,10.76,10.52,10.69,4331851,76039992.00
2011/12/29,10.56,10.60,10.39,10.44,7930870,137127040.00
2011/12/30,10.53,10.61,10.43,10.60,11161793,193914544.00
2012/01/04,10.76,10.81,10.42,10.43,8285960,145372288.00
2012/01/05,10.43,10.59,10.12,10.18,7740998,132345528.00
2012/01/06,10.19,10.28,9.98,10.27,4795883,79958064.00
2012/01/09,10.27,10.82,10.24,10.78,11272704,197770032.00
2012/01/10,10.85,11.44,10.78,11.43,18336532,335696992.00
2012/01/11,11.44,11.64,11.26,11.44,12711345,242081216.00
2012/01/12,11.47,11.75,11.38,11.69,14293099,275323456.00
2012/01/13,11.75,11.82,11.45,11.65,12008632,231971344.00
2012/01/16,11.47,11.60,11.33,11.44,8287154,157740096.00
2012/01/17,11.51,12.52,11.44,12.52,18901850,382965632.00
2012/01/18,12.68,13.02,12.50,12.51,20859334,443835776.00
2012/01/19,12.46,13.69,12.46,13.69,51992554,1175724800.00
2012/01/20,13.55,13.69,13.26,13.39,31602113,710548928.00
2012/01/30,13.69,14.01,13.51,13.51,35900101,828890624.00
2012/01/31,13.37,13.58,13.26,13.43,13488928,302590272.00
2012/02/01,13.39,13.53,12.66,12.82,25281009,553289088.00
2012/02/02,12.95,13.25,12.81,13.22,17420474,379846080.00
2012/02/03,13.31,13.51,13.13,13.37,17875366,400645536.00
2012/02/06,13.25,13.38,13.08,13.25,14224186,314875168.00
2012/02/07,13.09,13.15,12.74,13.06,13450354,291747136.00
2012/02/08,13.13,13.90,13.11,13.70,30744464,696222592.00
2012/02/09,13.57,13.79,13.41,13.58,18453868,420493280.00
2012/02/10,13.51,13.70,13.42,13.50,12367539,281214912.00
2012/02/13,13.30,13.76,13.25,13.56,12042889,273840832.00
2012/02/14,13.51,13.64,13.41,13.44,9886723,223679728.00
2012/02/15,13.44,13.76,13.40,13.56,15426363,352106464.00
2012/02/16,13.51,13.57,13.23,13.33,16832862,377748832.00
2012/02/17,13.43,13.53,13.26,13.34,7288242,163586816.00
2012/02/20,13.51,13.89,13.42,13.64,23613481,541846784.00
2012/02/21,13.69,13.73,13.38,13.72,15359269,349998368.00
2012/02/22,14.04,14.21,13.82,13.92,23910985,562327936.00
2012/02/23,14.08,14.22,13.93,14.04,22620385,535177248.00
2012/02/24,14.09,14.17,13.99,14.13,19394168,459472320.00
2012/02/27,14.08,14.31,14.03,14.10,26175622,623363520.00
2012/02/28,14.07,14.09,13.80,13.97,18651533,436685600.00
2012/02/29,14.05,14.43,13.87,14.21,29882034,716208832.00
2012/03/01,13.70,14.00,13.58,13.87,19031793,442102752.00
2012/03/02,13.87,14.00,13.78,13.93,16722401,389824864.00
2012/03/05,13.86,13.98,13.74,13.76,13731775,318399808.00
2012/03/06,13.69,13.69,13.27,13.33,20856942,470758816.00
2012/03/07,13.08,13.24,12.99,13.09,14101579,309289792.00
2012/03/08,13.18,13.40,13.18,13.34,11816918,263585264.00
2012/03/09,13.46,13.57,13.36,13.47,11184527,252827648.00
2012/03/12,13.47,13.47,13.22,13.39,13513159,302224608.00
2012/03/13,13.39,13.59,13.23,13.53,15411623,346871712.00
2012/03/14,13.46,13.67,13.13,13.16,26075753,587152832.00
2012/03/15,12.94,13.08,12.73,12.82,19819147,427845152.00
2012/03/16,12.86,13.07,12.77,12.92,14367961,310451424.00
2012/03/19,12.91,13.08,12.77,13.07,14515705,313570624.00
2012/03/20,13.00,13.02,12.82,12.86,10605677,229077296.00
2012/03/21,12.87,13.13,12.79,12.99,15476810,336803040.00
2012/03/22,12.94,13.22,12.89,13.12,13604655,298437120.00
2012/03/23,12.97,13.02,12.74,12.78,10461738,225005824.00
2012/03/26,12.86,12.95,12.74,12.79,6702790,143760624.00
2012/03/27,13.02,13.27,13.02,13.03,15375767,338421568.00
2012/03/28,12.94,13.12,12.79,12.85,12567620,271709408.00
2012/03/29,12.57,12.78,12.51,12.56,10672406,225156368.00
2012/03/30,12.57,12.68,12.01,12.29,10582113,216674800.00
2012/04/05,12.09,12.45,11.83,12.43,11302081,229518784.00
2012/04/06,12.44,12.58,12.34,12.56,9026453,187714464.00
2012/04/09,12.59,12.91,12.46,12.77,12174228,259914736.00
2012/04/10,12.77,13.00,12.68,12.96,10194584,219189232.00
2012/04/11,12.85,13.53,12.81,13.48,25457988,569479040.00
2012/04/12,13.50,13.56,13.30,13.52,16242932,366408928.00
2012/04/25,13.53,14.43,13.35,13.82,27452861,643021248.00
2012/04/26,13.71,13.95,13.63,13.72,11702891,270122080.00
2012/04/27,13.73,14.05,13.70,13.74,12168482,283800448.00
2012/05/02,13.92,14.38,13.76,14.14,21872919,517399296.00
2012/05/03,14.04,14.12,13.91,13.92,12701234,298210176.00
2012/05/04,13.83,13.96,13.64,13.92,13884997,321704512.00
2012/05/07,13.82,14.20,13.78,14.14,15411533,362944416.00
2012/05/08,14.09,14.16,13.92,14.03,10774226,253885504.00
2012/05/09,13.76,13.76,13.56,13.60,13788501,315237600.00
2012/05/10,13.47,13.70,13.42,13.63,6217686,142184592.00
2012/05/11,13.63,13.66,13.40,13.42,7912177,178895312.00
2012/05/14,13.50,13.52,13.07,13.09,10766520,239839232.00
2012/05/15,12.91,13.08,12.86,13.07,8780233,190199760.00
2012/05/16,13.01,13.40,12.95,13.17,8252334,182373360.00
2012/05/17,13.16,13.46,13.14,13.38,7793146,173670256.00
2012/05/18,13.45,13.79,13.45,13.53,16453868,376658752.00
2012/05/21,13.60,13.76,13.57,13.65,10800754,247811504.00
2012/05/22,13.64,13.66,13.50,13.63,6761582,154163904.00
2012/05/23,13.47,13.50,13.18,13.35,9305156,208262720.00
2012/05/24,13.25,13.40,13.20,13.32,5065215,113060784.00
2012/05/25,13.33,13.38,13.21,13.32,4073092,90629936.00
2012/05/28,13.33,13.68,13.16,13.65,9456399,213009824.00
2012/05/29,13.57,13.91,13.53,13.86,19612112,454415488.00
2012/05/30,13.71,13.81,13.65,13.75,8571238,197626976.00
2012/05/31,13.76,13.95,13.72,13.78,8986032,208897360.00
2012/06/01,13.75,13.90,13.70,13.74,9232129,214428624.00
2012/06/04,14.21,14.32,13.74,13.85,26136268,616011136.00
2012/06/05,13.78,14.04,13.47,13.78,13217322,303806208.00
2012/06/06,13.84,14.65,13.84,14.34,45917591,1106856960.00
2012/06/07,14.40,14.56,14.15,14.17,23383339,563742144.00
2012/06/08,13.99,13.99,13.64,13.77,18372666,425729376.00
2012/06/11,13.86,14.14,13.77,13.99,10290142,242295040.00
2012/06/12,13.92,14.10,13.82,13.95,6642247,155783168.00
2012/06/13,14.07,14.21,13.99,14.17,9475317,225035184.00
2012/06/14,14.17,14.32,14.09,14.11,8637631,206176256.00
2012/06/15,14.16,14.25,13.90,14.15,7562579,179372112.00
2012/06/18,14.13,14.30,14.08,14.18,7652177,182641216.00
2012/06/19,14.21,14.29,14.12,14.28,9348816,223781264.00
2012/06/20,14.21,14.30,14.11,14.18,7193043,171958512.00
2012/06/21,14.03,14.07,13.64,13.79,13550186,314302720.00
2012/06/25,13.61,13.61,13.16,13.24,10592388,238583504.00
2012/06/27,13.31,13.38,13.03,13.11,10362510,228775680.00
2012/06/28,13.17,13.21,12.73,12.74,7726960,167444784.00
2012/06/29,12.57,12.87,12.40,12.86,10325054,217643936.00
2012/07/02,13.04,13.11,12.85,12.90,7843224,169937424.00
2012/07/03,12.90,13.12,12.89,12.99,4858257,105687216.00
2012/07/04,13.11,13.25,12.96,13.05,4631555,101487376.00
2012/07/05,12.96,13.02,12.68,12.88,5583568,119443720.00
2012/07/06,12.88,13.24,12.68,13.16,6705046,145309680.00
2012/07/09,12.89,13.13,12.74,12.81,6798931,147059744.00
2012/07/10,12.81,12.83,12.51,12.67,6331079,133789200.00
2012/07/11,12.57,12.73,12.49,12.61,5359129,112762760.00
2012/07/12,12.62,12.85,12.30,12.72,10338059,216731616.00
2012/07/13,12.63,12.83,12.61,12.74,5043342,107541920.00
2012/07/16,12.88,12.90,12.50,12.55,6751621,142917808.00
2012/07/17,12.51,12.82,12.50,12.81,8384456,178152432.00
2012/07/18,12.74,12.79,12.52,12.69,7025018,147992448.00
2012/07/19,12.58,12.82,12.57,12.72,6465009,137622272.00
2012/07/20,12.68,12.83,12.56,12.63,4441487,94089288.00
2012/07/23,12.57,12.67,12.44,12.51,3865152,81030456.00
2012/07/24,12.46,12.61,12.43,12.53,2916008,61012048.00
2012/07/25,12.48,12.67,12.46,12.54,3366854,70787720.00
2012/07/26,12.66,12.82,12.61,12.67,7463516,158805776.00
2012/07/27,12.75,12.86,12.67,12.82,7055495,150973024.00
2012/07/30,12.81,12.96,12.68,12.70,6598921,141743760.00
2012/07/31,12.75,12.96,12.69,12.89,8937267,192529648.00
2012/08/01,12.82,13.05,12.79,13.01,7780724,168657840.00
2012/08/02,12.89,12.94,12.73,12.78,4418506,94847000.00
2012/08/03,12.85,12.94,12.72,12.91,4544836,97542208.00
2012/08/06,12.94,13.18,12.94,13.12,7979726,174708256.00
2012/08/07,13.07,13.52,13.05,13.35,12387908,278527872.00
2012/08/08,13.33,13.51,13.22,13.27,7187282,160885312.00
2012/08/09,13.29,13.31,13.17,13.30,8939961,198320160.00
2012/08/10,13.28,13.28,13.03,13.04,6378687,140164768.00
2012/08/13,12.91,13.12,12.85,12.90,6830612,148577760.00
2012/08/14,12.87,13.08,12.77,13.05,5442802,117516704.00
2012/08/15,13.04,13.11,12.87,12.98,4367918,94824024.00
2012/08/16,12.95,13.07,12.92,12.95,2982878,64832256.00
2012/08/17,13.05,13.18,13.02,13.10,5612979,123016160.00
2012/08/20,13.19,13.33,13.12,13.23,9036780,200230336.00
2012/08/21,13.36,13.91,13.26,13.60,19793513,302626496.00
2012/08/22,13.60,13.66,13.38,13.43,16709247,251471392.00
2012/08/23,13.66,13.73,13.52,13.68,34908261,531119808.00
2012/08/24,13.69,13.90,13.57,13.58,24114343,369678656.00
2012/08/27,13.58,13.78,13.54,13.56,19017470,290295584.00
2012/08/28,13.48,13.65,13.31,13.52,12884398,194034080.00
2012/08/29,13.36,13.44,13.18,13.22,13202900,195599120.00
2012/08/30,13.16,13.20,12.61,12.84,12842355,184925104.00
2012/08/31,12.81,12.98,12.52,12.66,11970489,169607920.00
2012/09/03,12.89,13.50,12.88,13.22,27008830,398088704.00
2012/09/04,13.30,13.31,13.08,13.11,11606263,170591472.00
2012/09/05,12.99,13.56,12.99,13.33,23125797,344206816.00
2012/09/06,13.33,13.49,13.23,13.46,12989896,193891232.00
2012/09/07,13.46,14.25,13.44,13.81,43205452,664429696.00
2012/09/10,14.25,14.26,13.88,13.93,37766097,592959616.00
2012/09/11,13.78,14.20,13.66,14.04,26894146,421690432.00
2012/09/12,14.12,14.35,13.94,14.13,25369505,401537216.00
2012/09/13,14.11,14.11,13.73,13.75,20563896,320427136.00
2012/09/14,14.36,14.90,14.21,14.62,92380165,1504277504.00
2012/09/17,14.70,15.24,14.46,15.00,80728769,1353276544.00
2012/09/18,14.72,14.92,14.43,14.62,39789165,654651776.00
2012/09/19,14.66,15.89,14.57,15.81,83196323,1420331776.00
2012/09/20,15.69,16.06,15.31,15.50,88382705,1565554816.00
2012/09/21,15.51,16.41,15.51,16.20,93573584,1694524032.00
2012/09/24,15.80,16.10,15.65,16.07,53220586,950284672.00
2012/09/25,15.92,15.99,15.32,15.39,52841786,923581568.00
2012/09/26,15.27,15.38,14.63,14.83,48487002,813485760.00
2012/09/27,14.68,15.63,14.65,15.40,58714748,1002657280.00
2012/09/28,15.58,16.34,15.50,16.15,89061578,1605166080.00
2012/10/08,15.96,15.96,15.48,15.70,50448660,890007232.00
2012/10/09,15.86,15.99,15.59,15.81,40066361,711924224.00
2012/10/10,15.43,15.86,15.31,15.74,45145159,788095744.00
2012/10/11,15.56,15.91,15.42,15.61,34253659,604546112.00
2012/10/12,15.69,15.81,15.22,15.35,32756754,568568128.00
2012/10/15,14.94,14.97,14.77,14.92,31106804,519513984.00
2012/10/16,14.85,15.11,14.77,15.00,19713622,331436384.00
2012/10/17,15.14,15.39,15.02,15.20,18542095,317252864.00
2012/10/18,15.21,15.27,15.05,15.24,23351138,397491872.00
2012/10/19,15.12,15.19,14.97,15.00,19712788,332775616.00
2012/10/22,14.76,15.04,14.65,14.95,17607439,292925952.00
2012/10/23,14.93,15.27,14.89,15.00,18284250,309608000.00
2012/10/24,14.83,15.00,14.75,14.82,14460577,240777200.00
2012/10/25,14.80,14.93,14.50,14.91,20985024,346414336.00
2012/10/26,14.93,14.93,14.37,14.44,20583452,336181632.00
2012/10/29,14.46,14.70,14.43,14.49,11993856,195499328.00
2012/10/30,14.26,14.51,14.16,14.21,20699572,330569920.00
2012/10/31,14.27,14.30,13.95,14.12,15207978,239373552.00
2012/11/01,14.23,14.44,14.21,14.44,23432682,376124704.00
2012/11/02,14.36,14.48,14.22,14.38,16610325,266494832.00
2012/11/05,14.04,14.11,13.88,14.08,19562904,306389728.00
2012/11/06,14.13,14.39,13.91,14.34,20976183,332676736.00
2012/11/07,14.53,14.94,14.44,14.74,37322232,613035584.00
2012/11/08,14.50,14.66,14.29,14.32,18548037,300831328.00
2012/11/09,14.44,14.64,14.30,14.38,16474432,266770176.00
2012/11/12,14.38,14.47,14.11,14.39,12914104,206436032.00
2012/11/13,14.21,14.26,14.00,14.01,10845362,170813888.00
2012/11/14,14.00,14.14,13.94,14.08,8912469,139710192.00
2012/11/15,13.94,14.09,13.89,13.90,8191241,128120904.00
2012/11/16,13.82,13.82,13.43,13.55,17344634,261870192.00
2012/11/19,13.53,13.66,13.47,13.62,8978959,136136672.00
2012/11/20,13.80,13.85,13.61,13.61,8988467,137558816.00
2012/11/21,13.53,13.72,13.43,13.64,9403547,142253408.00
2012/11/22,13.65,13.75,13.56,13.60,6176089,94142664.00
2012/11/23,13.65,13.72,13.53,13.60,8037517,122399776.00
2012/11/26,13.77,14.08,13.72,13.93,21962361,341462976.00
2012/11/27,14.00,14.26,13.91,13.95,20089794,316546112.00
2012/11/28,13.78,13.80,13.36,13.51,14032323,211987040.00
2012/11/29,13.31,13.57,13.11,13.14,14530729,215674944.00
2012/11/30,13.20,13.43,13.19,13.40,10301608,152787552.00
2012/12/03,13.27,13.34,13.02,13.20,10089369,148712192.00
2012/12/04,13.09,13.17,12.72,13.07,12496761,180036032.00
2012/12/05,12.89,13.70,12.82,13.46,18228809,271544832.00
2012/12/06,13.29,13.49,13.09,13.20,14777520,218438144.00
2012/12/07,13.26,13.60,13.26,13.55,23309517,350235040.00
2012/12/10,13.55,13.75,13.53,13.69,17493475,267004768.00
2012/12/11,13.71,13.74,13.57,13.59,13581792,207174736.00
2012/12/12,13.61,14.27,13.57,14.27,36853468,575939712.00
2012/12/13,14.12,14.12,13.83,13.86,24587372,383904288.00
2012/12/14,13.72,14.26,13.68,14.19,34904122,550764160.00
2012/12/17,14.21,14.46,14.05,14.23,29964163,478949248.00
2012/12/18,14.23,14.52,14.23,14.40,26220041,422735488.00
2012/12/19,14.16,14.29,13.94,14.17,27440611,431515296.00
2012/12/20,14.04,14.19,13.83,14.16,24308029,380572032.00
2012/12/21,13.95,14.16,13.89,13.97,22282199,348917472.00
2012/12/24,14.00,14.16,13.91,14.15,17083030,268041248.00
2012/12/25,14.05,14.42,13.95,14.29,32055461,511707616.00
2012/12/26,14.30,15.04,14.27,14.69,48280964,793425216.00
2012/12/27,14.69,14.78,14.45,14.63,35769235,584957888.00
2012/12/28,14.66,14.86,14.57,14.72,27608832,456540000.00
2012/12/31,14.72,14.89,14.71,14.83,28284458,469953440.00
2013/01/04,14.89,14.89,14.33,14.45,42659698,694770880.00
2013/01/07,14.43,14.44,14.30,14.41,19967731,321181440.00
2013/01/08,14.38,14.39,14.16,14.39,25602761,409554784.00
2013/01/09,14.39,14.55,14.30,14.41,21850045,353084224.00
2013/01/10,14.33,14.72,14.30,14.64,35293739,574046016.00
2013/01/11,14.76,14.85,14.22,14.23,33282886,539655424.00
2013/01/14,14.11,14.56,14.04,14.52,35181942,565400064.00
2013/01/15,14.47,14.84,14.45,14.77,50440947,830456192.00
2013/01/16,14.85,15.13,14.76,15.05,66730308,1121361024.00
2013/01/17,15.05,15.06,14.70,14.74,31987598,532929792.00
2013/01/18,14.92,15.05,14.72,14.96,30633772,513034528.00
2013/01/21,14.97,15.11,14.72,14.90,26940975,450413408.00
2013/01/22,14.91,14.93,14.59,14.66,25741452,424248832.00
2013/01/23,14.72,14.77,14.42,14.61,16682217,272435936.00
2013/01/24,14.47,14.67,14.13,14.18,31963633,514093088.00
2013/01/25,14.05,14.33,14.04,14.23,15523960,246840064.00
2013/01/28,14.22,14.37,14.16,14.36,22355278,357630112.00
2013/01/29,14.39,14.61,14.24,14.55,33092551,533942400.00
2013/01/30,14.51,14.53,14.26,14.37,23811752,383272448.00
2013/01/31,14.51,14.76,14.46,14.53,36179351,592774528.00
2013/02/01,14.36,14.44,14.25,14.42,22177435,356308800.00
2013/02/04,14.44,14.94,14.29,14.80,56752394,933312896.00
2013/02/05,14.68,15.02,14.63,14.85,38998405,650054656.00
2013/02/06,14.89,15.00,14.76,14.85,27876150,465160192.00
2013/02/07,14.89,15.11,14.80,15.01,48424989,815076096.00
2013/02/08,14.89,15.01,14.80,14.92,28617489,479008192.00
2013/02/18,14.42,14.52,14.27,14.36,59252368,954327616.00
2013/02/19,14.36,14.41,14.11,14.19,30539458,486793568.00
2013/02/20,14.07,14.27,14.07,14.22,20298000,322208320.00
2013/02/21,13.95,13.95,13.48,13.58,46726211,712735872.00
2013/02/22,13.65,13.74,13.59,13.67,23700747,361297056.00
2013/02/25,13.68,13.73,13.60,13.66,16056089,244703040.00
2013/02/26,13.72,13.81,13.49,13.51,24000759,366082080.00
2013/02/27,13.70,13.76,13.54,13.61,14669870,223417568.00
2013/02/28,13.55,13.74,13.46,13.71,22409788,340496480.00
2013/03/01,13.61,13.66,13.48,13.66,21782632,329932480.00
2013/03/04,13.61,13.65,13.28,13.36,24629863,370287040.00
2013/03/05,13.38,13.53,13.38,13.52,15402959,231464368.00
2013/03/06,13.56,13.59,13.44,13.55,20103688,302720896.00
2013/03/07,13.51,13.72,13.43,13.68,25040682,379825472.00
2013/03/08,13.66,13.66,13.47,13.50,15168497,229187392.00
2013/03/11,13.50,13.62,13.45,13.54,12104331,182609104.00
2013/03/12,13.53,13.61,13.27,13.39,17669612,265018512.00
2013/03/13,13.44,13.57,13.38,13.41,13615418,204566928.00
2013/03/14,13.40,13.52,13.17,13.19,17303834,256549520.00
2013/03/15,13.22,13.32,13.03,13.08,15694268,229811536.00
2013/03/18,13.10,13.19,12.95,12.98,12098073,176071584.00
2013/03/19,13.10,13.15,12.98,13.11,10254095,149318048.00
2013/03/20,13.17,13.34,13.11,13.34,16449254,242847360.00
2013/03/21,13.27,13.34,13.21,13.25,13111874,194126208.00
2013/03/22,13.28,13.36,13.24,13.33,10583500,157106272.00
2013/03/25,13.27,13.33,13.16,13.23,10002440,147590416.00
2013/03/26,13.19,13.19,12.96,13.00,13313145,192995232.00
2013/03/27,13.00,13.05,12.81,12.85,16949603,243582416.00
2013/03/28,12.88,13.19,12.83,13.00,23032825,333975776.00
2013/03/29,12.89,12.90,12.75,12.78,12292423,175153296.00
2013/04/01,12.59,12.59,12.22,12.48,16491613,227354528.00
2013/04/02,12.49,12.69,12.46,12.53,9495055,132479704.00
2013/04/03,12.38,12.50,12.27,12.40,11145127,153150608.00
2013/04/08,12.39,12.76,12.31,12.71,19976184,280605696.00
2013/04/09,12.66,12.81,12.57,12.71,13119674,184981280.00
2013/04/10,12.78,12.92,12.72,12.77,13158791,187369280.00
2013/04/11,12.56,12.66,12.52,12.53,12323328,172420672.00
2013/04/12,12.55,12.58,12.45,12.48,6624737,91972432.00
2013/04/15,11.76,11.98,11.58,11.69,38178609,496588512.00
2013/04/16,11.00,11.40,10.82,11.33,40820635,499914976.00
2013/04/17,11.24,11.33,11.16,11.19,21722824,268888960.00
2013/04/18,11.07,11.22,10.99,11.16,14398648,176480176.00
2013/04/19,11.22,11.48,11.21,11.44,26879364,337113664.00
2013/04/22,11.33,11.44,11.24,11.43,17185997,215261824.00
2013/04/23,11.43,11.47,11.03,11.06,20076198,247869568.00
2013/04/24,11.06,11.23,11.06,11.16,12742570,156362624.00
2013/04/25,11.22,11.37,11.21,11.25,16744428,208348960.00
2013/04/26,11.45,11.58,11.31,11.40,22206329,280346784.00
2013/05/02,11.32,11.32,11.00,11.08,15950412,194503248.00
2013/05/03,11.16,11.26,11.07,11.19,14734119,181925600.00
2013/05/06,11.19,11.37,11.14,11.31,15015212,186956832.00
2013/05/07,11.31,11.46,11.14,11.26,17705423,220761840.00
2013/05/08,11.17,11.33,11.14,11.20,14264646,176032848.00
2013/05/09,11.24,11.27,11.17,11.22,12159858,150614048.00
2013/05/10,11.16,11.23,11.12,11.20,9738009,119938112.00
2013/05/13,11.09,11.13,10.98,11.04,16481500,200293568.00
2013/05/14,11.03,11.03,10.83,10.89,13534448,162260512.00
2013/05/15,10.86,10.86,10.72,10.76,18116090,214375120.00
2013/05/16,10.64,10.73,10.48,10.72,25386466,295240416.00
2013/05/17,10.62,10.84,10.59,10.80,25407251,298678432.00
2013/05/20,10.70,11.06,10.62,11.00,37952203,452488480.00
2013/05/21,11.05,11.09,10.88,11.03,26885424,325390912.00
2013/05/22,10.99,11.02,10.90,11.00,18775411,226382016.00
2013/05/23,10.92,10.95,10.84,10.94,16983174,203679168.00
2013/05/24,10.95,11.03,10.93,10.99,17023151,205633360.00
2013/05/27,10.95,10.96,10.81,10.86,14667848,175550864.00
2013/05/28,10.86,11.22,10.75,11.16,41084831,499298784.00
2013/05/29,11.14,11.18,11.04,11.11,22103167,270625376.00
2013/05/30,11.13,11.29,11.11,11.26,32038654,396374464.00
2013/05/31,11.36,11.42,11.16,11.16,21251264,264503776.00
2013/06/03,11.07,11.11,10.93,10.97,20266960,245216640.00
2013/06/04,11.03,11.06,10.90,10.92,13410796,161980896.00
2013/06/05,10.93,10.94,10.75,10.78,17284128,205553312.00
2013/06/06,10.73,10.84,10.71,10.73,12629951,149493968.00
2013/06/07,10.77,10.83,10.56,10.64,11764290,138140960.00
2013/06/13,10.52,10.61,10.22,10.31,13727881,155477600.00
2013/06/14,10.27,10.34,10.27,10.33,10092847,114011320.00
2013/06/17,10.33,10.42,10.22,10.28,7528747,84982320.00
2013/06/18,10.29,10.32,10.14,10.19,9884984,110493440.00
2013/06/19,10.14,10.14,9.80,9.94,14625978,158039568.00
2013/06/20,9.81,9.81,9.47,9.48,17633262,185276432.00
2013/06/21,9.16,9.80,8.96,9.66,24016092,245395648.00
2013/06/24,9.47,9.55,9.01,9.05,17996589,180832464.00
2013/06/25,8.95,9.03,8.23,8.79,22967944,215948352.00
2013/06/26,8.74,8.79,8.53,8.68,14477990,134996368.00
2013/06/27,8.53,8.72,8.53,8.61,17510379,163017984.00
2013/06/28,8.42,8.69,8.28,8.61,16299702,150190192.00
2013/07/01,8.70,8.79,8.52,8.55,22944805,213574432.00
2013/07/02,8.66,8.69,8.54,8.61,11476045,106542536.00
2013/07/03,8.58,8.87,8.47,8.77,23449065,220415808.00
2013/07/04,8.73,8.97,8.55,8.83,23379251,221931168.00
2013/07/05,8.83,9.16,8.71,8.95,22912733,218571040.00
2013/07/08,8.72,8.74,8.52,8.54,16333495,149440352.00
2013/07/09,8.57,8.70,8.56,8.64,12219144,111907400.00
2013/07/10,8.58,8.78,8.50,8.77,22154010,203137680.00
2013/07/11,9.00,9.34,8.89,9.25,45209857,440034560.00
2013/07/12,9.23,9.25,8.92,8.96,26728501,259509456.00
2013/07/15,8.95,9.21,8.94,9.02,14200537,137044544.00
2013/07/16,9.02,9.02,8.83,8.91,17831120,168828416.00
2013/07/17,8.92,9.05,8.85,8.87,14385994,137298096.00
2013/07/18,8.78,8.80,8.61,8.61,16425009,151192016.00
2013/07/19,8.61,8.72,8.50,8.51,13345971,121604608.00
2013/07/22,8.62,8.88,8.54,8.83,19959990,185595296.00
2013/07/23,8.99,9.16,8.90,8.95,27878623,269019296.00
2013/07/24,8.97,9.04,8.75,8.83,15497181,145975504.00
2013/07/25,8.72,8.87,8.67,8.72,12701085,118001104.00
2013/07/26,8.73,8.80,8.70,8.75,7984162,74233672.00
2013/07/29,8.71,8.71,8.54,8.58,10785305,98180064.00
2013/07/30,8.61,8.71,8.53,8.58,14100986,128867360.00
2013/07/31,8.56,8.69,8.56,8.61,9297627,85168448.00
2013/08/01,8.65,8.75,8.61,8.71,13064891,120522600.00
2013/08/02,8.68,8.82,8.62,8.64,16796470,154929024.00
2013/08/05,8.66,8.73,8.60,8.72,12976612,119652560.00
2013/08/06,8.70,8.72,8.62,8.70,14162839,130483680.00
2013/08/07,8.63,8.73,8.61,8.66,12915412,118823792.00
2013/08/08,8.67,8.72,8.64,8.67,10455006,96319200.00
2013/08/09,8.79,9.00,8.74,8.92,39234882,369625312.00
2013/08/12,8.99,9.32,8.83,9.23,51924114,505275808.00
2013/08/13,9.27,9.29,9.10,9.19,23848531,234057584.00
2013/08/14,9.08,9.16,9.00,9.05,21107787,204547680.00
2013/08/15,9.11,9.33,9.11,9.13,29462911,289906432.00
2013/08/16,9.35,9.86,9.18,9.24,52250079,523064736.00
2013/08/19,9.27,9.33,9.14,9.27,18688037,184675312.00
2013/08/20,9.17,9.22,8.99,9.00,21163203,205513904.00
2013/08/21,9.08,9.11,8.96,9.05,10765625,103722000.00
2013/08/22,8.96,9.05,8.93,8.94,11704168,111845392.00
2013/08/23,8.97,9.03,8.82,8.89,12287359,116727992.00
2013/08/26,9.01,9.17,9.01,9.13,19040298,185472144.00
2013/08/27,9.13,9.32,9.13,9.31,23371923,231104000.00
2013/08/28,9.55,10.16,9.55,10.16,93363047,1004819712.00
2013/08/29,10.40,10.40,9.94,9.97,67444465,734977408.00
2013/08/30,9.94,9.94,9.65,9.79,39586497,414834368.00
2013/09/02,9.76,10.06,9.51,10.05,39643001,421683104.00
2013/09/03,9.89,9.92,9.76,9.84,29382225,310472576.00
2013/09/04,10.03,10.07,9.87,9.95,37825193,406216192.00
2013/09/05,9.77,9.77,9.64,9.70,27359907,285038944.00
2013/09/06,9.55,9.80,9.51,9.79,21870559,227183520.00
2013/09/09,9.82,9.94,9.67,9.92,33742489,356339328.00
2013/09/10,9.85,9.85,9.71,9.80,29381392,308674304.00
2013/09/11,9.65,9.76,9.55,9.69,38779601,402337376.00
2013/09/12,9.64,9.64,9.51,9.53,30661496,314545248.00
2013/09/13,9.39,9.46,9.34,9.42,27990029,281641568.00
2013/09/16,9.47,9.55,9.41,9.42,21336432,216521552.00
2013/09/17,9.41,9.41,9.12,9.16,31569340,310798400.00
2013/09/18,9.09,9.24,8.99,9.17,22776571,220579008.00
2013/09/23,9.26,9.29,9.21,9.29,20079707,198688880.00
2013/09/24,9.30,9.30,9.10,9.13,15612877,152881232.00
2013/09/25,9.13,9.22,9.05,9.17,15212668,148228272.00
2013/09/26,9.22,9.24,9.07,9.09,13983329,136529008.00
2013/09/27,9.08,9.08,8.97,9.04,10045389,96635168.00
2013/09/30,9.05,9.16,9.05,9.14,10739788,104535896.00
2013/10/08,9.11,9.22,8.99,9.20,15298585,148556256.00
2013/10/09,9.12,9.18,9.10,9.17,11898852,116134352.00
2013/10/10,9.11,9.11,8.99,9.02,15944597,153535952.00
2013/10/11,9.00,9.07,8.87,9.04,19803203,189550816.00
2013/10/14,8.92,8.96,8.89,8.95,16877817,160474848.00
2013/10/15,8.95,9.04,8.90,9.00,16207898,155160960.00
2013/10/16,8.95,9.33,8.90,9.27,42014245,411012832.00
2013/10/17,9.20,9.20,8.96,9.03,22978845,221834736.00
2013/10/18,9.31,9.33,9.09,9.13,20540145,201967824.00
2013/10/21,9.07,9.22,8.95,9.15,19627295,189914576.00
2013/10/22,9.11,9.11,9.01,9.06,12935304,124731592.00
2013/10/23,9.19,9.24,9.05,9.06,18224987,177534144.00
2013/10/24,9.00,9.04,8.94,8.96,11284622,107927112.00
2013/10/25,8.99,9.03,8.83,8.83,12133004,115051512.00
2013/10/28,8.85,8.90,8.73,8.77,8995769,84368320.00
2013/10/29,8.78,8.87,8.58,8.67,15082069,139782432.00
2013/10/30,8.66,8.72,8.60,8.71,9529910,87817280.00
2013/10/31,8.66,8.67,8.58,8.64,9827876,89996824.00
2013/11/01,8.65,8.68,8.59,8.66,6323959,58005896.00
2013/11/04,8.62,8.68,8.62,8.63,6254299,57383180.00
2013/11/05,8.64,8.66,8.58,8.65,7795407,71238288.00
2013/11/06,8.62,8.66,8.59,8.60,7061879,64551168.00
2013/11/07,8.61,8.69,8.60,8.66,9309204,85489264.00
2013/11/08,8.61,8.66,8.58,8.59,7452059,68107936.00
2013/11/11,8.50,8.53,8.41,8.50,10176808,91330936.00
2013/11/12,8.50,8.60,8.45,8.59,8624727,77932040.00
2013/11/13,8.51,8.55,8.46,8.49,7799716,70167968.00
2013/11/14,8.55,8.60,8.49,8.56,8474594,76727144.00
2013/11/15,8.61,8.70,8.60,8.66,12656572,116295624.00
2013/11/18,8.66,8.77,8.61,8.76,16289609,150209984.00
2013/11/19,8.72,8.73,8.65,8.69,11726046,108160104.00
2013/11/20,8.75,8.75,8.66,8.69,7984727,73663184.00
2013/11/21,8.61,8.61,8.55,8.58,12803698,116339896.00
2013/11/22,8.56,8.77,8.54,8.70,21471523,197615968.00
2013/11/25,8.59,8.64,8.55,8.58,13298258,121254600.00
2013/11/26,8.59,8.63,8.54,8.59,7395433,67274808.00
2013/11/27,8.58,8.59,8.54,8.58,11376474,103231632.00
2013/11/28,8.57,8.72,8.54,8.66,24451545,224471248.00
2013/11/29,8.63,8.65,8.60,8.61,11960332,109332128.00
2013/12/02,8.59,8.64,8.50,8.52,17452835,158113520.00
2013/12/03,8.44,8.53,8.41,8.53,10130026,90970736.00
2013/12/04,8.50,8.59,8.47,8.58,15114151,137081792.00
2013/12/05,8.62,8.69,8.60,8.61,17614542,161328656.00
2013/12/06,8.57,8.58,8.53,8.56,9036794,81947584.00
2013/12/09,8.56,8.66,8.54,8.58,10593259,96600776.00
2013/12/10,8.57,8.62,8.55,8.59,9245508,84108320.00
2013/12/11,8.64,8.66,8.54,8.55,15111495,137916704.00
2013/12/12,8.55,8.55,8.47,8.50,11793242,106218944.00
2013/12/13,8.41,8.46,8.38,8.42,12743771,113500616.00
2013/12/16,8.41,8.44,8.23,8.24,18730177,164505568.00
2013/12/17,8.25,8.29,8.24,8.26,6617415,57744336.00
2013/12/18,8.24,8.27,8.17,8.20,7227939,62489188.00
2013/12/19,8.19,8.23,8.15,8.16,7902330,68186464.00
2013/12/20,8.11,8.11,7.86,7.87,16053691,133542624.00
2013/12/23,7.87,7.90,7.68,7.75,8336882,67965888.00
2013/12/24,7.72,7.80,7.72,7.77,7141074,57966720.00
2013/12/25,7.77,7.78,7.72,7.77,7311999,59364720.00
2013/12/26,7.75,8.29,7.52,8.16,36541345,306604448.00
2013/12/27,8.03,8.15,8.01,8.09,19583657,166502784.00
2013/12/30,8.05,8.27,7.90,8.13,18107552,154356016.00
2013/12/31,8.00,8.19,7.98,8.11,12978032,110664360.00
2014/01/02,8.13,8.37,8.09,8.25,23763690,206681728.00
2014/01/03,8.22,8.23,8.05,8.11,12546963,107336752.00
2014/01/06,8.11,8.14,7.77,7.79,11306799,94046984.00
2014/01/07,7.79,7.85,7.75,7.82,8215911,67200000.00
2014/01/08,7.77,7.79,7.60,7.66,12513781,100582624.00
2014/01/09,7.65,7.69,7.55,7.58,8207830,65378084.00
2014/01/10,7.58,7.85,7.58,7.66,9362888,75556416.00
2014/01/13,7.77,7.85,7.64,7.66,10448037,84596512.00
2014/01/14,7.66,7.69,7.48,7.58,12639398,99784104.00
2014/01/15,7.52,7.58,7.43,7.46,11991546,93637336.00
2014/01/16,7.48,7.59,7.36,7.50,15938559,124213960.00
2014/01/17,7.44,7.45,7.33,7.34,12157053,93371552.00
2014/01/20,7.38,7.40,7.33,7.34,7643312,58630908.00
2014/01/21,7.33,7.41,7.33,7.37,6569608,50476416.00
2014/01/22,7.37,7.51,7.34,7.50,12591691,98029904.00
2014/01/23,7.49,7.56,7.46,7.49,9611015,75325344.00
2014/01/24,7.59,7.78,7.55,7.65,22633059,181181344.00
2014/01/27,7.65,7.82,7.60,7.71,19276298,156037856.00
2014/01/28,7.65,7.67,7.58,7.64,9935825,79258240.00
2014/01/29,7.65,7.66,7.59,7.61,7494939,59748696.00
2014/01/30,7.63,7.69,7.50,7.64,9373959,74619704.00
2014/02/07,7.58,7.59,7.46,7.54,9656651,75627576.00
2014/02/10,7.55,7.72,7.55,7.68,14339537,114694936.00
2014/02/11,7.73,7.91,7.69,7.87,28982021,237630560.00
2014/02/12,7.89,7.96,7.84,7.92,24827823,206386384.00
2014/02/13,7.92,8.28,7.87,8.01,34516133,294531072.00
2014/02/14,8.11,8.16,7.94,8.05,16540487,139998416.00
2014/02/17,8.25,8.35,8.14,8.19,23212244,200760528.00
2014/02/18,8.20,8.20,7.92,7.98,20742116,174857360.00
2014/02/19,7.97,8.04,7.94,8.00,13035299,109675648.00
2014/02/20,7.97,7.99,7.88,7.89,13525556,112752776.00
2014/02/21,7.89,7.97,7.83,7.94,12812502,106369408.00
2014/02/24,7.92,7.92,7.74,7.84,14056034,115314304.00
2014/02/25,7.92,7.98,7.71,7.76,14976271,123375952.00
2014/02/26,7.76,8.44,7.75,8.37,60878612,523286944.00
2014/02/27,8.16,8.21,8.00,8.08,40884970,348406048.00
2014/02/28,8.04,8.39,8.01,8.21,41517862,361818240.00
2014/03/03,8.25,8.42,8.18,8.39,38210913,334960224.00
2014/03/04,8.50,8.64,8.27,8.28,51296318,459817984.00
2014/03/05,8.12,8.16,7.96,7.99,29461385,248809312.00
2014/03/06,7.99,8.05,7.89,7.96,14823988,124123960.00
2014/03/07,8.07,8.12,8.00,8.03,15296255,129763032.00
2014/03/10,7.88,7.88,7.65,7.71,21955825,178524896.00
2014/03/11,7.72,7.79,7.69,7.75,9332434,75658904.00
2014/03/12,7.80,7.94,7.77,7.91,15823254,130800960.00
2014/03/13,8.01,8.11,7.91,7.93,15431028,129771808.00
2014/03/14,7.98,8.02,7.84,7.91,10400935,86591216.00
2014/03/17,8.02,8.05,7.90,8.00,12132545,101490104.00
2014/03/18,7.86,7.86,7.76,7.82,14073546,115129880.00
2014/03/19,7.77,7.78,7.73,7.76,8745789,71038272.00
2014/03/20,7.66,7.71,7.61,7.61,12482441,99813728.00
2014/03/21,7.61,7.77,7.55,7.76,11813999,94693952.00
2014/03/24,7.78,7.78,7.67,7.73,10646514,86035336.00
2014/03/25,7.65,7.72,7.61,7.71,10614389,85204808.00
2014/03/26,7.72,7.77,7.67,7.72,7071758,57162688.00
2014/03/27,7.69,7.72,7.63,7.66,8287175,66415144.00
2014/03/28,7.63,7.68,7.61,7.62,6884610,55025760.00
2014/03/31,7.68,7.70,7.60,7.65,6058055,48522824.00
2014/04/01,7.61,7.66,7.57,7.65,6012566,47922096.00
2014/04/02,7.65,7.69,7.62,7.67,6241704,49984128.00
2014/04/03,7.70,7.71,7.63,7.67,6758839,54271872.00
2014/04/04,7.66,7.69,7.61,7.68,5578109,44658060.00
2014/04/08,7.68,7.77,7.66,7.77,13157381,106455632.00
2014/04/09,7.79,7.94,7.76,7.92,26749321,221305968.00
2014/04/10,7.90,8.00,7.87,7.96,18411778,153250928.00
2014/04/11,7.99,8.00,7.84,7.88,12797025,106196504.00
2014/04/14,7.90,7.93,7.83,7.86,16817193,138841888.00
2014/04/15,7.83,7.83,7.73,7.75,11342967,92419416.00
2014/04/16,7.67,7.82,7.65,7.72,8063366,65119076.00
2014/04/17,7.73,7.73,7.66,7.67,6573624,52965868.00
2014/04/18,7.67,7.69,7.65,7.68,7286475,58481588.00
2014/04/21,7.65,7.66,7.57,7.58,10275765,81952960.00
2014/04/22,7.57,7.61,7.56,7.59,7767252,61563792.00
2014/04/23,7.57,7.61,7.56,7.59,4604641,36484912.00
2014/04/24,7.59,7.66,7.57,7.62,7442975,59353064.00
2014/04/25,7.67,7.67,7.57,7.58,5871129,46784932.00
2014/04/28,7.61,7.66,7.42,7.45,9151752,72040976.00
2014/04/29,7.44,7.49,7.38,7.46,7526658,58178596.00
2014/04/30,7.44,7.50,7.40,7.49,4570943,35542520.00
2014/05/05,7.50,7.58,7.50,7.55,7088961,55837424.00
2014/05/06,7.55,7.63,7.47,7.50,7132186,56152964.00
2014/05/07,7.49,7.50,7.40,7.43,6507782,50450104.00
2014/05/08,7.38,7.48,7.35,7.41,5941371,45862456.00
2014/05/09,7.46,7.50,7.41,7.44,8164548,63505936.00
2014/05/12,7.50,7.74,7.45,7.68,26981856,216104896.00
2014/05/13,7.64,7.70,7.56,7.58,11570320,92013208.00
2014/05/14,7.57,7.58,7.51,7.55,6212946,48934836.00
2014/05/15,7.57,7.63,7.44,7.47,7586940,59658096.00
2014/05/16,7.48,7.50,7.41,7.46,4835847,37571920.00
2014/05/19,7.45,7.45,7.39,7.44,4470183,34507340.00
2014/05/20,7.50,7.50,7.40,7.41,4941225,38356412.00
2014/05/21,7.39,7.47,7.39,7.45,3801806,29466566.00
2014/05/22,7.44,7.50,7.42,7.43,4783200,37220560.00
2014/05/23,7.43,7.47,7.42,7.46,3229860,25076544.00
2014/05/26,7.51,7.51,7.43,7.45,5434743,42226088.00
2014/05/27,7.45,7.48,7.44,7.45,3728240,28981972.00
2014/05/28,7.39,7.44,7.33,7.43,9181885,70484760.00
2014/05/29,7.40,7.43,7.36,7.38,4894677,37624284.00
2014/05/30,7.38,7.41,7.36,7.38,4589613,35302656.00
2014/06/03,7.36,7.38,7.30,7.34,9309611,70961752.00
2014/06/04,7.35,7.35,7.27,7.30,7685509,58254156.00
2014/06/05,7.30,7.32,7.27,7.31,4990111,37839064.00
2014/06/06,7.35,7.37,7.27,7.31,5792839,44032372.00
2014/06/09,7.29,7.32,7.25,7.26,5404306,40857496.00
2014/06/10,7.26,7.29,7.25,7.27,6125265,46274552.00
2014/06/11,7.28,7.29,7.27,7.29,5075308,38402588.00
2014/06/12,7.29,7.31,7.25,7.26,7259635,54895412.00
2014/06/13,7.29,7.33,7.27,7.29,12568887,95424584.00
2014/06/16,7.31,7.35,7.29,7.35,9799938,74725456.00
2014/06/17,7.33,7.33,7.27,7.28,8874597,67212304.00
2014/06/18,7.27,7.33,7.25,7.31,7055998,53407564.00
2014/06/19,7.31,7.31,7.15,7.18,8908948,66840892.00
2014/06/20,7.38,7.44,7.27,7.30,20196949,154350912.00
2014/06/23,7.31,7.46,7.25,7.44,26009303,200125104.00
2014/06/24,7.40,7.48,7.39,7.41,12955498,100354336.00
2014/06/25,7.42,7.43,7.32,7.35,7162431,54838536.00
2014/06/26,7.35,7.40,7.33,7.35,6447401,49413196.00
2014/06/27,7.33,7.35,7.28,7.32,8010547,60902988.00
2014/06/30,7.29,7.34,7.29,7.31,6465579,49179048.00
2014/07/01,7.34,7.55,7.34,7.44,19202456,149146640.00
2014/07/02,7.39,7.44,7.38,7.42,7169037,55244316.00
2014/07/03,7.44,7.51,7.41,7.46,13667858,106544176.00
2014/07/04,7.46,7.46,7.36,7.40,10303954,79311576.00
2014/07/07,7.38,7.42,7.33,7.36,6218442,47672304.00
2014/07/08,7.37,7.39,7.30,7.33,9599893,73241632.00
2014/07/09,7.33,7.41,7.32,7.34,8423707,64138988.00
2014/07/10,7.35,7.38,7.31,7.33,6315050,47920656.00
2014/07/11,7.40,7.46,7.38,7.41,9926242,76216488.00
2014/07/14,7.41,7.42,7.35,7.41,9925067,75914648.00
2014/07/15,7.35,7.39,7.32,7.38,12210980,92859336.00
2014/07/16,7.35,7.38,7.32,7.35,10342144,78598832.00
2014/07/17,7.35,7.37,7.33,7.36,7757192,59018408.00
2014/07/18,7.40,7.55,7.40,7.45,24458678,189387504.00
2014/07/21,7.41,7.41,7.35,7.38,11313622,86333056.00
2014/07/22,7.38,7.46,7.34,7.44,16938577,130022704.00
2014/07/23,7.43,7.52,7.40,7.49,20698148,160149728.00
2014/07/24,7.47,7.59,7.44,7.56,31718462,247535488.00
2014/07/25,7.52,7.73,7.50,7.69,45092065,358660960.00
2014/07/28,7.77,7.90,7.69,7.81,50384723,410487936.00
2014/07/29,7.81,7.85,7.71,7.79,28799118,233213808.00
2014/07/30,7.73,7.80,7.68,7.70,23923770,192570832.00
2014/07/31,7.69,8.38,7.66,8.31,138488077,1196869504.00
2014/08/01,8.07,8.17,8.00,8.01,79836036,676349312.00
2014/08/04,8.05,8.16,8.01,8.14,43300884,367073984.00
2014/08/05,8.15,8.23,7.98,8.08,40752199,345139264.00
2014/08/06,8.04,8.25,8.00,8.21,53190115,456000288.00
2014/08/07,8.38,8.45,8.12,8.14,60788287,528872128.00
2014/08/08,8.14,8.55,8.13,8.44,100382491,883602752.00
2014/08/11,8.36,8.42,8.27,8.39,54496402,478965536.00
2014/08/12,8.36,8.37,8.24,8.30,40813663,355542560.00
2014/08/13,8.30,8.32,8.07,8.20,44690200,384310912.00
2014/08/14,8.20,8.25,8.03,8.07,29360310,250973184.00
2014/08/15,8.07,8.13,8.03,8.09,22490193,190417184.00
2014/08/18,8.04,8.13,8.03,8.10,30668751,259785344.00
2014/08/19,8.09,8.24,8.07,8.22,38321519,328830848.00
2014/08/20,8.21,8.21,8.08,8.12,31100591,265275616.00
2014/08/21,8.10,8.12,7.96,8.01,27323348,229707312.00
2014/08/22,8.00,8.06,7.93,8.05,21317620,178426512.00
2014/08/25,8.05,8.06,7.92,7.93,19842904,165408928.00
2014/08/26,7.93,8.01,7.88,8.00,21341089,177385936.00
2014/08/27,7.96,7.98,7.90,7.96,14036187,116530656.00
2014/08/28,7.96,7.97,7.88,7.92,12379070,102541112.00
2014/08/29,7.94,7.98,7.88,7.98,13627412,113144640.00
2014/09/01,7.99,8.02,7.95,8.02,18242014,152631840.00
2014/09/02,8.01,8.07,7.91,8.06,30569501,256313008.00
2014/09/03,8.01,8.13,7.97,8.13,43036992,364190336.00
2014/09/04,8.10,8.24,8.06,8.19,36531680,311833472.00
2014/09/05,8.16,8.23,8.13,8.21,37485772,321988064.00
2014/09/09,8.19,8.19,8.08,8.11,33094558,281589760.00
2014/09/10,8.07,8.08,8.03,8.07,24052302,203024880.00
2014/09/11,8.09,8.13,8.02,8.10,32766863,277402016.00
2014/09/12,8.07,8.11,8.02,8.10,24025035,202932400.00
2014/09/15,8.07,8.15,8.04,8.15,29010963,246244560.00
2014/09/16,8.14,8.40,8.09,8.14,74013682,641158336.00
2014/09/17,8.19,8.37,8.19,8.35,71799908,626218368.00
2014/09/18,8.33,8.33,8.19,8.27,39880441,345397664.00
2014/09/19,8.24,8.24,8.12,8.17,38505351,329385440.00
2014/09/22,8.12,8.13,7.94,7.96,34184678,286981824.00
2014/09/23,7.98,8.03,7.96,8.01,16855332,141057168.00
2014/09/24,8.01,8.11,7.98,8.10,26924793,227504112.00
2014/09/25,8.07,8.13,8.03,8.07,27345195,231730672.00
2014/09/26,8.09,8.14,8.04,8.07,19575301,165947280.00
2014/09/29,8.07,8.10,8.02,8.07,25344488,213945920.00
2014/09/30,8.07,8.23,8.06,8.15,40308783,344327872.00
2014/10/08,8.14,8.15,8.05,8.14,30753283,261101792.00
2014/10/09,8.17,8.33,8.12,8.25,55549219,479305184.00
2014/10/10,8.19,8.24,8.09,8.11,48440005,414458816.00
2014/10/13,8.11,8.20,8.05,8.18,51774668,440000576.00
2014/10/14,8.13,8.19,8.09,8.12,26088070,222588592.00
2014/10/15,8.11,8.19,8.04,8.15,30015423,255275392.00
2014/10/16,8.15,8.35,8.14,8.20,88245045,767352896.00
2014/10/17,8.18,8.27,8.05,8.27,50595249,433509248.00
2014/10/20,8.30,8.32,8.20,8.28,38266726,332513152.00
2014/10/21,8.30,8.39,8.27,8.30,51886975,454432416.00
2014/10/22,8.30,8.33,8.12,8.13,33983493,292730720.00
2014/10/23,8.09,8.11,7.90,7.91,42534299,354885216.00
2014/10/24,7.90,7.93,7.82,7.85,21122603,173854448.00
2014/10/27,7.82,7.91,7.79,7.89,14623856,120116480.00
2014/10/28,7.89,8.02,7.88,8.01,21011050,175081728.00
2014/10/29,7.99,8.07,7.91,8.02,40431625,337561696.00
2014/10/30,7.96,8.24,7.94,8.07,54549049,462499872.00
2014/10/31,8.01,8.13,7.97,8.07,45918346,386462496.00
2014/11/03,8.02,8.19,8.02,8.14,52448151,446099552.00
2014/11/04,8.13,8.23,8.07,8.19,48164207,411914240.00
2014/11/05,8.19,8.19,7.99,8.02,45938153,388695968.00
2014/11/06,7.95,8.09,7.93,8.04,25983276,218054112.00
2014/11/07,8.05,8.06,7.92,7.98,34587578,289419104.00
2014/11/10,8.07,8.13,8.02,8.12,42007057,355515392.00
2014/11/11,8.11,8.19,7.95,8.01,58026616,491900672.00
2014/11/12,7.99,8.14,7.96,8.13,36298992,307858752.00
2014/11/13,8.12,8.32,8.04,8.23,83776243,720305088.00
2014/11/14,8.18,8.32,8.11,8.24,66910058,578534784.00
2014/11/17,8.45,8.52,8.24,8.24,64891475,569558272.00
2014/11/18,8.19,8.31,8.19,8.25,31595691,273490816.00
2014/11/19,8.30,8.31,8.16,8.19,26545907,229137856.00
2014/11/20,8.15,8.19,8.12,8.13,25698365,219525600.00
2014/11/21,8.15,8.24,8.12,8.22,24704567,212143616.00
2014/11/24,8.32,8.46,8.24,8.38,91374915,805465664.00
2014/11/25,8.41,9.13,8.36,9.13,207884114,1959030272.00
2014/11/26,9.34,9.34,9.02,9.12,178437640,1740217728.00
2014/11/27,9.07,9.37,8.97,9.35,121291642,1174076288.00
2014/11/28,9.59,9.59,9.13,9.24,159608266,1588833024.00
2014/12/01,9.04,9.12,8.90,8.91,108663106,1035490560.00
2014/12/02,9.12,9.22,9.00,9.10,107637397,1040156224.00
2014/12/03,9.01,9.80,8.97,9.53,170469678,1715044736.00
2014/12/04,9.52,9.78,9.41,9.73,133177931,1366850176.00
2014/12/05,9.72,9.72,9.03,9.33,133922729,1341230336.00
2014/12/08,9.19,9.69,9.05,9.57,117429648,1180330752.00
2014/12/09,9.54,10.13,9.38,9.42,164526260,1726942336.00
2014/12/10,9.89,10.13,9.63,9.96,150603116,1597155456.00
2014/12/11,9.89,10.01,9.64,9.81,89771059,944431616.00
2014/12/12,9.82,9.97,9.59,9.75,70796521,742877184.00
2014/12/15,9.63,9.79,9.49,9.69,58285096,598317184.00
2014/12/16,9.57,9.65,9.46,9.63,72599944,741201024.00
2014/12/17,9.63,9.63,9.38,9.50,77599419,784423040.00
2014/12/18,9.46,9.71,9.41,9.61,69437461,712597824.00
2014/12/19,9.57,9.92,9.51,9.89,107015908,1117452544.00
2014/12/22,9.93,10.52,9.93,10.23,142607600,1566459136.00
2014/12/23,9.96,9.96,9.57,9.70,82634587,866121344.00
2014/12/24,9.68,9.70,9.40,9.50,60473521,616539584.00
2014/12/25,9.52,9.69,9.49,9.63,42302508,433439840.00
2014/12/26,9.65,9.87,9.65,9.81,60329058,630424000.00
2014/12/29,9.94,10.06,9.71,9.80,70907212,752688256.00
2014/12/30,9.70,9.75,9.52,9.57,48079443,494046880.00
2014/12/31,9.70,10.04,9.70,9.91,75713919,800543360.00
2015/01/05,9.90,10.80,9.81,10.77,184250669,2072291840.00
2015/01/06,10.77,11.13,10.49,10.78,138169516,1613689856.00
2015/01/07,10.91,11.77,10.91,11.43,196791187,2444971776.00
2015/01/08,11.13,11.30,10.85,10.92,111666491,1337235712.00
2015/01/09,10.90,11.18,10.72,10.74,76975140,913241216.00
2015/01/12,10.87,11.15,10.67,10.99,91077100,1081354624.00
2015/01/13,11.16,11.47,10.75,10.91,93886871,1136941056.00
2015/01/14,10.78,10.80,10.45,10.65,69636287,797757312.00
2015/01/15,10.62,10.78,10.39,10.75,52531374,601856448.00
2015/01/16,11.56,11.67,11.12,11.28,124578742,1526898816.00
2015/01/19,11.07,11.99,10.83,11.17,157486847,1959649536.00
2015/01/20,11.16,11.45,10.92,11.33,91385921,1111092096.00
2015/01/21,11.67,11.86,11.46,11.78,120725712,1530535552.00
2015/01/22,11.52,12.76,11.47,12.16,182343570,2420384768.00
2015/01/23,12.42,12.72,11.85,11.97,135141500,1797211776.00
2015/01/26,12.01,12.13,11.80,12.04,72188367,943217216.00
2015/01/27,11.81,11.81,11.50,11.78,94517393,1200474368.00
2015/01/28,11.74,11.91,11.58,11.66,47313039,603444032.00
2015/01/29,11.43,11.44,11.16,11.32,56995054,699680192.00
2015/01/30,10.93,11.24,10.91,11.06,62911914,754688704.00
2015/02/02,11.07,11.28,10.91,11.07,51733140,624590656.00
2015/02/03,11.12,11.16,10.76,11.07,50457993,596154112.00
2015/02/04,10.91,10.98,10.84,10.92,41142332,485537184.00
2015/02/05,11.12,11.15,10.69,10.72,41507620,490999040.00
2015/02/06,10.61,10.62,10.28,10.42,53098093,595485248.00
2015/02/09,10.18,10.31,9.96,10.23,51504071,560324032.00
2015/02/10,10.22,10.46,10.15,10.46,29813763,331894624.00
2015/02/11,10.38,10.63,10.23,10.49,28011234,316595552.00
2015/02/12,10.35,10.43,10.24,10.38,26009556,289124704.00
2015/02/13,10.43,10.63,10.40,10.48,46052661,522349856.00
2015/02/16,10.50,10.55,10.41,10.48,27108279,306517504.00
2015/02/17,10.50,10.63,10.50,10.58,31104200,354985728.00
2015/02/25,10.42,10.43,10.24,10.34,34247284,380646272.00
2015/02/26,10.34,10.65,10.31,10.64,43892621,496312416.00
2015/02/27,10.63,10.78,10.53,10.70,48895965,563155904.00
2015/03/02,10.73,11.03,10.73,10.97,53651596,634045952.00
2015/03/03,10.86,10.89,10.67,10.71,52207288,608654592.00
2015/03/04,10.70,10.82,10.57,10.76,30283851,350299296.00
2015/03/05,10.67,10.69,10.48,10.53,39398828,448500672.00
2015/03/06,10.51,10.70,10.46,10.60,34111810,389334144.00
2015/03/09,10.23,10.54,10.21,10.48,42970038,478757440.00
2015/03/10,10.44,10.50,10.37,10.41,27355637,307674112.00
2015/03/11,10.39,10.46,10.30,10.35,31657088,353381664.00
2015/03/12,10.35,10.53,10.22,10.52,50397572,562594560.00
2015/03/13,10.52,10.60,10.45,10.56,45770992,520009088.00
2015/03/16,10.57,10.78,10.53,10.78,55494490,640518080.00
2015/03/17,10.81,10.97,10.71,10.89,75551314,886171584.00
2015/03/18,10.86,11.19,10.79,11.17,97348926,1165745408.00
2015/03/19,11.37,11.89,11.29,11.49,136022255,1705934208.00
2015/03/20,11.52,11.61,11.25,11.33,85969125,1059632896.00
2015/03/23,11.50,11.58,11.38,11.53,82623213,1032507712.00
2015/03/24,11.55,12.16,11.41,11.91,158877745,2039446656.00
2015/03/25,11.79,11.91,11.55,11.59,84455827,1075695232.00
2015/03/26,11.58,11.80,11.41,11.71,73070461,922001024.00
2015/03/27,11.84,12.08,11.75,11.84,86222102,1116556416.00
2015/03/30,11.75,11.84,11.59,11.79,84514658,1076515840.00
2015/03/31,11.75,11.80,11.51,11.56,77896419,990944960.00
2015/04/01,11.56,11.69,11.52,11.64,60799991,767804800.00
2015/04/02,11.80,11.91,11.67,11.87,95249181,1223801216.00
2015/04/03,11.79,11.95,11.69,11.85,78715400,1013237888.00
2015/04/07,12.03,12.33,11.92,12.22,124740731,1656905728.00
2015/04/08,12.22,12.26,11.84,11.96,102410738,1339901440.00
2015/04/09,11.96,11.96,11.43,11.60,83528426,1057617216.00
2015/04/10,11.55,11.74,11.48,11.73,59892432,760500800.00
2015/04/13,11.88,11.91,11.73,11.85,81110042,1044547648.00
2015/04/14,11.84,12.03,11.64,11.96,110684732,1430485248.00
2015/04/15,11.99,12.24,11.84,12.06,148975644,1964540672.00
2015/04/16,12.06,12.52,12.00,12.51,151207183,2033793408.00
2015/04/17,12.52,12.85,12.35,12.67,179906427,2487899392.00
2015/04/20,12.67,13.15,12.35,12.59,190584489,2657427968.00
2015/04/21,12.43,12.67,12.26,12.66,115659940,1577040000.00
2015/04/22,12.75,13.08,12.68,12.94,134989717,1910070912.00
2015/04/27,12.94,13.76,12.69,13.47,180315561,2593282816.00
2015/04/28,13.63,13.77,13.24,13.63,177500911,2646306816.00
2015/04/29,13.70,14.90,13.60,14.90,145806633,2337081856.00
2015/04/30,15.37,15.65,14.41,14.57,243491723,4060873216.00
2015/05/04,14.23,14.43,13.95,14.19,122735336,1915164160.00
2015/05/05,14.21,14.43,13.06,13.30,128839246,1951971968.00
2015/05/06,13.41,13.51,12.77,12.93,104113938,1512542080.00
2015/05/07,12.93,13.32,12.69,12.97,97123922,1384242944.00
2015/05/08,13.00,13.24,12.85,13.15,74611255,1069010048.00
2015/05/11,13.36,13.57,13.02,13.46,101457773,1486864128.00
2015/05/12,13.49,13.49,13.21,13.44,84453495,1240891008.00
2015/05/13,13.45,14.01,13.45,13.89,117763718,1792009472.00
2015/05/14,14.42,14.45,13.80,14.02,115884315,1799709952.00
2015/05/15,14.09,14.09,13.39,13.43,87568754,1314697088.00
2015/05/18,13.28,13.96,13.19,13.72,85104288,1273970048.00
2015/05/19,13.53,13.94,13.45,13.84,82601958,1248744320.00
2015/05/20,13.62,13.92,13.52,13.64,107053733,1615748352.00
2015/05/21,13.64,13.73,13.45,13.71,77541587,1158827392.00
2015/05/22,13.78,14.22,13.71,14.19,129448546,1998684544.00
2015/05/25,14.36,14.76,14.36,14.59,147035397,2356704768.00
2015/05/26,14.62,14.96,14.25,14.93,167678949,2718408448.00
2015/05/27,14.93,14.95,14.45,14.87,143010984,2330529280.00
2015/05/28,14.72,15.01,13.50,13.52,137751917,2195311872.00
2015/05/29,13.50,13.69,12.77,13.21,104078321,1514306688.00
2015/06/01,13.23,13.83,13.09,13.80,83855871,1248690048.00
2015/06/02,13.63,13.95,13.54,13.94,109791469,1668032896.00
2015/06/03,14.07,14.38,13.89,14.14,97580244,1522032128.00
2015/06/04,14.03,14.03,12.92,13.88,99796723,1501498624.00
2015/06/05,13.89,14.63,13.89,14.57,190343310,3020362496.00
2015/06/08,14.59,14.95,14.38,14.81,165146475,2687370496.00
2015/06/09,14.89,15.22,14.60,14.93,148540400,2458053376.00
2015/06/10,14.80,14.88,14.47,14.63,109114645,1771729024.00
2015/06/11,14.63,14.87,14.53,14.83,101776700,1656703488.00
2015/06/12,14.79,14.86,14.57,14.72,93827914,1528900864.00
2015/06/15,14.76,15.74,14.62,15.11,183999100,3089089280.00
2015/06/16,14.87,15.42,14.59,14.75,156210605,2594979584.00
2015/06/17,14.64,15.09,14.37,15.00,132782759,2171768576.00
2015/06/18,15.05,15.70,14.90,15.04,167660640,2853735168.00
2015/06/19,14.90,15.61,13.69,14.00,184871855,3088861440.00
2015/06/23,13.41,13.87,12.73,13.86,115137057,1683812736.00
2015/06/24,13.86,14.19,13.62,14.12,91993507,1414912768.00
2015/06/25,14.12,14.14,13.22,13.33,95761925,1451489024.00
2015/06/26,12.93,13.09,12.08,12.08,98668675,1352408576.00
2015/06/29,12.49,12.50,10.96,11.19,109133068,1384400640.00
2015/06/30,11.29,11.87,10.35,11.81,102602342,1246645504.00
2015/07/01,11.59,11.80,10.91,10.94,75107906,935417728.00
2015/07/02,11.07,11.17,9.94,9.94,106167277,1188695168.00
2015/07/03,9.73,10.07,9.04,9.04,111662401,1114296960.00
2015/07/06,9.78,9.78,8.50,9.34,128285632,1256446208.00
2015/07/07,9.05,9.34,8.55,8.93,112763104,1062966080.00
2015/07/08,8.13,8.32,8.13,8.13,112999403,963614016.00
2015/07/09,8.13,8.85,7.69,8.85,135472350,1208050688.00
2015/07/10,9.03,9.64,8.91,9.64,114717228,1163822720.00
2015/07/13,9.90,10.52,9.62,10.52,165871519,1799566080.00
2015/07/14,10.19,10.46,9.69,9.84,133897588,1452970752.00
2015/07/15,9.58,9.71,8.95,8.95,104542073,1027282560.00
2015/07/16,8.95,9.36,8.57,9.13,72199451,691719680.00
2015/07/17,9.13,9.75,9.13,9.63,77778774,780893056.00
2015/07/20,9.55,9.82,9.39,9.55,91417751,931583936.00
2015/07/21,9.29,10.00,9.16,9.79,105900620,1079580800.00
2015/07/22,9.62,9.70,9.36,9.57,79120492,805975616.00
2015/07/23,9.48,9.80,9.46,9.76,92374123,955384896.00
2015/07/24,9.73,10.07,9.54,9.65,132724806,1392730368.00
2015/07/27,9.39,9.60,8.78,8.78,92453142,907765312.00
2015/07/28,8.54,9.02,8.13,8.89,88447012,802293120.00
2015/07/29,8.94,9.25,8.72,9.21,57614506,544772288.00
2015/07/30,9.12,9.21,8.78,8.84,57697875,554361088.00
2015/07/31,8.68,8.88,8.63,8.84,44492692,411033952.00
2015/08/03,8.77,9.08,8.65,9.07,67271032,626019584.00
2015/08/04,9.04,9.29,8.90,9.26,61101569,592089920.00
2015/08/05,9.16,9.25,9.05,9.10,45064456,438013760.00
2015/08/06,8.97,9.07,8.88,8.96,28917537,275321888.00
2015/08/07,9.03,9.19,8.99,9.12,37210883,359405312.00
2015/08/10,9.13,9.75,9.12,9.72,100427645,1014192960.00
2015/08/11,9.72,10.60,9.65,10.60,209556513,2337618688.00
2015/08/12,10.73,11.46,10.52,11.17,293969816,3462248448.00
2015/08/13,11.00,11.36,10.62,10.93,205485576,2424782080.00
2015/08/14,10.66,10.79,10.51,10.55,127859077,1463648512.00
2015/08/17,10.55,10.77,10.46,10.69,88418939,1017086272.00
2015/08/18,10.68,10.69,9.71,9.71,111008809,1211644032.00
2015/08/19,9.39,9.90,9.01,9.88,91972053,927388416.00
2015/08/20,10.28,10.66,10.02,10.13,140883754,1581241088.00
2015/08/21,10.53,10.62,9.90,9.96,150396076,1680787584.00
2015/08/24,9.39,10.48,9.18,9.39,186294797,1952124928.00
2015/08/25,8.67,9.56,8.54,8.54,125760569,1197370752.00
2015/08/26,8.54,8.62,7.82,7.96,110409514,956029184.00
2015/08/27,7.97,8.20,7.70,8.19,88269512,733893760.00
2015/08/28,8.24,8.64,8.09,8.63,98291864,861047488.00
2015/08/31,8.46,8.66,8.20,8.62,71459787,632768960.00
2015/09/01,8.48,8.88,8.24,8.80,101463087,920933696.00
2015/09/02,8.42,8.70,8.21,8.23,59493539,526280416.00
2015/09/07,8.23,8.56,8.20,8.26,41488875,364829856.00
2015/09/08,8.24,8.52,8.19,8.48,34407500,302056512.00
2015/09/09,8.52,8.80,8.49,8.76,62317953,570806656.00
2015/09/10,8.54,8.66,8.46,8.52,47589086,428268160.00
2015/09/11,8.54,8.70,8.46,8.55,29664300,267603008.00
2015/09/14,8.58,8.78,7.95,8.44,69327428,616488448.00
2015/09/15,8.16,8.28,7.86,7.88,35798126,302621632.00
2015/09/16,7.90,8.49,7.82,8.41,38115409,325567808.00
2015/09/17,8.46,8.65,8.31,8.33,47849796,428389728.00
2015/09/18,8.50,8.52,8.26,8.34,30229353,266692400.00
2015/09/21,8.37,8.52,8.35,8.51,29572264,262719072.00
2015/09/22,8.51,8.63,8.41,8.52,42623366,382622848.00
2015/09/23,8.36,8.41,8.18,8.24,36834042,320654144.00
2015/09/24,8.33,8.51,8.27,8.50,33713584,297475296.00
2015/09/25,8.73,8.85,8.36,8.54,75232400,688447360.00
2015/09/28,8.40,8.56,8.13,8.45,38278802,335459776.00
2015/09/29,8.22,8.34,8.19,8.26,25023087,216629456.00
2015/09/30,8.23,8.40,8.23,8.33,19146875,167290144.00
2015/10/08,8.70,8.71,8.49,8.57,46032828,417062720.00
2015/10/09,8.53,9.07,8.49,8.89,70601032,653203072.00
2015/10/12,8.89,9.59,8.84,9.40,99130783,967073792.00
2015/10/13,9.21,9.35,9.12,9.24,56877969,558287616.00
2015/10/14,9.37,9.66,9.24,9.29,61205989,615574400.00
2015/10/15,9.47,9.58,9.33,9.50,53331540,536845888.00
2015/10/16,9.52,9.52,9.27,9.46,52426574,525296384.00
2015/10/19,9.46,9.46,9.26,9.36,41488214,413241504.00
2015/10/20,9.33,9.39,9.22,9.39,37787189,373393088.00
2015/10/21,9.40,9.57,9.02,9.03,73088788,726316864.00
2015/10/22,8.90,9.15,8.89,9.13,41010279,392293632.00
2015/10/23,9.13,9.37,9.07,9.35,42357562,413376064.00
2015/10/26,9.39,9.52,9.28,9.35,53619954,536445984.00
2015/10/27,9.24,9.30,8.96,9.26,33921952,330198656.00
2015/10/28,9.22,9.53,9.15,9.36,56924948,568747008.00
2015/10/29,9.25,9.31,9.16,9.23,36789190,360970976.00
2015/10/30,9.14,9.19,8.96,9.08,32291214,310684704.00
2015/11/02,8.96,9.06,8.86,8.88,25798028,244938640.00
2015/11/03,8.88,8.96,8.85,8.91,18450162,173881552.00
2015/11/04,8.86,9.18,8.82,9.14,40144527,385246208.00
2015/11/05,9.08,9.41,9.07,9.32,71048195,700062784.00
2015/11/06,9.33,9.52,9.22,9.50,69433412,693218752.00
2015/11/09,9.31,9.47,9.23,9.41,62162897,620461760.00
2015/11/10,9.40,10.11,9.35,9.83,110431014,1131594624.00
2015/11/11,9.69,9.73,9.47,9.57,73524084,751353728.00
2015/11/12,9.59,9.69,9.37,9.46,50843273,517123200.00
2015/11/13,9.30,9.35,9.19,9.25,37139288,366010912.00
2015/11/16,9.46,9.64,9.43,9.63,70770505,718773696.00
2015/11/17,9.47,9.56,9.39,9.41,62166315,627690304.00
2015/11/18,9.32,9.39,9.29,9.35,27828230,276509952.00
2015/11/19,9.40,9.46,9.32,9.44,31015351,310538080.00
2015/11/20,9.47,9.51,9.37,9.43,35899784,360563840.00
2015/11/23,9.39,9.44,9.24,9.27,32537641,323605280.00
2015/11/24,9.25,9.30,9.07,9.21,26649703,259362816.00
2015/11/25,9.39,9.56,9.35,9.46,67758225,682649600.00
2015/11/26,9.33,9.51,9.27,9.36,47414766,472237920.00
2015/11/27,9.34,9.34,8.70,8.80,50747445,487947328.00
2015/11/30,8.78,8.83,8.41,8.68,36232363,330873824.00
2015/12/01,8.69,8.87,8.65,8.80,21204848,196698384.00
2015/12/02,8.80,8.95,8.69,8.94,25712103,240211392.00
2015/12/03,8.84,8.95,8.80,8.95,22108401,207748672.00
2015/12/04,9.02,9.18,8.91,8.96,32429145,310776608.00
2015/12/07,9.15,9.24,9.05,9.13,36643741,356384768.00
2015/12/08,8.96,9.06,8.80,8.90,26829973,253054848.00
2015/12/09,8.82,9.19,8.82,8.99,26281490,251714000.00
2015/12/10,8.95,8.97,8.89,8.89,16659448,157460816.00
2015/12/11,8.80,9.18,8.76,9.07,40376142,385430880.00
2015/12/14,8.99,9.79,8.99,9.70,104055449,1066333568.00
2015/12/15,9.56,9.69,9.43,9.51,50845393,516784416.00
2015/12/16,9.51,9.70,9.44,9.59,40748732,416795040.00
2015/12/17,9.72,9.75,9.36,9.53,66203331,670563648.00
2015/12/18,9.39,9.43,9.30,9.40,51604603,513651328.00
2015/12/21,9.46,9.51,9.35,9.46,36637721,368581504.00
2015/12/22,9.52,9.60,9.45,9.51,33065701,335470272.00
2015/12/23,9.49,9.51,9.37,9.39,33195516,333268512.00
2015/12/24,9.37,9.46,9.31,9.42,23276992,233044688.00
2015/12/25,9.47,9.47,9.33,9.38,17699100,177036848.00
2015/12/28,9.37,9.41,9.24,9.25,32291518,321116288.00
2015/12/29,9.24,9.50,9.23,9.48,39515314,395654080.00
2015/12/30,9.49,9.49,9.35,9.44,28395172,284868160.00
2015/12/31,9.39,9.41,9.32,9.33,17027226,169873760.00
2016/01/04,9.30,9.41,8.72,8.85,27017484,264026832.00
2016/01/05,8.80,9.21,8.80,9.13,49046248,469838432.00
2016/01/06,9.05,9.70,8.97,9.55,75409694,757145152.00
2016/01/07,9.60,9.70,8.99,9.07,22512344,226838608.00
2016/01/08,9.49,9.85,9.19,9.76,126587506,1304025984.00
2016/01/11,9.56,10.07,9.47,9.74,157376298,1660226816.00
2016/01/12,9.41,9.55,8.86,8.92,87233234,840165504.00
2016/01/13,8.95,8.95,8.53,8.56,63078114,579796480.00
2016/01/14,8.44,8.70,8.32,8.64,37909765,339623392.00
2016/01/15,8.48,8.55,8.14,8.28,38863883,341430592.00
2016/01/18,8.23,8.46,8.12,8.31,21473316,187980032.00
2016/01/19,8.29,8.50,8.23,8.46,24832762,219032864.00
2016/01/20,8.44,8.78,8.37,8.53,35840152,322683424.00
2016/01/21,8.55,8.76,8.39,8.40,38651421,350683360.00
2016/01/22,8.37,8.39,8.12,8.30,28975095,250877008.00
2016/01/25,8.35,8.41,8.27,8.37,16852777,147619200.00
2016/01/26,8.41,8.51,8.02,8.25,36013808,315714272.00
2016/01/27,8.24,8.25,7.90,8.05,28427312,240569472.00
2016/01/28,7.99,8.07,7.53,7.56,24646064,201330560.00
2016/01/29,7.52,7.80,7.52,7.74,17537963,139747312.00
2016/02/01,7.74,8.10,7.73,7.88,30676988,253631728.00
2016/02/02,7.95,8.13,7.87,8.01,18829075,157430016.00
2016/02/03,7.96,8.20,7.87,8.14,23027321,194977488.00
2016/02/04,8.38,8.53,8.15,8.19,31615003,277330880.00
2016/02/05,8.39,8.85,8.39,8.65,62134348,567286528.00
2016/02/15,9.42,9.42,9.27,9.42,55593002,557412480.00
2016/02/16,9.38,9.71,9.08,9.52,87473346,872000064.00
2016/02/17,9.25,9.49,9.19,9.41,56917332,566110976.00
2016/02/18,9.35,9.52,9.23,9.25,41650530,414895296.00
2016/02/19,9.46,9.46,9.03,9.18,43140131,425795456.00
2016/02/22,9.21,9.31,9.13,9.27,36315470,356180672.00
2016/02/23,9.24,9.60,9.10,9.49,65094874,648064896.00
2016/02/24,9.39,10.27,9.30,9.90,120933815,1272302592.00
2016/02/25,9.85,10.18,9.30,9.41,107623982,1124407168.00
2016/02/26,9.43,9.75,9.14,9.69,60105297,601494272.00
2016/02/29,9.44,9.94,9.18,9.56,86276895,887303552.00
2016/03/01,9.68,10.38,9.56,10.19,131301211,1417830400.00
2016/03/02,9.91,10.37,9.81,10.31,120412821,1310497536.00
2016/03/03,10.24,10.83,10.02,10.79,151347972,1694867456.00
2016/03/04,11.08,11.25,10.79,10.80,165412352,1970222976.00
2016/03/07,10.91,11.51,10.62,11.35,138262188,1639478912.00
2016/03/08,11.15,11.42,10.58,10.91,150208205,1780363264.00
2016/03/09,10.41,10.58,10.15,10.26,106818453,1187999744.00
2016/03/10,10.28,10.52,9.98,10.24,92448015,1020259264.00
2016/03/11,10.59,10.74,10.24,10.30,109758547,1242484864.00
2016/03/14,10.03,10.49,10.00,10.35,78282174,863445184.00
2016/03/15,10.06,10.11,9.55,9.74,98135821,1034685248.00
2016/03/16,9.71,10.11,9.66,9.98,88601977,937409024.00
2016/03/17,10.23,10.28,9.94,10.04,75467302,816077824.00
2016/03/18,10.13,10.28,10.03,10.12,89026860,969556032.00
2016/03/21,10.01,10.35,9.91,10.24,88850702,966241664.00
2016/03/22,10.10,10.63,10.05,10.62,123190969,1375109888.00
2016/03/23,10.41,10.57,10.15,10.33,94488090,1051625280.00
2016/03/24,9.98,10.06,9.83,9.86,73106331,778600192.00
2016/03/25,9.81,9.90,9.60,9.72,46620098,484434592.00
2016/03/28,9.64,9.94,9.62,9.87,38608782,405679008.00
2016/03/29,9.81,9.95,9.67,9.79,41523110,437404160.00
2016/03/30,10.07,10.11,9.86,9.96,48156054,513851776.00
2016/03/31,9.89,10.08,9.80,10.00,54551981,582533056.00
2016/04/01,10.00,10.14,9.90,10.02,45903999,493703872.00
2016/04/05,9.92,10.15,9.77,10.10,56755505,607482816.00
2016/04/06,10.09,10.22,9.94,10.02,62035909,672307456.00
2016/04/07,9.94,10.03,9.88,9.92,35560393,378706080.00
2016/04/08,9.99,10.47,9.99,10.32,123710250,1355978112.00
2016/04/11,10.46,10.89,10.24,10.62,100602444,1147691264.00
2016/04/12,10.69,10.97,10.46,10.65,84323020,974910720.00
2016/04/13,10.63,10.85,10.53,10.78,74302146,856816384.00
2016/04/14,10.57,10.65,10.46,10.54,42032165,477063040.00
2016/04/15,10.41,10.62,10.41,10.52,34689114,392795104.00
2016/04/18,10.54,10.66,10.40,10.41,32644637,369190592.00
2016/04/19,10.33,10.56,10.22,10.54,34542207,386284960.00
2016/04/20,10.70,10.83,10.03,10.31,71357101,802613568.00
2016/04/21,10.15,10.79,10.11,10.67,71406260,809767488.00
2016/04/22,10.36,10.46,10.07,10.21,48557340,537125056.00
2016/04/25,10.06,10.19,9.84,10.08,32171364,344615200.00
2016/04/26,10.08,10.19,9.90,10.01,19937142,214409952.00
2016/04/27,10.10,10.40,10.05,10.32,38517157,422843168.00
2016/04/28,10.19,10.45,10.05,10.35,36723506,404324640.00
2016/04/29,10.57,10.79,10.48,10.53,65118654,747034304.00
2016/05/03,10.81,11.07,10.74,10.90,74113220,870566464.00
2016/05/04,10.69,10.82,10.63,10.71,45110772,521690144.00
2016/05/05,10.62,10.89,10.62,10.72,40670495,472100768.00
2016/05/06,10.64,10.82,10.35,10.42,46074005,524264032.00
2016/05/09,10.49,10.49,10.00,10.07,39578072,432604576.00
2016/05/10,9.80,9.90,9.70,9.89,31889936,333867104.00
2016/05/11,9.93,10.07,9.73,9.97,55641043,588872128.00
2016/05/12,9.81,9.85,9.63,9.67,47194363,491717600.00
2016/05/13,9.59,9.90,9.46,9.89,46679478,487179616.00
2016/05/24,9.77,9.80,9.42,9.63,50155172,479942176.00
2016/05/25,9.42,9.56,9.36,9.42,25117069,238314688.00
2016/05/26,9.51,9.63,9.46,9.60,29239381,279989728.00
2016/05/27,9.51,9.61,9.45,9.53,18919560,181078976.00
2016/05/30,9.37,9.40,9.25,9.37,21436182,200630240.00
2016/05/31,9.45,9.66,9.39,9.65,38278610,366077536.00
2016/06/01,9.65,9.70,9.50,9.56,52012855,500699776.00
2016/06/02,9.52,9.64,9.43,9.60,38324358,367035456.00
2016/06/03,9.52,9.57,9.46,9.53,30191201,288200288.00
2016/06/06,9.92,10.12,9.86,9.96,81062450,809792064.00
2016/06/07,9.95,9.95,9.77,9.80,35259256,347500640.00
2016/06/08,9.82,9.97,9.82,9.92,37180985,369126816.00
2016/06/13,10.12,10.63,10.03,10.48,120769560,1255561344.00
2016/06/14,10.37,10.56,10.15,10.34,64275491,667675968.00
2016/06/15,10.42,10.85,10.17,10.68,101601990,1070638272.00
2016/06/16,10.80,11.45,10.67,11.27,139157158,1532746496.00
2016/06/17,10.77,11.05,10.75,10.82,99343980,1083251328.00
2016/06/20,10.86,10.86,10.47,10.65,52714085,561800704.00
2016/06/21,10.62,10.63,10.37,10.42,52672129,553946944.00
2016/06/22,10.25,10.63,10.20,10.51,53713610,561331200.00
2016/06/23,10.45,10.61,10.42,10.50,37826574,399089760.00
2016/06/24,10.71,11.55,10.44,11.55,227704426,2556946432.00
2016/06/27,11.55,11.82,11.38,11.47,135881689,1575036032.00
2016/06/28,11.42,11.63,11.24,11.39,83651811,958156672.00
2016/06/29,11.29,11.50,11.20,11.39,67700076,771644672.00
2016/06/30,11.26,11.39,11.19,11.21,52004536,587339584.00
2016/07/01,11.32,11.80,11.30,11.50,94907332,1098098944.00
2016/07/04,11.75,12.46,11.69,12.05,118628520,1431571968.00
2016/07/05,11.97,12.14,11.73,12.07,74657570,890043520.00
2016/07/06,12.39,13.28,12.39,13.28,181087316,2378129664.00
2016/07/07,13.61,14.61,13.51,14.61,241628441,3438243072.00
2016/07/08,14.39,15.06,14.31,14.62,229677173,3368998144.00
2016/07/11,15.17,16.09,15.09,15.44,287045740,4490529792.00
2016/07/12,15.02,15.53,14.87,15.42,171604232,2609307648.00
2016/07/13,14.79,15.94,14.70,15.81,183239818,2779342080.00
2016/07/14,15.57,15.92,15.17,15.24,135571090,2102798336.00
2016/07/15,15.19,15.75,14.89,15.37,152306797,2344970752.00
2016/07/18,15.23,15.76,14.92,15.40,129876256,2006582912.00
2016/07/19,15.17,15.89,15.07,15.80,140087666,2187175424.00
2016/07/20,15.72,15.74,14.75,14.84,183820941,2802188032.00
2016/07/21,14.46,14.72,14.31,14.53,107662220,1566244352.00
2016/07/22,14.77,14.80,14.04,14.22,108237819,1567276416.00
2016/07/25,14.03,14.12,13.55,13.80,99539160,1377740672.00
2016/07/26,13.91,14.52,13.87,14.33,132828310,1884365184.00
2016/07/27,14.21,14.47,13.48,14.26,143031849,2015746688.00
2016/07/28,14.57,14.87,14.28,14.65,154641873,2261971200.00
2016/07/29,14.48,14.65,14.02,14.15,86922868,1247171200.00
2016/08/01,14.57,14.67,14.15,14.21,85967868,1244186240.00
2016/08/02,13.99,14.36,13.85,14.24,61548764,865829568.00
2016/08/03,14.55,14.62,14.25,14.41,78616668,1136659328.00
2016/08/04,14.02,14.27,13.95,14.14,67475857,951883328.00
2016/08/05,14.21,14.32,14.00,14.25,59496115,844312320.00
2016/08/08,13.66,13.77,13.19,13.33,126810295,1708030208.00
2016/08/09,13.33,13.40,13.26,13.33,59665650,796204608.00
2016/08/10,13.47,14.11,13.44,14.00,145813347,2009418112.00
2016/08/11,13.54,13.76,13.54,13.60,71801171,981088192.00
2016/08/12,13.48,13.73,13.44,13.71,48568582,663306240.00
2016/08/15,13.67,13.97,13.57,13.91,80884535,1120410112.00
2016/08/16,13.97,14.35,13.85,14.16,131600709,1864599424.00
2016/08/17,13.97,13.97,13.69,13.80,87024433,1203667712.00
2016/08/18,13.97,14.07,13.70,13.75,68697834,954676224.00
2016/08/19,13.57,13.64,13.46,13.54,50423756,683745024.00
2016/08/22,13.30,13.41,13.21,13.38,47132266,628729856.00
2016/08/23,13.29,13.56,13.28,13.49,45277671,608531520.00
2016/08/24,13.52,13.53,13.35,13.39,31457573,423392512.00
2016/08/25,12.97,13.25,12.89,13.22,43441597,570626752.00
2016/08/26,13.18,13.36,13.13,13.24,31310857,416280288.00
2016/08/29,13.06,13.20,12.98,13.08,43165645,566627648.00
2016/08/30,13.18,13.33,13.07,13.12,46126332,609028096.00
2016/08/31,12.97,13.26,12.94,13.25,48778747,643382144.00
2016/09/01,13.22,13.51,13.18,13.24,55211293,738135680.00
2016/09/02,13.31,13.45,12.99,13.09,58398936,775340928.00
2016/09/05,13.29,13.40,13.08,13.21,47555607,630697792.00
2016/09/06,13.17,13.22,12.95,13.16,42390680,555091072.00
2016/09/07,13.49,13.62,13.33,13.39,86631096,1167376128.00
2016/09/08,13.27,13.38,13.12,13.27,38998415,517339328.00
2016/09/09,13.10,13.17,12.97,13.04,45561179,596345728.00
2016/09/12,12.80,12.80,12.22,12.28,74937503,933885568.00
2016/09/13,12.32,12.41,12.18,12.24,36033704,443454432.00
2016/09/14,12.07,12.57,11.89,12.44,60369957,741427392.00
2016/09/19,12.25,12.46,12.23,12.39,28564379,353918880.00
2016/09/20,12.38,12.47,12.31,12.37,27672218,343551360.00
2016/09/21,12.37,12.62,12.31,12.60,52608670,658348672.00
2016/09/22,12.81,12.83,12.63,12.68,64649795,825339584.00
2016/09/23,12.73,12.77,12.47,12.56,32971009,415990272.00
2016/09/26,12.55,12.55,11.99,12.07,41023319,502236192.00
2016/09/27,12.04,12.26,12.04,12.21,26945114,328472128.00
2016/09/28,12.07,12.11,11.92,11.99,28901681,348207712.00
2016/09/29,11.97,12.04,11.90,11.98,27511026,330031680.00
2016/09/30,11.97,12.11,11.97,12.10,29527840,356678592.00
2016/10/10,11.42,11.76,11.41,11.75,62881786,729498432.00
2016/10/11,11.65,12.02,11.61,11.97,61201176,724989248.00
2016/10/12,11.85,11.91,11.79,11.83,25933247,307785024.00
2016/10/13,11.82,12.02,11.79,11.86,34683012,413665888.00
2016/10/14,11.86,11.86,11.67,11.77,30918100,363367008.00
2016/10/17,11.77,12.32,11.72,12.15,68502084,825242112.00
2016/10/18,12.00,12.26,11.97,12.22,54149551,658953728.00
2016/10/19,12.27,12.45,12.13,12.24,53713452,661472704.00
2016/10/20,12.37,12.42,12.20,12.26,34529055,425419136.00
2016/10/21,12.17,12.20,11.97,12.13,36485088,442523936.00
2016/10/24,12.07,12.17,11.89,12.16,51460060,620145216.00
2016/10/25,12.13,12.40,12.07,12.36,65583243,807091520.00
2016/10/26,12.43,12.57,12.25,12.36,59434579,739755200.00
2016/10/27,12.17,12.30,12.17,12.23,28347174,347342592.00
2016/10/28,12.27,12.40,12.12,12.14,32372437,397560992.00
2016/10/31,12.32,12.54,12.17,12.43,66592398,828489920.00
2016/11/01,12.42,12.72,12.33,12.66,62459200,784233024.00
2016/11/02,12.88,13.85,12.78,13.68,191067856,2549679104.00
2016/11/03,13.76,13.91,13.42,13.67,155398261,2132446720.00
2016/11/04,13.53,13.81,13.42,13.56,87371537,1190795648.00
2016/11/07,13.22,13.36,12.98,13.25,99541317,1313804672.00
2016/11/08,13.00,13.34,13.00,13.31,85748202,1127915776.00
2016/11/09,13.11,14.64,13.07,14.64,320215645,4523472896.00
2016/11/10,13.69,14.11,13.61,13.89,194053545,2691689472.00
2016/11/11,13.63,13.74,13.28,13.68,148742012,2015841664.00
2016/11/14,12.97,13.35,12.89,13.26,145284660,1917555456.00
2016/11/15,13.34,13.60,13.28,13.35,112949702,1516450304.00
2016/11/16,13.32,13.44,13.10,13.29,86446053,1150422272.00
2016/11/17,13.21,13.34,13.14,13.25,52939129,702803008.00
2016/11/18,13.10,13.11,12.76,12.85,101629878,1315077760.00
2016/11/21,12.82,13.07,12.81,13.06,65563605,848549888.00
2016/11/22,13.10,13.13,12.99,13.10,68300464,895029568.00
2016/11/23,13.06,13.30,12.99,13.22,79225357,1044103808.00
2016/11/24,12.80,13.05,12.78,12.94,86413500,1115760000.00
2016/11/25,12.82,12.87,12.51,12.69,81495373,1035466752.00
2016/11/28,12.87,13.10,12.79,13.01,104348067,1355085440.00
2016/11/29,12.97,13.12,12.80,12.97,84452088,1096595072.00
2016/11/30,12.87,13.07,12.77,12.91,64335614,834639680.00
2016/12/01,12.77,13.16,12.69,13.15,97814420,1267119488.00
2016/12/02,13.07,13.50,13.02,13.25,174545131,2325318400.00
2016/12/05,13.23,13.23,12.60,12.67,108841677,1399447296.00
2016/12/06,12.63,12.74,12.42,12.47,69550831,873103232.00
2016/12/07,12.44,12.47,12.26,12.44,58243330,721632192.00
2016/12/08,12.52,12.67,12.47,12.56,55181342,695457536.00
2016/12/09,12.42,12.62,12.30,12.52,54775600,683283584.00
2016/12/12,12.33,12.62,12.04,12.18,64530000,799653440.00
2016/12/13,12.20,12.28,11.69,12.03,55097934,659927936.00
2016/12/14,11.97,12.47,11.95,12.43,89334861,1100884736.00
2016/12/15,11.97,12.13,11.88,12.05,70113660,843885120.00
2016/12/16,11.89,11.95,11.72,11.92,56404120,668548352.00
2016/12/19,11.95,12.02,11.86,12.00,40157705,480698464.00
2016/12/20,11.97,11.98,11.80,11.87,31469295,374700320.00
2016/12/21,11.81,12.04,11.80,12.03,42215839,505778592.00
2016/12/22,11.97,11.98,11.88,11.93,26597647,317828288.00
2016/12/23,11.95,12.00,11.86,11.87,25576104,305754240.00
2016/12/26,11.83,11.84,11.47,11.71,43491260,506610816.00
2016/12/27,11.67,11.84,11.62,11.81,35734781,421347296.00
2016/12/28,11.82,11.99,11.81,11.90,40614954,484880512.00
2016/12/29,12.02,12.14,12.00,12.06,50672341,612961600.00
2016/12/30,12.30,12.37,12.03,12.06,42394474,516708704.00
2017/01/03,12.01,12.11,11.99,12.09,26741098,323208288.00
2017/01/04,12.11,12.14,11.97,12.11,33668375,407460128.00
2017/01/05,12.22,12.36,12.12,12.26,62331433,764927488.00
2017/01/06,12.26,12.40,12.13,12.16,45889477,562812800.00
2017/01/09,12.08,12.11,11.96,12.03,37417133,450438144.00
2017/01/10,12.15,12.25,12.04,12.17,55564063,676139904.00
2017/01/11,12.17,12.17,12.06,12.12,32287742,391968704.00
2017/01/12,12.16,12.23,12.09,12.18,39859540,486153728.00
2017/01/13,12.12,12.12,11.82,11.83,38449597,460187200.00
2017/01/16,11.87,11.96,11.60,11.93,52796528,624696064.00
2017/01/17,11.88,12.22,11.81,12.13,40718603,491017184.00
2017/01/18,12.18,12.55,12.08,12.43,82070553,1012006592.00
2017/01/19,12.22,12.24,12.11,12.16,40055848,488583392.00
2017/01/20,12.11,12.37,12.11,12.26,34975141,429473504.00
2017/01/23,12.37,12.54,12.31,12.37,46741371,581693632.00
2017/01/24,12.42,12.45,12.23,12.26,36824360,454688928.00
2017/01/25,12.17,12.22,12.02,12.06,37940566,460578624.00
2017/01/26,11.98,12.16,11.97,12.13,30520905,369052928.00
2017/02/03,12.34,12.57,12.27,12.30,55257403,686099648.00
2017/02/06,12.38,12.46,12.30,12.40,44353151,550390336.00
2017/02/07,12.52,12.82,12.44,12.80,101129191,1281324032.00
2017/02/08,12.67,12.84,12.63,12.74,59111529,754053056.00
2017/02/09,12.84,12.92,12.69,12.77,46765837,599016512.00
2017/02/10,12.53,12.59,12.47,12.56,50976449,640340992.00
2017/02/13,12.57,12.65,12.50,12.63,42948311,541656512.00
2017/02/14,12.55,12.63,12.47,12.62,34226760,430474176.00
2017/02/15,12.54,12.54,12.35,12.37,39795818,497033696.00
2017/02/16,12.44,12.52,12.42,12.49,30963874,386933280.00
2017/02/17,12.55,12.58,12.40,12.43,29856006,373050048.00
2017/02/20,12.37,12.42,12.20,12.41,31040149,382595552.00
2017/02/21,12.35,12.53,12.28,12.52,33952020,422722912.00
2017/02/22,12.54,12.63,12.43,12.47,37393488,469151136.00
2017/02/23,12.46,12.59,12.38,12.55,49428688,620496384.00
2017/02/24,12.71,12.75,12.53,12.66,61602889,779586432.00
2017/02/27,12.68,12.82,12.61,12.62,56219523,715541056.00
2017/02/28,12.55,12.55,12.41,12.47,36020649,450027040.00
2017/03/01,12.33,12.41,12.29,12.40,37679902,466547040.00
2017/03/02,12.35,12.49,12.29,12.32,33785371,419446848.00
2017/03/03,12.17,12.17,11.98,12.03,49044587,592946048.00
2017/03/06,12.05,12.09,11.98,12.07,22857818,275912800.00
2017/03/07,12.02,12.09,11.98,12.07,24547631,296276672.00
2017/03/08,11.99,12.03,11.96,12.02,23376887,281041568.00
2017/03/09,11.97,11.97,11.80,11.86,27126052,323062208.00
2017/03/10,11.79,11.90,11.79,11.88,16942576,201484912.00
2017/03/13,11.90,12.10,11.88,12.08,41382340,499015648.00
2017/03/14,12.04,12.08,11.97,12.02,22108533,266350720.00
2017/03/15,12.02,12.08,11.97,12.08,26399827,318549824.00
2017/03/16,12.30,12.34,12.10,12.15,42821748,523211008.00
2017/03/17,12.16,12.21,12.02,12.04,26308547,319343200.00
2017/03/20,12.06,12.11,12.01,12.06,17474927,211197120.00
2017/03/21,12.03,12.06,11.85,11.91,31338829,374057600.00
2017/03/22,12.02,12.14,12.00,12.08,36490818,441281632.00
2017/03/23,12.06,12.23,11.94,12.14,45618216,553721408.00
2017/03/24,12.03,12.04,11.92,11.98,33419603,400859840.00
2017/03/27,12.05,12.26,11.99,12.23,69689520,848158208.00
2017/03/28,12.15,12.19,12.05,12.08,31659850,384701056.00
2017/03/29,12.09,12.12,11.95,12.01,26472281,318556960.00
2017/03/30,11.97,11.97,11.61,11.68,37599875,443800736.00
2017/03/31,11.65,11.73,11.59,11.69,20819849,243071232.00
2017/04/05,11.78,11.83,11.70,11.80,21591908,254788928.00
2017/04/06,11.82,11.89,11.75,11.84,24907601,294953664.00
2017/04/07,11.92,12.83,11.92,12.46,157093097,1958572800.00
2017/04/10,12.12,12.31,12.07,12.23,65056975,794770496.00
2017/04/11,12.11,12.96,12.09,12.73,164249957,2078933760.00
2017/04/12,13.02,13.14,12.64,12.87,128871695,1663386368.00
2017/04/13,13.05,13.12,12.72,12.77,69054713,889722752.00
2017/04/14,12.87,13.33,12.79,13.13,142328181,1868954240.00
2017/04/17,12.90,13.06,12.52,12.62,86608385,1104323456.00
2017/04/18,12.52,12.69,12.37,12.64,49099760,614774656.00
2017/04/19,12.56,12.82,12.26,12.33,56453833,706875328.00
2017/04/20,12.18,12.21,11.88,11.95,57104652,688075136.00
2017/04/21,11.97,12.12,11.88,12.00,35345935,425126656.00
2017/04/24,11.87,11.87,11.10,11.25,71002913,819342400.00
2017/04/25,11.17,11.42,11.15,11.32,36353481,412134240.00
2017/04/26,11.17,11.33,11.13,11.32,30697490,345185824.00
2017/04/27,11.25,11.34,11.08,11.28,31470869,353489984.00
2017/04/28,11.24,11.46,11.18,11.42,28069943,319637280.00
2017/05/02,11.19,11.24,11.09,11.22,29569991,331409152.00
2017/05/03,11.19,11.26,11.12,11.18,21672809,242910176.00
2017/05/04,10.99,11.00,10.78,10.82,48517815,528103136.00
2017/05/05,10.69,10.85,10.61,10.83,30809525,330582016.00
2017/05/08,10.72,10.75,10.55,10.62,24170717,257678464.00
2017/05/09,10.57,10.57,10.31,10.50,23601198,247029600.00
2017/05/10,10.41,10.51,10.07,10.10,25240407,262274800.00
2017/05/11,10.10,10.10,9.63,9.89,38426642,379480000.00
2017/05/12,9.89,10.14,9.89,10.10,26049756,262674448.00
2017/05/15,9.99,10.33,9.99,10.23,25421348,258984112.00
2017/05/16,10.22,10.29,10.05,10.28,24945436,254152048.00
2017/05/17,10.34,10.44,10.29,10.30,26948473,279833408.00
2017/05/18,10.65,10.74,10.37,10.41,46854139,496276288.00
2017/05/19,10.20,10.28,10.13,10.24,25183859,257727008.00
2017/05/22,10.23,10.23,9.98,10.04,19390887,196691888.00
2017/05/23,10.22,10.23,9.84,9.87,23358468,234873920.00
2017/05/24,9.72,9.72,9.46,9.70,26123394,252070064.00
2017/05/25,9.71,9.86,9.61,9.83,26391424,257943488.00
2017/05/26,9.80,10.00,9.74,9.97,24112865,239508544.00
2017/05/31,9.91,10.00,9.91,9.95,16754561,167059824.00
2017/06/01,9.97,9.99,9.65,9.67,24485441,240485840.00
2017/06/02,9.57,9.71,9.53,9.71,21986195,211887472.00
2017/06/05,9.90,10.14,9.84,10.02,35690465,356837056.00
2017/06/06,10.00,10.12,9.94,10.11,23898606,240576816.00
2017/06/07,10.17,10.22,10.06,10.19,36915018,375436768.00
2017/06/08,10.10,10.13,10.05,10.12,21251037,215091920.00
2017/06/09,9.98,10.02,9.92,10.00,24893099,248857808.00
2017/06/12,9.88,10.01,9.85,9.93,23361218,232075504.00
2017/06/13,9.89,10.05,9.85,10.04,22613925,226736688.00
2017/06/14,10.05,10.16,10.00,10.11,29572856,299306592.00
2017/06/15,10.03,10.10,9.94,10.08,24395981,245170464.00
2017/06/16,10.00,10.04,9.93,10.00,22109381,221326576.00
2017/06/19,9.97,10.02,9.94,10.02,16076775,161026272.00
2017/06/20,9.98,10.10,9.97,10.08,25816028,259948480.00
2017/06/21,10.05,10.15,10.05,10.11,25365514,256982384.00
2017/06/22,10.18,10.23,10.09,10.10,39290057,400058784.00
2017/06/23,10.05,10.05,9.83,9.99,37192454,371042336.00
2017/06/26,9.93,10.02,9.92,10.00,33306752,333063520.00
2017/06/27,9.89,10.02,9.86,10.01,38148908,380259968.00
2017/06/28,9.96,10.07,9.95,10.04,40590506,408187008.00
2017/06/29,10.02,10.09,10.00,10.06,28228236,284703648.00
2017/06/30,10.02,10.03,9.97,10.00,17724763,177752224.00
2017/07/03,9.98,10.00,9.92,10.00,18827716,188017024.00
2017/07/04,9.93,10.01,9.91,9.99,18066510,180554960.00
2017/07/05,10.00,10.04,9.99,10.03,20391408,204205936.00
2017/07/06,10.05,10.22,10.03,10.17,45307836,459545888.00
2017/07/07,10.12,10.33,10.06,10.29,47148701,480405920.00
2017/07/10,10.19,10.30,10.17,10.19,37620215,384845152.00
2017/07/11,10.16,10.24,10.03,10.04,30042160,304650688.00
2017/07/12,10.11,10.22,10.06,10.17,33449432,338977568.00
2017/07/13,10.19,10.62,10.13,10.51,86403142,898499456.00
2017/07/14,10.39,10.46,10.31,10.36,37425456,387776736.00
2017/07/17,10.45,10.78,10.10,10.22,81753374,854541568.00
2017/07/18,10.23,10.48,10.21,10.47,52146429,539911680.00
2017/07/19,10.70,11.29,10.69,11.10,136000648,1499334144.00
2017/07/20,10.89,11.00,10.82,10.94,77893636,848131200.00
2017/07/21,10.94,11.04,10.73,10.93,58321723,633852800.00
2017/07/24,11.06,11.13,10.80,10.86,57271385,626030208.00
2017/07/25,10.81,10.82,10.55,10.68,51669442,550596864.00
2017/07/26,10.60,10.78,10.59,10.68,42047052,449201184.00
2017/07/27,10.79,10.91,10.70,10.82,49812474,538489792.00
2017/07/28,10.75,10.77,10.58,10.67,33890900,361716480.00
2017/08/02,11.08,11.08,11.08,11.08,0,0.00
数据来源:通达信
