600965 福成股份 日线 前复权
      日期	    开盘	    最高	    最低	    收盘	    成交量	    成交额
2010/10/08,4.97,5.11,4.89,5.07,9194737,63768500.00
2010/10/11,5.14,5.45,5.11,5.24,18928488,137497824.00
2010/10/12,5.19,5.20,5.08,5.17,9609613,68131496.00
2010/10/13,5.19,5.22,5.09,5.19,7671149,54410476.00
2010/10/14,5.15,5.18,4.87,4.91,10583130,73277560.00
2010/10/15,4.89,4.92,4.74,4.80,10018811,66741672.00
2010/10/18,4.84,4.85,4.61,4.75,7037631,45744796.00
2010/10/19,4.72,4.87,4.69,4.87,5285120,35246332.00
2010/10/20,4.77,5.06,4.75,5.01,11465455,77942776.00
2010/10/21,5.00,5.04,4.83,4.91,6519145,44182304.00
2010/10/22,4.89,5.15,4.86,5.07,13409536,93202416.00
2010/10/25,5.05,5.15,4.97,5.14,13274475,92932896.00
2010/10/26,5.10,5.14,5.01,5.13,9898682,69124328.00
2010/10/27,5.10,5.29,5.09,5.24,19805100,141689552.00
2010/10/28,5.21,5.40,5.04,5.29,23681643,171464320.00
2010/10/29,5.34,5.37,5.14,5.27,18812750,136302832.00
2010/11/01,5.26,5.34,5.20,5.28,16250269,117552984.00
2010/11/02,5.28,5.32,5.15,5.21,13020725,93748896.00
2010/11/03,5.27,5.53,5.17,5.39,28556476,211951936.00
2010/11/04,5.34,5.57,5.28,5.47,22695175,169210704.00
2010/11/05,5.50,5.52,5.38,5.45,17932526,133788872.00
2010/11/08,5.47,6.00,5.46,5.96,38356719,299492032.00
2010/11/09,5.82,5.96,5.74,5.80,29634683,236597552.00
2010/11/10,5.76,5.96,5.71,5.79,16013850,127831896.00
2010/11/11,5.71,5.80,5.57,5.57,17600278,137019392.00
2010/11/12,5.58,5.65,5.07,5.12,16206378,119152416.00
2010/11/15,5.15,5.27,5.07,5.25,9588537,68347800.00
2010/11/16,5.29,5.41,5.13,5.25,11962128,87050144.00
2010/11/17,5.11,5.21,5.00,5.04,7013434,49353656.00
2010/11/18,5.05,5.17,4.84,4.99,6305445,43454280.00
2010/11/19,5.03,5.11,4.94,5.11,5432113,37634864.00
2010/11/22,5.07,5.18,5.02,5.14,5812009,41105568.00
2010/11/23,5.12,5.12,4.89,4.93,4873466,33411572.00
2010/11/24,4.91,5.04,4.87,5.01,4759198,32723320.00
2010/11/25,5.02,5.18,5.01,5.17,6779876,47946596.00
2010/11/26,5.17,5.51,5.11,5.42,16933145,123691720.00
2010/11/29,5.37,5.56,5.29,5.40,16563732,123524512.00
2010/11/30,5.31,5.38,4.97,5.29,11245067,80815992.00
2010/12/01,5.24,5.42,5.19,5.31,9988339,73202560.00
2010/12/02,5.38,5.56,5.27,5.54,17679998,132221168.00
2010/12/03,5.48,5.64,5.33,5.45,15509401,116834088.00
2010/12/06,5.42,5.42,5.18,5.24,9963404,72508440.00
2010/12/07,5.24,5.29,5.07,5.27,6155921,44113036.00
2010/12/08,5.26,5.31,5.14,5.17,5619145,40423716.00
2010/12/09,5.11,5.21,5.00,5.01,6411847,44748632.00
2010/12/10,4.96,5.09,4.96,5.06,2404277,16663339.00
2010/12/13,5.06,5.21,5.06,5.19,6369496,45002408.00
2010/12/14,5.18,5.37,5.13,5.32,11117985,80542816.00
2010/12/15,5.30,5.42,5.24,5.25,8571532,62898988.00
2010/12/16,5.23,5.40,5.21,5.37,7725766,56712240.00
2010/12/17,5.35,5.40,5.22,5.33,6240011,45492740.00
2010/12/20,5.36,5.47,5.10,5.46,10960643,80427552.00
2010/12/21,5.40,5.45,5.29,5.38,7984476,59186260.00
2010/12/22,5.34,5.44,5.27,5.27,5704114,41946944.00
2010/12/23,5.29,5.34,5.15,5.17,3484152,25080984.00
2010/12/24,5.15,5.21,5.11,5.12,3154572,22342724.00
2010/12/27,5.16,5.19,4.98,5.00,3395572,23839768.00
2010/12/28,4.99,5.00,4.84,4.86,2996573,20345228.00
2010/12/29,4.86,4.95,4.84,4.94,1799081,12194349.00
2010/12/30,4.94,4.97,4.81,4.91,2800141,18985008.00
2010/12/31,4.96,5.05,4.92,5.01,2576288,17806714.00
2011/01/04,5.01,5.14,4.98,5.09,3262420,22781636.00
2011/01/05,5.04,5.11,5.02,5.04,2933521,20475600.00
2011/01/06,5.04,5.12,5.01,5.07,2605486,18203150.00
2011/01/07,5.04,5.15,5.02,5.08,3356339,23604106.00
2011/01/10,5.16,5.17,4.94,4.95,2904558,20292744.00
2011/01/11,4.91,4.95,4.77,4.84,3197723,21410948.00
2011/01/12,4.85,4.91,4.82,4.90,2356826,15839459.00
2011/01/13,4.88,4.93,4.84,4.87,1916185,12952980.00
2011/01/14,4.82,4.86,4.74,4.77,1968229,13037224.00
2011/01/17,4.69,4.72,4.44,4.45,3899332,24539048.00
2011/01/18,4.49,4.52,4.42,4.51,1675099,10415126.00
2011/01/19,4.50,4.58,4.50,4.57,2248426,14202731.00
2011/01/20,4.57,4.59,4.34,4.36,2554143,15833870.00
2011/01/21,4.37,4.44,4.35,4.41,1601285,9787721.00
2011/01/24,4.38,4.44,4.26,4.27,2424855,14676850.00
2011/01/25,4.27,4.27,4.16,4.21,1835813,10789361.00
2011/01/26,4.23,4.31,4.21,4.29,1626390,9694220.00
2011/01/27,4.27,4.37,4.22,4.37,2469112,14867670.00
2011/01/28,4.38,4.72,4.33,4.64,9886383,62680576.00
2011/01/31,4.55,4.65,4.48,4.59,6054295,38296712.00
2011/02/01,4.57,4.61,4.50,4.53,3084015,19492476.00
2011/02/09,4.51,4.79,4.46,4.67,8517104,55700188.00
2011/02/10,4.77,4.88,4.69,4.74,6773290,44854288.00
2011/02/11,4.71,4.75,4.66,4.73,4034167,26287366.00
2011/02/14,4.76,4.87,4.71,4.82,4954173,32802710.00
2011/02/15,4.82,4.95,4.77,4.79,5149997,34506048.00
2011/02/16,4.78,4.83,4.72,4.81,3412375,22574846.00
2011/02/17,4.82,4.87,4.74,4.84,3799721,25271740.00
2011/02/18,4.84,4.84,4.67,4.72,5809813,38121360.00
2011/02/21,4.67,4.79,4.66,4.77,3578570,23514352.00
2011/02/22,4.77,4.94,4.71,4.81,11553860,77440112.00
2011/02/23,4.78,4.81,4.66,4.78,5094995,33400420.00
2011/02/24,4.77,4.88,4.75,4.84,5129052,34152136.00
2011/02/25,4.84,4.90,4.79,4.87,4901341,32955714.00
2011/02/28,4.89,5.00,4.89,4.92,5204787,35461896.00
2011/03/01,4.92,4.98,4.88,4.98,6797247,46369600.00
2011/03/02,4.94,4.97,4.84,4.96,3969593,26969506.00
2011/03/03,4.92,4.97,4.83,4.84,4416603,29921182.00
2011/03/04,4.81,4.91,4.81,4.90,3284988,22101048.00
2011/03/07,4.90,5.05,4.90,5.01,7881085,54213424.00
2011/03/08,5.01,5.06,4.95,5.05,5591512,38616220.00
2011/03/09,5.05,5.25,5.03,5.19,14531521,103177272.00
2011/03/10,5.20,5.20,5.08,5.11,7439886,52595044.00
2011/03/11,5.10,5.17,5.02,5.02,7194821,50756864.00
2011/03/14,4.98,5.11,4.94,5.04,6189947,42850180.00
2011/03/15,5.03,5.03,4.75,4.91,5047330,34057972.00
2011/03/16,4.91,5.04,4.88,4.97,4528033,31189904.00
2011/03/17,4.93,5.12,4.87,5.08,7407444,51665704.00
2011/03/18,5.07,5.15,4.99,5.04,5281000,36927376.00
2011/03/21,5.02,5.13,4.92,4.94,4003613,27708792.00
2011/03/22,4.96,5.04,4.87,5.02,3214888,22095656.00
2011/03/23,5.04,5.14,4.99,5.13,6253980,43924784.00
2011/03/24,5.12,5.24,5.07,5.16,8339500,59302204.00
2011/03/25,5.15,5.34,5.12,5.20,11900189,85843360.00
2011/03/28,5.22,5.23,5.10,5.14,7841785,55655152.00
2011/03/29,5.13,5.24,5.02,5.23,9297069,65719624.00
2011/03/30,5.17,5.27,5.09,5.14,7494075,53413104.00
2011/03/31,5.13,5.15,4.96,4.97,4996113,34873512.00
2011/04/01,4.95,5.07,4.89,5.06,3935678,27101424.00
2011/04/06,5.06,5.22,5.03,5.16,6482121,45978772.00
2011/04/07,5.16,5.30,5.12,5.21,12510832,90159032.00
2011/04/08,5.20,5.27,5.15,5.23,7476277,53670176.00
2011/04/11,5.21,5.24,5.13,5.16,5241826,37489360.00
2011/04/12,5.15,5.29,5.13,5.26,7134063,51415552.00
2011/04/13,5.24,5.40,5.19,5.32,14480094,106121032.00
2011/04/14,5.33,5.44,5.23,5.30,11639246,85514288.00
2011/04/15,5.33,5.34,5.16,5.24,6354130,45797080.00
2011/04/18,5.24,5.77,5.24,5.72,32788112,251148864.00
2011/06/13,5.32,5.54,5.12,5.18,38804303,281733952.00
2011/06/14,5.07,5.73,5.04,5.73,27363110,208327104.00
2011/06/15,5.75,5.83,5.52,5.72,43545074,338108608.00
2011/06/16,5.54,5.67,5.34,5.46,22473119,170181120.00
2011/06/17,5.48,5.91,5.39,5.41,41384916,320738880.00
2011/06/20,5.08,5.16,4.84,4.90,29717205,201092480.00
2011/06/21,4.84,4.91,4.69,4.85,17760776,117524880.00
2011/06/22,4.84,5.08,4.80,4.93,24504210,167344736.00
2011/06/23,4.80,4.86,4.44,4.84,17985831,117407328.00
2011/06/24,4.74,4.96,4.69,4.87,19660749,131533064.00
2011/06/27,4.87,5.39,4.87,5.39,40975908,294331808.00
2011/06/28,5.37,5.44,5.14,5.25,31850536,232147104.00
2011/06/29,5.21,5.50,5.15,5.31,25066836,184827952.00
2011/06/30,5.24,5.49,5.24,5.44,20618357,152195616.00
2011/07/01,5.44,5.45,5.31,5.39,15998866,118162048.00
2011/07/04,5.39,5.48,5.34,5.42,18692926,139067344.00
2011/07/05,5.44,5.52,5.35,5.51,19684465,147644928.00
2011/07/06,5.46,5.49,5.30,5.38,14799639,109081600.00
2011/07/07,5.35,5.41,5.21,5.23,12503648,91019584.00
2011/07/08,5.21,5.34,5.20,5.31,9842448,71588832.00
2011/07/11,5.31,5.45,5.25,5.42,14427366,106998280.00
2011/07/12,5.35,5.77,5.27,5.56,34048581,259240832.00
2011/07/13,5.46,5.66,5.44,5.61,22565408,172621440.00
2011/07/14,5.65,5.76,5.53,5.67,20513651,158591840.00
2011/07/15,5.60,5.64,5.52,5.56,14688715,112156952.00
2011/07/18,5.60,5.83,5.56,5.77,23123147,180385120.00
2011/07/19,5.69,5.74,5.50,5.51,15301877,117634528.00
2011/07/20,5.55,5.64,5.46,5.63,9923380,75968168.00
2011/07/21,5.61,5.95,5.57,5.76,28482450,225879024.00
2011/07/22,5.77,6.06,5.71,5.94,27593662,222265728.00
2011/07/25,5.85,6.04,5.43,5.56,22365513,175808320.00
2011/07/26,5.50,5.57,5.31,5.54,12586834,93914104.00
2011/07/27,5.48,5.73,5.41,5.67,11931762,91249144.00
2011/07/28,5.56,5.61,5.44,5.50,8440065,63962296.00
2011/07/29,5.46,5.53,5.09,5.15,15753150,114419456.00
2011/08/01,5.15,5.24,5.11,5.17,6565323,46896712.00
2011/08/02,5.15,5.19,4.97,5.08,7617285,52971820.00
2011/08/03,5.00,5.17,4.93,5.09,7151877,50005020.00
2011/08/04,5.11,5.17,5.07,5.16,6170289,43577956.00
2011/08/05,4.96,5.04,4.84,4.94,5968650,41046592.00
2011/08/08,4.89,4.96,4.42,4.53,9728748,62575412.00
2011/08/09,4.36,4.55,4.17,4.53,8308927,50716096.00
2011/08/10,4.66,4.77,4.58,4.61,10072428,65467672.00
2011/08/11,4.45,4.73,4.42,4.69,7283102,46513116.00
2011/08/12,4.73,4.80,4.67,4.68,7373755,48233044.00
2011/08/15,4.71,4.78,4.66,4.76,5899769,38623312.00
2011/08/16,4.77,4.80,4.68,4.68,5274228,34588348.00
2011/08/17,4.68,4.81,4.61,4.71,6426731,41913108.00
2011/08/18,4.70,4.74,4.54,4.56,4648859,29944696.00
2011/08/19,4.44,4.51,4.42,4.47,4464058,27707476.00
2011/08/22,4.53,4.61,4.46,4.50,4112982,25899980.00
2011/08/23,4.51,4.63,4.50,4.63,3754028,23814952.00
2011/08/24,4.68,4.73,4.54,4.57,4384182,28196508.00
2011/08/25,4.66,5.05,4.64,4.95,25449017,174461840.00
2011/08/26,4.83,4.88,4.79,4.87,15092424,101019504.00
2011/08/29,4.84,4.92,4.82,4.87,7987534,53873008.00
2011/08/30,4.90,4.97,4.76,4.78,7511848,50521384.00
2011/08/31,4.77,4.94,4.74,4.86,6743232,45344176.00
2011/09/01,4.88,4.91,4.71,4.79,4911252,32578872.00
2011/09/02,4.77,4.78,4.58,4.62,4057199,26199486.00
2011/09/05,4.57,4.57,4.46,4.51,3354732,21057740.00
2011/09/06,4.51,4.59,4.47,4.54,2740784,17302106.00
2011/09/07,4.57,4.71,4.55,4.67,4651397,29906930.00
2011/09/08,4.70,4.77,4.66,4.67,4670405,30523560.00
2011/09/09,4.71,5.06,4.67,4.76,10715893,72022936.00
2011/09/13,4.68,4.74,4.54,4.67,5376548,34523352.00
2011/09/14,4.69,4.73,4.53,4.73,4846475,31199736.00
2011/09/15,4.73,4.91,4.71,4.82,7637573,50717504.00
2011/09/16,4.81,4.87,4.75,4.77,4458466,29578472.00
2011/09/19,4.77,4.78,4.60,4.61,3083340,19877460.00
2011/09/20,4.62,4.72,4.54,4.68,3162687,20370574.00
2011/09/21,4.68,4.81,4.63,4.81,4873717,32078364.00
2011/09/22,4.76,4.87,4.73,4.74,7054133,46917444.00
2011/09/23,4.63,4.92,4.57,4.86,11850689,79098888.00
2011/09/26,4.80,4.91,4.73,4.79,5698261,37982324.00
2011/09/27,4.82,4.86,4.71,4.82,3683439,24420580.00
2011/09/28,4.86,4.87,4.62,4.64,3382649,22222388.00
2011/09/29,4.62,4.63,4.31,4.33,5652054,34886548.00
2011/09/30,4.35,4.41,4.21,4.31,2862502,17264464.00
2011/10/10,4.33,4.39,4.31,4.33,2445832,14809681.00
2011/10/11,4.51,4.51,4.31,4.37,2923926,17899684.00
2011/10/12,4.33,4.51,4.31,4.50,4835968,29926292.00
2011/10/13,4.48,4.62,4.47,4.57,4745567,30083184.00
2011/10/14,4.57,4.58,4.44,4.49,3231911,20199644.00
2011/10/17,4.50,4.56,4.47,4.51,2617744,16410187.00
2011/10/18,4.47,4.50,4.29,4.30,2988307,18253824.00
2011/10/19,4.32,4.36,4.23,4.28,2308865,13838719.00
2011/10/20,4.24,4.28,4.07,4.09,3073410,17815568.00
2011/10/21,4.09,4.14,4.01,4.07,1994507,11404346.00
2011/10/24,4.06,4.14,4.01,4.13,2308053,13216079.00
2011/10/25,4.14,4.24,4.12,4.24,3329021,19504548.00
2011/10/26,4.21,4.28,4.19,4.23,4055509,24007368.00
2011/10/27,4.24,4.32,4.21,4.23,3011976,17903436.00
2011/10/28,4.27,4.35,4.26,4.34,3897723,23426836.00
2011/10/31,4.34,4.56,4.34,4.47,6767119,41892240.00
2011/11/01,4.41,4.44,4.35,4.40,4198959,25660386.00
2011/11/02,4.35,4.41,4.23,4.41,4305299,25934752.00
2011/11/03,4.42,4.50,4.41,4.44,5414552,33527806.00
2011/11/04,4.45,4.53,4.40,4.51,5562894,34604588.00
2011/11/07,4.49,4.50,4.40,4.44,4243192,26196228.00
2011/11/08,4.44,4.44,4.33,4.34,3636100,22224740.00
2011/11/09,4.38,4.44,4.32,4.44,3749575,22912670.00
2011/11/10,4.39,4.43,4.36,4.38,3083148,18821518.00
2011/11/11,4.40,4.47,4.38,4.41,2946715,18152146.00
2011/11/14,4.44,4.51,4.42,4.50,4326770,26901814.00
2011/11/15,4.49,4.61,4.47,4.60,7768461,49075880.00
2011/11/16,4.59,4.60,4.47,4.48,5654503,35654740.00
2011/11/17,4.47,4.53,4.41,4.41,3508357,21734148.00
2011/11/18,4.39,4.43,4.37,4.42,5414432,33144746.00
2011/11/21,4.42,4.45,4.38,4.44,3059693,18784596.00
2011/11/22,4.41,4.51,4.40,4.51,4196020,25940020.00
2011/11/23,4.51,4.67,4.47,4.60,12311821,78885032.00
2011/11/24,4.51,4.58,4.47,4.57,4915415,30885060.00
2011/11/25,4.57,4.64,4.49,4.51,3891111,24629592.00
2011/11/28,4.44,4.61,4.44,4.60,6083501,38670952.00
2011/11/29,4.63,4.72,4.61,4.66,7562003,48886848.00
2011/11/30,4.58,4.63,4.42,4.43,7981353,49774616.00
2011/12/01,4.51,4.62,4.51,4.57,5218237,33058998.00
2011/12/02,4.56,4.56,4.44,4.44,3380436,20996860.00
2011/12/05,4.44,4.54,4.41,4.41,4141502,25565356.00
2011/12/06,4.43,4.44,4.11,4.26,4720885,27957572.00
2011/12/07,4.27,4.41,4.21,4.41,4079132,24647348.00
2011/12/08,4.40,4.45,4.35,4.38,3704807,22697630.00
2011/12/09,4.37,4.44,4.37,4.41,1544696,9454489.00
2011/12/12,4.42,4.44,4.24,4.24,1873809,11317851.00
2011/12/13,4.19,4.22,4.04,4.07,2191374,12585048.00
2011/12/14,4.07,4.27,4.02,4.11,1935628,11227930.00
2011/12/15,4.07,4.13,3.92,3.93,2001059,11190600.00
2011/12/16,4.00,4.04,3.88,4.03,2059163,11417973.00
2011/12/19,4.00,4.07,3.93,4.06,1341854,7499973.00
2011/12/20,4.07,4.12,4.04,4.07,1402960,8006819.00
2011/12/21,4.12,4.14,4.06,4.06,2194960,12553208.00
2011/12/22,4.06,4.25,4.04,4.18,6121877,35301044.00
2011/12/23,4.11,4.23,4.11,4.18,1977717,11554216.00
2011/12/26,4.16,4.39,4.16,4.21,2985440,17718928.00
2011/12/27,4.19,4.22,4.13,4.14,2425528,14139722.00
2011/12/28,4.11,4.17,4.07,4.15,1963532,11297778.00
2011/12/29,4.12,4.19,4.11,4.12,1142071,6613254.00
2011/12/30,4.14,4.22,4.12,4.21,1276643,7449924.00
2012/01/04,4.31,4.33,4.17,4.17,1577599,9267956.00
2012/01/05,4.17,4.21,4.08,4.08,3235746,18585440.00
2012/01/06,4.08,4.17,4.08,4.16,1601774,9216321.00
2012/01/09,4.16,4.27,4.11,4.27,2547278,14892844.00
2012/01/10,4.23,4.69,4.22,4.50,7040608,43981936.00
2012/01/11,4.43,4.49,4.38,4.44,3879520,23918674.00
2012/01/12,4.44,4.50,4.42,4.44,2176719,13490624.00
2012/01/13,4.44,4.50,4.41,4.47,3578080,22106640.00
2012/01/16,4.41,4.48,4.41,4.41,2188218,13487820.00
2012/01/17,4.41,4.62,4.41,4.60,3930038,24838552.00
2012/01/18,4.54,4.60,4.47,4.47,3358048,21098796.00
2012/01/19,4.45,4.52,4.37,4.44,2636316,16261381.00
2012/01/20,4.44,4.53,4.41,4.51,1768081,11046172.00
2012/01/30,4.52,4.61,4.50,4.52,2753174,17432504.00
2012/01/31,4.53,4.56,4.44,4.55,1690515,10548913.00
2012/02/01,4.54,4.64,4.45,4.47,3000916,19004688.00
2012/02/02,4.52,4.68,4.50,4.54,4628187,29365824.00
2012/02/03,4.52,4.55,4.47,4.54,3081332,19352228.00
2012/02/06,4.51,4.54,4.48,4.51,2632241,16476319.00
2012/02/07,4.51,4.51,4.39,4.41,2719750,16758617.00
2012/02/08,4.41,4.48,4.39,4.47,2493703,15411720.00
2012/02/09,4.47,4.55,4.47,4.55,13397065,84098704.00
2012/02/10,4.54,4.57,4.46,4.57,13877577,87382288.00
2012/02/13,4.54,4.65,4.52,4.58,12096734,77139064.00
2012/02/14,4.54,4.58,4.50,4.54,4570696,28756716.00
2012/02/15,4.52,4.63,4.49,4.61,7989007,50854096.00
2012/02/16,4.61,4.62,4.52,4.59,5897531,37422460.00
2012/02/17,4.61,4.62,4.50,4.51,4354579,27477252.00
2012/02/20,4.55,4.57,4.50,4.50,3535662,22231516.00
2012/02/21,4.50,4.54,4.41,4.51,5050169,31343726.00
2012/02/22,4.50,4.57,4.46,4.57,5922306,37245336.00
2012/02/23,4.57,4.61,4.54,4.60,5997993,38098928.00
2012/02/24,4.59,4.66,4.55,4.62,7754750,49553256.00
2012/02/27,4.63,4.74,4.60,4.61,10997177,71255336.00
2012/02/28,4.58,4.78,4.48,4.76,13075666,84574624.00
2012/02/29,4.71,4.84,4.69,4.73,11382091,75130480.00
2012/03/01,4.73,4.88,4.68,4.76,7433082,49197664.00
2012/03/02,4.73,4.83,4.71,4.81,6958128,46141416.00
2012/03/05,4.81,4.87,4.73,4.74,7009169,46476936.00
2012/03/06,4.71,4.74,4.61,4.69,6481496,42007192.00
2012/03/07,4.64,4.81,4.62,4.69,5743420,37463156.00
2012/03/08,4.68,4.77,4.67,4.71,4404429,28816070.00
2012/03/09,4.76,4.78,4.71,4.78,4945467,32527408.00
2012/03/12,4.77,4.78,4.73,4.75,4479004,29494716.00
2012/03/13,4.75,4.88,4.74,4.86,8712472,58238412.00
2012/03/14,4.86,4.88,4.46,4.57,9640336,62780396.00
2012/03/15,4.54,4.63,4.46,4.56,4569197,28835336.00
2012/03/16,4.56,4.67,4.55,4.65,4176041,26722224.00
2012/03/19,4.63,4.76,4.61,4.74,5443259,35557636.00
2012/03/20,4.69,4.71,4.54,4.54,4508104,28762292.00
2012/03/21,4.58,4.61,4.50,4.60,2500979,15831425.00
2012/03/22,4.57,4.62,4.54,4.57,1827481,11600409.00
2012/03/23,4.54,4.76,4.52,4.70,5589831,35936164.00
2012/03/26,4.67,4.76,4.54,4.62,4144435,26726132.00
2012/03/27,4.67,4.68,4.57,4.57,2489396,15947775.00
2012/03/28,4.57,4.60,4.34,4.37,4262807,26526018.00
2012/03/29,4.37,4.41,4.21,4.24,3623678,21805804.00
2012/03/30,4.25,4.28,4.17,4.22,2301516,13538571.00
2012/04/05,4.22,4.32,4.21,4.30,2204407,13161607.00
2012/04/06,4.31,4.41,4.27,4.34,1900940,11491285.00
2012/04/09,4.33,4.38,4.28,4.34,1791174,10845735.00
2012/04/10,4.31,4.36,4.19,4.36,1858107,11107155.00
2012/04/11,4.31,4.34,4.21,4.33,1262420,7577732.00
2012/04/12,4.31,4.43,4.31,4.42,2306372,14070073.00
2012/04/13,4.40,4.47,4.38,4.42,2331285,14364383.00
2012/04/16,4.41,4.49,4.37,4.48,2384343,14755239.00
2012/04/17,4.51,4.51,4.39,4.41,2177731,13466610.00
2012/04/18,4.41,4.50,4.39,4.47,2183291,13525039.00
2012/04/19,4.47,4.52,4.42,4.46,1903799,11827870.00
2012/04/20,4.46,4.52,4.42,4.51,3161900,19686880.00
2012/04/23,4.51,4.52,4.41,4.45,2690340,16681320.00
2012/04/24,4.44,4.60,4.30,4.41,4274077,26420840.00
2012/04/25,4.38,4.48,4.31,4.45,3895367,24022192.00
2012/04/27,4.45,4.46,4.34,4.36,2800873,17020786.00
2012/05/02,4.41,4.44,4.35,4.39,2223860,13577869.00
2012/05/03,4.36,4.42,4.34,4.42,2794807,17018784.00
2012/05/04,4.42,4.47,4.41,4.45,2965941,18318068.00
2012/05/07,4.42,4.55,4.35,4.53,4541033,28213492.00
2012/05/08,4.49,4.61,4.48,4.58,5411813,34104548.00
2012/05/09,4.57,4.64,4.54,4.56,5484623,34963028.00
2012/05/10,4.54,4.61,4.50,4.59,3510030,22166084.00
2012/05/11,4.57,4.70,4.57,4.64,7418419,47810496.00
2012/05/14,4.65,4.86,4.60,4.84,11714199,77265672.00
2012/05/15,4.83,4.85,4.72,4.84,7432441,49204448.00
2012/05/16,4.79,4.84,4.72,4.83,8605050,57215392.00
2012/05/17,4.77,5.04,4.74,4.89,20171967,134718896.00
2012/05/18,4.80,4.91,4.73,4.82,21701002,144239984.00
2012/05/21,4.76,4.78,4.60,4.71,15637127,101657864.00
2012/05/22,4.69,4.79,4.60,4.64,11239631,72339720.00
2012/05/23,4.63,4.67,4.44,4.46,8961348,56278952.00
2012/05/24,4.46,4.48,4.41,4.44,4286613,26444908.00
2012/05/25,4.43,4.47,4.34,4.36,3206929,19672056.00
2012/05/28,4.36,4.45,4.31,4.44,3759121,22908692.00
2012/05/29,4.43,4.50,4.39,4.48,4232380,26200594.00
2012/05/30,4.47,4.49,4.44,4.47,2735248,16991376.00
2012/05/31,4.44,4.47,4.39,4.43,3057477,18860216.00
2012/06/01,4.41,4.49,4.41,4.47,2996892,18535400.00
2012/06/04,4.40,4.43,4.28,4.30,3187581,19321712.00
2012/06/05,4.31,4.34,4.24,4.28,1698980,10159350.00
2012/06/06,4.27,4.39,4.27,4.31,1912492,11505717.00
2012/06/07,4.36,4.37,4.21,4.24,1708437,10220211.00
2012/06/08,4.27,4.30,4.21,4.24,1533057,9105280.00
2012/06/11,4.24,4.31,4.23,4.30,1235139,7351764.00
2012/06/12,4.27,4.33,4.25,4.27,1086488,6493602.00
2012/06/13,4.29,4.33,4.27,4.32,1237267,7421284.00
2012/06/14,4.32,4.40,4.30,4.34,3523185,21393026.00
2012/06/15,4.35,4.40,4.25,4.33,1822381,10993428.00
2012/06/18,4.35,4.38,4.33,4.35,1305689,7911820.00
2012/06/19,4.36,4.36,4.27,4.31,1518843,9143269.00
2012/06/20,4.31,4.34,4.28,4.28,1000312,6002696.00
2012/06/21,4.27,4.31,4.21,4.24,1232018,7283693.00
2012/06/25,4.22,4.27,4.03,4.04,1513798,8763388.00
2012/06/26,4.07,4.09,4.00,4.09,1216944,6893752.00
2012/06/27,4.07,4.11,4.04,4.05,1025351,5842777.00
2012/06/28,4.07,4.11,3.98,3.99,938510,5306824.00
2012/06/29,4.00,4.05,3.94,4.04,1263144,7104645.00
2012/07/02,4.07,4.16,4.04,4.10,1177382,6743852.00
2012/07/03,4.11,4.14,4.04,4.09,1425002,8140760.00
2012/07/04,4.11,4.11,4.00,4.04,1432676,8121440.00
2012/07/05,4.04,4.06,3.91,3.92,1391740,7723982.00
2012/07/06,3.96,4.00,3.89,4.00,1212921,6704102.00
2012/07/09,3.98,4.00,3.84,3.85,1278349,7043953.00
2012/07/10,3.84,3.89,3.80,3.83,1268144,6839833.00
2012/07/11,3.82,3.88,3.82,3.87,821032,4442605.00
2012/07/12,3.87,4.04,3.84,3.96,2632856,14625491.00
2012/07/13,3.92,3.99,3.91,3.97,1526753,8448861.00
2012/07/16,4.00,4.09,3.92,3.94,3125277,17470452.00
2012/07/17,3.93,3.98,3.85,3.93,1731045,9485982.00
2012/07/18,3.93,4.27,3.93,4.25,7870504,45207472.00
2012/07/19,4.16,4.27,4.15,4.20,6325496,37119932.00
2012/07/20,4.14,4.24,4.12,4.14,3043943,17778928.00
2012/07/23,4.09,4.30,4.04,4.17,2910739,17013600.00
2012/07/24,4.10,4.21,4.07,4.15,1989780,11501226.00
2012/07/25,4.11,4.15,4.04,4.06,2138112,12255764.00
2012/07/26,4.08,4.11,4.03,4.04,1812152,10307578.00
2012/07/27,4.07,4.15,4.04,4.14,1984092,11391475.00
2012/07/30,4.07,4.11,3.84,3.86,3974869,21942196.00
2012/07/31,3.83,3.85,3.70,3.76,2031977,10727290.00
2012/08/01,3.76,3.83,3.71,3.81,1202568,6407620.00
2012/08/02,3.80,3.81,3.73,3.74,814297,4308058.00
2012/08/03,3.74,3.80,3.71,3.80,1428193,7565293.00
2012/08/06,3.77,3.87,3.75,3.86,2166914,11650174.00
2012/08/07,3.86,4.25,3.84,4.10,5604381,31708084.00
2012/08/08,4.00,4.04,3.95,3.98,3509382,19624044.00
2012/08/09,3.97,4.07,3.92,4.04,3036856,17065784.00
2012/08/10,4.04,4.06,3.97,4.01,1784749,10004870.00
2012/08/13,4.00,4.13,3.97,4.00,2916163,16548369.00
2012/08/14,3.97,3.99,3.81,3.96,2868623,15743280.00
2012/08/15,3.94,3.94,3.84,3.92,1453778,7971037.00
2012/08/16,3.88,3.98,3.88,3.89,1459507,8045896.00
2012/08/17,3.85,3.92,3.81,3.88,1429396,7742734.00
2012/08/20,3.84,3.97,3.81,3.96,2128044,11680293.00
2012/08/21,3.95,3.98,3.89,3.96,1939092,10723137.00
2012/08/22,3.96,4.01,3.92,3.94,1842351,10241329.00
2012/08/23,3.91,3.97,3.90,3.95,1150500,6359688.00
2012/08/24,3.93,4.01,3.88,3.90,1490801,8251567.00
2012/08/27,3.87,3.87,3.76,3.78,1615972,8638579.00
2012/08/28,3.78,3.83,3.74,3.77,1430067,7606518.00
2012/08/29,3.77,3.82,3.75,3.76,1322875,7040669.00
2012/08/30,3.76,3.83,3.70,3.75,1802307,9551652.00
2012/08/31,3.73,3.77,3.71,3.74,1064589,5606461.00
2012/09/03,3.72,3.81,3.69,3.81,2258459,12003488.00
2012/09/04,3.81,3.82,3.76,3.80,1462804,7787167.00
2012/09/05,3.74,3.81,3.74,3.80,1428620,7591844.00
2012/09/06,3.81,3.84,3.76,3.83,2361953,12614880.00
2012/09/07,3.83,4.00,3.82,3.93,4734541,26024950.00
2012/09/10,3.94,3.99,3.90,3.98,3255040,17978568.00
2012/09/11,3.98,3.98,3.90,3.95,1665517,9195077.00
2012/09/12,3.96,3.99,3.93,3.97,2250991,12484652.00
2012/09/13,3.97,4.05,3.92,3.93,2201616,12219245.00
2012/09/14,3.94,3.97,3.89,3.93,1932801,10599952.00
2012/09/17,3.98,4.06,3.87,3.90,4749713,26461898.00
2012/09/18,3.87,3.97,3.87,3.96,1594720,8697747.00
2012/09/19,3.96,4.01,3.92,3.97,1486704,8205272.00
2012/09/20,3.98,4.12,3.91,3.91,4929075,27617704.00
2012/09/21,3.87,3.89,3.74,3.78,3039809,16152708.00
2012/09/24,3.75,3.81,3.69,3.78,1264675,6654371.00
2012/09/25,3.75,3.81,3.73,3.74,953233,5012666.00
2012/09/26,3.74,3.77,3.56,3.58,1438512,7375449.00
2012/09/27,3.60,3.71,3.56,3.66,1788249,9110956.00
2012/09/28,3.65,3.73,3.62,3.72,1371602,7107665.00
2012/10/08,3.73,3.80,3.70,3.76,1667368,8774364.00
2012/10/09,3.77,3.87,3.74,3.86,2055710,10987227.00
2012/10/10,3.83,3.89,3.81,3.87,1669428,8981893.00
2012/10/11,3.84,3.87,3.78,3.81,1310389,6999633.00
2012/10/12,3.81,3.84,3.75,3.80,1149614,6101943.00
2012/10/15,3.84,3.92,3.81,3.87,2993353,16176737.00
2012/10/16,3.87,3.93,3.82,3.89,1820077,9842790.00
2012/10/17,3.91,3.97,3.84,3.88,1934915,10534732.00
2012/10/18,3.89,3.94,3.87,3.91,3203209,17502566.00
2012/10/19,3.91,3.92,3.84,3.89,1946668,10572677.00
2012/10/22,4.03,4.24,4.01,4.01,7631570,43126096.00
2012/10/23,4.04,4.44,4.03,4.27,13183528,77212520.00
2012/10/24,4.17,4.24,4.10,4.13,6830014,39504664.00
2012/10/25,4.10,4.15,3.98,4.02,5110300,28897640.00
2012/10/26,4.07,4.07,3.91,3.94,2676090,14810834.00
2012/10/29,3.97,4.00,3.90,3.99,3141299,17301044.00
2012/10/30,4.02,4.04,3.97,3.97,1835077,10218404.00
2012/10/31,3.97,4.01,3.92,3.99,1616535,8927128.00
2012/11/01,3.99,4.06,3.87,4.05,3728531,20726180.00
2012/11/02,4.02,4.04,3.97,4.04,2317255,12960995.00
2012/11/05,4.02,4.14,4.00,4.10,4538574,25845928.00
2012/11/06,4.10,4.14,3.97,4.07,3344790,18844756.00
2012/11/07,4.10,4.22,4.07,4.11,3678682,21132934.00
2012/11/08,4.04,4.12,3.98,4.01,2852144,16056404.00
2012/11/09,4.01,4.05,3.90,3.94,1916349,10620506.00
2012/11/12,3.95,4.01,3.90,3.97,1534831,8477219.00
2012/11/13,3.97,4.01,3.87,3.88,1370211,7535707.00
2012/11/14,3.88,3.89,3.77,3.82,1544444,8250960.00
2012/11/15,3.81,3.83,3.68,3.72,1617370,8496819.00
2012/11/16,3.72,3.73,3.67,3.71,915539,4742808.00
2012/11/19,3.73,3.77,3.68,3.77,1017659,5315771.00
2012/11/20,3.86,4.00,3.75,3.87,3143816,17008968.00
2012/11/21,3.84,3.91,3.79,3.89,1786529,9573688.00
2012/11/22,3.86,3.95,3.83,3.89,1972379,10732286.00
2012/11/23,3.87,3.91,3.84,3.85,1257030,6795636.00
2012/11/26,3.91,3.91,3.77,3.79,1219901,6494050.00
2012/11/27,3.77,3.79,3.67,3.67,1279800,6646239.00
2012/11/28,3.67,3.71,3.56,3.59,1142608,5808696.00
2012/11/29,3.57,3.64,3.57,3.59,634720,3216104.00
2012/11/30,3.57,3.65,3.56,3.63,878010,4440988.00
2012/12/03,3.63,3.65,3.51,3.53,847100,4269706.00
2012/12/04,3.51,3.55,3.41,3.55,1288487,6300058.00
2012/12/05,3.52,3.69,3.51,3.65,1654421,8437675.00
2012/12/06,3.67,3.72,3.60,3.66,1354247,6936696.00
2012/12/07,3.64,3.86,3.64,3.77,3745391,19796720.00
2012/12/10,4.02,4.18,3.94,4.05,11038129,62624052.00
2012/12/11,3.94,4.06,3.91,3.91,6103008,33673284.00
2012/12/12,3.92,3.95,3.87,3.94,3540479,19343204.00
2012/12/13,3.96,4.01,3.81,3.82,4929954,26889388.00
2012/12/14,3.82,4.05,3.79,3.98,6931963,38150860.00
2012/12/17,3.97,4.01,3.89,3.96,5026921,27667512.00
2012/12/18,3.94,4.09,3.94,3.98,6224209,34863664.00
2012/12/19,3.94,4.01,3.91,3.94,3414062,18807790.00
2012/12/20,3.94,3.95,3.84,3.94,2858711,15572312.00
2012/12/21,3.97,4.03,3.93,3.94,4232351,23435452.00
2012/12/24,3.99,4.01,3.94,3.99,3347434,18553276.00
2012/12/25,3.96,4.05,3.91,4.04,6042878,33791656.00
2012/12/26,4.01,4.11,4.01,4.08,5326955,30118510.00
2012/12/27,4.12,4.16,4.01,4.01,4747797,26833360.00
2012/12/28,3.99,4.04,3.96,4.04,4260069,23699922.00
2012/12/31,4.04,4.07,4.00,4.05,3015290,16929880.00
2013/01/04,4.14,4.15,4.01,4.06,3421544,19331732.00
2013/01/07,4.08,4.19,4.07,4.18,6961368,39979872.00
2013/01/08,4.16,4.20,4.10,4.20,5646365,32529738.00
2013/01/09,4.29,4.41,4.21,4.25,13533096,80905912.00
2013/01/10,4.21,4.32,4.16,4.21,6400218,37553416.00
2013/01/11,4.22,4.24,4.06,4.15,5374935,30955134.00
2013/01/14,4.18,4.37,4.15,4.34,9662282,57437184.00
2013/01/15,4.35,4.80,4.31,4.80,37104519,241810736.00
2013/01/16,4.71,4.81,4.64,4.68,13792755,89835248.00
2013/04/08,4.64,4.64,4.18,4.28,21201612,125121928.00
2013/04/09,4.24,4.36,4.10,4.34,13599851,79763816.00
2013/04/10,4.25,4.29,4.17,4.21,8332226,48793552.00
2013/04/11,4.21,4.25,4.14,4.20,5583608,32515850.00
2013/04/12,4.33,4.39,4.20,4.21,9201004,54663864.00
2013/04/15,4.12,4.12,3.99,4.03,5612886,31698596.00
2013/04/16,3.96,4.06,3.94,4.04,2969156,16583289.00
2013/04/17,4.04,4.07,3.98,4.07,2784683,15626100.00
2013/04/18,4.02,4.19,3.99,4.11,4751768,27292054.00
2013/04/19,4.11,4.16,4.10,4.15,5333774,30622092.00
2013/04/22,4.11,4.15,4.08,4.14,3498179,20027396.00
2013/04/23,4.15,4.17,3.89,3.91,4808668,27051196.00
2013/04/24,3.93,4.01,3.88,3.99,4166698,22950948.00
2013/04/25,3.96,4.02,3.92,3.93,3609694,20007284.00
2013/04/26,3.97,3.97,3.81,3.84,3532255,19195568.00
2013/05/02,3.86,4.01,3.85,3.94,3463559,19064160.00
2013/05/03,3.94,4.01,3.90,4.01,3907364,21681552.00
2013/05/06,4.02,4.09,4.00,4.08,4492248,25323612.00
2013/05/07,4.08,4.14,4.05,4.09,3532280,20087082.00
2013/05/08,4.11,4.11,4.05,4.09,2871578,16290095.00
2013/05/09,4.17,4.40,4.17,4.33,15314310,91341816.00
2013/05/10,4.29,4.31,4.21,4.28,6284953,37192208.00
2013/05/13,4.26,4.34,4.21,4.31,5664839,33612852.00
2013/05/14,4.34,4.34,4.17,4.21,3923103,22989352.00
2013/05/15,4.23,4.24,4.17,4.22,2901811,16942156.00
2013/05/16,4.21,4.30,4.18,4.26,4059573,23962704.00
2013/05/17,4.26,4.37,4.22,4.34,6216263,37249764.00
2013/05/20,4.37,4.41,4.31,4.38,6377845,38582504.00
2013/05/21,4.38,4.48,4.33,4.47,7381224,45116940.00
2013/05/22,4.47,4.48,4.37,4.39,5289391,32240004.00
2013/05/23,4.37,4.38,4.26,4.27,4495047,26925940.00
2013/05/24,4.27,4.35,4.27,4.34,3153392,18840252.00
2013/05/27,4.34,4.38,4.31,4.37,3941846,23787760.00
2013/05/28,4.37,4.41,4.30,4.37,3674752,22016138.00
2013/05/29,4.37,4.42,4.32,4.41,5501137,33150488.00
2013/05/30,4.38,4.44,4.37,4.41,3640767,22097974.00
2013/05/31,4.42,4.44,4.33,4.33,3925820,23670542.00
2013/06/03,4.32,4.37,4.29,4.30,2754159,16436076.00
2013/06/04,4.30,4.32,4.14,4.17,3681258,21434004.00
2013/06/05,4.17,4.24,4.17,4.24,1908829,11108352.00
2013/06/06,4.22,4.39,4.20,4.33,6869967,41140928.00
2013/06/07,4.31,4.43,4.29,4.42,8129109,49123552.00
2013/06/13,4.35,4.37,3.97,4.14,4737133,27256876.00
2013/06/14,4.13,4.18,4.03,4.14,4643150,26306090.00
2013/06/17,4.14,4.14,4.02,4.07,2570514,14508860.00
2013/06/18,4.09,4.17,4.06,4.11,2274457,12945969.00
2013/06/19,4.11,4.11,3.97,4.04,2892089,16117339.00
2013/06/20,4.01,4.08,3.88,3.91,2147915,11894102.00
2013/06/21,3.85,3.87,3.74,3.86,2319581,12282127.00
2013/06/24,3.84,3.86,3.49,3.59,2945604,14968881.00
2013/06/25,3.57,3.64,3.27,3.54,2777951,13572077.00
2013/06/26,3.53,3.61,3.51,3.58,1696949,8454037.00
2013/06/27,3.61,3.66,3.51,3.52,2220652,11089053.00
2013/06/28,3.49,3.57,3.47,3.52,1585985,7795433.00
2013/07/01,3.52,3.59,3.51,3.59,1440091,7119857.00
2013/07/02,3.58,3.65,3.56,3.64,1632534,8239123.00
2013/07/03,3.60,3.61,3.51,3.56,1618487,8033353.00
2013/07/04,3.54,3.64,3.49,3.62,2470371,12372014.00
2013/07/05,3.61,3.67,3.61,3.64,2435268,12353023.00
2013/07/08,3.58,3.58,3.44,3.44,2041975,9975391.00
2013/07/09,3.43,3.58,3.41,3.54,1988334,9750833.00
2013/07/10,3.53,3.64,3.50,3.64,1993568,9974806.00
2013/07/11,3.83,3.94,3.81,3.84,7459515,39991048.00
2013/07/12,3.85,3.91,3.76,3.78,4416327,23627510.00
2013/07/15,3.73,3.82,3.73,3.79,2577636,13564309.00
2013/07/16,3.74,3.84,3.74,3.82,2440557,12921896.00
2013/07/17,3.80,3.84,3.66,3.71,3864716,20125472.00
2013/07/18,3.70,3.72,3.64,3.67,2196415,11257107.00
2013/07/19,3.67,3.75,3.64,3.65,2698677,13890726.00
2013/07/22,3.64,3.74,3.61,3.72,2312377,11899923.00
2013/07/23,3.71,3.81,3.71,3.80,3128864,16452172.00
2013/07/24,3.79,3.82,3.74,3.82,2500955,13139404.00
2013/07/25,3.83,3.83,3.73,3.74,2331796,12218841.00
2013/07/26,3.71,3.76,3.64,3.68,1790742,9210789.00
2013/07/29,3.67,3.67,3.61,3.64,1690918,8566220.00
2013/07/30,3.63,3.70,3.58,3.67,1192807,6064897.00
2013/07/31,3.69,3.71,3.64,3.66,1158895,5935096.00
2013/08/01,3.64,3.80,3.63,3.77,3105635,16163234.00
2013/08/02,3.83,3.93,3.82,3.83,7040652,37826480.00
2013/08/05,3.84,3.94,3.82,3.94,5729696,31055840.00
2013/08/06,3.91,3.98,3.90,3.96,4570878,24947338.00
2013/08/07,3.94,4.15,3.90,4.13,9679068,53986012.00
2013/08/08,4.09,4.23,4.04,4.15,9258782,53034432.00
2013/08/09,4.26,4.32,4.08,4.21,9421176,54647252.00
2013/08/12,4.27,4.29,4.20,4.24,8806539,51640056.00
2013/08/13,4.24,4.34,4.20,4.34,8277978,48927876.00
2013/08/14,4.31,4.34,4.19,4.21,5956060,35051940.00
2013/08/15,4.20,4.20,4.12,4.14,3730296,21383230.00
2013/08/16,4.11,4.26,4.09,4.09,4150873,23983580.00
2013/08/19,4.07,4.20,4.07,4.18,2150268,12321277.00
2013/08/20,4.16,4.22,4.09,4.12,2691670,15439877.00
2013/08/21,4.13,4.14,4.03,4.14,2560379,14487113.00
2013/08/22,4.16,4.22,4.14,4.17,3294523,19069216.00
2013/08/23,4.21,4.26,4.04,4.17,4169238,24082292.00
2013/08/26,4.15,4.21,4.12,4.21,3316170,19116160.00
2013/08/27,4.19,4.21,4.17,4.21,2738280,15862391.00
2013/08/28,4.18,4.18,4.10,4.11,2931680,16808372.00
2013/08/29,4.14,4.18,4.11,4.17,2561671,14709871.00
2013/08/30,4.17,4.33,4.14,4.23,7288607,42981736.00
2013/09/02,4.23,4.41,4.11,4.37,8467150,50180712.00
2013/09/03,4.37,4.60,4.31,4.47,10987966,68039568.00
2013/09/04,4.45,4.46,4.32,4.37,5973062,36061256.00
2013/09/05,4.37,4.49,4.30,4.43,4846056,29239984.00
2013/09/06,4.36,4.43,4.34,4.37,3585982,21664720.00
2013/09/09,4.36,4.40,4.33,4.37,4075816,24518122.00
2013/09/10,4.37,4.38,4.33,4.37,3711261,22267700.00
2013/09/11,4.37,4.55,4.36,4.47,7491892,46014856.00
2013/09/12,4.45,4.54,4.41,4.43,5099378,31318192.00
2013/09/13,4.47,4.47,4.40,4.43,3035180,18476854.00
2013/09/16,4.45,4.51,4.42,4.49,3559194,21888858.00
2013/09/17,4.49,4.58,4.37,4.55,8642287,53428272.00
2013/09/18,4.47,4.52,4.44,4.46,3884553,23865656.00
2013/09/23,4.46,4.69,4.44,4.64,9169848,57587688.00
2013/09/24,4.58,4.60,4.51,4.54,4871717,30480354.00
2013/09/25,4.54,4.58,4.40,4.41,5544369,34368352.00
2013/09/26,4.42,4.47,4.38,4.40,3582654,21797370.00
2013/09/27,4.39,4.43,4.33,4.37,2978516,17996500.00
2013/09/30,4.40,4.54,4.40,4.47,4303312,26516412.00
2013/10/08,4.47,4.57,4.47,4.51,4223255,26261124.00
2013/10/09,4.51,4.60,4.51,4.58,5156870,32262486.00
2013/10/10,4.56,4.60,4.50,4.56,4475052,28005080.00
2013/10/11,4.57,4.69,4.57,4.64,6323925,40311048.00
2013/10/14,4.64,4.97,4.63,4.81,10138396,66929648.00
2013/10/15,4.78,5.24,4.76,5.14,15121134,104082728.00
2013/10/23,5.50,5.50,4.74,4.83,14364490,98853944.00
2013/10/24,4.67,4.81,4.66,4.71,6401506,41524688.00
2013/10/25,4.74,4.85,4.53,4.57,5531210,35459256.00
2013/10/28,4.59,4.69,4.53,4.62,3211314,20317154.00
2013/10/29,4.64,4.64,4.21,4.35,6073259,36849344.00
2013/10/30,4.37,4.44,4.34,4.41,2803887,16976306.00
2013/10/31,4.35,4.41,4.34,4.36,2658855,16006264.00
2013/11/01,4.35,4.37,4.23,4.28,3066893,18153028.00
2013/11/04,4.30,4.42,4.29,4.40,3386616,20431270.00
2013/11/05,4.36,4.48,4.29,4.44,3834680,23248182.00
2013/11/06,4.42,4.51,4.40,4.44,4091996,25146954.00
2013/11/07,4.41,4.52,4.41,4.44,4282988,26352428.00
2013/11/08,4.43,4.47,4.30,4.34,2578304,15536468.00
2013/11/11,4.32,4.38,4.28,4.34,1603798,9578884.00
2013/11/12,4.38,4.44,4.32,4.42,2480944,15021751.00
2013/11/13,4.41,4.44,4.35,4.35,2233167,13530529.00
2013/11/14,4.34,4.36,4.27,4.34,2305782,13736142.00
2013/11/15,4.32,4.45,4.32,4.44,4907293,29838808.00
2013/11/18,4.45,4.64,4.43,4.61,7983799,50207360.00
2013/11/19,4.63,4.94,4.63,4.81,11205749,73839128.00
2013/11/20,4.88,4.93,4.76,4.91,10755312,71831200.00
2013/11/21,4.87,5.43,4.86,5.43,34926983,253035904.00
2013/11/22,5.35,5.85,5.27,5.71,41873586,314089856.00
2013/11/25,5.55,5.74,5.47,5.54,22881677,173698448.00
2013/11/26,5.58,6.11,5.47,6.11,52321822,415985888.00
2013/11/27,6.00,6.28,5.81,6.11,55638202,455214976.00
2013/11/28,6.03,6.15,5.89,5.94,43665708,355088160.00
2013/11/29,5.88,6.01,5.61,5.75,39103692,305730656.00
2013/12/02,5.58,5.75,5.20,5.61,28222242,211559008.00
2013/12/03,5.62,5.62,5.41,5.54,21946140,163935888.00
2013/12/04,5.50,5.67,5.47,5.54,21490787,162788928.00
2013/12/05,5.53,5.53,5.37,5.37,12974145,96181056.00
2013/12/06,5.38,5.47,5.36,5.44,8156220,60244004.00
2013/12/09,5.44,5.57,5.40,5.54,14103624,105856600.00
2013/12/10,5.54,5.54,5.35,5.43,9544182,70521376.00
2013/12/11,5.41,5.43,5.27,5.34,8166847,59289348.00
2013/12/12,5.32,5.34,5.21,5.23,7777846,55974076.00
2013/12/13,5.20,5.34,5.14,5.31,6350911,45892396.00
2013/12/16,5.33,5.38,5.24,5.27,5359438,38832476.00
2013/12/17,5.24,5.31,5.15,5.19,4130370,29356984.00
2013/12/18,5.20,5.23,5.05,5.09,4469618,31451408.00
2013/12/19,5.11,5.16,4.93,4.94,6390773,43848944.00
2013/12/20,4.97,4.98,4.87,4.93,4762264,32100074.00
2013/12/23,4.94,5.04,4.87,5.02,4405143,30068940.00
2013/12/24,5.04,5.08,4.96,5.04,4012209,27584392.00
2013/12/25,5.04,5.11,5.00,5.10,4078268,28172582.00
2013/12/26,5.12,5.12,4.94,4.96,3499091,24031894.00
2013/12/27,4.96,5.03,4.94,4.98,3050041,20826812.00
2013/12/30,5.01,5.02,4.86,4.92,5590845,37772280.00
2013/12/31,4.89,4.91,4.78,4.87,5036211,33452028.00
2014/01/02,4.89,4.97,4.87,4.94,4083794,27459484.00
2014/01/03,4.91,4.99,4.82,4.97,4451297,29812784.00
2014/01/06,4.99,5.02,4.81,4.82,4799169,32446256.00
2014/01/07,4.73,4.77,4.60,4.69,3578544,23057684.00
2014/01/08,4.67,4.73,4.56,4.59,3983079,25362172.00
2014/01/09,4.59,4.68,4.51,4.51,3489473,22081496.00
2014/01/10,4.43,4.55,4.43,4.53,3046307,18885288.00
2014/01/13,4.56,4.61,4.46,4.48,1961608,12217003.00
2014/01/14,4.48,4.60,4.46,4.59,2770476,17325984.00
2014/01/15,4.59,4.67,4.51,4.65,3612683,22799108.00
2014/01/16,4.63,4.67,4.60,4.61,2725784,17342696.00
2014/01/17,4.59,4.63,4.47,4.51,2748321,17068176.00
2014/01/20,4.57,4.67,4.55,4.62,5343666,34007236.00
2014/01/21,4.54,4.79,4.54,4.77,6349780,41056272.00
2014/01/22,4.73,4.84,4.72,4.82,5823522,38310580.00
2014/01/23,4.80,4.84,4.75,4.79,4299459,28292516.00
2014/01/24,4.77,4.84,4.77,4.82,5080515,33503256.00
2014/01/27,4.77,4.79,4.67,4.69,3840915,24858944.00
2014/01/28,4.69,4.72,4.64,4.69,2366052,15188518.00
2014/01/29,4.71,4.73,4.60,4.63,3329490,21201580.00
2014/01/30,4.61,4.64,4.57,4.61,2401785,15202250.00
2014/02/07,4.58,4.71,4.57,4.70,2570184,16458710.00
2014/02/10,4.71,4.84,4.71,4.83,6608822,43460832.00
2014/02/11,4.81,4.96,4.80,4.95,7759091,51829952.00
2014/02/12,4.93,4.98,4.86,4.96,6273795,42332480.00
2014/02/13,4.96,5.26,4.91,5.12,16593574,116342232.00
2014/02/14,5.04,5.44,5.04,5.34,15755823,112110800.00
2014/02/17,5.27,5.37,5.21,5.27,10296146,74103792.00
2014/02/18,5.31,5.38,5.24,5.27,7654608,55236592.00
2014/02/19,5.27,5.31,5.12,5.17,8626309,61341888.00
2014/02/20,5.15,5.21,5.10,5.15,5653052,39839980.00
2014/02/21,5.14,5.16,4.97,5.05,5212614,36154176.00
2014/02/24,5.11,5.11,4.95,5.06,3792359,26109864.00
2014/02/25,5.05,5.14,4.72,4.81,6131745,41757384.00
2014/02/26,4.74,4.85,4.60,4.84,4429545,28788972.00
2014/02/27,4.84,4.91,4.78,4.84,4694706,31223302.00
2014/02/28,4.83,5.04,4.81,5.04,5579601,37760680.00
2014/03/03,5.03,5.18,5.01,5.17,7629532,53182496.00
2014/03/04,5.12,5.14,5.04,5.10,6159431,42890024.00
2014/03/05,5.09,5.14,4.98,4.99,5707931,39642276.00
2014/03/06,4.97,5.03,4.89,5.00,3346354,22748292.00
2014/03/07,5.00,5.02,4.85,4.86,3023650,20368780.00
2014/03/10,4.81,4.82,4.54,4.57,3305409,21262732.00
2014/03/11,4.54,4.81,4.54,4.68,3286651,21170188.00
2014/03/12,4.66,4.95,4.64,4.87,6541248,43227840.00
2014/03/13,4.86,5.03,4.81,4.84,4723320,31674204.00
2014/03/14,4.81,4.81,4.61,4.68,4846492,31232336.00
2014/03/17,4.68,4.81,4.64,4.78,3091952,20198720.00
2014/03/18,4.75,4.84,4.74,4.80,2644082,17361060.00
2014/03/19,4.77,5.25,4.68,5.14,13499900,93120928.00
2014/03/20,5.01,5.24,4.99,5.02,12318844,85717384.00
2014/03/21,4.97,5.25,4.92,5.18,12181201,85927464.00
2014/03/24,5.24,5.64,5.15,5.51,21757630,160856640.00
2014/03/25,5.52,5.52,5.27,5.34,13780185,101087840.00
2014/03/26,5.34,5.64,5.32,5.60,18510489,138674416.00
2014/03/27,6.04,6.18,5.63,5.66,34305429,275068000.00
2014/03/28,5.50,5.58,5.10,5.14,21339639,154740160.00
2014/03/31,5.15,5.33,5.12,5.17,9273324,66062992.00
2014/04/01,5.14,5.24,5.01,5.22,8387423,58848924.00
2014/04/02,5.21,5.39,5.18,5.31,10538096,76108760.00
2014/04/03,5.27,5.27,5.09,5.18,8017542,56539208.00
2014/04/04,5.23,5.39,5.14,5.31,10488632,75605240.00
2014/04/08,5.25,5.33,5.16,5.25,8662007,61939872.00
2014/04/09,5.25,5.37,5.24,5.29,8164429,59062160.00
2014/04/10,5.31,5.47,5.24,5.44,10542570,76811832.00
2014/04/11,5.44,5.51,5.32,5.49,9656673,71231936.00
2014/04/14,5.50,5.87,5.40,5.77,18072458,139571808.00
2014/04/15,5.68,5.82,5.58,5.61,11517521,88935264.00
2014/04/16,5.58,5.67,5.47,5.57,9212402,69657472.00
2014/04/17,5.58,5.61,5.41,5.42,6532349,48729256.00
2014/04/18,5.28,5.54,5.28,5.47,7259405,53304368.00
2014/04/21,5.42,5.43,5.17,5.23,8055663,58393944.00
2014/04/22,5.22,5.26,5.13,5.25,3942104,28019864.00
2014/04/23,5.24,5.28,5.20,5.24,2342226,16754238.00
2014/04/24,5.21,5.24,5.10,5.11,3117432,21956580.00
2014/04/25,5.14,5.14,4.84,4.86,5342063,36411536.00
2014/04/28,4.87,4.92,4.70,4.83,3275412,21582220.00
2014/04/29,4.84,4.91,4.74,4.90,2600359,17194428.00
2014/04/30,4.88,4.90,4.83,4.89,2469506,16483312.00
2014/05/05,4.88,5.01,4.80,4.94,2686165,18112224.00
2014/05/06,4.95,4.99,4.90,4.94,3012109,20381544.00
2014/05/07,4.93,4.94,4.80,4.83,3851105,25571194.00
2014/05/08,4.81,4.95,4.80,4.87,4194099,28083770.00
2014/05/09,4.87,4.89,4.73,4.76,2861677,18799232.00
2014/05/12,4.80,4.91,4.79,4.88,4056816,26965454.00
2014/05/13,4.89,4.98,4.88,4.92,3887386,26254822.00
2014/05/14,4.91,4.94,4.87,4.91,2547833,17121848.00
2014/05/15,4.91,4.91,4.77,4.78,3535240,23432884.00
2014/05/16,4.78,4.82,4.72,4.80,3027792,19800176.00
2014/05/19,4.80,4.81,4.67,4.74,2042615,13259816.00
2014/05/20,4.80,4.81,4.74,4.76,1955465,12815275.00
2014/05/21,4.74,4.79,4.70,4.79,1843770,12047664.00
2014/05/22,4.77,4.93,4.75,4.87,4616534,30708224.00
2014/05/23,4.86,4.89,4.81,4.88,3678357,24492852.00
2014/05/26,4.89,4.98,4.89,4.97,4598198,31214932.00
2014/05/27,4.97,5.02,4.94,4.97,4473759,30538520.00
2014/05/28,4.94,5.04,4.93,5.02,4098609,28042956.00
2014/05/29,5.03,5.07,4.91,4.96,3168404,21624100.00
2014/05/30,4.94,5.11,4.94,5.08,7714574,53284588.00
2014/06/03,5.02,5.21,5.02,5.16,13378076,94200480.00
2014/06/04,5.12,5.21,5.08,5.17,13463387,94980016.00
2014/06/05,5.14,5.14,5.04,5.08,6452559,44904152.00
2014/06/06,5.08,5.11,5.00,5.03,3688114,25498372.00
2014/06/09,5.01,5.28,4.96,5.26,13393412,94117776.00
2014/09/12,5.81,5.81,5.81,5.81,272255,1638975.00
2014/09/15,6.41,6.41,6.41,6.41,223885,1482119.00
2014/09/16,7.07,7.07,7.07,7.07,724140,5271739.00
2014/09/17,7.80,7.80,7.80,7.80,2109703,16898720.00
2014/09/18,8.60,8.60,8.60,8.60,1360574,11986657.00
2014/09/19,9.48,9.48,9.48,9.48,11423071,110689560.00
2014/09/23,10.45,10.45,10.45,10.45,16059435,171193584.00
2014/09/24,11.09,11.52,10.90,11.52,100910705,1152033024.00
2014/09/25,11.57,11.57,10.79,10.96,74852927,847005760.00
2014/09/26,10.85,11.98,10.85,11.18,62939811,730839168.00
2014/09/29,11.28,11.77,11.02,11.33,47700563,554081728.00
2014/09/30,11.17,11.39,10.99,11.16,29668669,337576000.00
2014/10/08,11.09,12.14,11.05,12.01,47991658,567864576.00
2014/10/09,11.84,11.96,11.42,11.55,39476701,466256448.00
2014/10/10,11.37,11.46,11.15,11.24,23786646,272777952.00
2014/10/13,11.19,11.45,11.11,11.30,19614140,225180768.00
2014/10/14,11.15,11.26,10.83,10.88,25205176,282785664.00
2014/10/15,10.92,11.04,10.60,10.74,19946467,218901696.00
2014/10/16,10.65,10.92,10.50,10.57,17271592,188367376.00
2014/10/17,10.59,10.85,10.40,10.79,17494284,189432016.00
2014/10/20,10.75,10.80,10.56,10.78,13073808,142434864.00
2014/10/21,10.75,10.97,10.70,10.80,14398519,159135440.00
2014/10/22,10.81,10.87,9.85,9.93,26430532,277248480.00
2014/10/23,9.93,10.00,9.65,9.70,14779166,147483216.00
2014/10/24,9.70,9.83,9.61,9.70,8786022,87263952.00
2014/10/27,9.71,10.04,9.65,10.01,10302089,103920624.00
2014/10/28,10.21,10.37,10.10,10.27,16685908,174309392.00
2014/10/29,10.23,10.76,10.12,10.35,19868763,211316448.00
2014/10/30,10.37,10.45,10.15,10.20,10563783,110774696.00
2014/10/31,10.18,10.26,9.84,9.91,11402456,116520096.00
2014/11/03,9.94,10.14,9.80,10.09,8918776,91257128.00
2014/11/04,10.08,10.19,9.85,9.90,8048037,81917136.00
2014/11/05,9.94,10.06,9.73,10.04,7493756,75597632.00
2014/11/06,9.98,10.13,9.85,10.06,6676842,68211696.00
2014/11/07,10.06,10.14,9.80,9.84,8587835,87487928.00
2014/11/10,9.87,9.95,9.76,9.85,7559732,75831288.00
2014/11/11,9.88,9.89,9.29,9.30,14785305,144002976.00
2014/11/12,9.26,9.64,9.25,9.55,9101691,88134664.00
2014/11/13,9.55,9.97,9.43,9.61,13432467,133506568.00
2014/11/14,9.49,9.56,9.35,9.51,5900294,56989668.00
2014/11/17,9.49,9.71,9.42,9.70,8521794,83748504.00
2014/11/18,9.68,10.12,9.63,10.05,16910762,172143408.00
2014/11/19,10.01,10.04,9.86,10.03,8554844,86919488.00
2014/11/20,9.99,10.10,9.85,9.95,8904648,90431264.00
2014/11/21,10.00,10.00,9.87,9.93,6706196,68018280.00
2014/11/24,9.99,10.02,9.76,9.88,9383383,94502464.00
2014/11/25,9.89,10.16,9.83,10.13,14380366,147085472.00
2014/11/26,10.09,10.11,9.79,9.92,10536094,107041480.00
2014/11/27,9.95,10.49,9.90,10.45,25588025,267804768.00
2014/11/28,10.39,10.42,10.10,10.21,13714448,143298624.00
2014/12/01,10.13,10.14,9.82,9.94,9508062,96704712.00
2014/12/02,9.91,10.08,9.83,9.97,8284425,84218656.00
2014/12/03,9.93,10.15,9.88,10.14,13743174,140504384.00
2014/12/04,10.12,10.20,10.04,10.14,13451572,139021840.00
2014/12/05,10.14,10.14,9.61,9.72,15756118,158063936.00
2014/12/08,9.62,9.81,9.50,9.66,11597801,114616528.00
2014/12/09,9.62,9.86,9.34,9.39,13348619,131557384.00
2014/12/10,9.30,9.66,9.14,9.63,12241032,116835912.00
2014/12/11,9.52,9.66,9.42,9.60,6510199,63704424.00
2014/12/12,9.59,10.38,9.59,10.19,20665565,212237712.00
2014/12/15,9.99,10.27,9.91,10.19,12891181,133059232.00
2014/12/16,10.19,10.28,9.98,10.00,8809187,90580288.00
2014/12/17,9.94,10.18,9.71,9.92,9702717,98542728.00
2014/12/18,9.84,9.87,9.58,9.61,10307982,101982864.00
2014/12/19,9.61,9.67,9.29,9.40,8461295,81486088.00
2014/12/22,9.30,9.34,8.45,9.20,13197834,121587504.00
2014/12/23,8.99,9.20,8.69,8.79,7168482,66167600.00
2014/12/24,8.98,9.23,8.92,9.11,4662204,43209408.00
2014/12/25,9.13,9.25,9.04,9.12,4315336,40273100.00
2014/12/26,9.11,9.12,8.93,9.03,4502163,41532352.00
2014/12/29,9.00,9.08,8.79,8.80,5159549,46994968.00
2014/12/30,8.79,8.86,8.55,8.58,4691281,41608912.00
2014/12/31,8.60,8.93,8.60,8.76,3850761,34622072.00
2015/01/05,8.73,8.94,8.63,8.85,4446856,40023392.00
2015/01/06,8.83,9.14,8.75,9.03,4990191,45636628.00
2015/01/07,9.01,9.06,8.93,8.98,3125412,28700440.00
2015/01/08,8.97,9.07,8.90,8.96,4398593,40496888.00
2015/01/09,8.91,8.94,8.81,8.82,4383973,39771916.00
2015/01/12,8.71,8.88,8.43,8.68,5708387,50451256.00
2015/01/13,8.57,8.64,8.36,8.54,9117600,79134432.00
2015/01/14,8.54,8.54,8.29,8.34,5559291,47791008.00
2015/01/15,8.32,8.46,8.29,8.42,3891435,33501886.00
2015/01/16,8.44,8.65,8.37,8.61,6591055,57372900.00
2015/01/19,8.51,9.09,8.41,8.83,13557373,122650128.00
2015/01/20,8.71,9.12,8.71,9.12,9899542,91201096.00
2015/01/21,9.09,9.27,9.04,9.25,10594184,99306112.00
2015/01/29,10.20,10.20,10.20,10.20,3121583,32495680.00
2015/01/30,11.24,11.24,9.86,9.90,38295156,413164608.00
2015/02/02,9.72,10.38,9.55,10.01,15736660,161332736.00
2015/02/03,9.91,10.08,9.77,9.88,9180879,92591136.00
2015/02/04,10.04,10.10,9.77,9.82,6763773,68430672.00
2015/02/05,9.89,9.93,9.47,9.53,8668918,85443000.00
2015/02/06,9.44,9.58,9.25,9.32,5221472,50094152.00
2015/02/09,9.32,9.48,9.28,9.46,4201553,40242376.00
2015/02/10,9.46,10.23,9.40,9.97,9363088,94652448.00
2015/02/11,9.91,10.00,9.72,9.94,4524955,45486324.00
2015/02/12,10.00,10.08,9.84,10.00,4862699,49487412.00
2015/02/13,10.08,10.12,9.97,10.01,5424143,55475104.00
2015/02/16,10.01,10.23,9.99,10.16,8529339,88387312.00
2015/02/17,10.09,10.24,10.09,10.14,4911100,50971768.00
2015/02/25,10.15,10.22,9.93,10.02,4754371,48686944.00
2015/02/26,10.02,10.14,9.96,10.13,5457395,56183064.00
2015/02/27,10.19,10.27,10.12,10.25,6411936,66797008.00
2015/03/02,10.30,10.82,10.30,10.75,15320036,165723216.00
2015/03/03,10.66,11.17,10.53,10.79,16157222,178565840.00
2015/03/04,10.72,11.05,10.71,10.98,11124577,124180192.00
2015/03/05,11.02,11.84,10.99,11.59,21057354,247543600.00
2015/03/06,11.70,12.09,11.39,11.68,23186327,278720640.00
2015/03/09,11.54,12.67,11.39,12.43,20887810,258520304.00
2015/03/10,12.43,13.06,12.21,12.32,19601320,250880544.00
2015/03/11,12.24,12.72,12.19,12.57,15401736,194907888.00
2015/03/12,12.54,13.03,12.12,12.16,16009920,204730384.00
2015/03/13,12.07,12.31,11.77,12.04,16966402,207100704.00
2015/03/16,12.16,12.47,12.05,12.39,16426599,205002448.00
2015/03/17,12.39,12.47,12.14,12.31,16582435,206920624.00
2015/03/18,12.28,13.09,12.25,13.00,24136244,313973888.00
2015/03/19,12.90,13.20,12.71,12.97,15150048,199097152.00
2015/03/20,12.88,13.45,12.80,13.31,16626854,223675472.00
2015/03/23,13.49,13.69,13.16,13.57,17020256,230653504.00
2015/03/24,13.49,13.54,12.72,13.07,20808200,276945184.00
2015/03/25,13.08,13.17,12.81,13.01,13793425,181961552.00
2015/03/26,12.94,13.49,12.88,13.19,15096107,202282400.00
2015/03/27,13.28,13.53,13.13,13.30,13420673,181200816.00
2015/03/30,13.60,13.70,13.12,13.13,20344088,274560000.00
2015/03/31,13.19,13.28,12.69,12.84,19929107,261040128.00
2015/04/01,12.84,12.99,12.76,12.93,16764595,219544896.00
2015/04/02,13.85,14.24,13.65,14.10,51747089,736838912.00
2015/04/03,13.74,13.92,13.04,13.84,34223800,473143328.00
2015/04/07,13.89,14.03,13.53,13.75,27159391,377228224.00
2015/04/08,13.76,13.77,13.02,13.09,31725593,427088064.00
2015/04/09,13.07,13.29,12.50,12.72,17426083,227411536.00
2015/04/10,12.79,13.01,12.75,12.91,13029530,170853696.00
2015/04/13,13.02,13.03,12.80,12.97,14032576,184306816.00
2015/04/14,12.97,12.97,12.71,12.85,13990676,182595744.00
2015/04/15,12.85,12.86,12.16,12.17,15241317,192495968.00
2015/04/16,12.07,12.54,11.80,12.31,9785757,121621384.00
2015/04/17,12.34,12.55,12.34,12.46,11997092,151892016.00
2015/04/20,12.37,12.75,12.21,12.51,13853195,175887856.00
2015/04/21,12.56,12.82,12.40,12.81,13795929,177562752.00
2015/04/22,12.94,13.28,12.88,13.17,18662591,248227840.00
2015/04/23,13.20,13.29,12.97,13.10,14657739,195222400.00
2015/04/24,12.80,13.02,12.67,12.84,14323843,186958688.00
2015/04/27,12.92,14.05,11.59,13.88,41128025,562316224.00
2015/04/28,13.84,14.23,13.14,13.37,32406612,450946976.00
2015/04/29,13.35,13.46,12.89,13.21,14381327,192449344.00
2015/04/30,13.21,13.57,12.94,13.05,13434716,180697248.00
2015/05/04,13.07,13.27,12.85,13.07,9924503,131689688.00
2015/05/05,13.13,13.24,12.30,12.35,14396769,185674288.00
2015/05/06,12.27,12.49,11.81,11.92,10965806,136085888.00
2015/05/07,11.89,12.14,11.77,11.88,7838933,94783832.00
2015/05/08,12.05,12.39,11.95,12.37,8372582,103161640.00
2015/05/11,12.50,12.75,12.32,12.73,12766285,163221984.00
2015/05/12,12.77,13.12,12.65,13.03,12554586,165582304.00
2015/05/13,13.02,13.18,12.82,13.17,14568207,191935440.00
2015/05/14,13.18,13.18,12.90,13.06,9403865,124497128.00
2015/05/15,12.99,13.05,12.59,12.64,10318530,133927216.00
2015/05/18,12.58,13.75,12.49,13.47,24636162,333719328.00
2015/05/19,13.60,13.72,13.30,13.62,19519793,268235184.00
2015/05/20,13.67,14.18,13.49,13.91,27838962,391810208.00
2015/05/21,13.92,15.32,13.92,15.20,34058590,515212096.00
2015/05/22,15.31,15.39,14.67,14.93,25126578,380888224.00
2015/05/25,14.85,15.89,14.79,15.70,26745367,421653792.00
2015/05/26,15.70,16.09,15.47,15.87,22474834,358781056.00
2015/05/27,15.87,16.36,15.67,15.68,21904252,351939328.00
2015/05/28,15.66,15.66,14.25,14.27,25533417,390742656.00
2015/05/29,14.19,14.64,13.31,14.29,15949194,227558240.00
2015/06/01,14.39,15.57,14.38,15.36,19626359,298556608.00
2015/06/02,15.49,16.92,15.39,16.92,29475209,493394336.00
2015/06/03,17.64,18.63,17.49,18.63,47769039,887627392.00
2015/06/04,18.69,18.69,16.79,17.94,31197328,561976960.00
2015/06/05,18.29,18.75,17.50,18.41,27971950,514995456.00
2015/06/08,18.43,18.49,17.59,17.66,19899424,360057376.00
2015/06/09,17.66,18.29,17.54,17.88,14759900,267224672.00
2015/06/10,17.71,18.56,17.57,18.18,14117961,258104640.00
2015/06/11,18.16,20.01,18.01,20.01,19680000,387715808.00
2015/06/12,20.74,20.99,19.61,19.68,25796663,522837792.00
2015/06/15,19.66,21.66,19.34,21.55,31766196,669237696.00
2015/06/16,20.86,21.16,19.38,20.10,18160186,373455392.00
2015/06/17,19.86,21.51,18.59,20.73,20222701,402232384.00
2015/06/18,20.75,22.36,20.16,21.03,21459477,466489856.00
2015/06/19,20.04,22.04,19.82,20.05,18798615,390484704.00
2015/06/23,20.15,20.66,18.03,19.49,23221680,442039104.00
2015/06/24,19.66,20.19,19.16,19.58,18959879,374436672.00
2015/06/25,19.81,21.16,19.34,19.78,25925792,532820960.00
2015/06/26,18.86,19.14,17.79,17.79,16747579,307248448.00
2015/06/29,18.36,18.36,16.00,16.00,18581350,309150368.00
2015/06/30,15.34,16.74,14.39,16.36,20505293,320373632.00
2015/07/01,16.11,16.96,14.71,14.71,19247909,307662240.00
2015/07/02,14.61,14.66,13.23,13.23,16941140,231977632.00
2015/07/03,12.01,12.86,11.89,11.89,13755430,168017824.00
2015/07/06,13.05,13.05,10.69,10.69,15010544,174087056.00
2015/07/07,9.62,9.92,9.61,9.61,4251793,41542768.00
2015/07/13,10.59,10.59,10.59,10.59,449257,4820528.00
2015/07/14,11.66,11.66,11.66,11.66,263643,3110987.00
2015/07/15,12.84,12.84,11.11,11.40,39521519,491432192.00
2015/07/16,10.66,12.01,10.66,11.78,14860117,174562288.00
2015/07/17,11.86,12.97,11.85,12.97,16843879,213326560.00
2015/07/20,13.26,14.26,12.80,14.11,30682357,418266688.00
2015/07/21,13.77,15.34,13.23,14.96,33395914,491949888.00
2015/07/22,14.96,15.16,13.76,14.48,27080846,395686560.00
2015/07/23,14.38,15.01,14.26,14.81,20787482,307659040.00
2015/07/24,14.66,14.95,13.87,14.14,21030881,308242752.00
2015/07/27,14.14,14.96,12.86,12.96,25999480,375941696.00
2015/07/28,11.93,13.15,11.65,12.31,21888920,271299136.00
2015/07/29,12.56,13.04,11.86,13.03,16958881,213914608.00
2015/07/30,12.86,13.51,12.41,12.58,15650737,207523488.00
2015/07/31,12.28,12.81,12.04,12.30,8866878,112122504.00
2015/08/03,12.18,12.54,11.06,11.06,16328438,191732560.00
2015/08/04,11.26,11.94,11.06,11.91,13791232,160244480.00
2015/08/05,11.91,12.30,11.67,11.73,13925148,168857056.00
2015/08/06,11.47,11.91,11.36,11.79,8265293,98238712.00
2015/08/07,11.94,12.44,11.85,12.38,13693032,168786176.00
2015/08/10,12.49,13.45,12.49,13.27,15806864,208250208.00
2015/08/11,13.21,13.86,13.07,13.40,14829196,201950160.00
2015/08/12,13.26,13.39,12.82,12.88,11832724,156707680.00
2015/08/13,12.82,13.32,12.71,13.30,8144358,106841592.00
2015/08/14,13.41,13.82,13.22,13.68,15644302,213524464.00
2015/08/17,13.51,14.03,13.51,13.91,17009081,236920240.00
2015/08/18,13.86,13.88,12.51,12.51,17711922,235579392.00
2015/08/19,12.12,13.51,11.66,13.45,18971553,241997680.00
2015/08/20,13.26,13.37,12.59,12.64,11149230,146930272.00
2015/08/21,12.37,12.80,11.86,11.97,9179428,114450352.00
2015/08/24,11.16,11.76,10.76,10.76,20702009,231040576.00
2015/08/25,9.67,10.36,9.67,9.67,16343767,161856944.00
2015/08/26,9.64,10.14,9.13,9.39,14370705,142093152.00
2015/08/27,9.81,10.01,9.49,9.99,12407422,123459152.00
2015/08/28,10.16,10.80,10.05,10.69,9843773,103106064.00
2015/08/31,10.77,10.77,10.21,10.24,9250133,98371328.00
2015/09/01,10.19,10.19,9.24,9.25,10237018,99954360.00
2015/09/02,8.75,9.52,8.59,8.67,7924476,72318984.00
2015/09/07,9.38,9.55,9.29,9.55,11019934,106629912.00
2015/09/08,9.86,10.52,9.66,10.52,24116900,254031488.00
2015/09/09,10.95,11.31,10.70,10.86,18327362,204346928.00
2015/09/10,10.66,11.12,10.58,10.68,8753329,96442272.00
2015/09/11,10.63,10.91,10.49,10.79,6402100,69387832.00
2015/09/14,10.79,10.96,9.70,9.70,7753304,80158680.00
2015/09/15,9.31,9.61,8.78,8.89,6341379,58776668.00
2015/09/16,8.88,9.79,8.88,9.77,6166649,58120816.00
2015/09/17,9.75,10.10,9.40,9.45,8177488,81553056.00
2015/09/18,9.73,9.81,9.49,9.67,4665774,45842060.00
2015/09/21,9.56,10.04,9.39,10.01,4300645,42865920.00
2015/09/22,9.96,10.14,9.85,10.02,5372235,54594316.00
2015/09/23,9.83,10.01,9.63,9.76,5149989,51201156.00
2015/09/24,10.06,10.74,9.84,10.39,11190469,118200512.00
2015/09/25,10.21,10.35,9.84,9.93,6968400,71110144.00
2015/09/28,9.99,10.19,9.74,10.01,3689120,37416976.00
2015/09/29,9.78,10.35,9.78,10.31,5573207,57266820.00
2015/09/30,10.21,10.65,10.21,10.55,6263025,66548180.00
2015/10/08,10.94,11.29,10.82,11.20,8687173,97412648.00
2015/10/09,11.09,11.42,10.96,11.26,6208478,70544520.00
2015/10/12,11.29,12.16,11.29,12.10,6909403,83322056.00
2015/10/13,11.98,12.86,11.91,12.66,10965478,139214624.00
2015/10/14,12.42,12.84,12.20,12.27,5684854,71913176.00
2015/10/15,12.23,12.90,12.17,12.89,9411811,121251712.00
2015/10/16,13.09,13.19,12.54,12.78,9653904,124834680.00
2015/10/19,12.77,12.78,12.43,12.63,8192272,104389976.00
2015/10/20,12.65,12.81,12.52,12.70,4337857,55510424.00
2015/10/21,12.70,12.76,11.42,11.42,6787875,82906160.00
2015/10/22,11.56,12.06,11.44,12.00,8084335,96612480.00
2015/10/23,12.05,13.21,12.02,12.81,12327144,159725200.00
2015/10/26,12.83,13.14,12.64,12.87,7137498,92958320.00
2015/10/27,12.94,12.94,12.24,12.72,6338885,80544064.00
2015/10/28,12.66,12.93,12.42,12.57,6027225,77151648.00
2015/10/29,12.71,12.82,12.43,12.79,4634776,59435904.00
2015/10/30,12.89,13.11,12.46,12.82,7632693,99100800.00
2015/11/02,12.45,12.82,12.31,12.44,3771969,47936668.00
2015/11/03,12.51,13.00,12.44,12.97,6833227,87893864.00
2015/11/04,12.97,13.75,12.86,13.66,12534975,168752896.00
2015/11/05,13.51,13.80,13.06,13.42,10023581,136184000.00
2015/11/06,13.53,13.82,13.37,13.64,8059239,111105128.00
2015/11/09,13.37,13.86,13.37,13.69,8384167,115655120.00
2015/11/10,13.69,14.51,13.56,14.41,12118557,172939376.00
2015/11/11,14.73,15.21,14.41,14.88,15531502,232382480.00
2015/11/12,14.85,15.61,14.81,15.48,11151914,171524128.00
2015/11/13,15.47,15.80,14.68,14.88,13489550,205431920.00
2015/11/16,14.41,15.38,14.41,15.00,8730070,132344648.00
2015/11/17,15.16,15.21,14.77,14.84,7824107,118161496.00
2015/11/18,14.98,15.15,14.81,14.97,9211733,139623808.00
2015/11/19,14.94,15.21,14.81,15.10,9096388,138357008.00
2015/11/20,15.06,16.62,15.04,16.30,16857473,271380000.00
2015/11/23,16.34,17.36,16.28,16.65,15784629,269493344.00
2015/11/24,16.71,17.03,15.96,16.55,14400941,237382208.00
2015/11/25,16.55,17.16,15.96,16.19,14459524,238546592.00
2015/11/26,16.36,16.66,15.82,16.02,10238353,165520000.00
2015/11/27,15.86,16.53,15.06,15.16,11976854,192123200.00
2015/11/30,15.28,15.41,13.63,14.83,14622107,214743600.00
2015/12/01,14.84,15.10,14.32,14.82,7950623,117493240.00
2015/12/02,14.76,14.98,13.91,14.54,7345795,106873456.00
2015/12/03,14.63,15.26,14.53,15.17,8316800,125117216.00
2015/12/04,15.08,15.39,14.67,15.15,7841759,118853480.00
2015/12/07,15.17,15.21,14.95,15.13,4911100,74708792.00
2015/12/08,15.06,15.06,14.61,14.68,4559733,67986768.00
2015/12/09,14.48,14.72,14.26,14.38,4921421,71722736.00
2015/12/10,14.38,15.14,14.36,14.71,6388321,95463408.00
2015/12/11,14.60,14.71,14.26,14.49,4342971,63418592.00
2015/12/14,14.16,14.73,13.96,14.63,3973859,58290296.00
2015/12/15,14.67,15.20,14.67,15.03,5180805,78455672.00
2015/12/16,15.16,15.23,15.04,15.11,4451801,68018752.00
2015/12/17,15.10,15.73,15.10,15.58,6647564,104250416.00
2015/12/18,15.61,16.03,15.44,15.99,8646358,137251424.00
2015/12/21,16.06,16.43,15.92,15.98,9378499,152939408.00
2015/12/22,15.88,16.44,15.88,16.40,8407911,137275344.00
2015/12/23,16.40,16.70,16.26,16.68,10032023,166948928.00
2015/12/24,16.87,17.81,16.41,16.90,13833509,238304880.00
2015/12/25,16.91,17.01,16.36,16.83,7908000,132851480.00
2015/12/28,16.82,16.92,15.75,15.77,8838082,144973392.00
2015/12/29,15.86,16.24,15.36,16.10,5658487,89932048.00
2015/12/30,16.09,16.56,15.97,16.35,6470188,106478160.00
2015/12/31,16.41,16.82,16.11,16.16,6301047,104680872.00
2016/01/04,15.92,16.33,14.57,14.64,4389575,68603024.00
2016/01/05,13.90,15.06,13.73,14.41,8549810,125091744.00
2016/01/06,14.48,14.75,14.27,14.71,4907857,72343472.00
2016/01/07,14.41,14.46,13.41,13.52,1252103,17686684.00
2016/01/08,13.96,14.31,12.46,13.87,6101388,85147592.00
2016/01/11,13.84,14.24,12.66,12.83,6177971,84576112.00
2016/01/12,12.98,13.14,11.93,12.40,7001136,88307024.00
2016/01/13,12.58,12.73,12.06,12.10,4062295,51057808.00
2016/01/14,11.74,12.51,11.46,12.37,4557956,55615700.00
2016/01/15,12.36,12.61,12.36,12.44,7620417,96210000.00
2016/01/18,12.06,13.70,12.06,13.70,8323161,111354672.00
2016/01/19,14.35,14.36,13.72,14.34,7331784,104190888.00
2016/01/20,14.35,15.13,14.04,14.75,8400984,124863952.00
2016/01/21,14.24,14.93,13.86,13.87,6508562,94922672.00
2016/01/22,14.32,14.45,13.97,14.24,4271822,61283200.00
2016/01/25,14.32,14.46,13.66,13.74,6517722,92076488.00
2016/01/26,13.75,14.05,12.66,13.07,7922822,108824880.00
2016/01/27,13.22,13.66,12.42,13.58,5602195,73989296.00
2016/01/28,13.45,13.46,12.56,12.60,3962867,52213492.00
2016/01/29,12.56,13.42,12.25,13.07,4898386,63880492.00
2016/02/01,12.76,13.23,12.36,12.61,3350249,43103216.00
2016/02/02,12.61,13.11,12.61,13.10,5341957,69994328.00
2016/02/03,13.06,13.11,12.69,13.01,3266345,42697860.00
2016/02/04,13.06,13.46,13.02,13.36,3209017,43053312.00
2016/02/05,13.38,13.71,13.16,13.64,5452946,74334728.00
2016/02/15,12.99,13.45,12.99,13.36,3239836,43541028.00
2016/02/16,13.40,13.91,13.40,13.82,4983438,69271176.00
2016/02/17,13.82,13.92,13.57,13.89,4650874,64595568.00
2016/02/18,13.93,14.21,13.63,13.73,5493314,77396128.00
2016/02/19,13.74,13.96,13.56,13.83,3496899,48658472.00
2016/02/22,14.02,14.22,13.84,14.04,4924109,69727312.00
2016/02/23,14.09,14.63,13.97,14.55,8985558,130364696.00
2016/02/24,14.45,14.69,14.20,14.45,5553163,80805096.00
2016/02/25,14.45,15.06,13.41,13.49,12036477,172281888.00
2016/02/26,13.63,13.81,13.09,13.62,5361377,73530512.00
2016/02/29,13.53,13.53,12.30,12.65,6150536,78444408.00
2016/03/01,12.71,13.11,12.41,13.00,4285512,55137500.00
2016/03/02,12.96,13.81,12.96,13.67,5694402,77290832.00
2016/03/03,13.67,14.04,13.64,13.71,4740150,66151880.00
2016/03/04,13.71,14.37,13.26,13.99,8182056,114419472.00
2016/03/07,13.95,14.32,13.76,14.10,6168429,87638176.00
2016/03/08,13.96,14.07,13.19,13.79,5198316,71150488.00
2016/03/09,13.48,13.69,13.26,13.42,3384840,45988272.00
2016/03/10,13.29,13.76,13.29,13.46,3745048,51450560.00
2016/03/11,13.36,13.45,13.10,13.29,2455630,32939430.00
2016/03/14,13.49,14.30,13.39,13.86,5093701,71396600.00
2016/03/15,13.86,14.45,13.76,14.32,9304436,133730512.00
2016/03/16,14.36,14.41,13.87,14.03,5075394,72393032.00
2016/03/17,14.15,14.60,14.15,14.55,9450087,137234000.00
2016/03/18,14.55,15.16,14.38,14.75,16104214,239815840.00
2016/03/21,14.86,15.34,14.75,15.26,12100334,182839824.00
2016/03/22,15.23,15.36,15.02,15.06,9725213,148851712.00
2016/03/23,14.96,15.06,14.61,14.82,10091168,150457104.00
2016/03/24,14.74,14.86,14.43,14.64,9943779,147118864.00
2016/03/25,14.65,16.04,13.83,15.73,19309852,294324224.00
2016/03/28,15.52,15.96,15.22,15.35,15254567,239493424.00
2016/03/29,15.40,15.41,14.51,14.72,8898034,133925688.00
2016/03/30,14.84,15.21,14.71,15.20,9944235,150390336.00
2016/03/31,15.24,15.26,14.87,15.00,10102960,153122352.00
2016/04/01,14.96,14.96,14.41,14.68,9598467,141723184.00
2016/04/05,14.81,15.30,14.70,15.20,13377001,203737712.00
2016/04/06,15.26,15.60,15.05,15.25,11689325,179975776.00
2016/04/07,15.15,15.21,14.60,14.64,10010408,149545184.00
2016/04/08,14.54,14.54,14.07,14.36,7295233,105164864.00
2016/04/11,14.53,14.71,14.47,14.59,4680700,68948648.00
2016/04/12,14.53,14.59,14.16,14.37,4297281,61950868.00
2016/04/13,14.38,14.74,14.35,14.39,7697428,113090416.00
2016/04/14,14.36,14.60,14.36,14.55,5230183,76523312.00
2016/04/15,14.55,14.67,14.20,14.38,6581981,95817808.00
2016/04/18,14.24,14.24,13.85,13.86,7183042,101619056.00
2016/04/19,13.98,14.48,13.80,14.35,9157183,130929424.00
2016/04/20,14.37,14.45,13.16,13.39,9850957,136201264.00
2016/04/21,13.26,13.53,13.03,13.05,4748903,63881976.00
2016/04/22,12.94,13.16,12.87,13.12,3634403,47963784.00
2016/04/25,13.17,13.42,12.98,13.21,3318173,44263096.00
2016/04/26,13.21,13.35,12.96,13.18,3065448,40786168.00
2016/04/27,13.22,13.32,13.07,13.16,3056542,40815816.00
2016/04/28,13.12,13.31,13.01,13.30,4650255,61923376.00
2016/04/29,13.19,13.26,13.06,13.12,3555709,47231096.00
2016/05/03,13.09,13.41,12.95,13.38,4797644,64227764.00
2016/05/04,13.46,13.70,13.29,13.62,9266511,126739664.00
2016/05/05,13.57,13.61,13.35,13.57,5118263,69706024.00
2016/05/06,13.52,13.74,12.96,12.98,6715923,90829920.00
2016/05/09,12.82,12.86,12.38,12.70,4115925,52845752.00
2016/05/10,12.70,13.09,12.66,13.03,3802243,49690904.00
2016/05/11,13.11,13.47,12.92,13.42,6954777,93340072.00
2016/05/12,13.17,13.54,13.03,13.52,6301984,84771360.00
2016/05/13,13.52,13.60,13.24,13.49,5082011,68799688.00
2016/05/16,13.46,13.69,13.39,13.58,6460654,88446464.00
2016/05/17,13.51,13.55,12.97,13.10,10796294,144876752.00
2016/05/18,13.04,13.21,12.45,12.63,4916679,63347496.00
2016/05/19,12.64,12.79,12.50,12.54,2408305,30780940.00
2016/05/20,12.56,12.62,12.38,12.60,2893934,36554288.00
2016/05/23,12.69,12.70,12.51,12.67,3359983,42897572.00
2016/05/24,12.68,12.73,12.47,12.65,1995754,25502984.00
2016/05/25,12.71,12.83,12.52,12.64,2237928,28712184.00
2016/05/26,12.60,12.75,12.48,12.74,2738278,34862184.00
2016/05/27,12.66,12.78,12.54,12.56,2582377,32977532.00
2016/05/30,12.59,12.63,12.38,12.48,2016959,25540994.00
2016/05/31,12.48,12.86,12.48,12.85,3780311,48716696.00
2016/06/01,12.76,12.91,12.74,12.79,4748902,61517696.00
2016/06/02,12.73,12.82,12.70,12.78,2758006,35553932.00
2016/06/03,12.83,12.85,12.65,12.79,3809377,49130848.00
2016/06/06,12.78,13.35,12.72,13.28,8121079,107504856.00
2016/06/07,13.32,13.32,13.02,13.06,4814296,63459880.00
2016/06/08,13.09,13.48,12.93,13.29,5190532,68964352.00
2016/06/13,13.08,13.31,12.51,12.53,6413782,83408024.00
2016/06/14,11.98,12.80,11.98,12.51,4337139,54191832.00
2016/06/15,12.37,12.71,12.34,12.61,3446080,43694732.00
2016/06/16,12.61,12.71,12.46,12.62,4069314,51421696.00
2016/06/17,12.56,12.70,12.54,12.63,3095688,39355172.00
2016/06/20,12.63,12.70,12.47,12.61,1906657,24118240.00
2016/06/21,12.66,12.74,12.53,12.55,2319333,29439000.00
2016/06/22,12.49,13.43,12.43,13.05,7466178,98027224.00
2016/06/23,12.96,13.03,12.61,12.73,3948318,50878880.00
2016/06/24,12.83,12.83,12.20,12.44,3334492,41865096.00
2016/06/27,12.43,12.78,12.38,12.63,3355141,42504944.00
2016/06/28,12.53,12.81,12.53,12.80,3289391,42047080.00
2016/06/29,12.84,13.09,12.75,13.00,3886833,50507168.00
2016/06/30,13.00,13.16,12.86,12.91,2628600,34396528.00
2016/07/01,12.93,13.07,12.78,12.82,1993660,25783180.00
2016/07/04,12.79,13.11,12.66,13.03,3512636,45825288.00
2016/07/05,13.00,13.13,12.96,13.08,3148094,41263884.00
2016/07/06,13.03,13.21,12.98,13.17,3383195,44655776.00
2016/07/07,13.12,13.56,13.12,13.18,6060646,81295328.00
2016/07/08,13.18,13.79,13.18,13.54,8652274,117842168.00
2016/07/11,13.52,13.71,13.39,13.46,4440414,60309320.00
2016/07/12,13.56,13.56,13.10,13.43,5015448,67353704.00
2016/07/13,13.55,13.55,13.33,13.42,3654620,49288676.00
2016/07/14,13.52,13.73,13.44,13.59,4799777,65563848.00
2016/07/15,13.57,13.67,13.45,13.51,2097617,28539724.00
2016/07/18,13.46,13.51,13.15,13.45,3404612,45513620.00
2016/07/19,13.44,13.47,13.23,13.34,2134189,28546448.00
2016/07/20,13.40,13.60,13.29,13.47,3336251,45176072.00
2016/07/21,13.46,13.57,13.34,13.51,3041066,41119068.00
2016/07/22,13.51,13.67,13.34,13.38,3606759,49043792.00
2016/07/25,13.35,13.40,13.09,13.19,4161994,55360568.00
2016/07/26,13.23,13.38,13.08,13.21,6011126,79775504.00
2016/07/27,13.25,13.30,12.33,12.52,6974224,88494624.00
2016/07/28,12.50,12.71,11.93,12.20,8250521,101780512.00
2016/07/29,12.21,12.35,12.14,12.18,3031046,37249720.00
2016/08/01,12.18,12.25,11.61,11.62,5351942,63562736.00
2016/08/02,11.62,11.76,11.51,11.66,4232067,49407512.00
2016/08/03,11.59,11.73,11.36,11.45,7223214,83431920.00
2016/08/04,11.42,11.60,11.36,11.59,5568040,64252936.00
2016/08/05,11.53,11.61,11.41,11.43,4661618,53886692.00
2016/08/08,11.43,11.63,11.37,11.61,5726852,66436004.00
2016/08/09,11.59,11.73,11.54,11.71,3975118,46652264.00
2016/08/10,11.74,12.11,11.74,11.94,6645912,79865296.00
2016/08/11,12.01,12.03,11.64,11.69,5273724,62446672.00
2016/08/12,11.61,11.97,11.55,11.93,5838724,69163280.00
2016/08/15,11.97,12.19,11.83,12.10,6160823,74566968.00
2016/08/16,12.09,12.13,11.99,12.08,4961506,60191724.00
2016/08/17,12.11,12.11,11.93,11.99,4089981,49446096.00
2016/08/18,11.94,12.02,11.75,11.79,6460892,76979048.00
2016/08/19,11.79,11.83,11.73,11.78,3788499,44855928.00
2016/08/22,11.79,11.79,11.53,11.56,5741870,67066616.00
2016/08/23,11.57,11.68,11.53,11.65,4643920,54092544.00
2016/08/24,11.66,11.76,11.63,11.65,4627455,54338312.00
2016/08/25,11.65,11.85,11.38,11.81,6429084,75251048.00
2016/08/26,11.75,11.98,11.68,11.89,7216481,86070120.00
2016/08/29,11.89,12.00,11.81,11.88,5531399,66156772.00
2016/08/30,11.91,12.14,11.85,12.05,7879912,95255992.00
2016/08/31,12.11,12.29,12.02,12.18,7932946,96740456.00
2016/09/01,12.20,12.24,11.84,11.85,5968786,72257864.00
2016/09/02,11.86,12.07,11.58,11.98,6078582,72742744.00
2016/09/05,12.01,12.11,11.93,12.04,4487599,54299608.00
2016/09/06,12.04,12.19,11.86,12.18,5804008,70399024.00
2016/09/07,12.17,12.21,12.07,12.18,3836613,46769528.00
2016/09/08,12.13,12.41,12.12,12.34,7332596,90840720.00
2016/09/09,12.34,13.30,12.34,12.96,20535028,266235232.00
2016/09/12,12.96,13.91,12.83,13.40,23557922,319503392.00
2016/09/13,13.59,13.70,13.24,13.47,13568362,182835936.00
2016/09/14,13.43,13.43,13.14,13.33,6694831,89438560.00
2016/09/19,13.39,13.70,13.28,13.51,6690676,90709840.00
2016/09/20,13.33,14.22,13.33,14.16,18847608,263959728.00
2016/09/21,14.05,14.38,13.84,14.36,10753103,152944768.00
2016/09/22,14.42,14.67,14.07,14.09,10968624,158246832.00
2016/09/23,14.12,14.28,13.77,13.92,7224332,101838016.00
2016/09/26,13.86,14.22,13.43,13.57,7254151,101807568.00
2016/09/27,13.61,14.58,13.57,14.53,10421657,147857584.00
2016/09/28,14.46,14.76,14.35,14.51,9278185,135653952.00
2016/09/29,14.56,14.73,14.43,14.44,5615897,82278712.00
2016/09/30,14.51,15.30,14.38,15.29,13759894,207527504.00
2016/10/10,15.43,15.72,15.06,15.30,10231270,157206464.00
2016/10/11,15.19,15.43,15.07,15.13,6800798,103894608.00
2016/10/12,15.14,15.41,14.73,15.37,9760143,148060720.00
2016/10/13,15.32,15.37,14.96,15.12,6123579,93216400.00
2016/10/14,15.09,15.71,15.09,15.38,10250914,159034496.00
2016/10/17,15.41,15.66,14.98,15.04,8477672,129919168.00
2016/10/18,15.12,15.29,14.85,15.20,6892634,104434224.00
2016/10/19,15.20,15.57,14.98,15.32,7165869,110298008.00
2016/10/20,15.33,16.33,15.28,15.82,13864270,220662224.00
2016/10/21,15.77,16.32,15.62,15.73,8186366,130907008.00
2016/10/24,15.78,16.03,15.60,15.86,5097264,80903480.00
2016/10/25,15.87,16.60,15.78,16.52,9241264,151250064.00
2016/10/26,16.43,16.79,16.11,16.18,7501740,123819336.00
2016/10/27,16.14,16.14,15.66,15.96,6380932,101720400.00
2016/10/28,15.88,16.10,15.65,15.84,4603413,73179096.00
2016/10/31,15.67,15.87,15.44,15.83,3567507,56315784.00
2016/11/01,15.88,16.17,15.79,15.90,3554927,57109384.00
2016/11/02,16.10,16.10,15.78,15.89,3144205,50283044.00
2016/11/03,15.91,16.31,15.78,16.23,5444209,88136200.00
2016/11/04,16.25,16.32,15.29,15.37,8304304,130862144.00
2016/11/07,15.14,15.43,14.88,15.38,4955298,75219616.00
2016/11/08,15.33,15.67,15.33,15.53,2311913,35969144.00
2016/11/09,15.53,15.54,15.08,15.18,2868135,44061888.00
2016/11/10,15.38,15.60,15.28,15.47,2774471,43147548.00
2016/11/11,15.47,16.35,15.28,16.26,9561436,154265824.00
2016/11/14,16.33,16.49,16.05,16.42,5544741,90640216.00
2016/11/15,16.53,16.61,15.64,15.89,7850461,126046624.00
2016/11/16,15.91,16.01,15.53,15.62,4070750,64069164.00
2016/11/17,15.46,15.73,15.44,15.64,1996272,31335440.00
2016/11/18,15.53,15.68,15.33,15.45,2404780,37406388.00
2016/11/21,15.58,15.68,15.04,15.23,3547051,54530232.00
2016/11/22,15.25,15.35,14.83,15.15,4515241,67978072.00
2016/11/23,15.14,15.39,15.09,15.23,2730740,41790344.00
2016/11/24,15.24,15.58,15.16,15.26,4074876,63110240.00
2016/11/25,15.38,15.38,14.89,15.12,3542607,53486328.00
2016/11/28,15.16,15.28,14.58,14.88,5778537,86108960.00
2016/11/29,14.85,14.98,14.13,14.28,5741305,83855608.00
2016/11/30,14.18,14.48,14.18,14.25,3193313,45957568.00
2016/12/01,14.39,14.60,14.16,14.43,3551616,51457696.00
2016/12/02,14.45,14.55,14.17,14.19,2203290,31852440.00
2016/12/05,14.03,14.41,13.94,14.30,1782530,25522170.00
2016/12/06,14.29,14.48,14.13,14.29,1406813,20232880.00
2016/12/07,14.43,15.12,14.36,15.11,6770063,100670480.00
2016/12/08,15.08,15.48,14.85,15.36,7431455,113248480.00
2016/12/09,15.33,15.81,15.28,15.78,9167600,143067040.00
2016/12/12,15.73,16.12,15.43,15.62,8161000,128183736.00
2016/12/13,15.53,15.78,15.26,15.69,5396952,83763392.00
2016/12/14,15.53,15.68,15.16,15.36,5781944,89427096.00
2016/12/15,15.30,15.50,15.03,15.16,5021600,76807368.00
2016/12/16,15.13,15.31,14.95,15.01,3557880,54002940.00
2016/12/19,14.94,14.94,14.48,14.52,6897107,101463552.00
2016/12/20,14.46,14.83,14.08,14.73,3700849,54018880.00
2016/12/21,14.63,14.89,14.49,14.53,2635338,38843536.00
2016/12/22,14.56,15.17,14.53,15.11,5417103,81161536.00
2016/12/23,15.09,15.10,14.38,14.69,3843078,56961564.00
2016/12/26,14.67,14.78,13.43,13.46,14445398,202110672.00
2016/12/27,13.60,13.73,13.39,13.44,6998400,95259688.00
2016/12/28,13.35,13.51,12.83,13.06,13702970,179613936.00
2016/12/29,13.01,13.28,12.94,13.12,4376334,57780992.00
2016/12/30,13.07,13.21,12.94,13.01,2712043,35544880.00
2017/01/03,13.05,13.41,13.05,13.35,4055421,54195032.00
2017/01/04,13.34,13.75,13.25,13.64,4259173,58296912.00
2017/01/05,13.63,14.41,13.56,13.94,4975546,69772672.00
2017/01/06,13.87,14.07,13.78,13.80,2802808,39081784.00
2017/01/09,13.73,13.81,13.65,13.76,1688364,23284760.00
2017/01/10,13.76,13.82,13.61,13.63,1489034,20454960.00
2017/01/11,13.63,13.74,13.47,13.64,1381056,18886508.00
2017/01/12,13.66,13.66,13.09,13.10,3907031,52268132.00
2017/01/13,13.06,13.16,12.83,12.94,4364508,57133356.00
2017/01/16,13.11,13.13,12.45,12.59,3700647,47142704.00
2017/01/17,12.58,12.73,12.35,12.61,3162357,39926004.00
2017/01/18,12.63,12.76,12.53,12.59,1706220,21664028.00
2017/01/19,12.60,13.08,12.48,12.82,2454006,31645032.00
2017/01/20,12.82,13.04,12.70,12.93,1338711,17398220.00
2017/01/23,12.94,13.08,12.86,12.96,1667190,21694446.00
2017/01/24,12.93,13.20,12.86,13.05,2059687,27028352.00
2017/01/25,13.01,13.20,12.83,13.18,2171403,28421254.00
2017/01/26,13.18,13.51,13.12,13.38,3533394,47650008.00
2017/02/03,13.37,13.43,13.13,13.22,1163802,15485163.00
2017/02/06,13.18,13.48,13.15,13.44,1975024,26530770.00
2017/02/07,13.40,13.45,13.13,13.24,1650620,22023992.00
2017/02/08,13.24,13.40,13.07,13.34,1118521,14907194.00
2017/02/09,13.34,13.45,13.28,13.40,1169310,15728041.00
2017/02/10,13.41,13.50,13.20,13.22,2449734,32848408.00
2017/02/13,13.20,13.28,13.04,13.23,1909307,25272848.00
2017/02/14,13.23,13.23,13.08,13.08,1885042,24863606.00
2017/02/15,13.05,13.17,13.02,13.08,1633913,21497532.00
2017/02/16,13.09,13.20,13.03,13.18,2278944,30067848.00
2017/02/17,13.23,13.30,13.16,13.26,2136202,28417632.00
2017/02/20,13.32,13.82,13.27,13.81,7055195,96813240.00
2017/02/21,13.74,13.85,13.61,13.75,3587662,49404056.00
2017/02/22,13.75,14.23,13.68,14.07,4640215,65243256.00
2017/02/23,14.21,14.21,13.85,13.97,2364017,33103152.00
2017/02/24,13.86,14.08,13.86,14.02,1942198,27322002.00
2017/02/27,14.03,14.09,13.85,13.88,2155601,30217020.00
2017/02/28,13.88,14.06,13.81,13.89,1483380,20715848.00
2017/03/01,14.03,14.03,13.87,13.93,1642900,23023272.00
2017/03/02,13.91,14.01,13.81,13.83,1680117,23438804.00
2017/03/03,13.79,13.95,13.75,13.85,1602922,22312824.00
2017/03/06,13.92,14.32,13.85,14.23,3747118,53306176.00
2017/03/07,14.24,14.38,14.05,14.08,2593402,36910908.00
2017/03/08,14.08,14.25,14.01,14.09,2655888,37661104.00
2017/03/09,14.09,14.22,13.73,13.98,1651790,23233756.00
2017/03/10,13.91,14.02,13.81,13.90,2051543,28694368.00
2017/03/13,13.90,14.13,13.88,14.08,2636371,37151144.00
2017/03/14,14.08,14.16,13.90,13.98,2271214,32030532.00
2017/03/15,13.98,14.01,13.79,13.84,1998188,27886122.00
2017/03/16,13.87,14.07,13.82,13.92,3795602,53218956.00
2017/03/17,13.92,14.00,13.79,13.91,2659634,37089168.00
2017/03/20,13.92,14.13,13.84,14.07,4557051,64227116.00
2017/03/21,14.10,14.30,14.01,14.08,5581099,79170144.00
2017/03/22,14.02,14.17,13.93,14.09,4505970,63636696.00
2017/03/23,14.16,14.39,14.05,14.38,9691757,138426464.00
2017/03/24,14.38,14.41,14.12,14.27,5541009,79243744.00
2017/03/27,14.33,14.36,13.97,14.06,5437854,76996336.00
2017/03/28,14.02,14.12,13.70,13.73,4898238,68292752.00
2017/03/29,13.73,13.79,13.09,13.13,6750762,90381520.00
2017/03/30,13.14,13.31,12.88,13.24,4573033,60357764.00
2017/03/31,13.24,13.42,13.10,13.18,2705392,35963304.00
2017/04/05,14.40,14.40,13.85,13.96,17098792,242503296.00
2017/04/06,13.81,13.81,13.33,13.38,9283692,125939008.00
2017/04/07,13.29,13.57,13.12,13.47,7559552,101564160.00
2017/04/10,13.38,14.82,13.23,14.82,17902503,257314976.00
2017/04/11,15.11,16.06,14.74,15.33,39837219,611699904.00
2017/04/12,14.88,15.03,13.91,14.07,21232109,306219424.00
2017/04/13,13.87,14.71,13.83,14.36,14020221,202252880.00
2017/04/14,14.24,14.55,13.75,13.80,11556411,163613920.00
2017/04/17,13.56,13.56,12.91,13.10,13124884,173761776.00
2017/04/18,13.24,13.43,12.96,13.01,6558213,87010344.00
2017/04/19,13.05,13.59,13.01,13.57,10124295,135117744.00
2017/04/20,13.47,13.74,13.12,13.32,6880723,92749440.00
2017/04/21,13.41,13.41,13.03,13.23,4745309,63066092.00
2017/04/24,13.09,13.27,12.94,13.00,5974630,78396552.00
2017/04/25,13.03,13.51,13.00,13.14,4711197,62777640.00
2017/04/26,13.08,13.43,13.06,13.28,3792612,50271192.00
2017/04/27,13.18,13.23,12.88,13.04,5349292,69991312.00
2017/04/28,13.13,13.26,13.00,13.25,4072379,53880080.00
2017/05/02,13.19,13.39,12.99,13.33,4947485,65740464.00
2017/05/03,13.29,13.30,13.08,13.12,3081343,40730196.00
2017/05/04,13.09,13.37,13.02,13.09,3597093,47605656.00
2017/05/05,13.00,13.19,12.56,12.74,3758943,48804124.00
2017/05/08,12.61,12.83,11.49,11.96,8572239,103583488.00
2017/05/09,11.74,12.32,11.61,12.30,3496833,42322156.00
2017/05/10,12.38,12.50,12.03,12.10,3803263,46704260.00
2017/05/11,11.98,12.09,11.18,11.93,3674835,43174472.00
2017/05/12,11.88,11.95,11.65,11.75,1560882,18377958.00
2017/05/15,11.66,11.82,11.65,11.69,1686245,19770364.00
2017/05/16,11.66,12.23,11.45,12.19,3451143,40657524.00
2017/05/17,12.09,12.46,12.03,12.20,3363242,41211876.00
2017/05/18,12.04,12.15,11.66,11.78,3453224,41157160.00
2017/05/19,11.84,11.91,11.65,11.68,2046520,24010372.00
2017/05/22,11.63,11.70,11.11,11.32,3763524,42962600.00
2017/05/23,11.29,11.35,10.58,10.61,3487790,38165256.00
2017/05/24,10.62,10.82,10.31,10.77,3490476,37108416.00
2017/05/25,10.77,10.94,10.69,10.87,2097461,22702154.00
2017/05/26,10.80,10.95,10.76,10.85,1377021,14946513.00
2017/05/31,10.95,10.99,10.73,10.74,1514250,16451655.00
2017/06/01,10.66,10.68,10.30,10.30,2335100,24473040.00
2017/06/02,10.23,10.45,10.03,10.40,1589986,16223646.00
2017/06/05,10.43,10.81,10.43,10.78,1866184,19887640.00
2017/06/06,10.99,11.39,10.99,11.07,2881902,32191912.00
2017/06/07,11.01,11.26,10.90,11.17,2952162,32737148.00
2017/06/08,11.13,11.13,10.85,10.86,2486710,27302130.00
2017/06/09,10.86,10.95,10.81,10.93,1465885,15976417.00
2017/06/12,10.88,11.04,10.83,10.90,1606840,17557514.00
2017/06/13,10.87,11.02,10.81,10.99,1663441,18193290.00
2017/06/14,10.93,11.01,10.92,11.00,1162702,12745561.00
2017/06/15,10.94,11.36,10.94,11.31,3595551,40426220.00
2017/06/16,11.30,11.30,11.13,11.20,1371000,15336079.00
2017/06/19,11.20,11.96,11.18,11.48,4211228,48624880.00
2017/06/20,11.30,11.48,11.30,11.37,2150812,24481516.00
2017/06/21,11.44,11.47,11.32,11.35,1231401,14035769.00
2017/06/22,11.40,11.43,11.04,11.09,1762800,19874342.00
2017/06/23,11.10,11.61,11.01,11.60,3461799,39235476.00
2017/06/26,11.50,11.52,11.28,11.40,4526528,51469680.00
2017/06/27,11.38,11.50,11.32,11.42,2043140,23325376.00
2017/06/28,11.42,11.49,11.27,11.40,1733960,19721688.00
2017/06/29,11.39,11.48,11.35,11.41,1563961,17850588.00
2017/06/30,11.46,11.53,11.33,11.39,1684800,19275774.00
2017/07/03,11.45,11.48,11.29,11.42,1727535,19647856.00
2017/07/04,11.39,11.44,11.35,11.42,1143872,13042713.00
2017/07/05,11.42,11.42,11.32,11.37,1294098,14697769.00
2017/07/06,11.36,12.03,11.32,11.98,4518143,52595332.00
2017/07/07,12.40,12.40,11.80,11.81,6080477,73144128.00
2017/07/10,11.76,12.30,11.76,12.29,5598910,68147128.00
2017/07/11,12.28,12.46,12.17,12.28,3880032,47794176.00
2017/07/12,12.20,12.40,12.12,12.25,2435691,29839936.00
2017/07/13,12.27,12.35,12.11,12.12,1462607,17804772.00
2017/07/14,12.12,12.26,12.06,12.09,1134430,13739901.00
2017/07/17,12.09,12.18,11.55,11.59,2689935,31703648.00
2017/07/18,11.61,11.71,11.48,11.67,1186272,13730509.00
2017/07/19,11.63,11.78,11.60,11.76,1151458,13477624.00
2017/07/20,11.70,11.88,11.70,11.77,1061299,12521780.00
2017/07/21,11.77,12.25,11.73,12.19,2652794,31826756.00
2017/07/24,12.11,12.49,12.09,12.45,2277904,28051332.00
2017/07/25,12.43,12.69,12.11,12.68,5029821,62898532.00
2017/07/26,12.68,12.76,12.51,12.65,2539358,32141960.00
2017/07/27,12.81,12.86,12.47,12.70,3206557,40642984.00
2017/07/28,12.70,12.70,12.33,12.37,4546700,56763264.00
2017/08/02,12.98,12.98,12.98,12.98,0,0.00
数据来源:通达信
