600578 京能电力 日线 前复权
      日期	    开盘	    最高	    最低	    收盘	    成交量	    成交额
2010/10/08,3.86,4.08,3.74,3.93,15464034,180748032.00
2010/10/11,4.03,4.41,3.88,4.40,22452030,269900640.00
2010/10/12,4.29,4.53,4.15,4.37,14496888,183994528.00
2010/10/13,4.33,4.40,4.21,4.26,9372094,117063400.00
2010/10/14,4.26,4.33,4.00,4.20,9239317,112433152.00
2010/10/15,4.16,4.29,4.05,4.23,6609945,80931360.00
2010/10/18,4.03,4.21,3.92,3.96,6601595,78522144.00
2010/10/19,3.92,4.45,3.88,4.29,9588261,119647984.00
2010/10/20,4.13,4.26,4.05,4.12,10156238,122842456.00
2010/10/21,4.10,4.20,4.00,4.04,6884700,82291264.00
2010/10/22,4.01,4.19,4.01,4.08,5425135,65370284.00
2010/10/25,4.16,4.39,4.08,4.33,9339781,115631080.00
2010/10/26,4.29,4.29,4.16,4.21,6556888,80564784.00
2010/10/27,4.21,4.21,4.04,4.11,4747643,57455912.00
2010/10/28,3.88,4.16,3.88,4.04,4082944,48848164.00
2010/10/29,4.05,4.15,3.95,4.13,5982651,71159256.00
2010/11/01,4.16,4.32,4.16,4.27,8514609,105703680.00
2010/11/02,4.33,4.53,4.23,4.24,11747587,149263104.00
2010/11/03,4.24,4.40,4.23,4.27,6737604,84698968.00
2010/11/04,4.31,4.53,4.25,4.50,11616282,149526080.00
2010/11/05,4.50,4.61,4.45,4.52,9119606,118873728.00
2010/11/08,4.51,4.54,4.38,4.48,8208104,105244048.00
2010/11/09,4.44,4.46,4.33,4.42,5785421,73430152.00
2010/11/10,4.43,4.47,4.38,4.45,5533512,70964624.00
2010/11/11,4.43,4.50,4.35,4.36,8383648,107260216.00
2010/11/12,4.34,4.34,3.83,3.84,8915862,106092056.00
2010/11/15,3.84,3.96,3.68,3.82,5671934,64315728.00
2010/11/16,3.87,3.87,3.57,3.62,5967488,66068756.00
2010/11/17,3.63,3.77,3.57,3.61,3424985,37786736.00
2010/11/18,3.71,3.72,3.60,3.71,2583491,28431708.00
2010/11/19,3.72,3.79,3.63,3.79,3036447,33746512.00
2010/11/22,3.76,3.79,3.67,3.75,3977627,44323776.00
2010/11/23,3.75,3.75,3.46,3.52,3648696,39314944.00
2010/11/24,3.50,3.66,3.49,3.64,3203472,34792140.00
2010/11/25,3.73,3.80,3.71,3.78,3707508,41722416.00
2010/11/26,3.79,3.80,3.66,3.75,2935709,32796640.00
2010/11/29,3.75,3.75,3.62,3.69,2624489,28880992.00
2010/11/30,3.69,3.76,3.50,3.58,4191056,45893468.00
2010/12/01,3.58,3.65,3.51,3.60,2686061,28970272.00
2010/12/02,3.66,3.68,3.57,3.60,2934993,31898524.00
2010/12/03,3.61,3.63,3.50,3.53,2290817,24442434.00
2010/12/06,3.53,3.56,3.39,3.45,1817342,19198072.00
2010/12/07,3.44,3.53,3.38,3.52,1984450,20761308.00
2010/12/08,3.52,3.58,3.47,3.52,1786003,19043438.00
2010/12/09,3.52,3.63,3.46,3.59,3833869,41221868.00
2010/12/10,3.56,3.88,3.53,3.69,5203331,57532152.00
2010/12/13,3.70,3.77,3.67,3.76,3997993,44495132.00
2010/12/14,3.78,3.81,3.71,3.75,2848999,31880320.00
2010/12/15,3.78,3.87,3.73,3.86,6960210,78999552.00
2010/12/16,3.86,3.88,3.73,3.75,3449581,39095680.00
2010/12/17,3.80,3.82,3.66,3.71,2881317,32026782.00
2010/12/20,3.73,3.75,3.49,3.57,3035871,33009760.00
2010/12/21,3.58,3.70,3.58,3.67,2669979,29370548.00
2010/12/22,3.72,3.73,3.58,3.61,2032897,22154440.00
2010/12/23,3.60,3.71,3.58,3.62,4320841,47516992.00
2010/12/24,3.63,3.64,3.47,3.50,1849578,19734864.00
2010/12/27,3.46,3.62,3.45,3.54,4113172,43900832.00
2010/12/28,3.58,3.78,3.51,3.75,8400666,92812104.00
2010/12/29,3.75,3.75,3.58,3.68,5577754,61340368.00
2010/12/30,3.63,3.67,3.54,3.56,3164395,34146856.00
2010/12/31,3.58,3.65,3.49,3.64,3148888,33938176.00
2011/01/04,3.65,3.71,3.60,3.68,4091143,44916600.00
2011/01/05,3.69,3.69,3.57,3.60,3374962,36774100.00
2011/01/06,3.58,3.65,3.54,3.59,2174201,23612196.00
2011/01/07,3.61,3.70,3.57,3.65,3578645,39314316.00
2011/01/10,3.64,3.81,3.64,3.72,5170617,57493308.00
2011/01/11,3.73,3.73,3.57,3.64,2052828,22325268.00
2011/01/12,3.65,3.75,3.59,3.74,2999756,33159544.00
2011/01/13,3.73,3.76,3.65,3.67,2609818,28904798.00
2011/01/14,3.65,3.65,3.50,3.62,3062484,32824818.00
2011/01/17,3.58,3.58,3.21,3.28,2640797,27379174.00
2011/01/18,3.25,3.31,3.22,3.25,1269797,12731417.00
2011/01/19,3.25,3.35,3.23,3.34,1223045,12367903.00
2011/01/20,3.36,3.36,3.16,3.16,1875449,18685330.00
2011/01/21,3.16,3.23,3.08,3.15,1644999,16048546.00
2011/01/24,3.15,3.17,3.03,3.04,1488507,14284691.00
2011/01/25,3.03,3.04,2.93,2.95,933018,8680478.00
2011/01/26,2.98,3.15,2.98,3.10,1380793,13230922.00
2011/01/27,3.06,3.23,3.05,3.20,1803218,17628576.00
2011/01/28,3.18,3.22,3.13,3.21,1411820,13909362.00
2011/01/31,3.21,3.25,3.16,3.23,1340014,13302594.00
2011/02/01,3.19,3.27,3.19,3.20,1036943,10269137.00
2011/02/09,3.18,3.25,3.16,3.20,1368718,13516059.00
2011/02/10,3.19,3.30,3.19,3.29,1830024,18342436.00
2011/02/11,3.30,3.32,3.24,3.30,2466045,24852864.00
2011/02/14,3.31,3.66,3.30,3.64,6996184,74133960.00
2011/02/15,3.61,3.73,3.55,3.60,6380415,69709904.00
2011/02/16,3.54,3.64,3.54,3.63,3851385,41729404.00
2011/02/17,3.63,3.64,3.50,3.58,3713355,39945156.00
2011/02/18,3.55,3.58,3.45,3.52,3880165,41155672.00
2011/02/21,3.46,3.62,3.46,3.61,4191375,44973912.00
2011/02/22,3.62,3.63,3.40,3.49,4798983,50818136.00
2011/02/23,3.45,3.58,3.45,3.55,2697923,28803242.00
2011/02/24,3.55,3.66,3.55,3.59,4113167,44650792.00
2011/02/25,3.59,3.72,3.57,3.69,5316659,58435340.00
2011/02/28,3.71,3.76,3.62,3.70,4184430,46287168.00
2011/03/01,3.70,3.88,3.65,3.83,7262532,81811664.00
2011/03/02,3.79,3.83,3.68,3.78,4031210,45247180.00
2011/03/03,3.78,3.81,3.62,3.63,4010721,44390980.00
2011/03/04,3.63,3.70,3.59,3.69,2180858,23955844.00
2011/03/07,3.71,3.81,3.71,3.79,4668659,52573204.00
2011/03/08,3.79,3.83,3.75,3.78,3289446,37075988.00
2011/03/09,3.78,3.83,3.75,3.83,4213898,47700672.00
2011/03/10,3.83,3.86,3.71,3.71,3019578,34008456.00
2011/03/11,3.69,3.74,3.63,3.67,3036305,33532480.00
2011/03/14,3.58,3.67,3.58,3.64,2641737,28767236.00
2011/03/15,3.55,3.73,3.55,3.72,3958920,43240496.00
2011/03/16,3.70,3.80,3.67,3.78,4142731,46431200.00
2011/03/17,3.78,3.96,3.74,3.78,8406043,96501056.00
2011/03/18,3.73,3.77,3.59,3.65,6015961,65985328.00
2011/03/21,3.38,3.63,3.38,3.50,4203596,44644988.00
2011/03/22,3.49,3.54,3.42,3.45,2676813,28052704.00
2011/03/23,3.45,3.50,3.42,3.49,2488384,26119068.00
2011/03/24,3.50,3.50,3.44,3.44,2540490,26635832.00
2011/03/25,3.44,3.53,3.42,3.50,2741698,28901570.00
2011/03/28,3.51,3.71,3.50,3.66,6185043,67336856.00
2011/03/29,3.68,3.78,3.62,3.69,7633957,84736032.00
2011/03/30,3.74,3.77,3.65,3.71,4214711,46800132.00
2011/03/31,3.70,3.74,3.44,3.47,3581708,38516124.00
2011/04/01,3.49,3.56,3.41,3.53,3036888,32148484.00
2011/04/06,3.47,3.65,3.47,3.64,3486587,37616960.00
2011/04/07,3.64,3.73,3.58,3.69,4353068,47641624.00
2011/04/08,3.67,3.78,3.63,3.67,8649026,95346544.00
2011/04/11,3.66,3.66,3.53,3.53,4551707,49147904.00
2011/04/12,3.53,3.61,3.48,3.56,2879717,30764016.00
2011/04/13,3.53,3.60,3.50,3.59,2340287,25187032.00
2011/04/14,3.59,3.64,3.52,3.53,2517557,27117208.00
2011/04/15,3.51,3.54,3.44,3.49,2763949,29171932.00
2011/04/18,3.49,3.68,3.49,3.66,5855283,63793740.00
2011/04/19,3.66,3.72,3.55,3.67,4620395,50719784.00
2011/04/20,3.69,3.78,3.63,3.68,7754193,86346688.00
2011/04/21,3.68,3.74,3.65,3.73,4825586,53480736.00
2011/04/22,3.70,4.13,3.67,3.97,22293922,259433568.00
2011/04/25,3.93,4.12,3.88,4.00,11562905,137081904.00
2011/04/26,3.98,4.13,3.93,4.10,12154872,145214768.00
2011/04/27,4.13,4.31,3.99,4.18,12672560,153471296.00
2011/04/28,4.24,4.24,3.88,4.01,7386388,87819088.00
2011/04/29,3.94,4.19,3.77,4.18,12748867,151537600.00
2011/05/03,4.16,4.40,4.13,4.33,13504856,169319296.00
2011/05/04,4.26,4.35,4.05,4.31,9316079,115168320.00
2011/05/05,4.25,4.33,4.12,4.23,5123949,63219580.00
2011/05/06,4.21,4.39,4.13,4.33,8566858,107818792.00
2011/05/09,4.31,4.50,4.23,4.48,12536314,159696048.00
2011/05/10,4.48,4.56,4.33,4.48,6884430,88516776.00
2011/05/11,4.42,4.51,4.30,4.40,5869063,75022112.00
2011/05/12,4.33,4.59,4.30,4.35,8555679,110764504.00
2011/05/13,4.29,4.44,4.18,4.36,6396268,80271496.00
2011/05/16,4.33,4.36,4.08,4.09,6705266,82239808.00
2011/05/17,4.09,4.15,3.93,4.02,4218151,49896324.00
2011/05/18,3.99,4.10,3.98,4.10,2287797,27406292.00
2011/05/19,4.12,4.14,3.98,4.10,2858304,34289816.00
2011/05/23,4.09,4.13,3.68,3.70,4799666,54604336.00
2011/05/24,3.73,3.82,3.62,3.68,2869579,31752500.00
2011/05/25,3.71,3.75,3.64,3.65,1874778,20732636.00
2011/05/26,3.68,3.76,3.50,3.51,3540858,38816392.00
2011/05/27,3.50,3.54,3.33,3.33,3175255,33023320.00
2011/05/30,3.31,3.46,3.25,3.32,2537974,25950244.00
2011/05/31,3.33,3.47,3.33,3.45,1914087,19848534.00
2011/06/01,3.46,3.60,3.40,3.54,3191464,33886480.00
2011/06/02,3.50,3.56,3.39,3.55,3119689,32876722.00
2011/06/03,3.54,3.58,3.48,3.53,2144999,22914948.00
2011/06/07,3.42,3.53,3.42,3.49,2386854,25271688.00
2011/06/08,3.47,3.56,3.44,3.54,1729046,18408734.00
2011/06/09,3.51,3.53,3.30,3.32,3042899,31732806.00
2011/06/10,3.28,3.65,3.28,3.58,8814107,94159344.00
2011/06/13,3.54,3.58,3.43,3.50,2319615,24482036.00
2011/06/14,3.50,3.53,3.42,3.49,3026014,31896516.00
2011/06/15,3.46,3.49,3.30,3.32,3897580,40095972.00
2011/06/16,3.33,3.35,3.15,3.17,3924074,38991884.00
2011/06/17,3.13,3.19,3.03,3.05,2213660,21302640.00
2011/06/20,3.04,3.07,2.94,3.02,1475278,13844736.00
2011/06/21,3.03,3.09,3.02,3.08,916609,8749639.00
2011/06/22,3.09,3.10,2.97,2.98,1298617,12244604.00
2011/06/23,2.97,3.04,2.88,3.03,1950956,18198560.00
2011/06/24,3.03,3.15,3.00,3.11,4248134,40791904.00
2011/06/27,3.12,3.20,3.09,3.19,3162728,30822108.00
2011/06/28,3.17,3.17,3.09,3.14,2005792,19462040.00
2011/06/29,3.15,3.16,3.05,3.05,1556192,15076538.00
2011/06/30,3.05,3.15,3.04,3.13,1440439,13926037.00
2011/07/01,3.12,3.18,3.11,3.14,1899879,18541890.00
2011/07/04,3.16,3.22,3.14,3.21,3288525,32407856.00
2011/07/05,3.23,3.27,3.19,3.27,3205923,31928964.00
2011/07/06,3.26,3.31,3.21,3.30,3008640,30115284.00
2011/07/07,3.29,3.39,3.24,3.27,4725032,48025960.00
2011/07/08,3.28,3.50,3.28,3.47,5759825,59795096.00
2011/07/11,3.47,3.51,3.38,3.49,3692422,38724512.00
2011/07/12,3.46,3.46,3.36,3.37,2529986,26131810.00
2011/07/13,3.35,3.44,3.31,3.42,2651829,27366816.00
2011/07/14,3.46,3.52,3.37,3.42,2077890,17779300.00
2011/07/15,3.42,3.43,3.35,3.39,3136641,26649032.00
2011/07/18,3.39,3.44,3.36,3.43,2267655,19424880.00
2011/07/19,3.41,3.62,3.39,3.55,5710876,50292088.00
2011/07/20,3.57,3.57,3.43,3.49,3306376,28854200.00
2011/07/21,3.44,3.48,3.37,3.38,2407073,20534648.00
2011/07/22,3.41,3.43,3.35,3.38,1497695,12741306.00
2011/07/25,3.39,3.42,3.20,3.21,2002222,16681898.00
2011/07/26,3.21,3.23,3.14,3.22,1113856,9030243.00
2011/07/27,3.22,3.27,3.16,3.27,906555,7465623.00
2011/07/28,3.28,3.38,3.24,3.33,2263536,19040164.00
2011/07/29,3.35,3.35,3.22,3.24,912809,7534030.00
2011/08/01,3.23,3.32,3.23,3.27,850778,7064067.00
2011/08/02,3.27,3.34,3.15,3.33,1693775,13881450.00
2011/08/03,3.28,3.34,3.24,3.30,1042369,8687751.00
2011/08/04,3.28,3.33,3.28,3.31,776207,6480149.00
2011/08/05,3.20,3.43,3.16,3.37,5287742,44669716.00
2011/08/08,3.25,3.35,3.03,3.23,2872587,23689424.00
2011/08/09,3.16,3.22,3.04,3.17,1252483,10047423.00
2011/08/10,3.21,3.31,3.21,3.25,1447918,11955059.00
2011/08/11,3.20,3.26,3.15,3.26,2260365,18472342.00
2011/08/12,3.29,3.30,3.25,3.26,1585200,13141845.00
2011/08/15,3.30,3.36,3.26,3.35,2931843,24632976.00
2011/08/16,3.35,3.38,3.30,3.37,3435575,29006580.00
2011/08/17,3.38,3.40,3.30,3.34,2118900,17847976.00
2011/08/18,3.35,3.36,3.17,3.18,2552299,20937964.00
2011/08/19,3.05,3.11,3.03,3.08,2150743,16984468.00
2011/08/22,3.08,3.12,3.04,3.07,1592591,12536730.00
2011/08/23,3.08,3.15,3.03,3.12,1613142,12786128.00
2011/08/24,3.12,3.52,3.12,3.52,13069639,110222648.00
2011/08/25,3.50,3.52,3.37,3.46,13863002,119066288.00
2011/08/26,3.40,3.45,3.35,3.36,6323798,53726152.00
2011/08/29,3.36,3.42,3.25,3.27,6967734,58371564.00
2011/08/30,3.29,3.34,3.24,3.27,4186268,34840388.00
2011/08/31,3.29,3.29,3.20,3.28,2186160,18011474.00
2011/09/01,3.28,3.32,3.13,3.15,3872095,31717984.00
2011/09/02,3.16,3.18,3.07,3.11,2754850,21905268.00
2011/09/05,3.10,3.10,2.98,3.00,1999501,15573179.00
2011/09/06,2.94,3.04,2.93,3.03,2089397,16111240.00
2011/09/07,3.02,3.11,3.01,3.09,1679544,13221152.00
2011/09/08,3.12,3.12,2.99,3.01,1511561,11870646.00
2011/09/09,3.02,3.06,2.97,2.97,1216173,9416175.00
2011/09/13,2.94,2.94,2.80,2.85,1590018,11810001.00
2011/09/14,2.85,2.88,2.80,2.88,1113528,8272432.00
2011/09/15,2.85,2.94,2.85,2.89,985350,7449155.00
2011/09/16,2.91,2.93,2.83,2.83,963577,7224003.00
2011/09/19,2.83,2.83,2.69,2.70,1478112,10669783.00
2011/09/20,2.69,2.78,2.68,2.75,781254,5623014.00
2011/09/21,2.75,2.86,2.70,2.82,2607576,19153268.00
2011/09/22,2.81,2.81,2.66,2.66,1540696,11092150.00
2011/09/23,2.61,2.64,2.58,2.63,1821512,12650876.00
2011/09/26,2.64,2.66,2.54,2.54,1263023,8769947.00
2011/09/27,2.54,2.59,2.51,2.53,1385068,9475963.00
2011/09/28,2.56,2.58,2.53,2.54,1313537,9008738.00
2011/09/29,2.54,2.54,2.43,2.43,1070634,7146296.00
2011/09/30,2.43,2.47,2.41,2.45,483511,3206216.00
2011/10/10,2.51,2.51,2.37,2.38,849320,5606339.00
2011/10/11,2.45,2.48,2.34,2.42,1223208,8033610.00
2011/10/12,2.38,2.75,2.38,2.75,9491484,66904304.00
2011/10/13,2.72,2.93,2.63,2.73,9936767,71221104.00
2011/10/14,2.68,2.68,2.60,2.64,3840594,26935660.00
2011/10/17,2.64,2.69,2.61,2.63,2264670,15890444.00
2011/10/18,2.60,2.61,2.37,2.40,3972688,26517764.00
2011/10/19,2.40,2.43,2.35,2.37,2523830,16416795.00
2011/10/20,2.33,2.35,2.18,2.21,2543803,15818043.00
2011/10/21,2.24,2.24,2.19,2.20,1262319,7795724.00
2011/10/24,2.22,2.30,2.19,2.29,2433380,15229820.00
2011/10/25,2.29,2.42,2.26,2.39,2877203,18623076.00
2011/10/26,2.39,2.44,2.34,2.40,2744934,17980936.00
2011/10/27,2.40,2.51,2.38,2.47,2768624,18427308.00
2011/10/28,2.48,2.56,2.48,2.54,3467476,23589304.00
2011/10/31,2.58,2.70,2.51,2.65,3703832,25753030.00
2011/11/01,2.63,2.72,2.57,2.61,4368066,30669448.00
2011/11/02,2.55,2.66,2.52,2.65,3233959,22329126.00
2011/11/03,2.67,2.78,2.63,2.65,3651941,26042574.00
2011/11/04,2.67,2.72,2.64,2.69,2012023,14262579.00
2011/11/07,2.68,2.72,2.65,2.66,1934542,13789197.00
2011/11/08,2.68,2.74,2.65,2.71,3370361,24155900.00
2011/11/09,2.74,2.74,2.64,2.72,2048860,14628013.00
2011/11/10,2.67,2.71,2.64,2.65,1633135,11569724.00
2011/11/11,2.65,2.73,2.63,2.72,1692080,12030449.00
2011/11/14,2.75,2.91,2.73,2.90,5273200,39435016.00
2011/11/15,2.92,3.10,2.85,3.03,8859199,68530944.00
2011/11/16,3.00,3.00,2.85,2.88,3585406,27197340.00
2011/11/17,2.88,3.11,2.88,3.05,5170017,40159680.00
2011/11/18,3.00,3.00,2.86,2.92,2921707,22222596.00
2011/11/21,2.92,3.07,2.86,3.04,3810303,29346920.00
2011/11/22,2.97,3.14,2.94,3.08,4853540,38209160.00
2011/11/23,3.06,3.18,3.03,3.05,3924828,31257888.00
2011/11/24,3.02,3.06,2.89,2.94,3055484,23436014.00
2011/11/25,2.94,3.03,2.78,2.80,2415652,18148534.00
2011/11/28,2.80,2.86,2.73,2.77,1746639,12723681.00
2011/11/29,2.82,2.96,2.81,2.95,2692401,20262404.00
2011/11/30,2.96,3.12,2.83,3.00,6840396,53287784.00
2011/12/01,3.14,3.18,2.89,2.93,8895458,69130320.00
2011/12/02,2.88,2.88,2.75,2.76,3476916,25478804.00
2011/12/05,2.76,2.78,2.51,2.53,3114917,21458962.00
2011/12/06,2.54,2.55,2.42,2.53,1202410,8109949.00
2011/12/07,2.52,2.57,2.45,2.49,1175796,7940974.00
2011/12/08,2.50,2.55,2.44,2.49,915437,6160167.00
2011/12/09,2.47,2.59,2.45,2.54,1771044,12143202.00
2011/12/12,2.52,2.57,2.49,2.51,541936,3691205.00
2011/12/13,2.51,2.51,2.37,2.39,1297360,8471683.00
2011/12/14,2.37,2.48,2.37,2.43,999135,6590364.00
2011/12/15,2.42,2.57,2.38,2.53,2422856,16390931.00
2011/12/16,2.53,2.60,2.49,2.59,1816858,12427970.00
2011/12/19,2.59,2.61,2.51,2.57,2983412,20602868.00
2011/12/21,2.53,2.60,2.43,2.44,1255223,8534012.00
2011/12/22,2.42,2.43,2.18,2.30,1336097,8424969.00
2011/12/23,2.29,2.53,2.27,2.51,1824242,12070141.00
2011/12/26,2.53,2.58,2.48,2.58,2129439,14529263.00
2011/12/27,2.58,2.59,2.48,2.58,2123041,14460293.00
2011/12/28,2.52,2.64,2.49,2.64,1546479,10647162.00
2011/12/29,2.64,2.68,2.58,2.66,1526088,10725937.00
2011/12/30,2.67,2.75,2.65,2.70,1656686,11881958.00
2012/01/04,2.70,2.75,2.56,2.56,1248552,8729555.00
2012/01/05,2.55,2.63,2.44,2.51,1219207,8330276.00
2012/01/06,2.43,2.58,2.43,2.56,601689,4067818.00
2012/01/09,2.57,2.71,2.54,2.67,1122369,7918136.00
2012/01/10,2.67,2.76,2.64,2.75,3037743,21767276.00
2012/01/11,2.73,2.74,2.66,2.70,1975181,14093442.00
2012/01/12,2.70,2.76,2.68,2.74,1697470,12235918.00
2012/01/13,2.86,2.97,2.68,2.68,4767205,35202488.00
2012/01/16,2.58,2.61,2.40,2.51,4128216,27636804.00
2012/01/17,2.51,2.66,2.47,2.66,1499411,10406661.00
2012/01/18,2.63,2.75,2.58,2.60,2668988,18951684.00
2012/01/19,2.59,2.63,2.56,2.59,1883650,13041109.00
2012/01/20,2.60,2.65,2.56,2.63,1480701,10328991.00
2012/01/30,2.65,2.69,2.63,2.65,1371236,9650570.00
2012/01/31,2.66,2.66,2.53,2.64,1725153,11906446.00
2012/02/01,2.61,2.70,2.57,2.61,1912375,13476388.00
2012/02/02,2.60,2.65,2.53,2.63,2210643,15309002.00
2012/02/03,2.63,2.72,2.62,2.70,3179971,22518628.00
2012/02/06,2.70,2.74,2.62,2.66,4460205,31682096.00
2012/02/07,2.65,2.66,2.62,2.65,1616290,11355021.00
2012/02/08,2.67,2.73,2.64,2.71,1801637,12850666.00
2012/02/09,2.71,2.78,2.69,2.76,3381706,24421956.00
2012/02/10,2.78,2.79,2.74,2.76,2749754,20002904.00
2012/02/13,2.74,2.81,2.67,2.79,1682532,12249584.00
2012/02/14,2.79,2.79,2.73,2.77,1764817,12830984.00
2012/02/15,2.76,2.82,2.74,2.79,1561321,11414759.00
2012/02/16,2.78,2.95,2.78,2.94,4541836,34137676.00
2012/02/17,2.94,2.97,2.87,2.89,2886820,21814234.00
2012/02/20,2.95,2.95,2.87,2.95,4907875,37222320.00
2012/02/21,2.92,2.97,2.91,2.94,2650420,20228652.00
2012/02/22,2.94,3.05,2.93,3.03,4820922,37340864.00
2012/02/23,3.02,3.13,2.99,3.06,5284630,41513240.00
2012/02/24,3.06,3.09,3.00,3.04,7157837,55987652.00
2012/02/27,3.08,3.08,2.96,2.96,7755789,60291040.00
2012/02/28,2.96,3.01,2.87,3.00,6924274,52510396.00
2012/02/29,3.01,3.04,2.92,2.95,5207451,40163900.00
2012/03/01,2.92,3.00,2.91,2.94,2190702,16771890.00
2012/03/02,2.94,3.12,2.94,3.07,7111706,55709304.00
2012/03/05,3.10,3.15,3.04,3.06,5146618,40873336.00
2012/03/06,3.04,3.13,3.02,3.13,6106567,48310376.00
2012/03/07,3.09,3.22,3.07,3.12,7968198,64446320.00
2012/03/08,3.10,3.38,3.08,3.32,14240184,115515304.00
2012/03/09,3.28,3.42,3.22,3.38,12912696,108345680.00
2012/03/12,3.38,3.45,3.27,3.32,10096198,85147456.00
2012/03/13,3.31,3.40,3.28,3.39,6855101,57888992.00
2012/03/14,3.43,3.71,3.41,3.46,24750680,218589344.00
2012/05/11,3.13,3.34,3.02,3.11,26806584,212881184.00
2012/05/14,3.09,3.10,2.95,2.99,8631830,67136552.00
2012/05/15,3.03,3.04,2.98,3.01,6406894,49910060.00
2012/05/16,2.98,3.00,2.85,2.87,7052769,53108280.00
2012/05/17,2.87,2.91,2.78,2.90,5149457,38530392.00
2012/05/18,2.85,2.90,2.83,2.86,4048167,30297564.00
2012/05/21,2.84,2.87,2.72,2.83,4192628,30721812.00
2012/05/22,2.86,3.00,2.80,2.95,5991379,44942752.00
2012/05/23,2.93,2.97,2.88,2.92,4248612,32179356.00
2012/05/24,2.92,2.96,2.75,2.78,6268204,46259980.00
2012/05/25,2.78,2.78,2.66,2.71,4068719,29224760.00
2012/05/28,2.71,2.75,2.63,2.75,2480115,17294972.00
2012/05/29,2.78,2.79,2.73,2.77,3630031,25685156.00
2012/05/30,2.79,2.79,2.68,2.72,5116138,35791612.00
2012/05/31,2.70,2.75,2.68,2.73,4030537,28227040.00
2012/06/01,2.73,2.78,2.73,2.77,3050804,21518440.00
2012/06/04,2.74,2.84,2.71,2.82,7739191,55315328.00
2012/06/05,2.83,2.94,2.79,2.86,7364779,53553572.00
2012/06/06,2.95,3.20,2.95,3.14,18961709,144914880.00
2012/06/07,3.10,3.14,3.01,3.03,8939001,68719584.00
2012/06/08,3.06,3.20,2.98,3.17,13248688,103406112.00
2012/06/11,3.16,3.26,3.10,3.20,8342071,66397228.00
2012/06/12,3.19,3.19,3.07,3.11,4646983,36133796.00
2012/06/13,3.08,3.28,3.08,3.24,6902864,55104480.00
2012/06/14,3.21,3.38,3.20,3.24,8168846,66788968.00
2012/06/15,3.24,3.30,3.11,3.22,4560847,36275372.00
2012/06/18,3.23,3.29,3.15,3.22,3299013,26314802.00
2012/06/19,3.25,3.28,3.02,3.11,4804009,37850568.00
2012/06/20,3.11,3.11,2.98,3.03,2872402,21807618.00
2012/06/25,2.98,3.15,2.97,3.03,3538113,27308792.00
2012/06/26,3.10,3.22,3.05,3.19,8133514,63916308.00
2012/06/27,3.19,3.21,3.12,3.14,2602550,20425392.00
2012/06/28,3.12,3.22,3.11,3.16,2940193,23252584.00
2012/06/29,3.14,3.27,3.13,3.23,4943801,39458288.00
2012/07/02,3.25,3.37,3.18,3.37,5767400,46765312.00
2012/07/03,3.37,3.37,3.28,3.35,2861988,23413344.00
2012/07/04,3.34,3.36,3.22,3.23,2499657,20224016.00
2012/07/05,3.23,3.25,3.13,3.18,1993531,15720735.00
2012/07/06,3.18,3.36,3.12,3.31,2954586,23722416.00
2012/07/09,3.30,3.37,3.24,3.27,3828735,31406848.00
2012/07/10,3.27,3.38,3.19,3.30,4930040,40104180.00
2012/07/11,3.31,3.43,3.31,3.40,7266596,60481380.00
2012/07/12,3.41,3.41,3.33,3.35,3794521,31421744.00
2012/07/13,3.35,3.39,3.31,3.32,2763289,22757496.00
2012/07/16,3.32,3.38,3.25,3.28,3245609,26636540.00
2012/07/17,3.28,3.33,3.16,3.32,3265475,26351708.00
2012/07/18,3.30,3.42,3.27,3.42,5614104,46525252.00
2012/07/19,3.42,3.45,3.36,3.40,3576270,29794316.00
2012/07/20,3.38,3.50,3.36,3.44,4213746,35486108.00
2012/07/23,3.42,3.52,3.38,3.45,3476902,29442696.00
2012/07/24,3.44,3.48,3.33,3.39,2755832,23016020.00
2012/07/25,3.38,3.40,3.33,3.35,1142318,9459238.00
2012/07/26,3.36,3.38,3.28,3.28,1649960,13489047.00
2012/07/27,3.28,3.32,3.22,3.23,1614527,13006842.00
2012/07/30,3.21,3.25,3.17,3.17,1562743,12456143.00
2012/07/31,3.15,3.22,3.12,3.14,2147479,16898588.00
2012/08/01,3.13,3.24,3.13,3.17,1524614,12065678.00
2012/08/02,3.17,3.28,3.17,3.23,1864787,14909554.00
2012/08/03,3.21,3.27,3.18,3.26,2069311,16584808.00
2012/08/06,3.26,3.28,3.20,3.26,4522185,36159148.00
2012/08/07,3.26,3.26,3.16,3.22,3113953,24675392.00
2012/08/08,3.29,3.42,3.27,3.28,7184317,58843928.00
2012/08/09,3.24,3.31,3.18,3.29,3677961,29458272.00
2012/08/10,3.29,3.30,3.23,3.30,2008455,16249714.00
2012/08/13,3.30,3.30,3.22,3.23,1272825,10261306.00
2012/08/14,3.24,3.26,3.19,3.24,2274089,18166460.00
2012/08/15,3.25,3.26,3.22,3.22,1126770,9030780.00
2012/08/16,3.19,3.22,3.19,3.21,1127843,8973382.00
2012/08/17,3.21,3.24,3.18,3.24,1304951,10401394.00
2012/08/20,3.20,3.21,3.02,3.18,677024,5313586.00
2012/08/21,3.18,3.24,3.15,3.20,983581,7826494.00
2012/08/22,3.20,3.21,3.18,3.20,1116215,8871577.00
2012/08/23,3.20,3.30,3.15,3.17,1509195,11957017.00
2012/08/24,3.13,3.18,3.08,3.16,1503392,11751377.00
2012/08/27,3.09,3.14,3.02,3.13,1110177,8567038.00
2012/08/28,3.12,3.14,3.06,3.10,825250,6395922.00
2012/08/29,3.11,3.11,2.90,2.94,2414529,18028780.00
2012/08/30,2.93,3.02,2.84,2.85,1461716,10770861.00
2012/08/31,2.83,3.00,2.83,2.97,1099193,8157342.00
2012/09/03,2.97,3.08,2.93,3.04,1183613,9011378.00
2012/09/04,3.04,3.05,2.98,2.98,896217,6770452.00
2012/09/05,2.94,3.05,2.94,3.03,1417279,10728553.00
2012/09/06,3.02,3.05,3.00,3.04,1147871,8731564.00
2012/09/07,3.05,3.17,3.04,3.11,4925529,38135992.00
2012/09/10,3.12,3.12,3.02,3.06,3607118,27610248.00
2012/09/11,3.06,3.06,2.95,3.01,2180774,16464716.00
2012/09/12,3.02,3.06,3.00,3.04,2086207,15858904.00
2012/09/13,3.04,3.07,2.98,3.05,3516067,26750720.00
2012/09/14,3.05,3.07,2.97,3.02,2437411,18431582.00
2012/09/17,3.03,3.03,2.86,2.91,1733552,12922579.00
2012/09/18,2.90,2.96,2.79,2.81,2401628,17484220.00
2012/09/19,2.84,2.88,2.78,2.85,1861439,13354511.00
2012/09/20,2.84,2.84,2.72,2.72,2306128,16343837.00
2012/09/21,2.75,2.75,2.69,2.70,710551,4776581.00
2012/09/24,2.70,2.70,2.59,2.64,2518926,16516721.00
2012/09/25,2.62,2.64,2.58,2.59,1798308,11683981.00
2012/09/26,2.58,2.60,2.45,2.48,1667904,10562131.00
2012/09/27,2.47,2.54,2.46,2.53,4945413,31175848.00
2012/09/28,2.51,2.56,2.50,2.55,4311854,27508104.00
2012/10/08,2.58,2.61,2.54,2.57,3243917,20890936.00
2012/10/09,2.60,2.88,2.60,2.78,8547250,58416092.00
2012/10/10,2.75,2.84,2.73,2.81,7113580,48856824.00
2012/10/11,2.79,2.80,2.74,2.77,3182185,21743188.00
2012/10/12,2.76,2.80,2.66,2.77,2787199,18873652.00
2012/10/15,2.77,2.77,2.70,2.73,1278144,8620692.00
2012/10/16,2.74,2.77,2.69,2.75,2893896,19643628.00
2012/10/17,2.79,2.85,2.74,2.75,6265165,42977488.00
2012/10/18,2.78,2.86,2.77,2.81,6886595,47705984.00
2012/10/19,2.81,2.85,2.79,2.81,2228165,15455785.00
2012/10/22,2.78,2.84,2.78,2.83,3725764,25842164.00
2012/10/23,2.83,2.84,2.75,2.76,2999784,20594324.00
2012/10/24,2.74,2.94,2.74,2.93,15711600,110995216.00
2012/10/25,2.93,3.02,2.91,2.98,9361422,67636400.00
2012/11/02,3.07,3.08,2.92,2.96,7159577,52307124.00
2012/11/05,2.96,3.05,2.96,3.01,7613195,55673860.00
2012/11/06,2.98,3.02,2.91,2.94,4621016,33343844.00
2012/11/07,2.94,2.98,2.88,2.90,3445368,24619656.00
2012/11/08,2.87,3.01,2.83,2.98,6536796,47031460.00
2012/11/09,2.92,3.04,2.91,2.94,3343455,24299544.00
2012/11/12,2.93,2.96,2.88,2.92,2339139,16688212.00
2012/11/13,2.92,2.95,2.78,2.79,2339316,16393836.00
2012/11/14,2.81,2.82,2.69,2.75,2238119,15251397.00
2012/11/15,2.75,2.78,2.69,2.70,1301308,8830353.00
2012/11/16,2.67,2.70,2.65,2.68,2447285,16214544.00
2012/11/19,2.68,2.69,2.61,2.65,1382415,9098890.00
2012/11/20,2.66,2.71,2.64,2.68,6502927,43080920.00
2012/11/21,2.68,2.77,2.65,2.76,7093235,47843528.00
2012/11/22,2.75,2.79,2.69,2.70,2225088,15088877.00
2012/11/23,2.71,2.84,2.71,2.80,3755671,25763500.00
2012/11/26,2.79,2.84,2.75,2.79,2014221,13821755.00
2012/11/27,2.77,2.81,2.67,2.70,4312893,29007708.00
2012/11/28,2.68,2.69,2.58,2.59,2812802,18405120.00
2012/11/29,2.59,2.66,2.58,2.65,3375588,22045788.00
2012/11/30,2.63,2.71,2.62,2.71,2366048,15729766.00
2012/12/03,2.71,2.74,2.66,2.66,1048312,7039637.00
2012/12/04,2.66,2.75,2.64,2.74,1749233,11780323.00
2012/12/05,2.76,2.89,2.71,2.84,4251334,29369400.00
2012/12/06,2.81,2.97,2.79,2.94,5011535,35359388.00
2012/12/07,2.94,2.99,2.91,2.95,5138771,37026096.00
2012/12/10,2.96,2.98,2.91,2.95,2481333,17810096.00
2012/12/11,2.95,2.95,2.87,2.88,2208853,15743810.00
2012/12/12,2.89,2.95,2.85,2.91,1972929,13958857.00
2012/12/13,2.93,2.93,2.87,2.88,1104434,7821804.00
2012/12/14,2.87,2.99,2.87,2.98,6415798,46303896.00
2012/12/17,2.98,3.05,2.96,2.98,5139456,37432944.00
2012/12/18,2.97,3.00,2.91,2.93,3265839,23558312.00
2012/12/19,2.91,2.96,2.90,2.93,1462810,10492300.00
2012/12/20,2.93,3.01,2.92,2.99,4520034,32670628.00
2012/12/21,2.99,3.03,2.94,2.98,4470997,32539540.00
2012/12/24,2.99,3.03,2.95,2.98,3755809,27339672.00
2012/12/25,2.98,3.11,2.97,3.09,6691860,49683212.00
2012/12/26,3.12,3.14,3.06,3.10,3594284,26928944.00
2012/12/27,3.13,3.14,3.02,3.05,4739652,35202752.00
2012/12/28,3.05,3.08,2.95,3.06,6762084,49505460.00
2012/12/31,3.06,3.13,3.01,3.09,6839934,50629812.00
2013/01/04,3.10,3.12,2.95,3.00,6203827,45329224.00
2013/01/07,2.99,2.99,2.92,2.95,6907914,49618168.00
2013/01/08,2.95,3.03,2.93,3.01,4870749,35428320.00
2013/01/09,3.08,3.37,3.08,3.31,19309845,149707584.00
2013/01/10,3.29,3.29,3.19,3.26,7608015,59125264.00
2013/01/11,3.25,3.35,3.19,3.28,9211439,72512800.00
2013/01/14,3.26,3.54,3.25,3.50,12475887,102034968.00
2013/01/15,3.53,3.73,3.52,3.61,16389921,139579968.00
2013/01/16,3.58,3.68,3.49,3.65,16567495,140243328.00
2013/01/17,3.61,3.71,3.56,3.62,10344083,88799600.00
2013/01/18,3.60,3.66,3.53,3.56,8779432,74240448.00
2013/01/21,3.57,3.59,3.45,3.54,12020787,99623864.00
2013/01/22,3.51,3.61,3.42,3.55,9322120,77866976.00
2013/01/23,3.53,3.56,3.43,3.52,3633374,30143324.00
2013/01/24,3.52,3.55,3.37,3.40,5452211,44800488.00
2013/01/25,3.40,3.47,3.34,3.46,2391778,19461640.00
2013/01/28,3.43,3.53,3.43,3.52,4482839,37184916.00
2013/01/29,3.52,3.68,3.52,3.64,10451359,88966744.00
2013/01/30,3.65,3.65,3.34,3.43,19841649,162122960.00
2013/01/31,3.44,3.47,3.29,3.43,9913935,79707616.00
2013/02/01,3.42,3.43,3.34,3.39,7389541,59379784.00
2013/02/04,3.39,3.42,3.30,3.32,7969967,63542408.00
2013/02/05,3.31,3.39,3.26,3.37,4974362,39711072.00
2013/02/06,3.35,3.42,3.34,3.38,4504297,36247288.00
2013/02/07,3.38,3.40,3.34,3.37,3110643,24956336.00
2013/02/08,3.37,3.42,3.35,3.40,5394146,43661784.00
2013/02/18,3.43,3.48,3.41,3.44,5672947,46417080.00
2013/02/19,3.44,3.44,3.28,3.29,6189978,49454680.00
2013/02/20,3.29,3.37,3.28,3.36,3901354,31016856.00
2013/02/21,3.34,3.42,3.29,3.33,7323567,58673088.00
2013/02/22,3.33,3.45,3.32,3.40,6402536,51858844.00
2013/02/25,3.41,3.42,3.37,3.40,3932161,31763888.00
2013/02/26,3.38,3.46,3.25,3.26,6285921,50638444.00
2013/02/27,3.26,3.31,3.25,3.28,3196287,25103666.00
2013/02/28,3.28,3.32,3.21,3.30,4833538,37978816.00
2013/03/01,3.31,3.40,3.29,3.39,4566076,36602280.00
2013/03/04,3.37,3.40,3.28,3.30,3717799,29705116.00
2013/03/05,3.27,3.44,3.27,3.43,5314005,42933800.00
2013/03/06,3.45,3.52,3.43,3.45,7230402,59625588.00
2013/03/07,3.46,3.47,3.34,3.39,4021663,32647644.00
2013/03/08,3.41,3.49,3.38,3.44,5169380,42335676.00
2013/03/11,3.45,3.50,3.40,3.42,3793295,31095892.00
2013/03/12,3.49,3.60,3.43,3.50,12410347,103515368.00
2013/03/13,3.50,3.50,3.28,3.29,7790114,62272616.00
2013/03/14,3.29,3.36,3.28,3.31,2572336,20374820.00
2013/03/15,3.34,3.37,3.27,3.32,3572861,28449148.00
2013/03/18,3.30,3.34,3.23,3.23,2820498,22174194.00
2013/03/19,3.23,3.35,3.21,3.31,3045355,24000352.00
2013/03/20,3.29,3.39,3.29,3.38,3072393,24575448.00
2013/03/21,3.39,3.48,3.38,3.41,4138211,33707304.00
2013/03/22,3.41,3.46,3.41,3.42,2721266,22220068.00
2013/03/25,3.42,3.50,3.41,3.47,3202751,26304532.00
2013/03/26,3.50,3.50,3.40,3.44,2073961,16954532.00
2013/03/27,3.43,3.44,3.30,3.38,7222953,57940972.00
2013/03/28,3.35,3.41,3.31,3.36,4441851,35586608.00
2013/03/29,3.33,3.40,3.32,3.36,1691126,13558907.00
2013/04/01,3.36,3.45,3.32,3.44,4211829,34034760.00
2013/04/02,3.44,3.47,3.31,3.34,7754632,62423892.00
2013/04/03,3.35,3.43,3.25,3.41,9706444,77016648.00
2013/04/08,3.43,3.46,3.37,3.44,7669626,62446004.00
2013/04/09,3.44,3.49,3.37,3.43,6381844,51924360.00
2013/04/10,3.43,3.43,3.37,3.40,2645814,21417084.00
2013/04/11,3.40,3.47,3.33,3.40,7699506,62375676.00
2013/04/12,3.40,3.44,3.38,3.39,3014645,24453866.00
2013/04/15,3.39,3.41,3.28,3.32,3582333,28601636.00
2013/04/16,3.28,3.39,3.25,3.37,4385365,34681560.00
2013/04/17,3.39,3.39,3.29,3.33,2180640,17405324.00
2013/04/18,3.34,3.39,3.29,3.37,4533501,36296660.00
2013/04/19,3.40,3.41,3.36,3.37,7641303,61563504.00
2013/04/22,3.37,3.37,3.29,3.33,3472363,27552972.00
2013/04/23,3.31,3.34,3.21,3.23,4160255,32549594.00
2013/04/24,3.23,3.30,3.21,3.28,5198901,40348336.00
2013/04/25,3.27,3.27,3.18,3.21,2631665,20301060.00
2013/04/26,3.23,3.33,3.23,3.26,6890536,54371796.00
2013/05/02,3.27,3.43,3.25,3.32,4635254,36777108.00
2013/05/03,3.32,3.37,3.31,3.32,4697040,37409304.00
2013/05/06,3.33,3.42,3.32,3.40,7774208,62637576.00
2013/05/07,3.40,3.41,3.37,3.38,4476821,36172108.00
2013/05/08,3.39,3.43,3.38,3.40,6071769,49128592.00
2013/05/09,3.39,3.40,3.32,3.36,7523582,60304316.00
2013/05/10,3.36,3.38,3.31,3.33,6795562,54161240.00
2013/05/13,3.34,3.49,3.32,3.44,16273167,132473432.00
2013/05/14,3.45,3.47,3.39,3.46,6605892,53770120.00
2013/05/15,3.46,3.50,3.42,3.46,7431593,61232208.00
2013/05/16,3.45,3.63,3.43,3.63,13711210,114903504.00
2013/05/17,3.60,3.66,3.58,3.60,7845841,66975240.00
2013/05/20,3.61,3.76,3.56,3.63,9918364,85822968.00
2013/05/21,3.60,3.70,3.59,3.63,6647227,56901772.00
2013/05/22,3.65,3.68,3.48,3.50,15385012,128758400.00
2013/05/23,3.52,3.52,3.42,3.45,10721968,87876680.00
2013/05/24,3.45,3.47,3.40,3.45,7131489,58274180.00
2013/05/27,3.45,3.48,3.43,3.46,5081117,41698212.00
2013/05/28,3.46,3.53,3.41,3.52,6858526,56319044.00
2013/05/29,3.51,3.52,3.47,3.48,7789155,64546120.00
2013/05/30,3.46,3.50,3.43,3.47,4979561,40959536.00
2013/05/31,3.49,3.50,3.41,3.42,5483862,44946576.00
2013/06/03,3.42,3.44,3.40,3.42,4275049,34752152.00
2013/06/04,3.42,3.43,3.31,3.33,5196095,41639348.00
2013/06/05,3.33,3.37,3.33,3.35,2198450,17559656.00
2013/06/06,3.34,3.35,3.27,3.27,3402204,26819732.00
2013/06/07,3.28,3.30,3.20,3.21,3722794,28940054.00
2013/06/13,3.18,3.18,2.96,2.98,5353045,39464300.00
2013/06/14,2.98,3.06,2.97,3.04,3607434,26449688.00
2013/06/17,3.04,3.07,2.99,3.05,3010459,22160352.00
2013/06/18,3.07,3.08,3.03,3.06,1659800,12286269.00
2013/06/19,3.04,3.04,2.85,2.94,5745813,40974148.00
2013/06/20,2.91,2.92,2.86,2.89,3054113,21574132.00
2013/06/21,2.85,2.92,2.82,2.89,2782894,19559132.00
2013/06/24,2.86,2.88,2.69,2.71,3732990,25614000.00
2013/06/25,2.70,2.73,2.38,2.70,4564856,29503386.00
2013/06/26,2.70,2.81,2.60,2.79,4777780,31825218.00
2013/06/27,2.77,3.03,2.75,2.81,5364727,37396424.00
2013/06/28,2.79,2.85,2.73,2.82,3313707,22822368.00
2013/07/01,2.85,2.85,2.75,2.81,3440455,23580744.00
2013/07/02,2.82,2.82,2.76,2.80,2317345,15899760.00
2013/07/03,2.80,2.80,2.68,2.71,2716535,18316952.00
2013/07/04,2.71,2.82,2.65,2.82,4279556,28893962.00
2013/07/05,2.82,2.84,2.76,2.77,2296154,15812044.00
2013/07/08,2.75,2.82,2.68,2.73,3710390,24944520.00
2013/07/09,2.70,2.88,2.70,2.81,5264922,36493488.00
2013/07/10,2.82,2.85,2.79,2.84,5107747,35504876.00
2013/07/11,2.84,2.97,2.82,2.94,9219898,65753188.00
2013/07/12,2.95,3.03,2.89,2.99,8318787,59881328.00
2013/07/15,2.98,2.99,2.96,2.97,3885651,28148828.00
2013/07/16,2.96,3.13,2.94,3.00,8424262,61564064.00
2013/07/17,2.99,2.99,2.92,2.92,4168118,30005428.00
2013/07/18,2.92,2.94,2.86,2.87,3327810,23618888.00
2013/07/19,2.87,2.92,2.83,2.87,3324311,23388920.00
2013/07/22,2.85,2.89,2.83,2.88,2480190,17349120.00
2013/07/23,2.89,2.99,2.86,2.97,4209302,30212068.00
2013/07/24,2.95,3.00,2.91,2.94,4558097,32737988.00
2013/07/25,2.95,2.96,2.87,2.90,3009913,21356956.00
2013/07/26,2.88,2.92,2.87,2.90,1630430,11533167.00
2013/07/29,2.90,3.00,2.88,2.92,3729702,26653792.00
2013/07/30,3.00,3.00,2.89,2.93,3321100,23738536.00
2013/07/31,2.93,2.96,2.91,2.96,3137934,22495358.00
2013/08/01,2.94,2.99,2.94,2.99,5218980,37764328.00
2013/08/02,3.00,3.00,2.95,2.97,3702965,26861380.00
2013/08/05,2.99,3.07,2.95,3.00,6475867,47212780.00
2013/08/06,3.00,3.09,2.98,3.06,8783166,64926280.00
2013/08/07,3.05,3.17,3.04,3.10,7599112,57306048.00
2013/08/08,3.11,3.17,3.08,3.16,4997356,37866820.00
2013/08/09,3.17,3.28,3.10,3.26,8690324,66959208.00
2013/08/12,3.28,3.32,3.23,3.28,6555367,51328596.00
2013/08/13,3.28,3.29,3.22,3.24,5157387,40152632.00
2013/08/14,3.22,3.36,3.21,3.34,11841356,93930712.00
2013/08/15,3.34,3.37,3.24,3.27,6683636,52524776.00
2013/08/16,3.27,3.35,3.22,3.26,6830986,53798020.00
2013/08/19,3.22,3.40,3.22,3.36,9212330,73040400.00
2013/08/20,3.35,3.40,3.32,3.36,8444558,67676432.00
2013/08/21,3.36,3.38,3.31,3.35,5685065,45263160.00
2013/08/22,3.34,3.41,3.31,3.34,8679974,69475544.00
2013/08/23,3.37,3.39,3.18,3.18,20163210,157295568.00
2013/08/26,3.21,3.23,3.14,3.21,8646311,66440460.00
2013/08/27,3.21,3.23,3.19,3.21,6494169,50071980.00
2013/08/28,3.18,3.21,3.15,3.19,7291735,55742516.00
2013/08/29,3.18,3.19,3.14,3.15,5301914,40312772.00
2013/08/30,3.16,3.21,3.15,3.18,6390665,48975004.00
2013/09/02,3.19,3.27,3.18,3.27,6121074,47406492.00
2013/09/03,3.28,3.32,3.25,3.30,4994802,39272280.00
2013/09/04,3.30,3.31,3.23,3.26,4252375,33254990.00
2013/09/05,3.26,3.29,3.23,3.25,3873241,30175068.00
2013/09/06,3.25,3.28,3.23,3.26,3367537,26276536.00
2013/09/09,3.30,3.31,3.26,3.29,6408613,50427292.00
2013/09/10,3.30,3.39,3.30,3.36,8612880,68893032.00
2013/09/11,3.38,3.39,3.31,3.36,6282918,50218716.00
2013/09/12,3.36,3.41,3.33,3.40,6600073,52965512.00
2013/09/13,3.40,3.43,3.34,3.34,6833647,54926832.00
2013/09/16,3.36,3.38,3.27,3.30,5624457,44692680.00
2013/09/17,3.30,3.33,3.25,3.25,5835381,46004260.00
2013/09/18,3.25,3.32,3.23,3.27,4236967,33142958.00
2013/09/23,3.33,3.33,3.25,3.29,7155609,56181164.00
2013/09/24,3.29,3.33,3.24,3.29,4480835,35117556.00
2013/09/25,3.28,3.29,3.25,3.25,4186447,32755236.00
2013/09/26,3.25,3.26,3.18,3.18,4682603,36205400.00
2013/09/27,3.17,3.22,3.17,3.22,3297307,25346530.00
2013/09/30,3.21,3.27,3.21,3.26,2582944,20091340.00
2013/10/08,3.25,3.32,3.24,3.31,4926780,38756040.00
2013/10/09,3.30,3.33,3.28,3.33,4329353,34192008.00
2013/10/10,3.33,3.33,3.26,3.28,4078382,32075404.00
2013/10/11,3.28,3.32,3.28,3.31,3962399,31276036.00
2013/10/14,3.31,3.41,3.28,3.41,7905514,63525268.00
2013/10/15,3.39,3.56,3.38,3.52,15643309,129474992.00
2013/10/16,3.50,3.51,3.41,3.49,9879146,81059312.00
2013/10/17,3.59,3.67,3.51,3.61,16428970,139302768.00
2013/10/18,3.61,3.64,3.52,3.55,8081863,68174168.00
2013/10/21,3.58,3.59,3.48,3.58,8091291,67936304.00
2013/10/22,3.58,3.60,3.50,3.51,10779898,90504480.00
2013/10/23,3.51,3.71,3.49,3.57,12899596,54250544.00
2013/10/24,3.43,3.48,3.31,3.39,11664649,46887948.00
2013/10/25,3.41,3.49,3.29,3.31,11498315,45660316.00
2013/10/28,3.31,3.37,3.20,3.35,6601754,25589460.00
2013/10/29,3.35,3.46,3.21,3.40,13620923,53673884.00
2013/10/30,3.43,3.79,3.41,3.66,45717701,193694992.00
2013/10/31,3.60,3.62,3.50,3.53,21375044,88890176.00
2013/11/01,3.50,3.54,3.42,3.48,11562990,47156692.00
2013/11/04,3.43,3.52,3.43,3.48,8465822,34550688.00
2013/11/05,3.47,3.48,3.36,3.47,10061840,40527876.00
2013/11/06,3.48,3.57,3.47,3.51,15217556,62631400.00
2013/11/07,3.51,3.52,3.44,3.46,7109689,28937356.00
2013/11/08,3.42,3.48,3.37,3.41,8100985,32545148.00
2013/11/11,3.36,3.41,3.32,3.39,6470046,25613346.00
2013/11/12,3.39,3.42,3.35,3.39,4897143,19502888.00
2013/11/13,3.38,3.39,3.23,3.23,10188135,39582624.00
2013/11/14,3.22,3.27,3.16,3.23,7373655,28040652.00
2013/11/15,3.23,3.30,3.19,3.28,10256204,39616032.00
2013/11/18,3.28,3.33,3.25,3.33,9131765,35536096.00
2013/11/19,3.32,3.33,3.28,3.31,7773608,30308096.00
2013/11/20,3.31,3.32,3.24,3.30,8042738,31179952.00
2013/11/21,3.28,3.29,3.22,3.27,7684156,29610964.00
2013/11/22,3.25,3.28,3.23,3.23,6903292,26596548.00
2013/11/25,3.25,3.26,3.21,3.26,5228482,20046552.00
2013/11/26,3.25,3.26,3.21,3.25,5073620,19426784.00
2013/11/27,3.25,3.25,3.18,3.23,9200910,35129076.00
2013/11/28,3.22,3.26,3.19,3.24,11832835,45364280.00
2013/11/29,3.25,3.25,3.20,3.22,10618444,40516884.00
2013/12/02,3.21,3.29,3.18,3.23,15263794,58607640.00
2013/12/03,3.24,3.35,3.21,3.34,19247869,74962432.00
2013/12/04,3.33,3.36,3.30,3.35,15507888,61130404.00
2013/12/05,3.35,3.35,3.28,3.31,10260475,40071272.00
2013/12/06,3.31,3.33,3.28,3.29,6923227,26976406.00
2013/12/09,3.30,3.31,3.27,3.29,6904529,26801748.00
2013/12/10,3.29,3.29,3.24,3.25,6861133,26465680.00
2013/12/11,3.25,3.25,3.22,3.24,6308408,24159310.00
2013/12/12,3.26,3.26,3.22,3.23,5223331,20033408.00
2013/12/13,3.23,3.32,3.22,3.32,10970048,42587712.00
2013/12/16,3.32,3.33,3.22,3.22,7132637,27515256.00
2013/12/17,3.22,3.26,3.21,3.21,5561555,21268758.00
2013/12/18,3.22,3.23,3.20,3.21,3225231,12302130.00
2013/12/19,3.23,3.25,3.19,3.19,3594011,13697796.00
2013/12/20,3.20,3.20,3.06,3.08,8238630,30570172.00
2013/12/23,3.06,3.10,2.97,3.03,4477723,16246158.00
2013/12/24,3.03,3.07,3.01,3.04,3028074,11031698.00
2013/12/25,3.03,3.06,3.02,3.06,2919655,10625314.00
2013/12/26,3.05,3.06,3.00,3.00,3405223,12318568.00
2013/12/27,3.00,3.04,2.98,3.01,3497765,12635739.00
2013/12/30,3.03,3.15,3.00,3.06,7121405,26186592.00
2013/12/31,3.04,3.07,2.99,3.03,5927889,21488820.00
2014/01/02,3.02,3.04,3.00,3.01,4038667,14598862.00
2014/01/03,3.02,3.02,2.93,2.93,7342276,26141564.00
2014/01/06,2.93,2.94,2.79,2.79,6039098,20699676.00
2014/01/07,2.78,2.81,2.73,2.79,3677547,12399936.00
2014/01/08,2.80,2.82,2.75,2.76,3416774,11529135.00
2014/01/09,2.79,2.79,2.69,2.69,4234779,14130066.00
2014/01/10,2.69,2.69,2.61,2.62,3754142,12141962.00
2014/01/13,2.60,2.66,2.59,2.61,3609422,11639823.00
2014/01/14,2.61,2.70,2.61,2.68,3945204,12832015.00
2014/01/15,2.69,2.69,2.62,2.66,2653035,8602033.00
2014/01/16,2.66,2.86,2.64,2.77,7497325,25415826.00
2014/01/17,2.75,2.79,2.71,2.73,3760468,12551612.00
2014/01/20,2.75,2.78,2.71,2.77,3626977,12110129.00
2014/01/21,2.77,2.81,2.75,2.77,2716791,9161152.00
2014/01/22,2.77,2.83,2.76,2.82,4793865,16326046.00
2014/01/23,2.82,2.82,2.77,2.79,4230293,14346573.00
2014/01/24,2.80,2.89,2.80,2.88,6451930,22293000.00
2014/01/27,2.88,2.88,2.83,2.84,4636986,16036044.00
2014/01/28,2.84,2.86,2.79,2.80,3732215,12758823.00
2014/01/29,2.80,2.82,2.76,2.79,4313271,14609401.00
2014/01/30,2.80,2.80,2.73,2.77,3917961,13167453.00
2014/02/07,2.77,2.78,2.74,2.78,3025599,10164913.00
2014/02/10,2.78,2.88,2.78,2.87,5796020,19933348.00
2014/02/11,2.88,2.89,2.84,2.86,8089859,28003694.00
2014/02/12,2.86,2.87,2.84,2.85,6672539,23022668.00
2014/02/13,2.84,2.84,2.78,2.78,11229526,38141876.00
2014/02/14,2.78,2.81,2.77,2.81,6668945,22637264.00
2014/02/17,2.81,2.85,2.80,2.85,7781450,26655412.00
2014/02/18,2.85,2.85,2.76,2.79,12245399,41538324.00
2014/02/19,2.79,2.88,2.77,2.87,13992640,48176188.00
2014/02/20,2.86,2.97,2.86,2.94,20157187,71138224.00
2014/02/21,2.96,2.97,2.85,2.92,11800771,41304448.00
2014/02/24,2.91,2.91,2.80,2.82,8173473,28093588.00
2014/02/25,2.82,2.85,2.70,2.72,8942637,30149216.00
2014/02/26,2.72,2.73,2.65,2.72,5314529,17538288.00
2014/02/27,2.72,2.92,2.71,2.89,16493789,56603728.00
2014/02/28,2.93,3.24,2.91,3.24,58058786,216258144.00
2014/03/03,3.30,3.62,3.20,3.55,79800896,324757856.00
2014/03/04,3.47,3.49,3.33,3.44,43170722,173140128.00
2014/03/05,3.42,3.83,3.30,3.70,64064959,268275392.00
2014/03/06,3.61,3.79,3.56,3.59,39834854,168841344.00
2014/03/07,3.51,3.57,3.35,3.41,37978170,153609024.00
2014/03/10,3.37,3.38,3.25,3.32,23499190,92013072.00
2014/03/11,3.27,3.32,3.19,3.25,18655430,71750624.00
2014/03/12,3.27,3.28,3.10,3.21,19593781,74141184.00
2014/03/13,3.21,3.55,3.21,3.55,48542146,194190768.00
2014/03/14,3.52,3.52,3.31,3.36,30082138,120219888.00
2014/03/17,3.36,3.39,3.21,3.38,15595330,60930516.00
2014/03/18,3.38,3.55,3.35,3.43,27559441,111625128.00
2014/03/19,3.43,3.53,3.37,3.47,21207448,86033776.00
2014/03/20,3.40,3.42,3.28,3.29,23301446,91671832.00
2014/03/21,3.27,3.37,3.22,3.35,14569518,56970388.00
2014/03/24,3.33,3.44,3.31,3.40,18641717,74359744.00
2014/03/25,3.40,3.60,3.36,3.48,37895621,156110496.00
2014/03/26,3.45,3.50,3.38,3.47,18166314,72926128.00
2014/03/27,3.47,3.47,3.31,3.32,17251067,68236496.00
2014/03/28,3.29,3.38,3.23,3.26,13998143,54427484.00
2014/03/31,3.22,3.22,2.98,2.99,40209042,147656000.00
2014/04/01,2.96,2.99,2.90,2.98,25745138,91668744.00
2014/04/02,2.98,3.10,2.96,3.08,27698086,100561312.00
2014/04/03,3.06,3.08,2.96,2.97,17838344,64267320.00
2014/04/04,2.95,3.02,2.92,3.00,12538284,44950992.00
2014/04/08,2.99,3.08,2.96,3.07,28330126,102678592.00
2014/04/09,3.08,3.10,3.02,3.05,22360389,81521464.00
2014/04/10,3.05,3.07,3.01,3.05,26679814,97084368.00
2014/04/11,3.03,3.06,3.01,3.03,18379373,66659604.00
2014/04/14,3.03,3.03,2.98,3.00,20846471,75009016.00
2014/04/15,3.00,3.00,2.94,2.96,13272928,47326192.00
2014/04/16,2.94,3.00,2.94,2.98,8763156,31296284.00
2014/04/17,2.98,2.99,2.92,2.94,12825735,45376504.00
2014/04/18,2.93,2.94,2.90,2.92,10104116,35525864.00
2014/04/21,2.88,2.92,2.85,2.85,11333774,39487008.00
2014/04/22,2.85,2.87,2.74,2.83,12375377,42118816.00
2014/04/23,2.83,2.83,2.78,2.80,7210688,24525020.00
2014/04/24,2.80,2.87,2.77,2.85,10561389,36254408.00
2014/04/25,2.84,2.85,2.78,2.80,7914687,27043906.00
2014/04/28,2.80,2.80,2.71,2.77,9707538,32532336.00
2014/04/29,2.75,2.79,2.74,2.77,7865448,26441964.00
2014/04/30,2.77,2.85,2.76,2.84,9701147,33237724.00
2014/05/05,2.84,2.85,2.78,2.81,10422408,35489028.00
2014/05/06,2.82,2.85,2.81,2.83,6214154,21288076.00
2014/05/07,2.83,2.83,2.78,2.78,5154816,17542656.00
2014/05/08,2.77,2.83,2.77,2.79,5364409,18225224.00
2014/05/09,2.79,2.80,2.75,2.77,5098040,17175500.00
2014/05/12,2.80,2.87,2.78,2.86,13654222,46974300.00
2014/05/13,2.87,2.89,2.83,2.84,8563399,29569696.00
2014/05/14,2.84,2.87,2.83,2.86,4912647,16965646.00
2014/05/15,2.86,2.86,2.79,2.81,6471918,22147136.00
2014/05/16,2.81,2.83,2.78,2.83,5797514,19730422.00
2014/05/19,2.83,2.83,2.78,2.80,3384475,11490203.00
2014/05/20,2.80,2.82,2.78,2.80,4236177,14412742.00
2014/05/21,2.79,2.82,2.77,2.82,3803430,12942699.00
2014/05/22,2.82,2.84,2.78,2.78,8530462,29080444.00
2014/05/23,2.78,2.80,2.77,2.80,4258093,14419803.00
2014/05/26,2.79,2.81,2.78,2.79,6278011,21305766.00
2014/05/27,2.79,2.81,2.77,2.79,6542965,22199084.00
2014/05/28,2.79,2.80,2.77,2.80,5615349,19000718.00
2014/05/29,2.79,2.80,2.76,2.77,5145359,17393702.00
2014/05/30,2.77,2.77,2.73,2.74,8194875,27432584.00
2014/06/03,2.75,2.76,2.73,2.74,6612655,22126512.00
2014/06/04,2.75,2.75,2.70,2.72,6700462,22224092.00
2014/06/05,2.73,2.78,2.71,2.76,7800867,26131748.00
2014/06/06,2.74,2.76,2.73,2.75,3672891,12264055.00
2014/06/09,2.75,2.76,2.71,2.73,4070585,13570744.00
2014/06/10,2.73,2.75,2.71,2.74,4951839,16519070.00
2014/06/11,2.73,2.74,2.71,2.73,6344663,21072084.00
2014/06/12,2.72,2.73,2.70,2.70,8789747,29099716.00
2014/06/13,2.70,2.74,2.69,2.74,6990985,23217310.00
2014/06/16,2.74,2.76,2.72,2.75,8774615,29328304.00
2014/06/17,2.75,2.75,2.73,2.73,4386971,14633253.00
2014/06/18,2.73,2.74,2.70,2.70,5763566,19111248.00
2014/06/19,2.70,2.72,2.62,2.63,7840621,25622420.00
2014/06/20,2.63,2.65,2.63,2.65,4958940,16056444.00
2014/06/23,2.65,2.69,2.64,2.65,5181368,16901680.00
2014/06/24,2.66,2.68,2.65,2.67,3605836,11785507.00
2014/06/25,2.66,2.67,2.62,2.63,6379294,20670092.00
2014/06/26,2.63,2.66,2.63,2.65,9755387,31654220.00
2014/06/27,2.65,2.68,2.64,2.67,8962137,29182668.00
2014/06/30,2.66,2.72,2.66,2.70,11298953,37211188.00
2014/07/01,2.71,2.72,2.68,2.71,6358624,20974888.00
2014/07/02,2.71,2.72,2.69,2.72,8203014,27125036.00
2014/07/03,2.72,2.74,2.70,2.74,9931010,33039376.00
2014/07/04,2.74,2.74,2.71,2.73,10114933,33644624.00
2014/07/07,2.72,2.74,2.69,2.70,8936070,29625660.00
2014/07/08,2.71,2.82,2.68,2.80,23935001,80291360.00
2014/07/09,2.82,2.92,2.76,2.80,41512731,143118416.00
2014/07/10,2.80,2.89,2.76,2.85,30531202,104805792.00
2014/07/11,2.84,2.91,2.82,2.86,26445335,91778296.00
2014/07/14,2.86,2.89,2.84,2.87,17153093,59436584.00
2014/07/15,2.87,2.90,2.80,2.83,19176220,66098148.00
2014/07/16,2.85,2.93,2.84,2.92,43001654,150209104.00
2014/07/17,2.94,3.03,2.92,2.93,36849726,131215304.00
2014/07/18,2.91,2.94,2.89,2.90,20675036,72778760.00
2014/07/21,2.90,2.91,2.85,2.86,10870842,37752128.00
2014/07/22,2.85,2.91,2.83,2.90,21522463,74803216.00
2014/07/23,2.88,2.90,2.86,2.88,10537305,36685448.00
2014/07/24,2.87,2.99,2.87,2.98,28209310,99678872.00
2014/07/25,2.98,3.05,2.98,3.04,28859934,104248192.00
2014/07/28,3.05,3.13,3.05,3.08,43668872,161216592.00
2014/07/29,3.09,3.11,3.05,3.09,25202142,92852552.00
2014/07/30,3.07,3.08,3.00,3.04,25543981,92821488.00
2014/07/31,3.04,3.08,3.02,3.08,12185146,44493904.00
2014/08/01,3.06,3.13,3.04,3.05,24776123,91359336.00
2014/08/04,3.05,3.12,3.04,3.12,17885675,65913824.00
2014/08/05,3.11,3.12,3.05,3.07,29709447,109216456.00
2014/08/06,3.06,3.09,3.05,3.09,17268254,63306844.00
2014/08/07,3.09,3.09,3.03,3.04,15979779,58415416.00
2014/08/08,3.04,3.07,3.01,3.05,11533676,41999012.00
2014/08/11,3.05,3.09,3.03,3.08,18456147,67731768.00
2014/08/12,3.08,3.09,3.05,3.08,12055553,44242368.00
2014/08/13,3.10,3.14,3.06,3.11,41202943,152103968.00
2014/08/14,3.11,3.11,3.07,3.08,15898211,58633696.00
2014/08/15,3.08,3.11,3.08,3.11,18570838,68633008.00
2014/08/18,3.12,3.15,3.10,3.14,34097566,126882272.00
2014/08/19,3.17,3.17,3.12,3.14,34958484,123692600.00
2014/08/20,3.14,3.20,3.12,3.17,25811032,91847920.00
2014/08/21,3.17,3.18,3.12,3.15,18524467,65557744.00
2014/08/22,3.16,3.28,3.13,3.24,48220112,173979648.00
2014/08/25,3.23,3.29,3.21,3.25,37256643,136028384.00
2014/08/26,3.24,3.35,3.23,3.31,51327355,190116928.00
2014/08/27,3.30,3.31,3.22,3.26,33067108,120912688.00
2014/08/28,3.27,3.27,3.15,3.17,26865218,96656120.00
2014/08/29,3.17,3.20,3.13,3.19,10985109,39256224.00
2014/09/01,3.18,3.22,3.16,3.21,13519272,48607916.00
2014/09/02,3.22,3.29,3.21,3.26,27109487,99233248.00
2014/09/03,3.28,3.32,3.25,3.28,42526819,156470128.00
2014/09/04,3.28,3.33,3.27,3.31,33116750,122696648.00
2014/09/05,3.32,3.39,3.28,3.37,49423801,184941648.00
2014/09/09,3.39,3.44,3.37,3.38,54504251,206593664.00
2014/09/10,3.38,3.39,3.32,3.36,42222057,158555888.00
2014/09/11,3.36,3.41,3.32,3.34,48480725,182507728.00
2014/09/12,3.33,3.54,3.32,3.51,84768854,326341376.00
2014/09/15,3.51,3.60,3.47,3.57,55616605,219685360.00
2014/09/16,3.57,3.64,3.45,3.45,69218700,273909856.00
2014/09/17,3.45,3.48,3.35,3.45,40625578,154824224.00
2014/09/18,3.44,3.48,3.39,3.46,28099312,108086464.00
2014/09/19,3.47,3.48,3.39,3.46,33693706,129057816.00
2014/09/22,3.41,3.45,3.35,3.36,35047609,133180952.00
2014/09/23,3.35,3.46,3.35,3.45,33061801,125999200.00
2014/09/24,3.44,3.52,3.40,3.51,34934128,135436816.00
2014/09/25,3.51,3.55,3.47,3.49,37418446,146549312.00
2014/09/26,3.47,3.58,3.46,3.55,37391668,147279472.00
2014/09/29,3.58,3.73,3.55,3.69,74350090,299403968.00
2014/09/30,3.70,3.72,3.63,3.65,44012199,178959392.00
2014/10/08,3.66,3.69,3.61,3.67,39855283,161411120.00
2014/10/09,3.67,3.71,3.64,3.69,44133408,180109216.00
2014/10/10,3.69,3.69,3.61,3.63,40969217,165675408.00
2014/10/13,3.62,3.62,3.54,3.59,35825086,142284304.00
2014/10/14,3.58,3.72,3.56,3.66,48135540,194884160.00
2014/10/15,3.65,3.67,3.59,3.66,33305404,134555520.00
2014/10/16,3.65,3.67,3.57,3.58,34522031,138890352.00
2014/10/17,3.57,3.60,3.46,3.48,44629438,174905264.00
2014/10/20,3.51,3.54,3.48,3.53,23690834,92768040.00
2014/10/21,3.53,3.62,3.51,3.54,30995259,123076528.00
2014/10/22,3.54,3.55,3.48,3.49,25208895,98759432.00
2014/10/23,3.48,3.50,3.37,3.40,33751123,128943584.00
2014/10/24,3.40,3.43,3.37,3.40,16787906,63912612.00
2014/10/27,3.39,3.40,3.36,3.39,16881608,63903988.00
2014/10/28,3.40,3.51,3.39,3.50,25849688,99627856.00
2014/10/29,3.51,3.59,3.47,3.57,41220952,162468560.00
2014/10/30,3.57,3.77,3.55,3.72,114917176,468516064.00
2014/10/31,3.71,3.79,3.67,3.74,84109207,346818848.00
2014/11/03,3.74,3.79,3.72,3.75,75252938,312422048.00
2014/11/04,3.75,3.93,3.71,3.86,104146099,441405440.00
2014/11/05,3.88,4.06,3.81,3.82,113141980,488350912.00
2014/11/06,3.88,4.21,3.81,4.11,152345627,673197696.00
2014/11/07,4.04,4.25,4.00,4.05,121054568,545651904.00
2014/11/10,4.06,4.18,4.02,4.13,79157683,357012384.00
2014/11/11,4.12,4.16,3.88,3.95,81464610,359041536.00
2014/11/12,3.94,4.08,3.89,4.08,47802929,210500144.00
2014/11/13,4.08,4.09,3.95,3.99,48033592,211680480.00
2014/11/14,3.97,3.98,3.86,3.92,42623588,183012480.00
2014/11/17,3.94,4.02,3.88,3.96,38098841,166159216.00
2014/11/18,3.96,4.06,3.93,4.04,41222584,181430288.00
2014/11/19,4.01,4.06,3.93,3.99,28189379,123758856.00
2014/11/20,3.97,3.99,3.91,3.96,18994795,82761488.00
2014/11/21,3.96,4.01,3.94,4.00,28470097,124777016.00
2014/11/24,4.08,4.11,4.02,4.08,63833341,285756448.00
2014/11/25,4.07,4.18,4.06,4.16,52491588,237856864.00
2014/11/26,4.16,4.31,4.15,4.24,59965089,277780896.00
2014/11/27,4.24,4.26,4.09,4.16,55884419,254970576.00
2014/11/28,4.14,4.15,4.05,4.15,60519322,272139392.00
2014/12/01,4.15,4.26,4.13,4.16,64865121,298398112.00
2014/12/02,4.16,4.39,4.12,4.35,92024978,431245184.00
2014/12/03,4.33,4.53,4.27,4.41,107514364,514243776.00
2014/12/04,4.43,4.59,4.35,4.57,96784684,471556928.00
2014/12/05,4.60,4.75,4.30,4.44,113968786,559396288.00
2014/12/08,4.40,4.80,4.31,4.79,114107572,571432320.00
2014/12/09,4.78,5.11,4.50,4.54,165817440,873574592.00
2014/12/10,4.54,4.79,4.46,4.79,98038880,497290560.00
2014/12/11,4.76,5.09,4.74,4.97,107971793,575449600.00
2014/12/12,5.03,5.03,4.80,4.97,84029988,446104896.00
2014/12/15,4.95,5.06,4.82,5.01,69636818,371171072.00
2014/12/16,5.03,5.22,5.01,5.16,91823753,508203776.00
2014/12/17,5.18,5.56,5.13,5.44,112687058,651255488.00
2014/12/18,5.45,5.57,5.28,5.54,77154239,449266880.00
2014/12/19,5.48,6.13,5.44,5.94,120767707,743348480.00
2014/12/22,6.02,6.56,5.89,6.54,171297871,1149357312.00
2014/12/23,6.51,6.51,5.85,5.85,131062794,847181120.00
2014/12/24,5.76,6.07,5.43,5.62,109552043,672273920.00
2014/12/25,5.61,6.08,5.40,5.92,95421822,582992640.00
2014/12/26,5.96,6.15,5.90,6.06,115827707,743127680.00
2014/12/30,6.36,6.36,5.78,5.79,100140860,641654912.00
2014/12/31,5.77,6.07,5.58,5.92,78840006,489566592.00
2015/01/05,5.91,6.19,5.86,6.10,111054232,716753664.00
2015/01/06,6.02,6.08,5.88,6.01,67956118,433278976.00
2015/01/07,6.00,6.01,5.77,5.93,77052698,484266848.00
2015/01/08,5.90,5.93,5.68,5.69,55303736,340315264.00
2015/01/09,5.69,5.85,5.66,5.69,52158439,321571968.00
2015/01/12,5.68,5.68,5.28,5.42,58236652,341460896.00
2015/01/13,5.41,5.47,5.38,5.43,24887733,144950144.00
2015/01/14,5.42,5.48,5.36,5.41,21806078,127146024.00
2015/01/15,5.41,5.63,5.41,5.60,32224553,190278336.00
2015/01/16,5.64,5.68,5.50,5.57,40086032,240530512.00
2015/01/19,5.30,5.39,4.97,4.97,64882560,359483808.00
2015/01/20,4.94,5.18,4.94,5.10,43915684,240185280.00
2015/02/02,4.82,5.08,4.72,5.04,39427436,210153088.00
2015/02/03,5.01,5.18,5.00,5.12,28319775,156034848.00
2015/02/04,5.15,5.23,5.10,5.11,25993596,144826048.00
2015/02/05,5.18,5.22,4.90,4.92,34139907,184866352.00
2015/02/06,4.88,4.90,4.59,4.65,42243023,215883952.00
2015/02/09,4.64,4.72,4.60,4.65,20339037,103145664.00
2015/02/10,4.65,4.80,4.64,4.80,19630482,101087496.00
2015/02/11,4.82,4.90,4.75,4.82,23092653,120646328.00
2015/02/12,4.82,4.89,4.74,4.87,19243255,100285448.00
2015/02/13,4.88,5.02,4.87,4.98,30600342,164185952.00
2015/02/16,4.99,5.03,4.97,5.01,17110037,92459824.00
2015/02/17,5.03,5.07,5.00,5.06,17861800,97043448.00
2015/02/25,5.05,5.14,4.99,5.07,26265618,143854032.00
2015/02/26,5.06,5.20,5.05,5.19,27759231,153737328.00
2015/02/27,5.21,5.27,5.15,5.19,29973256,168343712.00
2015/03/02,5.21,5.30,5.15,5.30,50703102,284808608.00
2015/03/03,5.26,5.27,5.10,5.12,42085921,234562240.00
2015/03/04,5.12,5.18,5.10,5.14,27854806,154260288.00
2015/03/05,5.13,5.14,4.97,5.02,34719297,188553344.00
2015/03/06,5.02,5.13,4.98,5.05,27227463,148397856.00
2015/03/09,5.02,5.16,4.95,5.15,32533973,177392064.00
2015/03/10,5.12,5.20,5.11,5.16,36442751,202942912.00
2015/03/11,5.16,5.22,5.11,5.12,29849862,166216224.00
2015/03/12,5.15,5.67,5.15,5.64,104668876,606532480.00
2015/03/13,5.57,5.65,5.47,5.55,71902065,427797312.00
2015/03/16,5.56,5.64,5.54,5.63,68513888,410330016.00
2015/03/17,5.64,5.89,5.60,5.80,87432694,538118400.00
2015/03/18,5.85,5.92,5.79,5.89,78992229,493890912.00
2015/03/19,5.87,5.98,5.79,5.89,82608107,518148512.00
2015/03/20,5.89,5.95,5.81,5.88,58035220,363477440.00
2015/03/23,5.92,6.07,5.90,6.06,93420915,596663488.00
2015/03/24,6.07,6.29,5.96,6.21,120174567,786545920.00
2015/03/25,6.27,6.30,6.15,6.25,99345365,658204608.00
2015/03/26,6.18,6.24,6.08,6.09,70696436,462138688.00
2015/03/27,6.09,6.10,5.97,6.06,55984369,360626560.00
2015/03/30,6.08,6.27,6.07,6.26,87804982,577063744.00
2015/03/31,6.26,6.34,6.05,6.09,77131224,508671808.00
2015/04/01,6.10,6.23,6.07,6.18,61288314,402559136.00
2015/04/02,6.24,6.31,6.10,6.22,87741910,581602240.00
2015/04/03,6.19,6.30,6.14,6.28,83257800,552725568.00
2015/04/07,6.31,6.73,6.30,6.61,125209116,865633024.00
2015/04/08,6.65,6.69,6.35,6.51,86182939,595640704.00
2015/04/09,6.51,6.52,6.08,6.24,82858828,551837504.00
2015/04/10,6.15,6.35,6.12,6.31,60179653,401773984.00
2015/04/13,6.32,6.44,6.23,6.43,79853764,539447936.00
2015/04/14,6.49,6.93,6.38,6.88,139992937,993478976.00
2015/04/15,6.86,6.86,6.50,6.53,85707497,605417408.00
2015/04/16,6.44,6.73,6.32,6.66,68686399,480553632.00
2015/04/17,6.71,6.93,6.69,6.79,111454786,804327424.00
2015/04/20,6.75,7.15,6.55,6.78,129197323,931548608.00
2015/04/21,6.76,6.95,6.71,6.94,86831039,628365824.00
2015/04/22,6.98,7.67,6.98,7.67,212816984,1672592768.00
2015/04/23,7.80,7.84,7.47,7.58,157740194,1264071424.00
2015/04/24,7.41,7.78,7.35,7.68,108549588,862379456.00
2015/04/27,7.68,7.85,7.50,7.71,114487652,925526720.00
2015/04/28,7.68,7.69,7.20,7.27,107293739,839635840.00
2015/04/29,7.22,7.58,7.21,7.43,57599501,449709824.00
2015/04/30,7.40,7.90,7.37,7.62,112278403,906263680.00
2015/05/04,7.66,8.42,7.66,8.42,159924018,1368547456.00
2015/05/05,8.58,8.58,7.54,7.61,152442156,1288428928.00
2015/05/06,7.60,7.71,7.01,7.20,104755612,815423872.00
2015/05/07,7.16,7.16,6.44,6.45,90593264,649648000.00
2015/05/08,6.51,6.75,6.50,6.74,69134336,485264608.00
2015/05/11,6.86,7.05,6.78,7.04,64569496,474112416.00
2015/05/12,7.04,7.40,6.94,7.33,93848861,711432128.00
2015/05/13,7.25,7.25,6.92,7.04,72984267,546884928.00
2015/05/14,7.04,7.20,6.96,7.05,61284135,457847168.00
2015/05/15,7.00,7.01,6.62,6.77,67620349,484813216.00
2015/05/18,6.71,6.81,6.61,6.69,39946582,284590720.00
2015/05/19,6.70,6.92,6.70,6.91,48309034,350511808.00
2015/05/20,6.95,7.12,6.90,6.93,57180213,423980256.00
2015/05/21,6.92,7.04,6.76,7.03,56189097,411051680.00
2015/05/22,7.29,7.29,7.06,7.26,86448634,657023424.00
2015/05/25,7.28,7.99,7.28,7.87,126792707,1016862208.00
2015/05/26,7.88,7.94,7.59,7.89,119826424,980155648.00
2015/05/27,7.97,8.35,7.97,8.05,136612378,1163201664.00
2015/05/28,8.06,8.35,7.27,7.32,134618883,1117625728.00
2015/05/29,7.32,7.55,6.70,7.39,89191059,684729536.00
2015/06/01,7.41,7.98,7.41,7.90,93461233,762022784.00
2015/06/02,7.96,8.17,7.76,8.04,102305403,856719488.00
2015/06/03,8.04,8.10,7.70,7.84,86111178,710550976.00
2015/06/04,7.83,7.92,7.19,7.90,76874066,618433728.00
2015/06/05,8.06,8.34,7.91,8.20,150573317,1283404544.00
2015/06/08,8.40,8.56,8.19,8.47,159639701,1404547072.00
2015/06/09,8.48,8.48,8.14,8.39,100387600,874088448.00
2015/06/10,8.26,8.50,8.11,8.39,95924158,838322816.00
2015/06/11,8.35,8.58,8.26,8.56,105800600,933846400.00
2015/06/12,8.57,8.87,8.57,8.84,126812563,1157203584.00
2015/06/15,8.98,9.23,8.73,8.77,126812096,1185318400.00
2015/06/16,8.62,8.66,8.09,8.14,96884566,845206720.00
2015/06/17,8.15,8.99,8.15,8.99,131298999,1173969920.00
2015/06/18,8.95,8.95,8.19,8.44,113960431,1039980480.00
2015/06/19,8.20,8.55,7.94,7.99,81060278,702095616.00
2015/06/23,7.99,8.35,7.59,8.34,77358081,657356288.00
2015/06/24,8.42,9.16,8.41,8.81,149289583,1373672448.00
2015/06/25,8.78,9.60,8.62,8.99,191173094,1809466880.00
2015/06/26,8.62,8.94,8.05,8.05,127237335,1129489280.00
2015/06/29,8.40,8.50,7.21,8.04,138449933,1173586176.00
2015/06/30,8.08,8.56,7.22,8.53,130978811,1096019712.00
2015/07/01,8.35,8.54,7.64,7.64,110860994,951955456.00
2015/07/02,7.64,7.64,6.84,6.84,97729745,729877952.00
2015/07/03,6.45,6.84,6.12,6.12,81039922,539471424.00
2015/07/06,6.77,6.77,5.48,5.84,95996977,616468352.00
2015/07/07,5.62,5.78,5.22,5.61,121055798,708398976.00
2015/07/08,5.01,5.22,5.01,5.01,65784096,357948544.00
2015/07/09,5.01,5.55,4.48,5.55,88002895,499956128.00
2015/07/10,5.78,6.15,5.78,6.15,60003818,388269280.00
2015/07/13,6.44,6.81,6.21,6.81,118378944,829236672.00
2015/07/14,6.63,7.07,6.40,6.46,103557563,733185088.00
2015/07/15,6.33,6.38,5.77,5.77,62988111,402537536.00
2015/07/16,5.77,6.12,5.48,5.90,49581968,310729280.00
2015/07/17,5.99,6.35,5.92,6.27,46785047,306989984.00
2015/07/20,6.24,6.45,6.13,6.30,48995467,327356224.00
2015/07/21,6.20,6.42,6.11,6.33,41403219,277416000.00
2015/07/22,6.34,6.55,6.20,6.50,58263037,396663072.00
2015/07/23,6.46,6.65,6.42,6.62,57622673,401184512.00
2015/07/24,6.66,6.87,6.53,6.62,75886181,541199168.00
2015/07/27,6.41,6.72,5.92,5.93,61263837,415071744.00
2015/07/28,5.81,6.18,5.37,6.03,64201886,385058496.00
2015/07/29,6.02,6.65,6.02,6.65,66382059,432609568.00
2015/07/30,6.58,6.73,6.26,6.29,58885496,398359392.00
2015/07/31,6.22,6.32,6.02,6.31,41276317,263708128.00
2015/08/03,6.20,6.72,6.17,6.71,65869144,435247392.00
2015/08/04,6.60,6.88,6.45,6.81,62240623,429809504.00
2015/08/05,6.75,6.81,6.43,6.54,43539317,297604928.00
2015/08/06,6.42,6.59,6.35,6.44,21618049,144135120.00
2015/08/07,6.48,6.67,6.48,6.63,32241020,219248192.00
2015/08/10,6.70,7.00,6.65,6.92,65016135,459404768.00
2015/08/11,6.93,6.96,6.76,6.83,60154829,424863264.00
2015/08/12,6.74,6.84,6.66,6.70,30780589,214160896.00
2015/08/13,6.75,6.95,6.71,6.93,44538869,314756480.00
2015/08/14,6.97,7.15,6.88,6.95,60580791,436869536.00
2015/08/17,6.96,7.18,6.82,7.17,62134095,449606400.00
2015/08/18,7.21,7.26,6.43,6.45,75647816,538522944.00
2015/08/19,6.37,7.12,6.21,7.11,91261769,640561472.00
2015/08/20,6.96,7.05,6.70,6.72,52226977,369562048.00
2015/08/21,6.60,6.72,6.14,6.19,56803722,372801632.00
2015/08/24,5.86,5.98,5.55,5.55,43617755,254611568.00
2015/08/25,5.00,5.31,4.98,4.98,75927143,396902240.00
2015/08/26,5.10,5.29,4.81,4.90,40600304,213325424.00
2015/08/27,5.05,5.30,4.91,5.29,33982115,180270016.00
2015/08/28,5.40,5.81,5.31,5.78,52532386,299041664.00
2015/08/31,5.67,5.92,5.41,5.90,45881162,268550496.00
2015/09/01,5.73,6.16,5.49,6.07,74494277,456123264.00
2015/09/02,5.77,6.07,5.57,5.63,29544931,178159696.00
2015/09/07,5.66,5.89,5.41,5.48,48209760,280844864.00
2015/09/08,5.43,5.70,5.31,5.67,27032400,154638912.00
2015/09/09,5.67,5.85,5.62,5.84,37928308,226100032.00
2015/09/10,5.72,5.80,5.56,5.59,20013287,118388768.00
2015/09/11,5.58,5.70,5.50,5.62,12591600,73012272.00
2015/09/14,5.65,5.78,5.12,5.26,29773659,169365360.00
2015/09/15,5.15,5.33,4.91,5.07,23407867,124927368.00
2015/09/16,5.04,5.56,5.00,5.49,23071348,127019664.00
2015/09/17,5.46,5.58,5.25,5.27,25587687,144203904.00
2015/09/18,5.29,5.37,5.24,5.30,11507276,63297372.00
2015/09/21,5.21,5.48,5.18,5.44,17275887,96564280.00
2015/09/22,5.46,5.51,5.40,5.44,18532173,104757512.00
2015/09/23,5.35,5.45,5.25,5.29,13762324,76133120.00
2015/09/24,5.32,5.38,5.28,5.34,9997870,55277444.00
2015/09/25,5.34,5.36,5.12,5.16,11993800,65201016.00
2015/09/28,5.18,5.22,5.13,5.21,6552330,35261144.00
2015/09/29,5.23,5.23,5.06,5.08,7604042,40540604.00
2015/09/30,5.11,5.14,5.05,5.07,6288840,33287620.00
2015/10/08,5.22,5.33,5.20,5.23,19394024,105774536.00
2015/10/09,5.22,5.33,5.20,5.30,16904716,92599808.00
2015/10/12,5.31,5.78,5.31,5.58,42079058,241149056.00
2015/10/13,5.53,5.63,5.47,5.59,22684651,130486512.00
2015/10/14,5.59,5.61,5.43,5.45,17412699,99845672.00
2015/10/15,5.44,5.62,5.42,5.60,17929594,103329488.00
2015/10/16,5.62,5.73,5.59,5.69,28661439,167877568.00
2015/10/19,5.72,5.76,5.52,5.60,25882267,151907824.00
2015/10/20,5.60,5.70,5.56,5.69,18793955,109607232.00
2015/10/21,5.72,5.75,5.32,5.38,28951736,167600752.00
2015/10/22,5.40,5.49,5.32,5.48,18318207,102894352.00
2015/10/23,5.48,5.59,5.43,5.58,23603138,134664576.00
2015/10/26,5.69,5.70,5.60,5.64,25772457,150448464.00
2015/10/27,5.63,5.73,5.56,5.71,32165878,188044752.00
2015/10/28,5.68,5.73,5.52,5.56,18957047,110828912.00
2015/10/29,5.56,5.64,5.50,5.62,11535801,66705844.00
2015/10/30,5.60,5.66,5.52,5.59,10045294,58184060.00
2015/11/02,5.58,5.75,5.53,5.66,29212071,171273008.00
2015/11/03,5.65,5.73,5.60,5.62,14788061,86522512.00
2015/11/04,5.64,5.88,5.64,5.87,48454205,289062688.00
2016/02/24,5.29,5.59,5.29,5.49,87574746,492906208.00
2016/02/25,5.25,5.33,4.92,4.92,51811461,276396544.00
2016/02/26,4.92,4.99,4.65,4.81,29686390,147869552.00
2016/02/29,4.81,4.81,4.32,4.42,22636347,105705896.00
2016/03/01,4.44,4.59,4.40,4.50,20048664,94260016.00
2016/03/02,4.48,4.70,4.47,4.67,28829948,138434208.00
2016/03/03,4.69,4.74,4.63,4.65,23813131,116193408.00
2016/03/04,4.63,4.68,4.43,4.53,25593230,121714448.00
2016/03/07,4.55,4.63,4.55,4.59,15931843,76251176.00
2016/03/08,4.60,4.60,4.41,4.56,15685121,73522104.00
2016/03/09,4.45,4.54,4.43,4.46,9786471,45732144.00
2016/03/10,4.49,4.51,4.37,4.38,8830027,41054580.00
2016/03/11,4.33,4.40,4.33,4.36,8629805,39342800.00
2016/03/14,4.43,4.52,4.40,4.50,15503100,72653424.00
2016/03/15,4.50,4.64,4.43,4.61,20018876,94507888.00
2016/03/16,4.57,4.68,4.50,4.51,15269932,72819280.00
2016/03/17,4.49,4.59,4.48,4.57,13628309,64676180.00
2016/03/18,4.58,4.70,4.57,4.66,23713368,115012240.00
2016/03/21,4.71,4.80,4.67,4.80,27866622,137898240.00
2016/03/22,4.80,4.80,4.70,4.74,17365475,85924488.00
2016/03/23,4.71,4.76,4.71,4.74,10865587,53609848.00
2016/03/24,4.74,4.74,4.57,4.59,15918601,77456744.00
2016/03/25,4.56,4.65,4.55,4.63,10602739,51036172.00
2016/03/28,4.65,4.69,4.60,4.62,11068283,53719192.00
2016/03/29,4.63,4.65,4.57,4.58,9589790,46066236.00
2016/03/30,4.60,4.71,4.59,4.69,12331171,59939616.00
2016/03/31,4.70,4.73,4.66,4.70,11871444,58155316.00
2016/04/01,4.69,4.71,4.61,4.69,10928430,53112184.00
2016/04/05,4.68,4.83,4.65,4.82,20642958,102383416.00
2016/04/06,4.78,4.84,4.74,4.78,16670606,83116328.00
2016/04/07,4.79,4.81,4.71,4.73,11907239,58930856.00
2016/04/08,4.73,4.73,4.62,4.65,11556062,56247728.00
2016/04/11,4.69,4.75,4.69,4.70,15155580,74478464.00
2016/04/12,4.69,4.74,4.68,4.73,13763024,67567696.00
2016/04/13,4.73,4.85,4.73,4.79,27164742,136082144.00
2016/04/14,4.82,4.84,4.77,4.82,15825935,79113768.00
2016/04/15,4.82,4.83,4.76,4.78,12326706,61494152.00
2016/04/18,4.79,4.79,4.72,4.74,10505732,51981316.00
2016/04/19,4.75,4.80,4.74,4.75,8208949,40733680.00
2016/04/20,4.77,4.78,4.47,4.56,21343002,102249712.00
2016/04/21,4.55,4.62,4.50,4.51,9884650,47124264.00
2016/04/22,4.51,4.54,4.46,4.54,7324219,34467040.00
2016/04/25,4.52,4.52,4.45,4.50,6938795,32539096.00
2016/04/26,4.50,4.58,4.50,4.57,9613438,45661052.00
2016/04/27,4.57,4.61,4.55,4.56,6683075,31954542.00
2016/04/28,4.56,4.59,4.47,4.51,8266886,38987144.00
2016/04/29,4.50,4.59,4.49,4.54,8034825,38205640.00
2016/05/03,4.52,4.60,4.48,4.59,11419888,54300412.00
2016/05/04,4.57,4.59,4.53,4.57,9961526,47444432.00
2016/05/05,4.56,4.58,4.53,4.55,8353237,39701944.00
2016/05/06,4.56,4.57,4.43,4.45,13180624,61949080.00
2016/05/09,4.45,4.45,4.18,4.20,15307893,69005664.00
2016/05/10,4.22,4.29,4.22,4.25,7647757,34052780.00
2016/05/11,4.26,4.27,4.23,4.25,5430988,24192756.00
2016/05/12,4.23,4.29,4.15,4.27,9078632,40306424.00
2016/05/13,4.26,4.27,4.19,4.22,8048040,35611920.00
2016/05/16,4.22,4.24,4.17,4.23,5986405,26434350.00
2016/05/17,4.24,4.24,4.17,4.20,7123265,31360116.00
2016/05/18,4.18,4.20,4.07,4.13,10033058,43365948.00
2016/05/19,4.12,4.14,4.07,4.08,9053709,39038480.00
2016/05/20,4.06,4.08,4.01,4.07,8880942,37689592.00
2016/05/23,4.08,4.10,4.06,4.10,5708405,24472580.00
2016/05/24,4.08,4.09,4.02,4.03,5634079,23896948.00
2016/05/25,4.05,4.07,4.02,4.02,4874600,20683392.00
2016/05/26,4.02,4.06,3.96,4.04,6618885,27877054.00
2016/05/27,4.02,4.03,3.99,4.01,6284679,26453082.00
2016/05/30,4.00,4.11,3.97,4.06,8899045,37656920.00
2016/05/31,4.06,4.19,4.05,4.19,15689115,68001424.00
2016/06/01,4.16,4.19,4.13,4.16,12921057,56335380.00
2016/06/02,4.16,4.18,4.14,4.17,7077212,30849102.00
2016/06/03,4.16,4.21,4.15,4.19,8270513,36219364.00
2016/06/06,4.19,4.25,4.16,4.23,9952804,43705668.00
2016/06/07,4.23,4.23,4.14,4.17,5760462,25193620.00
2016/06/08,4.17,4.17,4.12,4.14,5459204,23689340.00
2016/06/13,4.11,4.11,3.99,4.01,6266871,26664220.00
2016/06/14,3.99,4.03,3.98,4.03,3995639,16848262.00
2016/06/15,3.99,4.16,3.98,4.12,10658696,46010424.00
2016/06/16,4.12,4.14,4.06,4.09,5809591,25014796.00
2016/06/17,4.09,4.14,4.09,4.11,6282286,27156792.00
2016/06/20,4.10,4.11,4.05,4.08,4765023,20377414.00
2016/06/21,4.10,4.11,4.06,4.06,5104870,21899146.00
2016/06/22,4.05,4.10,4.05,4.10,4512487,19303924.00
2016/06/23,4.10,4.11,4.05,4.06,5392469,23065354.00
2016/06/24,4.07,4.10,4.00,4.04,6409885,27269308.00
2016/06/27,4.03,4.08,4.03,4.08,5416914,23126112.00
2016/06/28,4.07,4.10,4.04,4.08,9077752,38759356.00
2016/06/29,4.08,4.12,4.07,4.12,10403505,44710692.00
2016/06/30,4.12,4.13,4.08,4.08,10504553,45237584.00
2016/07/01,4.09,4.11,4.08,4.10,6379323,27408584.00
2016/07/04,4.10,4.27,4.09,4.19,13043905,57041052.00
2016/07/05,4.20,4.25,4.17,4.22,12563883,55485336.00
2016/07/06,4.23,4.23,4.20,4.22,6104880,26950124.00
2016/07/07,4.29,4.29,4.23,4.25,9230257,41123212.00
2016/07/08,4.22,4.25,4.17,4.20,9725173,42809880.00
2016/07/11,4.19,4.24,4.18,4.20,9549553,42098624.00
2016/07/12,4.19,4.29,4.19,4.29,14442530,64227752.00
2016/07/13,4.30,4.35,4.29,4.32,13888070,62873460.00
2016/07/14,4.33,4.38,4.33,4.35,10571431,48090444.00
2016/07/15,4.34,4.36,4.31,4.32,7465969,33821648.00
2016/07/18,4.31,4.34,4.30,4.32,5361163,24245556.00
2016/07/19,4.31,4.39,4.30,4.35,8857049,40292448.00
2016/07/20,4.34,4.35,4.28,4.29,10119929,45562664.00
2016/07/21,4.29,4.36,4.29,4.32,7978988,36152288.00
2016/07/22,4.31,4.33,4.26,4.28,6367318,28646360.00
2016/07/25,4.27,4.31,4.27,4.30,3242792,14569601.00
2016/07/26,4.30,4.35,4.29,4.35,8582016,38880332.00
2016/07/27,4.33,4.37,4.19,4.22,15487790,69279896.00
2016/07/28,4.21,4.32,4.20,4.31,15553582,69427792.00
2016/07/29,4.29,4.36,4.28,4.35,13330624,60423160.00
2016/08/01,4.35,4.35,4.20,4.25,13664072,60834424.00
2016/08/02,4.25,4.27,4.21,4.26,6182003,27454716.00
2016/08/03,4.26,4.29,4.23,4.29,6695464,29876052.00
2016/08/04,4.27,4.28,4.21,4.25,9232423,40944220.00
2016/08/05,4.28,4.28,4.24,4.26,8602025,38331664.00
2016/08/08,4.27,4.39,4.25,4.38,15648203,70887216.00
2016/08/09,4.38,4.39,4.33,4.36,11592571,52851120.00
2016/08/10,4.36,4.42,4.35,4.42,12891279,59102492.00
2016/08/11,4.42,4.42,4.35,4.37,22528727,103207832.00
2016/08/12,4.36,4.50,4.27,4.39,22100202,95686296.00
2016/08/15,4.38,4.47,4.36,4.45,22284370,98543648.00
2016/08/16,4.42,4.46,4.41,4.42,20249225,89758408.00
2016/08/17,4.41,4.44,4.36,4.41,14156257,62300032.00
2016/08/18,4.40,4.43,4.37,4.39,12614333,55489748.00
2016/08/19,4.38,4.40,4.35,4.37,12059485,52778744.00
2016/08/22,4.36,4.79,4.35,4.56,58258164,265341568.00
2016/08/23,4.48,4.57,4.43,4.47,37896640,169702784.00
2016/08/24,4.47,4.48,4.41,4.42,15528558,68934336.00
2016/08/25,4.41,4.41,4.33,4.37,13462636,58727236.00
2016/08/26,4.37,4.41,4.35,4.37,8032609,35173312.00
2016/08/29,4.36,4.39,4.35,4.37,5437056,23747888.00
2016/08/30,4.39,4.40,4.36,4.37,6842032,29908968.00
2016/08/31,4.38,4.38,4.34,4.37,5504404,24008044.00
2016/09/01,4.38,4.39,4.35,4.35,8424677,36794664.00
2016/09/02,4.34,4.36,4.29,4.32,11981686,51683660.00
2016/09/05,4.32,4.35,4.31,4.33,5236848,22678992.00
2016/09/06,4.32,4.36,4.29,4.36,8229556,35617656.00
2016/09/07,4.35,4.38,4.34,4.36,10769923,46998624.00
2016/09/08,4.36,4.38,4.35,4.37,6468570,28249816.00
2016/09/20,4.40,4.41,4.32,4.34,11974193,52276528.00
2016/09/21,4.30,4.34,4.30,4.32,6404559,27646440.00
2016/09/22,4.33,4.35,4.32,4.32,5868640,25459932.00
2016/09/23,4.34,4.34,4.26,4.27,8633165,37074224.00
2016/09/26,4.26,4.26,4.19,4.19,7855519,33164500.00
2016/09/27,4.19,4.22,4.18,4.22,5547937,23311562.00
2016/09/28,4.23,4.23,4.19,4.20,3745355,15750053.00
2016/09/29,4.20,4.23,4.20,4.21,4348252,18341056.00
2016/09/30,4.21,4.22,4.19,4.21,5202509,21848838.00
2016/10/10,4.22,4.26,4.21,4.25,7351248,31160028.00
2016/10/11,4.25,4.28,4.24,4.28,6232454,26574828.00
2016/10/12,4.27,4.29,4.26,4.28,5070300,21676032.00
2016/10/13,4.28,4.28,4.26,4.27,4516926,19296444.00
2016/10/14,4.26,4.30,4.26,4.29,5089763,21788202.00
2016/10/17,4.30,4.31,4.26,4.27,4853200,20827898.00
2016/10/18,4.26,4.32,4.25,4.31,7582002,32530592.00
2016/10/19,4.31,4.35,4.30,4.32,8905551,38520596.00
2016/10/20,4.32,4.35,4.31,4.32,5224541,22631762.00
2016/10/21,4.33,4.33,4.29,4.32,7030478,30287432.00
2016/10/24,4.32,4.38,4.29,4.37,14748272,64126880.00
2016/10/25,4.35,4.39,4.35,4.38,7347969,32125938.00
2016/10/26,4.38,4.39,4.32,4.35,7621229,33122466.00
2016/10/27,4.33,4.36,4.32,4.34,5071695,21982936.00
2016/10/28,4.34,4.35,4.30,4.30,5915679,25586964.00
2016/10/31,4.29,4.31,4.28,4.30,4580005,19648292.00
2016/11/01,4.30,4.33,4.29,4.32,4939432,21294312.00
2016/11/02,4.32,4.33,4.28,4.30,6844644,29402852.00
2016/11/03,4.29,4.32,4.28,4.31,6314794,27159798.00
2016/11/04,4.30,4.32,4.28,4.28,3814898,16398822.00
2016/11/07,4.30,4.31,4.27,4.30,7894401,33862080.00
2016/11/08,4.30,4.32,4.30,4.32,7955015,34282596.00
2016/11/09,4.31,4.32,4.26,4.30,8138282,34940620.00
2016/11/10,4.31,4.35,4.31,4.34,12502018,54128824.00
2016/11/11,4.34,4.38,4.32,4.38,14469159,63107192.00
2016/11/14,4.37,4.41,4.36,4.40,14483514,63577752.00
2016/11/15,4.40,4.41,4.38,4.40,8866711,38978048.00
2016/11/16,4.40,4.42,4.38,4.41,8967308,39480700.00
2016/11/17,4.41,4.43,4.39,4.42,14419756,63622064.00
2016/11/18,4.43,4.43,4.37,4.37,9140344,40259936.00
2016/11/21,4.37,4.48,4.37,4.44,23042866,102138752.00
2016/11/22,4.44,4.48,4.44,4.47,16567852,73890360.00
2016/11/23,4.47,4.48,4.43,4.45,12870237,57351276.00
2016/11/24,4.44,4.50,4.42,4.50,25475888,114047704.00
2016/11/25,4.48,4.49,4.40,4.48,12598813,56059776.00
2016/11/28,4.47,4.57,4.45,4.55,26303409,118567448.00
2016/11/29,4.52,4.57,4.49,4.54,23953559,108733248.00
2016/11/30,4.55,4.55,4.46,4.48,16643839,74839512.00
2016/12/01,4.48,4.52,4.46,4.49,13210067,59276104.00
2016/12/02,4.49,4.56,4.47,4.48,18065642,81500464.00
2016/12/05,4.44,4.48,4.40,4.44,15871463,70390856.00
2016/12/06,4.45,4.45,4.38,4.39,9674780,42682756.00
2016/12/07,4.39,4.41,4.37,4.40,12115990,53162568.00
2016/12/08,4.40,4.41,4.37,4.37,9683572,42490300.00
2016/12/09,4.37,4.40,4.36,4.38,14640900,64045216.00
2016/12/12,4.38,4.38,4.22,4.23,25232810,108187536.00
2016/12/13,4.23,4.25,4.19,4.24,8743880,36872976.00
2016/12/14,4.24,4.24,4.17,4.20,10310131,43440712.00
2016/12/15,4.19,4.22,4.18,4.20,7994470,33601912.00
2016/12/16,4.21,4.23,4.19,4.23,6048101,25488000.00
2016/12/19,4.23,4.23,4.20,4.21,5657936,23848128.00
2016/12/20,4.21,4.22,4.17,4.20,8078655,33846176.00
2016/12/21,4.20,4.23,4.19,4.23,8319447,35086388.00
2016/12/22,4.23,4.25,4.21,4.24,7898235,33438564.00
2016/12/23,4.24,4.24,4.18,4.19,6000548,25223638.00
2016/12/26,4.20,4.22,4.17,4.21,6982562,29238092.00
2016/12/27,4.20,4.23,4.19,4.21,4602815,19398522.00
2016/12/28,4.21,4.22,4.18,4.18,4179805,17542348.00
2016/12/29,4.19,4.20,4.17,4.19,5128023,21469268.00
2016/12/30,4.19,4.21,4.18,4.20,4501586,18886740.00
2017/01/03,4.20,4.24,4.19,4.23,9557884,40277316.00
2017/01/04,4.23,4.26,4.21,4.25,8294347,35166808.00
2017/01/05,4.26,4.27,4.24,4.25,7812058,33241474.00
2017/01/06,4.26,4.28,4.23,4.25,8374192,35616952.00
2017/01/09,4.24,4.29,4.23,4.28,8382935,35750640.00
2017/01/10,4.28,4.28,4.25,4.26,6589198,28092052.00
2017/01/11,4.26,4.27,4.23,4.25,5314700,22591268.00
2017/01/12,4.26,4.26,4.22,4.24,7100572,30135128.00
2017/01/13,4.23,4.28,4.19,4.26,12956058,54827156.00
2017/01/16,4.24,4.35,4.19,4.32,34674108,148497600.00
2017/01/17,4.28,4.29,4.24,4.29,10826172,46188860.00
2017/01/18,4.27,4.31,4.26,4.30,9745220,41763040.00
2017/01/19,4.28,4.29,4.26,4.27,5763994,24638990.00
2017/01/20,4.27,4.30,4.26,4.29,6377822,27310496.00
2017/01/23,4.29,4.29,4.26,4.27,6948677,29730668.00
2017/01/24,4.28,4.29,4.26,4.28,6276027,26826784.00
2017/01/25,4.27,4.29,4.26,4.28,4375518,18733288.00
2017/01/26,4.28,4.30,4.27,4.28,7385329,31643560.00
2017/02/03,4.28,4.29,4.24,4.26,6275817,26757070.00
2017/02/06,4.26,4.29,4.25,4.28,4603923,19671032.00
2017/02/07,4.28,4.29,4.26,4.27,4802762,20493784.00
2017/02/08,4.27,4.29,4.23,4.28,7095046,30227704.00
2017/02/09,4.27,4.29,4.25,4.28,16263279,69442720.00
2017/02/10,4.27,4.31,4.26,4.31,17608838,75608032.00
2017/02/13,4.30,4.34,4.30,4.34,12998232,56245328.00
2017/02/14,4.34,4.35,4.31,4.34,8665069,37508848.00
2017/02/15,4.34,4.45,4.32,4.37,26070238,114802632.00
2017/02/16,4.36,4.41,4.35,4.40,13767229,60366204.00
2017/02/17,4.40,4.42,4.33,4.35,12345242,53945288.00
2017/02/20,4.36,4.43,4.35,4.42,15868072,69904392.00
2017/02/21,4.42,4.45,4.40,4.42,11308046,50008896.00
2017/02/22,4.43,4.44,4.40,4.43,10941153,48356728.00
2017/02/23,4.44,4.47,4.40,4.43,11613635,51471216.00
2017/02/24,4.44,4.44,4.40,4.42,8713099,38485612.00
2017/02/27,4.42,4.46,4.39,4.40,10544854,46619132.00
2017/02/28,4.38,4.40,4.36,4.39,6895371,30222452.00
2017/03/01,4.39,4.40,4.36,4.39,11421387,50064336.00
2017/03/02,4.38,4.40,4.35,4.36,6569288,28751676.00
2017/03/03,4.36,4.36,4.32,4.34,6331898,27477132.00
2017/03/06,4.34,4.39,4.34,4.37,7346523,32081686.00
2017/03/07,4.36,4.37,4.35,4.37,6619660,28845252.00
2017/03/08,4.36,4.38,4.33,4.36,6934768,30199232.00
2017/03/09,4.35,4.35,4.29,4.31,9831166,42383188.00
2017/03/10,4.29,4.32,4.29,4.30,5494768,23634866.00
2017/03/13,4.30,4.31,4.27,4.30,7031362,30214248.00
2017/03/14,4.31,4.32,4.29,4.30,4377240,18837562.00
2017/03/15,4.30,4.32,4.29,4.30,6156131,26465408.00
2017/03/16,4.31,4.34,4.30,4.33,7126079,30806964.00
2017/03/17,4.33,4.33,4.29,4.29,5761080,24859884.00
2017/03/20,4.29,4.31,4.27,4.30,5893045,25262520.00
2017/03/21,4.30,4.32,4.28,4.31,6396460,27489332.00
2017/03/22,4.30,4.34,4.26,4.30,13032448,55993656.00
2017/03/23,4.29,4.30,4.26,4.28,7501399,32116180.00
2017/03/24,4.28,4.29,4.25,4.28,8196036,34967160.00
2017/03/27,4.27,4.35,4.27,4.33,16987332,73287120.00
2017/03/28,4.32,4.46,4.32,4.39,34927015,153709040.00
2017/03/29,4.40,4.50,4.34,4.42,24641530,108871040.00
2017/03/30,4.40,4.55,4.39,4.50,54772578,245274352.00
2017/03/31,4.47,4.56,4.42,4.44,28922886,129940448.00
2017/04/05,4.56,4.63,4.43,4.59,46975026,213594240.00
2017/04/06,4.60,4.64,4.52,4.56,36330952,166489072.00
2017/04/07,4.55,4.77,4.50,4.61,44950889,208175696.00
2017/04/10,4.60,4.75,4.56,4.67,39309498,184051616.00
2017/04/11,4.78,4.79,4.61,4.70,45419385,213289600.00
2017/04/12,4.67,4.67,4.55,4.56,26707291,123244136.00
2017/04/13,4.60,5.02,4.56,5.02,42562699,205451488.00
2017/04/14,5.52,5.52,5.24,5.27,180000947,975597632.00
2017/04/17,5.20,5.20,4.74,4.82,99714805,489250944.00
2017/04/18,4.80,4.97,4.74,4.81,52386206,255095776.00
2017/04/19,4.78,4.79,4.59,4.70,37046663,173314352.00
2017/04/20,4.68,4.74,4.52,4.61,30945752,143240880.00
2017/04/21,4.59,4.65,4.49,4.53,23179703,105511568.00
2017/04/24,4.54,4.55,4.35,4.37,26217829,116236104.00
2017/04/25,4.39,4.60,4.38,4.50,34849367,156510752.00
2017/04/26,4.49,4.61,4.39,4.57,34899371,157591936.00
2017/04/27,4.52,4.70,4.46,4.59,38318207,176383104.00
2017/04/28,4.50,4.63,4.47,4.60,24058532,110063920.00
2017/05/02,4.58,4.58,4.46,4.53,27115917,122346008.00
2017/05/03,4.50,4.51,4.40,4.43,29129889,129312424.00
2017/05/04,4.43,4.62,4.38,4.51,42970204,194926400.00
2017/05/05,4.45,4.45,4.33,4.36,29624518,130272840.00
2017/05/08,4.34,4.34,4.20,4.21,23870284,101380096.00
2017/05/09,4.22,4.31,4.19,4.27,14725294,62714992.00
2017/05/10,4.28,4.28,4.17,4.19,16770482,70824312.00
2017/05/11,4.18,4.18,4.00,4.12,18311752,74995512.00
2017/05/12,4.09,4.15,4.06,4.11,9034077,37087224.00
2017/05/15,4.12,4.24,4.11,4.19,13277663,55448744.00
2017/05/16,4.16,4.25,4.14,4.24,12939930,54320240.00
2017/05/17,4.23,4.36,4.21,4.27,16677875,71563496.00
2017/05/18,4.22,4.28,4.18,4.21,11586706,48924760.00
2017/05/19,4.22,4.30,4.19,4.28,16625024,70600032.00
2017/05/22,4.25,4.25,4.14,4.15,12967065,54553392.00
2017/05/23,4.14,4.21,4.13,4.15,13382600,55869324.00
2017/05/24,4.16,4.20,4.15,4.19,8809969,36805612.00
2017/05/25,4.18,4.28,4.17,4.25,14702805,62432280.00
2017/05/26,4.25,4.28,4.21,4.25,11721037,49881020.00
2017/05/31,4.26,4.32,4.24,4.25,9197389,39316032.00
2017/06/01,4.26,4.32,4.24,4.30,16977924,72678088.00
2017/06/02,4.30,4.31,4.27,4.31,8631884,37048588.00
2017/06/05,4.31,4.36,4.31,4.35,13521340,58682780.00
2017/06/06,4.34,4.34,4.29,4.32,7259155,31316616.00
2017/06/07,4.32,4.36,4.31,4.35,9423844,40887108.00
2017/06/08,4.35,4.36,4.30,4.34,10323100,44641948.00
2017/06/09,4.33,4.36,4.31,4.33,7788538,33738376.00
2017/06/12,4.33,4.35,4.29,4.29,6529600,28175182.00
2017/06/13,4.28,4.31,4.27,4.31,7381222,31643916.00
2017/06/14,4.31,4.31,4.24,4.25,6100001,26026496.00
2017/06/15,4.25,4.29,4.25,4.27,4310102,18404716.00
2017/06/16,4.27,4.29,4.26,4.28,4101724,17532054.00
2017/06/19,4.26,4.30,4.26,4.28,5642740,24115916.00
2017/06/20,4.28,4.29,4.25,4.26,8097293,34542980.00
2017/06/21,4.27,4.28,4.22,4.26,7110070,30186796.00
2017/06/22,4.26,4.30,4.24,4.24,9468000,40476376.00
2017/06/23,4.24,4.25,4.16,4.20,10296991,43198880.00
2017/06/26,4.19,4.22,4.18,4.21,7053331,29621768.00
2017/06/27,4.22,4.23,4.20,4.21,5261407,22191746.00
2017/06/28,4.21,4.31,4.20,4.30,16833991,71869960.00
2017/06/29,4.30,4.31,4.27,4.29,5965671,25564672.00
2017/06/30,4.28,4.31,4.28,4.29,6441295,27655292.00
2017/07/03,4.29,4.29,4.26,4.29,3706166,15848954.00
2017/07/04,4.29,4.29,4.26,4.28,3582282,15320122.00
2017/07/05,4.28,4.29,4.27,4.29,3342083,14307092.00
2017/07/06,4.29,4.30,4.27,4.28,6678811,28615386.00
2017/07/07,4.27,4.38,4.27,4.33,20681599,89756464.00
2017/07/10,4.32,4.36,4.31,4.33,7982290,34557584.00
2017/07/11,4.33,4.36,4.30,4.33,8417462,36463424.00
2017/07/12,4.32,4.33,4.28,4.31,10452027,44918880.00
2017/07/13,4.31,4.34,4.29,4.33,7449388,32151550.00
2017/07/14,4.33,4.34,4.31,4.32,5377348,23283080.00
2017/07/17,4.32,4.34,4.25,4.26,14971663,64387500.00
2017/07/18,4.29,4.30,4.26,4.30,4785781,20482364.00
2017/07/19,4.28,4.35,4.27,4.35,16804333,72782912.00
2017/07/20,4.34,4.46,4.33,4.44,29683041,130163856.00
2017/07/21,4.44,4.44,4.37,4.39,15033346,66046632.00
2017/07/24,4.39,4.45,4.39,4.44,12553158,55500156.00
2017/07/25,4.44,4.49,4.39,4.40,8501692,37581472.00
2017/07/26,4.40,4.42,4.37,4.42,9857597,43299336.00
2017/07/27,4.40,4.44,4.37,4.43,9935484,43724516.00
2017/07/28,4.44,4.44,4.38,4.42,9258600,40781484.00
2017/08/02,4.39,4.39,4.39,4.39,0,0.00
数据来源:通达信
