603616 韩建河山 日线 前复权
      日期	    开盘	    最高	    最低	    收盘	    成交量	    成交额
2015/06/11,6.77,8.13,6.77,8.13,13200,215416.00
2015/06/12,8.94,8.94,8.94,8.94,9900,177903.00
2015/06/15,9.84,9.84,9.84,9.84,4012,79317.00
2015/06/16,10.83,10.83,10.83,10.83,14400,313200.00
2015/06/17,11.92,11.92,11.92,11.92,43732,1046507.00
2015/06/18,13.12,13.12,13.12,13.12,28900,760648.00
2015/06/19,14.43,14.43,14.43,14.43,160733,4653220.00
2015/06/23,15.88,15.88,15.88,15.88,131300,4181905.00
2015/06/24,17.48,17.48,17.48,17.48,38500,1349040.00
2015/06/25,19.23,19.23,19.23,19.23,84100,3241214.00
2015/06/26,21.15,21.15,17.37,21.15,24240713,962102848.00
2015/06/29,19.03,19.90,19.03,19.03,2659700,102027216.00
2015/06/30,17.13,18.95,17.13,17.13,13255147,466151488.00
2015/07/01,16.46,18.29,15.41,15.45,16853629,566144448.00
2015/07/02,14.21,14.90,13.90,13.90,7685170,217599952.00
2015/07/03,12.58,13.21,12.50,12.50,5672229,143898208.00
2015/07/06,13.76,13.76,11.25,11.25,9449903,233907024.00
2015/07/07,10.26,10.46,10.12,10.12,1586900,32369182.00
2015/07/08,9.10,9.10,9.10,9.10,307900,5631491.00
2015/07/09,8.19,10.02,8.19,10.02,11369833,210733104.00
2015/07/10,10.69,11.02,10.21,11.02,4428698,96460264.00
2015/07/13,12.13,12.13,11.71,12.13,6292252,152688208.00
2015/07/14,13.05,13.34,12.46,13.34,14126390,371610240.00
2015/07/15,12.96,13.10,12.00,12.00,7680485,189018640.00
2015/07/16,10.80,12.40,10.80,11.37,9590515,219985200.00
2015/07/17,11.41,12.21,11.33,11.97,7969610,188416000.00
2015/07/20,11.96,12.23,11.47,11.65,7121540,169028928.00
2015/07/21,11.47,12.26,11.26,12.24,7110319,169744240.00
2015/07/22,12.40,12.70,11.86,12.06,6854680,168938208.00
2015/07/23,12.19,13.27,12.01,13.27,6796977,173276704.00
2015/07/24,13.96,14.39,13.04,13.58,13842197,385452064.00
2015/07/27,12.96,14.39,12.22,12.22,11093766,298957376.00
2015/07/28,11.26,12.69,11.00,11.39,8015540,186203008.00
2015/07/29,11.82,12.54,11.26,12.54,6615387,157367408.00
2015/07/30,12.95,13.80,12.58,13.63,9275836,252633600.00
2015/07/31,13.60,15.00,13.00,15.00,8812045,257483936.00
2015/08/03,16.51,16.51,16.51,16.51,1938349,64159352.00
2015/08/04,18.16,18.16,17.46,18.16,21061030,764827328.00
2015/08/05,17.95,19.98,16.51,19.98,9267203,345908288.00
2015/08/06,21.99,21.99,18.78,21.99,28129736,1204798720.00
2015/08/07,20.96,24.19,20.46,24.19,19491457,879493696.00
2015/08/10,25.46,26.62,23.21,24.74,23543280,1202189440.00
2015/08/11,25.00,26.20,24.30,24.75,19817543,1001980416.00
2015/08/12,22.91,24.40,22.27,22.27,17943296,830696832.00
2015/08/13,21.33,23.06,21.33,22.04,13800965,604445376.00
2015/08/14,22.06,24.25,21.71,24.25,17100273,791448576.00
2015/08/17,24.26,24.96,21.82,21.96,18342696,840314944.00
2015/08/18,20.94,23.67,20.46,21.18,15990151,713155904.00
2015/08/19,20.26,21.71,19.35,20.72,14172024,574922240.00
2015/08/20,20.03,21.60,19.46,19.48,11487448,476176992.00
2015/08/21,18.26,18.67,17.53,17.53,9121862,327056160.00
2015/08/24,15.78,16.16,15.78,15.78,1567700,49710764.00
2015/08/25,14.20,17.05,14.20,14.20,12923352,390813376.00
2015/08/26,14.56,15.62,13.53,15.62,16650027,505621632.00
2015/08/27,15.71,17.19,14.76,17.19,17370034,558666560.00
2015/08/28,16.88,18.71,16.35,17.50,15402667,534072928.00
2015/08/31,16.96,17.42,15.74,15.74,9566829,316811936.00
2015/09/01,14.93,15.61,14.16,14.16,7443160,219764224.00
2015/09/02,12.83,14.73,12.74,12.74,8309357,227165680.00
2015/09/07,13.24,13.71,12.25,12.64,6273762,164110352.00
2015/09/08,12.71,13.91,12.68,13.91,6802900,187810592.00
2015/09/09,15.31,15.31,15.31,15.31,839009,25757576.00
2015/09/10,15.84,16.84,15.71,16.77,19481723,641309888.00
2015/09/11,15.90,18.16,15.46,16.82,17632200,587888768.00
2015/09/14,16.28,17.46,15.13,15.13,12191221,397196768.00
2015/09/15,14.45,15.55,13.71,13.99,10481336,303350880.00
2015/09/16,14.46,15.40,14.45,15.40,4013312,122080104.00
2015/09/17,16.94,16.94,16.71,16.94,9732731,330527904.00
2015/09/18,17.51,17.93,16.50,17.35,18728239,650134976.00
2015/09/21,16.58,19.09,16.26,19.09,16243783,576394112.00
2015/09/22,19.25,19.83,18.25,18.88,16772949,644733120.00
2015/09/23,18.34,20.59,18.13,19.18,13856013,540260992.00
2015/09/24,19.06,20.45,18.68,19.96,14687224,575812800.00
2015/09/25,19.47,20.11,17.96,17.96,11360400,428830240.00
2015/09/28,18.31,19.66,18.28,19.45,10439644,398240384.00
2015/09/29,18.93,19.11,18.34,18.50,8712790,326042880.00
2015/09/30,18.58,18.96,17.49,17.81,6833365,246744672.00
2015/10/08,18.47,19.60,18.01,19.60,11353707,433635744.00
2015/10/09,19.46,20.19,18.96,19.26,11653025,455550912.00
2015/10/12,19.05,20.51,18.99,20.04,12808188,511792960.00
2015/10/13,19.77,19.91,19.37,19.83,7881523,310775456.00
2015/10/14,19.91,21.82,19.80,21.57,18939127,818906368.00
2015/10/15,21.14,22.09,21.06,21.96,14115662,609852480.00
2015/10/16,21.96,22.18,21.31,21.59,11600733,502540352.00
2015/10/19,21.68,22.76,20.69,21.31,11123541,478589696.00
2015/10/20,21.01,21.50,20.62,21.39,7964321,337126464.00
2015/10/21,21.18,21.98,19.25,19.25,12208874,507874848.00
2015/10/22,18.81,20.41,18.16,19.84,11841038,456618048.00
2015/10/23,19.46,21.20,19.36,20.06,10580971,429616096.00
2015/10/26,20.06,20.95,19.39,19.65,8559875,343990400.00
2015/10/27,19.21,20.41,19.16,20.10,9045973,361384256.00
2015/10/28,19.82,20.12,19.01,19.13,7366449,287696416.00
2015/10/29,19.33,19.62,18.98,19.27,5116578,197527328.00
2015/10/30,19.21,21.13,18.99,19.96,10911196,439224576.00
2015/11/02,18.71,20.95,18.45,19.89,11176287,447313344.00
2015/11/03,19.43,21.01,19.39,20.95,12870737,525476128.00
2015/11/04,21.27,21.52,20.32,21.36,13950917,583070784.00
2015/11/05,21.06,21.70,20.47,20.56,9567360,402011872.00
2015/11/06,20.62,21.46,20.31,21.09,11101794,468609568.00
2015/11/09,20.71,22.71,20.40,22.02,14374837,630658048.00
2015/11/10,21.71,22.45,20.76,21.20,11296331,485252160.00
2015/11/11,20.99,22.76,20.79,22.35,12976247,568032704.00
2015/11/12,22.35,24.35,22.31,23.63,14851023,694163008.00
2015/11/13,22.91,23.01,21.26,21.26,12016624,527422336.00
2015/11/16,20.21,21.21,20.21,20.87,5946468,246231440.00
2015/11/17,20.95,21.27,20.31,20.39,5706213,238070384.00
2015/11/18,20.46,20.60,19.36,19.55,4866710,194591680.00
2015/11/19,19.68,20.23,19.65,20.07,4020446,160471520.00
2015/11/20,20.20,20.31,19.70,19.94,3999530,159725728.00
2015/11/23,19.97,20.91,19.81,20.26,4811771,196600528.00
2015/11/24,19.98,20.86,19.98,20.72,4878427,200719536.00
2015/11/25,20.66,20.68,20.25,20.54,4714412,193079120.00
2015/11/26,20.41,21.46,20.41,20.84,7492553,315369120.00
2015/11/27,20.86,20.86,18.75,18.81,6723722,264688672.00
2015/11/30,18.78,19.06,16.97,18.53,5487978,199695408.00
2015/12/01,18.51,19.71,18.11,18.86,4914688,187199120.00
2015/12/02,18.45,18.46,17.41,18.07,4052914,145711392.00
2015/12/03,18.36,19.05,18.23,18.80,4265279,160608688.00
2015/12/04,18.46,18.94,18.23,18.53,3722495,138717552.00
2015/12/07,18.53,18.86,18.40,18.68,2759274,103019296.00
2015/12/08,18.86,19.22,18.56,18.89,4484324,169628400.00
2015/12/09,18.97,19.81,18.53,18.89,4656321,179293168.00
2015/12/10,18.40,18.90,18.21,18.36,3357651,124416104.00
2015/12/11,17.98,18.86,17.66,18.60,3944941,143442368.00
2015/12/14,18.46,18.85,18.39,18.76,3111923,116274448.00
2015/12/15,18.76,19.17,18.71,18.95,2923099,110686216.00
2015/12/16,19.13,19.76,18.71,19.34,5176580,201025200.00
2015/12/17,19.31,19.73,19.26,19.68,5106551,199311328.00
2015/12/18,19.96,20.17,19.09,19.17,3942488,154263360.00
2015/12/21,18.87,19.18,18.46,18.82,2683077,101118328.00
2015/12/22,18.87,19.20,18.84,19.05,2226034,84934784.00
2015/12/23,19.20,19.71,18.97,19.18,4196408,162661696.00
2015/12/24,18.97,19.18,18.55,18.81,2542088,95460312.00
2015/12/25,18.96,19.17,18.71,18.96,2045800,77586960.00
2015/12/28,18.96,19.71,18.66,19.36,4350870,167441184.00
2015/12/29,19.11,21.24,19.02,20.70,10106761,411752352.00
2015/12/30,20.05,20.61,19.91,20.33,6673380,269747648.00
2015/12/31,21.41,21.45,20.31,20.44,10217496,429553472.00
2016/01/04,19.96,19.96,18.39,18.39,4588770,173662784.00
2016/01/05,16.70,18.05,16.54,17.02,4925196,169082752.00
2016/01/06,17.36,17.56,16.96,17.52,3460726,120006976.00
2016/01/07,17.21,17.21,15.77,15.78,799600,26229302.00
2016/01/08,16.04,16.40,14.36,15.42,3517747,110180112.00
2016/01/11,14.71,15.16,13.88,13.88,2977342,86118360.00
2016/01/12,13.68,14.39,12.96,14.13,2889531,80928256.00
2016/01/13,14.20,14.31,12.96,13.06,2224540,61587264.00
2016/01/14,12.46,14.21,12.21,13.77,2928245,78384784.00
2016/01/15,13.70,13.89,12.86,13.19,2485860,66862128.00
2016/01/18,12.77,13.68,12.71,13.52,2330789,62496480.00
2016/01/19,14.16,14.61,13.96,14.53,4562108,131234592.00
2016/01/20,14.18,14.46,13.86,14.04,3327867,94560704.00
2016/01/21,13.51,14.40,13.51,13.61,2866085,80368224.00
2016/01/22,13.76,13.93,13.31,13.70,2176817,59640244.00
2016/01/25,13.91,13.91,13.58,13.71,1707985,47080088.00
2016/01/26,13.46,13.61,12.33,12.33,2162913,55964056.00
2016/01/27,12.41,12.46,11.46,11.99,2042399,48491496.00
2016/01/28,11.88,12.05,11.00,11.12,1496279,34798252.00
2016/01/29,11.14,11.71,11.10,11.57,1687621,38855492.00
2016/02/01,11.57,11.65,10.96,11.24,1608664,36642692.00
2016/02/02,11.28,11.81,11.26,11.78,2082286,48794048.00
2016/02/03,11.61,11.88,11.31,11.78,1509982,35188816.00
2016/02/04,11.78,12.96,11.61,12.67,3404859,85046448.00
2016/02/05,12.46,12.78,12.25,12.35,2125234,53098872.00
2016/02/15,11.94,12.33,11.74,12.22,1391383,33826856.00
2016/02/16,12.26,12.93,12.26,12.75,2108783,53681988.00
2016/02/17,12.66,12.91,12.57,12.87,2352907,60187880.00
2016/02/18,12.96,13.11,12.73,12.82,2566793,66516760.00
2016/02/19,12.73,13.88,12.58,13.48,3596647,95086200.00
2016/02/22,13.73,13.76,13.33,13.61,3468805,94135752.00
2016/02/23,13.47,14.27,13.42,13.81,3662404,102199600.00
2016/03/08,13.76,13.81,12.59,13.24,3805521,99684840.00
2016/03/09,12.47,13.71,12.46,13.07,2789935,73520824.00
2016/03/10,12.96,13.30,12.46,12.51,1902095,48552196.00
2016/03/11,12.46,12.51,11.96,12.11,1461061,35717176.00
2016/03/14,12.14,12.71,12.14,12.51,2060852,51834208.00
2016/03/15,12.56,12.68,12.41,12.57,1791200,45082012.00
2016/03/16,12.66,13.25,12.51,12.69,2719428,70420840.00
2016/03/17,12.66,13.61,12.40,13.27,3969583,103633904.00
2016/03/18,13.06,14.21,13.06,13.94,4946505,134602592.00
2016/03/21,14.01,14.61,13.71,14.31,5140067,145461968.00
2016/03/22,14.06,14.15,13.86,13.87,2917745,81844168.00
2016/03/23,13.79,14.11,13.66,14.01,2600983,72660336.00
2016/03/24,14.01,14.05,13.51,13.53,2670533,73935136.00
2016/03/25,13.71,13.91,13.55,13.75,1797834,49448768.00
2016/03/28,13.94,13.95,13.46,13.54,2038265,56210680.00
2016/03/29,13.76,14.45,13.65,14.01,4433025,124664360.00
2016/03/30,13.86,14.37,13.83,14.30,4341672,122651320.00
2016/03/31,14.31,15.51,14.11,14.95,6871988,204869440.00
2016/04/01,14.76,14.80,14.28,14.45,3957203,115352704.00
2016/04/05,14.21,14.71,14.13,14.65,3118747,90436768.00
2016/04/06,14.51,14.87,14.43,14.61,3047779,89293328.00
2016/04/07,14.65,14.75,14.08,14.11,2561059,73601456.00
2016/04/08,13.82,14.37,13.71,14.24,2280535,63601284.00
2016/04/11,14.74,14.74,14.34,14.45,2398397,69838280.00
2016/04/12,14.58,14.66,14.14,14.27,2268872,65488720.00
2016/04/13,14.28,14.61,14.28,14.38,2524031,73314376.00
2016/04/14,14.48,15.71,14.40,15.31,6206244,186445696.00
2016/04/15,15.12,15.12,14.71,14.84,3825680,114052584.00
2016/04/18,14.78,14.78,14.41,14.49,1857482,53987268.00
2016/04/19,14.50,14.70,14.38,14.54,1574777,45882424.00
2016/04/20,14.58,14.70,13.14,13.43,2925255,80717880.00
2016/04/21,13.34,13.59,12.96,13.06,1679321,44709940.00
2016/04/22,13.02,14.00,12.89,13.85,1566562,41627864.00
2016/04/25,13.46,13.77,13.31,13.64,1316933,35813412.00
2016/04/26,13.57,13.70,13.39,13.64,1244348,33853452.00
2016/04/27,13.66,13.94,13.66,13.72,1691821,46796132.00
2016/04/28,13.93,14.13,13.57,13.75,2068963,57516056.00
2016/04/29,13.71,13.90,13.48,13.74,1204044,33173740.00
2016/05/03,13.72,14.06,13.61,14.05,1675434,46830488.00
2016/05/04,14.01,14.24,13.96,14.04,1544472,43626688.00
2016/05/05,13.96,14.28,13.91,14.25,1796596,50951080.00
2016/05/06,14.35,15.00,13.79,14.15,4716528,138017296.00
2016/05/09,13.75,13.84,12.96,13.10,3205588,84969472.00
2016/05/10,12.94,13.21,12.94,13.13,1754612,46095784.00
2016/05/11,13.16,13.30,12.91,13.10,1526083,40141984.00
2016/05/12,12.46,12.81,12.43,12.74,1314711,33415692.00
2016/05/13,12.68,12.91,12.61,12.75,884296,22645968.00
2016/05/16,12.71,12.89,12.63,12.88,845845,21708594.00
2016/05/17,12.91,12.96,12.78,12.81,1014750,26213748.00
2016/05/18,12.76,12.85,11.96,12.09,1416952,35051676.00
2016/05/19,12.13,12.50,12.13,12.19,962798,23801096.00
2016/05/20,12.20,12.42,12.01,12.33,836000,20556672.00
2016/05/23,12.33,12.69,12.33,12.62,1479167,37282168.00
2016/05/24,12.61,12.63,12.38,12.48,998950,25009164.00
2016/05/25,12.64,13.44,12.64,13.11,3473524,91252048.00
2016/05/26,12.89,13.11,12.56,13.01,2019912,52076712.00
2016/05/27,13.22,13.44,12.96,13.04,1955659,51734624.00
2016/05/30,12.93,12.93,12.31,12.66,1811764,45891404.00
2016/05/31,12.61,13.22,12.61,13.20,2917588,76208992.00
2016/06/01,13.36,13.70,13.16,13.30,3585833,96501352.00
2016/06/02,13.30,13.62,13.26,13.57,2404785,64804432.00
2016/06/03,13.46,13.85,13.41,13.65,3138638,85739960.00
2016/06/06,13.61,14.15,13.50,13.85,4056291,112502784.00
2016/06/07,13.63,14.40,13.61,14.39,4936112,139254656.00
2016/06/08,14.17,14.44,13.97,14.06,3668021,104481248.00
2016/06/13,13.90,13.90,13.02,13.05,3434376,93230992.00
2016/06/14,12.92,14.36,12.91,13.77,1481830,39166212.00
2016/06/15,13.40,14.35,13.21,14.26,3936117,110487864.00
2016/06/16,14.15,14.45,14.01,14.10,2557462,72880200.00
2016/06/17,14.21,14.35,13.89,14.00,2537821,71673696.00
2016/06/20,13.96,14.15,13.71,14.06,2701750,75461824.00
2016/06/21,14.12,14.20,13.52,13.65,2302544,64350844.00
2016/06/22,13.66,14.00,13.56,13.93,1708421,47393132.00
2016/06/23,13.86,13.93,13.61,13.62,1844385,50849060.00
2016/06/24,13.62,13.87,12.96,13.35,2668260,72319680.00
2016/06/27,13.41,13.76,13.21,13.68,2131682,57803268.00
2016/06/28,13.51,13.76,13.46,13.75,2405203,65767944.00
2016/06/29,13.78,14.05,13.69,13.91,3349841,93310992.00
2016/06/30,13.84,13.96,13.66,13.81,2117826,58619200.00
2016/07/01,13.87,14.06,13.78,13.94,3029021,84612392.00
2016/07/04,13.94,14.72,13.94,14.50,6530223,190051104.00
2016/07/05,14.52,14.71,14.24,14.64,5670824,164678992.00
2016/07/06,14.60,14.65,14.36,14.47,3881631,112860472.00
2016/07/07,14.43,15.11,14.43,14.99,6503103,194082016.00
2016/07/08,15.51,16.16,14.99,15.05,7902292,244846640.00
2016/07/11,14.91,15.78,14.86,15.38,6790311,209625888.00
2016/07/12,15.44,15.47,14.63,15.36,5947803,179429216.00
2016/07/13,15.23,15.57,15.11,15.24,4209234,129427024.00
2016/07/14,15.01,15.31,14.90,15.25,3299287,99795656.00
2016/07/15,15.24,15.45,15.04,15.38,3307472,101383016.00
2016/07/18,15.95,15.95,15.36,15.67,5902902,185423376.00
2016/07/19,15.46,15.71,15.16,15.59,3428820,105569056.00
2016/07/20,15.47,15.96,15.47,15.67,4280157,135417648.00
2016/07/21,15.81,16.28,15.60,15.75,5279772,167741184.00
2016/07/22,15.98,16.68,15.77,16.05,6507813,105361096.00
2016/07/25,15.67,15.67,15.00,15.18,8530264,129979768.00
2016/07/26,15.08,16.23,14.89,15.66,9511997,148334544.00
2016/07/27,15.55,16.95,15.17,16.31,26812150,435392384.00
2016/07/28,15.94,15.95,15.09,15.60,13457675,211441408.00
2016/07/29,15.48,15.58,14.55,14.59,9365670,140186464.00
2016/08/01,14.22,14.39,13.44,13.81,7336964,101374704.00
2016/08/02,13.74,14.19,13.59,13.92,3401503,47203188.00
2016/08/03,13.83,13.94,13.68,13.85,3191536,44102312.00
2016/08/04,13.75,14.17,13.70,14.06,4453490,62275100.00
2016/08/05,14.06,14.16,13.73,13.79,3337046,46435608.00
2016/08/08,13.79,13.86,13.44,13.72,3871256,52663944.00
2016/08/09,13.81,13.86,13.59,13.85,4142562,56863324.00
2016/08/10,13.72,13.94,13.64,13.69,4159812,57298980.00
2016/08/11,13.62,13.67,13.19,13.21,4796749,64364168.00
2016/08/12,13.25,13.42,13.21,13.38,2677583,35702720.00
2016/08/15,13.39,13.78,13.29,13.74,5187483,70643056.00
2016/08/16,13.77,13.98,13.69,13.79,4531879,62789088.00
2016/08/17,13.82,13.88,13.56,13.79,3454235,47506144.00
2016/08/18,13.75,13.86,13.64,13.81,3520028,48550064.00
2016/08/19,13.81,13.86,13.59,13.72,2526640,34717064.00
2016/08/22,13.73,13.85,13.56,13.74,3427320,47109056.00
2016/08/23,13.75,13.80,13.59,13.71,2189220,30024296.00
2016/08/24,13.67,15.08,13.67,15.08,7190370,106344080.00
2016/08/25,15.18,16.48,14.58,15.77,21556461,333708608.00
2016/08/26,15.44,15.58,14.98,15.06,11383149,173654192.00
2016/08/29,14.79,15.43,14.54,15.05,8893164,133814592.00
2016/08/30,14.88,15.02,14.63,14.71,5349851,79264832.00
2016/08/31,14.68,14.94,14.64,14.81,3778491,55930840.00
2016/09/01,14.78,14.84,14.41,14.49,4419248,64554564.00
2016/09/02,14.48,14.57,14.17,14.31,4502837,64691852.00
2016/09/05,14.30,14.58,14.29,14.40,3045554,43942512.00
2016/09/06,14.23,14.56,13.88,14.54,5761912,81801344.00
2016/09/07,14.54,16.00,14.48,16.00,9943848,156365376.00
2016/09/08,16.98,17.60,16.49,17.60,39134023,673891520.00
2016/09/09,18.28,19.36,18.12,18.55,52166385,981277952.00
2016/09/12,17.97,18.22,17.41,17.63,35098614,623624832.00
2016/09/13,17.64,17.75,16.90,17.28,27534017,475407680.00
2016/09/14,17.17,17.25,16.64,16.68,21374234,361399744.00
2016/09/19,16.73,16.91,16.63,16.85,17507706,293805728.00
2016/09/20,16.93,17.46,16.67,16.69,26678082,456095904.00
2016/09/21,16.34,16.78,16.06,16.68,16667389,272703552.00
2016/09/22,16.89,16.92,16.50,16.62,13266280,221427920.00
2016/09/23,16.77,17.26,16.60,16.75,19924413,337301888.00
2016/09/26,16.31,16.45,15.48,15.57,15197464,243878448.00
2016/09/27,15.58,15.88,15.20,15.85,9643843,149588592.00
2016/09/28,15.68,15.74,15.51,15.58,6314631,98656856.00
2016/09/29,15.68,15.78,15.41,15.47,5490221,85742312.00
2016/09/30,15.49,15.55,15.22,15.40,6046587,92976152.00
2016/10/10,15.56,16.16,15.45,16.13,11170808,177987952.00
2016/10/11,16.17,16.47,15.85,16.37,11657011,188872896.00
2016/10/12,16.04,17.34,15.99,16.73,15463746,257432160.00
2016/10/13,16.54,17.15,16.31,16.34,12980309,216258288.00
2016/10/14,16.21,16.58,16.13,16.37,7339664,120068664.00
2016/10/17,16.29,16.95,16.06,16.67,12754617,211440928.00
2016/10/18,16.41,16.96,16.41,16.94,14814805,248847808.00
2016/10/19,16.98,17.11,16.58,16.77,10200152,170950224.00
2016/10/20,16.69,17.42,16.41,17.36,21825235,373473312.00
2016/10/21,17.18,17.18,16.58,16.94,12824000,216798448.00
2016/10/24,16.78,16.98,16.52,16.70,7587810,126978936.00
2016/10/25,16.64,16.78,16.48,16.66,6604124,109733280.00
2016/10/26,17.68,18.18,17.13,17.16,29383642,515147776.00
2016/10/27,16.78,16.78,16.38,16.51,13711834,226831808.00
2016/10/28,16.53,16.62,15.89,15.96,10585317,171481200.00
2016/10/31,15.88,16.26,15.59,16.00,5214107,83253328.00
2016/11/01,16.14,16.48,16.10,16.34,7516317,122892952.00
2016/11/02,16.23,16.28,15.85,15.89,7369897,117809704.00
2016/11/03,15.66,16.09,15.63,15.92,5944430,94676016.00
2016/11/04,15.88,16.04,15.78,15.99,5206295,83000832.00
2016/11/07,15.98,15.98,15.78,15.90,3719808,59113272.00
2016/11/08,15.93,16.12,15.88,15.98,4203614,67208096.00
2016/11/09,15.96,15.97,15.43,15.69,5679897,89344704.00
2016/11/10,15.79,16.21,15.78,16.06,7026000,112634024.00
2016/11/11,16.13,16.16,15.92,16.10,5458260,87657712.00
2016/11/14,15.95,16.98,15.95,16.77,14448330,238512240.00
2016/11/15,16.61,16.80,16.44,16.60,8077554,133953408.00
2016/11/16,16.50,17.13,16.50,16.77,11541961,194714096.00
2016/11/17,16.68,16.73,16.26,16.49,7287234,119942288.00
2016/11/18,16.43,16.57,16.32,16.36,4553647,74800640.00
2016/11/21,16.47,16.63,16.35,16.61,5460404,90178688.00
2016/11/22,16.87,18.27,16.68,17.74,28502023,509502144.00
2016/11/23,17.33,17.66,17.03,17.26,16854987,291465088.00
2016/11/24,17.37,18.64,17.36,18.51,27822549,505418752.00
2016/11/25,18.15,19.96,18.15,18.99,27441535,522771232.00
2016/11/28,19.17,20.44,18.58,19.86,23236751,456036896.00
2016/11/29,19.67,20.68,19.26,19.90,24040059,485422528.00
2016/11/30,19.68,19.79,18.04,18.56,19432912,366353504.00
2016/12/01,18.48,18.97,17.38,18.16,17063984,308868000.00
2016/12/02,18.08,19.03,17.69,18.43,18303671,337139104.00
2016/12/05,18.25,18.58,17.56,17.85,8970871,161884960.00
2016/12/06,18.00,18.23,17.54,18.13,8219321,146698640.00
2016/12/07,18.03,18.46,17.89,18.06,7984686,144932928.00
2016/12/08,18.07,19.87,17.94,19.22,25266780,484281472.00
2016/12/09,18.98,19.60,18.52,19.34,19049800,362904448.00
2016/12/12,19.17,19.17,17.55,17.89,11446700,210819424.00
2016/12/13,17.69,17.87,17.00,17.30,7485750,130459728.00
2016/12/14,17.31,19.03,17.31,17.86,13129276,240523984.00
2016/12/15,17.63,18.74,17.48,18.46,10196981,186902736.00
2016/12/16,18.32,18.85,18.09,18.57,8417519,155348832.00
2016/12/19,18.57,19.15,18.49,18.56,8854391,166226832.00
2016/12/20,18.37,18.66,17.89,18.00,6281200,114060688.00
2016/12/21,18.08,19.46,17.96,19.22,12091151,226038320.00
2016/12/22,19.12,19.12,18.73,18.83,8382539,158540048.00
2016/12/23,19.03,19.23,18.29,18.39,6761892,126412928.00
2016/12/26,18.18,18.36,17.49,18.30,5168742,92751832.00
2016/12/27,18.27,18.95,18.25,18.58,5804106,108250784.00
2016/12/28,18.43,18.48,18.00,18.17,4738802,86149632.00
2016/12/29,17.98,18.76,17.78,18.66,8074534,149324080.00
2016/12/30,18.60,18.75,18.19,18.25,3895473,71904008.00
2017/01/03,18.29,18.42,18.10,18.38,3422473,62626328.00
2017/01/04,18.34,18.78,18.17,18.73,7320189,135604928.00
2017/01/05,18.78,19.72,18.78,19.35,16797096,324564896.00
2017/01/06,18.63,18.98,18.33,18.37,13166626,244986608.00
2017/01/09,18.28,18.28,17.67,18.02,12847373,230565536.00
2017/01/10,18.00,18.00,17.64,17.87,8080683,143813584.00
2017/01/11,17.77,18.16,17.64,18.00,5889734,105363736.00
2017/01/12,17.78,17.92,16.99,17.05,6298765,110527864.00
2017/01/13,17.05,17.27,15.64,15.74,11582798,187208816.00
2017/01/16,15.56,15.58,14.16,14.79,7721963,115123408.00
2017/01/17,14.88,15.28,14.50,15.16,4207130,62925464.00
2017/01/18,15.08,15.36,14.89,15.16,3096092,46987772.00
2017/01/19,15.04,15.17,14.68,14.72,3245941,48442148.00
2017/01/20,14.72,15.08,14.70,14.97,3387009,50607988.00
2017/01/23,15.13,15.31,15.05,15.09,2855714,43404348.00
2017/01/24,15.18,15.34,15.03,15.22,3255487,49533484.00
2017/01/25,15.13,15.18,14.98,15.08,2357745,35554152.00
2017/01/26,15.03,15.24,15.03,15.14,1987262,30117892.00
2017/02/03,15.17,15.27,15.01,15.15,1652444,25015208.00
2017/02/06,15.15,16.38,15.15,15.85,6679376,105514048.00
2017/02/07,15.85,15.96,15.57,15.79,4214654,66341100.00
2017/02/08,15.79,15.90,15.54,15.86,3269223,51650240.00
2017/02/09,15.86,16.36,15.68,16.16,5452786,88082616.00
2017/02/10,16.16,16.55,15.98,16.26,5696604,92898256.00
2017/02/13,16.08,16.23,15.85,16.14,3842340,61651128.00
2017/02/14,16.08,16.46,16.01,16.10,3864076,62672952.00
2017/02/15,16.10,16.23,15.67,15.69,4145980,66084332.00
2017/02/16,15.68,15.94,15.51,15.76,2840289,44753076.00
2017/02/17,15.82,16.76,15.82,16.11,7858502,128282792.00
2017/02/20,16.11,16.28,15.57,16.23,4900503,78640144.00
2017/02/21,16.15,16.38,16.07,16.27,3949148,64129424.00
2017/02/22,16.39,16.95,16.29,16.80,11803280,196781728.00
2017/02/23,16.93,16.93,16.21,16.34,8961750,148017584.00
2017/02/24,16.35,16.40,16.01,16.21,4419212,71455072.00
2017/02/27,16.18,16.33,15.94,16.05,3578830,57668744.00
2017/02/28,15.99,16.16,15.95,16.15,2963002,47665992.00
2017/03/01,16.14,16.22,15.99,16.04,3462180,55834856.00
2017/03/02,16.08,16.15,15.68,15.71,4039763,64080604.00
2017/03/03,15.73,15.76,15.44,15.54,3237700,50422264.00
2017/03/06,15.59,15.85,15.55,15.83,3030061,47834600.00
2017/03/07,15.83,15.92,15.61,15.77,3255693,51356988.00
2017/03/08,15.77,15.95,15.70,15.93,3487254,55301220.00
2017/03/09,15.93,16.01,15.64,15.71,2836290,44813176.00
2017/03/10,15.68,15.79,15.60,15.67,2112823,33202912.00
2017/03/13,15.82,15.82,15.53,15.77,2292823,36024672.00
2017/03/14,15.81,15.99,15.72,15.83,3485411,55282808.00
2017/03/15,15.81,15.84,15.52,15.67,2148499,33698360.00
2017/03/16,15.65,15.86,15.63,15.77,3114562,49092392.00
2017/03/17,15.79,15.85,15.55,15.56,3419337,53811280.00
2017/03/20,15.58,15.90,15.53,15.87,3790769,59818648.00
2017/03/21,15.91,15.96,15.76,15.83,2364807,37464204.00
2017/03/22,15.80,15.90,15.64,15.65,2544430,40095396.00
2017/03/23,15.58,15.72,14.99,15.31,3857400,59491900.00
2017/03/24,15.32,15.76,15.28,15.67,3839285,59748136.00
2017/03/27,15.67,15.80,15.50,15.60,2444080,38271848.00
2017/03/28,15.53,15.68,15.53,15.65,2181165,34139872.00
2017/03/29,15.66,15.72,15.11,15.16,3568340,54708572.00
2017/03/30,15.18,15.27,14.38,14.45,5205976,76174944.00
2017/03/31,14.43,14.67,14.42,14.53,2237338,32525512.00
2017/04/05,15.99,15.99,15.99,15.99,1775193,28420840.00
2017/04/06,17.59,17.59,17.59,17.59,3740768,65874924.00
2017/04/07,19.35,19.35,19.35,19.35,6252324,121107520.00
2017/04/10,21.29,21.29,21.29,21.29,3010861,64161448.00
2017/04/11,23.42,23.42,23.42,23.42,1392528,32640856.00
2017/04/12,25.76,25.76,25.76,25.76,1638591,42242876.00
2017/04/17,28.34,28.34,26.37,27.92,74572951,2091459840.00
2017/04/18,26.48,29.92,25.37,28.63,56855068,1593563136.00
2017/04/19,27.63,28.29,26.18,26.56,44226995,1209504896.00
2017/04/20,26.68,28.40,24.61,25.19,44034707,1171741184.00
2017/04/21,24.30,25.28,22.67,22.67,36208139,860873216.00
2017/04/24,22.29,23.06,21.04,21.78,31868563,701400320.00
2017/04/25,21.98,23.96,21.53,22.97,56426627,1300238976.00
2017/04/26,22.28,25.27,21.83,25.25,61581663,1445051392.00
2017/04/27,24.45,25.76,23.25,23.53,60501969,1483088768.00
2017/04/28,22.80,25.85,22.79,25.25,54578183,1347569536.00
2017/05/02,25.35,27.78,24.39,27.78,34388364,896211008.00
2017/05/03,29.38,30.56,28.49,29.95,70601836,2116978816.00
2017/05/04,31.91,32.95,31.89,32.95,24628004,805355456.00
2017/05/05,34.97,36.25,31.18,31.32,81594848,2810907904.00
2017/05/08,31.98,31.98,28.69,29.45,57710811,1753581696.00
2017/05/09,28.98,30.56,28.49,30.44,49552963,1462903040.00
2017/05/10,30.16,31.13,27.81,28.99,54996028,1639294464.00
2017/05/11,29.86,31.89,29.58,31.69,65509432,2023373824.00
2017/05/12,30.98,34.39,30.78,32.11,69568939,2255310080.00
2017/05/15,31.28,35.28,30.51,34.37,66721706,2188970496.00
2017/05/16,33.18,34.46,32.38,34.03,57647451,1938907904.00
2017/05/17,33.91,35.73,32.08,32.32,54553005,1855462912.00
2017/05/18,30.94,31.27,29.09,29.09,46556087,1400502272.00
2017/05/19,28.75,30.08,27.79,29.78,37767261,1094542208.00
2017/05/22,29.13,29.24,27.90,28.03,22577275,644529152.00
2017/05/23,28.04,28.45,25.48,26.35,26522699,716097024.00
2017/05/24,25.78,26.87,25.58,26.81,19596100,519521024.00
2017/05/25,26.65,27.03,24.81,26.52,27732454,722878336.00
2017/05/26,26.45,27.96,25.98,26.07,27245548,735808320.00
2017/05/31,25.99,27.08,25.47,27.02,26425174,699664320.00
2017/06/01,25.98,26.57,24.32,24.32,20305306,521197024.00
2017/06/02,23.78,24.95,23.13,24.43,17433221,421284064.00
2017/06/05,24.33,25.07,24.18,24.58,15591288,385054112.00
2017/06/06,24.28,24.96,23.66,24.43,17400870,422854528.00
2017/06/07,25.39,26.88,25.39,26.88,35637583,932169856.00
2017/06/08,26.89,27.94,26.60,26.64,43811085,1190331264.00
2017/06/09,25.68,27.08,25.09,26.60,30677972,797795520.00
2017/06/12,25.98,26.98,25.48,26.10,22781700,597512832.00
2017/06/13,25.86,26.48,25.72,26.26,15384399,402211488.00
2017/06/14,25.98,26.19,25.28,25.30,15495190,398918304.00
2017/06/15,25.22,25.65,24.88,25.12,13805564,348855680.00
2017/06/16,25.13,26.28,25.10,25.45,18387149,474160288.00
2017/06/19,25.18,25.42,24.86,25.37,11803597,296459872.00
2017/06/20,25.40,27.54,25.29,26.58,31549900,833932352.00
2017/06/21,26.36,28.21,26.08,27.83,39757989,1084080768.00
2017/06/22,27.48,27.81,26.43,26.57,25137006,680173824.00
2017/06/23,26.03,26.44,24.58,25.52,20093100,513290848.00
2017/06/26,25.38,25.85,24.71,25.56,13614691,344713152.00
2017/06/27,25.38,25.72,25.09,25.16,10248499,259878192.00
2017/06/28,24.98,24.99,24.04,24.27,15329320,374836256.00
2017/06/29,24.34,24.94,24.25,24.50,12837418,315762624.00
2017/06/30,24.28,24.38,23.78,23.85,10299500,248343104.00
2017/07/03,23.95,24.96,23.89,24.43,13192700,324278208.00
2017/07/11,22.98,23.97,22.03,22.37,19021017,439957824.00
2017/07/12,22.05,23.56,22.05,23.47,17289340,397413696.00
2017/07/13,23.19,23.20,22.48,22.60,11602534,264737120.00
2017/07/14,22.81,22.94,21.39,21.85,10913083,241566032.00
2017/07/17,21.71,21.78,19.66,19.66,13081600,262536192.00
2017/07/18,19.13,20.58,18.68,19.90,12895921,251891008.00
2017/07/19,19.87,19.95,19.17,19.81,10890796,213385248.00
2017/07/20,19.77,20.69,19.66,20.03,13406616,271725920.00
2017/07/21,19.83,20.61,19.81,19.98,10982200,222052624.00
2017/07/24,19.98,20.53,19.58,20.30,12196018,246220288.00
2017/07/25,20.16,20.43,19.85,19.89,8042798,161380864.00
2017/07/26,19.91,20.32,19.60,20.08,9039699,180215424.00
2017/07/27,19.89,20.45,19.72,20.43,10282279,207657792.00
2017/07/28,20.38,20.49,19.98,20.01,8423100,169999632.00
2017/08/02,21.16,21.16,21.16,21.16,0,0.00
数据来源:通达信
