600559 老白干酒 日线 前复权
      日期	    开盘	    最高	    最低	    收盘	    成交量	    成交额
2010/10/08,15.13,16.67,15.13,16.67,1104580,47277372.00
2010/10/11,17.29,18.13,15.37,16.91,3897397,170831584.00
2010/10/12,16.25,16.57,15.37,16.52,2653168,110731968.00
2010/10/13,16.16,16.16,15.07,15.60,3933026,157323552.00
2010/10/14,15.45,15.53,14.72,14.87,2460862,96268192.00
2010/10/15,14.57,15.44,14.49,14.77,2477961,96751280.00
2010/10/18,14.57,15.45,13.29,15.29,2926692,109876608.00
2010/10/19,15.04,15.36,14.57,15.19,1704304,67089644.00
2010/10/20,14.93,15.77,14.57,15.25,3444107,135996032.00
2010/10/21,15.07,15.29,14.99,15.05,1475609,58133552.00
2010/10/22,15.26,15.27,15.04,15.05,1809058,71332152.00
2010/10/25,15.05,16.62,15.05,16.43,4241646,175399520.00
2010/10/26,15.79,16.43,15.79,15.87,2232998,92426808.00
2010/10/27,15.92,15.93,15.13,15.16,1839325,73998824.00
2010/10/28,15.21,15.39,14.73,15.01,1412638,55244756.00
2010/10/29,15.01,15.57,14.53,15.23,1640971,64317328.00
2010/11/01,15.27,15.85,15.27,15.61,2191141,88677280.00
2010/11/02,15.65,16.49,15.65,16.14,2591117,108296496.00
2010/11/03,16.24,17.45,16.20,17.17,4343895,190189952.00
2010/11/04,17.20,17.87,16.77,17.42,3479005,155141424.00
2010/11/05,17.37,17.37,16.73,17.03,2005053,88113536.00
2010/11/08,17.01,17.09,16.48,16.67,1971122,85298608.00
2010/11/09,16.65,16.97,16.55,16.95,1703946,74239776.00
2010/11/10,16.87,18.13,16.81,17.57,3129375,142050592.00
2010/11/11,17.57,17.97,17.25,17.27,2610862,119317128.00
2010/11/12,17.17,17.89,16.07,16.77,2845635,126644640.00
2010/11/15,16.53,17.57,16.53,17.41,1786856,79155736.00
2010/11/16,17.38,17.68,16.41,16.82,1663392,73479336.00
2010/11/17,16.58,17.09,15.08,15.46,2940047,123742944.00
2010/11/18,15.37,15.77,14.77,15.32,790903,31285336.00
2010/11/19,15.60,16.17,15.34,16.16,945623,38727240.00
2010/11/22,16.05,16.69,15.67,16.29,993389,42031020.00
2010/11/23,16.17,16.21,15.57,16.07,951492,39331940.00
2010/11/24,15.97,17.13,15.61,16.97,1679067,72823536.00
2010/11/25,16.91,17.24,16.59,16.75,1435239,62692280.00
2010/11/26,16.89,18.44,16.55,18.13,4488302,204995648.00
2010/11/29,17.96,18.37,17.52,18.03,3259978,151344128.00
2010/11/30,17.77,17.93,16.23,17.37,2267394,100563768.00
2010/12/01,16.80,17.33,16.45,16.93,1224191,53289652.00
2010/12/02,17.09,17.28,16.62,16.70,928535,40385144.00
2010/12/03,16.65,16.65,15.97,16.44,1093142,46079176.00
2010/12/06,16.31,16.37,15.59,15.76,1539941,63465088.00
2010/12/07,15.88,16.16,15.36,16.06,1157942,47602064.00
2010/12/08,15.93,16.33,15.77,15.99,753838,31486502.00
2010/12/09,15.77,15.96,15.40,15.57,788669,31962374.00
2010/12/10,15.39,16.08,15.29,16.03,952851,38616488.00
2010/12/13,16.04,16.27,15.90,16.17,1283195,53740452.00
2010/12/14,16.20,16.31,15.93,16.13,975293,40676068.00
2010/12/15,16.09,16.57,16.07,16.23,1377172,58424440.00
2010/12/16,16.49,16.85,16.25,16.35,1243574,53213592.00
2010/12/17,16.25,16.51,16.05,16.15,775158,32529524.00
2010/12/20,16.15,16.27,14.98,15.23,2839533,114082320.00
2010/12/21,15.23,15.28,14.45,15.23,1810729,70489960.00
2010/12/22,15.14,15.16,14.77,14.97,1159515,45190576.00
2010/12/23,14.96,14.96,14.70,14.73,904573,34870120.00
2010/12/24,14.75,14.77,14.17,14.45,1859170,69381048.00
2010/12/27,14.57,14.57,13.61,13.80,2557789,93390512.00
2010/12/28,13.77,13.97,12.63,13.71,3671624,127427984.00
2010/12/29,13.67,13.83,13.29,13.74,1594855,56741824.00
2010/12/30,13.73,14.00,13.50,13.95,1481954,53450684.00
2010/12/31,13.97,14.53,13.97,14.43,1523835,56400856.00
2011/01/04,14.61,14.77,13.89,14.27,2509767,92936192.00
2011/01/05,14.24,14.24,13.57,13.61,3148266,112794384.00
2011/01/06,13.58,13.71,13.15,13.21,2253606,79166368.00
2011/01/07,13.17,13.46,12.93,13.35,1468137,50587080.00
2011/01/10,13.35,13.35,12.77,12.85,1350963,46022520.00
2011/01/11,12.73,12.93,12.57,12.74,709569,23688934.00
2011/01/12,12.67,12.93,12.67,12.85,630513,21143986.00
2011/01/13,12.81,13.45,12.81,13.27,1742119,60377876.00
2011/01/14,13.19,13.22,12.78,12.93,770230,26067640.00
2011/01/17,12.85,12.85,12.21,12.21,857202,28166308.00
2011/01/18,12.21,12.56,11.97,12.37,737878,23956156.00
2011/01/19,12.37,12.93,12.33,12.89,1365592,45684016.00
2011/01/20,12.89,13.09,12.45,12.50,1772806,59793200.00
2011/01/21,12.43,12.93,12.25,12.63,1276010,42510176.00
2011/01/24,12.79,12.96,12.57,12.95,1295582,43419252.00
2011/01/25,12.89,13.04,12.77,12.97,553295,18710860.00
2011/01/26,12.89,13.32,12.88,12.91,847844,28932704.00
2011/01/27,12.85,12.91,12.57,12.84,864663,28942900.00
2011/01/28,12.81,12.88,12.67,12.77,671163,22427800.00
2011/01/31,12.57,12.85,12.57,12.74,617388,20593004.00
2011/02/01,12.59,12.88,12.59,12.75,447163,14992106.00
2011/02/09,12.61,12.69,12.29,12.29,1270664,41500628.00
2011/02/10,12.29,12.71,12.11,12.69,942836,30833420.00
2011/02/11,12.65,13.25,12.57,13.21,1479482,50310452.00
2011/02/14,13.20,13.41,13.05,13.35,1643067,57059704.00
2011/02/15,13.35,13.60,13.17,13.25,1391403,48836348.00
2011/02/16,13.17,13.47,13.11,13.32,939128,32716856.00
2011/02/17,13.37,13.44,13.05,13.11,855681,29555016.00
2011/02/18,13.11,14.00,13.11,13.69,2853413,102397624.00
2011/02/21,13.65,13.91,13.41,13.87,1724387,61639536.00
2011/02/22,13.87,13.89,12.97,13.17,1233168,43559960.00
2011/02/23,13.17,13.35,12.93,13.11,937284,32038132.00
2011/02/24,13.11,13.17,12.99,13.13,548868,18854498.00
2011/02/25,13.21,13.37,13.06,13.13,909687,31406516.00
2011/02/28,13.04,13.17,12.77,13.01,1214329,41110856.00
2011/03/01,13.09,13.21,12.93,13.15,1225568,41944080.00
2011/03/02,13.17,13.26,12.72,12.76,1635640,55188752.00
2011/03/03,12.76,12.92,12.49,12.52,1479130,48953148.00
2011/03/04,12.53,12.67,12.49,12.65,693209,22906216.00
2011/03/07,12.72,12.77,12.51,12.67,1919346,63586648.00
2011/03/08,12.70,12.90,12.69,12.83,1034125,34669132.00
2011/03/09,12.83,12.85,12.61,12.69,1078055,35882916.00
2011/03/10,12.69,13.03,12.67,12.85,1999472,67637744.00
2011/03/11,12.81,12.83,12.62,12.69,1117124,37202316.00
2011/03/14,12.57,12.69,12.31,12.57,960250,31531448.00
2011/03/15,12.58,12.67,12.25,12.37,925569,30168172.00
2011/03/16,12.41,12.89,12.37,12.73,1483205,49540816.00
2011/03/17,12.61,12.77,12.47,12.53,872521,28807512.00
2011/03/18,12.61,12.71,12.49,12.59,604081,19984192.00
2011/03/21,12.58,12.62,12.31,12.37,1211566,39475792.00
2011/03/22,12.38,12.41,12.17,12.25,721646,23242156.00
2011/03/23,12.26,12.33,12.17,12.28,684768,22039872.00
2011/03/24,12.26,12.44,12.18,12.37,935327,30169988.00
2011/03/25,12.41,12.72,12.37,12.63,1666346,55043764.00
2011/03/28,13.09,13.09,12.27,12.36,1640751,54192760.00
2011/03/29,12.33,12.37,11.97,11.98,1201411,38232788.00
2011/03/30,11.97,12.08,11.47,11.48,2004817,61494120.00
2011/03/31,11.49,11.93,11.49,11.57,1174844,36220148.00
2011/04/01,11.60,11.74,11.49,11.65,468330,14325827.00
2011/04/06,11.67,11.76,11.21,11.29,1660104,49626968.00
2011/04/07,11.29,11.35,11.04,11.35,986521,29113156.00
2011/04/08,11.33,11.39,11.25,11.37,884808,26502398.00
2011/04/11,11.41,11.42,11.32,11.34,1413851,42434716.00
2011/04/12,11.25,11.48,11.25,11.34,693270,20775296.00
2011/04/13,11.37,11.63,11.33,11.61,1750297,53047812.00
2011/04/14,11.61,11.72,11.44,11.51,1137618,34503656.00
2011/04/15,11.51,11.57,11.31,11.35,815488,24502622.00
2011/04/18,11.35,11.37,11.21,11.27,812202,24183600.00
2011/04/19,11.31,11.60,11.09,11.54,1610007,48362332.00
2011/04/20,11.55,11.88,11.45,11.75,2004827,61908024.00
2011/04/21,11.80,12.04,11.71,11.89,1809475,56668736.00
2011/04/22,11.85,11.89,11.73,11.79,847432,26341748.00
2011/04/25,11.77,11.96,11.67,11.68,1552239,48449608.00
2011/04/26,11.65,11.70,11.12,11.34,1607580,48045744.00
2011/04/27,11.37,11.55,11.18,11.26,699546,20966138.00
2011/04/28,11.29,11.29,10.55,10.56,969677,27955980.00
2011/04/29,10.56,10.69,10.51,10.59,773821,21748408.00
2011/05/03,10.65,10.96,10.59,10.95,575611,16415316.00
2011/05/04,10.95,11.57,10.79,11.31,1767777,52996764.00
2011/05/05,11.14,11.71,11.14,11.66,1705767,52030752.00
2011/05/06,11.69,11.90,11.42,11.80,1854130,57450088.00
2011/05/09,11.85,11.96,11.57,11.70,1382559,42853488.00
2011/05/10,11.61,11.69,11.43,11.50,608432,18481662.00
2011/05/11,11.49,11.61,11.19,11.58,677084,20563988.00
2011/05/12,11.53,11.89,11.37,11.63,1190924,36902732.00
2011/05/13,11.69,11.93,11.57,11.65,628566,19467204.00
2011/05/16,11.64,11.76,11.57,11.61,468406,14346205.00
2011/05/17,11.57,11.70,11.45,11.68,540614,16501124.00
2011/05/18,11.72,12.01,11.54,11.98,1863918,58555864.00
2011/05/19,12.07,12.63,12.01,12.39,3352766,109803448.00
2011/05/20,12.37,12.65,12.37,12.49,1460949,48002112.00
2011/05/23,12.49,12.64,11.97,12.04,1030243,33286692.00
2011/05/24,11.89,12.02,11.36,11.64,1406639,42984104.00
2011/05/26,11.55,11.69,10.97,11.29,813277,24348716.00
2011/05/27,11.26,11.47,10.85,10.99,696490,20408108.00
2011/05/30,10.91,11.20,10.61,11.15,554034,16044657.00
2011/05/31,11.36,11.36,11.01,11.27,488074,14449063.00
2011/06/01,11.37,11.52,10.97,11.37,441427,13117689.00
2011/06/02,11.17,11.49,11.11,11.40,437646,13081095.00
2011/06/03,11.37,11.55,11.30,11.43,616779,18643284.00
2011/06/07,11.37,11.56,11.37,11.51,351325,10638403.00
2011/06/08,11.38,11.51,10.97,11.21,771181,22693032.00
2011/06/09,11.16,11.16,10.93,10.94,576683,16733832.00
2011/06/10,10.93,11.05,10.81,11.04,263062,7568406.00
2011/06/13,10.97,10.97,10.61,10.95,227037,6515589.00
2011/06/14,10.95,11.15,10.85,11.10,296619,8650068.00
2011/06/15,11.09,11.09,10.90,11.05,357385,10428454.00
2011/06/16,10.95,10.95,10.77,10.80,275898,7913745.00
2011/06/17,10.77,10.85,10.63,10.65,170590,4838785.00
2011/06/20,10.57,10.65,10.37,10.41,334926,9299181.00
2011/06/21,10.37,10.62,10.37,10.41,329799,9112627.00
2011/06/22,10.41,10.52,10.28,10.41,576601,15878129.00
2011/06/23,10.37,10.41,10.01,10.41,1250770,33818924.00
2011/06/24,10.37,10.77,10.22,10.67,1811244,50694744.00
2011/06/27,10.67,10.76,10.61,10.73,968363,27406344.00
2011/06/28,10.77,10.94,10.65,10.82,765824,21874288.00
2011/06/29,10.77,10.81,10.49,10.54,811668,22867236.00
2011/06/30,10.54,10.71,10.52,10.66,486347,13707618.00
2011/07/01,10.75,10.81,10.59,10.77,875242,24815632.00
2011/07/04,10.81,11.05,10.71,11.01,1581570,45609976.00
2011/07/05,11.01,11.09,10.76,10.88,1553894,44764520.00
2011/07/06,10.88,11.00,10.75,10.99,1239210,35709844.00
2011/07/07,10.99,11.60,10.89,11.29,3299134,98363960.00
2011/07/08,11.20,11.52,11.07,11.18,2187062,65350216.00
2011/07/11,11.13,12.36,11.01,12.03,5189067,161233952.00
2011/07/12,11.81,12.45,11.78,12.23,4070317,131069376.00
2011/07/13,12.24,12.95,12.05,12.54,4008055,132343568.00
2011/07/14,12.57,12.69,12.41,12.53,3231659,106489560.00
2011/07/15,12.47,12.60,12.36,12.37,2338016,76486944.00
2011/07/18,12.24,12.73,12.24,12.57,2540387,84057616.00
2011/07/19,12.57,12.62,12.33,12.40,1211899,39556328.00
2011/07/20,12.41,12.77,12.41,12.71,1762277,58094360.00
2011/07/21,12.69,13.91,12.64,13.75,6116126,216491488.00
2011/07/22,13.67,13.89,13.57,13.85,3632338,130586096.00
2011/07/25,13.82,13.87,12.62,12.78,3112063,107688432.00
2011/07/26,12.65,13.04,12.61,12.85,1419944,47653928.00
2011/07/27,12.81,13.55,12.62,13.34,2092383,71903760.00
2011/07/28,13.16,13.21,12.80,13.03,1784868,60612004.00
2011/07/29,12.88,13.43,12.88,13.07,1877994,64818188.00
2011/08/01,13.01,13.01,12.56,12.68,1718125,57194512.00
2011/08/02,12.61,12.61,12.12,12.25,2029252,65094220.00
2011/08/03,12.21,12.53,12.01,12.36,1805264,58540320.00
2011/08/04,12.41,12.65,12.05,12.47,2213489,71445536.00
2011/08/05,12.09,12.93,11.94,12.59,2733500,89650896.00
2011/08/08,12.46,12.63,11.81,12.21,1804024,57799088.00
2011/08/09,11.92,12.15,11.41,12.03,1956560,60510980.00
2011/08/10,12.21,12.85,12.08,12.82,3513156,114771424.00
2011/08/11,12.55,13.29,12.51,13.25,3822661,130461648.00
2011/08/12,13.23,13.36,13.08,13.21,3619285,125022984.00
2011/08/15,13.20,13.69,13.08,13.25,3549046,124820992.00
2011/08/16,13.25,13.47,12.95,13.00,1821075,62600908.00
2011/08/17,13.00,13.19,12.85,12.95,1070998,36319856.00
2011/08/18,12.91,13.09,12.85,12.99,1526566,51879064.00
2011/08/19,12.77,13.41,12.63,13.41,2068773,71274064.00
2011/08/22,13.33,13.59,13.09,13.12,1315950,45644640.00
2011/08/23,13.11,13.21,12.74,12.93,1479569,50036480.00
2011/08/24,12.85,12.99,12.48,12.56,2077778,69152000.00
2011/08/25,12.25,12.69,12.25,12.56,2030966,66334884.00
2011/08/26,12.50,12.65,12.26,12.64,2418857,79104536.00
2011/08/29,12.57,13.47,12.48,13.44,3423607,116769872.00
2011/08/30,13.39,13.59,12.96,13.03,2259936,78257664.00
2011/08/31,13.06,13.28,12.90,13.09,1459700,49744208.00
2011/09/01,13.11,13.25,12.62,12.65,1745408,58785200.00
2011/09/02,12.63,12.63,12.19,12.31,2289033,73831392.00
2011/09/05,12.21,12.32,11.93,12.07,909309,28971202.00
2011/09/06,11.97,12.18,11.83,11.98,624221,19628428.00
2011/09/07,12.00,12.36,12.00,12.32,969731,31179882.00
2011/09/08,12.37,12.41,12.09,12.11,589620,18960068.00
2011/09/09,12.06,12.26,11.87,11.88,698643,21993368.00
2011/09/13,11.81,11.81,11.17,11.44,1135800,34212208.00
2011/09/14,11.56,11.74,11.31,11.46,711788,21458672.00
2011/09/15,11.53,11.70,11.34,11.40,1002608,30246448.00
2011/09/16,11.50,11.52,11.35,11.37,472220,14160863.00
2011/09/19,11.44,11.44,11.04,11.28,741116,21978152.00
2011/09/20,11.29,11.40,11.21,11.31,469587,13966837.00
2011/09/21,11.41,11.64,11.26,11.63,1568451,47369472.00
2011/09/22,11.55,11.55,11.03,11.28,885987,26287452.00
2011/09/23,11.17,11.17,10.56,10.81,1599631,45419568.00
2011/09/26,10.77,10.77,10.40,10.50,1147793,31870760.00
2011/09/27,10.53,10.69,10.42,10.65,759514,21150604.00
2011/09/28,10.73,10.81,10.45,10.52,446924,12535039.00
2011/09/29,10.45,10.51,10.09,10.20,604822,16399966.00
2011/09/30,10.21,10.30,9.77,10.12,586349,15454773.00
2011/10/10,10.13,10.25,9.89,9.90,254098,6736571.00
2011/10/11,10.05,10.25,9.33,9.46,770667,20041632.00
2011/10/12,9.51,9.73,9.21,9.67,596835,15148141.00
2011/10/13,9.61,10.00,9.54,9.89,928566,24188928.00
2011/10/14,9.91,9.91,9.58,9.73,495159,12759641.00
2011/10/17,9.75,10.13,9.75,10.12,914370,24028792.00
2011/10/18,10.09,10.36,9.93,10.09,1414768,38124916.00
2011/10/19,9.98,10.28,9.98,10.04,631780,16948052.00
2011/10/20,9.96,10.09,9.03,9.50,797488,20170368.00
2011/10/21,9.32,9.49,9.32,9.33,278584,6947492.00
2011/10/24,9.33,9.47,9.16,9.35,1312488,32528456.00
2011/10/25,9.37,9.69,9.33,9.62,1521298,38352016.00
2011/10/26,9.51,10.09,9.45,9.75,1192068,30708820.00
2011/10/27,9.75,9.85,9.57,9.70,675092,17347640.00
2011/10/28,9.77,9.94,9.73,9.93,1246427,32509762.00
2011/10/31,10.01,10.11,9.93,10.01,912651,24176834.00
2011/11/01,9.97,10.11,9.86,10.08,927044,24562664.00
2011/11/02,9.93,10.08,9.69,10.07,1184948,31065716.00
2011/11/03,10.17,10.53,10.09,10.25,2182896,59547060.00
2011/11/04,10.26,10.41,10.26,10.35,1220094,33315850.00
2011/11/07,10.33,10.41,10.12,10.17,558404,15127427.00
2011/11/08,10.17,10.24,9.97,9.99,600946,16042687.00
2011/11/09,9.91,10.65,9.91,10.65,2207937,60805432.00
2011/11/10,10.51,10.56,10.33,10.51,1595059,44072380.00
2011/11/11,10.49,10.61,10.39,10.50,1085101,30089760.00
2011/11/14,10.52,10.92,10.52,10.73,1164317,33012948.00
2011/11/15,10.73,10.81,10.64,10.69,736053,20757868.00
2011/11/16,10.69,10.69,10.33,10.37,1095732,30222260.00
2011/11/17,10.36,10.53,10.29,10.38,699073,19309264.00
2011/11/18,10.37,10.37,10.12,10.13,700777,18970036.00
2011/11/21,10.12,10.21,10.05,10.15,402215,10801854.00
2011/11/22,10.06,10.41,10.03,10.36,1257572,34271240.00
2011/11/23,10.40,10.80,10.33,10.71,2061224,57964132.00
2011/11/24,10.61,11.65,10.53,11.26,4676283,136632256.00
2011/11/25,11.23,11.43,11.07,11.10,2650512,78149352.00
2011/11/28,11.09,11.35,10.88,11.33,2444917,71718880.00
2011/11/29,11.45,11.45,10.93,11.10,2261048,66489228.00
2011/11/30,11.11,11.27,10.26,10.72,1855764,53031908.00
2011/12/01,10.88,11.13,10.74,10.84,1623932,46583216.00
2011/12/02,10.84,10.97,10.63,10.71,1060711,30118224.00
2011/12/05,10.69,10.69,10.13,10.32,1292017,35385448.00
2011/12/06,10.38,10.38,9.82,10.21,1019839,27156250.00
2011/12/07,10.11,10.29,9.98,10.25,699359,18744264.00
2011/12/08,10.16,10.53,9.97,10.43,1047505,28377408.00
2011/12/09,10.37,10.48,10.21,10.37,542110,14803380.00
2011/12/12,10.37,10.41,10.05,10.07,425884,11551980.00
2011/12/13,10.01,10.02,9.57,9.57,929372,23872984.00
2011/12/14,9.56,9.69,9.20,9.20,564450,14170559.00
2011/12/15,9.21,9.25,8.74,8.75,720946,17219188.00
2011/12/16,8.75,9.14,8.62,9.13,962325,22733162.00
2011/12/19,9.08,9.08,8.69,8.90,678801,16033101.00
2011/12/20,8.97,9.11,8.81,8.89,751596,17942944.00
2011/12/21,9.01,9.09,8.53,8.57,714952,16804408.00
2011/12/22,8.43,8.57,7.80,8.18,1520278,33286190.00
2011/12/23,8.09,8.33,7.93,8.08,1029955,22605476.00
2011/12/26,8.16,8.21,7.83,7.86,756500,16311793.00
2011/12/27,7.81,7.83,7.41,7.62,975679,19894980.00
2011/12/28,7.49,7.62,7.30,7.54,1362877,27184592.00
2011/12/29,7.41,7.67,7.41,7.57,617106,12590468.00
2011/12/30,7.57,7.77,7.57,7.74,819650,16954676.00
2012/01/04,7.77,7.97,7.42,7.45,878234,18068026.00
2012/01/05,7.40,7.44,7.00,7.01,904425,17478024.00
2012/01/06,6.83,7.07,6.83,7.01,643274,12121421.00
2012/01/09,7.02,7.34,6.93,7.33,1219505,23422046.00
2012/01/10,7.37,8.01,7.23,7.86,2145365,44095664.00
2012/01/11,7.81,7.81,7.61,7.73,1760789,36481376.00
2012/01/12,7.71,7.76,7.57,7.75,968296,20051304.00
2012/01/13,7.75,7.89,7.45,7.48,1182742,24441828.00
2012/01/16,7.21,7.45,7.01,7.04,960865,18763280.00
2012/01/17,7.03,7.48,6.87,7.45,1144676,22281954.00
2012/01/18,7.44,7.61,7.09,7.11,1116113,22174358.00
2012/01/19,7.11,7.25,7.04,7.21,984326,19114488.00
2012/01/20,7.32,7.61,7.25,7.54,1116088,22570752.00
2012/01/30,7.43,7.73,7.43,7.73,1207372,24675460.00
2012/01/31,7.77,8.53,7.77,8.43,5340829,117444496.00
2012/02/01,8.43,9.22,8.29,9.00,5860169,137162384.00
2012/02/02,8.97,9.17,8.81,9.03,3371753,80410984.00
2012/02/03,9.03,9.09,8.87,9.03,2513283,60109596.00
2012/02/06,9.03,9.17,8.88,9.09,3393045,81450944.00
2012/02/07,9.01,9.05,8.72,8.83,2095920,49731976.00
2012/02/08,8.77,9.53,8.77,9.51,4350262,106572624.00
2012/02/09,9.41,9.98,9.41,9.72,3029479,78216064.00
2012/02/10,9.61,10.36,9.56,10.19,2828592,74084856.00
2012/02/13,10.09,10.64,9.89,10.33,3479283,95540840.00
2012/02/14,10.23,10.47,10.14,10.33,1606673,43613820.00
2012/02/15,10.30,10.33,10.05,10.17,4019471,107746504.00
2012/02/16,10.16,10.17,9.79,9.99,2851192,75026912.00
2012/02/17,9.93,10.13,9.89,10.05,1422370,37665184.00
2012/02/20,10.14,10.16,9.87,9.91,1464516,38757760.00
2012/02/21,9.89,10.41,9.81,10.40,2956211,79346088.00
2012/02/22,10.44,10.57,10.29,10.45,2223597,61191276.00
2012/02/23,10.39,10.43,9.94,10.40,2010499,54652616.00
2012/02/24,10.15,10.89,10.15,10.81,3447176,96705408.00
2012/02/27,10.67,10.89,10.48,10.50,2879035,81005200.00
2012/02/28,10.46,10.80,10.33,10.63,1556301,43563976.00
2012/02/29,10.64,10.94,10.49,10.77,3650430,103834360.00
2012/03/01,10.66,11.37,10.66,11.01,3296585,95921432.00
2012/03/02,10.97,11.20,10.85,11.07,1703916,49499016.00
2012/03/05,10.97,11.47,10.95,11.33,3172138,94288992.00
2012/03/06,11.25,11.31,10.93,11.08,2498997,73354856.00
2012/03/07,10.97,10.97,10.06,10.37,4064223,113479768.00
2012/03/08,10.33,10.51,10.17,10.39,3079611,84293392.00
2012/03/09,10.43,11.49,10.43,11.49,6876794,199086464.00
2012/03/12,11.57,11.65,11.26,11.51,4029304,121657472.00
2012/03/13,11.41,12.01,11.33,11.93,3737568,115419208.00
2012/03/14,11.89,12.04,10.97,11.18,3840643,116706128.00
2012/03/15,11.17,11.63,11.01,11.41,3207503,95581712.00
2012/03/16,11.41,12.13,11.37,12.03,3572262,111356560.00
2012/03/19,12.07,12.09,11.55,11.82,2868825,88798920.00
2012/03/20,11.73,11.82,11.41,11.61,1484596,45066800.00
2012/03/21,11.60,11.75,11.17,11.53,1670585,50180692.00
2012/03/22,11.57,11.77,11.41,11.49,1225215,37339916.00
2012/03/23,11.40,11.53,11.17,11.33,2037962,60729024.00
2012/03/26,11.24,11.73,11.21,11.62,1334329,40273632.00
2012/03/27,11.63,11.67,10.93,11.16,1991566,59154264.00
2012/03/28,11.05,11.09,10.62,10.65,2221140,63238960.00
2012/03/29,10.62,11.07,10.37,10.84,1799338,51263528.00
2012/03/30,10.64,10.95,10.21,10.46,2263713,62541224.00
2012/04/05,10.27,11.50,10.27,11.44,2272584,66432448.00
2012/04/06,11.41,11.95,11.37,11.60,3226505,99029088.00
2012/04/09,11.73,11.73,11.36,11.49,1451604,43828176.00
2012/04/10,11.41,11.49,10.91,11.41,1831843,53898192.00
2012/04/11,11.29,11.39,10.90,11.09,1782411,51830104.00
2012/04/12,11.08,11.23,10.95,11.23,1110455,32580846.00
2012/04/13,11.20,11.40,11.11,11.22,1172406,34663836.00
2012/04/16,11.02,11.45,11.02,11.19,936251,27794400.00
2012/04/17,11.12,11.33,10.96,11.05,627665,18341898.00
2012/04/18,11.07,11.20,10.92,11.09,853969,24882628.00
2012/04/19,11.09,11.29,10.85,10.90,1088664,31626244.00
2012/04/20,10.91,11.00,10.68,10.88,1091806,31168696.00
2012/04/23,10.92,11.08,10.73,10.82,749058,21594884.00
2012/04/24,10.83,10.93,10.32,10.55,1520889,42454040.00
2012/04/25,10.41,10.65,10.38,10.45,1890506,52033432.00
2012/04/26,10.47,10.75,10.45,10.60,1557220,43565108.00
2012/04/27,10.49,11.12,10.13,10.27,7918902,221467600.00
2012/05/02,10.32,10.37,9.27,9.91,8525203,221911632.00
2012/05/03,9.81,10.17,9.63,10.15,4397522,116323928.00
2012/05/04,10.13,10.29,10.01,10.21,3096869,83272136.00
2012/05/07,10.21,10.92,10.13,10.73,5093298,142961184.00
2012/05/08,10.73,10.75,10.40,10.65,2927921,81689168.00
2012/05/09,10.37,10.75,10.37,10.49,2479881,69071088.00
2012/05/10,10.45,10.98,10.45,10.85,3451258,98666272.00
2012/05/11,10.79,11.13,10.73,10.86,2663786,76613160.00
2012/05/14,10.92,10.93,10.45,10.47,2060364,57886872.00
2012/05/15,10.38,10.45,10.13,10.41,1735308,47211088.00
2012/05/16,10.40,10.40,10.16,10.17,1140067,31029644.00
2012/05/17,10.17,10.32,10.02,10.19,1832915,49113544.00
2012/05/18,10.19,10.26,9.86,9.89,2056627,54478896.00
2012/05/21,9.89,10.39,9.81,10.31,2435287,65464448.00
2012/05/22,10.33,10.67,10.23,10.51,2097959,58136952.00
2012/05/23,10.53,11.61,10.44,11.29,8751173,254304832.00
2012/05/24,11.13,11.41,10.70,10.84,4974414,145127136.00
2012/05/25,10.84,10.84,10.34,10.43,3175854,88030232.00
2012/05/28,10.25,10.60,10.01,10.38,2848168,77682176.00
2012/05/29,10.39,10.99,10.15,10.75,3427981,94951488.00
2012/05/30,10.68,10.87,10.59,10.62,1781511,50421544.00
2012/05/31,10.53,10.85,10.48,10.75,1712628,48365192.00
2012/06/01,10.75,11.03,10.67,10.88,2130366,61096456.00
2012/06/04,10.65,10.85,10.41,10.47,1887558,52963684.00
2012/06/05,10.44,10.56,10.17,10.27,1401994,38355920.00
2012/06/06,10.28,10.38,10.21,10.28,704866,19138102.00
2012/06/07,10.39,10.43,10.17,10.24,1093516,29795452.00
2012/06/08,10.30,10.36,10.07,10.16,1015100,27303852.00
2012/06/11,10.16,10.29,9.81,10.25,679224,18228524.00
2012/06/12,10.25,10.33,10.09,10.14,631067,16956456.00
2012/06/13,10.09,10.57,10.03,10.40,1513555,41436272.00
2012/06/14,10.40,10.73,10.29,10.51,1599114,44754364.00
2012/06/15,10.58,10.58,10.24,10.36,1284345,35209612.00
2012/06/18,10.37,10.61,10.33,10.59,1270106,35296096.00
2012/06/19,10.49,10.60,10.21,10.27,1984232,54170796.00
2012/06/20,10.28,10.36,10.17,10.21,766738,20791740.00
2012/06/21,10.20,10.27,10.13,10.21,721972,19490500.00
2012/06/25,10.22,10.33,10.07,10.09,659936,17774934.00
2012/06/26,10.14,10.19,9.92,10.05,764557,20365156.00
2012/06/27,10.05,10.31,10.05,10.27,804560,21703084.00
2012/06/29,10.22,10.85,10.11,10.83,5413774,152874240.00
2012/07/02,10.85,11.61,10.59,11.07,6852018,201947408.00
2012/07/03,11.02,11.21,10.65,10.97,3579495,103337120.00
2012/07/04,10.93,11.07,10.75,10.97,3352188,96356896.00
2012/07/05,10.86,10.93,10.60,10.76,1806743,51080600.00
2012/07/06,10.83,11.65,10.71,11.46,6361720,190737824.00
2012/07/09,11.40,11.97,11.21,11.30,5106762,156023920.00
2012/07/10,11.29,11.77,11.09,11.47,3646807,110530608.00
2012/07/11,11.39,12.68,11.23,12.68,6874264,218187616.00
2012/07/12,12.68,13.81,12.49,13.09,9395528,323022464.00
2012/07/13,12.88,14.41,12.85,14.09,8161679,289877344.00
2012/07/16,14.04,14.36,13.68,13.95,6547892,239138768.00
2012/07/17,13.73,13.80,13.12,13.57,6084511,211393136.00
2012/07/18,13.41,13.57,12.92,13.33,5052000,174318992.00
2012/07/19,13.25,13.55,13.02,13.45,3998588,138882112.00
2012/07/20,13.25,13.63,12.41,12.51,5825771,198768416.00
2012/07/23,12.22,12.49,12.04,12.43,3471369,111546472.00
2012/07/24,12.33,13.01,12.27,12.83,3477547,115686936.00
2012/07/25,12.80,13.09,12.41,12.48,2720101,90549504.00
2012/07/26,12.49,12.81,12.05,12.09,2075068,67493416.00
2012/07/27,12.10,12.28,11.61,11.79,2554740,79333888.00
2012/07/30,11.74,11.92,11.69,11.84,1283820,39745220.00
2012/07/31,11.81,11.89,11.21,11.22,2097623,63498948.00
2012/08/01,11.22,11.68,11.15,11.67,2390491,72062304.00
2012/08/02,11.65,11.91,11.49,11.61,1750608,53760576.00
2012/08/03,11.61,11.93,11.49,11.87,1908726,59051764.00
2012/08/06,11.83,12.29,11.67,12.20,2357814,74248896.00
2012/08/07,12.16,12.35,11.98,12.11,2002043,63707952.00
2012/08/08,12.16,12.16,11.61,11.67,2178009,67359960.00
2012/08/09,11.67,12.41,11.57,12.38,4431933,141137824.00
2012/08/10,12.29,12.29,11.77,11.92,3307089,103756856.00
2012/08/13,11.86,12.00,11.69,11.72,1495396,46408168.00
2012/08/14,11.73,11.90,11.21,11.89,1766679,53950532.00
2012/08/15,11.84,12.25,11.77,11.85,2830959,89390512.00
2012/08/16,11.81,12.41,11.68,11.93,2861451,90898496.00
2012/08/17,11.88,11.89,11.28,11.53,2259441,68079232.00
2012/08/20,11.41,11.61,11.17,11.48,1362363,40908036.00
2012/08/21,11.35,11.68,11.35,11.57,1899730,57653656.00
2012/08/22,11.61,11.65,11.31,11.48,1508060,45182584.00
2012/08/23,11.35,11.51,11.05,11.23,1392674,41308680.00
2012/08/24,11.23,11.47,11.13,11.35,1189205,35341636.00
2012/08/27,11.33,11.33,10.83,10.85,2153430,62284584.00
2012/08/28,10.79,11.16,10.71,11.13,1351679,39136816.00
2012/08/29,11.09,11.17,10.77,10.78,803189,23090558.00
2012/08/30,10.68,10.81,10.03,10.18,1623922,44380728.00
2012/08/31,10.21,10.37,10.05,10.28,837582,22664784.00
2012/09/03,10.28,10.78,10.21,10.64,1659690,46574824.00
2012/09/04,10.77,11.17,10.72,10.72,1727439,49794284.00
2012/09/05,10.63,10.80,10.51,10.72,875092,24533324.00
2012/09/06,10.62,10.91,10.62,10.79,627141,17812454.00
2012/09/07,10.81,11.27,10.81,11.13,1870344,54653068.00
2012/09/10,11.09,11.19,10.90,11.11,1965568,57061256.00
2012/09/11,11.09,11.09,10.73,10.96,866345,24869464.00
2012/09/12,10.93,11.10,10.90,11.08,898069,26085112.00
2012/09/13,11.08,11.13,10.93,10.93,892224,25945920.00
2012/09/14,10.97,11.12,10.92,11.02,968052,28175578.00
2012/09/17,11.13,11.26,10.97,11.15,2225262,65342888.00
2012/09/18,11.16,11.64,11.15,11.60,3170499,95845832.00
2012/09/19,11.60,11.71,11.19,11.28,1927155,57478288.00
2012/09/20,11.30,11.30,10.61,10.64,2012795,57470736.00
2012/09/21,10.64,10.80,10.51,10.55,1155950,32361506.00
2012/09/24,10.45,10.79,10.33,10.68,641340,18003506.00
2012/09/25,10.55,10.86,10.55,10.61,1057456,29837356.00
2012/09/26,10.61,10.72,10.17,10.24,1212353,33237602.00
2012/09/27,10.24,10.53,10.24,10.47,1020762,28005280.00
2012/09/28,10.41,10.84,10.39,10.80,1175888,33329544.00
2012/10/08,10.81,10.93,10.75,10.86,1099081,31407348.00
2012/10/09,10.89,11.11,10.88,11.03,1108463,32041400.00
2012/10/10,10.92,11.02,10.85,10.99,630979,18201338.00
2012/10/11,10.99,11.17,10.86,10.92,1245646,36207784.00
2012/10/12,10.92,11.07,10.79,11.00,626450,18025128.00
2012/10/15,11.03,11.29,11.01,11.19,1318192,38832288.00
2012/10/16,11.19,12.13,11.13,11.58,3224305,98715216.00
2012/10/17,11.58,11.81,11.49,11.68,1586874,48465468.00
2012/10/18,11.70,12.47,11.70,12.19,3387576,107947864.00
2012/10/19,12.24,12.52,11.97,12.21,2543171,81545040.00
2012/10/22,12.17,12.44,12.05,12.25,1390928,44673032.00
2012/10/23,12.21,12.29,11.61,11.66,2750076,85076992.00
2012/10/24,11.63,11.79,11.42,11.72,1444363,43877576.00
2012/10/25,11.72,11.87,11.65,11.87,1043392,32274276.00
2012/10/26,13.01,13.12,13.01,13.12,11156234,382132000.00
2012/10/29,13.12,13.85,13.03,13.42,7859317,276657184.00
2012/10/30,13.41,13.69,13.17,13.31,4503764,157663056.00
2012/10/31,13.27,13.36,12.79,13.22,4529464,154956688.00
2012/11/01,13.27,13.46,13.06,13.21,3564585,123596784.00
2012/11/02,13.24,14.04,13.13,13.83,5680941,203235184.00
2012/11/05,13.83,14.16,13.71,13.91,4070332,148059104.00
2012/11/06,13.79,13.81,13.32,13.71,3110297,110137184.00
2012/11/07,13.61,13.99,13.33,13.86,1648992,58662284.00
2012/11/08,13.79,15.30,13.62,14.75,4686052,178802832.00
2012/11/09,14.53,14.72,14.16,14.55,2867868,107831960.00
2012/11/12,14.50,14.73,14.01,14.23,2198475,81820760.00
2012/11/13,14.10,14.21,13.53,13.55,1605914,58243460.00
2012/11/14,13.57,13.88,13.41,13.62,1507503,53717324.00
2012/11/15,13.49,13.86,13.26,13.30,1743491,61247936.00
2012/11/16,13.30,13.61,12.89,13.39,1633451,56554192.00
2012/11/19,13.39,13.39,11.99,11.99,5345370,172732592.00
2012/11/20,11.97,12.56,11.97,12.26,3053061,98463208.00
2012/11/21,12.07,12.31,11.57,12.21,4664139,144497728.00
2012/11/22,11.60,11.96,10.93,11.81,5092037,153368240.00
2012/11/23,11.66,12.61,11.65,12.22,3146501,100377696.00
2012/11/26,12.29,12.29,11.79,11.86,1167659,36542180.00
2012/11/27,11.79,11.96,11.41,11.79,1482123,45592536.00
2012/11/28,11.74,12.28,11.68,12.03,2461317,77753000.00
2012/11/29,12.09,12.19,11.61,11.78,1652120,51546712.00
2012/11/30,11.65,11.85,11.01,11.39,2540089,75934288.00
2012/12/03,11.21,11.27,10.29,10.52,2840222,80575120.00
2012/12/04,10.33,11.41,10.05,11.16,3191452,90174016.00
2012/12/05,10.97,11.80,10.97,11.42,2050413,61417636.00
2012/12/06,11.37,11.70,10.83,11.45,1533371,45185780.00
2012/12/07,11.38,11.65,11.13,11.50,1168181,35303524.00
2012/12/10,11.21,11.92,10.84,11.76,2521058,74655664.00
2012/12/11,11.76,12.12,11.63,11.83,2693634,83862656.00
2012/12/12,11.83,12.08,11.65,12.02,1382990,43174856.00
2012/12/13,12.05,12.41,11.93,12.01,1474342,46987416.00
2012/12/14,11.76,12.39,11.57,12.24,2230497,70335632.00
2012/12/17,12.25,13.21,11.99,13.05,5615542,185753056.00
2012/12/18,12.85,13.37,12.65,12.81,3075310,104088728.00
2012/12/19,12.85,13.18,12.65,12.93,2050456,69614456.00
2012/12/20,12.93,12.99,12.29,12.60,1820053,60283488.00
2012/12/21,12.47,12.95,12.41,12.73,1807269,59867064.00
2012/12/24,12.73,12.83,12.17,12.37,3027504,98932112.00
2012/12/25,12.27,12.88,12.09,12.52,3343376,109810408.00
2012/12/26,12.52,13.61,12.41,13.29,3122020,105999848.00
2012/12/27,13.25,13.97,13.14,13.89,3282308,117389280.00
2012/12/28,13.88,14.55,13.67,14.21,3102663,114750544.00
2012/12/31,14.17,14.41,13.94,14.21,1610342,59293800.00
2013/01/04,14.19,14.43,13.63,14.14,3300552,120866536.00
2013/01/07,14.01,14.41,13.96,14.31,1684526,62546676.00
2013/01/08,14.21,15.37,14.21,14.81,2818188,109314552.00
2013/01/09,14.81,16.19,14.73,16.05,3979322,158580576.00
2013/01/10,15.73,16.65,15.68,15.81,2807786,116367784.00
2013/01/11,15.85,16.03,15.41,15.71,1831125,74317696.00
2013/01/14,15.51,16.30,15.33,16.08,2286398,94166168.00
2013/01/15,16.01,16.20,15.65,16.05,1565564,64840808.00
2013/01/16,15.83,16.45,15.53,16.29,2792977,116583808.00
2013/01/17,16.29,17.49,16.13,16.88,2768965,121554648.00
2013/01/18,16.80,17.93,16.72,17.64,2982204,133446048.00
2013/01/21,17.56,18.03,16.80,16.99,2993365,134055256.00
2013/01/22,16.79,16.81,15.49,16.03,5742690,237781632.00
2013/01/23,15.87,16.52,15.53,16.45,3198826,133800368.00
2013/01/24,16.32,16.59,16.09,16.39,2360533,99972432.00
2013/01/25,16.13,16.27,15.41,15.53,1910403,77363584.00
2013/01/28,15.28,15.39,14.33,14.89,4697982,180385472.00
2013/01/29,14.81,15.23,14.48,15.13,3050879,117915408.00
2013/01/30,15.06,15.65,14.69,15.36,2623374,104475952.00
2013/01/31,15.25,15.37,14.97,15.04,1216703,47737016.00
2013/02/01,14.97,15.33,14.61,14.89,1377597,53768268.00
2013/02/04,14.71,14.88,13.83,14.50,3545331,130745224.00
2013/02/05,14.34,15.10,14.17,15.09,3391959,129171168.00
2013/02/06,15.09,15.09,14.61,14.79,1894244,73058552.00
2013/02/07,14.65,15.27,14.32,14.81,1812635,70088736.00
2013/02/08,14.65,15.33,14.53,15.05,2417002,93996904.00
2013/02/18,14.97,14.97,14.21,14.70,1815211,68789352.00
2013/02/19,14.69,15.40,14.53,15.10,2369597,93221816.00
2013/02/20,15.12,15.81,14.73,15.80,2702355,108442112.00
2013/02/21,15.77,17.39,15.49,16.69,3324352,143230640.00
2013/02/22,16.79,18.04,16.71,17.41,4294452,194972960.00
2013/02/25,17.47,18.16,16.81,17.06,2347916,103444352.00
2013/02/26,16.99,18.01,16.87,16.89,2002450,90062616.00
2013/02/27,16.72,16.97,16.05,16.26,2106862,89436400.00
2013/02/28,16.37,16.37,15.55,15.99,2600359,106776896.00
2013/03/01,15.92,16.47,15.81,16.20,2053855,86159056.00
2013/03/04,16.14,16.82,15.96,16.19,2497558,106514616.00
2013/03/05,15.95,16.69,15.95,16.25,2517384,106647832.00
2013/03/06,16.31,17.09,16.01,16.98,3021856,128797448.00
2013/03/07,17.01,17.93,16.85,17.25,4970491,223258768.00
2013/03/08,17.01,17.81,16.45,16.47,2434706,107796480.00
2013/03/11,16.42,16.42,15.61,15.81,2750232,112461840.00
2013/03/12,15.77,15.97,15.01,15.28,2208886,88389128.00
2013/03/13,15.29,16.38,15.21,16.35,4238181,172357328.00
2013/03/14,16.43,16.44,15.87,16.09,2099259,88107440.00
2013/03/15,15.93,16.09,15.51,15.73,2131345,87424240.00
2013/03/18,15.73,15.93,14.41,15.16,3622457,140572400.00
2013/03/19,14.99,15.50,14.61,15.49,2204783,85885184.00
2013/03/20,15.37,15.69,15.13,15.58,1356199,54445724.00
2013/03/21,15.61,15.61,15.05,15.21,1906876,75554304.00
2013/03/22,15.08,15.41,15.00,15.18,1463074,57789920.00
2013/03/25,15.07,15.22,14.57,14.71,2915812,111678176.00
2013/03/26,14.63,14.67,14.17,14.23,3465607,129656480.00
2013/03/27,14.17,14.17,13.25,13.50,7290575,259113792.00
2013/03/28,13.37,13.37,12.60,12.81,6641717,224444320.00
2013/03/29,12.81,12.99,12.27,12.54,4010302,131795384.00
2013/04/01,12.45,12.61,11.74,11.79,8060853,253077664.00
2013/04/02,11.77,11.97,11.67,11.86,3826609,118732136.00
2013/04/03,11.91,11.99,11.36,11.41,5063074,154840320.00
2013/04/08,11.27,11.75,11.01,11.69,4143132,125670424.00
2013/04/09,11.65,12.01,11.61,11.90,4270107,132889200.00
2013/04/10,11.93,12.61,11.81,12.52,5354948,173742832.00
2013/04/11,12.49,12.49,12.08,12.14,3377145,108368864.00
2013/04/12,12.09,12.73,11.97,12.47,3519395,114832816.00
2013/04/15,12.47,12.51,12.04,12.19,1987936,63452968.00
2013/04/16,11.89,12.01,11.63,11.76,2085305,64464828.00
2013/04/17,11.73,12.17,11.65,11.99,1662725,52252556.00
2013/04/18,11.97,11.97,11.57,11.73,1904720,58430344.00
2013/04/19,11.71,12.05,11.71,11.95,2046816,64007568.00
2013/04/22,11.73,11.91,10.98,11.21,6485486,191632880.00
2013/04/23,11.05,11.36,11.00,11.03,2890524,84732040.00
2013/04/24,11.06,11.14,10.49,10.85,4786001,135558752.00
2013/04/25,10.61,10.77,10.48,10.49,3096328,86898176.00
2013/04/26,10.43,10.65,10.10,10.12,2604923,71612784.00
2013/05/02,10.01,10.11,9.61,9.69,2932817,76269256.00
2013/05/03,9.72,10.00,9.69,9.82,2118787,55338480.00
2013/05/06,9.82,10.43,9.82,10.41,4351097,115894536.00
2013/05/07,10.39,11.51,10.26,11.51,8274476,239906112.00
2013/05/08,11.41,11.65,11.22,11.63,5832524,175901488.00
2013/05/09,11.66,12.56,11.47,12.33,7981257,256147776.00
2013/05/10,12.35,12.73,12.01,12.27,3473289,112272296.00
2013/05/13,12.25,12.71,12.04,12.23,3642668,118144504.00
2013/05/14,12.13,12.18,11.05,11.33,6662137,200806912.00
2013/05/15,11.32,11.61,11.26,11.35,3835193,115174024.00
2013/05/16,11.36,11.60,10.91,11.49,5599571,166671744.00
2013/05/17,11.42,11.70,11.30,11.59,3522896,106628848.00
2013/05/20,11.65,11.85,11.55,11.71,4412861,135789536.00
2013/05/21,11.63,11.79,11.42,11.51,3931409,119316312.00
2013/05/22,11.57,12.61,11.51,12.55,8632071,275169440.00
2013/05/23,12.40,12.83,12.23,12.51,6459138,211855344.00
2013/05/24,12.51,12.73,12.25,12.47,4032827,131458776.00
2013/05/27,12.47,12.65,12.21,12.54,3306242,107486984.00
2013/05/28,12.51,12.68,12.37,12.61,3864866,127228368.00
2013/05/29,12.73,13.09,12.60,12.61,5301962,178270912.00
2013/05/30,12.40,12.53,11.99,12.16,4617522,147183488.00
2013/05/31,12.07,12.41,12.05,12.08,2315020,74278976.00
2013/06/03,12.08,12.19,11.65,11.88,2916101,90942128.00
2013/06/04,11.87,11.87,11.59,11.68,1741580,53624436.00
2013/06/05,11.65,12.06,11.44,11.99,2685123,83337440.00
2013/06/06,11.93,12.13,11.81,11.89,1869455,58501776.00
2013/06/07,11.82,11.93,11.21,11.48,2394565,72282256.00
2013/06/13,11.37,11.79,10.89,11.57,1958953,58334688.00
2013/06/14,11.65,11.87,11.37,11.61,1529913,46886216.00
2013/06/17,11.57,11.59,10.97,11.15,2487556,73483368.00
2013/06/18,11.06,11.28,10.94,11.10,1481421,43254000.00
2013/06/19,10.93,11.93,10.81,11.80,3935718,117650264.00
2013/06/20,11.59,11.99,11.17,11.30,2649277,81298312.00
2013/06/21,11.02,11.65,10.91,11.50,1743117,52446104.00
2013/06/24,11.33,11.72,10.81,11.16,4262336,127020480.00
2013/06/25,10.91,11.22,9.99,10.65,4123748,114664528.00
2013/06/26,10.61,10.76,10.21,10.63,2175736,60294856.00
2013/06/27,10.65,10.71,9.89,9.89,4485162,121925960.00
2013/06/28,10.94,10.94,9.81,10.05,5835360,160329296.00
2013/07/01,9.89,10.01,9.70,9.92,3303470,85735832.00
2013/07/02,9.82,10.65,9.82,10.47,5060545,138037520.00
2013/07/03,10.27,10.65,10.09,10.47,4733168,130470384.00
2013/07/04,10.40,10.69,10.26,10.62,3150321,87878408.00
2013/07/05,10.61,10.91,10.49,10.57,2551375,71986664.00
2013/07/08,10.41,10.41,9.93,9.96,2166365,58284504.00
2013/07/09,9.96,10.09,9.61,9.80,1957295,50849280.00
2013/07/10,9.70,10.33,9.70,10.29,2619676,69927664.00
2013/07/11,10.21,11.37,10.13,11.04,6474054,186638032.00
2013/07/12,10.89,10.97,10.49,10.53,3864499,109053736.00
2013/07/15,10.45,10.84,10.41,10.70,2287592,64202520.00
2013/07/16,10.69,11.38,10.58,10.98,2984334,86388992.00
2013/07/17,10.85,10.96,10.61,10.66,1789098,50826428.00
2013/07/18,10.62,10.70,10.47,10.53,1520360,42437180.00
2013/07/19,10.57,10.63,9.82,9.96,3314490,89751112.00
2013/07/22,9.97,10.23,9.83,10.07,1603577,42603260.00
2013/07/23,10.15,10.45,10.09,10.32,2243010,61002624.00
2013/07/24,10.24,10.40,9.99,10.27,2386460,64433624.00
2013/07/25,10.27,10.89,10.11,10.47,4692242,130925920.00
2013/07/26,10.39,10.39,10.14,10.23,2222713,60149796.00
2013/07/29,10.15,10.20,9.97,9.98,1432258,38129676.00
2013/07/30,10.05,10.17,9.87,10.06,1290889,33607296.00
2013/07/31,10.07,10.31,10.05,10.29,977301,25772600.00
2013/08/01,10.28,10.40,10.21,10.39,1661240,44548124.00
2013/08/02,10.37,10.55,10.30,10.38,2121903,57407592.00
2013/08/05,10.37,10.63,10.31,10.56,2151202,58635936.00
2013/08/06,10.47,10.72,10.45,10.65,2695016,74355240.00
2013/08/07,10.69,10.69,10.42,10.47,1971330,53803160.00
2013/08/08,10.45,10.51,10.27,10.31,1735514,46600140.00
2013/08/09,10.31,10.44,10.21,10.42,1352207,36268168.00
2013/08/12,10.47,10.77,10.34,10.75,3386489,93499784.00
2013/08/13,10.79,11.21,10.73,10.86,4018531,114091616.00
2013/08/14,10.92,11.07,10.71,10.77,2338807,66092040.00
2013/08/15,10.77,11.01,10.73,10.86,2427331,68554712.00
2013/08/16,10.87,10.97,10.66,10.71,2156260,60402224.00
2013/08/19,10.61,10.79,10.52,10.71,1496071,41221412.00
2013/08/20,10.67,10.87,10.60,10.62,947530,26280428.00
2013/08/21,10.73,10.74,10.59,10.71,847340,23395012.00
2013/08/22,10.54,10.67,10.36,10.38,1926873,52578680.00
2013/08/23,10.37,10.41,10.02,10.19,2951029,78292016.00
2013/08/26,10.19,10.33,10.11,10.32,2218521,58826188.00
2013/08/27,10.25,10.45,10.20,10.41,1604560,43122440.00
2013/08/28,10.33,10.33,10.06,10.17,2732819,72008368.00
2013/08/29,10.09,10.22,10.05,10.14,1695142,44592684.00
2013/08/30,10.05,10.17,10.05,10.09,1263813,33148836.00
2013/09/02,10.00,10.00,9.41,9.57,3014325,75131928.00
2013/09/03,9.56,9.81,9.50,9.77,1626959,41064948.00
2013/09/04,9.77,9.77,9.58,9.62,1507626,37893832.00
2013/09/05,9.65,9.83,9.59,9.74,1607223,40621120.00
2013/09/06,9.74,9.82,9.68,9.80,1195177,30338524.00
2013/09/09,9.80,9.91,9.77,9.87,1487323,38001504.00
2013/09/10,9.88,9.92,9.76,9.81,2143077,54678384.00
2013/09/11,9.81,10.10,9.73,9.96,2573189,66288240.00
2013/09/12,9.98,10.07,9.83,9.85,1598464,41170388.00
2013/09/13,9.85,10.23,9.81,10.03,3035694,79425960.00
2013/09/16,9.97,10.05,9.77,9.77,2050324,52644324.00
2013/09/17,9.79,9.83,9.15,9.16,4907620,119778864.00
2013/09/18,9.17,9.28,9.09,9.25,1399399,33540084.00
2013/09/23,9.25,9.30,9.09,9.17,2212868,52737952.00
2013/09/24,9.28,9.28,9.06,9.27,2605782,62200480.00
2013/09/25,9.21,9.21,9.04,9.05,2216599,52571808.00
2013/09/26,9.03,9.09,8.89,8.95,1631074,38319228.00
2013/09/27,9.01,9.03,8.80,8.81,1883461,43659112.00
2013/09/30,8.81,8.87,8.60,8.76,1383384,31483932.00
2013/10/08,8.64,8.81,8.64,8.77,1196649,27338484.00
2013/10/09,8.77,8.91,8.71,8.84,1293809,29827450.00
2013/10/10,8.87,8.87,8.72,8.73,1352507,30978016.00
2013/10/11,8.75,8.76,8.67,8.73,1165570,26524022.00
2013/10/14,8.73,9.63,8.69,9.39,4967608,119944144.00
2013/10/15,9.21,9.68,9.21,9.52,3713392,91801872.00
2013/10/16,9.49,9.84,9.42,9.50,3634920,91273528.00
2013/10/17,9.50,9.68,9.33,9.39,1757735,43118188.00
2013/10/18,9.30,9.49,9.29,9.35,1554447,38048752.00
2013/10/21,9.35,9.41,9.01,9.35,2399101,57608176.00
2013/10/22,9.35,9.49,9.27,9.47,1787171,43821864.00
2013/10/23,9.49,9.51,9.17,9.38,1142592,27855656.00
2013/10/24,9.32,9.35,9.17,9.18,802942,19328940.00
2013/10/25,9.11,9.26,8.77,8.89,1263861,29487852.00
2013/10/28,8.80,8.80,8.37,8.44,1598696,35841000.00
2013/10/29,8.17,8.57,8.17,8.40,798553,17479832.00
2013/10/30,8.40,8.51,8.28,8.49,585747,12819295.00
2013/10/31,9.21,9.21,8.66,8.78,1872590,43444136.00
2013/11/01,8.81,8.85,8.42,8.50,804235,17975136.00
2013/11/04,8.50,8.75,8.47,8.73,795424,18002230.00
2013/11/05,8.69,8.73,8.55,8.70,486725,10990742.00
2013/11/06,8.69,8.98,8.57,8.77,1968916,45436512.00
2013/11/07,8.66,8.85,8.53,8.73,921781,21019794.00
2013/11/08,8.72,8.80,8.45,8.49,632421,14177791.00
2013/11/11,8.53,9.00,8.43,8.95,2149257,49719284.00
2013/11/12,8.94,9.65,8.85,9.40,4203479,102301000.00
2013/11/13,9.29,9.67,9.17,9.43,4228737,104145504.00
2013/11/14,9.37,9.41,9.12,9.23,1762545,42281272.00
2013/11/15,9.24,9.37,9.13,9.19,1679851,40367472.00
2013/11/18,9.21,9.33,9.10,9.26,1547183,37164744.00
2013/11/19,9.27,9.65,9.18,9.47,2946681,72767176.00
2013/11/20,9.45,9.46,9.23,9.39,1122015,27267350.00
2013/11/21,9.39,9.39,9.01,9.09,2086381,49675156.00
2013/11/22,9.01,9.19,9.01,9.07,638104,15085923.00
2013/11/25,9.07,9.70,9.07,9.61,5151264,128053424.00
2013/11/26,9.65,9.69,9.45,9.59,2097754,52120512.00
2013/11/27,9.51,9.59,9.46,9.55,1496195,37064480.00
2013/11/28,9.55,9.65,9.43,9.51,3641851,90142960.00
2013/11/29,9.49,9.53,9.20,9.30,3818086,92372464.00
2013/12/02,9.17,9.25,8.69,8.73,2998170,69765984.00
2013/12/03,8.72,9.12,8.61,9.00,1378529,32210744.00
2013/12/04,8.94,9.19,8.89,9.02,1548866,36608880.00
2013/12/05,9.00,9.22,8.81,9.11,2562226,60492056.00
2013/12/06,9.05,9.43,9.03,9.41,3359275,81328720.00
2013/12/09,9.34,10.07,9.34,9.92,7330876,186385712.00
2013/12/10,9.91,9.99,9.81,9.91,2469578,63512608.00
2013/12/11,9.90,10.39,9.65,10.09,4443076,116807320.00
2013/12/12,10.02,10.40,9.93,10.35,3752562,99666704.00
2013/12/13,10.35,10.57,10.09,10.15,2855579,76378688.00
2013/12/16,10.13,10.15,9.72,9.75,2503688,64252704.00
2013/12/17,9.77,9.98,9.57,9.77,2062886,52587412.00
2013/12/18,9.74,9.79,9.61,9.73,896416,22600024.00
2013/12/19,9.74,9.91,9.57,9.84,1517868,38456476.00
2013/12/20,9.67,9.89,9.49,9.63,1768777,44287128.00
2013/12/23,9.59,9.67,9.25,9.54,1188300,29415410.00
2013/12/24,9.52,9.83,9.44,9.82,1667027,42015720.00
2013/12/25,9.77,10.13,9.74,9.95,1843782,47743728.00
2013/12/26,9.95,10.00,9.33,9.45,1893011,47243848.00
2013/12/27,9.41,9.59,9.34,9.49,1762679,43321608.00
2013/12/30,9.49,9.57,9.38,9.43,1139461,28150556.00
2013/12/31,9.43,10.07,9.36,10.00,3635112,92963816.00
2014/01/02,9.79,10.00,9.59,9.86,2318468,59206564.00
2014/01/03,9.73,9.92,9.65,9.83,2108714,53616632.00
2014/01/06,9.80,9.80,9.21,9.28,2089014,51802276.00
2014/01/07,9.21,9.74,9.21,9.72,1256882,31006948.00
2014/01/08,9.63,9.99,9.54,9.57,1578362,39815696.00
2014/01/09,9.52,9.89,9.45,9.63,1807771,45629224.00
2014/01/10,9.61,9.71,9.33,9.39,962105,23747976.00
2014/01/13,9.40,9.59,9.23,9.45,1091322,26642712.00
2014/01/14,9.41,9.77,9.25,9.76,1659968,41438416.00
2014/01/15,9.75,9.76,9.49,9.64,1237128,30941088.00
2014/01/16,9.64,9.96,9.58,9.77,1689513,43149516.00
2014/01/17,9.76,9.76,9.43,9.47,1422841,35239328.00
2014/01/20,9.43,9.80,9.43,9.78,2854076,71444976.00
2014/01/21,9.77,9.77,9.61,9.68,1398673,35198280.00
2014/01/22,9.64,10.04,9.61,9.91,2587990,66509616.00
2014/01/23,9.85,9.94,9.73,9.85,1905766,48770848.00
2014/01/24,9.75,10.01,9.75,9.86,2293968,58949480.00
2014/01/27,9.73,9.81,9.52,9.54,2839903,71032688.00
2014/01/28,9.54,9.60,9.20,9.30,2706327,65597728.00
2014/01/29,9.21,9.35,8.62,8.69,3537433,81324328.00
2014/01/30,8.66,8.66,8.21,8.49,3008766,65900688.00
2014/02/07,8.44,8.44,8.25,8.36,1922844,41957948.00
2014/02/10,8.37,8.63,8.36,8.61,2790475,62066224.00
2014/02/11,8.57,8.85,8.49,8.68,2668970,60623820.00
2014/02/12,8.64,8.67,8.53,8.62,1549482,34780972.00
2014/02/13,8.62,8.77,8.55,8.57,1681919,38098768.00
2014/02/14,8.55,8.80,8.55,8.74,2092609,47550188.00
2014/02/17,8.74,9.25,8.66,9.19,5290124,125733016.00
2014/02/18,9.13,9.15,8.95,9.02,1683770,39597884.00
2014/02/19,8.99,9.28,8.98,9.05,1611177,38432588.00
2014/02/20,9.06,9.19,8.89,8.96,1767984,41422824.00
2014/02/21,8.97,9.07,8.85,8.89,894615,20885276.00
2014/02/24,8.87,8.87,8.43,8.64,1333065,29874740.00
2014/02/25,8.64,8.64,8.33,8.39,1275025,28291128.00
2014/02/26,8.33,8.50,8.21,8.40,1025508,22376230.00
2014/02/27,8.40,8.47,8.32,8.33,623345,13675317.00
2014/02/28,8.36,8.50,8.23,8.33,1193536,25997098.00
2014/03/03,8.28,8.38,8.20,8.29,1440980,31204472.00
2014/03/04,8.27,8.27,7.82,7.89,2955081,61954740.00
2014/03/05,7.87,8.25,7.82,8.10,3056345,64291840.00
2014/03/06,8.05,8.05,7.83,7.91,1548366,32157926.00
2014/03/07,7.88,8.08,7.88,8.02,1391358,29127284.00
2014/03/10,7.97,8.01,7.61,7.66,1016746,20944234.00
2014/03/11,7.66,7.97,7.65,7.97,1113548,22979956.00
2014/03/12,7.96,8.15,7.85,7.93,1386230,29121580.00
2014/03/13,7.89,8.66,7.89,8.53,3813828,83812016.00
2014/03/14,8.53,8.53,8.19,8.28,1931364,41915936.00
2014/03/17,8.20,8.44,8.12,8.39,1645806,35738280.00
2014/03/18,8.41,9.00,8.39,8.61,4121070,93652976.00
2014/03/19,8.65,8.84,8.43,8.61,2171607,49032648.00
2014/03/20,8.61,8.67,8.27,8.29,1278662,28543204.00
2014/03/21,8.21,8.45,8.01,8.41,1129373,24343740.00
2014/03/24,8.41,8.97,8.31,8.91,4133011,95108688.00
2014/03/25,8.88,8.88,8.60,8.66,1463491,33238464.00
2014/03/26,8.66,8.83,8.59,8.61,772487,17551682.00
2014/03/27,8.61,8.80,8.45,8.46,823430,18581478.00
2014/03/28,8.41,8.65,8.09,8.29,1388761,30176108.00
2014/03/31,8.29,8.37,8.05,8.10,800532,17131998.00
2014/04/01,8.20,8.28,8.13,8.24,645737,13916419.00
2014/04/02,8.26,8.78,8.26,8.55,2097076,47114424.00
2014/04/03,8.41,8.75,8.40,8.42,1667901,37327648.00
2014/04/04,8.41,8.63,8.32,8.53,532745,11822103.00
2014/04/08,8.54,8.76,8.49,8.71,1143236,25853246.00
2014/04/09,8.71,9.15,8.60,8.81,1847348,42830056.00
2014/04/10,8.71,8.81,8.61,8.69,1153363,26234768.00
2014/04/11,8.69,8.89,8.61,8.78,1072739,24628820.00
2014/04/14,8.78,9.04,8.78,8.98,1306179,30414964.00
2014/04/15,8.81,8.99,8.77,8.81,569520,13165635.00
2014/04/16,8.89,8.93,8.81,8.85,373415,8638527.00
2014/04/17,8.85,8.97,8.74,8.79,720351,16699408.00
2014/04/18,8.75,8.85,8.64,8.70,980373,22301072.00
2014/04/21,8.72,8.72,8.41,8.46,1441441,32034198.00
2014/04/22,8.42,8.53,8.41,8.48,418337,9254857.00
2014/04/23,8.49,8.72,8.49,8.59,890392,20110098.00
2014/04/24,8.53,8.71,8.39,8.68,1484498,33352904.00
2014/04/25,8.67,8.73,8.55,8.68,1032276,23270264.00
2014/04/28,8.61,8.71,8.40,8.42,638954,14157414.00
2014/04/29,8.41,8.57,8.25,8.42,639804,14022144.00
2014/04/30,8.42,8.44,8.25,8.33,356988,7777787.00
2014/05/05,8.25,8.60,8.21,8.60,578218,12743731.00
2014/05/06,8.50,8.64,8.46,8.58,344337,7702900.00
2014/05/07,8.51,8.71,8.44,8.58,521800,11716694.00
2014/05/08,8.67,8.75,8.58,8.65,564891,12820115.00
2014/05/09,8.63,8.77,8.49,8.65,384525,8691078.00
2014/05/12,8.63,8.91,8.59,8.85,1070610,24557512.00
2014/05/13,8.84,8.97,8.77,8.84,537118,12420074.00
2014/05/14,8.85,8.86,8.62,8.63,478773,10904779.00
2014/05/15,8.64,8.70,8.29,8.32,762239,16839682.00
2014/05/16,8.37,8.54,8.33,8.52,625339,13809117.00
2014/05/19,8.53,8.59,8.21,8.27,739948,16095032.00
2014/05/20,8.29,8.34,8.17,8.25,603199,13002344.00
2014/05/21,8.25,8.39,8.18,8.36,285800,6222636.00
2014/05/22,8.41,8.41,8.33,8.33,252316,5523145.00
2014/05/23,8.30,8.39,8.29,8.37,229288,4997961.00
2014/05/26,8.37,8.43,8.31,8.39,387088,8478652.00
2014/05/27,8.37,8.41,8.20,8.22,615643,13339418.00
2014/05/28,8.22,8.36,8.20,8.35,418929,9116613.00
2014/05/29,8.37,8.37,8.18,8.21,537254,11588826.00
2014/05/30,8.17,8.22,8.16,8.22,240512,5157327.00
2014/06/03,8.22,8.27,8.16,8.21,310361,6658751.00
2014/06/04,8.15,8.17,7.93,7.94,521252,10941950.00
2014/06/05,7.93,7.95,7.62,7.87,1695513,34601328.00
2014/06/06,7.87,7.89,7.71,7.85,771551,15731712.00
2014/06/09,7.84,7.84,7.66,7.68,1027295,20806508.00
2014/06/10,7.70,7.74,7.57,7.73,1721974,34623304.00
2014/06/11,7.75,7.78,7.65,7.77,773804,15704800.00
2014/06/12,7.77,7.77,7.67,7.70,525365,10627230.00
2014/06/13,7.71,7.80,7.68,7.78,661605,13485164.00
2014/06/16,7.75,7.96,7.75,7.94,897833,18628820.00
2014/06/17,7.95,7.95,7.80,7.82,538074,11075314.00
2014/06/18,7.81,7.82,7.73,7.76,436846,8899503.00
2014/06/19,7.74,7.81,7.60,7.61,534733,10756944.00
2014/06/20,7.60,7.71,7.60,7.66,280887,5635662.00
2014/06/23,7.67,7.73,7.66,7.67,273837,5534881.00
2014/06/24,7.62,8.09,7.62,7.87,1306805,27175520.00
2014/06/25,7.81,7.85,7.73,7.74,567499,11588284.00
2014/06/26,7.75,7.85,7.70,7.72,614513,12560453.00
2014/06/27,7.77,7.98,7.70,7.97,1221233,25349984.00
2014/06/30,7.98,8.17,7.91,8.00,912605,19224076.00
2014/07/01,7.98,8.05,7.74,7.93,908838,18821506.00
2014/07/02,7.94,8.09,7.85,8.08,1241723,26012800.00
2014/07/03,8.15,8.17,7.96,8.00,591879,12434682.00
2014/07/04,8.01,8.03,7.88,7.95,964431,20042328.00
2014/07/07,7.92,8.03,7.92,7.97,380207,7927426.00
2014/07/08,7.93,7.96,7.85,7.89,956731,19779440.00
2014/07/09,7.89,7.93,7.81,7.83,565655,11658426.00
2014/07/10,7.83,7.85,7.75,7.75,625537,12783494.00
2014/07/11,7.73,7.84,7.73,7.81,487226,9955786.00
2014/07/14,7.83,8.52,7.75,8.33,3313294,70914272.00
2014/07/15,8.27,9.20,8.22,8.85,7328983,170452960.00
2014/07/16,8.81,8.89,8.65,8.73,2193994,50264504.00
2014/07/17,8.63,8.74,8.32,8.63,1314155,29263132.00
2014/07/18,8.53,9.20,8.50,9.13,4174074,98239024.00
2014/07/21,9.21,9.29,9.01,9.27,2295795,55073872.00
2014/07/22,9.19,9.71,9.03,9.62,3665568,90845168.00
2014/07/23,9.62,9.68,9.29,9.37,1251718,30603032.00
2014/07/24,9.29,9.65,9.10,9.63,1437025,34859872.00
2014/07/25,9.50,10.06,9.44,9.95,2797146,71010704.00
2014/07/28,9.87,10.15,9.59,9.89,2518378,64261128.00
2014/07/29,9.81,9.81,9.47,9.65,3251346,80747056.00
2014/07/30,9.63,9.63,9.27,9.47,2552232,62386864.00
2014/07/31,9.43,9.85,9.42,9.79,2711176,68010312.00
2014/08/01,9.71,9.83,9.38,9.39,1980915,48892796.00
2014/08/04,9.31,9.60,9.31,9.57,2180314,53062272.00
2014/08/05,9.63,9.63,9.42,9.55,1164405,28607752.00
2014/08/06,9.51,9.55,9.32,9.47,873096,21305576.00
2014/08/07,9.40,9.57,9.35,9.40,865020,21208096.00
2014/08/08,9.38,9.67,9.38,9.45,636197,15576297.00
2014/08/11,9.48,9.53,9.42,9.52,1146642,28107658.00
2014/08/12,9.51,9.61,9.39,9.50,943022,23185784.00
2014/08/13,9.45,9.86,9.39,9.81,2835393,71033144.00
2014/08/14,9.92,10.32,9.92,9.99,4000651,104442112.00
2014/08/15,9.96,10.15,9.77,9.98,2256219,58450904.00
2014/08/18,9.98,10.07,9.85,10.06,1031001,26432364.00
2014/08/19,10.03,10.05,9.74,9.88,1271327,32403276.00
2014/08/20,9.83,10.21,9.74,10.04,1841419,47829248.00
2014/08/21,9.97,9.97,9.57,9.68,1867051,46793980.00
2014/08/22,9.67,9.81,9.61,9.67,798291,20007958.00
2014/08/25,9.71,9.77,9.49,9.50,845157,20893080.00
2014/08/26,9.49,9.54,9.41,9.47,587070,14379939.00
2014/08/27,9.48,9.51,9.23,9.26,1446972,34919892.00
2014/08/28,9.27,9.31,8.99,9.09,1340132,31558816.00
2014/08/29,9.08,9.47,8.99,9.45,1496747,36126908.00
2014/09/01,9.45,9.87,9.31,9.85,2687761,67420760.00
2014/09/02,9.99,10.86,9.92,10.86,8180651,224646320.00
2014/09/03,10.87,11.33,10.67,10.94,5924517,168133808.00
2014/09/04,10.99,10.99,10.65,10.85,1818004,50531144.00
2014/09/05,10.85,10.85,10.59,10.72,2100863,58036344.00
2014/09/09,10.87,10.87,10.51,10.58,2178531,59536040.00
2014/09/10,10.57,10.76,10.51,10.65,1288033,35346236.00
2014/09/11,10.67,10.69,10.39,10.56,1935770,52602028.00
2014/09/12,10.54,10.63,10.45,10.55,1232589,33443784.00
2014/09/15,10.55,10.71,10.29,10.31,2890786,77598288.00
2014/09/16,10.40,10.45,10.18,10.22,1630467,43506260.00
2014/09/17,10.22,10.28,10.15,10.27,1574686,41558256.00
2014/09/18,10.27,10.31,10.14,10.17,1000139,26357308.00
2014/09/19,10.19,10.45,10.19,10.31,2116691,56383392.00
2014/09/22,10.35,10.44,9.79,9.91,3445884,89235480.00
2014/09/23,9.87,9.97,9.78,9.92,1987528,50688656.00
2014/09/24,9.87,10.13,9.83,10.13,2269261,58688164.00
2014/09/25,10.17,10.25,9.99,10.05,1721764,44922672.00
2014/09/26,10.03,10.03,9.83,9.89,1908156,48837904.00
2014/09/29,9.97,10.05,9.88,10.02,2450109,62893232.00
2014/09/30,10.04,10.04,9.92,10.01,1526588,39384160.00
2014/10/08,10.01,10.18,10.01,10.14,1564406,40737852.00
2014/10/09,10.15,10.51,10.09,10.51,4269492,113550368.00
2014/10/10,10.54,10.71,10.27,10.42,5696771,153776080.00
2014/10/13,10.32,10.35,9.94,9.97,4182210,108084128.00
2014/10/14,9.97,10.09,9.87,9.90,2262507,58135584.00
2014/10/15,9.90,10.17,9.89,10.16,3047673,79254296.00
2014/10/16,10.07,10.29,9.91,9.95,2396722,62552040.00
2014/10/17,9.92,10.17,9.87,10.15,2165303,56180024.00
2014/12/02,11.20,11.20,11.20,11.20,433862,12503903.00
2014/12/03,12.35,12.35,12.35,12.35,423582,13427549.00
2014/12/04,13.27,13.62,12.79,13.62,10067032,345939392.00
2014/12/05,14.59,15.01,13.48,14.39,16175276,602198912.00
2014/12/08,13.78,15.51,13.75,14.58,8702517,327690496.00
2014/12/09,14.17,14.58,13.67,13.82,7753225,277779808.00
2014/12/10,13.83,14.26,13.25,14.06,4632280,163777600.00
2014/12/11,14.10,15.27,13.91,14.83,4448745,168555920.00
2014/12/12,14.77,16.33,14.59,16.21,5813831,231740368.00
2014/12/15,15.98,17.87,15.70,17.87,5270320,230484624.00
2014/12/16,18.07,18.23,17.14,17.60,4184794,188082656.00
2014/12/17,17.63,17.67,16.90,17.30,3455900,151162976.00
2014/12/18,17.27,17.74,17.07,17.18,2492151,110678024.00
2014/12/19,17.03,17.35,16.56,17.10,2815671,122165832.00
2014/12/22,17.26,17.26,15.79,16.95,4288293,178614944.00
2014/12/23,17.08,18.31,16.55,17.87,4426126,199337696.00
2014/12/24,17.67,19.67,17.59,18.83,5408249,258530528.00
2014/12/25,18.86,18.94,18.07,18.51,2399967,113036944.00
2014/12/26,18.27,18.45,17.74,18.05,2576854,118189192.00
2014/12/29,17.91,19.89,17.22,19.85,8120312,375565568.00
2014/12/30,19.67,19.87,19.00,19.24,5108999,252037440.00
2014/12/31,18.95,19.67,18.79,19.41,2646592,129821496.00
2015/01/05,19.25,19.90,18.81,19.69,4350960,215403616.00
2015/01/06,19.30,19.46,18.45,18.67,4107319,196148640.00
2015/01/07,18.47,18.64,17.79,18.08,3424456,158330144.00
2015/01/08,18.10,18.98,17.78,18.21,3773588,175957712.00
2015/01/09,18.06,18.23,17.81,17.99,2803335,128571896.00
2015/01/12,17.87,17.87,17.19,17.23,2842017,125870248.00
2015/01/13,16.97,17.81,16.97,17.27,2352429,104510344.00
2015/01/14,17.27,17.81,16.40,16.68,1819074,79495608.00
2015/01/15,16.75,17.27,16.75,17.17,1852315,80606496.00
2015/01/16,17.46,17.91,17.19,17.81,2199666,98199440.00
2015/01/19,17.27,18.27,16.65,17.26,2563992,114822304.00
2015/01/20,17.07,18.14,17.07,17.95,1900844,86226352.00
2015/01/21,17.95,18.07,17.55,18.04,1853456,84409896.00
2015/01/22,18.03,18.03,17.63,17.74,1456810,65905092.00
2015/01/23,17.74,17.90,17.25,17.39,1983700,87811848.00
2015/01/26,17.28,17.71,17.11,17.53,1231893,54592132.00
2015/01/27,17.59,17.91,17.10,17.62,2480699,110489664.00
2015/01/28,17.62,17.85,17.27,17.79,1340301,60382340.00
2015/01/29,17.67,17.78,17.31,17.44,765758,34219976.00
2015/01/30,17.45,18.34,17.45,17.67,2233673,102247000.00
2015/02/02,17.34,17.47,16.62,17.26,1313780,57631280.00
2015/02/03,17.35,17.45,16.93,17.33,1040870,45409280.00
2015/02/04,17.36,17.36,16.93,17.19,1130128,49263804.00
2015/02/05,17.28,17.81,17.07,17.34,2336517,104875584.00
2015/02/06,17.37,17.78,17.07,17.66,1417852,63431708.00
2015/02/09,17.67,19.46,17.65,19.46,5046488,238812336.00
2015/02/10,19.67,19.69,18.76,18.87,3629105,175870048.00
2015/02/11,19.15,19.15,18.47,18.93,1824476,87468264.00
2015/02/12,18.80,18.81,18.19,18.43,2210809,103934592.00
2015/02/13,18.51,18.77,18.37,18.48,1835937,86753616.00
2015/02/16,18.52,18.58,18.07,18.37,1572084,72851880.00
2015/02/17,18.46,18.46,18.07,18.11,1544500,71792840.00
2015/02/25,18.16,18.25,17.55,17.77,2002423,91586128.00
2015/02/26,17.78,18.27,17.75,18.07,1811298,83303120.00
2015/02/27,18.06,18.38,18.00,18.08,1665428,76981904.00
2015/03/02,18.09,18.43,17.59,18.41,2770686,126536232.00
2015/03/03,18.27,18.27,17.63,17.77,2458825,111784720.00
2015/03/04,17.68,18.05,17.47,18.04,1906828,86118296.00
2015/03/05,18.03,18.03,17.47,17.63,1797237,80828072.00
2015/03/06,17.62,17.67,17.55,17.63,1360742,61002192.00
2015/03/09,17.51,17.85,16.67,17.68,2681154,118240224.00
2015/03/10,17.73,17.85,17.14,17.28,2110122,93111032.00
2015/03/11,17.19,18.02,17.08,17.85,2748349,122993496.00
2015/03/12,18.11,18.11,17.45,17.54,1856343,83473008.00
2015/03/13,17.62,17.77,17.49,17.66,1282049,57702236.00
2015/03/16,17.71,17.83,17.63,17.77,2143897,96734016.00
2015/03/17,17.80,19.52,17.78,18.70,5254086,249284768.00
2015/03/18,18.26,18.79,18.23,18.57,2077651,97761832.00
2015/03/19,18.67,18.73,18.31,18.52,2159007,101331440.00
2015/03/20,18.67,19.32,18.39,18.53,2402969,114925984.00
2015/03/23,18.47,19.03,18.39,18.67,2920162,138885488.00
2015/03/24,18.86,20.37,18.67,19.83,6936490,343390080.00
2015/03/25,19.91,21.47,19.29,20.38,4632125,236754336.00
2015/03/26,20.31,21.69,20.27,21.60,4464705,238164688.00
2015/03/27,21.67,21.98,20.57,21.07,3300903,177264640.00
2015/03/30,21.19,21.19,20.71,20.85,2701636,143339920.00
2015/03/31,20.59,20.74,20.27,20.42,2253722,117129144.00
2015/04/01,20.41,20.90,20.39,20.59,2529991,132308088.00
2015/04/02,20.83,20.86,19.67,19.97,4522765,232116256.00
2015/04/03,19.88,20.09,19.55,20.02,4062900,203927328.00
2015/04/07,19.94,20.30,19.67,20.29,4022096,204253024.00
2015/04/08,20.26,20.77,19.98,20.46,5101873,265171856.00
2015/04/09,20.07,20.37,19.59,19.74,5118771,257256384.00
2015/04/10,19.69,20.17,19.54,20.08,2862820,144458464.00
2015/04/13,20.13,21.71,19.82,21.65,7765104,409640416.00
2015/04/14,21.63,22.87,20.82,22.19,5919286,327250368.00
2015/04/15,22.07,23.09,21.07,22.05,3869630,217537472.00
2015/04/16,21.87,24.29,21.29,24.29,9241567,557570304.00
2015/04/17,24.29,24.87,23.38,23.62,6312107,386675072.00
2015/04/20,23.07,23.99,22.51,22.62,3701959,217515504.00
2015/04/21,22.86,24.87,22.63,24.55,4669997,283734304.00
2015/04/22,24.59,26.87,24.09,26.02,5276933,338713056.00
2015/04/23,26.07,26.87,25.47,25.63,2407151,158047856.00
2015/04/24,25.44,26.38,24.75,25.58,2598944,167728048.00
2015/04/27,25.47,25.93,24.71,24.74,2529860,160826784.00
2015/04/28,24.81,25.67,23.67,24.56,2462471,151700512.00
2015/04/29,24.07,25.66,23.89,25.32,3515963,223546416.00
2015/04/30,25.47,26.67,25.10,25.19,2495516,163473328.00
2015/05/04,25.07,26.01,24.86,25.77,1597002,101787832.00
2015/05/05,25.67,25.67,24.35,24.87,1862815,116945728.00
2015/05/06,24.55,25.07,23.80,23.82,1290874,79892864.00
2015/05/07,23.67,24.15,23.47,23.47,1280370,77156768.00
2015/05/08,23.63,24.75,23.28,24.31,1182382,71902832.00
2015/05/11,24.15,24.57,23.78,24.37,2011170,123004680.00
2015/05/12,24.35,24.59,23.60,24.51,3174338,192755152.00
2015/05/13,24.27,25.66,23.79,25.07,3888618,244779040.00
2015/05/14,24.87,25.47,24.81,24.88,1953079,123581680.00
2015/05/15,24.99,25.91,24.97,25.35,3300493,213191072.00
2015/05/18,24.89,25.35,23.67,23.81,4181687,255583552.00
2015/05/19,23.73,24.07,22.92,23.88,2760300,164517504.00
2015/05/20,23.81,24.64,23.39,23.97,3158552,191647824.00
2015/05/21,23.93,24.71,23.27,24.05,2512216,154174080.00
2015/05/22,24.05,25.47,24.04,25.36,4168176,261219136.00
2015/05/25,25.31,26.25,24.99,25.47,4919852,319375264.00
2015/05/26,25.39,26.53,24.59,26.51,6967175,448019680.00
2015/05/27,26.51,27.57,25.69,27.09,5198982,348541920.00
2015/05/28,27.09,29.56,26.53,27.66,5942939,419782336.00
2015/05/29,28.33,28.87,26.29,27.84,3675932,258617952.00
2015/06/01,28.49,28.87,27.29,28.70,2641030,187603776.00
2015/06/02,28.69,30.13,28.14,28.33,3322430,243152912.00
2015/06/03,28.17,28.53,27.13,27.53,2621266,182898608.00
2015/06/04,27.45,27.45,26.09,27.11,2231399,149994832.00
2015/06/05,27.13,28.01,27.13,27.56,2250521,156745008.00
2015/06/08,27.33,27.33,26.13,26.81,3214237,217149456.00
2015/06/09,26.49,27.72,26.49,26.80,1944400,132924568.00
2015/06/10,26.77,28.47,26.33,28.04,3579814,251604224.00
2015/06/11,28.13,28.90,27.56,28.19,2159200,154086976.00
2015/06/12,28.09,31.03,28.09,31.03,6663407,511019808.00
2015/06/15,30.53,34.16,30.53,32.53,5954476,494092384.00
2015/06/16,32.43,33.72,30.53,31.65,3239364,265417712.00
2015/06/17,31.13,34.85,30.13,34.85,3580470,294227584.00
2015/06/18,34.73,37.72,33.73,35.71,3644855,335249632.00
2015/06/19,34.73,36.55,32.11,32.11,3781462,320900224.00
2015/06/23,32.01,35.35,29.46,35.35,3082165,255247328.00
2015/06/24,36.13,38.92,35.77,38.92,4139164,390331104.00
2015/06/25,39.07,39.53,35.00,37.15,4912231,461579040.00
2015/06/26,35.73,35.73,33.41,33.41,2915300,252553536.00
2015/06/29,33.96,35.09,30.04,32.60,6688332,553792448.00
2015/06/30,30.53,34.52,29.31,33.14,4830145,384344032.00
2015/07/01,32.35,33.73,29.80,29.80,6391526,499354016.00
2015/07/02,29.33,29.33,26.79,26.79,4280894,292839648.00
2015/07/03,24.25,27.93,24.09,24.09,5151526,327004064.00
2015/07/06,25.98,26.13,21.65,21.65,4692042,276694528.00
2015/07/07,20.31,21.71,19.46,19.46,5516419,277082784.00
2015/07/08,17.49,20.89,17.49,19.99,8375272,409510848.00
2015/07/09,19.97,22.02,19.61,22.02,2946006,159295840.00
2015/07/10,24.24,24.25,22.93,24.25,2275654,138148272.00
2015/07/13,25.33,26.70,25.13,26.70,4819090,318567744.00
2015/07/14,26.65,28.85,24.73,25.13,5072568,340357536.00
2015/07/15,23.73,25.69,23.09,23.20,2888337,177485792.00
2015/07/16,22.53,24.93,21.55,24.07,2630743,156153568.00
2015/07/17,23.73,26.12,23.35,25.38,2177854,139585360.00
2015/07/20,25.35,27.73,25.35,26.65,2477635,167413088.00
2015/07/21,26.71,28.69,25.73,28.63,3813307,264644336.00
2015/07/22,28.64,29.65,26.97,27.53,3640785,258874656.00
2015/07/23,28.53,30.07,27.57,30.05,2873378,210198768.00
2015/07/24,30.13,31.65,29.28,29.93,2335379,180156608.00
2015/07/27,29.02,30.11,26.91,26.93,3022996,217946656.00
2015/07/28,24.33,28.71,24.25,25.28,4299708,276369952.00
2015/07/29,25.74,26.49,24.02,26.45,3204249,205242656.00
2015/07/30,26.57,27.45,25.57,25.91,2445104,163669872.00
2015/07/31,24.93,25.91,23.69,24.54,2165670,136429536.00
2015/08/03,23.73,24.45,22.06,22.25,3858041,220467760.00
2015/08/04,21.34,23.73,21.34,23.73,3567200,205397488.00
2015/08/05,23.65,23.71,22.54,22.78,2633439,153989664.00
2015/08/06,22.34,23.89,22.05,23.25,2216324,129200632.00
2015/08/07,23.34,24.47,23.25,24.32,1924930,116768232.00
2015/08/10,24.73,26.78,24.60,26.78,2759139,180845152.00
2015/08/11,26.71,27.37,26.26,26.87,2630798,179581904.00
2015/08/12,26.14,28.13,26.14,27.32,2081419,143370864.00
2015/08/13,27.17,27.53,26.15,27.33,2091371,141751664.00
2015/08/14,27.37,28.13,26.23,26.55,2602605,177913264.00
2015/08/17,26.21,27.73,26.13,27.11,1875881,127698608.00
2015/08/18,27.07,27.29,24.37,24.37,2444197,159811712.00
2015/08/19,24.05,25.49,23.25,25.28,2374383,146289840.00
2015/08/20,24.97,26.11,24.33,25.41,2514723,160830832.00
2015/08/21,24.68,25.23,22.91,23.05,2802261,166959360.00
2015/08/24,21.73,22.89,20.72,20.72,2710597,143560688.00
2015/08/25,19.03,21.95,18.78,18.93,3197308,160760560.00
2015/08/26,19.89,20.53,18.53,19.42,2816592,139256256.00
2015/08/27,20.13,20.93,19.46,20.92,2533564,129050768.00
2015/08/28,20.92,22.13,20.74,21.70,2360718,128152608.00
2015/08/31,21.57,21.57,19.94,20.12,1362571,72431496.00
2015/09/01,20.12,20.12,18.48,18.82,2266849,110936080.00
2015/09/02,18.13,19.56,18.12,18.58,2263780,108224608.00
2015/09/07,18.72,19.49,18.13,18.59,1576033,75424200.00
2015/09/08,18.59,20.05,18.24,19.89,1294000,62232504.00
2015/09/09,19.75,21.27,19.75,21.11,1999425,105067408.00
2015/09/10,20.93,21.13,20.55,20.61,833478,43966160.00
2015/09/11,20.61,21.11,20.53,20.89,876000,46310332.00
2015/09/14,21.05,21.25,18.93,19.06,1154210,57870036.00
2015/09/15,18.73,19.71,18.59,18.92,1260547,60861888.00
2015/09/16,18.58,20.83,18.58,20.57,1463173,72748864.00
2015/09/17,20.73,20.73,19.97,20.01,1717261,88826392.00
2015/09/18,20.05,20.14,19.13,19.61,1128690,55977456.00
2015/09/21,19.32,20.53,18.93,20.40,928803,46950100.00
2015/09/22,20.34,22.47,20.01,22.47,3202780,174498752.00
2015/09/23,21.56,22.29,21.13,21.24,1324939,72697896.00
2015/09/24,21.42,22.37,21.27,21.64,1521324,83906576.00
2015/09/25,21.90,22.41,21.69,21.95,1556300,87072288.00
2015/09/28,21.58,22.22,21.19,22.04,661248,36337172.00
2015/09/29,21.73,24.27,21.37,22.81,2028719,120538256.00
2015/09/30,22.25,24.01,22.25,23.30,1020079,60595532.00
2015/10/08,24.00,25.41,23.85,23.94,1546116,96810288.00
2015/10/09,24.12,25.28,23.77,24.57,625100,38651200.00
2015/10/12,24.59,25.68,24.59,25.33,1146574,73153360.00
2015/10/13,25.33,25.73,24.77,24.99,921516,58655944.00
2015/10/14,24.99,24.99,23.96,24.71,942802,58285732.00
2015/10/15,24.71,25.05,24.13,25.00,831127,51771828.00
2015/10/16,25.00,25.72,24.73,25.46,1126635,72283440.00
2015/10/19,25.46,25.68,24.93,25.20,999672,63995268.00
2015/10/20,25.21,25.37,24.47,25.15,1691295,105888856.00
2015/10/21,25.29,25.60,22.61,22.61,2150208,129862312.00
2015/10/22,23.05,23.73,22.73,23.67,1452994,84921336.00
2015/10/23,23.81,25.21,23.47,24.98,1695008,105753424.00
2015/10/26,25.10,25.67,24.13,25.28,1481637,94220600.00
2015/10/27,25.29,25.33,23.93,25.20,798503,50028012.00
2015/10/28,25.02,25.24,24.37,24.52,684855,42824532.00
2015/10/29,24.53,24.92,24.25,24.57,605721,37502152.00
2015/10/30,24.53,24.79,24.06,24.32,721543,44533280.00
2015/11/02,24.13,24.88,23.97,24.48,678184,42116116.00
2015/11/03,24.77,24.92,24.09,24.36,646164,39859440.00
2015/11/04,24.36,25.69,24.33,25.38,2270251,143422416.00
2015/11/05,25.01,26.45,24.85,26.41,2403346,154248592.00
2015/11/06,26.33,26.77,25.83,26.39,2051921,136284432.00
2015/11/09,26.13,26.23,25.71,25.99,1732162,113449848.00
2015/11/10,25.73,26.40,25.54,25.83,1001958,65912984.00
2015/11/11,26.00,27.11,25.79,26.32,1651080,110087336.00
2015/11/12,26.31,26.49,25.53,25.66,969207,63058208.00
2015/11/13,25.39,25.77,24.75,25.05,975643,62009128.00
2015/11/16,24.53,25.71,24.53,25.33,2671092,170875344.00
2015/11/17,25.61,25.61,25.17,25.37,927877,59419452.00
2015/11/18,25.35,25.45,24.54,24.60,943557,59325500.00
2015/11/19,24.79,24.79,24.12,24.73,1079452,66514928.00
2015/11/20,24.79,24.89,24.39,24.61,897566,55741312.00
2015/11/23,24.60,24.75,23.77,23.94,1890441,116384320.00
2015/11/24,24.12,24.33,23.40,23.71,1685599,100921760.00
2015/11/25,23.81,24.65,23.66,24.37,1400267,85937112.00
2015/11/26,24.37,24.51,23.51,23.63,1851324,112569192.00
2015/11/27,23.67,23.79,21.85,22.34,2007158,115863392.00
2015/11/30,22.13,22.51,20.76,21.68,3235116,176583520.00
2015/12/01,21.70,22.13,21.12,21.59,2417880,131631184.00
2015/12/02,21.57,23.28,21.33,23.22,4081770,234329840.00
2015/12/03,22.99,23.64,22.73,23.15,2036987,119748696.00
2015/12/04,22.93,23.13,22.24,22.43,2325470,132479200.00
2015/12/07,22.63,22.63,22.06,22.21,1213488,68266880.00
2015/12/08,22.01,22.01,21.31,21.66,1846199,101068560.00
2015/12/09,21.33,21.65,21.29,21.49,954305,51749712.00
2015/12/10,21.42,21.92,21.41,21.64,950726,52081556.00
2015/12/11,21.61,21.64,21.39,21.45,647979,35196864.00
2015/12/14,21.89,22.07,20.93,22.06,890757,49195112.00
2015/12/15,21.93,22.53,21.93,22.30,1018470,57513632.00
2015/12/16,22.31,22.43,21.89,22.08,974567,54346652.00
2015/12/17,22.08,23.13,22.06,22.55,2075810,118372560.00
2015/12/18,22.53,23.31,22.27,23.10,2272798,131389000.00
2015/12/21,23.01,24.37,22.79,23.45,5257126,315881440.00
2015/12/22,23.43,23.43,22.72,22.99,3605532,209307184.00
2015/12/23,22.83,23.57,22.83,23.23,2225826,129942584.00
2015/12/24,23.33,23.37,22.33,22.53,2619130,150442848.00
2015/12/25,22.65,22.84,22.33,22.53,1614700,92393360.00
2015/12/28,22.74,24.79,22.74,24.20,8309822,501178688.00
2015/12/29,24.09,24.09,23.25,23.87,5472756,327143680.00
2015/12/30,23.87,24.05,23.38,23.91,3680242,219810896.00
2015/12/31,23.85,24.17,23.51,23.80,3139222,189350800.00
2016/01/04,23.65,23.73,21.39,21.41,2783523,156651328.00
2016/01/05,20.13,21.49,19.93,20.89,3285291,172757696.00
2016/01/06,20.93,21.18,20.21,21.09,1918884,101083632.00
2016/01/07,20.65,20.73,19.14,19.32,534100,26760044.00
2016/01/08,19.34,20.13,18.53,19.29,2983108,147301456.00
2016/01/11,18.85,19.21,17.65,17.73,3165302,148213392.00
2016/01/12,18.13,18.44,17.74,17.81,1819155,83455360.00
2016/01/13,18.05,18.49,17.96,18.07,1610942,74181496.00
2016/01/14,17.69,18.28,17.37,18.13,2497524,113754504.00
2016/01/15,18.23,18.80,17.85,18.01,2610727,121684952.00
2016/01/18,17.72,18.86,17.49,18.34,2302891,106550080.00
2016/01/19,18.17,18.93,17.95,18.77,2275556,107554968.00
2016/01/20,18.75,19.09,18.45,18.63,1874293,89071560.00
2016/01/21,18.41,18.66,17.97,18.04,1224847,57073736.00
2016/01/22,18.14,18.32,17.69,18.12,1497358,68216432.00
2016/01/25,18.25,18.47,18.12,18.38,937988,43640508.00
2016/01/26,18.32,18.32,16.94,17.20,1409727,62941496.00
2016/01/27,17.21,18.00,16.42,17.63,1835478,78937200.00
2016/01/28,17.25,17.53,16.88,17.01,696710,30354120.00
2016/01/29,17.02,17.61,16.81,17.40,813027,35700192.00
2016/02/01,17.40,17.57,16.93,17.39,863932,37942728.00
2016/02/02,17.57,17.77,16.94,17.76,983668,44079776.00
2016/02/03,17.65,17.65,17.33,17.65,614345,27226302.00
2016/02/04,17.80,17.88,17.52,17.77,938547,42256276.00
2016/02/05,17.85,17.85,17.45,17.46,820430,36640100.00
2016/02/15,16.93,17.87,16.57,17.51,1875098,81791256.00
2016/02/16,17.49,18.05,17.36,17.91,1286155,58085228.00
2016/02/17,17.89,17.94,17.64,17.87,791471,35703456.00
2016/02/18,17.93,18.05,17.68,17.92,1338486,60606408.00
2016/02/19,17.91,17.91,17.51,17.60,1021818,45771948.00
2016/02/22,17.74,18.11,17.65,17.99,1620924,73662752.00
2016/02/23,17.94,19.82,17.94,19.82,6408952,310840032.00
2016/02/24,19.33,19.71,18.85,19.18,3482085,169993120.00
2016/02/25,18.82,19.31,18.33,18.37,2940881,139990864.00
2016/02/26,18.45,19.65,18.45,19.27,1992998,95523704.00
2016/02/29,19.17,19.95,18.33,18.63,2698364,130051320.00
2016/03/01,18.67,19.28,18.41,19.24,2421991,116012944.00
2016/03/02,19.21,20.49,19.01,20.19,2697569,136200736.00
2016/03/03,20.01,21.45,19.95,20.45,2812384,149718512.00
2016/03/04,20.59,21.07,19.53,20.56,2742901,141684256.00
2016/03/07,20.33,21.13,20.21,20.88,3259767,170011168.00
2016/03/08,20.65,20.85,19.13,20.42,1709698,87644544.00
2016/03/09,19.86,20.21,19.65,19.82,1319025,66302388.00
2016/03/10,19.79,20.21,19.49,19.66,1773943,89341512.00
2016/03/11,19.37,19.39,18.17,18.48,2443537,116118184.00
2016/03/14,18.65,19.08,18.61,19.00,2054931,98386672.00
2016/03/15,18.88,18.93,18.33,18.61,1328300,62647944.00
2016/03/16,18.61,18.91,18.43,18.49,834142,39279384.00
2016/03/17,18.61,19.01,18.45,18.95,1433768,68434832.00
2016/03/18,18.87,19.53,18.87,19.34,1506875,73507440.00
2016/03/21,19.37,19.67,18.93,19.43,2423673,118412464.00
2016/03/22,19.65,20.37,19.57,19.84,3202448,162429552.00
2016/03/23,19.56,19.80,19.29,19.73,2027802,100302808.00
2016/03/24,19.83,20.80,19.56,20.69,4663892,240667376.00
2016/03/25,20.53,21.07,20.05,20.72,2418471,125955968.00
2016/03/28,20.54,21.59,20.54,20.72,4255795,227868096.00
2016/03/29,20.68,20.69,19.80,19.89,1980607,100396432.00
2016/03/30,20.10,20.40,19.85,20.36,1347719,68876376.00
2016/03/31,20.52,20.76,20.31,20.39,2099446,109153656.00
2016/04/01,20.37,20.48,19.69,19.83,2266635,114461192.00
2016/04/05,19.84,20.35,19.68,20.29,2097208,106785064.00
2016/04/06,20.13,20.65,20.09,20.56,1909060,98455824.00
2016/04/07,20.61,20.65,20.07,20.19,1744683,89819248.00
2016/04/08,20.01,20.53,19.60,19.89,1453241,73275528.00
2016/04/11,20.21,20.44,19.97,20.35,2327294,119302456.00
2016/04/12,20.36,20.36,20.08,20.19,983155,50221744.00
2016/04/13,20.19,20.69,20.19,20.50,1764439,91541616.00
2016/04/14,20.53,20.73,20.39,20.52,1308670,68030688.00
2016/04/15,20.59,20.65,20.47,20.51,887698,46194648.00
2016/04/18,20.39,20.39,19.68,19.83,1842123,93233200.00
2016/04/19,19.85,20.09,19.48,19.67,1863383,92564288.00
2016/04/20,19.55,19.73,18.37,18.57,2090631,100177976.00
2016/04/21,18.57,18.65,18.22,18.51,1705973,79826512.00
2016/04/22,18.25,19.25,18.13,19.15,1317391,62895340.00
2016/04/25,19.13,19.59,19.07,19.31,1950829,95463912.00
2016/04/26,19.28,19.29,18.56,19.08,3573437,171031696.00
2016/04/27,18.93,18.93,18.53,18.68,1980728,94033496.00
2016/04/28,18.68,18.79,18.33,18.75,1442421,67841592.00
2016/04/29,18.75,19.71,18.61,19.21,2750017,133472736.00
2016/05/03,18.97,21.16,18.97,20.61,7874451,409219392.00
2016/05/04,20.60,20.87,20.13,20.19,4507273,234463728.00
2016/05/05,20.39,20.39,19.83,20.21,3311935,168812960.00
2016/05/06,20.39,20.68,19.63,19.69,4581327,235307248.00
2016/05/09,19.73,19.73,18.53,19.19,2223073,107794456.00
2016/05/10,19.21,19.65,18.79,19.29,1998342,97825328.00
2016/05/11,19.33,20.65,19.25,19.89,4666131,237149184.00
2016/05/12,19.65,19.73,18.53,19.27,2189164,106679568.00
2016/05/13,19.25,20.13,19.13,19.48,1963355,97979272.00
2016/05/16,19.34,19.59,18.93,19.58,1818340,88872000.00
2016/05/17,19.85,19.89,19.25,19.31,1789144,88389744.00
2016/05/18,19.33,19.43,18.89,19.09,1807218,87443160.00
2016/05/19,19.09,19.38,18.74,19.00,1380855,66876232.00
2016/05/20,18.93,19.08,18.71,18.95,1236029,59116616.00
2016/05/23,18.95,19.25,18.81,19.22,1181189,57166248.00
2016/05/24,19.21,19.28,18.97,19.07,713733,34542532.00
2016/05/25,19.13,19.27,18.79,18.89,1353275,65083024.00
2016/05/26,19.13,19.13,18.52,18.86,1381543,65397552.00
2016/05/27,18.86,19.00,18.75,18.89,1070885,51250528.00
2016/05/30,18.75,18.99,18.75,18.85,1266746,60517080.00
2016/05/31,18.85,19.53,18.82,19.44,2094825,102063920.00
2016/06/01,19.43,19.93,19.35,19.71,2652189,132282760.00
2016/06/02,19.79,19.93,19.57,19.92,2004653,100315504.00
2016/06/03,19.89,20.97,19.77,20.29,5892090,305475264.00
2016/06/06,20.29,20.33,19.94,20.00,2764542,140855344.00
2016/06/07,19.99,20.82,19.92,20.70,3521672,181477936.00
2016/06/08,20.77,21.01,20.40,20.51,3030779,158945392.00
2016/06/13,20.57,20.57,19.20,19.30,3640861,184704096.00
2016/06/14,19.33,19.81,19.29,19.63,2599431,128717312.00
2016/06/15,19.58,20.49,19.50,20.31,5298972,271234400.00
2016/06/16,20.33,22.37,20.17,22.06,10057939,556483072.00
2016/06/17,22.13,23.27,21.73,21.93,8373980,476866080.00
2016/06/20,22.53,23.05,21.73,22.42,6040945,341945888.00
2016/06/21,22.39,22.66,21.63,21.96,4624147,256920336.00
2016/06/22,21.57,22.49,21.57,22.19,3836650,214169696.00
2016/06/23,22.13,22.49,21.68,21.78,5575362,313482752.00
2016/06/24,21.95,23.85,21.75,22.69,8083087,184988272.00
2016/06/27,21.88,23.54,21.87,22.82,17194520,394143328.00
2016/06/28,22.76,22.76,22.03,22.30,10041937,225315632.00
2016/06/29,22.35,23.00,22.11,22.39,7681717,173844944.00
2016/06/30,22.45,23.95,22.35,23.81,15221146,359989312.00
2016/07/01,23.71,23.71,23.25,23.50,6465625,152431552.00
2016/07/04,23.47,24.18,23.17,23.78,8156431,194935584.00
2016/07/05,24.00,25.08,23.53,24.79,11178930,273074816.00
2016/07/06,24.84,27.28,24.52,27.28,18462017,491316864.00
2016/07/07,27.85,29.65,27.06,27.88,30754298,864574656.00
2016/07/08,27.55,28.64,27.35,27.65,16146589,454742976.00
2016/07/11,27.35,29.40,27.15,28.39,22642983,648406912.00
2016/07/12,28.23,28.75,27.35,27.98,14956992,420918720.00
2016/07/13,27.98,28.17,26.36,27.28,13706649,371665248.00
2016/07/14,27.03,27.65,26.88,27.14,9248426,252668368.00
2016/07/15,27.15,27.50,26.91,27.09,8797024,241493872.00
2016/07/18,27.05,27.85,26.01,27.13,11058043,301540032.00
2016/07/19,27.17,27.32,25.61,26.38,11183195,294760928.00
2016/07/20,26.49,26.53,25.83,26.11,7924729,207778576.00
2016/07/21,26.11,26.47,25.86,25.96,8498221,224499504.00
2016/07/22,26.19,26.20,25.00,25.07,8913582,227890112.00
2016/07/25,25.10,25.33,24.85,25.01,7682231,193693440.00
2016/07/26,24.95,26.79,24.92,26.59,12247365,317861440.00
2016/07/27,26.55,26.81,25.00,25.71,11792103,307777856.00
2016/07/28,25.36,26.15,25.36,25.78,7632528,197805568.00
2016/07/29,25.49,26.45,25.35,26.07,8273726,217280976.00
2016/08/01,26.06,26.06,23.85,24.34,10370976,256087968.00
2016/08/02,24.35,24.67,23.73,24.23,6373841,154322752.00
2016/08/03,24.23,24.28,23.86,24.14,4434489,107158944.00
2016/08/04,24.12,24.27,23.62,24.14,7010409,168832576.00
2016/08/05,24.01,24.23,23.83,23.85,5236282,126134256.00
2016/08/08,23.75,24.33,23.25,24.31,7966442,191755792.00
2016/08/09,24.28,25.05,24.00,24.77,8347264,206698672.00
2016/08/10,24.58,25.01,24.56,24.68,4942562,123236960.00
2016/08/11,24.55,25.04,24.50,24.52,4597017,114309240.00
2016/08/12,24.30,24.72,24.04,24.69,4219516,103419336.00
2016/08/15,24.69,25.54,24.51,25.40,7591636,192115616.00
2016/08/16,25.35,25.78,24.82,24.94,8431286,213847840.00
2016/08/17,25.00,25.13,24.60,25.00,5050802,126138320.00
2016/08/18,25.02,25.03,24.25,24.57,6621109,164115408.00
2016/08/19,24.48,24.56,24.23,24.40,2628047,64386136.00
2016/08/22,24.46,24.50,24.10,24.24,3516016,85908536.00
2016/08/23,24.15,24.38,24.10,24.24,2543904,62102264.00
2016/08/24,24.20,24.40,24.11,24.37,2952167,71923880.00
2016/08/25,24.28,24.86,24.02,24.81,5610507,138526624.00
2016/08/26,24.81,24.90,24.55,24.70,4705567,117149024.00
2016/08/29,24.65,24.80,24.23,24.31,3921962,96338712.00
2016/08/30,24.47,24.59,24.28,24.47,2161372,53101540.00
2016/08/31,24.47,25.29,24.45,25.26,8231531,206700032.00
2016/09/01,25.29,25.60,24.86,24.87,6043350,153102400.00
2016/09/02,24.71,25.11,24.45,24.62,4324548,107440176.00
2016/09/05,24.65,24.73,24.30,24.39,3763731,92699200.00
2016/09/06,24.35,24.39,23.66,24.35,5078835,122692584.00
2016/09/07,24.29,24.34,24.00,24.06,4954011,120226600.00
2016/09/08,24.15,24.32,24.05,24.24,2886702,70150976.00
2016/09/09,24.23,24.28,23.86,23.94,3892786,93885112.00
2016/09/12,23.11,23.84,22.86,23.20,4185387,98012776.00
2016/09/13,23.35,23.50,23.15,23.44,2864921,67398296.00
2016/09/14,23.41,23.41,22.51,22.72,4185883,96550152.00
2016/09/19,22.81,22.92,22.55,22.89,2644815,60576928.00
2016/09/20,22.90,22.98,22.69,22.85,1307607,30043848.00
2016/09/21,22.85,22.93,22.69,22.82,1528310,35007068.00
2016/09/22,22.90,23.25,22.75,23.08,3405534,79174960.00
2016/09/23,23.17,23.20,22.91,22.92,1909029,44248064.00
2016/09/26,22.75,22.93,21.98,22.06,3743141,84277560.00
2016/09/27,22.34,22.34,21.80,22.20,2391850,53081208.00
2016/09/28,22.34,22.34,21.98,22.06,1065157,23700320.00
2016/09/29,22.15,22.20,21.85,21.99,2472490,54710412.00
2016/09/30,21.91,22.60,21.91,22.46,3579882,80657192.00
2016/10/10,22.65,23.12,22.40,23.00,4410338,101198320.00
2016/10/11,22.99,22.99,22.72,22.83,2640841,60586832.00
2016/10/12,22.75,22.98,22.65,22.74,2557138,58690552.00
2016/10/13,22.69,22.89,22.51,22.56,2319967,52777360.00
2016/10/14,22.58,22.73,22.26,22.53,2650877,59878928.00
2016/10/17,22.46,22.63,22.15,22.25,2630733,59379160.00
2016/10/18,22.25,23.27,22.25,23.24,10089285,232388784.00
2016/10/19,23.24,23.44,23.13,23.39,8028282,188476080.00
2016/10/20,23.54,23.54,22.94,23.21,3302462,77126000.00
2016/10/21,23.22,23.22,22.76,23.09,2983909,68934320.00
2016/10/24,23.10,23.29,22.91,23.14,3151284,73283960.00
2016/10/25,23.04,23.83,23.02,23.73,6485864,153655008.00
2016/10/26,23.65,25.85,23.48,25.71,20474418,516470976.00
2016/10/27,25.23,26.00,24.91,25.74,12206937,311605600.00
2016/10/28,25.70,26.09,25.25,25.45,9084251,233767296.00
2016/10/31,25.45,25.96,25.15,25.55,5704953,146661056.00
2016/11/01,25.60,25.65,25.08,25.52,6071602,154648512.00
2016/11/02,25.35,25.43,24.65,24.84,6346213,159192528.00
2016/11/03,24.73,25.26,24.47,25.24,6996762,175145888.00
2016/11/04,25.17,25.35,24.81,24.92,4032878,101554232.00
2016/11/07,24.92,25.10,24.56,24.71,3642302,90855952.00
2016/11/08,24.75,25.65,24.75,25.15,7774661,197715072.00
2016/11/09,24.96,25.08,24.16,24.64,6143327,152463072.00
2016/11/10,24.75,25.05,24.45,25.05,5031306,125795568.00
2016/11/11,25.07,25.14,24.66,24.90,3845144,96220736.00
2016/11/14,24.90,25.23,24.70,25.22,5853828,147247344.00
2016/11/15,25.22,26.05,25.05,25.76,8741685,224368928.00
2016/11/16,25.75,25.75,25.15,25.22,6042977,154090512.00
2016/11/17,24.86,25.12,24.55,24.60,5941556,147944768.00
2016/11/18,24.60,24.71,24.36,24.39,3608481,88870368.00
2016/11/21,24.39,24.59,24.24,24.48,4788100,117619984.00
2016/11/22,24.50,24.50,24.26,24.46,3080078,75491080.00
2016/11/23,24.51,24.80,24.49,24.71,4931817,122329856.00
2016/11/24,24.71,24.89,24.48,24.59,4772678,118446880.00
2016/11/25,24.53,24.57,23.83,24.15,5182705,125408664.00
2016/11/28,24.20,24.64,24.07,24.23,3778397,92336008.00
2016/11/29,24.15,24.79,24.11,24.44,5415175,133827328.00
2016/11/30,24.40,24.40,23.85,23.93,4234286,102137824.00
2016/12/01,23.93,24.05,23.75,23.96,2907193,69891824.00
2016/12/02,23.86,24.00,23.28,23.30,3512410,83149232.00
2016/12/05,23.14,23.54,22.95,23.16,1879908,43980464.00
2016/12/06,23.06,23.35,23.06,23.25,1805951,42264384.00
2016/12/07,23.26,23.40,23.05,23.33,1845614,43116056.00
2016/12/08,23.33,24.33,23.25,23.91,5786665,139614272.00
2016/12/09,23.86,24.19,23.55,23.99,4240900,102287808.00
2016/12/12,24.15,24.20,22.85,22.96,3480900,82276752.00
2016/12/13,23.04,23.92,22.66,23.78,4342314,102738872.00
2016/12/14,23.73,24.32,23.47,24.08,6088682,147398672.00
2016/12/15,23.85,24.30,23.62,23.95,3543468,85005368.00
2016/12/16,24.03,24.03,23.55,23.89,2827905,67708128.00
2016/12/19,23.85,24.24,23.66,24.16,3677127,89094648.00
2016/12/20,24.20,24.24,23.71,23.89,2847192,68420040.00
2016/12/21,23.71,23.96,23.60,23.71,3076411,73404024.00
2016/12/22,23.57,23.82,23.17,23.32,2953997,69393920.00
2016/12/23,23.38,23.50,23.05,23.23,1771882,41432360.00
2016/12/26,23.11,23.20,22.86,23.18,1730394,40124472.00
2016/12/27,23.22,23.26,22.99,23.03,1713953,39887328.00
2016/12/28,23.06,23.14,22.78,23.04,1992400,46078032.00
2016/12/29,23.04,23.08,22.86,23.04,1672609,38688800.00
2016/12/30,23.06,23.47,22.97,23.20,3247263,75919248.00
2017/01/03,23.15,23.26,23.05,23.17,2142459,49952844.00
2017/01/04,23.12,23.76,23.10,23.73,5326135,126060200.00
2017/01/05,23.85,23.86,23.38,23.49,3561488,84415320.00
2017/01/06,23.51,23.69,23.39,23.52,3128079,74155256.00
2017/01/09,23.53,23.53,23.21,23.30,2716062,63649588.00
2017/01/10,23.21,23.43,22.92,22.97,3274125,76544064.00
2017/01/11,22.94,23.02,22.69,22.70,2907667,66837144.00
2017/01/12,22.72,22.83,22.52,22.54,1827400,41693312.00
2017/01/13,22.55,22.67,22.46,22.55,1511706,34324072.00
2017/01/16,22.46,22.49,21.45,22.34,3345013,74324000.00
2017/01/17,22.25,22.40,22.01,22.39,1510867,33918156.00
2017/01/18,22.39,22.72,22.13,22.62,2309396,52558272.00
2017/01/19,22.61,22.65,22.34,22.41,1338520,30250342.00
2017/01/20,22.54,22.64,22.35,22.54,2117813,48007632.00
2017/08/02,22.54,22.54,22.54,22.54,0,0.00
数据来源:通达信
