601518 吉林高速 日线 前复权
      日期	    开盘	    最高	    最低	    收盘	    成交量	    成交额
2010/10/08,3.74,3.80,3.73,3.78,7832571,32219118.00
2010/10/11,3.78,3.88,3.75,3.86,15618324,65051456.00
2010/10/12,3.82,3.85,3.81,3.84,10216258,42623384.00
2010/10/13,3.83,3.91,3.82,3.90,14336910,60462136.00
2010/10/14,3.90,3.99,3.81,3.82,18697813,79200328.00
2010/10/15,3.80,3.97,3.76,3.95,21857332,91873872.00
2010/10/18,4.01,4.20,3.93,4.03,50120073,219923984.00
2010/10/19,4.06,4.06,3.92,4.05,23329516,100903560.00
2010/10/20,3.96,4.00,3.92,3.95,17067132,73262944.00
2010/10/21,3.93,3.98,3.84,3.90,13802327,58585480.00
2010/10/22,3.90,3.93,3.86,3.90,8344331,35395340.00
2010/10/25,3.94,3.96,3.90,3.96,14135571,60466880.00
2010/10/26,3.97,3.98,3.88,3.90,14643249,62358144.00
2010/10/27,3.89,4.14,3.87,3.98,30596818,132826664.00
2010/10/28,3.93,3.98,3.88,3.97,13567885,57892388.00
2010/10/29,3.97,3.98,3.88,3.93,11282854,48034552.00
2010/11/01,3.92,3.98,3.90,3.96,13881679,59518336.00
2010/11/02,3.96,4.05,3.90,4.00,20615785,88640472.00
2010/11/03,3.98,4.10,3.95,3.97,20368129,88774672.00
2010/11/04,3.99,4.08,3.94,4.05,24503954,107108016.00
2010/11/05,4.07,4.11,4.01,4.09,25692554,113107136.00
2010/11/08,4.12,4.16,4.07,4.13,26354422,117388528.00
2010/11/09,4.14,4.21,4.07,4.17,32164627,144214944.00
2010/11/10,4.16,4.16,4.07,4.09,17858626,79302960.00
2010/11/11,4.08,4.14,4.04,4.05,18784171,83156448.00
2010/11/12,4.09,4.32,3.92,3.92,44924950,200573264.00
2010/11/15,3.86,3.90,3.78,3.89,20315172,85083904.00
2010/11/16,3.87,3.88,3.71,3.73,16281430,67163216.00
2010/11/17,3.72,3.76,3.66,3.69,9493748,38378264.00
2010/11/18,3.71,3.72,3.65,3.69,9091593,36588088.00
2010/11/19,3.70,3.71,3.59,3.69,9892820,39472060.00
2010/11/22,3.64,3.79,3.62,3.75,12192014,49681160.00
2010/11/23,3.71,3.74,3.61,3.63,8104651,32307936.00
2010/11/24,3.61,3.68,3.60,3.67,6403363,25527840.00
2010/11/25,3.68,3.72,3.66,3.71,8248465,33287116.00
2010/11/26,3.71,3.71,3.64,3.65,6794125,27193684.00
2010/11/29,3.64,3.68,3.62,3.64,6256263,24982920.00
2010/11/30,3.64,3.66,3.45,3.52,10890232,42329768.00
2010/12/01,3.51,3.56,3.51,3.55,4645039,17994818.00
2010/12/02,3.57,3.60,3.54,3.55,4826700,18871594.00
2010/12/03,3.56,3.57,3.49,3.53,5254475,20338224.00
2010/12/06,3.54,3.57,3.46,3.51,7116719,27348518.00
2010/12/07,3.51,3.54,3.44,3.53,4561435,17494236.00
2010/12/08,3.54,3.55,3.49,3.50,5027506,19410426.00
2010/12/09,3.49,3.56,3.46,3.52,6261901,24200382.00
2010/12/10,3.51,3.56,3.49,3.55,5353115,20681628.00
2010/12/13,3.53,3.61,3.53,3.61,8567907,33581864.00
2010/12/14,3.61,3.63,3.57,3.59,5945819,23396462.00
2010/12/15,3.59,3.61,3.56,3.57,5263119,20656012.00
2010/12/16,3.56,3.57,3.54,3.54,5108104,19891172.00
2010/12/17,3.54,3.56,3.52,3.55,3456693,13405231.00
2010/12/20,3.55,3.56,3.41,3.47,7475247,28504034.00
2010/12/21,3.47,3.52,3.44,3.52,5601784,21423754.00
2010/12/22,3.52,3.52,3.47,3.48,3989634,15301538.00
2010/12/23,3.48,3.50,3.45,3.46,3066250,11684113.00
2010/12/24,3.47,3.48,3.42,3.45,3540874,13423575.00
2010/12/27,3.45,3.49,3.37,3.38,4968090,18751708.00
2010/12/28,3.37,3.38,3.29,3.29,4536240,16604408.00
2010/12/29,3.30,3.32,3.25,3.31,3553512,12863637.00
2010/12/30,3.31,3.31,3.26,3.29,2710982,9819594.00
2010/12/31,3.28,3.34,3.26,3.33,3442610,12565185.00
2011/01/04,3.34,3.39,3.32,3.36,3876713,14315774.00
2011/01/05,3.36,3.40,3.33,3.38,4651966,17238648.00
2011/01/06,3.39,3.41,3.35,3.39,3570747,13272385.00
2011/01/07,3.38,3.47,3.35,3.43,7699099,28921960.00
2011/01/10,3.41,3.42,3.32,3.32,3846474,14269635.00
2011/01/11,3.32,3.33,3.25,3.32,3913759,14224468.00
2011/01/12,3.31,3.36,3.29,3.35,2550397,9352993.00
2011/01/13,3.35,3.36,3.31,3.32,2112295,7751277.00
2011/01/14,3.33,3.33,3.26,3.28,2621034,9513973.00
2011/01/17,3.26,3.27,3.12,3.14,5037356,17767036.00
2011/01/18,3.12,3.17,3.12,3.16,2464124,8589106.00
2011/01/19,3.16,3.22,3.15,3.20,3882992,13729956.00
2011/01/20,3.21,3.21,3.06,3.08,4840148,16768499.00
2011/01/21,3.08,3.16,3.07,3.11,3349109,11556014.00
2011/01/24,3.10,3.14,3.09,3.13,2756774,9535188.00
2011/01/25,3.14,3.15,3.10,3.15,2820144,9770374.00
2011/01/26,3.15,3.18,3.13,3.17,3103523,10849927.00
2011/01/27,3.16,3.30,3.13,3.24,7064160,25140288.00
2011/01/28,3.21,3.23,3.19,3.21,3115437,11055195.00
2011/01/31,3.20,3.25,3.20,3.24,2833337,10116646.00
2011/02/01,3.24,3.25,3.21,3.23,2232636,7946334.00
2011/02/09,3.21,3.23,3.18,3.19,1959812,6944306.00
2011/02/10,3.18,3.26,3.17,3.25,3914678,13918296.00
2011/02/11,3.25,3.29,3.23,3.29,4147651,14976299.00
2011/02/14,3.41,3.63,3.38,3.44,19609643,74937576.00
2011/02/15,3.39,3.43,3.36,3.37,11128853,41504112.00
2011/02/16,3.37,3.43,3.35,3.41,5828277,21771344.00
2011/02/17,3.41,3.43,3.34,3.38,4966765,18442656.00
2011/02/18,3.39,3.39,3.31,3.34,4171675,15344763.00
2011/02/21,3.31,3.39,3.30,3.39,4100461,15174182.00
2011/02/22,3.40,3.40,3.30,3.31,4565489,16782080.00
2011/02/23,3.29,3.34,3.27,3.32,4191645,15298056.00
2011/02/24,3.30,3.37,3.29,3.37,4072650,14968988.00
2011/02/25,3.37,3.41,3.34,3.39,5921193,22038756.00
2011/02/28,3.41,3.42,3.35,3.41,4568526,17014924.00
2011/03/01,3.41,3.41,3.37,3.39,5201068,19398412.00
2011/03/02,3.38,3.39,3.33,3.37,4445890,16436233.00
2011/03/03,3.37,3.43,3.36,3.38,6447603,24070244.00
2011/03/04,3.37,3.41,3.35,3.40,4558680,16948804.00
2011/03/07,3.39,3.43,3.37,3.42,8846632,33184072.00
2011/03/08,3.43,3.43,3.39,3.42,4871376,18254008.00
2011/03/09,3.42,3.43,3.38,3.40,5384661,20111116.00
2011/03/10,3.40,3.40,3.34,3.34,4975746,18402924.00
2011/03/11,3.33,3.36,3.31,3.33,4092261,15026783.00
2011/03/14,3.31,3.33,3.29,3.33,3726517,13603972.00
2011/03/15,3.31,3.32,3.21,3.25,5883273,21127438.00
2011/03/16,3.25,3.36,3.23,3.35,7916986,28913186.00
2011/03/17,3.34,3.34,3.27,3.29,5868948,21380626.00
2011/03/18,3.30,3.34,3.30,3.31,4101513,15013541.00
2011/03/21,3.31,3.33,3.28,3.32,3469369,12630356.00
2011/03/22,3.32,3.33,3.27,3.30,2073195,7540748.00
2011/03/23,3.29,3.33,3.28,3.33,3303934,12070923.00
2011/03/24,3.33,3.33,3.29,3.30,3275135,11962345.00
2011/03/25,3.29,3.33,3.29,3.32,5140844,18775796.00
2011/03/28,3.33,3.35,3.31,3.35,6416073,23579638.00
2011/03/31,3.35,3.40,3.22,3.23,10935704,39974636.00
2011/04/01,3.24,3.28,3.22,3.27,4392204,15745206.00
2011/04/06,3.25,3.32,3.25,3.30,4752169,17199862.00
2011/04/07,3.30,3.38,3.28,3.34,5872887,21552860.00
2011/04/08,3.32,3.37,3.31,3.36,6255567,22976164.00
2011/04/11,3.35,3.42,3.34,3.37,10908819,40507336.00
2011/04/12,3.36,3.74,3.33,3.57,61910257,243385456.00
2011/04/13,3.46,3.56,3.45,3.52,31582916,121340216.00
2011/04/14,3.52,3.59,3.46,3.50,15958038,61550256.00
2011/04/15,3.48,3.50,3.42,3.49,13725726,52149372.00
2011/04/18,3.48,3.49,3.45,3.48,8889294,33921568.00
2011/04/19,3.46,3.46,3.38,3.40,10621048,39861272.00
2011/04/20,3.41,3.46,3.40,3.45,6478498,24447132.00
2011/04/21,3.45,3.51,3.42,3.49,10880780,41556104.00
2011/04/22,3.46,3.66,3.46,3.54,21862726,85462904.00
2011/04/25,3.54,3.61,3.51,3.52,12919053,50383144.00
2011/04/26,3.51,3.52,3.38,3.42,9756922,36841228.00
2011/04/27,3.44,3.45,3.38,3.41,5831357,21859524.00
2011/04/28,3.41,3.43,3.27,3.28,6846970,25239060.00
2011/05/03,3.36,3.64,3.36,3.64,31502278,122969584.00
2011/05/04,3.73,3.85,3.60,3.79,82893657,334973248.00
2011/05/05,3.65,3.94,3.65,3.79,66510307,277335264.00
2011/05/06,3.74,3.88,3.71,3.78,28177088,116024288.00
2011/05/09,3.84,3.93,3.76,3.80,28513850,118727408.00
2011/05/10,3.86,3.90,3.70,3.77,23304999,95630440.00
2011/05/11,3.73,3.81,3.69,3.77,21829652,89178056.00
2011/05/12,3.73,3.99,3.70,3.86,51110116,215153408.00
2011/05/13,3.84,3.92,3.77,3.88,25908650,108630384.00
2011/05/16,3.86,3.90,3.79,3.85,16689239,69752704.00
2011/05/17,3.85,3.85,3.68,3.69,18056984,73544608.00
2011/05/18,3.67,3.73,3.67,3.71,9128534,36900876.00
2011/05/19,3.71,3.75,3.60,3.63,10271463,41273892.00
2011/05/20,3.62,3.71,3.56,3.59,15642345,61605620.00
2011/05/23,3.58,3.61,3.53,3.57,11759113,45812856.00
2011/05/24,3.53,3.62,3.50,3.60,7552982,29503356.00
2011/05/25,3.60,3.68,3.55,3.65,9120358,36116232.00
2011/05/26,3.70,3.96,3.61,3.73,26744915,109688016.00
2011/05/27,3.76,3.80,3.67,3.71,16477312,67258856.00
2011/05/30,3.70,3.79,3.55,3.70,16663602,66980648.00
2011/05/31,3.73,3.75,3.65,3.70,16163810,65404320.00
2011/06/01,3.68,3.81,3.64,3.79,23091660,94104184.00
2011/06/02,3.70,3.75,3.57,3.65,14889322,59532192.00
2011/06/03,3.66,3.80,3.62,3.68,14286623,57974112.00
2011/06/07,3.68,3.71,3.61,3.66,11608444,46384504.00
2011/06/08,3.62,3.74,3.61,3.71,11975599,48093968.00
2011/06/09,3.69,3.70,3.54,3.55,11567903,45908888.00
2011/06/10,3.53,3.68,3.43,3.52,9577814,36902580.00
2011/06/13,3.48,3.52,3.44,3.52,5046489,19224048.00
2011/06/14,3.50,3.56,3.49,3.52,5965200,23132392.00
2011/06/15,3.54,3.61,3.47,3.52,6320778,24489756.00
2011/06/16,3.48,3.49,3.32,3.36,10258689,38371848.00
2011/06/17,3.41,3.72,3.36,3.43,42758311,166012752.00
2011/06/20,3.41,3.47,3.38,3.44,7664322,28837756.00
2011/06/21,3.46,3.56,3.45,3.49,17687509,68072080.00
2011/06/22,3.48,3.50,3.41,3.45,5156138,19529134.00
2011/06/23,3.43,3.49,3.38,3.47,10923919,41436404.00
2011/06/24,3.45,3.56,3.42,3.51,18765049,72037632.00
2011/06/27,3.56,3.65,3.50,3.52,10380239,40051492.00
2011/06/28,3.53,3.54,3.47,3.54,6666224,25457732.00
2011/06/29,3.53,3.54,3.46,3.47,6845179,26119352.00
2011/06/30,3.47,3.56,3.43,3.50,10391291,39693884.00
2011/07/01,3.49,3.55,3.46,3.51,11579494,44372028.00
2011/07/04,3.51,3.57,3.50,3.55,13528202,52250244.00
2011/07/05,3.54,3.57,3.52,3.53,9408002,36268984.00
2011/07/06,3.54,3.56,3.51,3.54,7228393,27845664.00
2011/07/07,3.53,3.54,3.48,3.50,8382470,32069764.00
2011/07/08,3.49,3.52,3.48,3.50,5116287,19522648.00
2011/07/11,3.48,3.54,3.47,3.53,6598312,25302928.00
2011/07/12,3.50,3.50,3.40,3.43,9541153,35868568.00
2011/07/13,3.43,3.46,3.42,3.45,6094042,22946610.00
2011/07/14,3.46,3.50,3.43,3.46,7705849,29134078.00
2011/07/15,3.46,3.52,3.42,3.50,9290202,35204516.00
2011/07/18,3.52,3.88,3.52,3.55,25798900,101245016.00
2011/07/19,3.55,3.55,3.48,3.50,10737369,41171328.00
2011/07/20,3.52,3.52,3.48,3.49,6689262,25552504.00
2011/07/21,3.49,3.50,3.41,3.43,7717357,29063880.00
2011/07/22,3.44,3.47,3.42,3.45,3419613,12857657.00
2011/07/25,3.44,3.44,3.31,3.33,7268628,26810704.00
2011/07/26,3.32,3.36,3.30,3.35,3944648,14405787.00
2011/07/27,3.33,3.42,3.31,3.36,5136810,18911402.00
2011/07/28,3.34,3.34,3.27,3.31,4819139,17439968.00
2011/07/29,3.28,3.32,3.27,3.30,3203058,11559567.00
2011/08/01,3.28,3.32,3.26,3.28,4510697,16243828.00
2011/08/02,3.28,3.29,3.19,3.23,4967813,17571194.00
2011/08/04,3.24,3.27,3.23,3.25,3387865,12094869.00
2011/08/05,3.19,3.19,3.10,3.12,6636223,22922176.00
2011/08/08,3.10,3.11,2.80,2.93,9065006,29855200.00
2011/08/09,2.85,2.91,2.75,2.88,5352663,16888000.00
2011/08/10,2.91,2.96,2.88,2.90,6613300,21403828.00
2011/08/11,2.84,3.22,2.80,3.06,28588692,97632856.00
2011/08/12,3.03,3.09,3.00,3.03,12516906,42004916.00
2011/08/15,3.02,3.07,3.01,3.06,6133649,20614544.00
2011/08/16,3.06,3.07,3.02,3.04,3553761,11948627.00
2011/08/17,3.02,3.04,2.99,3.01,2309259,7693198.00
2011/08/18,2.99,3.07,2.99,2.99,4453479,14851346.00
2011/08/19,2.91,2.95,2.89,2.93,5197792,16791822.00
2011/08/22,2.92,2.95,2.89,2.92,2647363,8578142.00
2011/08/23,2.93,2.97,2.92,2.97,2417521,7909264.00
2011/08/24,2.96,2.99,2.93,2.93,4213680,13814737.00
2011/08/25,2.93,3.01,2.92,3.00,5450078,17992192.00
2011/08/26,2.98,3.03,2.97,3.01,5101294,16995120.00
2011/08/29,2.98,3.01,2.96,2.97,3220134,10625825.00
2011/08/30,2.99,3.02,2.94,2.95,3132400,10366849.00
2011/08/31,2.95,2.97,2.90,2.93,2627121,8537615.00
2011/09/01,2.93,2.96,2.92,2.93,1841310,5998027.00
2011/09/02,2.93,2.94,2.84,2.87,3734497,11936391.00
2011/09/05,2.83,2.86,2.78,2.82,2812822,8823858.00
2011/09/06,2.79,2.87,2.79,2.84,4250648,13434946.00
2011/09/07,2.84,2.89,2.83,2.87,3305107,10518610.00
2011/09/08,2.88,2.89,2.83,2.83,2559495,8142428.00
2011/09/09,2.83,2.87,2.81,2.85,2422771,7643481.00
2011/09/13,2.81,2.83,2.80,2.82,1904380,5970667.00
2011/09/14,2.92,2.95,2.82,2.86,4088798,13079838.00
2011/09/15,2.84,2.87,2.83,2.85,3688823,11704605.00
2011/09/16,2.85,2.91,2.84,2.87,4331293,13845063.00
2011/09/19,2.85,2.85,2.80,2.83,3329972,10483580.00
2011/09/20,2.82,2.87,2.82,2.84,2829120,8950699.00
2011/09/21,2.85,2.93,2.82,2.92,6772183,21758612.00
2011/09/22,2.90,2.91,2.83,2.83,3897800,12424811.00
2011/09/23,2.81,2.83,2.76,2.80,3807406,11853941.00
2011/09/26,2.78,2.81,2.75,2.77,2464768,7646760.00
2011/09/27,2.79,2.80,2.76,2.77,2033585,6300345.00
2011/09/28,2.79,2.80,2.70,2.72,3730573,11441509.00
2011/09/29,2.70,2.71,2.64,2.65,3686090,11020759.00
2011/09/30,2.66,2.69,2.64,2.65,2334689,6968157.00
2011/10/10,2.66,2.74,2.64,2.68,3402090,10203723.00
2011/10/11,2.73,2.75,2.67,2.69,3315905,10054810.00
2011/10/12,2.69,2.77,2.64,2.77,3908468,11907737.00
2011/10/13,2.77,2.84,2.74,2.81,4189493,13010611.00
2011/10/14,2.78,2.80,2.75,2.78,2329510,7199214.00
2011/10/17,2.78,2.80,2.75,2.78,1546022,4781149.00
2011/10/18,2.76,2.76,2.68,2.70,2261400,6864796.00
2011/10/19,2.70,2.79,2.67,2.71,2067047,6276493.00
2011/10/20,2.70,2.71,2.63,2.64,3080314,9183734.00
2011/10/21,2.64,2.67,2.63,2.65,1304660,3871606.00
2011/10/24,2.65,2.69,2.61,2.68,2874127,8567618.00
2011/10/25,2.68,2.74,2.65,2.73,4581861,13876414.00
2011/10/26,2.71,2.77,2.69,2.72,4163030,12705211.00
2011/10/27,2.72,2.78,2.72,2.76,4991825,15364006.00
2011/10/28,2.78,2.80,2.73,2.78,7141818,22003904.00
2011/10/31,2.77,2.78,2.74,2.76,3235377,9968246.00
2011/11/01,2.74,2.79,2.73,2.76,4387989,13515455.00
2011/11/02,2.73,2.80,2.71,2.79,5379956,16544453.00
2011/11/03,2.79,2.82,2.78,2.79,9559496,29831010.00
2011/11/04,2.80,2.82,2.78,2.80,6032975,18801560.00
2011/11/07,2.78,2.82,2.77,2.79,5349206,16676145.00
2011/11/08,2.78,2.86,2.77,2.82,10060990,31508884.00
2011/11/09,2.80,2.81,2.76,2.80,6590649,20447138.00
2011/11/10,2.77,2.77,2.73,2.74,4774614,14648271.00
2011/11/11,2.73,2.76,2.73,2.73,2679667,8203562.00
2011/11/14,2.74,2.78,2.74,2.77,4287607,13231537.00
2011/11/15,2.77,2.84,2.77,2.83,8329674,26047012.00
2011/11/16,2.87,2.92,2.75,2.79,13103700,41393384.00
2011/11/17,2.77,2.79,2.74,2.75,5428300,16725034.00
2011/11/18,2.74,2.74,2.67,2.69,4624973,13965724.00
2011/11/21,2.67,2.70,2.67,2.70,2437486,7310579.00
2011/11/22,2.68,2.69,2.65,2.68,3150975,9414367.00
2011/11/23,2.67,2.69,2.65,2.65,1507199,4495168.00
2011/11/24,2.63,2.66,2.62,2.65,2456652,7263709.00
2011/11/25,2.63,2.65,2.62,2.63,1901610,5617975.00
2011/11/28,2.64,2.64,2.60,2.61,2690950,7904356.00
2011/11/29,2.62,2.64,2.61,2.63,3720277,10943873.00
2011/11/30,2.63,2.63,2.44,2.46,5307959,15060308.00
2011/12/01,2.51,2.57,2.50,2.51,5181908,14772297.00
2011/12/02,2.51,2.51,2.46,2.49,2482233,6951879.00
2011/12/05,2.46,2.46,2.40,2.41,2462398,6770962.00
2011/12/06,2.41,2.43,2.39,2.41,1387163,3791546.00
2011/12/07,2.42,2.45,2.41,2.43,1597249,4396985.00
2011/12/08,2.44,2.46,2.37,2.42,2139287,5859954.00
2011/12/09,2.41,2.44,2.39,2.41,1261504,3441175.00
2011/12/12,2.39,2.43,2.38,2.40,898957,2450023.00
2011/12/13,2.38,2.39,2.29,2.30,2392816,6339959.00
2011/12/14,2.31,2.33,2.26,2.27,2832750,7429548.00
2011/12/15,2.27,2.27,2.22,2.22,3620354,9271349.00
2011/12/16,2.21,2.38,2.21,2.30,2938522,7580684.00
2011/12/19,2.26,2.32,2.24,2.30,3014333,7833068.00
2011/12/20,2.29,2.33,2.27,2.28,2503759,6550509.00
2011/12/21,2.30,2.43,2.23,2.23,2565942,6723930.00
2011/12/22,2.23,2.23,2.15,2.22,2542124,6397230.00
2011/12/23,2.21,2.35,2.19,2.28,3433356,8891086.00
2011/12/26,2.28,2.31,2.24,2.26,1339047,3469321.00
2011/12/27,2.27,2.27,2.21,2.22,1342375,3435047.00
2011/12/28,2.23,2.31,2.15,2.26,4259301,10824281.00
2011/12/29,2.23,2.27,2.21,2.22,1308738,3346278.00
2011/12/30,2.23,2.26,2.22,2.23,1894341,4848796.00
2012/01/04,2.25,2.27,2.19,2.20,2413384,6164834.00
2012/01/05,2.19,2.23,2.17,2.19,3353474,8459751.00
2012/01/06,2.17,2.26,2.15,2.19,2345499,5867664.00
2012/01/09,2.19,2.38,2.18,2.32,7939150,20664360.00
2012/01/10,2.29,2.38,2.29,2.37,8147249,21769516.00
2012/01/11,2.36,2.42,2.31,2.35,5082520,13566271.00
2012/01/12,2.35,2.44,2.33,2.36,7662916,20734648.00
2012/01/13,2.34,2.35,2.23,2.25,7418182,19292678.00
2012/01/16,2.24,2.28,2.23,2.23,2449181,6307895.00
2012/01/17,2.23,2.36,2.21,2.34,6102060,15998667.00
2012/01/18,2.32,2.40,2.30,2.33,5478896,14591983.00
2012/01/19,2.32,2.37,2.31,2.36,3770500,10061021.00
2012/01/20,2.36,2.39,2.33,2.37,4806469,12923239.00
2012/01/30,2.38,2.38,2.32,2.33,4109424,10969971.00
2012/01/31,2.34,2.36,2.32,2.35,2433749,6464528.00
2012/02/01,2.33,2.37,2.32,2.33,2339600,6237230.00
2012/02/02,2.33,2.37,2.33,2.37,2321441,6206012.00
2012/02/03,2.37,2.42,2.36,2.40,5713557,15522165.00
2012/02/06,2.39,2.41,2.36,2.39,2322382,6286718.00
2012/02/07,2.38,2.38,2.34,2.36,2169757,5809791.00
2012/02/08,2.36,2.42,2.35,2.41,3758952,10213613.00
2012/02/09,2.41,2.43,2.39,2.41,5480779,14996124.00
2012/02/10,2.40,2.45,2.40,2.43,4532625,12466188.00
2012/02/13,2.42,2.45,2.40,2.43,3508481,9655218.00
2012/02/14,2.43,2.50,2.40,2.49,9840539,27307824.00
2012/02/15,2.48,2.53,2.45,2.50,5458724,15346037.00
2012/02/16,2.50,2.53,2.46,2.50,6267640,17649342.00
2012/02/17,2.50,2.52,2.45,2.51,4324319,12154621.00
2012/02/20,2.52,2.54,2.48,2.50,5401701,15275487.00
2012/02/21,2.50,2.51,2.45,2.50,4248158,11883557.00
2012/02/22,2.51,2.53,2.49,2.53,7246326,20515716.00
2012/02/23,2.53,2.54,2.50,2.52,5960621,16917656.00
2012/02/24,2.52,2.60,2.51,2.59,11398385,32823314.00
2012/02/27,2.59,2.65,2.56,2.57,12808930,37451168.00
2012/02/28,2.55,2.57,2.52,2.56,6546980,18790456.00
2012/02/29,2.55,2.55,2.49,2.49,5205900,14769696.00
2012/03/01,2.48,2.54,2.48,2.52,5248181,14858316.00
2012/03/02,2.52,2.62,2.51,2.57,9142089,26344458.00
2012/03/05,2.58,2.58,2.54,2.56,6820771,19615538.00
2012/03/06,2.54,2.56,2.51,2.53,3798828,10809372.00
2012/03/07,2.50,2.56,2.50,2.52,3590874,10218421.00
2012/03/08,2.52,2.57,2.51,2.54,3999671,11454596.00
2012/03/09,2.55,2.56,2.53,2.56,5429196,15541458.00
2012/03/12,2.56,2.57,2.53,2.56,4272217,12278869.00
2012/03/13,2.57,2.59,2.55,2.58,6455517,18648344.00
2012/03/14,2.58,2.59,2.41,2.52,10389098,29434218.00
2012/03/16,2.44,2.53,2.42,2.50,8128062,22714604.00
2012/03/19,2.51,2.51,2.45,2.49,4651608,13058841.00
2012/03/20,2.48,2.49,2.44,2.44,3512999,9767602.00
2012/03/21,2.44,2.47,2.40,2.43,3285018,9029724.00
2012/03/22,2.46,2.53,2.46,2.47,8905793,25078456.00
2012/03/23,2.45,2.46,2.38,2.40,5728398,15660144.00
2012/03/26,2.39,2.41,2.37,2.40,1984689,5379419.00
2012/03/27,2.40,2.41,2.37,2.37,2232650,6048087.00
2012/03/28,2.38,2.38,2.25,2.27,5175515,13623202.00
2012/03/29,2.29,2.29,2.23,2.23,2610350,6728151.00
2012/03/30,2.23,2.26,2.21,2.21,2527471,6442219.00
2012/04/05,2.22,2.29,2.21,2.28,3638650,9379031.00
2012/04/06,2.27,2.29,2.25,2.28,2819316,7308187.00
2012/04/09,2.27,2.54,2.26,2.53,45222445,127969576.00
2012/04/10,2.43,2.47,2.36,2.46,24854326,67860200.00
2012/04/11,2.39,2.44,2.39,2.43,10302885,28188456.00
2012/04/12,2.41,2.45,2.37,2.44,10530488,28794900.00
2012/04/13,2.44,2.49,2.43,2.44,10051112,27867872.00
2012/04/16,2.43,2.48,2.39,2.45,8675627,24003564.00
2012/04/17,2.44,2.55,2.42,2.44,12449365,34946276.00
2012/04/18,2.44,2.49,2.42,2.48,7957937,22120780.00
2012/04/19,2.47,2.50,2.46,2.47,4599238,12861646.00
2012/04/20,2.46,2.49,2.45,2.47,5604219,15641066.00
2012/04/23,2.49,2.52,2.45,2.46,4965418,13906978.00
2012/04/24,2.44,2.52,2.42,2.47,8925944,24960988.00
2012/04/25,2.53,2.63,2.50,2.57,24661835,71219352.00
2012/04/26,2.55,2.58,2.50,2.51,11224666,31943336.00
2012/04/27,2.50,2.51,2.46,2.48,5682471,15902683.00
2012/05/02,2.53,2.54,2.50,2.53,7561024,21523280.00
2012/05/03,2.54,2.54,2.51,2.53,4148928,11796869.00
2012/05/04,2.52,2.54,2.50,2.54,4202695,11949734.00
2012/05/07,2.53,2.53,2.50,2.53,3428855,9726038.00
2012/05/08,2.53,2.53,2.50,2.52,3214075,9114184.00
2012/05/09,2.53,2.53,2.42,2.43,4721690,12920666.00
2012/05/10,2.43,2.45,2.42,2.43,2324921,6288144.00
2012/05/11,2.44,2.44,2.37,2.39,3772984,10091646.00
2012/05/14,2.41,2.42,2.37,2.40,2637732,7042503.00
2012/05/15,2.38,2.42,2.37,2.41,2700252,7174106.00
2012/05/16,2.41,2.47,2.38,2.41,5166900,13962542.00
2012/05/17,2.40,2.57,2.40,2.51,11235442,31171412.00
2012/05/18,2.48,2.79,2.46,2.65,36303280,106676304.00
2012/05/21,2.61,2.63,2.51,2.53,17484236,49371108.00
2012/05/22,2.54,2.55,2.49,2.53,7887090,21992676.00
2012/05/23,2.52,2.52,2.45,2.47,5741684,15800177.00
2012/05/24,2.47,2.52,2.46,2.48,5021768,13851011.00
2012/05/25,2.46,2.48,2.42,2.44,5308942,14434742.00
2012/05/28,2.44,2.60,2.40,2.57,12484168,34968188.00
2012/05/29,2.55,2.64,2.54,2.64,12629639,36230544.00
2012/05/30,2.62,2.64,2.58,2.63,6542522,18860296.00
2012/05/31,2.60,2.62,2.57,2.58,3653231,10457441.00
2012/06/01,2.57,2.61,2.55,2.58,2637157,7509602.00
2012/06/04,2.55,2.56,2.48,2.48,4899690,13647737.00
2012/06/05,2.49,2.52,2.47,2.48,3478209,9597999.00
2012/06/06,2.48,2.50,2.43,2.46,4061063,11088100.00
2012/06/07,2.48,2.51,2.44,2.47,2250979,6179249.00
2012/06/08,2.48,2.51,2.46,2.47,2961620,8152754.00
2012/06/11,2.46,2.51,2.45,2.50,2717640,7491268.00
2012/06/12,2.49,2.50,2.44,2.45,3420919,9354564.00
2012/06/13,2.45,2.49,2.45,2.48,2425392,6644762.00
2012/06/14,2.48,2.49,2.46,2.48,2421691,6645215.00
2012/06/15,2.47,2.49,2.45,2.47,2291874,6264797.00
2012/06/18,2.48,2.50,2.47,2.49,2528852,6974294.00
2012/06/19,2.48,2.49,2.45,2.46,1681400,4604197.00
2012/06/20,2.47,2.48,2.45,2.46,1582538,4328025.00
2012/06/21,2.46,2.47,2.41,2.41,2542109,6859913.00
2012/06/25,2.41,2.41,2.37,2.38,1719942,4580916.00
2012/06/26,2.36,2.39,2.34,2.38,1138670,3004844.00
2012/06/27,2.37,2.41,2.36,2.37,1367900,3632912.00
2012/06/28,2.37,2.39,2.35,2.35,1094001,2888748.00
2012/06/29,2.34,2.41,2.31,2.37,2658531,7001403.00
2012/07/02,2.38,2.41,2.36,2.39,1780402,4741961.00
2012/07/03,2.38,2.41,2.37,2.38,1200219,3198623.00
2012/07/04,2.38,2.40,2.34,2.36,2862705,7518992.00
2012/07/05,2.35,2.35,2.28,2.29,2735790,7055660.00
2012/07/06,2.31,2.34,2.26,2.33,2071017,5309356.00
2012/07/09,2.32,2.32,2.25,2.26,1795440,4585943.00
2012/07/10,2.27,2.27,2.23,2.25,1741507,4386364.00
2012/07/11,2.25,2.28,2.24,2.28,2493654,6300390.00
2012/07/12,2.28,2.32,2.25,2.31,2810401,7189858.00
2012/07/13,2.29,2.31,2.27,2.28,1761500,4504672.00
2012/07/16,2.28,2.28,2.20,2.21,2112900,5303617.00
2012/07/17,2.21,2.30,2.18,2.27,2583962,6503513.00
2012/07/18,2.26,2.31,2.21,2.30,2280729,5774916.00
2012/07/19,2.29,2.32,2.26,2.30,3008164,7738243.00
2012/07/20,2.29,2.30,2.26,2.27,1966177,5010337.00
2012/07/23,2.25,2.26,2.23,2.25,1243996,3127379.00
2012/07/24,2.24,2.30,2.23,2.28,1336024,3397718.00
2012/07/25,2.27,2.30,2.25,2.27,1811201,4616169.00
2012/07/26,2.28,2.29,2.24,2.25,1266128,3202788.00
2012/07/27,2.25,2.26,2.22,2.22,1186737,2978509.00
2012/07/30,2.23,2.25,2.20,2.21,1854545,4620388.00
2012/07/31,2.19,2.22,2.18,2.19,1410387,3482383.00
2012/08/01,2.19,2.23,2.19,2.21,1740080,4323176.00
2012/08/02,2.21,2.23,2.19,2.21,1349648,3348587.00
2012/08/03,2.21,2.24,2.19,2.23,1709746,4253398.00
2012/08/06,2.23,2.27,2.22,2.25,2572635,6470963.00
2012/08/07,2.25,2.30,2.24,2.30,3684107,9364066.00
2012/08/08,2.30,2.30,2.26,2.27,1999134,5090397.00
2012/08/09,2.27,2.31,2.24,2.30,3441255,8804931.00
2012/08/10,2.29,2.30,2.27,2.29,2202934,5623269.00
2012/08/13,2.28,2.29,2.21,2.22,2902511,7327315.00
2012/08/14,2.22,2.29,2.21,2.27,3053188,7686821.00
2012/08/15,2.34,2.49,2.25,2.27,21800065,57267960.00
2012/08/16,2.29,2.33,2.21,2.27,9123990,23019210.00
2012/08/17,2.26,2.26,2.22,2.24,6025472,15105872.00
2012/08/20,2.24,2.24,2.20,2.23,4073868,10116784.00
2012/08/21,2.23,2.26,2.22,2.24,3747580,9410242.00
2012/08/22,2.24,2.24,2.21,2.23,3506075,8744968.00
2012/08/23,2.22,2.25,2.21,2.25,3377302,8444433.00
2012/08/24,2.24,2.24,2.19,2.20,3016956,7494994.00
2012/08/27,2.19,2.20,2.16,2.17,2799748,6848304.00
2012/08/28,2.17,2.21,2.15,2.18,2276779,5572334.00
2012/08/29,2.17,2.21,2.16,2.18,2488068,6115608.00
2012/08/30,2.18,2.19,2.15,2.16,1706618,4157078.00
2012/08/31,2.16,2.18,2.15,2.17,1711561,4164107.00
2012/09/03,2.16,2.19,2.15,2.19,1919638,4697838.00
2012/09/04,2.18,2.20,2.16,2.17,2037749,4991165.00
2012/09/05,2.17,2.18,2.15,2.17,1087961,2651162.00
2012/09/06,2.18,2.23,2.17,2.19,2861494,7060184.00
2012/09/07,2.20,2.28,2.20,2.26,8282854,20824636.00
2012/09/10,2.27,2.27,2.23,2.26,5200088,13104274.00
2012/09/11,2.25,2.25,2.22,2.24,2641610,6612102.00
2012/09/12,2.25,2.26,2.22,2.25,2746157,6889012.00
2012/09/13,2.25,2.26,2.22,2.22,2666106,6687857.00
2012/09/14,2.23,2.26,2.20,2.25,3064012,7673533.00
2012/09/17,2.24,2.24,2.16,2.18,2303899,5696539.00
2012/09/18,2.18,2.19,2.16,2.18,1235398,3023729.00
2012/09/19,2.18,2.19,2.16,2.17,1216255,2978058.00
2012/09/20,2.17,2.17,2.10,2.11,2907500,6994227.00
2012/09/21,2.11,2.12,2.08,2.10,1544939,3662032.00
2012/09/24,2.09,2.10,2.05,2.08,1414970,3314882.00
2012/09/25,2.08,2.12,2.07,2.09,1507091,3558505.00
2012/09/26,2.08,2.09,2.03,2.04,2589964,6013379.00
2012/09/27,2.04,2.09,2.02,2.07,2266297,5285482.00
2012/09/28,2.06,2.09,2.05,2.09,2929568,6873155.00
2012/10/08,2.09,2.11,2.06,2.08,2500477,5887872.00
2012/10/09,2.08,2.14,2.07,2.13,3748595,8924945.00
2012/10/10,2.12,2.22,2.11,2.17,6040960,14745402.00
2012/10/11,2.15,2.18,2.12,2.13,4901363,11888271.00
2012/10/12,2.14,2.16,2.10,2.12,2737119,6553955.00
2012/10/15,2.12,2.12,2.09,2.11,2169662,5151169.00
2012/10/16,2.11,2.13,2.10,2.11,1974591,4710346.00
2012/10/17,2.12,2.12,2.09,2.11,2806398,6669106.00
2012/10/18,2.11,2.32,2.10,2.26,23415849,58973280.00
2012/10/19,2.22,2.36,2.21,2.24,15652749,39857932.00
2012/10/22,2.23,2.25,2.18,2.23,5457366,13556122.00
2012/10/23,2.24,2.31,2.21,2.25,6232826,15825823.00
2012/10/24,2.22,2.32,2.22,2.30,8358560,21336690.00
2012/10/25,2.30,2.41,2.26,2.27,11620982,30313552.00
2012/10/26,2.26,2.28,2.19,2.21,6362649,15892279.00
2012/10/29,2.22,2.41,2.19,2.35,15330282,39919992.00
2012/10/30,2.32,2.34,2.28,2.29,7077674,18249566.00
2012/10/31,2.32,2.35,2.29,2.32,5615716,14523089.00
2012/11/01,2.35,2.35,2.30,2.34,7993250,20770240.00
2012/11/02,2.32,2.36,2.30,2.31,6049470,15683779.00
2012/11/05,2.32,2.32,2.26,2.31,4348328,11122537.00
2012/11/06,2.30,2.30,2.24,2.27,3069092,7762613.00
2012/11/07,2.25,2.28,2.24,2.25,2001399,5064158.00
2012/11/08,2.23,2.24,2.19,2.19,2557983,6352123.00
2012/11/09,2.20,2.22,2.19,2.21,1596642,3947638.00
2012/11/12,2.21,2.24,2.20,2.22,2022185,5032019.00
2012/11/13,2.23,2.23,2.17,2.18,2430990,5984318.00
2012/11/14,2.18,2.19,2.16,2.19,1595200,3898831.00
2012/11/15,2.17,2.18,2.12,2.13,2156500,5212062.00
2012/11/16,2.13,2.14,2.09,2.12,1890063,4494920.00
2012/11/19,2.13,2.15,2.11,2.15,1841247,4426061.00
2012/11/20,2.16,2.17,2.13,2.14,1305799,3155839.00
2012/11/21,2.13,2.18,2.11,2.18,2299765,5567652.00
2012/11/22,2.18,2.18,2.13,2.15,1414900,3431212.00
2012/11/23,2.13,2.17,2.13,2.15,1719944,4156789.00
2012/11/26,2.14,2.16,2.12,2.12,1374232,3305976.00
2012/11/27,2.11,2.12,2.04,2.04,2658300,6241880.00
2012/11/28,2.04,2.05,2.02,2.04,1717727,3960792.00
2012/11/29,2.04,2.23,2.03,2.11,6795764,16256524.00
2012/11/30,2.07,2.13,2.07,2.13,3328427,7895455.00
2012/12/03,2.13,2.13,2.06,2.07,2258216,5336124.00
2012/12/04,2.06,2.12,2.05,2.12,2335958,5497538.00
2012/12/05,2.12,2.28,2.10,2.21,8842205,21793464.00
2012/12/06,2.20,2.21,2.16,2.17,3719843,9110869.00
2012/12/07,2.17,2.23,2.15,2.22,4863352,12024565.00
2012/12/10,2.23,2.25,2.19,2.23,4537747,11318433.00
2012/12/11,2.22,2.22,2.19,2.19,3846116,9506281.00
2012/12/12,2.22,2.28,2.20,2.24,6696693,16815738.00
2012/12/13,2.38,2.49,2.31,2.32,30000419,80006632.00
2012/12/14,2.23,2.39,2.19,2.35,24209640,62030052.00
2012/12/17,2.34,2.35,2.29,2.33,11032034,28570186.00
2012/12/18,2.31,2.33,2.29,2.30,5987603,15417970.00
2012/12/19,2.30,2.30,2.27,2.30,3619790,9252312.00
2012/12/20,2.28,2.29,2.25,2.28,3484879,8867214.00
2012/12/21,2.28,2.34,2.28,2.29,5881843,15174199.00
2012/12/24,2.30,2.30,2.26,2.28,3589671,9141019.00
2012/12/25,2.26,2.33,2.26,2.32,6094819,15705832.00
2012/12/26,2.32,2.34,2.30,2.33,5645519,14624899.00
2012/12/27,2.33,2.34,2.29,2.30,6394246,16534474.00
2012/12/28,2.30,2.33,2.29,2.32,5196853,13423486.00
2012/12/31,2.33,2.35,2.31,2.34,5584456,14498187.00
2013/01/04,2.35,2.37,2.31,2.34,4836201,12600959.00
2013/01/07,2.33,2.34,2.31,2.33,3726875,9673593.00
2013/01/08,2.34,2.34,2.30,2.34,4931410,12796544.00
2013/01/09,2.33,2.36,2.32,2.33,5007823,13080485.00
2013/01/10,2.33,2.35,2.33,2.35,4248192,11092667.00
2013/01/11,2.35,2.35,2.28,2.29,5175830,13338122.00
2013/01/14,2.28,2.34,2.27,2.34,5626557,14542278.00
2013/01/15,2.34,2.37,2.32,2.36,9051399,23629844.00
2013/01/16,2.35,2.36,2.31,2.33,5274621,13721776.00
2013/01/17,2.34,2.34,2.30,2.31,3832372,9903761.00
2013/01/18,2.32,2.34,2.30,2.34,3992012,10364182.00
2013/01/21,2.34,2.38,2.33,2.38,8645901,22770252.00
2013/01/22,2.37,2.39,2.34,2.36,6983519,18381558.00
2013/01/23,2.35,2.37,2.31,2.34,4807609,12538378.00
2013/01/24,2.34,2.38,2.30,2.30,7436874,19429972.00
2013/01/25,2.30,2.32,2.29,2.31,2785772,7162243.00
2013/01/28,2.30,2.35,2.30,2.34,3809295,9920693.00
2013/01/29,2.35,2.37,2.33,2.36,5570304,14581269.00
2013/01/30,2.35,2.47,2.35,2.43,21377400,57419424.00
2013/01/31,2.41,2.45,2.38,2.40,9189696,24620510.00
2013/02/01,2.39,2.44,2.38,2.43,8760858,23535288.00
2013/02/04,2.43,2.69,2.43,2.54,37602069,107110904.00
2013/02/05,2.50,2.58,2.46,2.55,12667899,35311864.00
2013/02/06,2.53,2.58,2.47,2.49,9630118,26770950.00
2013/02/07,2.48,2.50,2.42,2.46,8784712,23857600.00
2013/02/08,2.45,2.51,2.44,2.49,5290752,14553193.00
2013/02/18,2.49,2.51,2.46,2.47,4156911,11413349.00
2013/02/19,2.46,2.48,2.41,2.42,5481727,14838745.00
2013/02/20,2.41,2.45,2.40,2.44,3825453,10317038.00
2013/02/21,2.43,2.43,2.37,2.38,5026600,13416119.00
2013/02/22,2.38,2.40,2.38,2.38,2239255,5956775.00
2013/02/25,2.38,2.40,2.38,2.40,2316920,6163857.00
2013/02/26,2.40,2.42,2.37,2.39,2891600,7721804.00
2013/02/27,2.39,2.41,2.37,2.39,2213206,5884630.00
2013/02/28,2.40,2.45,2.38,2.44,4627395,12475744.00
2013/03/01,2.43,2.48,2.42,2.45,5410652,14748478.00
2013/03/04,2.44,2.44,2.33,2.35,5483162,14528938.00
2013/03/05,2.35,2.39,2.35,2.38,2395731,6321907.00
2013/03/06,2.38,2.44,2.37,2.43,4822085,12946105.00
2013/03/07,2.43,2.45,2.39,2.41,4503265,12099806.00
2013/03/08,2.41,2.41,2.36,2.38,8159982,21559700.00
2013/03/11,2.38,2.42,2.36,2.41,4952978,13220275.00
2013/03/12,2.40,2.42,2.33,2.37,4963288,13117546.00
2013/03/13,2.36,2.36,2.31,2.32,2762183,7172870.00
2013/03/14,2.32,2.34,2.30,2.33,1642391,4263889.00
2013/03/15,2.33,2.36,2.30,2.32,3466371,9008720.00
2013/03/18,2.32,2.32,2.26,2.27,3025978,7739841.00
2013/03/19,2.28,2.29,2.25,2.28,1904645,4842047.00
2013/03/20,2.28,2.33,2.27,2.33,3303792,8519526.00
2013/03/21,2.33,2.34,2.31,2.34,3594084,9343183.00
2013/03/22,2.33,2.35,2.32,2.35,3248948,8465733.00
2013/03/25,2.34,2.36,2.32,2.35,2762563,7198204.00
2013/03/26,2.34,2.34,2.30,2.31,2421583,6251163.00
2013/03/27,2.33,2.34,2.30,2.31,2345001,6065006.00
2013/03/28,2.29,2.29,2.24,2.24,3115066,7893005.00
2013/03/29,2.25,2.26,2.21,2.21,2256250,5650040.00
2013/04/01,2.22,2.25,2.22,2.24,1625385,4078464.00
2013/04/02,2.23,2.27,2.23,2.25,1813257,4569840.00
2013/04/03,2.25,2.26,2.22,2.24,1374660,3443451.00
2013/04/08,2.22,2.24,2.18,2.24,1762157,4364255.00
2013/04/09,2.23,2.27,2.23,2.26,2163821,5457141.00
2013/04/10,2.26,2.28,2.25,2.27,2078476,5263186.00
2013/04/11,2.27,2.28,2.25,2.26,1387308,3512086.00
2013/04/12,2.25,2.27,2.19,2.24,1340430,3359267.00
2013/04/15,2.23,2.24,2.19,2.19,1576401,3914981.00
2013/04/16,2.18,2.22,2.18,2.22,889582,2200723.00
2013/04/17,2.21,2.25,2.20,2.23,1313095,3280733.00
2013/04/18,2.22,2.24,2.22,2.23,846266,2116018.00
2013/04/19,2.24,2.27,2.22,2.26,3111081,7837183.00
2013/04/22,2.24,2.26,2.24,2.25,1504402,3798375.00
2013/04/23,2.25,2.25,2.18,2.19,3622006,8990686.00
2013/04/24,2.18,2.23,2.18,2.22,2147998,5318092.00
2013/04/25,2.21,2.23,2.20,2.21,1919884,4772738.00
2013/04/26,2.22,2.27,2.18,2.20,3285966,8187105.00
2013/05/02,2.19,2.19,2.14,2.14,3023497,7331686.00
2013/05/03,2.15,2.18,2.15,2.16,2911693,7094544.00
2013/05/06,2.16,2.21,2.16,2.19,2837799,6964652.00
2013/05/07,2.18,2.19,2.16,2.18,1985629,4858981.00
2013/05/08,2.18,2.20,2.17,2.20,2544789,6250664.00
2013/05/09,2.20,2.20,2.16,2.18,1990198,4870423.00
2013/05/10,2.18,2.20,2.16,2.19,2637088,6460363.00
2013/05/13,2.19,2.19,2.17,2.18,1868505,4576674.00
2013/05/14,2.18,2.19,2.16,2.17,1492966,3647646.00
2013/05/15,2.16,2.18,2.16,2.18,1263957,3078084.00
2013/05/16,2.18,2.20,2.16,2.19,2591782,6360422.00
2013/05/17,2.19,2.22,2.18,2.22,3650888,9036923.00
2013/05/20,2.22,2.24,2.21,2.23,4067150,10149584.00
2013/05/21,2.23,2.26,2.22,2.25,3809561,9572269.00
2013/05/22,2.25,2.25,2.22,2.23,3197457,8002323.00
2013/05/23,2.22,2.27,2.21,2.26,5558605,13986056.00
2013/05/24,2.26,2.26,2.23,2.25,3840923,9648528.00
2013/05/27,2.25,2.26,2.23,2.24,2554700,6417721.00
2013/05/28,2.25,2.27,2.22,2.27,3640323,9150046.00
2013/05/29,2.27,2.27,2.24,2.25,2829831,7143716.00
2013/05/30,2.24,2.25,2.23,2.24,1973166,4958077.00
2013/05/31,2.25,2.26,2.23,2.24,2335491,5887827.00
2013/06/03,2.24,2.27,2.23,2.25,2540130,6411623.00
2013/06/04,2.25,2.26,2.20,2.23,3400659,8490489.00
2013/06/05,2.27,2.32,2.26,2.28,15677225,40091816.00
2013/06/06,2.28,2.28,2.21,2.23,6935224,17356308.00
2013/06/07,2.23,2.23,2.17,2.18,2979329,7354964.00
2013/06/13,2.16,2.16,2.09,2.09,3297190,7853850.00
2013/06/14,2.10,2.13,2.09,2.11,1724147,4099619.00
2013/06/17,2.11,2.12,2.08,2.08,2412894,5690979.00
2013/06/18,2.08,2.10,2.08,2.10,1177146,2777494.00
2013/06/19,2.10,2.10,2.01,2.07,2809626,6533343.00
2013/06/20,2.06,2.07,2.01,2.02,1603820,3700491.00
2013/06/21,2.02,2.05,1.98,2.04,1993890,4571816.00
2013/06/24,2.04,2.05,1.88,1.90,3180029,7097943.00
2013/06/25,1.90,1.94,1.77,1.88,2706957,5748929.00
2013/06/26,1.87,1.89,1.83,1.87,1749663,3718474.00
2013/06/27,1.87,1.91,1.86,1.87,1971440,4237484.00
2013/06/28,1.87,1.90,1.84,1.90,2001798,4308263.00
2013/07/01,1.89,1.91,1.87,1.91,1652253,3561669.00
2013/07/02,1.90,1.91,1.88,1.91,1593222,3459578.00
2013/07/03,1.92,1.95,1.88,1.94,4919730,10442571.00
2013/07/04,1.93,1.96,1.90,1.94,3326576,7117284.00
2013/07/05,1.94,1.95,1.92,1.93,2977924,6387912.00
2013/07/08,1.92,1.92,1.81,1.83,2517833,5200653.00
2013/07/09,1.83,1.85,1.81,1.85,1804268,3683558.00
2013/07/10,1.84,1.90,1.84,1.89,2077102,4312378.00
2013/07/11,1.88,1.96,1.88,1.95,4154995,8910000.00
2013/07/12,1.95,1.96,1.91,1.92,2357101,5044422.00
2013/07/15,1.92,1.94,1.92,1.93,1892564,4055354.00
2013/07/16,1.94,1.95,1.89,1.94,3391546,7219170.00
2013/07/17,1.93,1.94,1.91,1.92,2799161,5982109.00
2013/07/18,1.92,1.93,1.90,1.90,2128863,4516785.00
2013/07/19,1.90,1.91,1.84,1.86,2146781,4492844.00
2013/07/22,1.81,1.86,1.81,1.85,1972354,4043518.00
2013/07/23,1.85,1.90,1.84,1.90,2460689,5134451.00
2013/07/24,1.88,1.89,1.85,1.88,1523472,3168200.00
2013/07/25,1.88,1.90,1.86,1.89,2472189,5166806.00
2013/07/26,1.88,1.89,1.86,1.87,1605847,3346536.00
2013/07/29,1.86,1.86,1.82,1.84,1367630,2802450.00
2013/07/30,1.84,1.86,1.83,1.85,1012485,2082301.00
2013/07/31,1.84,1.87,1.84,1.86,1190091,2456406.00
2013/08/01,1.85,1.88,1.85,1.88,1772617,3691992.00
2013/08/02,1.88,1.90,1.87,1.89,2732399,5733302.00
2013/08/05,1.89,1.91,1.88,1.90,1594399,3358133.00
2013/08/06,1.90,1.94,1.88,1.93,3080231,6534221.00
2013/08/07,1.92,1.94,1.91,1.91,2894516,6172426.00
2013/08/08,1.91,1.92,1.89,1.90,1082921,2291771.00
2013/08/09,1.90,1.92,1.88,1.92,1871102,3947894.00
2013/08/12,1.91,1.95,1.91,1.95,3681885,7892232.00
2013/08/13,1.94,1.98,1.93,1.97,5271010,11436849.00
2013/08/14,1.97,1.98,1.94,1.95,4615400,10011538.00
2013/08/15,1.95,1.96,1.92,1.92,2838301,6106503.00
2013/08/16,1.91,1.99,1.90,1.91,5695577,12270390.00
2013/08/19,1.90,1.94,1.90,1.93,2187138,4665815.00
2013/08/20,1.93,1.94,1.89,1.90,3547319,7541054.00
2013/08/21,1.89,1.92,1.89,1.91,2086510,4415651.00
2013/08/22,1.91,1.92,1.89,1.90,1662889,3519043.00
2013/08/23,1.91,1.92,1.87,1.88,3003320,6317864.00
2013/08/26,1.89,1.94,1.87,1.94,4443723,9447983.00
2013/08/27,1.92,2.02,1.92,1.99,8726230,19068404.00
2013/08/28,1.96,2.01,1.95,1.99,7734429,16950908.00
2013/08/29,1.99,2.09,1.97,2.05,15531665,34835800.00
2013/08/30,2.03,2.17,2.02,2.12,17995504,41449864.00
2013/09/02,2.11,2.12,2.01,2.03,9883566,22326828.00
2013/09/03,2.03,2.07,2.01,2.05,4442157,10028443.00
2013/09/04,2.05,2.06,2.03,2.04,3563009,8025600.00
2013/09/05,2.04,2.05,2.00,2.01,3187177,7114033.00
2013/09/06,2.01,2.05,2.00,2.03,3387378,7586806.00
2013/09/09,2.03,2.09,2.02,2.07,7239253,16447071.00
2013/09/10,2.07,2.14,2.05,2.12,9438349,21897110.00
2013/09/11,2.11,2.19,2.10,2.14,11385502,26866586.00
2013/09/12,2.14,2.37,2.09,2.27,31411252,77611336.00
2013/09/13,2.19,2.24,2.14,2.17,16529874,39539568.00
2013/09/16,2.17,2.17,2.11,2.13,6498988,15209057.00
2013/09/17,2.17,2.24,2.09,2.10,7275585,17207408.00
2013/09/18,2.09,2.11,2.07,2.11,4363077,10035149.00
2013/09/23,2.11,2.17,2.08,2.16,5262094,12319206.00
2013/09/24,2.15,2.15,2.04,2.12,6559203,15189588.00
2013/09/25,2.12,2.12,2.06,2.07,5348555,12305263.00
2013/09/26,2.08,2.08,2.02,2.03,4100349,9256956.00
2013/09/27,2.01,2.03,2.00,2.02,2086498,4653047.00
2013/09/30,2.03,2.04,2.01,2.03,1998404,4464656.00
2013/10/08,2.05,2.08,2.02,2.07,2923098,6621173.00
2013/10/09,2.08,2.15,2.06,2.13,6873428,15945393.00
2013/10/10,2.13,2.16,2.09,2.10,4433371,10320969.00
2013/10/11,2.12,2.16,2.11,2.14,6200101,14531040.00
2013/10/14,2.13,2.16,2.12,2.15,4773308,11230776.00
2013/10/15,2.15,2.15,2.10,2.12,5160188,12007920.00
2013/10/16,2.10,2.11,2.06,2.08,4873823,11135463.00
2013/10/17,2.09,2.10,2.06,2.07,3272118,7500321.00
2013/10/18,2.07,2.08,2.06,2.07,2692476,6138038.00
2013/10/21,2.07,2.10,2.04,2.09,3904090,8921828.00
2013/10/22,2.10,2.10,2.08,2.10,2462609,5664797.00
2013/10/23,2.10,2.13,2.08,2.09,4390443,10163833.00
2013/10/24,2.09,2.10,2.04,2.05,3308489,7538631.00
2013/10/25,2.05,2.08,2.02,2.04,2365602,5321913.00
2013/10/28,2.04,2.05,2.02,2.04,1332284,2990930.00
2013/10/29,2.04,2.06,1.96,2.00,5449434,12082828.00
2013/10/30,2.00,2.04,1.99,2.03,2582420,5734506.00
2013/10/31,2.03,2.06,2.01,2.05,2383677,5346963.00
2013/11/01,2.05,2.06,2.02,2.04,3096231,6951407.00
2013/11/04,2.04,2.05,2.02,2.04,1425191,3194334.00
2013/11/05,2.05,2.06,2.03,2.06,2358821,5319717.00
2013/11/06,2.06,2.06,2.04,2.05,1657456,3743577.00
2013/11/07,2.05,2.05,2.01,2.01,1264600,2826307.00
2013/11/08,2.01,2.02,1.99,1.99,1796658,3981739.00
2013/11/11,2.00,2.01,1.98,2.00,1072179,2362281.00
2013/11/12,2.00,2.02,1.99,2.01,1216298,2699166.00
2013/11/13,2.01,2.02,1.99,1.99,1412793,3123646.00
2013/11/14,1.99,2.01,1.98,2.00,1662018,3659652.00
2013/11/15,2.00,2.05,1.99,2.03,2541663,5688678.00
2013/11/18,2.05,2.08,2.03,2.08,3713564,8411061.00
2013/11/19,2.07,2.09,2.04,2.07,2581869,5875177.00
2013/11/20,2.06,2.09,2.05,2.08,3478657,7933977.00
2013/11/21,2.09,2.10,2.05,2.08,3276390,7493508.00
2013/11/22,2.08,2.08,2.05,2.06,1841560,4193154.00
2013/11/25,2.06,2.08,2.05,2.06,2162576,4920951.00
2013/11/26,2.05,2.18,2.05,2.12,11189732,26081116.00
2013/11/27,2.10,2.16,2.07,2.15,10962149,25510714.00
2013/11/28,2.20,2.24,2.15,2.16,15658628,37360832.00
2013/11/29,2.14,2.16,2.11,2.13,6833415,15988678.00
2013/12/02,2.10,2.12,2.04,2.05,6849880,15645576.00
2013/12/03,2.05,2.10,2.04,2.09,2953630,6768863.00
2013/12/04,2.08,2.13,2.08,2.11,5786591,13455129.00
2013/12/05,2.11,2.13,2.10,2.11,3746391,8695518.00
2013/12/06,2.11,2.13,2.09,2.11,3725869,8654651.00
2013/12/09,2.12,2.13,2.10,2.11,3268230,7587887.00
2013/12/10,2.12,2.13,2.10,2.11,2393066,5556902.00
2013/12/11,2.11,2.11,2.06,2.08,2889696,6629075.00
2013/12/12,2.08,2.09,2.07,2.09,1486654,3406416.00
2013/12/13,2.08,2.09,2.07,2.08,1702605,3902219.00
2013/12/16,2.09,2.09,2.04,2.06,2463740,5616477.00
2013/12/17,2.05,2.06,2.03,2.04,1649417,3718884.00
2013/12/18,2.03,2.06,2.03,2.04,919901,2073768.00
2013/12/19,2.04,2.06,2.02,2.03,1188686,2670985.00
2013/12/20,2.04,2.04,1.99,2.00,2197588,4867262.00
2013/12/23,2.00,2.02,1.98,2.00,1562869,3442593.00
2013/12/24,1.99,2.02,1.99,2.01,1245350,2755918.00
2013/12/25,2.01,2.03,2.00,2.02,1307700,2913166.00
2013/12/26,2.03,2.03,1.97,1.97,1517680,3338589.00
2013/12/27,1.98,2.01,1.98,2.00,1197559,2637863.00
2013/12/30,2.01,2.02,1.99,2.01,965449,2137673.00
2013/12/31,2.01,2.02,1.98,2.02,1576397,3487741.00
2014/01/02,2.02,2.02,2.00,2.02,1431126,3180037.00
2014/01/03,2.01,2.02,1.98,1.99,979163,2158682.00
2014/01/06,1.99,1.99,1.93,1.94,1825401,3939653.00
2014/01/07,1.94,1.95,1.92,1.95,1304478,2805675.00
2014/01/08,1.94,1.96,1.92,1.94,1344944,2884915.00
2014/01/09,1.94,1.95,1.89,1.90,1116433,2381770.00
2014/01/10,1.91,1.91,1.89,1.89,1519445,3202346.00
2014/01/13,1.89,1.90,1.88,1.90,1571400,3297542.00
2014/01/14,1.91,1.93,1.88,1.93,2718742,5736835.00
2014/01/15,1.92,1.92,1.89,1.90,1184895,2500514.00
2014/01/16,1.91,1.92,1.89,1.91,987498,2086825.00
2014/01/17,1.91,1.91,1.88,1.89,1097830,2299408.00
2014/01/20,1.88,1.89,1.87,1.88,1380344,2884061.00
2014/01/21,1.88,1.90,1.88,1.89,1204890,2529564.00
2014/01/22,1.89,1.94,1.89,1.94,3427689,7301204.00
2014/01/23,1.93,1.94,1.91,1.92,1442004,3079177.00
2014/01/24,1.91,1.95,1.91,1.93,1976909,4246410.00
2014/01/27,1.93,1.93,1.90,1.90,1768141,3759046.00
2014/01/28,1.91,1.93,1.90,1.91,1450032,3075330.00
2014/01/29,1.92,1.95,1.91,1.94,1712072,3668441.00
2014/01/30,1.93,1.94,1.91,1.93,695035,1482233.00
2014/02/07,1.92,1.95,1.91,1.93,2070398,4433155.00
2014/02/10,1.93,2.09,1.93,1.99,7288792,16107679.00
2014/02/11,1.98,2.00,1.97,1.99,3771607,8277113.00
2014/02/12,1.99,2.01,1.98,2.01,3162380,6981047.00
2014/02/13,2.01,2.01,1.98,1.98,2577640,5687776.00
2014/02/14,1.98,2.02,1.98,2.01,2485088,5483871.00
2014/02/17,2.01,2.03,2.00,2.02,4351211,9695200.00
2014/02/18,2.03,2.03,2.00,2.01,1756963,3905573.00
2014/02/19,2.01,2.03,1.99,2.02,2612087,5811212.00
2014/02/20,2.03,2.07,2.02,2.03,4812392,10836101.00
2014/02/21,2.03,2.03,1.98,1.99,2897744,6413011.00
2014/02/24,1.98,2.00,1.93,1.95,3321777,7194266.00
2014/02/25,1.95,1.96,1.90,1.92,2689033,5765099.00
2014/02/26,1.92,1.93,1.89,1.93,1880835,3997805.00
2014/02/27,1.94,1.94,1.91,1.92,2204485,4710308.00
2014/02/28,1.91,1.95,1.90,1.94,2128982,4555324.00
2014/03/03,1.94,1.97,1.93,1.95,2313186,5000214.00
2014/03/04,1.94,1.97,1.94,1.96,2042765,4425963.00
2014/03/05,1.96,1.97,1.95,1.95,1192492,2580907.00
2014/03/06,1.94,1.96,1.92,1.95,1807992,3892146.00
2014/03/07,1.96,1.96,1.94,1.95,1860390,4018434.00
2014/03/10,1.94,1.95,1.89,1.90,1766610,3755895.00
2014/03/11,1.90,1.91,1.88,1.90,2288311,4814772.00
2014/03/12,1.90,1.92,1.89,1.91,2162108,4573010.00
2014/03/13,1.91,1.94,1.90,1.92,1831228,3898428.00
2014/03/14,1.92,1.93,1.90,1.92,1614990,3423849.00
2014/03/17,1.92,1.93,1.90,1.93,1644805,3505534.00
2014/03/18,1.93,1.94,1.92,1.93,1675173,3585720.00
2014/03/19,1.92,1.96,1.92,1.96,2882855,6204557.00
2014/03/20,1.96,1.98,1.93,1.93,3764136,8146737.00
2014/03/21,1.93,2.01,1.93,1.97,4360509,9486923.00
2014/03/24,1.95,2.01,1.95,2.00,4751994,10447711.00
2014/03/25,2.00,2.04,1.99,1.99,4084135,9058163.00
2014/03/26,2.00,2.02,1.98,1.99,2383473,5251834.00
2014/03/27,1.99,2.04,1.98,2.00,4562821,10122756.00
2014/03/28,1.98,2.03,1.97,1.99,4030399,8869839.00
2014/03/31,1.99,1.99,1.95,1.96,2270356,4956519.00
2014/04/01,1.96,1.99,1.95,1.98,2515578,5476390.00
2014/04/02,1.99,2.00,1.97,1.99,2881425,6330759.00
2014/04/03,1.99,2.00,1.97,1.98,1968091,4323736.00
2014/04/04,1.98,2.00,1.97,2.00,1517163,3334002.00
2014/04/08,1.99,2.02,1.98,2.01,3343764,7391020.00
2014/04/09,2.01,2.02,2.00,2.01,2502918,5554251.00
2014/04/10,2.01,2.04,2.00,2.03,5608359,12511362.00
2014/04/11,2.03,2.04,2.01,2.03,4250519,9521713.00
2014/04/14,2.03,2.03,2.00,2.02,2633531,5861782.00
2014/04/15,2.01,2.08,2.00,2.01,6172153,13872358.00
2014/04/16,2.01,2.03,2.01,2.02,3283619,7308971.00
2014/04/17,2.03,2.03,2.00,2.02,1654010,3677451.00
2014/04/18,2.01,2.03,2.00,2.03,1964755,4369653.00
2014/04/21,2.02,2.02,1.98,1.98,2509550,5553782.00
2014/04/22,1.98,2.00,1.97,1.98,2020907,4440496.00
2014/04/23,1.98,2.00,1.98,1.99,2449725,5386571.00
2014/04/24,2.00,2.00,1.97,1.98,1360340,2983012.00
2014/04/25,1.97,2.00,1.97,1.98,2253881,4940257.00
2014/04/28,1.97,1.98,1.93,1.94,2244154,4845914.00
2014/04/29,1.93,1.96,1.93,1.95,1628635,3511509.00
2014/04/30,1.95,1.99,1.94,1.98,2097419,4589205.00
2014/05/05,1.97,2.03,1.97,2.01,4365526,9669752.00
2014/05/06,2.00,2.03,2.00,2.02,2557186,5703866.00
2014/05/07,2.01,2.05,2.00,2.03,6367615,14272863.00
2014/05/08,2.03,2.04,2.01,2.01,2754754,6155385.00
2014/05/09,2.01,2.03,1.99,2.01,1864121,4131130.00
2014/05/12,2.02,2.07,2.01,2.05,4607030,10393641.00
2014/05/13,2.06,2.07,2.04,2.05,3587629,8119707.00
2014/05/14,2.05,2.06,2.04,2.05,1445602,3269566.00
2014/05/15,2.05,2.06,2.02,2.02,2660579,5990546.00
2014/05/16,2.01,2.06,2.01,2.05,2648453,5943933.00
2014/05/19,2.04,2.05,2.01,2.03,1942926,4346056.00
2014/05/20,2.04,2.04,2.02,2.02,1396205,3128225.00
2014/05/21,2.03,2.04,2.00,2.04,1224088,2736089.00
2014/05/22,2.03,2.05,2.02,2.03,1988574,4463613.00
2014/05/23,2.03,2.05,2.02,2.04,1471546,3304287.00
2014/05/26,2.03,2.07,2.03,2.06,2929567,6633331.00
2014/05/27,2.06,2.07,2.04,2.07,2239568,5080951.00
2014/05/28,2.06,2.07,2.03,2.05,1972795,4448348.00
2014/05/29,2.05,2.05,2.03,2.04,1513600,3405854.00
2014/05/30,2.04,2.04,2.01,2.02,3425973,7654890.00
2014/06/03,2.03,2.04,2.01,2.04,3118951,6975755.00
2014/06/04,2.03,2.03,1.99,2.00,1979463,4390368.00
2014/06/05,2.01,2.02,1.99,2.00,2988871,6622827.00
2014/06/06,2.00,2.01,1.97,1.99,2601945,5722348.00
2014/06/09,1.99,2.00,1.99,1.99,1285685,2832307.00
2014/06/10,1.99,2.01,1.99,2.01,1107615,2450688.00
2014/06/11,2.00,2.02,1.99,2.02,1824028,4051385.00
2014/06/12,2.02,2.03,2.01,2.03,1769227,3954431.00
2014/06/13,2.03,2.04,2.02,2.03,2400923,5387540.00
2014/06/16,2.03,2.05,2.03,2.05,2959238,6652110.00
2014/06/17,2.04,2.04,2.02,2.02,1528296,3422056.00
2014/06/18,2.02,2.03,1.99,2.00,2524278,5588413.00
2014/06/19,2.00,2.01,1.97,1.98,1667563,3676357.00
2014/06/20,1.98,2.00,1.97,2.00,1784626,3931781.00
2014/06/23,2.00,2.02,1.99,2.02,1231286,2730230.00
2014/06/24,2.02,2.04,2.02,2.03,3538633,7927344.00
2014/06/25,2.02,2.03,2.01,2.02,2388115,5318178.00
2014/06/26,2.03,2.05,2.02,2.04,3239468,7087585.00
2014/06/27,2.04,2.07,2.03,2.07,5733624,12652475.00
2014/06/30,2.07,2.09,2.06,2.07,3585977,7970458.00
2014/07/01,2.06,2.08,2.05,2.07,3503226,7768225.00
2014/07/02,2.06,2.11,2.05,2.10,8290428,18544692.00
2014/07/03,2.10,2.13,2.08,2.11,11007358,24836588.00
2014/07/04,2.10,2.11,2.08,2.10,5025564,11267451.00
2014/07/07,2.09,2.10,2.07,2.09,2689916,6009011.00
2014/07/08,2.09,2.09,2.07,2.09,2704597,6031887.00
2014/07/09,2.09,2.09,2.07,2.07,3412081,7601119.00
2014/07/10,2.07,2.10,2.06,2.08,3561646,7941900.00
2014/07/11,2.08,2.13,2.08,2.11,5130865,11578397.00
2014/07/14,2.11,2.12,2.09,2.12,5016281,11320821.00
2014/07/15,2.11,2.12,2.10,2.12,3708581,8375830.00
2014/07/16,2.12,2.14,2.10,2.13,7522951,17110804.00
2014/07/17,2.13,2.13,2.10,2.11,3851637,8711902.00
2014/07/18,2.11,2.13,2.10,2.12,3484592,7896266.00
2014/07/21,2.11,2.12,2.10,2.10,2185236,4925851.00
2014/07/22,2.10,2.14,2.09,2.13,5085820,11518742.00
2014/07/23,2.13,2.17,2.12,2.14,7560656,17354016.00
2014/07/24,2.14,2.16,2.12,2.16,5884324,13486484.00
2014/07/25,2.15,2.38,2.15,2.31,38586557,92421728.00
2014/07/28,2.28,2.41,2.26,2.35,37895051,94008496.00
2014/07/29,2.31,2.36,2.29,2.32,18695544,46277960.00
2014/07/30,2.30,2.36,2.28,2.32,12310352,30409220.00
2014/07/31,2.32,2.33,2.27,2.32,10493707,25741702.00
2014/08/01,2.33,2.36,2.21,2.23,27893943,67601056.00
2014/08/04,2.23,2.27,2.22,2.27,13452738,32236562.00
2014/08/05,2.26,2.27,2.23,2.27,11472195,27533468.00
2014/08/06,2.26,2.32,2.24,2.31,14785973,35991728.00
2014/08/07,2.30,2.31,2.26,2.26,7355264,17887440.00
2014/08/08,2.26,2.28,2.25,2.28,4571909,11031662.00
2014/08/11,2.28,2.31,2.26,2.30,7367029,17997722.00
2014/08/12,2.30,2.31,2.28,2.30,4747683,11588108.00
2014/08/13,2.30,2.30,2.26,2.28,5510908,13394056.00
2014/08/14,2.28,2.33,2.27,2.29,12681133,31130972.00
2014/08/15,2.29,2.31,2.27,2.30,6697035,16367954.00
2014/08/18,2.30,2.33,2.30,2.33,8333396,20565642.00
2014/08/19,2.34,2.34,2.31,2.33,6116322,15143014.00
2014/08/20,2.34,2.58,2.33,2.58,75163877,201182736.00
2014/08/21,2.54,2.60,2.41,2.52,52016626,138024752.00
2014/08/22,2.46,2.51,2.45,2.48,20746197,54599536.00
2014/08/25,2.48,2.52,2.45,2.47,15008022,39554940.00
2014/08/26,2.48,2.48,2.38,2.40,14495075,37277976.00
2014/08/27,2.39,2.41,2.37,2.38,6754495,17131176.00
2014/08/28,2.39,2.40,2.35,2.36,6286839,15846424.00
2014/08/29,2.36,2.42,2.36,2.40,6832950,17375964.00
2014/09/01,2.40,2.42,2.38,2.40,8101857,20634822.00
2014/09/02,2.41,2.46,2.41,2.45,12548767,32551674.00
2014/09/03,2.47,2.48,2.44,2.47,10226147,26717544.00
2014/09/04,2.47,2.54,2.46,2.51,19416327,51519888.00
2014/09/05,2.51,2.53,2.48,2.52,12684309,33600872.00
2014/09/09,2.51,2.53,2.49,2.53,12338287,32903036.00
2014/09/10,2.52,2.60,2.49,2.55,17671488,47715804.00
2014/09/11,2.59,2.82,2.55,2.69,50239651,144221056.00
2014/09/12,2.65,2.72,2.61,2.71,26954452,75889272.00
2014/09/15,2.70,2.75,2.68,2.75,22180035,63859604.00
2014/09/16,2.75,2.89,2.70,2.70,37849978,110644152.00
2014/09/17,2.67,2.87,2.62,2.80,35676041,103348504.00
2014/09/18,2.76,2.98,2.76,2.90,38990726,118072272.00
2014/09/19,2.88,2.88,2.80,2.83,21083889,62897276.00
2014/09/22,2.81,2.83,2.71,2.73,17098248,49630564.00
2014/09/23,2.72,2.76,2.70,2.75,9278689,26792280.00
2014/09/24,2.74,2.80,2.67,2.79,16229420,47020784.00
2014/09/25,2.79,2.83,2.75,2.76,12822560,37826496.00
2014/09/26,2.74,2.78,2.73,2.77,8480521,24675856.00
2014/09/29,2.77,2.80,2.77,2.79,8132990,23830244.00
2014/09/30,2.79,2.84,2.78,2.83,12544964,37277932.00
2014/10/08,2.83,2.89,2.81,2.88,12808109,38449780.00
2014/10/09,2.88,2.90,2.83,2.88,13471834,40640792.00
2014/10/10,2.85,2.88,2.82,2.85,11332529,34026808.00
2014/10/13,2.82,2.84,2.78,2.83,10347600,30618736.00
2014/10/14,2.85,2.87,2.80,2.82,9964449,29788776.00
2014/10/15,2.81,2.87,2.81,2.87,13169557,39418348.00
2014/10/16,2.85,2.95,2.83,2.88,24267421,73880896.00
2014/10/17,2.85,2.87,2.72,2.77,15359221,45058852.00
2014/10/20,2.78,2.85,2.76,2.83,12115836,35807408.00
2014/10/21,2.82,2.85,2.78,2.79,10302308,30594832.00
2014/10/22,2.78,2.80,2.71,2.72,8618400,25072752.00
2014/10/23,2.71,2.71,2.58,2.61,12745204,35545208.00
2014/10/24,2.61,2.66,2.60,2.63,6500836,18058886.00
2014/10/27,2.63,2.67,2.60,2.64,5327753,14847197.00
2014/10/28,2.65,2.74,2.64,2.73,8291397,23679326.00
2014/10/29,2.72,2.82,2.72,2.80,17358430,50907688.00
2014/10/30,2.80,2.91,2.78,2.86,28098145,84486928.00
2014/10/31,2.86,2.92,2.83,2.87,21620870,65447692.00
2014/11/03,2.88,3.17,2.88,3.06,50325175,160534464.00
2014/11/04,3.03,3.29,2.99,3.15,58899335,192462848.00
2014/11/05,3.10,3.11,3.00,3.01,27348303,87247672.00
2014/11/06,3.02,3.03,2.91,2.97,16758940,52233864.00
2014/11/07,2.97,3.07,2.94,2.98,18893218,59620664.00
2014/11/10,2.98,3.11,2.96,3.10,24308886,77934688.00
2014/11/11,3.11,3.22,2.92,2.98,28357080,91543528.00
2014/11/12,2.94,3.02,2.91,3.02,10839495,33890672.00
2014/11/13,3.02,3.19,2.95,3.08,27608456,88761536.00
2014/11/14,3.08,3.08,2.95,3.00,14939691,47175796.00
2014/11/17,3.00,3.03,2.97,2.98,9179022,28858472.00
2014/11/18,2.98,2.99,2.91,2.97,10044110,31096112.00
2014/11/19,2.96,2.98,2.93,2.97,5433406,16856598.00
2014/11/20,2.96,2.99,2.94,2.97,7576071,23577688.00
2014/11/21,2.98,2.99,2.95,2.99,10665724,33330164.00
2014/11/24,3.01,3.06,2.99,3.05,17292112,54986228.00
2014/11/25,3.06,3.07,3.02,3.06,15699122,50235504.00
2014/11/26,3.07,3.08,3.02,3.07,13743814,43976048.00
2014/11/27,3.08,3.13,3.07,3.12,22299035,72414680.00
2014/11/28,3.13,3.22,3.07,3.13,23557535,77634760.00
2014/12/01,3.14,3.21,3.13,3.19,23856287,79338312.00
2014/12/02,3.19,3.19,3.12,3.17,19317386,63909504.00
2014/12/03,3.17,3.20,3.14,3.19,29065848,96512304.00
2014/12/04,3.19,3.28,3.16,3.25,26422623,89210776.00
2014/12/05,3.24,3.25,3.02,3.07,30040144,98364136.00
2014/12/08,3.06,3.16,3.03,3.15,21745875,70923032.00
2014/12/09,3.14,3.34,3.10,3.10,45371640,152324800.00
2014/12/10,3.09,3.22,3.03,3.22,24389445,79950680.00
2014/12/11,3.21,3.36,3.18,3.35,39916030,137343120.00
2014/12/12,3.43,3.70,3.43,3.70,103943118,395998336.00
2014/12/15,3.53,3.74,3.47,3.64,78858809,295119712.00
2014/12/16,3.57,3.59,3.53,3.58,33257069,123462784.00
2014/12/17,3.57,3.64,3.51,3.57,28036088,104816056.00
2014/12/18,3.54,3.72,3.47,3.63,41725773,156625040.00
2014/12/19,3.63,3.73,3.54,3.73,44734929,169910624.00
2014/12/22,3.80,3.95,3.61,3.63,51646422,202942464.00
2014/12/23,3.57,3.57,3.38,3.44,22100541,80405200.00
2014/12/24,3.41,3.47,3.41,3.46,14584617,52324720.00
2014/12/25,3.46,3.57,3.46,3.56,16786064,61634660.00
2014/12/26,3.57,3.74,3.57,3.64,26165523,99856336.00
2014/12/29,3.72,3.76,3.62,3.68,28913387,111403792.00
2014/12/30,3.68,3.69,3.54,3.56,15257441,57238476.00
2014/12/31,3.58,3.60,3.50,3.58,12551359,46514304.00
2015/01/05,3.58,3.74,3.56,3.73,28001224,107264608.00
2015/01/06,3.75,3.93,3.69,3.81,43306272,171690336.00
2015/01/07,3.79,3.82,3.68,3.75,24870744,96927120.00
2015/01/08,3.74,3.74,3.61,3.64,16314674,62203744.00
2015/01/09,3.61,3.69,3.58,3.60,13240976,50067044.00
2015/01/12,3.55,3.57,3.38,3.40,15826950,57134668.00
2015/01/13,3.39,3.44,3.37,3.41,6811471,24244240.00
2015/01/14,3.41,3.44,3.32,3.36,9305390,32977312.00
2015/01/15,3.36,3.62,3.33,3.53,22411626,81463840.00
2015/01/16,3.50,3.53,3.47,3.51,15914192,58009836.00
2015/01/19,3.41,3.42,3.14,3.19,20431462,70203000.00
2015/01/20,3.20,3.30,3.20,3.27,10114048,34429284.00
2015/01/21,3.27,3.49,3.26,3.43,18345185,64929448.00
2015/01/22,3.40,3.49,3.40,3.47,17204417,61870008.00
2015/01/23,3.47,3.47,3.41,3.43,12122900,43428512.00
2015/01/26,3.42,3.52,3.39,3.51,14176238,51088288.00
2015/01/27,3.51,3.79,3.44,3.65,37228138,139349968.00
2015/01/28,3.56,3.65,3.53,3.57,23873113,89005624.00
2015/01/29,3.54,3.62,3.51,3.56,12169851,45246944.00
2015/01/30,3.55,3.59,3.46,3.49,11632486,42696336.00
2015/02/02,3.44,3.45,3.37,3.39,10753385,38231192.00
2015/02/03,3.40,3.49,3.40,3.47,10995781,39463236.00
2015/02/04,3.47,3.49,3.42,3.42,7085149,25581414.00
2015/02/05,3.46,3.49,3.36,3.36,7570979,27021904.00
2015/02/06,3.38,3.39,3.22,3.25,11185299,38413532.00
2015/02/09,3.24,3.29,3.23,3.26,5234755,17868276.00
2015/02/10,3.25,3.31,3.25,3.30,4952578,17033344.00
2015/02/11,3.32,3.37,3.31,3.32,5614479,19578356.00
2015/02/12,3.33,3.38,3.30,3.35,5336614,18616140.00
2015/02/13,3.43,3.46,3.40,3.44,8705645,31189916.00
2015/02/16,3.45,3.53,3.44,3.49,12056156,43893936.00
2015/02/17,3.49,3.53,3.49,3.50,7209600,26369596.00
2015/02/25,3.50,3.59,3.44,3.53,14315869,52648492.00
2015/02/26,3.52,3.62,3.50,3.61,17519364,65287080.00
2015/02/27,3.63,3.63,3.57,3.60,12879268,48293600.00
2015/03/02,3.62,3.63,3.56,3.62,13062328,48988204.00
2015/03/03,3.60,3.61,3.53,3.54,13786422,51079952.00
2015/03/04,3.52,3.64,3.52,3.61,15340750,57174504.00
2015/03/05,3.59,3.60,3.51,3.54,10605136,39265164.00
2015/03/06,3.54,3.57,3.51,3.55,8172011,30215284.00
2015/03/09,3.52,3.68,3.48,3.67,24415977,91655616.00
2015/03/10,3.66,3.67,3.59,3.60,21352020,80814728.00
2015/03/11,3.59,3.61,3.56,3.60,11165102,41721196.00
2015/03/12,3.58,3.64,3.58,3.61,12349928,46483444.00
2015/03/13,3.61,3.64,3.60,3.63,10940943,41224060.00
2015/03/16,3.65,3.72,3.63,3.71,23290188,89422504.00
2015/03/17,3.71,3.82,3.70,3.82,43772032,171613792.00
2015/03/18,3.82,4.17,3.80,4.01,54159611,223992768.00
2015/03/19,3.97,4.09,3.90,4.01,46466869,193422320.00
2015/03/20,4.06,4.24,4.05,4.19,51835362,224019360.00
2015/03/23,4.20,4.29,4.16,4.27,42916604,187936400.00
2015/03/24,4.25,4.56,4.18,4.55,62685116,281425376.00
2015/03/25,4.48,4.62,4.38,4.43,42405828,196372704.00
2015/03/26,4.39,4.40,4.26,4.29,29412609,132072496.00
2015/03/27,4.29,4.36,4.28,4.34,16679274,74748384.00
2015/03/30,4.39,4.52,4.39,4.48,24354356,112409824.00
2015/03/31,4.50,4.53,4.36,4.37,21421526,98227000.00
2015/04/02,4.35,4.47,4.35,4.43,28660990,130833240.00
2015/04/03,4.43,4.83,4.40,4.70,46623900,221002512.00
2015/04/07,4.71,5.15,4.70,5.05,51697471,263931392.00
2015/04/08,5.05,5.09,4.78,4.94,34619601,175985584.00
2015/04/09,4.93,4.93,4.70,4.78,24469277,120908320.00
2015/04/10,4.77,5.00,4.72,4.97,24827172,125778224.00
2015/04/13,5.47,5.48,5.47,5.48,22219695,125062864.00
2015/04/14,6.04,6.04,6.04,6.04,24712763,152972000.00
2015/04/15,6.66,6.66,6.43,6.66,50003751,340268928.00
2015/04/16,6.62,6.62,5.98,6.28,106757559,693718528.00
2015/04/17,6.06,6.60,6.06,6.27,67094881,433800160.00
2015/04/20,6.13,6.13,5.86,5.88,54628690,334934272.00
2015/04/21,5.82,6.05,5.76,6.04,31760826,192600192.00
2015/04/22,6.04,6.25,6.00,6.19,36618302,231079136.00
2015/04/23,6.20,6.24,6.06,6.14,29340786,184212144.00
2015/04/24,6.04,6.13,5.88,6.07,26414510,162690032.00
2015/04/27,6.05,6.17,5.96,6.09,28652445,178169056.00
2015/04/28,6.05,6.08,5.84,6.04,34100138,208039728.00
2015/04/29,6.08,6.39,6.04,6.28,58503398,374357216.00
2015/04/30,6.18,6.25,6.05,6.07,31725839,200150144.00
2015/05/04,6.06,6.34,6.04,6.25,29802890,189000704.00
2015/05/05,6.26,6.59,5.98,6.01,50761860,329162144.00
2015/05/06,5.93,6.04,5.39,5.59,35286195,210697168.00
2015/05/07,5.52,5.52,5.02,5.05,31140616,166730384.00
2015/05/08,5.09,5.34,5.08,5.32,26882314,143774400.00
2015/05/11,5.38,5.69,5.33,5.64,27591260,155246144.00
2015/05/12,5.65,5.71,5.54,5.69,22792751,131732336.00
2015/05/13,5.69,5.88,5.60,5.70,27969303,165388736.00
2015/05/14,5.77,5.78,5.49,5.64,23754697,136556512.00
2015/05/15,5.60,5.60,5.31,5.39,19647001,109521680.00
2015/05/18,5.41,5.51,5.29,5.38,16573589,92118088.00
2015/05/19,5.35,5.62,5.34,5.61,20756910,117660800.00
2015/05/20,5.64,5.71,5.55,5.58,24639161,142768528.00
2015/05/21,5.55,5.70,5.52,5.70,24277992,140010784.00
2015/05/22,5.78,6.04,5.72,6.02,44967144,270917696.00
2015/05/25,5.98,6.64,5.95,6.64,70931870,468920640.00
2015/05/26,6.85,7.30,6.76,6.96,136040589,973736384.00
2015/05/27,6.96,6.96,6.66,6.89,62417855,435938912.00
2015/05/28,6.94,7.20,6.36,6.47,72584234,516049728.00
2015/05/29,6.38,6.60,5.86,6.32,45518113,292772480.00
2015/06/01,6.45,6.97,6.34,6.97,52395983,357904864.00
2015/06/02,7.04,7.07,6.80,7.06,62365490,443019104.00
2015/06/03,7.02,7.68,6.91,7.52,83601985,615788672.00
2015/06/04,7.35,7.44,6.80,7.24,59948368,437467808.00
2015/06/05,7.27,7.58,7.21,7.44,68586084,517567456.00
2015/06/08,7.46,8.20,7.36,8.20,114707756,920303232.00
2015/06/09,8.19,9.04,7.90,8.94,153400700,1342781440.00
2015/06/10,8.70,9.09,8.54,9.06,114829812,1037231424.00
2015/06/11,8.91,9.06,8.80,8.87,55339200,499402592.00
2015/06/12,8.97,9.67,8.94,9.59,118678373,1127227520.00
2015/06/15,9.47,10.56,9.27,10.56,164111940,1645239808.00
2015/06/16,10.27,10.48,9.82,10.32,152210556,1565559296.00
2015/06/17,10.40,10.40,9.60,10.19,136764142,1382789888.00
2015/06/18,9.93,10.60,9.78,10.22,130413939,1344131072.00
2015/06/19,9.97,10.22,9.19,9.43,86483893,840601536.00
2015/06/23,9.44,9.78,8.48,9.67,96374286,885282048.00
2015/06/24,9.47,10.02,9.33,9.66,123890218,1206579712.00
2015/06/25,9.44,9.61,8.69,8.69,95130266,876109632.00
2015/06/26,8.09,8.09,7.81,7.81,39533116,313679648.00
2015/06/29,7.42,7.91,7.02,7.02,61066419,443502976.00
2015/06/30,6.57,7.71,6.31,7.45,76984079,534848032.00
2015/07/01,7.14,7.60,6.70,6.70,63570206,464860544.00
2015/07/02,6.60,6.62,6.02,6.02,48942461,306739840.00
2015/07/03,5.70,6.03,5.41,5.41,46846454,262737856.00
2015/07/06,5.92,5.92,4.86,4.93,59630094,319279264.00
2015/07/07,4.63,4.70,4.43,4.43,31711683,144577280.00
2015/07/08,3.98,3.98,3.98,3.98,6755100,27425706.00
2015/07/09,3.62,4.39,3.62,4.39,63919628,269409632.00
2015/07/10,4.61,4.84,4.43,4.84,28609614,137197232.00
2015/07/13,5.27,5.33,5.03,5.33,63987830,342195776.00
2015/07/14,5.46,5.87,5.33,5.57,82436015,469177504.00
2015/07/15,5.39,5.51,5.01,5.01,49367891,259478560.00
2015/07/16,4.67,5.45,4.63,5.36,56416700,296172736.00
2015/07/17,5.41,5.87,5.32,5.75,54942352,310825728.00
2015/07/20,5.82,6.01,5.53,5.70,64419142,377246016.00
2015/07/21,5.57,6.28,5.48,6.28,60846930,366091264.00
2015/07/22,6.28,6.69,5.93,6.21,91293202,585976128.00
2015/07/23,6.08,6.40,5.98,6.28,61819517,386894720.00
2015/07/24,6.26,6.28,5.92,5.99,51197545,319435008.00
2015/07/27,5.80,6.02,5.38,5.38,42354391,244446832.00
2015/07/28,4.92,5.40,4.83,4.98,42599270,218094176.00
2015/07/29,5.10,5.49,4.98,5.49,36344455,191519232.00
2015/07/30,5.49,5.97,5.37,5.59,55130705,316600000.00
2015/07/31,5.47,5.66,5.22,5.36,30110181,166442800.00
2015/08/03,5.18,5.29,4.84,5.03,28053712,144309712.00
2015/08/04,5.04,5.42,5.04,5.41,28308110,151375904.00
2015/08/05,5.33,5.92,5.32,5.63,56224098,317564640.00
2015/08/06,5.42,5.59,5.33,5.42,34118390,188621392.00
2015/08/07,5.54,5.67,5.47,5.58,34336336,193922624.00
2015/08/10,5.62,5.93,5.60,5.87,49612509,290660448.00
2015/08/11,5.85,6.04,5.79,5.89,51725693,309789856.00
2015/08/12,5.79,6.18,5.73,5.90,60365854,365069312.00
2015/08/13,5.77,5.98,5.69,5.98,45309222,269173152.00
2015/08/14,5.99,6.30,5.95,6.22,68109586,422845696.00
2015/08/17,6.21,6.56,6.15,6.47,73671605,475088864.00
2015/08/18,6.38,6.47,5.82,5.82,65321456,403921504.00
2015/08/19,5.50,6.18,5.32,6.13,54072342,316843584.00
2015/08/20,6.02,6.36,5.90,5.94,53504937,331817184.00
2015/08/21,5.73,5.87,5.42,5.48,39115704,223537840.00
2015/08/24,5.16,5.22,4.92,4.92,25844632,130567208.00
2015/08/25,4.42,4.58,4.42,4.42,19957553,90537304.00
2015/08/26,4.48,4.62,4.03,4.15,34153598,152168176.00
2015/08/27,4.27,4.39,4.03,4.38,23688072,102592920.00
2015/08/28,4.48,4.83,4.41,4.83,37332003,176966240.00
2015/08/31,4.79,4.95,4.55,4.74,42768743,206295920.00
2015/09/01,4.65,4.69,4.32,4.34,25411057,115765912.00
2015/09/02,4.07,4.52,4.07,4.16,18824242,81932608.00
2015/09/07,4.24,4.50,4.24,4.30,18474046,82106080.00
2015/09/08,4.29,4.60,4.23,4.54,16934900,76195104.00
2015/09/09,4.55,4.75,4.50,4.72,28224817,133457168.00
2015/09/10,4.61,4.69,4.49,4.51,18780620,87855672.00
2015/09/11,4.49,4.59,4.39,4.54,14390900,65969488.00
2015/09/14,4.59,4.61,4.08,4.09,23949275,104051048.00
2015/09/15,4.06,4.17,3.89,3.91,16497091,67252712.00
2015/09/16,3.96,4.31,3.95,4.28,21563190,90663280.00
2015/09/17,4.23,4.37,4.11,4.12,23365704,100999592.00
2015/09/18,4.17,4.21,4.08,4.17,15126575,63953844.00
2015/09/21,4.12,4.33,4.08,4.29,17284304,74288856.00
2015/09/22,4.23,4.40,4.23,4.33,20333198,89744320.00
2015/09/23,4.26,4.34,4.22,4.24,15662576,68077328.00
2015/09/24,4.27,4.45,4.26,4.35,17556668,77777600.00
2015/09/25,4.30,4.32,4.10,4.15,15893500,68036256.00
2015/09/28,4.15,4.20,4.08,4.19,7835276,33199496.00
2015/09/29,4.14,4.16,4.06,4.08,8435677,35274212.00
2015/09/30,4.11,4.22,4.07,4.15,8937012,37783136.00
2015/10/08,4.36,4.40,4.19,4.30,16599588,72853768.00
2015/10/09,4.29,4.49,4.25,4.39,20338128,90099072.00
2015/10/12,4.41,4.61,4.35,4.58,30024471,137647824.00
2015/10/13,4.50,4.61,4.47,4.60,21949178,101568576.00
2015/10/14,4.56,4.62,4.49,4.50,19455591,90179048.00
2015/10/15,4.45,4.65,4.45,4.65,22659550,105776080.00
2015/10/16,4.67,4.90,4.65,4.85,40837419,198126816.00
2015/10/19,4.82,4.82,4.59,4.71,30950771,148519776.00
2015/10/20,4.68,4.77,4.63,4.76,18397173,88137936.00
2015/10/21,4.75,4.83,4.38,4.41,26410139,124212376.00
2015/10/22,4.42,4.55,4.32,4.53,17987645,81495136.00
2015/10/23,4.54,4.68,4.48,4.66,19639639,91515608.00
2015/10/26,4.72,4.75,4.63,4.69,19775166,94217904.00
2015/10/27,4.68,4.69,4.44,4.65,15043673,70071840.00
2015/10/28,4.63,4.70,4.52,4.55,14993526,70475648.00
2015/10/29,4.57,4.66,4.55,4.62,13528127,63405724.00
2015/10/30,4.62,4.69,4.55,4.63,15637884,73816456.00
2015/11/02,4.56,4.83,4.32,4.57,34911738,166077664.00
2015/11/03,4.54,4.61,4.34,4.46,21633143,98398424.00
2015/11/04,4.47,4.77,4.47,4.74,31144787,147420192.00
2015/11/05,4.73,4.98,4.72,4.85,57677243,285933952.00
2015/11/06,4.82,5.29,4.78,5.10,68269031,349540352.00
2015/11/09,4.98,5.11,4.92,5.04,38545661,196489008.00
2015/11/10,5.01,5.07,4.94,4.98,28340724,144104144.00
2015/11/11,4.98,5.05,4.94,5.02,21558593,109409128.00
2015/11/12,5.00,5.04,4.89,4.93,20987091,105622072.00
2015/11/13,4.88,5.02,4.83,4.90,23184876,115922304.00
2015/11/16,4.82,4.96,4.79,4.96,14313354,70810320.00
2015/11/17,4.97,5.03,4.91,4.93,22647048,114739016.00
2015/11/18,4.92,4.95,4.84,4.87,16308191,81243400.00
2015/11/19,4.87,4.96,4.85,4.95,15190639,75838536.00
2015/11/20,4.95,5.11,4.93,5.07,29945172,152570080.00
2015/11/23,5.08,5.16,4.96,4.99,26688486,136914512.00
2015/11/24,4.95,5.02,4.88,5.01,16714990,84078528.00
2015/11/25,4.98,5.02,4.95,5.02,12169004,61743756.00
2015/11/26,5.04,5.05,4.98,4.99,15385242,78350952.00
2015/11/27,4.95,4.98,4.52,4.62,21980689,107112112.00
2015/11/30,4.61,4.67,4.37,4.58,13669341,63100864.00
2015/12/01,4.56,4.67,4.54,4.65,11302095,53124168.00
2015/12/02,4.65,4.70,4.52,4.69,13613035,63956872.00
2015/12/03,4.67,4.83,4.64,4.80,14765833,71160816.00
2015/12/04,4.74,4.77,4.68,4.69,14093974,67709528.00
2015/12/07,4.71,4.74,4.67,4.73,7589823,36391400.00
2015/12/08,4.72,4.72,4.55,4.59,8488500,39960264.00
2015/12/09,4.55,4.61,4.55,4.57,5950138,27741426.00
2016/01/25,4.51,4.51,4.12,4.25,20487788,89033888.00
2016/01/26,4.15,4.19,3.82,3.83,16103258,65811668.00
2016/01/27,3.77,3.85,3.50,3.70,12723125,47790472.00
2016/01/28,3.66,3.76,3.53,3.55,9580260,35979424.00
2016/01/29,3.54,3.69,3.51,3.65,8980857,33244618.00
2016/02/01,3.65,3.65,3.42,3.53,8299705,30176910.00
2016/02/02,3.53,3.66,3.52,3.63,9079296,33503422.00
2016/02/03,3.58,3.64,3.55,3.63,6004566,22027904.00
2016/02/04,3.64,3.75,3.64,3.71,8627974,32600478.00
2016/02/05,3.72,3.76,3.63,3.64,7211145,27144722.00
2016/02/15,3.48,3.71,3.45,3.68,9415052,34662540.00
2016/02/16,3.67,3.81,3.67,3.79,11027506,42473216.00
2016/02/17,3.75,3.85,3.75,3.84,10149832,39381100.00
2016/02/18,3.84,3.90,3.81,3.82,8869102,34841652.00
2016/02/19,3.82,3.83,3.75,3.81,5793585,22431274.00
2016/02/22,3.84,3.92,3.83,3.92,11245471,44560080.00
2016/02/23,3.90,3.94,3.80,3.86,7903831,31183000.00
2016/02/24,3.83,3.91,3.79,3.90,7854728,30903668.00
2016/02/25,3.87,3.90,3.50,3.51,13000506,49076488.00
2016/02/26,3.57,3.59,3.48,3.57,7482849,27137248.00
2016/02/29,3.56,3.57,3.28,3.37,9345615,32359388.00
2016/03/01,3.41,3.49,3.35,3.46,7717876,26957152.00
2016/03/02,3.44,3.67,3.44,3.66,10555731,38673656.00
2016/03/03,3.66,3.76,3.66,3.70,11786805,44784008.00
2016/03/04,3.68,3.71,3.54,3.67,11815325,43933788.00
2016/03/07,3.66,3.76,3.66,3.74,9711000,36871436.00
2016/03/08,3.71,3.81,3.57,3.78,10666458,40197236.00
2016/03/09,3.69,3.71,3.63,3.67,8367114,31389708.00
2016/03/10,3.67,3.70,3.58,3.59,5385179,20063404.00
2016/03/11,3.57,3.61,3.52,3.56,4456500,16239987.00
2016/03/14,3.61,3.70,3.58,3.65,7361406,27509938.00
2016/03/15,3.65,3.67,3.61,3.65,5447840,20277140.00
2016/03/16,3.65,3.70,3.61,3.62,5236204,19538520.00
2016/03/17,3.63,3.71,3.63,3.70,6562367,24656632.00
2016/03/18,3.70,3.86,3.70,3.84,13026126,50201908.00
2016/03/21,3.98,4.16,3.96,3.99,28712292,117799392.00
2016/03/22,3.92,3.98,3.88,3.89,15031618,60102648.00
2016/03/23,3.87,3.92,3.87,3.90,7270384,28889030.00
2016/03/24,3.89,3.93,3.82,3.83,9387660,37075852.00
2016/03/25,3.82,3.88,3.81,3.86,7173275,28159272.00
2016/03/28,3.86,3.91,3.84,3.85,8541988,33850240.00
2016/03/29,3.83,3.86,3.75,3.79,5936543,23052372.00
2016/03/30,3.81,3.89,3.81,3.88,6800596,26729268.00
2016/03/31,3.90,3.93,3.87,3.91,10593190,42210872.00
2016/04/01,3.90,3.93,3.82,3.90,9381943,37174252.00
2016/04/05,3.91,3.97,3.85,3.97,11526134,46220568.00
2016/04/06,3.95,3.98,3.91,3.96,9066024,36552932.00
2016/04/07,3.97,3.99,3.91,3.93,9578767,38612744.00
2016/04/08,3.87,3.92,3.82,3.86,7962909,31301168.00
2016/04/11,3.88,3.95,3.88,3.94,9360521,37523684.00
2016/04/12,3.92,3.94,3.87,3.90,5109077,20319692.00
2016/04/13,3.92,4.01,3.92,3.97,12865769,52236376.00
2016/04/14,3.99,4.04,3.96,4.04,10229185,41748412.00
2016/04/15,4.05,4.07,3.98,4.04,9177902,37626584.00
2016/04/18,4.04,4.04,3.95,3.98,6928035,28118840.00
2016/04/19,3.99,4.01,3.96,3.99,5834983,23719888.00
2016/04/20,3.99,4.00,3.71,3.81,12171534,47794272.00
2016/04/21,3.79,3.83,3.73,3.75,6392903,24712068.00
2016/04/22,3.74,3.76,3.70,3.76,4870186,18565756.00
2016/04/25,3.75,3.77,3.68,3.75,4461997,16991134.00
2016/04/26,3.74,3.84,3.73,3.83,6027197,23277188.00
2016/04/27,3.87,3.91,3.80,3.80,6758001,26522308.00
2016/04/28,3.75,3.80,3.70,3.77,5098598,19531548.00
2016/04/29,3.75,3.79,3.74,3.76,2778905,10683428.00
2016/05/03,3.77,3.87,3.73,3.86,7065522,27541128.00
2016/05/04,3.85,3.89,3.82,3.89,7233170,28499680.00
2016/05/05,3.87,4.09,3.86,3.94,11424618,45957184.00
2016/05/06,3.92,3.95,3.78,3.81,8883231,34992056.00
2016/05/09,3.78,3.78,3.61,3.64,6484542,24320674.00
2016/05/10,3.64,3.66,3.62,3.65,3448878,12837238.00
2016/05/11,3.67,3.69,3.59,3.60,4496475,16714725.00
2016/05/12,3.57,3.57,3.47,3.55,6457272,23230534.00
2016/05/13,3.52,3.58,3.50,3.52,3722773,13480121.00
2016/05/16,3.52,3.56,3.48,3.56,3885725,14004531.00
2016/05/17,3.56,3.58,3.51,3.53,3303683,11955606.00
2016/05/18,3.51,3.52,3.39,3.44,6110653,21499636.00
2016/05/19,3.44,3.48,3.41,3.43,4188874,14781655.00
2016/05/20,3.42,3.45,3.37,3.44,3291350,11499324.00
2016/05/23,3.44,3.50,3.44,3.48,3309145,11763055.00
2016/05/24,3.48,3.48,3.42,3.43,2506939,8825062.00
2016/05/25,3.44,3.48,3.41,3.42,3176850,11208898.00
2016/05/26,3.40,3.45,3.36,3.44,3308439,11521318.00
2016/05/27,3.44,3.46,3.41,3.43,2405297,8454858.00
2016/05/30,3.43,3.45,3.38,3.41,2645400,9267027.00
2016/05/31,3.41,3.57,3.41,3.55,8200866,29513014.00
2016/06/01,3.54,3.62,3.53,3.58,7051066,25910368.00
2016/06/02,3.59,3.59,3.51,3.57,5948101,21592020.00
2016/06/03,3.57,3.59,3.55,3.58,3963225,14457810.00
2016/06/06,3.58,3.95,3.57,3.95,39302223,156101024.00
2016/06/07,3.97,4.01,3.80,3.98,45542085,181504592.00
2016/06/08,3.89,3.95,3.86,3.91,18837508,75070592.00
2016/06/13,3.92,3.97,3.72,3.78,19536037,77569384.00
2016/06/14,3.78,3.89,3.78,3.86,10321665,40522288.00
2016/06/15,3.78,4.03,3.78,4.01,22996547,92580848.00
2016/06/16,3.97,4.07,3.93,3.95,19422083,78922088.00
2016/06/17,3.94,4.00,3.90,3.94,12534839,50389296.00
2016/06/20,3.94,3.97,3.87,3.95,7839179,31153458.00
2016/06/21,3.96,4.04,3.90,3.92,14244028,57442136.00
2016/06/22,3.91,3.95,3.88,3.95,8038260,31825740.00
2016/06/23,3.94,3.95,3.84,3.85,8502225,33398316.00
2016/06/24,3.86,3.89,3.66,3.81,9951358,38263312.00
2016/06/27,3.78,3.85,3.77,3.84,8310583,32102012.00
2016/06/28,3.82,3.84,3.78,3.84,7591013,29318424.00
2016/06/29,3.84,3.95,3.81,3.92,12336144,48427704.00
2016/06/30,3.92,3.92,3.85,3.87,7551753,29647860.00
2016/07/01,3.86,3.91,3.80,3.81,9754922,38043548.00
2016/07/04,3.78,3.87,3.76,3.86,8572843,33420548.00
2016/07/05,3.85,3.89,3.84,3.88,8953042,35080628.00
2016/07/06,3.87,3.88,3.84,3.87,7009677,27435148.00
2016/07/07,3.86,4.25,3.85,3.99,20727278,83334168.00
2016/07/08,3.95,3.97,3.89,3.91,10614804,42143832.00
2016/07/11,3.91,3.96,3.90,3.90,8802253,35043464.00
2016/07/12,3.90,3.96,3.88,3.95,10456033,41624732.00
2016/07/13,3.96,3.99,3.95,3.97,9444176,37966636.00
2016/07/14,3.97,3.97,3.94,3.96,6675347,26730648.00
2016/07/15,3.97,4.00,3.92,3.98,10025821,40232120.00
2016/07/18,3.96,3.97,3.88,3.90,7506038,29804438.00
2016/07/19,3.90,3.92,3.88,3.92,4364503,17239224.00
2016/07/20,3.91,3.94,3.90,3.93,4618590,18332596.00
2016/07/21,3.92,3.95,3.89,3.93,5468111,21759702.00
2016/07/22,3.92,3.93,3.84,3.87,8282574,32513160.00
2016/07/25,3.85,3.90,3.84,3.88,4153900,16281777.00
2016/07/26,3.88,3.91,3.86,3.91,4189216,16528927.00
2016/07/27,3.91,3.95,3.79,3.84,10949710,43072636.00
2016/07/28,3.83,3.91,3.80,3.88,7892990,30781846.00
2016/07/29,3.87,3.94,3.85,3.86,11478691,45291976.00
2016/08/01,3.86,3.86,3.51,3.74,9661663,36525036.00
2016/08/02,3.74,3.78,3.70,3.78,5391848,20463200.00
2016/08/03,3.76,3.80,3.75,3.77,6616135,25262986.00
2016/08/04,3.78,3.79,3.73,3.78,9936168,37909608.00
2016/08/05,3.79,3.81,3.76,3.76,5444034,20844346.00
2016/08/08,3.76,3.84,3.75,3.82,6650578,25615124.00
2016/08/09,3.82,3.84,3.79,3.84,6219082,24075772.00
2016/08/10,3.82,3.90,3.82,3.88,8859147,34772904.00
2016/08/11,3.88,3.88,3.79,3.80,6485277,25158050.00
2016/08/12,3.79,3.84,3.78,3.83,5175712,19958808.00
2016/08/15,3.84,3.92,3.83,3.92,11013057,43375868.00
2016/08/16,3.91,3.94,3.90,3.92,11463753,45489208.00
2016/08/17,3.95,3.99,3.91,3.93,11115293,44371680.00
2016/08/18,3.92,3.96,3.90,3.95,12460866,49674568.00
2016/08/19,3.93,3.94,3.90,3.92,4964702,19693196.00
2016/08/22,3.92,3.93,3.87,3.89,5363500,21198892.00
2016/08/23,3.88,3.95,3.88,3.92,5907434,23446214.00
2016/08/24,3.93,4.00,3.93,3.93,13706625,55015520.00
2016/08/25,3.90,3.92,3.85,3.88,8685783,34171776.00
2016/08/26,3.89,3.98,3.89,3.95,11102072,44249472.00
2016/08/29,3.94,3.99,3.92,3.98,8984618,36093720.00
2016/08/30,3.99,4.12,3.95,3.98,16112990,65561544.00
2016/08/31,3.95,3.96,3.89,3.94,8700648,34590608.00
2016/09/01,3.94,3.95,3.89,3.90,6620232,26317932.00
2016/09/02,3.89,3.92,3.87,3.91,6183995,24376510.00
2016/09/05,3.90,3.94,3.90,3.93,4821609,19157340.00
2016/09/06,3.91,3.96,3.89,3.96,6465798,25749442.00
2016/09/07,3.97,4.09,3.95,4.03,27139360,111032168.00
2016/09/08,4.03,4.08,4.01,4.06,9245523,37837912.00
2016/09/09,4.03,4.15,4.03,4.10,18117051,75252456.00
2016/09/12,4.05,4.25,4.01,4.22,37770998,158845312.00
2016/09/13,4.19,4.22,4.13,4.20,18146483,76661400.00
2016/09/14,4.16,4.22,4.08,4.21,19344281,80999568.00
2016/09/19,4.18,4.23,4.13,4.18,9745043,41256096.00
2016/09/20,4.18,4.30,4.15,4.17,13629149,58276096.00
2016/09/21,4.17,4.33,4.13,4.29,20883791,89709304.00
2016/09/22,4.30,4.41,4.27,4.31,16986777,74776448.00
2016/09/23,4.29,4.37,4.22,4.23,16437281,71263664.00
2016/09/26,4.24,4.64,3.98,4.02,34919148,148097200.00
2016/09/27,4.03,4.07,3.87,3.94,35405562,141168128.00
2016/09/28,3.93,3.99,3.91,3.95,15333292,61264976.00
2016/09/29,3.93,3.97,3.91,3.93,10784403,43059184.00
2016/09/30,3.93,3.93,3.89,3.91,10675816,42258704.00
2016/10/10,3.93,3.97,3.92,3.97,11073924,44328124.00
2016/10/11,3.97,4.02,3.95,4.01,15307449,61859964.00
2016/10/12,3.99,3.99,3.97,3.99,7539848,30397742.00
2016/10/13,3.99,4.04,3.98,4.02,11137163,45292912.00
2016/10/14,4.02,4.07,3.97,4.06,10809272,44066784.00
2016/10/17,4.04,4.20,4.04,4.10,20950161,87176992.00
2016/10/18,4.06,4.21,4.06,4.19,15039323,63101052.00
2016/10/19,4.27,4.27,4.13,4.15,11953094,50368992.00
2016/10/20,4.15,4.15,4.07,4.12,11004730,45758300.00
2016/10/21,4.10,4.14,4.07,4.12,7323577,30435538.00
2016/10/24,4.12,4.19,4.10,4.17,12137519,51201628.00
2016/10/25,4.16,4.22,4.16,4.18,10136506,42922552.00
2016/10/26,4.19,4.24,4.14,4.15,13563859,57448112.00
2016/10/27,4.14,4.17,4.12,4.16,5520154,23174800.00
2016/10/28,4.14,4.18,4.09,4.10,7342200,30676032.00
2016/10/31,4.10,4.11,4.01,4.10,4907564,20256904.00
2016/11/01,4.07,4.17,4.06,4.16,8485863,35392720.00
2016/11/02,4.14,4.17,4.09,4.10,6078234,25384160.00
2016/11/03,4.09,4.15,4.08,4.13,8235804,34382292.00
2016/11/04,4.13,4.15,4.11,4.12,5817641,24314312.00
2016/11/07,4.11,4.16,4.11,4.16,8197062,34376508.00
2016/11/08,4.19,4.20,4.16,4.17,8511791,35974128.00
2016/11/09,4.15,4.18,4.08,4.14,8871534,37094736.00
2016/11/10,4.16,4.21,4.15,4.20,13192513,55807892.00
2016/11/11,4.19,4.39,4.18,4.30,20655113,89001896.00
2016/11/14,4.28,4.40,4.26,4.35,18940787,83349312.00
2016/11/15,4.34,4.40,4.32,4.37,11655607,51519576.00
2016/11/16,4.38,4.42,4.32,4.37,15523842,68613776.00
2016/11/17,4.39,4.60,4.36,4.46,22428596,101514976.00
2016/11/18,4.44,4.45,4.31,4.32,15533209,68602856.00
2016/11/21,4.33,4.76,4.33,4.65,70085064,331409472.00
2016/11/22,4.58,4.60,4.49,4.56,43482164,199463200.00
2016/11/23,4.53,4.56,4.42,4.44,21772756,98819352.00
2016/11/24,4.46,4.63,4.44,4.51,22517709,103335496.00
2016/11/25,4.53,4.53,4.35,4.47,15238336,68152928.00
2016/11/28,4.48,4.50,4.41,4.46,13009378,58477496.00
2016/11/29,4.46,4.46,4.37,4.39,12046997,53736920.00
2016/11/30,4.37,4.42,4.35,4.37,8042791,35627204.00
2016/12/01,4.37,4.46,4.36,4.41,8916558,39819728.00
2016/12/02,4.42,4.44,4.30,4.32,9205305,40614860.00
2016/12/05,4.30,4.30,4.21,4.22,9396030,40403872.00
2016/12/06,4.25,4.27,4.22,4.24,4398356,18904790.00
2016/12/07,4.25,4.30,4.24,4.29,5851743,25319768.00
2016/12/08,4.30,4.36,4.27,4.28,6732707,29365444.00
2016/12/09,4.28,4.30,4.24,4.25,6834900,29485076.00
2016/12/12,4.25,4.27,4.05,4.08,10699500,44846572.00
2016/12/13,4.07,4.08,4.00,4.06,8016137,32762720.00
2016/12/14,4.06,4.09,4.02,4.05,5449853,22382008.00
2016/12/15,4.04,4.13,4.01,4.12,6784379,28083794.00
2016/12/16,4.13,4.17,4.09,4.16,5556950,23276384.00
2016/12/19,4.14,4.17,4.12,4.17,3966771,16645246.00
2016/12/20,4.16,4.16,4.10,4.13,4772181,19951516.00
2016/12/21,4.16,4.19,4.14,4.18,5306613,22362704.00
2016/12/22,4.17,4.22,4.16,4.19,6324452,26837704.00
2016/12/23,4.18,4.20,4.13,4.14,5473311,23053774.00
2016/12/26,4.13,4.18,4.08,4.17,4951157,20655076.00
2016/12/27,4.17,4.21,4.16,4.19,4793031,20299846.00
2016/12/28,4.20,4.23,4.17,4.22,6419691,27346872.00
2017/01/05,4.65,4.65,4.36,4.42,53079502,241301296.00
2017/01/06,4.37,4.44,4.27,4.33,26617492,116796592.00
2017/01/09,4.28,4.42,4.25,4.35,19387776,85071120.00
2017/01/10,4.32,4.38,4.30,4.33,10390271,45591440.00
2017/01/11,4.33,4.34,4.27,4.29,6629551,28832156.00
2017/01/12,4.28,4.31,4.18,4.21,8648073,37230868.00
2017/01/13,4.22,4.22,4.12,4.15,7669425,32349282.00
2017/01/16,4.14,4.15,3.79,4.00,10692616,43952616.00
2017/01/17,4.00,4.08,3.96,4.07,5062748,20647484.00
2017/01/18,4.10,4.20,4.07,4.10,6877311,28726624.00
2017/01/19,4.10,4.10,4.01,4.02,5975153,24513720.00
2017/01/20,4.01,4.10,4.00,4.09,5917218,24351808.00
2017/01/23,4.08,4.15,4.07,4.13,6178810,25807924.00
2017/01/24,4.11,4.18,4.10,4.15,5341566,22447018.00
2017/01/25,4.15,4.23,4.13,4.21,5555700,23593768.00
2017/01/26,4.21,4.25,4.17,4.24,4514090,19277288.00
2017/02/03,4.23,4.24,4.15,4.17,4087006,17280216.00
2017/02/06,4.16,4.22,4.16,4.22,4265040,18115324.00
2017/02/07,4.21,4.32,4.19,4.31,10931685,47234812.00
2017/02/08,4.27,4.30,4.22,4.29,6624263,28543064.00
2017/02/09,4.29,4.33,4.28,4.31,6725346,29315372.00
2017/02/10,4.30,4.34,4.29,4.33,10284650,44993776.00
2017/02/13,4.30,4.37,4.30,4.34,9545267,41937012.00
2017/02/14,4.34,4.35,4.26,4.30,7969769,34697640.00
2017/02/15,4.29,4.45,4.28,4.36,15707756,69304904.00
2017/02/16,4.33,4.41,4.30,4.39,10504446,46406156.00
2017/02/17,4.40,4.43,4.33,4.34,11209858,49659464.00
2017/02/20,4.33,4.40,4.31,4.40,9453845,41692440.00
2017/02/21,4.40,4.43,4.36,4.40,11755412,52215340.00
2017/02/22,4.39,4.45,4.37,4.43,11536485,51514752.00
2017/02/23,4.43,4.44,4.36,4.41,8147402,36216212.00
2017/02/24,4.39,4.42,4.36,4.41,5453910,24210396.00
2017/02/27,4.39,4.41,4.33,4.34,6622300,29314192.00
2017/02/28,4.32,4.38,4.32,4.37,4965642,21894280.00
2017/03/01,4.36,4.44,4.34,4.44,11923047,53295132.00
2017/03/02,4.44,4.48,4.33,4.35,6864464,30629676.00
2017/03/03,4.36,4.39,4.28,4.32,7416914,32519882.00
2017/03/06,4.32,4.38,4.32,4.37,8239957,36250544.00
2017/03/07,4.37,4.40,4.36,4.40,6309078,27979434.00
2017/03/08,4.39,4.40,4.35,4.38,4707804,20809128.00
2017/03/09,4.38,4.39,4.33,4.36,4627428,20378098.00
2017/03/10,4.34,4.36,4.30,4.31,4732139,20714924.00
2017/03/13,4.31,4.36,4.26,4.35,4653086,20366556.00
2017/03/14,4.35,4.38,4.34,4.36,3503582,15441356.00
2017/03/15,4.35,4.35,4.31,4.34,2932077,12856381.00
2017/03/16,4.33,4.39,4.33,4.39,6534198,28902328.00
2017/03/17,4.40,4.45,4.35,4.36,8973020,40072748.00
2017/03/20,4.36,4.46,4.34,4.45,12764844,57187396.00
2017/03/21,4.43,4.45,4.39,4.43,7611083,34062556.00
2017/03/22,4.43,4.46,4.34,4.37,8581947,38178320.00
2017/03/23,4.35,4.41,4.28,4.35,7868272,34696180.00
2017/03/24,4.31,4.41,4.31,4.40,8275607,36544172.00
2017/03/27,4.40,4.43,4.35,4.35,8293310,36786636.00
2017/03/28,4.34,4.36,4.31,4.35,5601659,24585764.00
2017/03/29,4.34,4.71,4.33,4.51,45307593,207954672.00
2017/03/30,4.48,4.59,4.30,4.36,42078716,190026016.00
2017/03/31,4.33,4.38,4.21,4.27,25556102,110618224.00
2017/04/05,4.27,4.34,4.25,4.33,17276097,75031088.00
2017/04/06,4.33,4.37,4.27,4.35,18112803,79165912.00
2017/04/07,4.32,4.34,4.29,4.31,10216945,44551464.00
2017/04/10,4.29,4.30,4.20,4.22,14440682,62113156.00
2017/04/11,4.20,4.29,4.19,4.29,12542671,53819004.00
2017/04/12,4.27,4.32,4.24,4.29,11293067,48997888.00
2017/04/13,4.27,4.35,4.25,4.35,13832616,60473896.00
2017/04/14,4.35,4.35,4.25,4.26,10132099,44013464.00
2017/04/17,4.24,4.26,4.14,4.16,11160970,47276168.00
2017/04/18,4.16,4.19,4.12,4.13,6002751,25246878.00
2017/04/19,4.11,4.12,3.95,4.03,11214310,45577424.00
2017/04/20,4.01,4.05,3.92,3.99,7263717,29246158.00
2017/04/21,3.97,4.01,3.94,3.96,5929008,23814138.00
2017/04/24,3.96,3.96,3.82,3.86,7359855,28864534.00
2017/04/25,3.88,3.91,3.84,3.88,3868247,15216236.00
2017/04/26,3.90,3.90,3.87,3.88,3668242,14432517.00
2017/04/27,3.87,3.92,3.78,3.91,5801494,22583590.00
2017/05/11,3.63,3.70,3.51,3.62,12749055,46415632.00
2017/05/12,3.61,3.66,3.56,3.63,6170819,22624980.00
2017/05/15,3.62,3.67,3.62,3.65,3470271,12836669.00
2017/05/16,3.62,3.71,3.60,3.71,4419603,16363644.00
2017/05/17,3.69,3.76,3.69,3.73,4092783,15482188.00
2017/05/18,3.71,3.76,3.68,3.70,3750274,14138709.00
2017/05/19,3.71,3.75,3.70,3.74,2501396,9454889.00
2017/05/22,3.75,3.75,3.64,3.65,3476336,13014703.00
2017/05/23,3.64,3.68,3.55,3.57,3237094,11856687.00
2017/05/24,3.57,3.59,3.48,3.58,3812792,13648328.00
2017/05/25,3.57,3.65,3.52,3.64,4189696,15265417.00
2017/05/26,3.64,3.68,3.60,3.63,4608536,16982420.00
2017/05/31,3.64,3.71,3.64,3.67,4026338,14992013.00
2017/06/01,3.65,3.66,3.57,3.58,3367714,12336220.00
2017/06/02,3.59,3.66,3.56,3.65,3177081,11616277.00
2017/06/05,3.65,3.69,3.64,3.67,3968001,14760443.00
2017/06/06,3.65,3.69,3.65,3.68,3155672,11565145.00
2017/06/07,3.68,3.75,3.67,3.74,3970026,14761295.00
2017/06/08,3.75,3.76,3.72,3.73,3706546,13844418.00
2017/06/09,3.73,3.74,3.68,3.72,4628007,17148228.00
2017/06/12,3.69,3.77,3.67,3.70,6695270,24953074.00
2017/06/13,3.68,3.73,3.67,3.73,3317804,12305297.00
2017/06/14,3.73,3.75,3.71,3.74,3159633,11781658.00
2017/06/15,3.71,3.77,3.71,3.76,4933858,18511876.00
2017/06/16,3.75,3.78,3.74,3.77,2817608,10590792.00
2017/06/19,3.76,3.79,3.75,3.78,2814162,10611191.00
2017/06/20,3.77,3.79,3.77,3.78,2710665,10251928.00
2017/06/21,3.79,3.79,3.75,3.77,2628072,9895570.00
2017/06/22,3.76,3.78,3.71,3.71,3941670,14816941.00
2017/06/23,3.70,3.72,3.64,3.69,4290807,15757099.00
2017/06/26,3.68,3.74,3.67,3.74,3306027,12270180.00
2017/06/27,3.74,3.77,3.71,3.76,3441244,12886970.00
2017/06/28,3.77,3.79,3.74,3.75,4686087,17650236.00
2017/06/29,3.74,3.78,3.73,3.77,4124902,15533524.00
2017/06/30,3.76,3.83,3.75,3.82,6685352,25326568.00
2017/07/03,3.81,3.85,3.78,3.85,4889576,18696556.00
2017/07/04,3.85,3.85,3.80,3.81,4289608,16372295.00
2017/07/05,3.81,3.88,3.80,3.87,5294092,20361608.00
2017/07/06,3.86,3.94,3.85,3.89,5958198,23192588.00
2017/07/07,3.88,3.90,3.84,3.88,4309514,16658052.00
2017/07/10,3.86,3.91,3.85,3.87,4937763,19155640.00
2017/07/11,3.88,3.89,3.81,3.82,4032829,15559785.00
2017/07/12,3.82,3.86,3.77,3.84,4369154,16685672.00
2017/07/13,3.83,3.91,3.82,3.90,6829951,26540042.00
2017/07/14,3.89,3.89,3.83,3.85,3934496,15195258.00
2017/07/17,3.85,3.85,3.67,3.68,6737098,25190188.00
2017/07/18,3.66,3.75,3.66,3.74,4502430,16652516.00
2017/07/19,3.73,3.85,3.69,3.84,6917423,26184534.00
2017/07/20,3.84,3.87,3.83,3.85,5544158,21332768.00
2017/07/21,3.85,3.91,3.84,3.89,6439616,24992420.00
2017/07/24,3.89,4.19,3.87,4.02,23947867,96823072.00
2017/07/25,4.00,4.01,3.90,3.95,10737841,42403360.00
2017/07/26,3.95,3.97,3.90,3.96,6739973,26476444.00
2017/07/27,3.93,4.00,3.92,3.95,5271595,20849772.00
2017/07/28,3.95,3.96,3.92,3.93,3665500,14441701.00
2017/08/02,3.96,3.96,3.96,3.96,0,0.00
数据来源:通达信
