600195 中牧股份 日线 前复权
      日期	    开盘	    最高	    最低	    收盘	    成交量	    成交额
2010/10/08,25.19,25.93,25.13,25.66,6222025,169095568.00
2010/10/11,25.73,26.66,25.61,26.17,10313124,286961632.00
2010/10/12,26.09,26.34,24.98,25.39,7074012,193527040.00
2010/10/13,25.40,25.53,24.00,24.39,7906860,207938384.00
2010/10/14,24.39,24.62,23.06,23.34,8080181,206341168.00
2010/10/15,23.10,23.67,22.83,23.01,7423848,184776304.00
2010/10/18,23.13,23.48,22.28,23.46,5086404,125145248.00
2010/10/19,23.51,23.85,23.43,23.70,5105904,129432456.00
2010/10/20,23.30,24.15,23.18,23.50,4535941,114958952.00
2010/10/21,23.68,24.54,23.50,24.39,7457281,193140400.00
2010/10/22,24.40,24.90,24.13,24.28,4384117,114873208.00
2010/10/25,24.25,24.65,24.11,24.48,5035025,131442256.00
2010/10/26,24.50,24.58,23.71,24.00,5964477,153323120.00
2010/10/27,24.36,24.83,23.55,23.75,6111610,158692976.00
2010/10/28,23.68,23.68,23.10,23.39,4921553,123438928.00
2010/10/29,23.54,23.90,23.35,23.79,3725228,94375776.00
2010/11/01,23.98,24.88,23.79,24.78,6813806,178020064.00
2010/11/02,24.92,25.36,24.36,24.79,8058873,214035088.00
2010/11/03,25.10,25.60,24.75,24.99,10290151,276632608.00
2010/11/04,24.99,25.12,24.50,24.93,5939965,157442032.00
2010/11/05,25.00,25.75,25.00,25.54,8167862,221958368.00
2010/11/08,25.84,25.88,25.37,25.80,9638272,263583904.00
2010/11/09,25.80,27.13,25.75,26.80,14050127,398269888.00
2010/11/10,27.00,27.80,26.55,26.92,12084533,349695936.00
2010/11/11,26.75,27.48,26.35,26.39,7901148,226869200.00
2010/11/12,26.30,26.50,24.10,24.30,7387861,198805008.00
2010/11/16,25.12,25.45,23.82,24.29,7549575,200019552.00
2010/11/17,24.00,24.35,23.51,23.71,3417123,87778528.00
2010/11/18,24.30,25.05,23.80,24.99,7523813,197642144.00
2010/11/19,25.18,25.45,24.46,25.39,9377717,249172384.00
2010/11/22,25.30,25.49,24.79,25.25,6144715,164749680.00
2010/11/23,25.08,25.59,24.30,24.52,5114070,136108384.00
2010/11/24,24.20,25.45,24.11,25.23,4976641,131993264.00
2010/11/25,25.24,25.59,25.10,25.19,5458455,147484672.00
2010/11/26,25.20,25.40,24.45,24.68,4152366,109965736.00
2010/11/29,24.60,25.60,24.56,25.57,5692755,152784752.00
2010/11/30,25.50,25.50,24.10,24.45,5653146,149135808.00
2010/12/01,24.65,24.74,24.15,24.32,2520585,65750564.00
2010/12/02,24.58,25.06,24.20,24.71,4404144,115647608.00
2010/12/03,24.70,24.70,23.90,24.09,3930116,101632640.00
2010/12/06,24.00,24.20,22.81,23.06,8922086,222606016.00
2010/12/07,22.88,23.60,22.76,23.37,2992516,74631448.00
2010/12/08,23.22,23.79,23.15,23.25,4130831,104239424.00
2010/12/09,22.95,23.22,22.70,22.81,2896430,71283304.00
2010/12/10,22.60,23.02,22.60,22.87,1878122,46047564.00
2010/12/13,23.15,23.66,23.15,23.60,4153820,104455440.00
2010/12/14,23.55,24.21,23.55,24.17,6060126,155571504.00
2010/12/15,24.40,25.05,24.20,24.35,6750715,177536368.00
2010/12/16,24.12,24.55,24.12,24.17,4442766,115249592.00
2010/12/17,24.01,24.26,23.70,23.82,2291047,58647948.00
2010/12/20,23.85,24.33,21.27,23.77,2845477,72183200.00
2010/12/21,23.66,23.98,23.18,23.97,2058225,52182564.00
2010/12/22,23.90,23.95,23.30,23.39,1613329,40690060.00
2010/12/23,23.41,23.64,22.46,22.53,5024112,123358920.00
2010/12/24,22.50,22.50,22.11,22.35,3015634,72262120.00
2010/12/27,22.40,22.65,21.63,21.74,2524554,59898924.00
2010/12/28,21.96,21.96,21.05,21.30,2598984,59837756.00
2010/12/29,21.45,21.64,21.12,21.63,2283352,52806744.00
2010/12/30,21.70,22.23,21.64,21.93,1735733,41191152.00
2010/12/31,21.85,22.20,21.76,22.15,1350010,32048532.00
2011/01/04,22.40,22.43,22.10,22.29,2200047,52656940.00
2011/01/05,22.28,23.00,22.08,22.44,3472349,84536064.00
2011/01/06,22.50,22.93,22.26,22.84,2783904,67975632.00
2011/01/07,22.61,23.23,22.57,22.96,2060341,50830176.00
2011/01/10,22.96,23.35,21.31,21.83,4142628,98752256.00
2011/01/11,21.70,21.70,21.19,21.38,1503519,34690368.00
2011/01/12,21.45,21.60,21.26,21.59,1144857,26479104.00
2011/01/13,21.60,21.95,21.49,21.83,1390117,32596824.00
2011/01/14,21.88,21.88,21.20,21.24,1980561,45590744.00
2011/01/17,21.19,21.19,18.95,18.98,6112054,131357408.00
2011/01/18,18.88,19.50,18.30,19.09,4324136,90310960.00
2011/01/19,19.26,19.60,19.10,19.56,1879113,39622964.00
2011/01/20,19.40,19.55,18.89,18.91,1234048,25664544.00
2011/01/21,19.00,19.35,18.88,19.28,1123910,23391728.00
2011/01/24,19.40,19.43,18.60,18.80,1040024,21442258.00
2011/01/25,18.96,19.69,18.68,19.66,1865249,39117148.00
2011/01/26,19.51,20.08,19.39,19.79,2286486,49115888.00
2011/01/27,19.74,20.24,19.60,20.22,2646764,57321120.00
2011/01/28,20.16,20.44,19.71,19.98,3826059,82870640.00
2011/01/31,19.85,20.06,19.62,19.99,1899992,41010288.00
2011/02/01,19.90,20.03,19.81,20.00,1147520,24817436.00
2011/02/09,19.83,20.38,19.80,19.96,1513165,32975352.00
2011/02/10,19.80,21.19,19.80,21.04,3385129,76343024.00
2011/02/11,21.18,21.19,20.70,20.98,2480475,56351836.00
2011/02/14,21.18,21.49,21.01,21.30,2531063,57975356.00
2011/02/15,21.30,21.52,21.08,21.10,2475181,56976032.00
2011/02/16,21.40,21.50,20.88,21.36,2851467,65285800.00
2011/02/17,21.31,21.90,21.31,21.67,4687799,109266304.00
2011/02/18,21.86,22.85,21.80,22.63,7152662,172299616.00
2011/02/21,22.58,23.40,22.31,22.77,5623115,137811984.00
2011/02/22,22.80,22.88,21.61,21.67,5167965,123516952.00
2011/02/23,21.52,21.87,21.35,21.75,2781627,64822688.00
2011/02/24,21.88,21.99,21.30,21.74,1874832,43835732.00
2011/02/25,21.79,21.85,21.24,21.53,1993255,46189628.00
2011/02/28,21.51,21.89,21.36,21.88,1965715,46021432.00
2011/03/01,21.91,22.15,21.70,22.09,3362510,79459432.00
2011/03/02,22.10,22.60,21.84,21.98,4347934,103518208.00
2011/03/03,21.96,22.10,21.30,21.38,3672170,85454592.00
2011/03/04,21.31,21.55,21.18,21.52,2022332,46642152.00
2011/03/07,21.53,22.12,21.53,21.94,4767342,112599488.00
2011/03/08,22.00,22.80,21.87,22.59,8180930,197376288.00
2011/03/09,22.60,22.60,22.09,22.29,3441257,82676904.00
2011/03/10,22.30,22.47,22.14,22.21,2317402,55593552.00
2011/03/11,22.01,22.43,21.97,22.11,2132991,50967544.00
2011/03/14,22.09,23.10,21.98,22.80,4475883,109199944.00
2011/03/15,23.48,24.20,22.80,23.32,11263218,284752768.00
2011/03/16,23.63,24.66,23.15,24.59,12034588,308813504.00
2011/03/17,24.10,24.24,23.25,23.30,6414648,163194592.00
2011/03/18,23.55,23.80,22.83,23.10,4539888,112800704.00
2011/03/21,22.96,23.19,22.10,22.45,3547434,85965256.00
2011/03/22,22.55,22.59,21.74,22.29,2929642,69697488.00
2011/03/23,22.30,22.65,22.11,22.59,2072404,49977672.00
2011/03/24,22.40,23.51,22.29,23.46,6524885,161729440.00
2011/03/25,23.30,23.85,23.02,23.43,5135788,128912336.00
2011/03/28,23.44,23.49,22.80,22.94,3659869,90680608.00
2011/03/29,22.80,22.96,22.25,22.38,3628592,87649240.00
2011/03/30,22.30,22.30,21.91,21.99,2228621,52941112.00
2011/03/31,21.85,22.35,21.85,21.99,1268441,30241724.00
2011/04/01,22.05,22.41,21.95,22.30,1258248,30099238.00
2011/04/06,22.18,22.57,21.97,22.22,2186508,52593288.00
2011/04/07,22.15,22.22,21.77,21.93,2424849,57226448.00
2011/04/08,21.90,22.41,21.81,22.37,3115293,74117808.00
2011/04/11,22.26,22.54,22.02,22.11,3045401,72947992.00
2011/04/12,21.99,22.35,21.81,22.15,2894689,68978760.00
2011/04/13,21.98,22.20,21.60,21.97,3079279,72497856.00
2011/04/14,22.06,22.11,21.73,21.91,3714892,87747320.00
2011/04/15,21.85,21.93,21.60,21.74,3452838,81060768.00
2011/04/18,21.70,21.85,21.30,21.83,2363446,54927500.00
2011/04/19,21.69,22.40,21.59,21.79,5650574,134122592.00
2011/04/20,21.79,22.08,21.40,21.82,3648704,85277128.00
2011/04/21,21.85,23.50,21.62,23.31,8821608,215007952.00
2011/04/25,22.91,23.45,22.55,22.93,5105876,126513720.00
2011/04/26,22.94,23.03,21.98,22.23,3529231,85096872.00
2011/04/27,22.00,23.23,21.92,23.12,4588523,111372064.00
2011/04/28,22.98,23.39,21.30,22.30,2694199,65450268.00
2011/04/29,22.30,23.15,21.39,22.82,2917297,70395104.00
2011/05/03,22.76,24.12,22.45,24.04,7216479,183005664.00
2011/05/04,23.82,24.43,23.65,23.82,8876182,228134144.00
2011/05/05,23.50,24.39,23.49,23.83,4834803,124700104.00
2011/05/06,23.70,24.50,23.48,24.34,6279060,163162256.00
2011/05/09,24.10,25.13,24.10,24.64,7310305,194229424.00
2011/05/10,24.68,24.97,24.20,24.40,4663994,122316552.00
2011/05/11,24.32,25.28,24.31,24.87,4851494,128540576.00
2011/05/12,24.65,24.88,24.18,24.48,3094512,80714248.00
2011/05/13,24.78,24.78,24.21,24.52,4260104,111193968.00
2011/05/16,24.51,24.95,23.55,23.88,6985337,180267264.00
2011/05/17,24.19,24.28,23.65,23.82,3362101,86349552.00
2011/05/18,23.91,24.58,23.91,24.22,2779514,72347312.00
2011/05/19,24.20,24.43,23.60,23.70,2721391,69904472.00
2011/05/20,23.75,23.75,23.40,23.62,1225716,30944232.00
2011/05/23,23.62,23.74,22.41,22.62,2531757,62501200.00
2011/05/24,22.51,22.67,22.01,22.57,1212333,29134612.00
2011/05/25,22.55,22.55,22.16,22.39,1311264,31487336.00
2011/05/26,22.18,23.01,22.18,22.41,1313748,31934764.00
2011/05/27,22.40,22.53,21.60,21.68,1465006,34468064.00
2011/05/30,21.31,22.18,21.22,21.62,1928064,45256832.00
2011/05/31,21.62,22.26,21.62,22.13,1420929,33646056.00
2011/06/01,22.13,23.09,22.07,22.73,3104273,75891816.00
2011/06/02,22.69,22.69,22.24,22.32,1477937,35578044.00
2011/06/03,22.51,22.75,22.21,22.55,1570416,38112004.00
2011/06/07,22.41,22.75,22.34,22.61,1317216,31907000.00
2011/06/08,22.73,22.96,22.43,22.89,1830182,44639812.00
2011/06/09,22.87,22.95,22.17,22.17,2309100,55470156.00
2011/06/10,22.01,22.50,21.58,22.34,2504899,58904436.00
2011/06/13,21.90,22.48,21.51,21.93,935282,21697630.00
2011/06/14,21.80,22.09,19.65,20.31,14324011,313070944.00
2011/06/15,19.92,20.90,19.76,20.54,9230373,201541024.00
2011/06/16,20.10,20.37,19.76,19.92,2085254,44644184.00
2011/06/17,19.92,20.08,18.75,18.90,5330045,109196048.00
2011/06/20,18.91,19.13,18.78,19.06,2214643,45232364.00
2011/06/21,19.14,19.14,18.78,18.97,2477014,50366456.00
2011/06/22,19.00,19.08,18.70,18.85,1850224,37551144.00
2011/06/23,18.75,19.18,18.45,19.09,2871862,58130768.00
2011/06/24,19.08,19.95,19.08,19.82,5629844,118868728.00
2011/06/27,19.82,20.08,19.72,19.96,3618072,76878280.00
2011/06/28,19.99,21.01,19.74,20.80,5281553,114754024.00
2011/06/29,20.67,22.20,20.60,21.29,9391672,216823904.00
2011/06/30,21.14,21.70,21.11,21.35,2653408,60408732.00
2011/07/01,21.33,21.78,21.26,21.56,2746480,63103172.00
2011/07/04,21.35,21.77,21.35,21.56,2567461,59058944.00
2011/07/05,21.70,21.70,21.01,21.23,2140447,48529936.00
2011/07/06,21.20,21.90,20.73,21.76,3041082,68465504.00
2011/07/07,21.59,22.20,21.43,22.10,5207821,120920704.00
2011/07/08,22.09,22.10,21.75,21.89,960041,22341788.00
2011/07/11,21.87,22.62,21.56,22.47,3025843,71350144.00
2011/07/12,22.26,22.44,21.83,21.86,3407659,80383920.00
2011/07/13,21.78,22.40,21.75,22.10,2123752,49910316.00
2011/07/14,22.31,23.17,22.31,23.06,4007122,97630648.00
2011/07/15,23.00,23.00,22.63,22.87,1233814,29878404.00
2011/07/18,22.80,23.28,22.43,22.54,2752689,66466264.00
2011/07/19,22.51,22.78,22.18,22.28,2749972,65451368.00
2011/07/20,22.35,22.49,21.83,22.07,1534301,35981484.00
2011/07/21,22.06,22.12,21.30,21.57,1960985,45385828.00
2011/07/22,21.65,21.90,21.50,21.76,1628493,37589280.00
2011/07/25,21.75,21.80,20.63,20.71,8137770,184716560.00
2011/07/26,20.71,21.15,20.61,21.10,1436518,32023854.00
2011/07/27,21.09,21.68,20.85,21.58,2341558,53215116.00
2011/07/28,21.30,21.56,21.11,21.26,1184438,26866636.00
2011/07/29,21.36,21.40,20.95,21.07,2206041,49589452.00
2011/08/01,21.20,21.20,20.78,20.87,1987324,44207496.00
2011/08/02,20.86,20.86,20.07,20.35,3073987,66471896.00
2011/08/03,20.20,20.75,19.90,20.34,3108784,67169384.00
2011/08/04,20.38,20.78,20.30,20.32,1883821,41272288.00
2011/08/05,19.62,20.35,19.60,20.21,2208283,47256748.00
2011/08/08,20.09,20.15,19.06,20.10,1902131,40095344.00
2011/08/09,19.60,20.71,19.19,20.52,2855281,61698800.00
2011/08/10,21.01,21.28,20.74,20.78,2813041,62728980.00
2011/08/11,20.03,21.45,20.03,21.39,3060822,68780256.00
2011/08/12,21.42,22.10,21.42,21.58,2318997,53692024.00
2011/08/15,21.90,22.17,21.50,21.72,4111042,94896728.00
2011/08/16,21.72,21.72,20.80,20.86,3378819,75872664.00
2011/08/17,20.92,21.06,20.60,20.88,1894188,42181508.00
2011/08/18,20.78,20.81,20.10,20.33,1869102,40783644.00
2011/08/19,19.90,20.68,19.70,20.62,3090994,67226120.00
2011/08/22,20.62,21.35,20.62,20.88,2633987,59195984.00
2011/08/23,20.73,21.34,20.73,21.18,1752068,39558128.00
2011/08/24,21.18,21.43,20.90,21.06,1301374,29383072.00
2011/08/25,21.06,21.58,20.91,21.40,2124115,48282140.00
2011/08/26,21.48,21.65,21.16,21.51,1342254,30677296.00
2011/08/29,21.32,21.52,21.05,21.35,1259430,28555206.00
2011/08/30,21.59,21.70,20.89,20.91,1368100,30980010.00
2011/08/31,21.05,21.20,20.73,21.17,1303786,29083568.00
2011/09/01,21.04,21.35,20.68,20.79,2316776,51789612.00
2011/09/02,21.90,22.58,21.11,21.17,6877059,157960960.00
2011/09/05,20.40,20.56,20.08,20.24,2969236,64348120.00
2011/09/06,20.02,20.04,19.00,19.32,3414421,70703296.00
2011/09/07,19.40,19.80,19.10,19.71,1809818,37654780.00
2011/09/08,19.85,19.94,19.45,19.61,1688977,35563712.00
2011/09/09,19.80,19.80,19.26,19.61,779414,16371867.00
2011/09/13,19.20,19.26,19.01,19.08,1149864,23563564.00
2011/09/14,19.13,19.32,18.55,19.21,1175365,23916500.00
2011/09/15,19.32,19.48,19.12,19.18,1215940,25173020.00
2011/09/16,19.39,19.40,19.12,19.14,760076,15659031.00
2011/09/19,18.81,19.14,18.81,18.88,993039,20169128.00
2011/09/20,19.00,19.25,18.82,19.13,763001,15602399.00
2011/09/21,19.16,19.69,18.90,19.62,1441168,30005322.00
2011/09/22,19.49,19.56,18.81,18.82,879214,18168956.00
2011/09/23,18.60,18.94,18.50,18.92,1171075,23530000.00
2011/09/26,18.76,18.95,18.55,18.63,1345405,27065060.00
2011/09/27,18.75,18.80,18.37,18.50,2124791,42248972.00
2011/09/28,18.57,18.64,17.42,17.68,1538248,29894730.00
2011/09/29,17.45,17.67,17.10,17.10,1632710,30499072.00
2011/09/30,17.30,17.38,16.91,17.12,540943,10012775.00
2011/10/10,17.22,17.67,17.11,17.23,1764639,33133444.00
2011/10/11,17.60,18.10,16.85,17.06,2319094,43316992.00
2011/10/12,17.00,17.53,16.81,17.48,2979112,55485324.00
2011/10/13,17.33,17.77,17.31,17.45,2574598,48676836.00
2011/10/14,17.50,17.60,17.16,17.38,1741572,32565704.00
2011/10/17,17.54,17.59,17.10,17.24,2178518,40786368.00
2011/10/18,17.18,17.38,16.88,17.02,2505731,46424796.00
2011/10/19,17.40,17.55,17.02,17.15,1505506,28009844.00
2011/10/20,17.02,17.08,15.75,15.97,2480657,43357012.00
2011/10/21,15.97,15.97,15.20,15.22,1649460,27860176.00
2011/10/24,15.30,15.63,14.93,15.54,1418618,23775020.00
2011/10/25,15.60,16.40,15.50,16.16,3097877,54114232.00
2011/10/26,16.09,16.59,16.00,16.48,1838133,32685456.00
2011/10/27,16.88,17.14,16.61,16.84,4213380,76898504.00
2011/10/28,16.97,16.97,16.45,16.82,5541078,100605056.00
2011/10/31,17.10,17.39,16.70,17.37,4555728,83894976.00
2011/11/01,17.26,17.99,17.19,17.68,6030011,115083120.00
2011/11/02,17.59,18.12,17.40,18.10,4336526,83210016.00
2011/11/03,18.10,19.30,18.10,18.99,8034268,163643056.00
2011/11/04,18.95,19.75,18.95,19.35,5000095,104102352.00
2011/11/07,19.12,19.47,18.94,19.40,2734994,56583080.00
2011/11/08,19.30,19.35,18.95,19.16,1857510,38080208.00
2011/11/09,19.16,19.25,18.60,19.09,1988409,40379192.00
2011/11/10,18.95,19.30,18.68,19.28,2280251,46519804.00
2011/11/11,19.21,19.47,18.97,19.04,2012794,41440700.00
2011/11/15,19.45,19.73,19.00,19.06,3546912,73923352.00
2011/11/16,19.06,19.20,17.90,18.28,4119139,81107200.00
2011/11/17,18.18,18.53,18.09,18.22,2337588,45992012.00
2011/11/18,18.26,18.26,17.92,18.06,1221920,23794740.00
2011/11/21,18.08,18.23,17.91,18.16,717604,13996173.00
2011/11/22,18.16,18.90,18.13,18.58,2550307,51059676.00
2011/11/23,18.58,19.30,18.55,19.26,2475315,50785020.00
2011/11/24,19.25,19.52,18.95,19.27,1878146,38907928.00
2011/11/25,19.11,19.37,18.87,19.05,867092,17751036.00
2011/11/28,19.09,19.70,19.02,19.56,1896588,39542224.00
2011/11/29,19.74,20.05,19.50,19.58,1802840,38030736.00
2011/11/30,19.63,19.79,18.48,18.60,2326076,47119580.00
2011/12/01,19.26,19.48,18.91,19.07,1890376,38874416.00
2011/12/02,19.10,19.25,18.45,18.74,1180896,23806228.00
2011/12/05,18.60,18.75,17.70,17.92,1205764,23629912.00
2011/12/06,17.93,17.97,17.44,17.74,1250848,23938800.00
2011/12/07,17.53,18.24,17.51,18.22,1329898,25882452.00
2011/12/08,18.18,18.66,18.18,18.54,1408117,28025192.00
2011/12/09,18.54,18.70,18.09,18.09,447379,8851547.00
2011/12/12,17.99,18.17,17.71,18.08,489346,9473194.00
2011/12/13,17.72,18.17,17.53,17.60,631067,12103304.00
2011/12/14,17.42,17.80,17.05,17.10,1073042,20160488.00
2011/12/15,16.92,17.21,16.70,16.91,833934,15219735.00
2011/12/16,16.91,17.27,16.70,17.18,1206013,22153394.00
2011/12/19,17.50,17.50,16.79,17.37,689806,12847529.00
2011/12/20,17.37,17.60,17.15,17.19,695150,13083172.00
2011/12/21,17.50,18.65,17.25,18.31,4988794,97544160.00
2011/12/22,18.31,19.00,17.90,18.08,4215757,83077416.00
2011/12/23,17.60,18.00,17.11,17.64,3245503,61246856.00
2011/12/26,17.48,17.79,17.25,17.29,2089070,39343012.00
2011/12/27,17.25,17.55,17.10,17.33,2566032,48129004.00
2011/12/28,17.33,17.33,15.47,15.85,2144297,37363148.00
2011/12/29,15.62,16.28,15.62,15.71,1825123,31594030.00
2011/12/30,15.77,16.10,15.70,15.94,992297,17180752.00
2012/01/04,16.45,16.60,15.83,15.84,2397717,42229324.00
2012/01/05,15.46,15.80,14.87,14.98,1545810,25748824.00
2012/01/06,14.90,15.00,14.05,14.38,2477726,39014816.00
2012/01/09,14.46,15.00,14.27,14.95,2198475,35460484.00
2012/01/10,15.08,15.86,14.95,15.65,3319555,56170112.00
2012/01/11,15.67,15.96,15.55,15.70,1911285,32718360.00
2012/01/12,15.70,15.90,15.58,15.61,1559861,26690292.00
2012/01/13,15.80,15.80,15.05,15.25,1594119,26783920.00
2012/01/16,15.25,15.39,14.39,14.43,2031899,32586118.00
2012/01/17,14.43,15.46,14.40,15.44,2695593,44363028.00
2012/01/18,15.21,15.56,14.49,14.68,1581819,26024160.00
2012/01/19,14.72,15.26,14.54,15.22,1350778,22174828.00
2012/01/20,15.30,15.66,15.13,15.54,3004064,50753548.00
2012/01/30,15.60,15.75,15.31,15.36,1117897,18852580.00
2012/01/31,15.38,15.90,15.38,15.88,2539514,43459756.00
2012/02/01,15.74,16.25,15.61,16.04,2527288,44109700.00
2012/02/02,16.21,16.27,15.76,16.25,3834708,66895180.00
2012/02/03,16.21,16.90,16.10,16.51,3250893,58206952.00
2012/02/06,16.59,16.85,16.40,16.81,1974339,35689736.00
2012/02/07,16.56,16.77,16.11,16.46,2061128,36510544.00
2012/02/08,16.40,16.88,16.12,16.74,2077647,37116024.00
2012/02/09,16.74,16.89,16.60,16.74,2485945,45107332.00
2012/02/10,16.72,16.82,16.36,16.51,1790074,32317552.00
2012/02/13,16.39,16.65,16.20,16.50,1613484,28857162.00
2012/02/14,16.50,16.63,16.40,16.54,1454337,26047152.00
2012/02/15,16.49,16.75,16.43,16.71,2233166,40306336.00
2012/02/16,16.70,17.06,16.48,16.66,2376867,43113360.00
2012/02/17,16.56,16.80,16.36,16.66,1146132,20582932.00
2012/02/20,16.90,16.95,16.38,16.46,1830144,32944460.00
2012/02/21,16.40,16.58,16.19,16.56,1465380,26037196.00
2012/02/22,16.66,17.08,16.45,17.05,5197926,94842048.00
2012/02/23,17.06,17.30,16.93,17.26,3705689,68536448.00
2012/02/24,17.28,17.30,16.90,17.28,3370537,62507836.00
2012/02/27,17.32,17.68,17.18,17.31,4274024,80272632.00
2012/02/28,17.10,17.71,17.10,17.58,4367305,81927576.00
2012/02/29,17.36,18.09,17.36,17.41,3900329,74339720.00
2012/03/01,17.41,17.57,17.21,17.29,1921245,35984236.00
2012/03/02,17.26,17.59,17.26,17.56,2031097,38230420.00
2012/03/05,17.70,18.05,17.60,17.77,5082516,97891360.00
2012/03/06,17.77,17.78,17.10,17.21,3574268,67045704.00
2012/03/07,17.06,17.11,16.81,16.94,3039427,55835440.00
2012/03/08,17.00,17.24,16.96,17.14,2197982,40677684.00
2012/03/09,17.30,17.62,17.08,17.60,3282903,61597524.00
2012/03/12,17.69,17.85,17.48,17.69,2909966,55412584.00
2012/03/13,17.78,17.86,17.60,17.75,3178796,60911544.00
2012/03/14,17.79,17.94,16.78,16.90,4164190,78586392.00
2012/03/15,16.90,17.20,16.67,16.91,2234729,41039336.00
2012/03/16,16.80,17.25,16.75,17.03,5722974,105841728.00
2012/03/19,17.19,17.75,17.12,17.58,5432419,102781512.00
2012/03/20,17.54,17.54,17.17,17.22,2508259,46886736.00
2012/03/21,17.35,17.35,16.81,17.17,1456211,26911318.00
2012/03/22,17.19,17.19,16.87,16.88,1457688,26793960.00
2012/03/23,16.85,16.89,16.52,16.61,1960696,35408488.00
2012/03/26,16.46,16.74,16.40,16.50,933323,16711591.00
2012/03/27,16.58,16.73,16.42,16.54,1134746,20415320.00
2012/03/28,16.47,16.54,15.58,15.59,1770127,30566968.00
2012/03/29,15.48,15.68,15.21,15.35,1765970,29740940.00
2012/03/30,15.37,15.56,15.35,15.42,849506,14326090.00
2012/04/05,15.36,15.83,15.36,15.80,2172969,36952164.00
2012/04/06,15.79,15.79,15.36,15.56,2315240,39336752.00
2012/04/09,15.45,15.55,14.95,14.99,2240089,37373892.00
2012/04/10,14.99,15.63,14.87,15.60,2840620,47112220.00
2012/04/11,15.47,15.65,15.13,15.58,1463775,24719582.00
2012/04/12,15.51,15.85,15.51,15.85,1614787,27625184.00
2012/04/13,15.82,15.98,15.72,15.93,1137542,19645368.00
2012/04/16,15.84,15.96,15.67,15.91,1566140,26991956.00
2012/04/17,15.83,15.98,15.40,15.47,1515055,25814880.00
2012/04/18,15.56,15.92,15.46,15.91,2726842,46683060.00
2012/04/19,15.87,16.50,15.87,16.45,4078480,72016400.00
2012/04/20,16.36,16.64,16.12,16.62,3347052,59431544.00
2012/04/23,16.47,16.85,16.18,16.38,5076507,90413928.00
2012/04/24,16.20,16.38,15.80,16.07,3376792,59064416.00
2012/04/25,16.16,16.20,15.89,15.92,3221931,56184744.00
2012/04/26,16.07,16.07,15.40,15.44,4929406,84001616.00
2012/04/27,15.41,15.62,15.32,15.41,2605568,44036024.00
2012/05/02,15.68,16.21,15.68,16.15,6045706,105264144.00
2012/05/03,16.21,16.46,16.07,16.22,6546598,115410768.00
2012/05/04,16.28,16.39,16.11,16.32,4189809,74086752.00
2012/05/07,16.18,16.38,16.11,16.34,3857604,68114008.00
2012/05/08,16.37,16.68,16.34,16.57,5445014,97720496.00
2012/05/09,16.48,16.48,16.01,16.03,3769220,66265456.00
2012/05/10,16.01,16.20,15.78,15.83,4562456,79332952.00
2012/05/11,15.83,16.04,15.60,15.70,4154778,71442616.00
2012/05/14,15.82,16.02,15.63,16.00,4694304,81215456.00
2012/05/15,15.77,16.38,15.70,16.36,5088398,89124728.00
2012/05/16,16.33,16.80,16.24,16.60,8833255,158734432.00
2012/05/17,16.50,16.71,16.42,16.66,4541178,81665816.00
2012/05/21,16.25,16.64,16.22,16.31,2936235,52322052.00
2012/05/22,16.35,17.08,16.35,16.98,8371451,152866704.00
2012/05/23,16.90,17.19,16.45,16.70,6780023,123877728.00
2012/05/24,16.67,16.99,16.41,16.77,3850695,69700040.00
2012/05/25,16.75,16.78,16.34,16.60,2467620,44391380.00
2012/05/28,16.37,16.75,16.10,16.74,2988653,53219940.00
2012/05/29,16.68,16.97,16.50,16.75,4537873,82432136.00
2012/05/30,16.87,16.87,16.50,16.60,3000026,54311992.00
2012/05/31,16.45,16.60,16.30,16.51,2508979,44841940.00
2012/06/01,16.50,16.76,16.46,16.62,1969386,35482796.00
2012/06/04,16.40,16.45,15.70,15.83,3520431,61824152.00
2012/06/05,15.88,15.95,15.61,15.73,2711214,46431384.00
2012/06/06,15.82,15.88,15.08,15.20,4076890,68553560.00
2012/06/07,15.39,15.55,15.20,15.29,1949882,32756014.00
2012/06/08,15.43,15.48,15.20,15.36,1607144,26898308.00
2012/06/11,15.37,15.67,15.10,15.63,2142272,36241368.00
2012/06/12,15.54,15.55,15.26,15.29,983649,16525379.00
2012/06/13,15.35,15.99,15.35,15.96,3540291,60859976.00
2012/06/14,15.89,16.15,15.82,15.86,2127727,37045072.00
2012/06/15,15.93,16.35,15.93,16.06,2217323,38816680.00
2012/06/18,16.06,16.17,15.91,16.04,1192145,20771486.00
2012/06/19,16.03,16.14,15.87,15.96,1243540,21661932.00
2012/06/20,16.05,16.18,15.95,16.12,1366486,23886820.00
2012/06/21,16.10,16.10,15.83,15.86,1373998,23774228.00
2012/06/25,15.70,15.85,15.65,15.74,948565,16269610.00
2012/06/26,15.43,15.57,15.21,15.23,2078800,35035104.00
2012/06/27,15.28,15.56,15.25,15.31,1410749,23773248.00
2012/06/28,15.37,15.65,15.37,15.49,1386415,23464590.00
2012/06/29,15.45,15.67,15.30,15.66,1260551,21308496.00
2012/07/02,15.72,15.90,15.52,15.75,3051476,52172932.00
2012/07/03,15.80,16.28,15.78,16.09,4683993,81882424.00
2012/07/04,16.21,16.34,15.98,16.20,4680398,82236064.00
2012/07/05,16.19,16.19,15.84,15.85,2226148,38824440.00
2012/07/06,16.08,16.08,15.61,15.99,1943660,32713908.00
2012/07/09,15.88,16.10,15.71,15.72,2114231,35882788.00
2012/07/10,15.75,15.83,14.70,14.80,3848351,61731892.00
2012/07/11,14.80,14.98,14.25,14.70,4113014,64182168.00
2012/07/12,14.51,15.00,14.35,14.92,4355798,68909728.00
2012/07/13,14.90,15.17,14.82,15.07,2388902,38436248.00
2012/07/16,15.08,15.10,14.58,14.60,1231570,19392796.00
2012/07/17,14.50,14.85,14.40,14.82,1388094,21709144.00
2012/07/18,14.71,15.01,14.64,15.00,1013531,16044815.00
2012/07/19,15.00,15.31,14.73,15.19,1727140,27933096.00
2012/07/20,15.30,15.34,14.92,14.96,1673478,26946196.00
2012/07/23,14.82,15.11,14.68,15.03,1014719,16210922.00
2012/07/24,15.00,15.88,14.80,15.27,3069064,50627976.00
2012/07/25,15.05,15.38,15.01,15.10,1320825,21339506.00
2012/07/26,15.19,15.38,14.92,15.10,1226756,19815196.00
2012/07/27,15.24,15.25,14.70,14.80,920416,14597354.00
2012/07/30,14.80,14.96,14.55,14.64,667670,10491498.00
2012/07/31,14.60,14.80,14.40,14.57,471768,7360477.00
2012/08/01,14.65,14.85,14.64,14.70,552389,8690799.00
2012/08/02,14.68,14.80,14.56,14.72,355110,5582672.00
2012/08/03,14.72,14.98,14.72,14.97,745871,11834541.00
2012/08/06,14.98,15.20,14.79,15.18,1073540,17212032.00
2012/08/07,15.20,15.29,15.06,15.17,876714,14161894.00
2012/08/08,15.16,15.18,14.82,14.99,1419422,22719584.00
2012/08/09,15.14,15.40,14.87,15.30,2964706,48212152.00
2012/08/10,15.37,15.37,15.03,15.09,1129496,18249124.00
2012/08/13,15.14,15.29,14.91,14.95,1279343,20638572.00
2012/08/14,14.90,15.26,14.90,15.15,1590606,25574694.00
2012/08/15,15.10,15.19,14.91,14.94,635478,10174356.00
2012/08/16,14.97,15.03,14.80,14.89,651810,10357973.00
2012/08/17,14.89,14.89,14.55,14.73,931702,14621903.00
2012/08/20,14.69,14.69,14.34,14.66,848553,13128680.00
2012/08/21,14.52,14.68,14.37,14.53,2647765,41105656.00
2012/08/22,14.51,14.53,14.15,14.23,3791104,57770144.00
2012/08/23,14.15,14.33,14.15,14.24,2318947,35270996.00
2012/08/24,14.25,14.28,14.19,14.22,1793958,27324104.00
2012/08/27,14.23,14.24,13.92,13.93,1151014,17285812.00
2012/08/28,13.93,14.04,13.73,13.78,2417747,35874448.00
2012/08/29,13.75,13.78,13.34,13.60,4195768,60884840.00
2012/08/30,13.51,13.58,13.32,13.38,1304327,18828676.00
2012/08/31,13.36,13.50,13.33,13.44,646873,9320758.00
2012/09/03,13.44,13.66,13.36,13.65,1339671,19492432.00
2012/09/04,13.66,13.68,13.15,13.19,1746455,25158002.00
2012/09/05,13.20,13.23,12.95,13.10,1137394,15998547.00
2012/09/06,13.20,13.20,13.02,13.16,1037036,14632860.00
2012/09/07,13.25,13.76,13.20,13.60,3706399,53923132.00
2012/09/10,13.64,13.80,13.56,13.79,2672767,39211088.00
2012/09/11,13.75,13.75,13.50,13.65,2390782,34901696.00
2012/09/12,13.63,13.75,13.49,13.66,1998731,29228404.00
2012/09/13,13.58,13.67,13.40,13.41,1817497,26406344.00
2012/09/14,13.54,13.59,13.26,13.50,1832506,26389194.00
2012/09/17,13.53,13.62,13.15,13.16,1706860,24444202.00
2012/09/18,13.07,13.22,12.85,12.87,1287004,18037170.00
2012/09/19,13.24,13.45,13.00,13.14,3228212,45910156.00
2012/09/20,13.00,13.14,12.37,12.48,2573323,35335416.00
2012/09/21,12.39,12.49,11.93,12.06,4107872,54017392.00
2012/09/24,11.96,11.96,11.58,11.78,3599065,45901856.00
2012/09/25,11.78,11.88,11.68,11.81,1434270,18342624.00
2012/09/26,11.80,11.83,11.28,11.34,1908603,23819200.00
2012/09/27,11.34,11.56,11.12,11.47,4687038,57980840.00
2012/09/28,11.38,11.70,11.31,11.64,2950350,36953372.00
2012/10/08,11.62,11.77,11.44,11.46,3143674,39502124.00
2012/10/09,11.50,12.15,11.50,12.13,5870698,75472336.00
2012/10/10,12.00,12.39,11.95,12.26,5044034,66386952.00
2012/10/11,12.19,12.19,11.96,11.97,3014045,39421600.00
2012/10/12,11.89,12.12,11.70,12.07,2633428,34129724.00
2012/10/15,12.01,12.04,11.85,11.95,1795379,23233920.00
2012/10/16,11.97,12.14,11.78,11.83,2108274,27254460.00
2012/10/17,11.86,11.92,11.48,11.63,3476340,43889608.00
2012/10/18,11.65,11.98,11.57,11.96,4406992,56576044.00
2012/10/19,11.96,12.05,11.78,11.89,2621554,33780408.00
2012/10/22,11.78,11.90,11.64,11.84,1933411,24682552.00
2012/10/23,11.88,12.15,11.81,12.04,5122689,66630452.00
2012/10/24,11.93,12.09,11.91,12.04,2466857,32092214.00
2012/10/25,11.96,12.21,11.88,12.03,3398266,44492768.00
2012/10/26,12.00,12.00,11.39,11.48,3408822,42949336.00
2012/10/29,11.42,11.42,10.90,11.10,3287637,39817224.00
2012/10/30,11.07,11.17,11.02,11.07,1524018,18404144.00
2012/10/31,11.21,11.55,11.17,11.29,3093640,38175052.00
2012/11/01,11.28,11.70,11.28,11.61,3029717,37856352.00
2012/11/02,11.66,11.67,11.47,11.58,1470842,18467344.00
2012/11/05,11.60,11.73,11.54,11.58,1415780,17872078.00
2012/11/06,11.65,11.65,11.20,11.45,1491689,18436976.00
2012/11/07,11.45,11.45,11.21,11.38,1357963,16743241.00
2012/11/08,11.29,11.30,10.99,11.09,1970522,23913898.00
2012/11/09,11.02,11.16,10.96,11.08,1562909,18841044.00
2012/11/12,11.09,11.12,10.90,11.07,1188155,14269706.00
2012/11/13,11.10,11.10,10.74,10.80,1421850,16855910.00
2012/11/14,10.85,10.88,10.69,10.82,1040026,12241489.00
2012/11/15,10.66,10.77,10.50,10.52,1199055,13943974.00
2012/11/16,10.37,10.49,10.26,10.41,1114629,12641500.00
2012/11/19,10.34,10.63,10.31,10.55,1088251,12433518.00
2012/11/20,10.52,10.66,10.49,10.56,854782,9891509.00
2012/11/21,10.53,10.65,10.30,10.64,1762042,20230264.00
2012/11/22,10.55,10.57,10.40,10.49,1265566,14520127.00
2012/11/23,10.51,11.10,10.46,11.03,5287134,62814680.00
2012/11/26,11.05,11.08,10.70,10.78,3634927,43158132.00
2012/11/27,10.68,10.76,10.08,10.19,4240315,48074432.00
2012/11/28,10.01,10.16,9.85,9.88,1904423,20994084.00
2012/11/29,9.97,10.04,9.60,9.61,1949604,21116104.00
2012/11/30,9.54,9.79,9.54,9.69,1957961,20897156.00
2012/12/03,9.66,9.70,9.11,9.17,2857243,29644330.00
2012/12/04,9.16,9.33,8.99,9.29,1780689,18059744.00
2012/12/05,9.30,9.90,9.20,9.76,4279458,45643044.00
2012/12/06,9.68,9.84,9.60,9.78,1989983,21345248.00
2012/12/07,9.78,10.26,9.73,10.26,7188801,80095888.00
2012/12/10,10.31,10.57,10.18,10.40,7329896,83438008.00
2012/12/11,10.30,10.80,10.22,10.44,5379360,62169864.00
2012/12/12,10.47,10.68,10.35,10.58,3740587,43102312.00
2012/12/13,10.63,10.63,10.28,10.30,2894141,33040782.00
2012/12/14,10.24,10.98,10.24,10.86,5605537,65843952.00
2012/12/17,10.90,11.38,10.87,10.95,6592877,79849488.00
2012/12/18,10.95,11.47,10.81,11.23,7515816,91826144.00
2012/12/19,11.25,11.28,11.04,11.18,4527044,54932456.00
2012/12/20,11.09,11.27,11.03,11.22,3453075,41958516.00
2012/12/21,11.36,11.48,11.11,11.22,4683810,57522880.00
2012/12/24,11.18,11.18,10.94,11.08,4985086,60048604.00
2012/12/25,11.01,11.57,10.94,11.46,7807441,96693440.00
2012/12/26,11.47,11.84,11.41,11.65,4941492,62444584.00
2012/12/27,11.63,11.77,11.38,11.40,4024539,50659348.00
2012/12/28,11.37,11.52,11.32,11.46,3068203,38154540.00
2012/12/31,11.47,11.74,11.38,11.62,4194906,52815216.00
2013/01/04,11.79,11.79,11.19,11.34,5404376,66925752.00
2013/01/07,11.67,11.82,11.52,11.63,10280656,130346176.00
2013/01/08,11.69,12.16,11.60,12.05,9310593,120214096.00
2013/01/09,11.96,12.68,11.82,12.29,11074833,146973040.00
2013/01/10,12.29,12.67,12.28,12.41,7031651,94821640.00
2013/01/11,12.36,12.57,11.70,11.83,6841552,89562480.00
2013/01/14,11.99,13.11,11.99,13.11,13823092,190417184.00
2013/01/15,13.16,13.67,13.00,13.08,14992038,213115648.00
2013/01/16,13.00,13.08,12.63,12.86,8181865,113057144.00
2013/01/17,12.80,12.99,12.61,12.88,4825188,66721036.00
2013/01/18,12.99,13.28,12.78,13.03,5704450,79904104.00
2013/01/21,13.03,13.32,12.98,13.12,5017027,70921984.00
2013/01/22,13.12,13.13,12.61,12.96,5888523,81484936.00
2013/01/23,12.84,12.88,12.49,12.73,3055206,41761448.00
2013/01/24,12.73,12.93,12.13,12.26,5245323,71052248.00
2013/01/25,12.26,12.47,12.26,12.32,2455369,32752180.00
2013/01/28,11.88,12.15,11.25,12.12,17209013,216455568.00
2013/01/29,11.85,11.95,11.68,11.89,6931358,89006792.00
2013/01/30,11.91,12.45,11.78,12.43,8937337,116715016.00
2013/01/31,12.33,12.47,12.21,12.29,4670493,62135688.00
2013/02/01,12.37,12.72,12.23,12.54,7365050,99436512.00
2013/02/04,12.48,12.57,11.81,12.02,6438287,84437896.00
2013/02/05,11.90,12.17,11.83,12.13,2707823,35325644.00
2013/02/06,12.13,12.26,12.01,12.06,4320571,56790824.00
2013/02/07,12.08,12.14,11.95,12.09,3401628,44323376.00
2013/02/08,12.08,12.47,12.04,12.41,4044205,53801052.00
2013/02/18,12.67,13.15,12.67,12.89,8607949,119963432.00
2013/02/19,12.85,13.28,12.71,13.17,10619153,149723840.00
2013/02/20,13.06,14.04,12.90,13.66,10432301,150359824.00
2013/02/21,13.50,14.20,13.31,13.67,15306226,226139472.00
2013/02/22,13.65,13.66,13.20,13.41,6265507,90432624.00
2013/02/25,13.40,13.49,12.96,13.18,6127344,86623144.00
2013/02/26,13.12,13.37,12.81,12.86,4763978,67344800.00
2013/02/27,12.85,13.01,12.50,12.74,4139303,56806548.00
2013/02/28,12.80,13.15,12.72,13.13,3985240,55709092.00
2013/03/01,13.30,13.57,13.19,13.48,6135937,88167248.00
2013/03/04,13.50,13.50,12.81,13.01,5282104,74544128.00
2013/03/05,12.98,13.48,12.82,13.46,5641466,80547552.00
2013/03/06,13.49,13.68,13.35,13.66,6325499,91903240.00
2013/03/07,13.65,13.65,13.05,13.43,5137030,73887184.00
2013/03/08,13.58,13.95,13.35,13.47,4694183,68726152.00
2013/03/11,13.65,14.21,13.65,14.20,12634680,189467760.00
2013/03/12,14.30,14.31,13.35,13.65,9065282,133830784.00
2013/03/13,13.60,13.60,12.90,13.00,6266592,88411240.00
2013/03/14,12.95,13.23,12.67,12.72,4081354,56604040.00
2013/03/15,12.68,13.06,12.68,12.77,2862237,39740816.00
2013/03/18,12.78,12.95,12.46,12.53,2727626,37301564.00
2013/03/19,12.55,12.82,12.47,12.64,1674729,22866448.00
2013/03/20,12.67,12.95,12.64,12.92,2795466,38698640.00
2013/03/21,12.89,13.14,12.81,12.95,3501944,49012208.00
2013/03/22,12.96,13.07,12.86,12.99,2721750,37995708.00
2013/03/25,12.93,13.12,12.71,12.78,2361838,32645988.00
2013/03/26,12.80,12.80,12.14,12.24,4232134,56436680.00
2013/03/27,12.11,12.33,12.00,12.14,2779492,36629868.00
2013/03/28,12.11,12.11,11.68,11.74,2417539,30945526.00
2013/03/29,11.70,11.89,11.68,11.73,1320009,16826916.00
2013/04/01,12.50,12.85,12.10,12.37,11246251,151189184.00
2013/04/02,12.41,12.64,11.87,12.22,7902302,104746544.00
2013/04/03,13.20,13.29,12.49,12.64,18553800,255059584.00
2013/04/08,12.85,14.00,12.85,13.92,27189904,394750304.00
2013/04/09,13.70,13.77,13.05,13.12,13963864,199395248.00
2013/04/10,13.13,13.13,12.52,12.63,9291990,127633520.00
2013/04/11,12.68,12.73,12.25,12.49,7599410,101904056.00
2013/04/12,12.36,12.39,11.96,12.00,5782862,76045872.00
2013/04/15,12.29,12.54,12.06,12.13,6956601,92595568.00
2013/04/16,11.88,11.88,11.20,11.48,7461849,92607344.00
2013/04/17,11.48,11.56,11.33,11.54,3478044,43369192.00
2013/04/18,11.42,11.47,11.26,11.36,3685921,45506848.00
2013/04/19,11.35,11.67,11.31,11.56,5089033,63721488.00
2013/04/22,11.50,11.78,11.35,11.75,4480391,56345120.00
2013/04/23,11.82,11.86,11.26,11.28,5223067,65417648.00
2013/04/24,11.23,11.52,11.20,11.48,2847490,35289336.00
2013/04/25,11.72,11.98,11.55,11.71,8478178,108598272.00
2013/04/26,11.75,11.75,11.19,11.24,6758271,83734496.00
2013/05/02,11.12,11.13,10.87,10.99,4260890,51041724.00
2013/05/03,11.16,11.28,11.04,11.22,3916302,47788436.00
2013/05/06,11.27,11.51,11.21,11.50,6410000,78991944.00
2013/05/07,11.40,11.52,11.33,11.39,4089149,50761240.00
2013/05/08,11.42,11.57,11.41,11.51,6691821,83670984.00
2013/05/09,11.53,11.85,11.46,11.74,10839652,137557008.00
2013/05/10,11.75,12.06,11.70,12.00,7045187,90639264.00
2013/05/13,11.92,12.06,11.83,11.91,4860187,62844752.00
2013/05/14,11.89,11.93,11.50,11.66,4793409,60582844.00
2013/05/15,11.78,12.18,11.65,12.16,6725206,87309208.00
2013/05/16,12.10,12.42,12.04,12.17,6064820,80056112.00
2013/05/17,12.28,12.62,12.17,12.51,9012970,121377272.00
2013/05/20,12.51,12.59,12.20,12.56,10629012,142499536.00
2013/05/21,12.58,12.70,12.36,12.60,7690982,104118752.00
2013/05/22,12.60,12.61,12.15,12.23,7638584,102015296.00
2013/05/23,12.22,12.35,12.06,12.09,5052627,66481552.00
2013/05/24,12.10,12.27,12.09,12.26,5039961,66522940.00
2013/05/27,12.26,13.03,12.16,12.89,12396646,169558576.00
2013/05/28,12.89,13.03,12.76,12.89,8453087,117439040.00
2013/05/29,12.93,13.00,12.72,12.82,6386476,88428800.00
2013/05/30,12.81,12.94,12.65,12.80,6205879,85518704.00
2013/05/31,12.88,13.21,12.79,12.98,7936797,111396472.00
2013/06/03,13.00,13.36,12.66,12.68,8206711,115600768.00
2013/06/04,12.61,12.64,12.24,12.40,5628752,75479560.00
2013/06/05,12.40,12.46,12.21,12.41,3395376,45189736.00
2013/06/06,12.31,12.45,12.14,12.16,2740901,36367144.00
2013/06/07,12.15,12.27,11.69,11.84,3423031,44235480.00
2013/06/13,11.66,11.66,11.12,11.34,2645404,32665032.00
2013/06/14,11.34,11.55,11.34,11.45,2536216,31584190.00
2013/06/17,11.45,11.95,11.43,11.79,4248122,53953092.00
2013/06/18,11.81,11.90,11.62,11.83,1844102,23531776.00
2013/06/19,11.79,11.79,11.41,11.67,2133471,26758480.00
2013/06/20,11.50,11.65,11.14,11.16,2026997,25121706.00
2013/06/21,11.09,11.24,10.83,11.14,2085811,25159780.00
2013/06/24,11.14,11.14,9.96,10.26,3494089,40379460.00
2013/06/25,10.27,10.31,9.32,10.01,4501264,48907260.00
2013/06/26,9.98,10.30,9.97,10.18,3059470,34178136.00
2013/06/27,10.22,10.49,10.08,10.10,3752131,42289688.00
2013/06/28,10.05,10.33,9.91,10.14,2850435,31768996.00
2013/07/01,10.09,10.35,10.01,10.31,2297265,25783752.00
2013/07/02,10.31,10.86,10.28,10.83,4732234,55020744.00
2013/07/03,10.80,10.85,10.48,10.71,2789551,32584204.00
2013/07/04,10.74,11.08,10.60,10.90,3638955,43491456.00
2013/07/05,10.95,11.15,10.70,10.73,2001849,23855962.00
2013/07/08,10.66,10.66,10.20,10.31,1855197,21142276.00
2013/07/09,10.27,10.58,10.26,10.55,1386346,15896459.00
2013/07/10,10.49,11.10,10.49,11.08,3501908,41927256.00
2013/07/11,11.08,11.50,11.00,11.30,3272372,40213736.00
2013/07/12,11.48,11.48,11.12,11.31,1943493,23533404.00
2013/07/15,11.31,11.65,11.30,11.52,2249750,27618680.00
2013/07/16,11.47,11.72,11.40,11.70,2746182,34014536.00
2013/07/17,11.70,11.83,11.33,11.36,2742744,34014680.00
2013/07/18,11.46,11.70,11.40,11.40,2609785,32159516.00
2013/07/19,11.52,11.52,11.05,11.07,2208317,26752864.00
2013/07/22,11.10,11.42,11.10,11.37,1795150,21776916.00
2013/07/23,11.44,11.64,11.31,11.61,3156699,38848672.00
2013/07/24,11.53,11.94,11.52,11.82,4440652,55883160.00
2013/07/25,11.71,11.82,11.47,11.50,2679340,33233964.00
2013/07/26,11.51,11.60,11.31,11.44,1424083,17450684.00
2013/07/29,11.38,11.58,11.10,11.12,2288030,27720892.00
2013/07/30,11.12,11.26,10.88,11.07,2165639,25687610.00
2013/07/31,11.09,11.39,11.03,11.09,2176314,26175778.00
2013/08/01,11.09,11.53,11.09,11.46,2843679,34501516.00
2013/08/02,11.48,11.67,11.45,11.65,3385098,41862344.00
2013/08/05,11.66,12.06,11.59,12.02,5421536,68902616.00
2013/08/06,12.06,12.15,11.88,12.11,5212656,66765604.00
2013/08/07,12.00,12.42,11.98,12.24,8549801,111464808.00
2013/08/08,12.20,12.90,12.20,12.55,8860319,119077216.00
2013/08/09,12.64,12.87,12.45,12.82,8156045,109967352.00
2013/08/12,12.83,12.89,12.54,12.79,5535800,74795288.00
2013/08/13,12.79,12.90,12.43,12.67,5488621,73538952.00
2013/08/14,12.61,12.68,12.37,12.57,4131058,55028448.00
2013/08/15,12.49,12.72,12.42,12.48,3922958,52470944.00
2013/08/16,12.32,12.64,11.97,11.98,5395948,70432016.00
2013/08/19,12.02,12.31,11.95,12.26,2694344,34924332.00
2013/08/20,12.22,12.40,12.03,12.08,3034895,39449692.00
2013/08/21,12.10,12.66,12.08,12.64,5525019,72913472.00
2013/08/22,12.66,12.78,12.47,12.56,5009182,67150992.00
2013/08/23,12.60,12.66,12.02,12.34,4479764,58912204.00
2013/08/26,12.34,12.65,12.07,12.61,4120233,54939000.00
2013/08/27,12.61,12.79,12.46,12.72,5232262,70371008.00
2013/08/28,12.58,12.58,12.30,12.33,4446435,58845860.00
2013/08/29,12.32,12.48,12.10,12.21,3349749,43680868.00
2013/08/30,12.17,12.30,11.93,12.02,4223617,54495148.00
2013/09/02,12.03,12.26,11.90,12.18,3914910,50537792.00
2013/09/03,12.15,12.54,12.14,12.40,6695050,88296368.00
2013/09/04,12.40,12.40,12.11,12.19,4916642,63995876.00
2013/09/05,12.18,12.38,12.07,12.33,4744280,62185196.00
2013/09/06,12.33,12.36,12.20,12.24,3894946,50879264.00
2013/09/09,12.20,12.58,12.20,12.53,5469449,72236632.00
2013/09/10,12.60,12.60,12.36,12.45,4520254,59885300.00
2013/09/11,12.59,12.59,12.16,12.38,5857313,77082608.00
2013/09/12,12.37,12.49,12.28,12.37,4025304,53104956.00
2013/09/13,12.41,12.89,12.40,12.80,11699969,158402640.00
2013/09/16,12.83,12.92,12.48,12.53,6743132,90314352.00
2013/09/17,12.52,12.53,12.05,12.09,6231728,81266632.00
2013/09/18,12.10,12.20,12.01,12.14,2689297,34777652.00
2013/09/23,12.14,12.36,12.10,12.34,4088764,53252988.00
2013/09/24,12.33,12.34,12.11,12.21,3033335,39418476.00
2013/09/25,12.22,12.58,12.15,12.45,6436084,85448928.00
2013/09/26,12.40,12.65,12.37,12.45,4565411,60833092.00
2013/09/27,12.41,12.85,12.36,12.82,7417174,99963440.00
2013/09/30,12.81,13.29,12.63,13.26,10273663,142804912.00
2013/10/08,13.27,13.33,12.99,13.19,6063480,84482424.00
2013/10/09,13.20,13.46,13.04,13.16,6566024,91942376.00
2013/10/10,13.20,13.23,12.92,13.03,5472256,75593352.00
2013/10/11,13.09,13.44,13.00,13.41,6197588,86795192.00
2013/10/14,13.44,13.82,13.28,13.57,7927732,114007856.00
2013/10/15,13.59,13.77,13.40,13.50,5102693,73247488.00
2013/10/16,13.58,13.79,13.26,13.38,7512452,107762048.00
2013/10/17,13.40,14.05,13.30,13.62,7655706,110995888.00
2013/10/18,13.56,13.91,13.50,13.58,4863476,70391312.00
2013/10/21,13.48,13.58,13.00,13.43,7275986,102930760.00
2013/10/22,13.45,13.48,12.97,13.10,8427827,117565528.00
2013/10/23,13.08,13.17,12.49,12.64,5726527,77829096.00
2013/10/24,12.66,12.80,12.52,12.67,2566606,34512376.00
2013/10/25,12.66,12.77,12.38,12.48,2904460,38682928.00
2013/10/28,12.68,12.70,12.38,12.42,2299030,30601432.00
2013/10/29,12.44,12.50,11.75,12.06,4077899,52580180.00
2013/10/30,12.06,12.22,11.87,12.17,2468951,31717816.00
2013/10/31,12.15,12.33,12.00,12.18,2159716,28088032.00
2013/11/01,12.10,12.52,12.10,12.48,2623349,34580820.00
2013/11/04,12.50,12.84,12.40,12.64,3837758,51779416.00
2013/11/05,12.51,12.60,12.38,12.52,2538260,33710320.00
2013/11/06,12.63,12.82,12.33,12.35,3000272,40196264.00
2013/11/07,12.30,12.38,12.12,12.13,3482384,45388316.00
2013/11/08,12.00,12.14,11.73,11.82,3907004,49546912.00
2013/11/11,11.89,11.93,11.60,11.83,1913048,23986952.00
2013/11/12,11.85,12.11,11.68,12.08,2138948,27175158.00
2013/11/13,11.99,11.99,11.75,11.77,1957701,24710620.00
2013/11/14,11.75,12.02,11.62,11.99,1977624,25022504.00
2013/11/15,12.00,12.36,11.99,12.20,3200354,41663044.00
2013/11/18,12.22,12.48,12.22,12.43,3402646,44779404.00
2013/11/19,12.41,12.60,12.35,12.44,2433331,32316512.00
2013/11/20,12.50,12.56,12.39,12.49,1990657,26455072.00
2013/11/21,12.48,12.48,12.23,12.32,2372438,31120304.00
2013/11/22,12.33,12.65,12.27,12.62,3896907,51835712.00
2013/11/25,12.65,12.73,12.48,12.52,3353265,45011672.00
2013/11/26,12.43,12.58,12.38,12.52,1789902,23759144.00
2013/11/27,12.49,12.88,12.42,12.80,5003590,67824704.00
2013/11/28,12.87,13.02,12.72,12.79,4290459,58614888.00
2013/11/29,12.81,13.07,12.80,12.86,4000216,54906012.00
2013/12/02,12.65,12.72,12.03,12.25,5091477,67219792.00
2013/12/03,12.26,12.84,12.22,12.80,4438544,59476680.00
2013/12/04,12.81,13.39,12.74,13.20,9072643,127239672.00
2013/12/05,13.24,13.44,13.15,13.30,5725198,80838168.00
2013/12/06,13.29,13.44,13.19,13.29,4106472,57829940.00
2013/12/09,13.45,13.58,13.35,13.41,4762560,67929272.00
2013/12/10,13.40,13.70,13.23,13.25,4747153,67969416.00
2013/12/11,13.24,13.28,13.02,13.11,3497164,48691332.00
2013/12/12,13.14,13.50,13.12,13.32,3112615,44077964.00
2013/12/13,13.29,13.58,13.08,13.38,3695039,52449736.00
2013/12/16,13.38,13.73,13.28,13.41,5602178,79907296.00
2013/12/17,13.35,13.40,12.95,12.97,3707163,51484724.00
2013/12/18,13.00,13.28,12.87,13.14,2643018,36729988.00
2013/12/19,13.19,13.55,13.01,13.37,6193412,87843736.00
2013/12/20,13.43,13.81,13.31,13.49,9172506,132375376.00
2013/12/23,13.78,14.35,13.60,14.20,13575782,201433184.00
2013/12/24,13.98,14.04,13.69,13.95,8141409,119507280.00
2013/12/25,13.91,14.08,13.50,13.92,6286533,91533576.00
2013/12/26,13.82,14.55,13.81,14.23,10802894,162607328.00
2013/12/27,14.11,15.29,14.05,15.12,16747105,262733392.00
2013/12/30,15.10,15.24,14.81,15.11,8260213,130858616.00
2013/12/31,15.01,15.38,14.78,14.93,7187370,114161360.00
2014/01/02,14.97,15.19,14.62,15.15,6199618,97083880.00
2014/01/03,15.01,15.10,14.43,14.58,6870193,106196264.00
2014/01/06,14.50,14.50,13.76,13.80,5945088,88162808.00
2014/01/07,13.83,14.22,13.66,14.10,4925052,72863744.00
2014/01/08,14.10,14.34,13.90,13.96,3150141,46783868.00
2014/01/09,13.89,14.39,13.79,14.06,3791416,56815672.00
2014/01/10,13.91,14.03,13.42,13.54,3722621,53767968.00
2014/01/13,13.53,13.63,13.10,13.16,3815793,53735824.00
2014/01/14,13.12,13.64,13.11,13.58,2181907,31067152.00
2014/01/15,13.50,13.71,13.33,13.68,2400521,34306720.00
2014/01/16,13.68,13.88,13.53,13.57,1981948,28819580.00
2014/01/17,13.43,13.52,13.13,13.29,3635283,51023308.00
2014/01/20,13.20,13.65,13.18,13.56,2850222,40499824.00
2014/01/21,13.51,13.75,13.42,13.64,3138676,45146336.00
2014/01/22,13.70,13.95,13.56,13.94,4923345,71585400.00
2014/01/23,13.85,13.94,13.58,13.78,4989707,72444360.00
2014/01/24,13.78,14.08,13.73,13.85,6728804,98924696.00
2014/01/27,13.85,13.96,12.95,12.97,9622877,136840784.00
2014/01/28,12.98,13.22,12.98,13.11,4627750,64386140.00
2014/01/29,13.18,13.24,12.99,13.13,4255445,59261152.00
2014/01/30,13.13,13.20,12.98,13.03,3276034,45443892.00
2014/02/07,12.82,13.30,12.82,13.27,2992449,41738848.00
2014/02/10,13.32,13.73,13.32,13.54,7299454,104926944.00
2014/02/11,13.55,13.88,13.48,13.64,6464106,93391216.00
2014/02/12,13.65,13.90,13.54,13.89,5626202,81714376.00
2014/02/13,13.85,14.03,13.63,13.64,5405732,79037288.00
2014/02/14,13.63,13.88,13.50,13.87,4266608,61818280.00
2014/02/17,14.00,14.38,13.91,14.37,8284677,124270048.00
2014/02/18,14.30,14.37,14.09,14.22,5371325,80719120.00
2014/02/19,14.21,14.35,14.06,14.21,5177752,77461920.00
2014/02/20,14.25,14.35,13.85,13.86,4332683,64297008.00
2014/02/21,13.86,14.00,13.44,13.60,5185019,75094376.00
2014/02/24,13.53,13.75,13.36,13.73,3337459,47758632.00
2014/02/25,13.76,13.91,13.22,13.25,6211066,89792720.00
2014/02/26,13.20,13.45,12.96,13.40,3406624,47906696.00
2014/02/27,13.34,13.50,13.10,13.13,2788632,39360176.00
2014/02/28,13.16,13.49,13.01,13.45,2610841,36738512.00
2014/03/03,13.45,13.59,13.26,13.44,4889909,69531392.00
2014/03/04,13.31,13.39,13.11,13.30,2754776,38659624.00
2014/03/05,13.33,13.44,13.15,13.25,2385653,33732544.00
2014/03/06,13.16,13.22,12.84,13.18,2665258,36888228.00
2014/03/07,13.18,13.25,12.90,12.95,2359749,32701820.00
2014/03/10,12.84,12.85,12.30,12.35,3233436,43043008.00
2014/03/11,12.30,12.44,12.20,12.36,1784520,23392320.00
2014/03/12,12.36,12.46,12.12,12.42,1748246,22909312.00
2014/03/13,12.44,12.57,12.29,12.42,2046657,27088008.00
2014/03/14,12.34,12.42,12.15,12.18,2045975,26746732.00
2014/03/17,12.21,12.40,12.13,12.37,4073113,53336952.00
2014/03/18,12.34,12.52,12.34,12.46,3514377,46491952.00
2014/03/19,12.46,12.46,12.27,12.37,2476089,32512278.00
2014/03/20,12.32,12.47,11.90,12.06,2835129,37218736.00
2014/03/21,11.98,12.38,11.78,12.31,3345105,42982696.00
2014/03/24,12.21,12.49,12.21,12.46,2426431,31988576.00
2014/03/25,12.30,12.40,12.14,12.39,2929558,38318960.00
2014/03/26,12.36,12.59,12.32,12.57,3420642,45468264.00
2014/03/27,12.54,12.82,12.48,12.58,3659659,49229152.00
2014/03/28,12.57,12.63,12.33,12.44,2311804,30580550.00
2014/03/31,12.59,12.59,12.02,12.13,2369923,30816668.00
2014/04/01,12.18,12.29,12.05,12.26,1096781,14271962.00
2014/04/02,12.30,12.35,12.19,12.25,897510,11713622.00
2014/04/03,12.25,12.36,12.10,12.20,1528626,19964888.00
2014/04/04,12.20,12.36,12.18,12.30,1326223,17371648.00
2014/04/08,12.24,12.52,12.24,12.46,1887157,24950560.00
2014/04/09,12.49,12.71,12.43,12.69,3110338,41521988.00
2014/04/10,12.64,12.78,12.56,12.64,3119676,41950260.00
2014/04/11,12.60,12.62,12.47,12.56,1901850,25377504.00
2014/04/14,12.52,12.78,12.52,12.76,2325447,31423440.00
2014/04/15,12.76,12.76,12.36,12.42,3378731,44956436.00
2014/04/16,12.36,12.60,12.31,12.56,1794414,23863484.00
2014/04/17,12.59,12.59,12.46,12.52,1144409,15262501.00
2014/04/18,12.51,12.60,12.38,12.57,1352662,18029804.00
2014/04/21,12.55,12.59,12.16,12.17,2266893,29857744.00
2014/04/22,12.17,12.30,11.95,12.14,1559921,20079444.00
2014/04/23,12.10,12.23,12.08,12.13,987210,12776128.00
2014/04/24,12.04,12.15,11.94,11.95,1486605,19015054.00
2014/04/25,11.93,11.99,11.65,11.66,2044950,25856452.00
2014/04/28,11.60,11.60,11.20,11.20,2629855,31852542.00
2014/04/29,11.30,11.51,11.20,11.50,1606305,19549356.00
2014/04/30,11.51,11.64,11.20,11.50,1412973,17323590.00
2014/05/05,11.48,11.68,11.44,11.66,1290250,15949977.00
2014/05/06,11.66,11.83,11.58,11.76,1509700,18935924.00
2014/05/07,11.60,11.81,11.60,11.73,1334046,16707854.00
2014/05/08,11.73,11.85,11.62,11.71,996169,12513500.00
2014/05/09,11.77,11.80,11.63,11.70,1044889,13075788.00
2014/05/12,11.80,12.03,11.71,12.00,1597325,20309204.00
2014/05/13,11.91,12.04,11.91,11.96,1252963,16006591.00
2014/05/14,11.98,11.99,11.77,11.82,960162,12161739.00
2014/05/15,11.82,11.98,11.60,11.61,1155044,14574528.00
2014/05/16,11.60,11.76,11.58,11.68,773191,9623315.00
2014/05/19,11.67,11.89,11.60,11.83,985843,12389852.00
2014/05/20,11.90,12.03,11.81,11.85,616396,7836339.00
2014/05/21,11.82,12.10,11.82,12.07,1342511,17188076.00
2014/05/22,12.02,12.20,12.01,12.09,1540910,19875954.00
2014/05/23,12.25,12.25,12.04,12.12,770999,9821690.00
2014/05/26,12.08,12.37,12.03,12.36,1608909,20763248.00
2014/05/27,12.38,12.38,12.17,12.33,1038611,13416756.00
2014/05/28,12.24,12.40,12.22,12.36,1522574,19726992.00
2014/05/29,12.35,12.41,12.17,12.26,1621291,20920532.00
2014/05/30,12.24,12.40,12.24,12.28,1604349,20752740.00
2014/06/03,12.25,12.36,12.14,12.29,1365492,17601920.00
2014/06/04,12.21,12.26,11.98,12.02,1197910,15285569.00
2014/06/05,12.02,12.27,11.99,12.25,950702,12161992.00
2014/06/06,12.25,12.27,12.10,12.25,692206,8877035.00
2014/06/09,12.15,12.26,11.91,11.91,1416040,17998724.00
2014/06/10,11.95,12.09,11.84,12.08,1173301,14775081.00
2014/06/11,12.12,12.13,11.95,12.07,907320,11495215.00
2014/06/12,12.07,12.43,11.94,12.36,2334562,30098032.00
2014/06/13,12.32,12.54,12.27,12.48,2422600,31640456.00
2014/06/16,12.53,12.53,12.35,12.46,1243500,16242219.00
2014/06/17,12.38,12.46,12.21,12.24,1827458,23656128.00
2014/06/18,12.21,12.30,12.01,12.10,1627860,20749240.00
2014/06/19,12.10,12.19,11.73,11.86,1090981,13728586.00
2014/06/20,11.87,12.03,11.86,11.98,802652,10087717.00
2014/06/23,11.98,12.15,11.98,12.02,866455,11024712.00
2014/06/24,11.97,12.14,11.97,12.06,870146,11025819.00
2014/06/25,12.10,12.12,11.96,12.08,811807,10291421.00
2014/06/26,12.08,12.37,12.04,12.37,1594994,20560024.00
2014/06/27,12.35,12.51,12.28,12.37,1855740,24176856.00
2014/06/30,12.57,12.57,12.29,12.38,1616119,21010108.00
2014/07/01,12.45,12.73,12.37,12.68,3784941,50011792.00
2014/07/02,12.62,12.76,12.59,12.68,2231640,29685432.00
2014/07/03,12.68,12.90,12.59,12.75,2924066,39274032.00
2014/07/04,12.86,12.87,12.68,12.79,2580462,34583684.00
2014/07/07,12.87,13.12,12.74,12.98,3566909,48511848.00
2014/07/08,13.00,13.00,12.72,12.88,2013882,27137108.00
2014/07/09,12.88,12.88,12.60,12.64,2629589,35136472.00
2014/07/10,12.57,12.74,12.57,12.68,1545930,20528940.00
2014/07/11,12.65,12.81,12.56,12.81,1925275,25717398.00
2014/07/14,12.81,13.02,12.73,13.00,2696985,36413080.00
2014/07/15,12.97,13.31,12.97,13.02,3897016,53612448.00
2014/07/16,13.00,13.48,12.97,13.34,4366199,60908820.00
2014/07/17,13.26,13.33,13.06,13.20,1890032,26093730.00
2014/07/18,13.21,13.65,13.21,13.47,5733887,80995872.00
2014/07/21,13.39,13.83,13.37,13.63,4750081,67789960.00
2014/07/22,13.85,14.24,13.63,14.08,10014030,146227248.00
2014/07/23,13.87,14.10,13.46,13.72,6599004,94883144.00
2014/07/24,13.73,13.81,13.49,13.65,3397749,48443600.00
2014/07/25,13.65,13.92,13.57,13.67,3073911,44156560.00
2014/07/28,13.74,13.85,13.61,13.79,4065502,58274804.00
2014/07/29,13.78,13.90,13.59,13.67,5111230,73394520.00
2014/07/30,13.65,13.81,13.56,13.72,2613696,37482208.00
2014/07/31,13.72,13.96,13.66,13.87,3570235,51597984.00
2014/08/01,13.86,13.86,13.44,13.47,4539808,64884020.00
2014/08/04,13.48,13.77,13.47,13.74,3165840,45270928.00
2014/08/05,13.82,13.94,13.74,13.86,2743754,39644088.00
2014/08/06,13.87,13.87,13.57,13.75,2297646,33006576.00
2014/08/07,13.75,13.79,13.54,13.57,2594641,37094724.00
2014/08/08,13.55,13.68,13.35,13.49,3440441,48502804.00
2014/08/11,13.53,14.53,13.46,14.48,12334853,181883648.00
2014/08/12,14.21,14.60,14.07,14.48,8726477,130286960.00
2014/08/13,14.59,14.59,14.11,14.26,3543128,52743012.00
2014/08/14,14.27,14.54,14.04,14.10,4052205,60408052.00
2014/08/15,14.08,14.43,14.08,14.21,3038209,45293200.00
2014/08/18,14.21,14.36,14.15,14.36,2971999,44191656.00
2014/08/19,14.38,14.41,14.16,14.29,2470782,36823344.00
2014/08/20,14.32,14.50,14.25,14.32,2746842,41271888.00
2014/08/21,14.27,14.47,14.07,14.42,4129718,61717296.00
2014/08/22,14.44,14.45,14.27,14.39,2015564,30187118.00
2014/08/25,14.42,14.84,14.39,14.50,5743562,87814048.00
2014/08/26,14.49,14.65,14.04,14.04,3078602,45767312.00
2014/08/27,14.17,14.30,13.97,14.28,2960166,43745272.00
2014/08/28,14.29,14.29,13.95,13.97,1800738,26529774.00
2014/08/29,13.97,14.14,13.85,14.04,1779166,25983244.00
2014/09/01,14.02,14.35,13.97,14.30,2689564,39889576.00
2014/09/02,14.48,14.76,14.40,14.69,6329890,96335912.00
2014/09/03,14.54,14.60,14.37,14.52,5322639,80481368.00
2014/09/04,14.52,14.63,14.43,14.59,3481638,52770112.00
2014/09/05,14.62,14.62,14.38,14.52,3363995,50787744.00
2014/09/09,14.55,14.56,14.35,14.49,4291346,64785144.00
2014/09/10,14.50,14.50,14.24,14.41,3254410,48785116.00
2014/09/11,14.65,14.92,14.45,14.60,9042507,138782656.00
2014/09/12,14.77,15.14,14.69,15.11,8795439,136599264.00
2014/09/15,15.07,15.43,14.83,15.18,7262004,114273256.00
2014/09/16,15.04,15.13,14.52,14.62,5726566,88588024.00
2014/09/17,14.60,14.71,14.28,14.57,4795460,72268888.00
2014/09/18,14.51,14.78,14.43,14.70,3742999,57174812.00
2014/09/19,14.65,14.71,14.49,14.67,2916766,44432912.00
2014/09/22,14.65,14.66,14.42,14.52,3373726,51080972.00
2014/09/23,14.49,14.57,14.17,14.33,7531358,112396256.00
2014/09/24,14.19,14.54,14.18,14.45,4318716,64975820.00
2014/09/25,14.49,14.72,14.45,14.66,7044754,107277328.00
2014/09/26,14.58,14.61,14.43,14.51,4028598,60950736.00
2014/09/29,14.55,14.70,14.53,14.69,4522035,68908184.00
2014/09/30,14.72,14.82,14.61,14.80,5087383,78103952.00
2014/10/08,14.86,15.00,14.64,14.98,4405693,68080088.00
2014/10/09,14.98,15.11,14.72,14.96,5705740,88897072.00
2014/10/10,14.85,14.95,14.75,14.81,4280383,66139636.00
2014/10/13,14.77,15.27,14.65,15.27,8251649,129712848.00
2014/10/14,15.20,15.32,14.92,15.07,5341601,84287856.00
2014/10/15,15.05,15.27,14.86,15.07,5538179,86863088.00
2014/10/16,14.97,15.11,14.66,15.03,12774546,197143472.00
2014/10/17,14.93,15.77,14.81,15.53,19064881,305575360.00
2014/10/20,15.87,16.17,15.22,15.31,21800605,353964832.00
2014/10/21,14.88,15.16,14.70,14.79,11472067,178236544.00
2014/10/22,14.79,14.85,14.44,14.46,6940113,105716368.00
2014/10/23,14.46,14.52,14.00,14.10,4866394,72407024.00
2014/10/24,14.10,14.44,14.10,14.18,4088387,60834600.00
2014/10/27,14.17,14.18,13.89,14.01,3019389,44280220.00
2014/10/28,14.08,14.33,14.08,14.31,5486994,81648040.00
2014/10/29,14.38,14.58,14.27,14.52,6526022,98255584.00
2014/10/30,14.53,14.92,14.50,14.69,9899163,152244752.00
2014/10/31,14.75,14.83,14.55,14.74,7866122,120618520.00
2014/11/03,14.76,15.21,14.66,15.09,8848743,137928032.00
2014/11/04,15.06,15.06,14.62,14.71,6563866,101370080.00
2014/11/05,14.75,15.06,14.59,14.86,5254730,81389960.00
2014/11/06,14.82,14.86,14.67,14.82,3982008,61300664.00
2014/11/07,14.83,15.01,14.56,14.60,7640181,118205112.00
2014/11/10,14.62,14.90,14.59,14.70,5168186,79096992.00
2014/11/11,14.72,14.76,14.03,14.27,6681214,100056296.00
2014/11/12,14.24,14.36,14.16,14.35,2851393,42521736.00
2014/11/13,14.36,14.74,14.35,14.43,5236928,79436640.00
2014/11/14,14.38,14.41,14.20,14.33,2156688,32181886.00
2014/11/17,14.42,14.66,14.22,14.51,2989463,45239392.00
2014/11/18,14.54,15.01,14.52,15.00,7595067,117617064.00
2014/11/19,15.06,15.29,14.85,14.98,7846843,123287488.00
2014/11/20,14.87,14.95,14.75,14.86,3341911,51699904.00
2014/11/21,14.89,15.01,14.85,15.00,3733156,58130856.00
2014/11/24,15.14,15.19,14.91,15.01,7371558,115330064.00
2014/11/25,15.05,15.13,14.91,15.11,6972203,109182760.00
2014/11/26,15.16,15.44,14.98,15.11,8674461,137366512.00
2014/11/27,15.22,15.26,14.87,15.06,8330287,130664480.00
2014/11/28,15.08,15.41,15.07,15.30,14258594,225987280.00
2014/12/01,15.34,15.45,14.98,15.18,9708957,153414528.00
2014/12/02,15.11,15.60,15.09,15.59,12073397,194213616.00
2014/12/03,15.75,15.89,15.42,15.80,12120628,197181248.00
2014/12/04,15.97,16.20,15.74,15.96,13127989,217072192.00
2014/12/05,15.97,16.01,15.02,15.38,13504650,217219488.00
2014/12/08,15.26,15.62,15.17,15.62,8716110,140535360.00
2014/12/09,15.54,15.95,15.27,15.36,11973924,193981504.00
2014/12/10,15.36,16.12,15.21,16.10,10916061,178046128.00
2014/12/11,16.07,16.93,16.00,16.91,18289025,314938656.00
2014/12/12,16.92,17.15,16.59,17.13,13068948,228282784.00
2014/12/15,17.02,17.24,16.75,17.18,10175337,179041808.00
2014/12/16,17.06,17.57,16.68,17.08,21676715,385422112.00
2014/12/17,16.93,16.94,16.37,16.61,10100058,174337136.00
2014/12/18,16.53,16.87,16.47,16.64,5554526,95956696.00
2014/12/19,16.57,16.77,15.56,16.07,11855442,197970992.00
2014/12/22,16.07,16.44,15.40,16.16,11347443,188178640.00
2014/12/23,15.92,16.09,15.43,15.52,6821498,111916768.00
2014/12/24,15.55,15.82,15.44,15.70,6692397,108839488.00
2014/12/25,15.76,15.96,15.58,15.87,7955718,130626432.00
2014/12/26,15.89,16.00,15.75,15.81,9064113,149050400.00
2014/12/29,15.87,15.90,15.52,15.58,7047512,114769136.00
2014/12/30,15.57,15.69,14.77,14.96,11221444,177222736.00
2014/12/31,14.98,15.35,14.78,15.22,4947545,77382224.00
2015/01/05,15.17,15.64,15.02,15.57,6804849,109013056.00
2015/01/06,15.40,15.96,15.36,15.86,9066928,148141136.00
2015/01/07,15.92,16.27,15.65,15.79,7369077,122015840.00
2015/01/08,15.84,16.12,15.71,15.87,6916592,114450952.00
2015/01/09,15.91,16.34,15.87,15.89,10553364,177147584.00
2015/01/12,15.72,15.88,15.07,15.25,6698364,107304440.00
2015/01/13,15.24,15.53,15.08,15.43,7852666,124891856.00
2015/01/14,15.37,15.90,15.28,15.87,9644263,157194512.00
2015/01/15,15.86,16.27,15.70,16.16,9282487,154547872.00
2015/01/16,16.07,16.25,15.88,16.15,6252781,104534648.00
2015/01/19,16.25,16.89,15.63,15.92,17960441,304440288.00
2015/01/20,16.00,16.70,16.00,16.69,13443271,228781184.00
2015/01/21,16.69,16.94,16.57,16.82,12592714,218970944.00
2015/01/22,16.87,16.92,16.57,16.87,11035513,192218656.00
2015/01/23,16.93,16.95,16.42,16.58,9506900,164396384.00
2015/01/26,16.52,16.71,16.45,16.69,6722004,115692360.00
2015/01/27,16.63,16.94,16.35,16.52,8103879,139633408.00
2015/01/28,16.37,16.54,16.19,16.36,9010402,153088304.00
2015/01/29,16.16,16.37,16.07,16.22,4873722,82239280.00
2015/01/30,16.23,16.41,16.15,16.30,5142950,87083368.00
2015/02/02,16.35,16.73,16.22,16.57,9623383,165281904.00
2015/02/03,16.58,16.67,16.29,16.55,6782010,115974192.00
2015/02/04,16.52,16.67,16.23,16.24,6063322,103850128.00
2015/02/05,16.42,16.50,15.98,16.05,6252354,105800128.00
2015/02/06,15.95,16.06,15.60,15.62,4781147,78707056.00
2015/02/09,15.58,15.67,15.40,15.58,3243757,52390332.00
2015/02/10,15.66,15.68,15.48,15.66,3681333,59621272.00
2015/02/11,15.72,15.86,15.68,15.79,2879796,47251288.00
2015/02/12,15.84,16.20,15.77,16.11,3593669,59928008.00
2015/02/13,16.22,16.42,16.11,16.39,6467346,109620112.00
2015/02/16,16.44,16.70,16.31,16.61,5888504,100885912.00
2015/02/17,16.56,16.68,16.46,16.62,4401500,75835600.00
2015/02/25,16.62,16.89,16.41,16.79,6966477,120642464.00
2015/02/26,16.78,16.97,16.64,16.91,6827856,119169456.00
2015/02/27,16.91,17.14,16.74,16.77,6566615,115521816.00
2015/03/02,16.85,16.90,16.58,16.79,7360442,127862776.00
2015/03/03,16.72,17.72,16.58,17.47,13676597,245056848.00
2015/03/04,17.37,17.78,17.30,17.66,10728830,195436528.00
2015/03/05,17.66,17.76,17.29,17.44,7029144,127525776.00
2015/03/06,17.45,17.50,17.01,17.11,5775440,102723832.00
2015/03/09,16.87,17.37,16.79,17.30,3600963,64053784.00
2015/03/10,17.30,17.50,17.17,17.46,4570602,82222136.00
2015/03/11,17.42,17.61,17.06,17.08,4423173,78915712.00
2015/03/12,17.12,17.70,16.99,17.67,6953028,125355576.00
2015/03/13,17.49,18.21,17.49,18.09,9044515,167872496.00
2015/03/16,18.20,18.64,18.20,18.50,9255463,176557088.00
2015/03/17,18.54,18.61,18.17,18.28,9169005,174565232.00
2015/03/18,18.29,18.72,18.29,18.62,7233836,138492544.00
2015/03/19,18.67,18.92,18.58,18.88,8372915,162106688.00
2015/03/20,18.87,19.36,18.78,19.31,7851831,155148160.00
2015/03/23,19.42,20.27,19.18,20.23,11606812,233836448.00
2015/03/24,20.14,20.14,18.87,19.87,15046040,303147968.00
2015/03/25,19.77,19.77,19.19,19.46,10170966,204905648.00
2015/03/26,19.47,21.47,19.28,20.44,17945335,382925504.00
2015/03/27,20.65,21.64,20.54,20.63,12278886,264359520.00
2015/03/30,20.65,21.20,20.13,20.47,11492368,243235392.00
2015/03/31,20.41,21.03,20.39,20.59,10392556,220887712.00
2015/04/01,20.57,21.32,20.42,21.06,8649596,186168448.00
2015/04/02,21.17,21.31,20.89,21.14,8322994,180480048.00
2015/04/03,20.97,22.03,20.80,21.97,10786500,239755696.00
2015/04/07,21.97,22.55,21.97,22.29,8078072,184955744.00
2015/04/08,22.29,22.47,21.25,21.60,9339750,209366832.00
2015/04/09,21.72,21.75,20.47,21.30,9732551,210674336.00
2015/04/10,21.12,21.82,21.07,21.64,6316763,140203296.00
2015/04/13,21.72,22.68,21.41,22.49,10416226,236769136.00
2015/04/14,22.49,22.76,21.93,22.07,9424389,216672352.00
2015/04/15,22.07,22.11,20.98,21.29,7109832,157127904.00
2015/04/16,21.17,21.67,20.57,21.47,5862284,128274912.00
2015/04/17,21.47,22.10,21.24,22.04,10196693,226309968.00
2015/04/20,21.95,21.99,21.23,21.31,9290352,206404432.00
2015/04/21,21.21,22.04,21.21,22.02,6777310,151174992.00
2015/04/22,22.05,23.89,22.05,23.43,12504493,299642304.00
2015/04/23,23.77,24.81,23.52,24.37,14354090,356700992.00
2015/04/24,23.86,24.37,23.25,24.19,9833421,240417376.00
2015/04/27,24.32,24.68,23.67,24.35,9810733,242891648.00
2015/04/28,24.35,24.56,23.01,23.31,7734724,187627104.00
2015/04/29,23.18,23.85,23.12,23.60,6189640,149608208.00
2015/04/30,23.77,24.93,23.77,24.54,10795146,271241984.00
2015/05/04,24.35,25.55,24.02,25.39,8787119,222683904.00
2015/05/05,25.18,25.36,23.65,23.81,9539132,240086320.00
2015/05/06,23.87,24.24,22.88,23.20,6920989,167929088.00
2015/05/07,23.04,23.59,22.70,23.13,5193730,123780720.00
2015/05/08,23.57,23.76,23.35,23.73,9312196,224761600.00
2015/05/11,23.86,24.82,23.35,24.75,12869076,316953472.00
2015/05/12,24.84,26.25,24.40,25.97,12309393,320401120.00
2015/05/13,25.87,26.77,25.37,25.66,8797730,235263184.00
2015/05/14,25.65,26.21,25.47,25.96,6425716,170308480.00
2015/05/15,25.90,25.90,24.87,25.19,5778466,149637952.00
2015/05/18,24.97,26.65,24.74,26.53,8023847,212157376.00
2015/05/19,26.68,26.86,25.37,26.44,8157136,219872896.00
2015/05/20,26.60,27.60,26.57,27.28,7744488,216336000.00
2015/05/21,27.44,28.58,27.27,28.44,10072336,287937408.00
2015/05/22,28.69,29.57,28.02,29.39,10559960,308963616.00
2015/05/25,29.10,30.71,28.97,30.18,9102882,279449344.00
2015/05/26,30.22,32.70,30.22,32.68,9448594,303341696.00
2015/05/27,33.02,35.37,32.67,33.15,11346580,388903680.00
2015/05/28,33.16,34.15,30.65,31.42,12183235,405521952.00
2015/05/29,31.03,32.53,29.97,32.13,9773872,317425856.00
2015/06/01,32.44,35.41,32.44,35.41,12046731,420924384.00
2015/06/02,35.58,38.75,35.58,38.68,11358519,436843232.00
2015/06/03,38.68,39.65,36.58,38.43,12160763,470560416.00
2015/06/04,38.27,38.27,34.67,36.88,9305961,344405248.00
2015/06/05,37.37,37.66,36.32,36.84,8028203,300551808.00
2015/06/08,36.84,37.35,35.38,37.30,11642108,432599168.00
2015/06/09,37.15,38.35,35.52,36.21,8821000,328922432.00
2015/06/10,35.57,36.76,35.08,36.23,11227109,410367104.00
2015/06/11,36.27,37.55,36.18,36.65,10465400,390378336.00
2015/06/12,36.92,37.75,36.12,37.64,9041324,339731904.00
2015/06/15,37.74,38.86,35.17,35.34,13427697,502385664.00
2015/06/16,34.37,35.26,31.82,32.28,12656382,425900416.00
2015/06/17,31.97,33.12,30.91,32.88,9194857,299195424.00
2015/06/18,33.27,33.85,31.37,31.80,7144899,238485248.00
2015/06/19,31.44,32.07,29.07,29.72,8819871,270265760.00
2015/06/23,29.47,30.55,26.87,29.61,8354641,243912784.00
2015/06/24,29.77,32.61,29.77,32.61,15686572,494459712.00
2015/06/25,32.87,34.14,31.90,32.64,17462390,586016768.00
2015/06/26,31.07,32.45,29.33,29.33,12376634,381705536.00
2015/06/29,30.25,30.28,26.35,26.35,13190637,365422208.00
2015/06/30,25.45,28.57,23.67,27.67,15065940,397571040.00
2015/07/01,27.47,28.03,24.86,24.86,10663065,290933824.00
2015/07/02,23.97,24.85,22.33,22.86,17455015,408176608.00
2015/07/03,22.23,22.85,20.53,22.16,16216751,354848608.00
2015/07/06,23.57,24.17,19.90,20.13,20582709,451896640.00
2015/07/07,18.96,19.29,18.07,18.07,9783761,183372000.00
2015/07/08,16.22,19.92,16.22,16.78,42917670,768526464.00
2015/07/09,17.32,18.50,16.99,18.50,13831864,257496528.00
2015/07/10,19.87,20.39,19.54,20.39,4844576,99508856.00
2015/07/13,22.44,22.47,21.57,22.47,15223153,346179584.00
2015/07/14,22.63,24.66,22.07,22.82,24480690,583801088.00
2015/07/15,21.97,23.27,20.50,20.50,14574585,322554368.00
2015/07/16,20.50,22.12,18.75,21.55,12753035,274857088.00
2015/07/17,21.55,23.72,21.55,23.56,15664168,370196544.00
2015/07/20,23.76,25.13,23.07,24.50,15134899,374952576.00
2015/07/21,24.57,26.54,23.57,25.89,21370022,553867392.00
2015/07/22,25.99,26.74,24.87,25.66,15543874,408943456.00
2015/07/23,25.71,26.37,25.52,26.15,11546739,305137728.00
2015/07/24,26.37,26.42,24.57,24.90,12354926,322412736.00
2015/07/27,24.17,26.01,22.37,22.45,19056428,477418112.00
2015/07/28,21.98,24.07,21.09,23.41,15323276,354227200.00
2015/07/29,23.41,25.79,23.32,25.75,13033083,321849312.00
2015/07/30,25.65,26.34,23.97,24.87,15207342,396537792.00
2015/07/31,24.36,25.38,23.67,24.43,8309832,206679488.00
2015/08/03,24.17,24.86,22.27,22.88,9392330,224482512.00
2015/08/04,22.82,24.53,22.80,24.33,11796658,284697920.00
2015/08/05,24.07,24.90,23.62,24.04,10381655,256676976.00
2015/08/06,23.23,24.11,22.95,23.74,5701457,137322832.00
2015/08/07,23.90,24.87,23.90,24.56,8695694,216786048.00
2015/08/10,24.85,26.52,24.85,26.31,12704098,334604640.00
2015/08/11,26.22,26.95,25.36,26.10,12731445,337949952.00
2015/08/12,25.77,27.16,25.52,26.48,12569453,339172480.00
2015/08/13,25.89,27.27,25.12,27.00,12085702,320113440.00
2015/08/14,27.17,27.51,26.52,27.25,12054675,331627968.00
2015/08/17,26.87,29.25,26.66,29.16,14514909,414975072.00
2015/08/18,29.52,29.52,26.20,26.20,14306433,398580992.00
2015/08/19,24.92,27.02,23.55,26.63,9579672,246186144.00
2015/08/20,25.77,26.50,24.23,24.28,7435900,192729760.00
2015/08/21,23.57,23.97,22.36,22.44,9239816,218714256.00
2015/08/24,21.17,21.17,20.15,20.15,7800302,161427984.00
2015/08/25,18.11,19.07,18.09,18.09,15597277,291862400.00
2015/08/26,18.57,19.07,16.85,17.31,10929789,203470016.00
2015/08/27,17.98,19.08,17.57,19.08,18900739,349859776.00
2015/08/28,19.57,21.03,19.46,20.74,11900581,245677728.00
2015/08/31,20.34,20.34,18.62,18.66,16941930,329878848.00
2015/09/01,17.71,17.96,16.75,16.75,9283998,163261696.00
2015/12/17,18.47,18.47,18.47,18.47,176106,3328403.00
2015/12/18,20.36,20.36,20.36,20.36,216701,4505214.00
2015/12/21,22.44,22.44,22.44,22.44,837424,19151888.00
2015/12/22,23.57,24.27,22.78,23.09,40864614,971563392.00
2015/12/23,22.93,23.23,22.68,22.90,17774580,414166656.00
2015/12/24,22.92,23.04,21.58,22.33,13585688,307603520.00
2015/12/25,22.32,22.70,22.18,22.39,7592600,173683056.00
2015/12/28,22.17,22.57,21.59,21.64,9939859,224687440.00
2015/12/29,21.77,21.82,20.50,20.85,19267660,411220000.00
2015/12/30,20.87,21.23,20.82,21.17,9081454,194941376.00
2015/12/31,21.19,21.26,20.73,20.95,8083058,172699488.00
2016/01/04,20.94,20.94,18.89,18.95,7632083,156170048.00
2016/01/05,18.37,19.85,18.07,19.79,14634959,284686880.00
2016/01/06,19.57,20.04,19.26,19.90,9877611,198449664.00
2016/01/07,19.47,19.47,17.87,17.90,2408945,46008020.00
2016/01/08,18.37,18.71,17.16,18.36,10434308,195000112.00
2016/01/11,17.89,18.69,17.59,17.70,10278944,192047184.00
2016/01/12,17.79,18.34,17.37,18.31,8829567,162335072.00
2016/01/13,18.37,19.22,18.00,18.09,12320758,236259824.00
2016/01/14,17.31,19.94,16.77,19.11,11820887,217802880.00
2016/01/15,18.74,18.94,18.18,18.39,8878852,168935392.00
2016/01/18,17.86,18.77,17.55,18.45,6293834,118294192.00
2016/01/19,18.37,18.97,17.85,18.87,12648539,238287984.00
2016/01/20,18.63,18.76,18.10,18.32,9320589,175973776.00
2016/01/21,17.92,18.37,16.97,17.01,9255309,168363344.00
2016/01/22,17.26,17.29,16.35,16.97,7150324,123802200.00
2016/01/25,17.13,17.17,16.89,17.08,7187326,125608248.00
2016/01/26,16.72,17.02,15.33,15.42,8137044,135613312.00
2016/01/27,15.48,15.65,14.39,15.03,7661909,117661984.00
2016/01/28,14.83,14.93,14.12,14.15,5677462,85195920.00
2016/01/29,14.08,15.07,14.05,14.85,8147435,122776776.00
2016/02/01,14.82,14.87,14.31,14.47,4106357,61685160.00
2016/02/02,14.56,15.47,14.53,15.42,6241289,96780504.00
2016/02/03,15.10,15.47,14.90,15.33,4532946,70556192.00
2016/02/04,15.45,15.77,15.29,15.74,6299305,101015160.00
2016/02/05,15.57,15.75,15.29,15.42,3663472,58284088.00
2016/02/15,14.78,15.50,14.70,15.34,4154431,64613856.00
2016/02/16,15.46,16.04,15.41,15.98,8104583,131896888.00
2016/02/17,15.97,16.07,15.75,15.99,7190921,117494792.00
2016/02/18,16.27,16.28,15.92,16.01,7327140,120849048.00
2016/02/19,15.95,16.23,15.89,16.20,5503090,90622424.00
2016/02/22,16.27,16.65,16.26,16.54,6931548,117058536.00
2016/02/23,16.56,16.61,16.12,16.36,5972953,100181664.00
2016/02/24,16.25,16.72,16.18,16.71,7970653,135306752.00
2016/02/25,16.62,16.65,15.00,15.00,8756759,142178736.00
2016/02/26,15.14,15.32,14.82,15.15,4844883,75456416.00
2016/02/29,15.12,15.12,13.83,14.02,4893121,71710960.00
2016/03/01,14.22,14.62,13.97,14.42,5072308,74482128.00
2016/03/02,14.46,15.91,14.42,15.91,9026300,141905744.00
2016/03/03,16.17,17.07,16.17,16.57,17694121,303492736.00
2016/03/04,16.64,16.92,15.85,16.21,10690975,180515600.00
2016/03/07,16.36,16.93,16.36,16.66,6903352,118349136.00
2016/03/08,16.59,16.65,15.55,16.44,7730116,127080784.00
2016/03/09,15.93,16.10,15.57,15.70,4443051,72083000.00
2016/03/10,15.73,15.83,15.27,15.31,4084616,65206968.00
2016/03/11,15.17,15.57,15.09,15.45,2615735,41248168.00
2016/03/14,15.63,16.67,15.63,16.21,8076315,134275776.00
2016/03/15,16.17,16.57,15.99,16.43,6861384,115123856.00
2016/03/16,16.34,16.54,15.80,15.96,4785214,79213208.00
2016/03/17,16.07,16.67,16.02,16.49,6560511,110514032.00
2016/03/18,16.61,17.20,16.52,17.17,10119446,175805456.00
2016/03/21,17.52,18.07,17.38,17.92,10112973,184535984.00
2016/03/22,17.67,19.05,17.58,18.70,15972514,302933056.00
2016/03/23,18.50,20.07,18.50,19.55,18464387,366084096.00
2016/03/24,19.24,19.97,18.91,18.98,12385446,244912128.00
2016/03/25,18.82,19.66,18.82,19.61,8256096,162430144.00
2016/03/28,19.72,20.15,18.97,19.08,9255073,184189248.00
2016/03/29,18.79,19.07,17.97,18.38,9755909,184669824.00
2016/03/30,18.49,19.04,18.49,18.99,7109199,136798096.00
2016/03/31,19.04,19.39,18.49,18.57,8007619,154626992.00
2016/04/01,18.52,18.85,18.34,18.76,6043705,114965512.00
2016/04/05,18.82,19.41,18.64,19.39,7728332,150480704.00
2016/04/06,19.37,19.75,19.12,19.55,9087140,181179952.00
2016/04/07,19.62,20.03,19.29,19.36,6405188,128397576.00
2016/04/08,19.07,19.30,18.57,18.78,5114148,98593696.00
2016/04/11,18.98,19.40,18.58,18.81,12725139,246229584.00
2016/04/12,18.77,18.82,18.11,18.26,6993754,131695384.00
2016/04/13,18.33,18.91,18.33,18.43,7569178,144511328.00
2016/04/14,18.57,18.77,18.44,18.72,4770042,90702240.00
2016/04/15,18.70,19.04,18.64,18.84,5933310,114416216.00
2016/04/18,18.77,18.77,18.27,18.47,3233606,61124580.00
2016/04/19,18.62,18.71,18.39,18.62,2871635,54473700.00
2016/04/20,18.58,18.72,17.24,17.58,6191588,113456120.00
2016/04/21,17.52,17.61,17.22,17.25,5590019,99630736.00
2016/04/22,17.25,17.32,17.05,17.31,4036590,71129744.00
2016/04/25,17.29,17.65,17.06,17.51,3332098,59319188.00
2016/04/26,17.51,17.67,17.25,17.50,3807455,68070640.00
2016/04/27,17.55,17.87,17.47,17.61,4190282,75822680.00
2016/04/28,17.59,17.63,17.05,17.42,3142834,55775480.00
2016/04/29,17.37,17.55,17.00,17.39,4808455,84858960.00
2016/05/03,17.17,17.92,17.02,17.82,6634531,119336512.00
2016/05/04,17.68,18.13,17.63,18.09,6394062,117635144.00
2016/05/05,17.99,18.09,17.83,18.05,3894915,71549576.00
2016/05/06,18.12,18.18,17.12,17.16,4983006,90188656.00
2016/05/09,17.02,17.12,16.18,16.30,5156892,87716872.00
2016/05/10,16.12,16.40,16.07,16.34,2267004,37785344.00
2016/05/11,16.42,17.07,16.35,16.68,5208924,89917840.00
2016/05/12,16.27,16.92,16.16,16.82,3417901,58356848.00
2016/05/13,16.77,17.32,16.67,16.84,3664319,64003372.00
2016/05/16,16.82,17.51,16.82,17.50,4069850,71684672.00
2016/05/17,17.51,18.45,17.50,18.31,10681975,198782048.00
2016/05/18,18.18,18.18,17.47,17.85,5267197,96011440.00
2016/05/19,17.68,18.07,17.41,17.52,4660067,84630704.00
2016/05/20,17.27,17.87,17.24,17.84,3017144,54180156.00
2016/05/23,18.00,18.17,17.63,17.84,3783660,69154896.00
2016/05/24,17.86,17.86,17.48,17.68,2301613,41566072.00
2016/05/25,17.81,18.35,17.74,18.27,9490574,176307456.00
2016/05/26,18.03,18.26,16.74,17.37,9073871,162024720.00
2016/05/27,17.19,17.47,17.07,17.14,3582772,63227508.00
2016/05/30,16.92,17.15,16.77,17.03,1950431,33919132.00
2016/05/31,17.03,17.74,17.03,17.70,5704604,102165240.00
2016/06/01,17.70,18.16,17.70,17.76,5813697,106704128.00
2016/06/02,17.68,18.26,17.68,18.20,6741588,124287688.00
2016/06/03,18.27,18.54,18.00,18.15,7209553,134575968.00
2016/06/06,18.11,18.24,17.78,17.97,6230562,114573376.00
2016/06/07,18.01,18.32,17.77,18.29,5467790,100790456.00
2016/06/08,18.20,18.23,17.87,18.00,4275265,78893144.00
2016/06/13,17.72,17.78,16.88,16.91,7871962,141190592.00
2016/06/14,16.75,17.00,16.73,16.88,3398028,58739012.00
2016/06/15,16.82,17.41,16.63,17.28,6154459,108488168.00
2016/06/16,17.27,17.41,17.04,17.15,3664809,64610984.00
2016/06/17,17.12,17.57,17.12,17.25,3459613,61635720.00
2016/06/20,17.27,17.52,17.17,17.51,3828532,68248080.00
2016/06/21,17.57,17.66,17.14,17.17,3552818,62750712.00
2016/06/22,17.09,17.56,17.03,17.49,2517709,44197100.00
2016/06/23,17.55,17.55,17.26,17.30,3163107,55546824.00
2016/06/24,17.29,17.54,16.70,17.08,4868932,84974088.00
2016/06/27,16.87,17.63,16.87,17.53,3601535,63342580.00
2016/06/28,17.40,18.01,17.40,17.96,5531718,99575840.00
2016/06/29,17.98,18.12,17.80,18.05,4789234,87130704.00
2016/06/30,18.05,18.14,17.90,18.07,3130779,57209560.00
2016/07/01,18.09,18.47,17.95,17.96,4834984,89196496.00
2016/07/04,17.94,18.57,17.81,18.47,6145223,114318920.00
2016/07/05,18.51,18.92,18.50,18.64,6812011,128790944.00
2016/07/06,18.59,19.87,18.50,19.73,15836855,310115904.00
2016/07/07,19.79,20.57,19.79,20.28,17690133,362809696.00
2016/07/08,20.36,20.44,19.78,19.89,7604628,154862800.00
2016/07/11,19.88,20.17,19.37,19.66,10250820,205206448.00
2016/07/12,19.47,19.79,19.19,19.71,8700830,171587168.00
2016/07/13,19.67,19.87,19.50,19.76,6802732,135426944.00
2016/07/14,19.83,19.84,19.51,19.55,3973838,78893560.00
2016/07/15,19.66,20.07,19.54,19.57,5151872,103008568.00
2016/07/18,19.54,20.21,19.31,20.10,8831689,177642352.00
2016/07/19,20.05,20.27,19.78,20.09,5104719,103382864.00
2016/07/20,20.09,20.29,19.72,19.75,5774365,116820720.00
2016/07/21,19.77,19.83,19.47,19.60,5080845,100850632.00
2016/07/22,19.43,19.64,19.37,19.41,3350470,66030900.00
2016/07/25,19.44,19.68,19.28,19.44,4339486,85383952.00
2016/07/26,19.50,21.03,19.49,20.70,12561974,257564336.00
2016/07/27,20.69,21.37,19.72,20.85,18382145,386586688.00
2016/07/28,20.63,22.54,20.17,22.30,17673604,381148480.00
2016/07/29,21.85,22.13,21.27,21.51,10733999,235108432.00
2016/08/01,21.37,21.37,20.07,20.38,8246684,171116720.00
2016/08/02,20.42,21.64,20.29,21.51,7731785,163577392.00
2016/08/03,21.37,21.45,20.87,21.38,6221129,133223656.00
2016/08/04,21.47,21.47,20.87,21.01,4572596,97336320.00
2016/08/05,20.87,21.43,20.42,20.48,5878441,124242888.00
2016/08/08,20.33,20.57,19.81,20.47,7143189,145355568.00
2016/08/09,20.45,20.74,20.18,20.55,4842560,100606608.00
2016/08/10,20.74,21.16,20.19,20.23,7387643,154193696.00
2016/08/11,20.07,20.37,19.73,19.78,6517573,131081168.00
2016/08/12,19.80,19.98,19.57,19.92,3910879,78233088.00
2016/08/15,20.12,20.51,19.79,20.38,6114765,125023312.00
2016/08/16,20.49,20.52,20.29,20.45,4813314,99298416.00
2016/08/17,20.27,20.46,19.95,20.43,5820129,118940160.00
2016/08/18,20.47,20.90,20.37,20.47,4788517,99794864.00
2016/08/19,20.62,21.43,20.50,21.30,8913767,189814720.00
2016/08/22,21.08,21.72,20.89,20.91,6312615,136274784.00
2016/08/23,20.97,21.47,20.84,21.21,4903897,105008944.00
2016/08/24,21.25,21.61,21.04,21.46,5253584,113422712.00
2016/08/25,21.33,21.33,20.75,21.10,4741983,100973832.00
2016/08/26,21.10,21.32,20.97,21.05,3167436,67699264.00
2016/08/29,20.78,20.86,20.47,20.69,4804588,100174456.00
2016/08/30,20.87,21.65,20.87,21.42,7556601,163377696.00
2016/08/31,21.42,21.51,21.10,21.27,2833076,60954588.00
2016/09/01,21.26,21.93,21.14,21.56,6902415,151180064.00
2016/09/02,21.43,21.84,21.17,21.37,6834742,148176432.00
2016/09/05,21.21,21.73,21.21,21.57,4548781,99026416.00
2016/09/06,21.55,23.26,21.51,22.83,13372822,304771552.00
2016/09/07,22.97,23.02,22.49,22.59,5827813,133450992.00
2016/09/08,22.55,22.96,22.28,22.69,4567380,104278208.00
2016/09/09,22.52,23.55,22.52,22.98,5882860,137352208.00
2016/09/12,22.58,22.62,21.82,22.03,5056886,113729112.00
2016/09/13,22.22,22.52,21.65,22.05,3944970,88038704.00
2016/09/14,21.81,23.05,21.81,22.52,7739843,175771056.00
2016/09/19,22.52,22.85,22.42,22.73,5168252,118281648.00
2016/09/20,22.77,22.91,22.45,22.61,3902368,89198824.00
2016/09/21,22.59,23.17,22.28,22.96,4383876,100659992.00
2016/09/22,23.12,23.91,22.98,23.80,9469471,225374992.00
2016/09/23,23.72,23.86,23.47,23.64,4445812,106121408.00
2016/09/26,23.48,23.70,22.44,22.59,5423434,125938688.00
2016/09/27,22.59,22.73,22.00,22.70,3925776,88763224.00
2016/09/28,22.75,22.81,22.18,22.35,2410446,54701520.00
2016/09/29,22.37,22.71,22.19,22.53,4439878,100265816.00
2016/09/30,22.32,22.53,22.11,22.36,2690833,60689564.00
2016/10/10,22.56,23.23,22.36,23.12,3676340,84727816.00
2016/10/11,22.93,23.17,22.62,22.87,3644899,84000888.00
2016/10/12,22.76,22.82,21.82,22.02,8171905,182822080.00
2016/10/13,21.89,22.22,21.84,22.11,4171156,92698832.00
2016/10/14,22.07,22.24,21.88,22.22,2184040,48635128.00
2016/10/17,22.17,22.17,21.37,21.57,7237473,158518016.00
2016/10/18,21.49,21.98,21.49,21.94,3585918,78878232.00
2016/10/19,21.94,22.14,21.77,21.93,2206551,48875300.00
2016/10/20,21.99,22.11,21.62,21.80,2639641,58213988.00
2016/10/21,21.79,21.96,21.54,21.64,1889079,41377360.00
2016/10/24,21.59,21.96,21.59,21.90,1855545,40958676.00
2016/10/25,21.97,22.01,21.67,21.76,2300155,50572152.00
2016/10/26,21.76,21.79,21.19,21.34,4276925,92250784.00
2016/10/27,21.32,21.43,21.17,21.35,2356742,50696172.00
2016/10/28,21.40,21.58,21.00,21.02,3066715,65762160.00
2016/10/31,20.99,21.42,20.97,21.36,2654306,56991436.00
2016/11/01,21.36,21.87,21.17,21.75,4183238,91311168.00
2016/11/02,21.70,22.02,21.57,21.88,3388947,74815432.00
2016/11/03,21.81,22.00,21.59,21.93,2484580,54861952.00
2016/11/04,21.91,21.91,21.18,21.40,2950528,64185436.00
2016/11/07,21.36,21.54,20.97,21.18,2884512,61890076.00
2016/11/08,21.26,21.31,21.15,21.17,1807484,38742080.00
2016/11/09,21.15,21.16,20.53,21.00,4144939,87317592.00
2016/11/10,21.16,21.39,21.03,21.32,3254726,69845960.00
2016/11/11,21.20,21.34,21.07,21.23,2896342,62062540.00
2016/11/14,21.32,21.72,21.24,21.43,3721529,80715848.00
2016/11/15,21.46,21.65,21.31,21.55,2544272,55250984.00
2016/11/16,21.47,21.59,21.20,21.36,3489469,75374528.00
2016/11/17,21.40,21.52,21.27,21.38,2091771,45259312.00
2016/11/18,21.37,21.46,21.25,21.32,1677342,36247024.00
2016/11/21,21.25,21.42,20.62,20.81,6636574,140436752.00
2016/11/22,20.95,20.97,20.63,20.71,4694799,98462760.00
2016/11/23,20.77,20.89,20.54,20.60,5378617,112357808.00
2016/11/24,20.60,20.73,20.54,20.71,3759741,78398368.00
2016/11/25,20.71,20.86,20.29,20.74,3989561,82919480.00
2016/11/28,20.74,20.77,20.15,20.35,8425517,175212800.00
2016/11/29,20.25,20.52,20.14,20.29,5215577,107435848.00
2016/11/30,20.33,20.65,20.28,20.64,4392857,91031912.00
2016/12/01,20.52,20.90,20.42,20.87,6435091,134857712.00
2016/12/02,20.78,20.84,20.30,20.40,3765156,78685912.00
2016/12/05,20.32,20.54,20.17,20.36,3597138,74068512.00
2016/12/06,20.39,20.63,20.33,20.51,2885328,59851256.00
2016/12/07,20.56,20.79,20.47,20.67,3285296,68571264.00
2016/12/08,20.77,21.37,20.77,20.95,7296242,156334496.00
2016/12/09,20.83,21.01,20.67,20.68,2749100,57833984.00
2016/12/12,20.68,20.93,19.82,19.83,4659800,95266992.00
2016/12/13,19.80,20.03,19.68,19.81,3120756,62573636.00
2016/12/14,19.81,20.25,19.81,20.16,3598758,73227168.00
2016/12/15,20.10,20.27,19.92,20.06,1938246,39363144.00
2016/12/16,20.07,20.19,19.95,20.09,2458566,49898512.00
2016/12/19,20.09,20.20,19.93,20.14,2467992,50026712.00
2016/12/20,20.09,20.15,19.91,19.97,2265246,45757536.00
2016/12/21,19.99,20.81,19.99,20.69,5338008,111005784.00
2016/12/22,20.67,20.67,20.35,20.48,3464481,71651960.00
2016/12/23,20.49,20.67,20.40,20.52,2489831,51747228.00
2016/12/26,20.50,20.85,20.25,20.79,5342981,111281040.00
2016/12/27,20.66,20.85,20.54,20.76,4376011,91622960.00
2016/12/28,20.67,20.80,20.43,20.51,2625024,54715284.00
2016/12/29,20.47,20.70,20.42,20.58,2274627,47383080.00
2016/12/30,20.62,21.20,20.62,21.02,4610681,97566368.00
2017/01/03,21.07,21.34,20.93,21.33,5317913,113745656.00
2017/01/04,21.30,21.35,21.05,21.15,4048227,86673608.00
2017/01/05,21.11,21.28,20.96,21.06,4826569,103247784.00
2017/01/06,21.02,21.68,21.02,21.63,6769168,146777232.00
2017/01/09,21.74,21.75,21.42,21.66,4153898,90590896.00
2017/01/10,21.60,21.64,20.98,21.10,4020995,86574184.00
2017/01/11,21.07,21.22,20.83,20.91,2694001,57260544.00
2017/01/12,20.90,21.03,20.75,20.82,2369737,49920516.00
2017/01/13,20.81,20.96,19.92,20.22,3550595,73464736.00
2017/01/16,20.03,20.12,19.04,19.72,5291557,106131816.00
2017/01/17,19.57,19.95,19.39,19.85,1804397,36099224.00
2017/01/18,19.74,19.92,19.65,19.79,1210403,24168960.00
2017/01/19,19.82,19.90,19.75,19.81,994868,19941124.00
2017/01/20,19.83,20.13,19.61,19.95,1352386,27301868.00
2017/01/23,20.06,20.10,19.87,19.96,1327086,26785220.00
2017/01/24,19.96,20.09,19.85,20.04,1171167,23686384.00
2017/01/25,20.00,20.01,19.78,19.93,1712306,34451392.00
2017/01/26,19.96,20.05,19.88,20.01,1321600,26698480.00
2017/02/03,20.01,20.02,19.79,19.91,1153138,23201692.00
2017/02/06,20.17,20.23,19.91,20.12,2904775,58888400.00
2017/02/07,20.11,20.28,19.95,20.26,3115177,63463984.00
2017/02/08,20.25,20.25,20.02,20.24,2098540,42700532.00
2017/02/09,20.17,20.26,20.05,20.20,2531755,51609000.00
2017/02/10,20.21,20.35,20.12,20.28,2844710,58209756.00
2017/02/13,20.29,20.65,20.22,20.44,5076440,104797936.00
2017/02/14,20.41,20.46,20.06,20.22,3931059,80305624.00
2017/02/15,20.24,20.55,20.17,20.30,5147027,106086392.00
2017/02/16,20.25,20.56,20.22,20.51,3650259,75497848.00
2017/02/17,20.52,20.75,20.30,20.40,3825519,79367704.00
2017/02/20,20.42,21.06,20.42,20.96,5783088,122178608.00
2017/02/21,20.97,21.20,20.86,21.01,4444463,94519376.00
2017/02/22,21.02,21.41,21.02,21.18,4565279,97866448.00
2017/02/23,21.21,21.22,20.82,21.01,3046293,64619468.00
2017/02/24,20.92,21.16,20.84,21.12,3086677,65745844.00
2017/02/27,21.12,21.37,20.67,20.76,4271107,90756688.00
2017/02/28,20.70,20.94,20.57,20.86,3164982,66374608.00
2017/03/01,20.85,21.05,20.67,20.81,3542137,74512304.00
2017/03/02,20.82,20.90,20.56,20.67,2490105,52068108.00
2017/03/03,20.61,20.81,20.54,20.77,1334452,27981428.00
2017/03/06,20.81,21.09,20.81,20.97,2221053,47064320.00
2017/03/07,21.05,21.24,20.93,21.16,3031617,64773536.00
2017/03/08,21.28,21.28,20.94,21.01,1982690,42244044.00
2017/03/09,21.00,21.06,20.58,20.93,2662951,55927860.00
2017/03/10,20.91,20.97,20.55,20.68,2594010,54327972.00
2017/03/13,20.62,20.70,20.45,20.67,2211545,46027456.00
2017/03/14,20.68,20.72,20.45,20.55,2940659,61074840.00
2017/03/15,20.52,20.56,20.37,20.46,1314905,27198158.00
2017/03/17,20.37,20.61,20.20,20.23,6760706,139142128.00
2017/03/20,20.22,20.42,20.17,20.40,2356083,48266604.00
2017/03/21,20.38,20.47,20.26,20.41,2149828,44200080.00
2017/03/22,20.29,20.35,20.08,20.34,2615757,53433148.00
2017/03/23,20.34,20.62,20.32,20.57,2695613,55831400.00
2017/03/24,20.57,20.85,20.44,20.57,2741223,57128616.00
2017/03/27,20.71,20.71,20.19,20.24,3242560,66576816.00
2017/03/28,20.24,20.36,19.99,20.08,1755362,35736304.00
2017/03/29,20.05,20.14,19.81,19.95,2137339,43110632.00
2017/03/30,19.92,19.95,19.59,19.66,2486346,49663640.00
2017/03/31,19.67,20.01,19.59,19.92,1643543,33086392.00
2017/04/05,19.92,20.34,19.88,20.32,1807346,36940656.00
2017/04/06,20.17,20.42,20.17,20.28,1465722,30145744.00
2017/04/07,20.26,20.44,20.19,20.37,1454726,29933370.00
2017/04/10,20.41,20.84,20.23,20.55,3211809,67061780.00
2017/04/11,20.67,21.04,20.58,21.01,4311606,90897352.00
2017/04/12,21.17,21.31,20.97,21.09,4369957,93292392.00
2017/04/13,21.09,21.10,20.74,20.81,2752188,58076752.00
2017/04/14,20.94,20.94,20.53,20.61,1783131,37224320.00
2017/04/17,20.71,21.09,20.58,20.87,5900388,124362208.00
2017/04/18,20.82,21.13,20.69,20.83,4923334,104170328.00
2017/04/19,20.71,20.71,19.77,20.43,2772816,57165240.00
2017/04/20,20.50,20.63,20.24,20.32,2237539,46129016.00
2017/04/21,20.32,20.52,20.17,20.18,2101729,43250188.00
2017/04/24,20.18,20.26,19.81,20.19,2714458,55124896.00
2017/04/25,20.13,20.26,19.78,19.99,2631158,53281816.00
2017/04/26,20.00,20.38,19.84,20.35,2477082,50684920.00
2017/04/27,20.45,21.02,20.28,20.94,5153826,108337744.00
2017/04/28,20.95,21.17,20.75,20.83,2890614,61108504.00
2017/05/02,20.75,20.82,20.18,20.51,2705681,56257812.00
2017/05/03,20.41,20.69,20.39,20.68,2586340,53626940.00
2017/05/04,20.62,21.07,20.46,20.83,3500352,73846448.00
2017/05/05,20.77,20.95,20.13,20.14,3533087,73575944.00
2017/05/08,20.09,20.29,19.98,20.14,2859527,58242064.00
2017/05/09,20.05,20.05,19.58,19.79,2950512,58840380.00
2017/05/10,19.84,19.87,19.37,19.45,1942940,38692512.00
2017/05/11,19.37,19.52,17.79,19.11,4936591,94597320.00
2017/05/12,18.95,19.01,18.64,18.76,1559192,29729088.00
2017/05/15,18.79,19.36,18.77,19.24,1643507,31940332.00
2017/05/16,19.07,19.47,18.93,19.41,1577246,30660628.00
2017/05/17,19.35,19.69,19.35,19.65,1742577,34482852.00
2017/05/18,19.57,19.71,19.10,19.11,1846316,36245536.00
2017/05/19,19.22,19.61,19.15,19.29,1480564,29099588.00
2017/05/22,19.29,19.45,18.72,19.01,1870763,35907360.00
2017/05/23,19.07,19.07,18.10,18.17,1982492,37101708.00
2017/05/24,18.17,18.36,17.90,18.33,1778152,32539826.00
2017/05/25,18.31,18.90,18.16,18.54,2589192,48318844.00
2017/05/26,18.52,18.76,18.29,18.62,1498028,27968516.00
2017/05/31,18.59,18.90,18.50,18.76,1371859,25942332.00
2017/06/01,18.77,18.77,18.18,18.34,1636003,30470892.00
2017/06/02,18.19,18.29,17.60,17.91,2622849,47514560.00
2017/06/05,17.97,18.27,17.95,18.14,2164720,39658476.00
2017/06/06,18.19,18.35,18.03,18.22,1016724,18758492.00
2017/06/07,18.34,19.05,18.18,18.89,2347826,44402980.00
2017/06/08,18.79,19.12,18.77,18.88,1428325,27385628.00
2017/06/09,18.29,18.58,17.79,17.97,6708419,122270912.00
2017/06/12,17.87,18.02,17.70,17.89,3595877,65049916.00
2017/06/13,17.85,18.21,17.85,18.07,1414877,25839420.00
2017/06/14,17.99,18.07,17.81,17.88,2654423,48253376.00
2017/06/15,17.93,18.35,17.91,18.33,2500662,46081864.00
2017/06/16,18.33,18.37,18.17,18.33,1145024,21208492.00
2017/06/19,18.24,18.73,18.21,18.62,2615808,48877672.00
2017/06/20,18.58,18.63,18.31,18.47,1579084,29471580.00
2017/06/21,18.55,18.70,18.27,18.42,1489855,27822996.00
2017/06/22,18.45,18.64,18.32,18.37,2131438,39772364.00
2017/06/23,18.38,18.46,17.95,18.20,2704500,49794616.00
2017/06/26,18.20,18.51,18.09,18.49,1961540,36340136.00
2017/06/27,18.52,18.88,18.49,18.69,3888562,73643632.00
2017/06/28,18.60,19.16,18.49,18.97,4492073,86201248.00
2017/06/29,19.05,19.05,18.66,18.86,2648666,50420332.00
2017/06/30,18.77,19.22,18.62,19.16,3249111,62626716.00
2017/07/03,19.10,19.25,18.77,19.03,2442454,46823372.00
2017/07/04,19.00,19.13,18.75,18.93,2624696,50061280.00
2017/07/05,18.91,18.98,18.74,18.87,1765729,33216744.00
2017/07/06,18.90,19.06,18.64,18.94,2206989,41598484.00
2017/07/07,18.81,18.91,18.72,18.89,1226927,23105234.00
2017/07/10,18.82,18.98,18.78,18.86,1468550,27703766.00
2017/07/11,18.85,19.38,18.76,19.17,2790132,53526816.00
2017/07/12,19.11,19.36,18.93,19.01,2916875,55777872.00
2017/07/13,19.12,19.36,18.91,19.34,3510585,67105756.00
2017/07/14,19.11,19.35,18.94,19.03,2228965,42556648.00
2017/07/17,19.01,19.01,18.20,18.30,3900226,72109920.00
2017/07/18,18.11,18.40,17.96,18.17,2419310,43696232.00
2017/07/19,18.19,18.26,18.00,18.25,2022257,36563928.00
2017/07/20,18.25,18.36,18.10,18.32,2156016,39305376.00
2017/07/21,18.32,18.48,18.18,18.31,1541469,28175274.00
2017/07/24,18.28,18.30,17.95,18.09,2755083,49825056.00
2017/07/25,18.10,18.20,17.90,18.08,2728245,49194700.00
2017/07/26,18.00,18.09,17.99,18.08,1285545,23184152.00
2017/07/27,18.00,18.34,17.95,18.33,1554986,28329760.00
2017/07/28,18.34,18.34,18.20,18.27,777500,14198179.00
2017/08/02,18.33,18.33,18.33,18.33,0,0.00
数据来源:通达信
