600894 广日股份 日线 前复权
      日期	    开盘	    最高	    最低	    收盘	    成交量	    成交额
2010/10/08,5.36,5.52,5.17,5.46,6152745,40993960.00
2010/10/11,5.49,5.79,5.46,5.70,13200168,91015264.00
2010/10/12,5.67,5.81,5.51,5.71,11952095,82290336.00
2010/10/13,5.69,5.87,5.55,5.61,12687229,87777168.00
2010/10/14,5.65,5.69,5.38,5.40,10421824,70242216.00
2010/10/15,5.33,5.57,5.29,5.49,9869538,66060444.00
2010/10/18,5.51,6.16,5.51,5.91,28620161,204613840.00
2010/10/19,5.92,5.92,5.53,5.77,22230841,152765424.00
2010/10/20,5.57,5.65,5.46,5.54,14598542,98906672.00
2010/10/21,5.54,5.59,5.28,5.57,16951321,112855240.00
2010/10/22,5.52,5.52,5.42,5.46,9445196,63203312.00
2010/10/25,5.49,5.51,5.36,5.50,18969553,126239104.00
2010/10/26,5.53,5.60,5.44,5.53,17315313,117073152.00
2010/10/27,5.48,5.81,5.42,5.65,23308581,160450096.00
2010/10/28,5.62,6.14,5.58,6.02,33172628,235877616.00
2010/10/29,5.98,5.98,5.72,5.81,18710235,132053728.00
2010/11/01,5.81,6.51,5.77,6.51,45530720,344612416.00
2010/11/02,6.43,6.64,6.26,6.39,30893164,237488112.00
2010/11/03,6.30,6.55,6.18,6.52,16866959,127290344.00
2010/11/04,6.55,6.74,6.39,6.55,14794342,115069592.00
2010/11/05,6.62,6.73,6.42,6.55,15078539,117427160.00
2011/01/10,7.33,7.33,6.69,6.73,53472252,444334176.00
2011/01/11,6.46,6.46,5.97,6.00,24981796,183999328.00
2011/01/12,6.07,6.72,5.80,6.72,32696539,252833056.00
2011/01/13,6.65,6.65,6.29,6.36,16660735,128200184.00
2011/01/14,6.28,6.66,6.05,6.47,15086868,114294176.00
2011/01/17,6.32,6.43,5.93,5.95,12615643,92867784.00
2011/01/18,5.95,6.07,5.85,5.90,7430013,53351520.00
2011/01/19,5.88,6.12,5.88,6.05,8379712,60771812.00
2011/01/20,6.04,6.04,5.43,5.46,13434043,93395072.00
2011/01/21,5.42,5.57,5.18,5.37,9137639,60359488.00
2011/01/24,5.32,5.43,5.00,5.01,7829095,50333292.00
2011/01/25,4.96,5.25,4.90,5.01,4921312,31003416.00
2011/01/26,4.99,5.12,4.98,5.10,3622692,22831456.00
2011/01/27,5.04,5.22,4.97,5.12,6209663,39286368.00
2011/01/28,5.10,5.44,5.07,5.31,8819998,57820612.00
2011/01/31,5.27,5.48,5.18,5.38,5381532,35464192.00
2011/02/01,5.36,5.38,5.25,5.31,4803390,31356314.00
2011/02/09,5.22,5.36,5.21,5.33,3484442,22771008.00
2011/02/10,5.32,5.59,5.24,5.52,7067250,46924264.00
2011/02/11,5.52,5.61,5.40,5.54,8095269,54674064.00
2011/02/14,5.55,5.75,5.50,5.65,9000437,61715396.00
2011/02/15,5.67,5.70,5.54,5.57,7252694,49570240.00
2011/02/16,5.55,5.72,5.54,5.63,6683314,45748904.00
2011/02/17,5.68,5.80,5.62,5.75,8334916,57758280.00
2011/02/18,5.97,6.30,5.78,5.82,15770205,114355376.00
2011/02/21,5.71,6.01,5.68,5.97,10490516,74086608.00
2011/02/22,5.94,6.02,5.68,5.73,10854560,76933456.00
2011/02/23,5.70,5.87,5.68,5.79,5428170,38062404.00
2011/02/24,5.77,5.82,5.67,5.75,5613671,39141668.00
2011/02/25,5.75,5.75,5.63,5.67,5119989,35331400.00
2011/02/28,5.66,5.77,5.57,5.73,5604358,38654732.00
2011/03/01,5.74,5.86,5.73,5.82,6818600,47916528.00
2011/03/02,5.77,5.78,5.59,5.73,5571947,38573452.00
2011/03/03,5.73,5.89,5.70,5.77,6742782,47419556.00
2011/03/04,5.77,6.05,5.77,6.01,12732040,91283024.00
2011/03/07,6.02,6.07,5.92,6.02,9188077,66226428.00
2011/03/08,6.03,6.03,5.90,5.95,7180183,51516560.00
2011/03/09,6.01,6.11,5.95,5.98,7142971,51749120.00
2011/03/10,5.92,5.97,5.80,5.85,6420999,45466004.00
2011/03/11,5.87,5.90,5.77,5.78,5306667,37476936.00
2011/03/14,5.77,5.91,5.77,5.81,5454423,38455840.00
2011/03/15,5.82,5.87,5.47,5.68,11366947,77539480.00
2011/03/16,5.64,5.82,5.59,5.78,7183883,49737992.00
2011/03/17,5.69,5.72,5.55,5.59,5667817,38869684.00
2011/03/18,5.58,5.68,5.58,5.63,2636981,18078736.00
2011/03/21,5.64,5.66,5.44,5.50,4439704,30075712.00
2011/03/22,5.52,5.60,5.45,5.53,3093615,20818312.00
2011/03/23,5.52,5.92,5.51,5.77,10330371,72235184.00
2011/03/24,5.77,5.88,5.71,5.83,6014049,42349240.00
2011/03/25,5.83,6.04,5.78,6.02,14770574,105728640.00
2011/03/28,5.99,6.03,5.90,5.93,10157312,73038864.00
2011/03/29,5.93,6.26,5.92,5.94,11753416,85770560.00
2011/03/30,5.93,5.98,5.81,5.94,6683495,47654916.00
2011/03/31,5.94,6.65,5.79,6.45,22547666,169071472.00
2011/04/01,6.27,6.68,6.22,6.56,20095510,155379264.00
2011/04/06,6.51,6.86,6.40,6.73,20251508,161010576.00
2011/04/07,6.75,6.79,6.58,6.74,10121602,80007912.00
2011/04/08,6.67,6.97,6.61,6.78,13721493,109959192.00
2011/04/11,6.73,6.91,6.57,6.59,14374877,114413456.00
2011/04/12,6.55,7.00,6.45,6.73,15844952,126135528.00
2011/04/13,6.65,6.76,6.58,6.70,7500197,59183936.00
2011/04/14,6.70,6.87,6.62,6.68,8745526,69923104.00
2011/04/15,6.62,6.62,6.27,6.49,11415377,87979400.00
2011/04/18,6.47,6.56,6.37,6.49,7244218,55745824.00
2011/04/19,6.45,6.65,6.38,6.45,7587014,58783820.00
2011/04/20,6.45,6.54,6.37,6.52,6387410,49118040.00
2011/04/21,6.60,7.30,6.55,7.30,16017571,134008264.00
2011/04/22,7.77,8.15,7.37,7.43,55644991,502157248.00
2011/04/25,7.15,7.25,6.76,7.03,26552777,217652784.00
2011/04/26,6.83,7.02,6.76,6.80,12081081,97434496.00
2011/04/27,6.70,6.96,6.67,6.89,11906222,95738368.00
2011/04/28,6.87,6.87,6.10,6.23,13281189,101924272.00
2011/04/29,6.13,6.39,6.09,6.37,5945375,44711328.00
2011/05/03,6.37,6.57,6.21,6.50,7160248,54736936.00
2011/05/04,6.48,6.66,6.33,6.60,11046877,85776936.00
2011/05/05,6.59,7.10,6.52,6.78,18102497,145930672.00
2011/05/06,6.71,6.71,6.42,6.62,9561449,74416440.00
2011/05/09,6.62,6.70,6.53,6.57,5545351,43432760.00
2011/05/10,6.54,6.70,6.52,6.61,5197134,40686480.00
2011/05/11,6.67,6.92,6.57,6.75,8400361,67408640.00
2011/05/12,6.68,6.90,6.60,6.65,6588887,52703276.00
2011/05/13,6.64,6.94,6.63,6.92,6563331,52591912.00
2011/05/16,6.93,7.30,6.85,7.08,10630228,88881056.00
2011/05/17,7.07,7.12,6.87,6.93,6662892,54846424.00
2011/05/18,7.05,7.42,7.02,7.24,15731689,133244944.00
2011/05/19,7.22,7.37,7.04,7.06,8476328,71231720.00
2011/05/20,7.09,7.20,6.93,6.94,5136328,42427888.00
2011/05/23,6.79,7.22,6.75,6.84,9205363,75097552.00
2011/05/24,6.78,6.90,6.42,6.65,8672844,68898152.00
2011/05/25,7.37,7.44,6.81,6.84,35148331,296887104.00
2011/05/26,6.95,7.01,6.29,6.35,20843181,162238480.00
2011/05/27,6.17,6.33,5.87,5.87,11564603,84409784.00
2011/05/30,5.85,6.03,5.65,5.86,6707000,47520824.00
2011/05/31,5.87,6.15,5.87,6.12,5611606,40736704.00
2011/06/01,6.13,6.27,6.07,6.20,3901716,28798016.00
2011/06/02,6.07,6.33,5.98,6.23,5559466,41118952.00
2011/06/03,6.18,6.31,6.11,6.24,3466241,25832284.00
2011/06/07,6.36,6.45,6.27,6.31,5373281,40725636.00
2011/06/08,6.29,6.34,6.05,6.31,4804230,35626920.00
2011/06/09,6.35,6.35,6.05,6.07,3460847,25678084.00
2011/06/10,6.05,6.19,5.98,6.18,3186701,23345390.00
2011/06/13,6.19,6.25,6.08,6.22,2002005,14819968.00
2011/06/14,6.27,6.87,6.22,6.46,7306168,56971676.00
2011/06/15,6.38,6.85,6.38,6.67,8878250,70209720.00
2011/06/16,6.60,6.79,6.46,6.59,7972885,62666000.00
2011/06/20,6.37,6.43,6.10,6.20,7609092,56848560.00
2011/06/21,6.20,6.60,6.20,6.59,6165448,47103084.00
2011/06/22,6.63,6.66,6.51,6.63,4102238,32113736.00
2011/06/23,6.57,6.90,6.55,6.89,10361199,83212536.00
2011/06/24,6.88,6.96,6.69,6.95,15105769,121954640.00
2011/06/27,6.92,7.02,6.82,6.95,9273574,75571568.00
2011/06/28,6.89,7.02,6.86,7.02,5983516,49008940.00
2011/06/29,6.99,7.21,6.95,7.00,7440383,61707388.00
2011/06/30,6.93,7.32,6.93,7.29,11324765,95283192.00
2011/07/01,7.27,7.51,7.22,7.41,9125434,78526616.00
2011/07/04,7.46,7.85,7.34,7.81,12088611,106314848.00
2011/07/05,7.85,8.03,7.66,7.75,18361862,167087152.00
2011/07/06,7.74,7.84,7.66,7.79,8861204,79534896.00
2011/07/07,7.77,8.01,7.67,7.88,9149688,83026832.00
2011/07/08,7.92,8.25,7.92,8.16,12453153,116234160.00
2011/07/11,8.12,8.49,8.03,8.47,10869629,104480640.00
2011/07/12,8.43,8.65,8.28,8.32,8945609,86208728.00
2011/07/13,8.29,8.56,8.07,8.32,13585603,128576232.00
2011/07/14,8.23,8.52,8.15,8.36,10088824,96436160.00
2011/07/15,8.32,8.44,8.03,8.38,10723257,101445112.00
2011/07/18,8.49,8.52,8.05,8.37,10156596,96265480.00
2011/07/19,8.09,8.23,7.82,7.85,11791906,108406928.00
2011/07/21,8.05,8.15,7.37,7.48,17963810,160157968.00
2011/07/22,7.42,7.58,7.41,7.47,10452044,91177376.00
2011/07/25,7.57,7.60,6.95,7.05,14406347,121811536.00
2011/07/26,6.97,7.25,6.97,7.13,5495905,45972144.00
2011/07/27,7.05,7.42,7.02,7.41,13650531,116514072.00
2011/07/28,7.10,7.78,7.10,7.73,10311852,90581760.00
2011/07/29,7.62,7.72,7.44,7.47,4512864,39700512.00
2011/08/01,7.45,7.64,7.36,7.42,3232286,28048870.00
2011/08/02,7.38,7.38,7.03,7.21,5299463,44289552.00
2011/08/03,7.13,7.32,7.03,7.19,3929416,33030556.00
2011/08/04,7.15,7.30,7.11,7.21,2277710,19230296.00
2011/08/05,6.87,7.17,6.87,7.02,5308480,43750284.00
2011/08/08,6.87,6.98,6.42,6.75,7471401,59688536.00
2011/08/09,6.48,6.95,6.46,6.93,4506360,35825592.00
2011/08/10,7.05,7.12,6.87,6.94,5069396,41667460.00
2011/08/11,6.78,7.10,6.78,6.96,3495753,28472372.00
2011/08/12,6.99,7.15,6.99,7.02,3665685,30403268.00
2011/08/15,7.02,7.12,6.77,7.04,5101921,41748168.00
2011/08/16,7.00,7.10,6.79,6.93,4854124,39744120.00
2011/08/17,6.88,6.92,6.75,6.78,5538417,44523416.00
2011/08/19,6.68,6.68,6.44,6.54,5273390,40949688.00
2011/08/22,6.54,6.66,6.23,6.26,4629436,35326612.00
2011/08/23,6.36,6.43,6.28,6.41,1790296,13598791.00
2011/08/24,6.42,6.54,6.37,6.38,2257045,17374164.00
2011/08/25,6.33,6.60,6.33,6.59,2775405,21540190.00
2011/08/26,6.56,6.70,6.49,6.61,2753208,21593272.00
2011/08/29,6.60,6.69,6.50,6.61,1954645,15313262.00
2011/08/30,6.62,6.74,6.45,6.46,3262064,25637932.00
2011/08/31,6.45,6.56,6.31,6.37,1901315,14498977.00
2011/09/01,6.40,6.45,6.23,6.37,6191708,46695336.00
2011/09/02,6.35,6.71,6.24,6.29,4781993,36288728.00
2011/09/05,6.17,6.17,6.01,6.02,2279050,16667003.00
2011/09/06,6.00,6.02,5.93,5.97,2374728,17095316.00
2011/09/07,5.98,6.15,5.98,6.14,1375953,10059144.00
2011/09/08,6.19,6.20,5.97,5.97,1951185,14219816.00
2011/09/09,6.02,6.05,5.91,5.98,1056630,7608805.00
2011/09/13,5.83,5.87,5.73,5.85,2397712,16824890.00
2011/09/14,5.89,5.96,5.80,5.96,1120720,7968926.00
2011/09/15,5.98,6.68,5.95,6.20,4458057,33265588.00
2011/09/16,6.21,6.30,6.13,6.22,2319461,17258252.00
2011/09/19,6.22,6.22,6.06,6.10,2064267,15136278.00
2011/09/20,6.10,6.24,6.05,6.18,1479736,10921379.00
2011/09/21,6.22,6.52,6.18,6.34,3530424,26904144.00
2011/09/22,6.37,6.37,6.17,6.20,2699849,20225692.00
2011/09/23,6.07,6.24,6.03,6.17,1558923,11473972.00
2011/09/26,6.16,6.26,6.05,6.10,1829376,13486307.00
2011/09/27,6.12,6.32,6.08,6.18,1809793,13411600.00
2011/09/28,6.26,6.31,6.02,6.07,2008410,14730997.00
2011/09/29,6.27,6.63,6.24,6.29,11456890,87528272.00
2011/09/30,6.28,6.35,6.05,6.23,3693335,27265620.00
2011/10/10,6.24,6.30,6.03,6.06,2693595,19699656.00
2011/10/11,6.19,6.26,5.93,5.95,2768215,20225152.00
2011/10/12,6.02,6.27,5.85,6.22,2654597,19588684.00
2011/10/13,6.17,6.49,6.16,6.30,3389539,25708348.00
2011/10/14,6.26,6.37,6.20,6.36,1891450,14172741.00
2011/10/17,6.36,6.49,6.31,6.40,2483902,18998368.00
2011/10/18,6.35,6.35,6.02,6.05,2227157,16455878.00
2011/10/19,6.07,6.12,5.93,6.06,1598049,11604865.00
2011/10/20,6.04,6.13,5.97,6.12,2075970,15089827.00
2011/10/21,6.07,6.10,5.92,6.00,1383419,9963849.00
2011/10/24,5.97,6.20,5.79,6.16,1880645,13752146.00
2011/10/25,6.16,6.32,6.10,6.30,1989157,14891830.00
2011/10/26,6.27,6.37,6.17,6.27,1923120,14511380.00
2011/10/27,6.29,6.41,6.24,6.33,2344860,17704256.00
2011/10/28,6.48,6.48,6.28,6.40,3637737,27679548.00
2011/10/31,6.39,6.46,6.30,6.32,1608792,12158121.00
2011/11/01,6.27,6.41,6.26,6.34,1778856,13462976.00
2011/11/02,6.33,6.43,6.17,6.40,2618129,19702332.00
2011/11/03,6.40,6.61,6.40,6.43,3926504,30428172.00
2011/11/04,6.47,6.56,6.41,6.52,2441423,18795232.00
2011/11/07,6.55,6.99,6.54,6.79,7886756,63528560.00
2011/11/08,6.92,6.92,6.54,6.59,3717434,29415048.00
2011/11/09,6.58,6.73,6.55,6.73,2786867,21934794.00
2011/11/10,6.66,6.92,6.62,6.78,4824149,38852680.00
2011/11/11,6.73,6.81,6.57,6.64,2591563,20547860.00
2011/11/14,6.65,6.77,6.62,6.74,3295724,26184068.00
2011/11/15,6.74,6.80,6.63,6.79,1928572,15360739.00
2011/11/16,6.82,6.86,6.48,6.51,2872582,22612052.00
2011/11/17,6.51,6.57,6.42,6.43,2897931,22393916.00
2011/11/18,6.40,6.77,6.34,6.47,2541565,19645612.00
2011/11/21,6.49,6.50,6.37,6.50,1113820,8542168.00
2011/11/22,6.44,6.48,6.36,6.48,1545450,11799374.00
2011/11/23,6.51,6.51,6.36,6.38,1310294,9990034.00
2011/11/24,6.31,6.44,6.27,6.35,2032706,15419488.00
2011/11/25,6.33,6.33,6.06,6.11,2251970,16704660.00
2011/11/28,6.11,6.18,6.07,6.15,765166,5625916.00
2011/11/29,6.20,6.27,6.15,6.26,1006524,7487673.00
2011/11/30,6.26,6.26,5.85,5.90,2281647,16433905.00
2011/12/01,6.22,6.23,6.08,6.12,1786003,13181136.00
2011/12/02,6.13,6.14,6.00,6.06,624509,4552327.00
2011/12/05,6.06,6.10,5.84,5.89,1450400,10456324.00
2011/12/06,5.92,6.02,5.85,5.98,1120433,8009397.00
2011/12/07,5.96,6.06,5.92,6.02,834748,6050243.00
2011/12/08,6.06,6.06,5.92,5.97,928305,6689873.00
2011/12/09,5.92,5.96,5.80,5.91,584050,4176619.00
2011/12/12,5.88,5.93,5.82,5.87,880762,6247447.00
2011/12/13,5.85,5.97,5.55,5.59,2617657,18015346.00
2011/12/14,5.64,5.64,5.47,5.48,695383,4723602.00
2011/12/15,5.42,5.42,4.81,4.81,3689586,23046488.00
2011/12/16,4.85,4.85,4.33,4.74,5065489,29302616.00
2011/12/19,4.55,4.72,4.40,4.64,1921574,11126114.00
2011/12/20,4.56,4.83,4.56,4.75,1232229,7390436.00
2011/12/21,4.78,4.87,4.62,4.66,888390,5300292.00
2011/12/22,4.58,4.60,4.33,4.51,1531475,8732698.00
2011/12/23,4.50,4.86,4.49,4.60,1689124,9868172.00
2011/12/26,4.56,4.74,4.54,4.57,640130,3758432.00
2011/12/27,4.57,4.63,4.16,4.20,1439856,8059047.00
2011/12/28,4.19,4.26,4.02,4.19,2418938,12919108.00
2011/12/29,4.10,4.28,4.10,4.27,733479,4000167.00
2011/12/30,4.27,4.65,4.27,4.59,1799000,10345649.00
2012/01/04,4.60,4.74,4.42,4.54,1926986,11169621.00
2012/01/05,4.48,4.58,4.24,4.30,2735938,15408771.00
2012/01/06,4.30,4.42,4.07,4.40,1350007,7370779.00
2012/01/09,4.39,4.67,4.32,4.58,1561671,8965621.00
2012/01/10,4.58,4.86,4.53,4.82,2354582,13983361.00
2012/01/11,4.75,5.00,4.71,4.88,2725745,16673295.00
2012/01/12,4.87,4.92,4.75,4.77,1655356,10011777.00
2012/01/13,4.80,4.80,4.46,4.55,2180890,12610831.00
2012/01/16,4.48,4.48,4.26,4.32,1752566,9817678.00
2012/01/17,4.27,4.72,4.23,4.69,3193808,18202336.00
2012/01/18,4.69,4.74,4.42,4.57,2322050,13454665.00
2012/01/19,4.55,4.63,4.30,4.56,3219738,18336828.00
2012/01/20,4.59,5.05,4.52,4.63,3488600,20818890.00
2012/01/30,4.58,4.67,4.49,4.53,961135,5584313.00
2012/01/31,4.53,4.61,4.47,4.54,856273,4927912.00
2012/02/01,4.54,4.59,4.41,4.43,1179835,6748300.00
2012/02/02,4.49,4.54,4.41,4.50,1678133,9556517.00
2012/02/03,4.56,4.65,4.48,4.63,1485348,8624383.00
2012/02/06,4.58,4.69,4.57,4.67,2064998,12097867.00
2012/02/07,4.64,4.72,4.57,4.65,1982652,11623931.00
2012/02/08,4.63,4.95,4.59,4.90,5332869,32015308.00
2012/02/09,4.84,4.89,4.78,4.80,3079686,18655620.00
2012/02/10,4.82,4.89,4.75,4.82,3341689,20223340.00
2012/02/14,4.83,4.97,4.70,4.75,6739998,40549596.00
2012/02/15,4.79,4.95,4.75,4.93,5708288,34900904.00
2012/02/16,4.87,4.97,4.79,4.92,3465949,21227444.00
2012/02/17,4.88,4.95,4.85,4.89,1892612,11607895.00
2012/02/20,4.96,5.00,4.78,4.82,6122901,37250480.00
2012/02/21,4.84,4.89,4.77,4.88,2967703,17985574.00
2012/02/22,4.87,4.92,4.79,4.87,10642934,64504512.00
2012/02/23,4.84,5.18,4.82,5.18,11860821,74824360.00
2012/02/24,5.37,5.49,5.21,5.47,12682915,83260616.00
2012/02/27,5.43,5.50,5.29,5.30,5227979,34583136.00
2012/02/28,5.27,5.41,5.22,5.35,3766028,24658372.00
2012/02/29,5.30,5.44,5.28,5.32,2997530,19741146.00
2012/03/01,5.29,5.37,5.26,5.32,1822745,11934342.00
2012/03/02,5.32,5.39,5.28,5.38,2463442,16219414.00
2012/03/05,5.40,5.71,5.36,5.65,5957401,40659520.00
2012/03/06,5.65,5.86,5.57,5.59,5087907,35241016.00
2012/03/07,5.50,5.67,5.46,5.52,3455663,23491852.00
2012/03/08,5.64,5.70,5.50,5.59,1798784,12241485.00
2012/03/09,5.60,5.67,5.55,5.60,2422620,16540054.00
2012/03/12,5.56,5.58,5.33,5.45,4967293,33170690.00
2012/03/13,5.45,5.46,5.36,5.43,4560295,30178880.00
2012/03/14,5.44,5.64,5.13,5.16,6000184,39729644.00
2012/03/15,5.20,5.25,4.93,5.02,3339519,21028490.00
2012/03/16,5.01,5.12,4.95,5.11,3400647,21286084.00
2012/03/19,5.08,5.25,5.05,5.23,2017507,12945465.00
2012/03/20,5.22,5.30,5.05,5.08,1965204,12501906.00
2012/03/21,5.15,5.28,4.93,5.27,4230185,26797648.00
2012/03/22,5.19,5.32,5.13,5.22,2002118,12899039.00
2012/03/23,5.17,5.22,5.10,5.20,2006092,12822693.00
2012/03/26,5.16,5.37,5.11,5.25,2353801,15259578.00
2012/03/27,5.30,5.33,5.15,5.21,2117054,13693654.00
2012/03/28,5.12,5.21,4.89,4.97,2918145,18209594.00
2012/03/29,4.97,5.04,4.87,4.94,1967197,12198454.00
2012/03/30,4.94,5.00,4.78,4.90,2011633,12324040.00
2012/04/05,4.95,5.01,4.89,5.01,1700526,10535603.00
2012/04/06,4.99,5.02,4.89,5.01,1357042,8416421.00
2012/04/09,5.05,5.05,4.94,4.96,940729,5845471.00
2012/04/10,4.96,4.97,4.74,4.90,2003551,12157652.00
2012/04/11,4.87,4.87,4.73,4.82,2851837,17140756.00
2012/04/12,4.85,5.12,4.79,5.12,6331740,39028572.00
2012/04/13,5.15,5.32,5.07,5.15,3612938,23148868.00
2012/04/16,5.15,5.45,5.15,5.39,5470779,36002356.00
2012/04/17,5.39,5.42,5.23,5.24,2966265,19347332.00
2012/04/25,5.56,5.56,5.56,5.56,799246,5426880.00
2012/04/26,5.90,5.90,5.50,5.52,13516653,94688800.00
2012/04/27,5.51,5.53,5.21,5.24,6283745,41404992.00
2012/05/02,5.22,5.42,5.07,5.21,5872246,38105392.00
2012/05/03,5.24,5.34,5.12,5.29,3642713,23525088.00
2012/05/04,5.28,5.33,5.18,5.29,2209313,14350285.00
2012/05/07,5.23,5.37,5.17,5.34,4308429,27896880.00
2012/05/08,5.32,5.47,5.28,5.37,3536700,23427274.00
2012/05/09,5.32,5.38,5.26,5.34,2281373,14953821.00
2012/05/10,5.34,5.45,5.34,5.43,1909355,12667164.00
2012/05/11,5.43,5.52,5.37,5.43,2589379,17295224.00
2012/05/14,5.45,5.50,5.40,5.41,2059476,13745629.00
2012/05/15,5.40,5.41,5.28,5.34,1610717,10546754.00
2012/05/16,5.34,5.35,5.17,5.21,3184300,20656276.00
2012/05/17,5.21,5.45,5.21,5.30,2926876,19167764.00
2012/05/18,5.30,5.31,5.14,5.21,2446643,15793020.00
2012/05/21,5.19,5.42,5.19,5.35,2512523,16427282.00
2012/05/22,5.39,5.52,5.38,5.46,3611469,24134420.00
2012/05/23,5.47,5.47,5.34,5.41,1983997,13181385.00
2012/05/24,5.37,5.45,5.27,5.40,1955808,12928815.00
2012/05/25,5.41,5.72,5.40,5.57,4469845,30593962.00
2012/05/28,5.56,5.67,5.49,5.64,2310309,15781766.00
2012/05/29,5.63,5.67,5.53,5.65,2468203,16876480.00
2012/05/30,5.65,5.65,5.59,5.61,1012641,6944530.00
2012/05/31,5.59,5.73,5.57,5.72,2564392,17666904.00
2012/06/01,5.74,5.90,5.59,5.69,2152921,15040283.00
2012/06/04,5.60,5.60,5.44,5.45,2682756,18109352.00
2012/06/05,5.45,5.54,5.40,5.50,1350418,9032699.00
2012/06/06,5.47,5.55,5.44,5.48,808972,5430471.00
2012/06/07,5.53,5.55,5.42,5.46,879470,5892127.00
2012/06/08,5.52,5.62,5.45,5.53,1581644,10691751.00
2012/06/11,5.51,5.64,5.50,5.62,1509048,10292684.00
2012/06/12,5.62,5.65,5.54,5.62,915619,6245471.00
2012/06/13,5.62,5.71,5.59,5.70,1554555,10724973.00
2012/06/14,5.72,5.75,5.62,5.62,1695599,11717431.00
2012/06/15,5.65,5.66,5.53,5.65,1837298,12540844.00
2012/06/18,5.62,5.72,5.60,5.71,1367971,9459759.00
2012/06/19,5.71,5.86,5.61,5.80,3230387,22676340.00
2012/06/20,5.77,5.82,5.74,5.81,1497935,10513877.00
2012/06/21,5.93,5.94,5.54,5.55,5291025,36766476.00
2012/06/25,5.55,5.57,5.35,5.42,2725789,18129568.00
2012/06/26,5.34,5.50,5.33,5.45,1554101,10335810.00
2012/06/27,5.44,5.50,5.40,5.45,868079,5784548.00
2012/06/28,5.45,5.48,5.40,5.40,1302844,8689432.00
2012/07/02,5.49,5.73,5.47,5.63,2630637,17995900.00
2012/07/03,5.63,5.79,5.57,5.70,2743422,18990964.00
2012/07/04,5.82,5.82,5.57,5.61,2725368,18900818.00
2012/07/05,5.64,5.65,5.53,5.63,2068042,14132775.00
2012/07/09,5.75,5.75,5.47,5.52,2090101,14299233.00
2012/07/10,5.51,5.52,5.37,5.37,1839360,12240228.00
2012/07/11,5.37,5.44,5.35,5.43,898606,5956052.00
2012/07/12,5.52,5.62,5.47,5.56,2445257,16580168.00
2012/07/13,5.62,5.62,5.48,5.52,1462803,9909706.00
2012/07/16,5.55,5.57,5.32,5.36,1594451,10617612.00
2012/07/17,5.37,5.47,5.35,5.47,979644,6507536.00
2012/07/18,5.48,5.54,5.42,5.53,1304762,8742368.00
2012/07/19,5.53,5.57,5.47,5.52,1102544,7442739.00
2012/07/20,5.52,5.56,5.50,5.55,1136481,7686201.00
2012/07/23,5.52,5.57,5.47,5.56,1190593,8032110.00
2012/07/24,5.56,5.77,5.52,5.65,3720258,25597174.00
2012/07/25,5.60,5.73,5.60,5.65,2264450,15586953.00
2012/07/26,5.62,5.70,5.60,5.60,1243390,8536789.00
2012/07/27,5.60,5.62,5.47,5.50,1508260,10213490.00
2012/07/30,5.16,5.43,5.16,5.19,6649744,42902352.00
2012/07/31,5.19,5.45,4.98,5.32,2936735,18879816.00
2012/08/01,5.30,5.50,5.28,5.33,2216308,14677912.00
2012/08/02,5.33,5.46,5.32,5.36,1067432,7051897.00
2012/08/03,5.40,5.55,5.37,5.53,1376141,9201413.00
2012/08/06,5.54,5.75,5.53,5.72,2957809,20358728.00
2012/08/07,5.68,5.76,5.59,5.73,3818393,26353672.00
2012/08/08,5.66,5.66,5.49,5.49,5154081,34935304.00
2012/08/09,5.50,5.67,5.45,5.58,2304930,15609008.00
2012/08/10,5.53,5.60,5.51,5.59,1258524,8539513.00
2012/08/13,5.57,5.61,5.38,5.45,1858700,12496326.00
2012/08/14,5.46,5.46,5.14,5.35,2874100,18781800.00
2012/08/15,5.34,5.35,5.21,5.30,849099,5531303.00
2012/08/16,5.24,5.45,5.24,5.38,1057713,6985299.00
2012/08/17,5.38,5.61,5.38,5.52,2370331,15956340.00
2012/08/20,5.48,5.58,5.45,5.49,1707326,11515231.00
2012/08/21,5.54,5.62,5.50,5.56,2283879,15511282.00
2012/08/31,5.77,6.06,5.45,5.47,17842183,124584800.00
2012/09/03,5.23,5.32,4.81,5.29,11976430,75268272.00
2012/09/04,5.18,5.42,5.12,5.16,3907032,25260084.00
2012/09/05,5.08,5.14,4.90,5.00,3975999,24766228.00
2012/09/06,4.95,5.09,4.95,5.06,2255677,14150422.00
2012/09/07,5.09,5.31,5.05,5.19,4688300,30123216.00
2012/09/10,5.22,5.39,5.18,5.32,5088396,33185052.00
2012/09/11,5.29,5.41,5.25,5.36,5174293,34067248.00
2012/09/12,5.38,5.62,5.36,5.49,4708040,31476596.00
2012/09/13,5.56,5.61,5.45,5.48,3080071,20704184.00
2012/09/14,5.38,5.52,5.37,5.38,4456722,29720616.00
2012/09/17,5.37,5.37,4.82,4.86,5669200,35526620.00
2012/09/18,4.84,4.99,4.78,4.88,2165300,13252991.00
2012/09/19,4.87,4.95,4.81,4.90,2937480,17904632.00
2012/09/20,4.95,4.95,4.62,4.68,2279210,13785482.00
2012/09/21,4.61,4.81,4.61,4.73,1629379,9699255.00
2012/09/24,4.64,4.79,4.54,4.70,1095828,6475797.00
2012/09/25,4.67,4.71,4.55,4.59,1072600,6292280.00
2012/09/26,4.57,4.61,4.33,4.36,1226630,6958494.00
2012/09/27,4.27,4.74,4.27,4.58,4133349,23893194.00
2012/09/28,4.55,4.68,4.48,4.63,1857681,10810107.00
2012/10/08,4.65,4.71,4.56,4.60,836432,4886812.00
2012/10/09,4.65,4.78,4.60,4.74,1722207,10265652.00
2012/10/10,4.74,5.07,4.68,4.98,5023140,30785778.00
2012/10/11,4.92,5.00,4.80,4.84,1901609,11614227.00
2012/10/12,4.80,4.93,4.77,4.90,1861599,11330975.00
2012/10/15,4.89,4.91,4.78,4.90,2060885,12524704.00
2012/10/16,5.10,5.23,4.94,4.95,7806180,49172560.00
2012/10/17,4.86,5.05,4.78,5.01,3596782,22233502.00
2012/10/18,5.00,5.23,4.95,5.11,6428201,40866784.00
2012/10/19,5.13,5.13,5.03,5.08,1346140,8480383.00
2012/10/22,5.07,5.15,4.97,5.10,2595994,16411341.00
2012/10/23,5.06,5.17,5.06,5.11,3353295,21317520.00
2012/10/24,5.06,5.35,5.06,5.18,3718188,24012432.00
2012/10/25,5.29,5.35,5.22,5.28,5794017,37703136.00
2012/10/26,5.28,5.28,4.99,5.00,7377735,46496860.00
2012/10/29,4.93,5.09,4.91,4.96,2295347,14280203.00
2012/10/30,4.97,4.97,4.85,4.94,1598363,9821440.00
2012/10/31,4.97,5.06,4.88,5.05,1480109,9243449.00
2012/11/01,5.06,5.46,5.04,5.19,6741770,43516960.00
2012/11/02,5.12,5.22,5.05,5.21,2779108,17702358.00
2012/11/05,5.15,5.25,5.08,5.22,2311359,14806483.00
2012/11/06,5.19,5.24,5.11,5.23,2161478,13832100.00
2012/11/07,5.31,5.32,5.13,5.15,8371980,54119616.00
2012/11/08,5.07,5.09,4.88,4.89,1965500,12216202.00
2012/11/09,4.92,5.07,4.92,4.94,1464400,9094799.00
2012/11/12,4.97,5.05,4.94,5.01,897549,5580096.00
2012/11/13,4.98,5.02,4.77,4.84,1734802,10542481.00
2012/11/14,4.84,4.92,4.81,4.87,997999,6084809.00
2012/11/15,4.88,4.88,4.67,4.77,1209900,7278090.00
2012/11/16,4.77,4.77,4.63,4.70,1026942,6056027.00
2012/11/19,4.72,4.79,4.62,4.78,1121700,6656023.00
2012/11/20,4.80,4.80,4.69,4.75,798927,4766478.00
2012/11/21,4.79,4.85,4.68,4.85,1166989,7029283.00
2012/11/22,4.85,4.86,4.62,4.75,1525150,9166505.00
2012/11/23,4.79,4.84,4.73,4.73,699000,4192379.00
2012/11/26,4.70,4.74,4.64,4.64,562802,3323751.00
2012/11/27,4.64,4.64,4.44,4.52,980950,5676318.00
2012/11/28,4.49,4.55,4.42,4.47,875180,4994768.00
2012/11/29,4.50,4.53,4.40,4.43,613600,3497284.00
2012/11/30,4.46,4.55,4.41,4.53,699824,4007636.00
2012/12/03,4.51,4.56,4.34,4.38,517180,2929921.00
2012/12/04,4.39,4.52,4.37,4.49,995329,5642572.00
2012/12/05,4.56,4.76,4.52,4.67,2726762,16093609.00
2012/12/06,4.86,4.87,4.73,4.78,3028951,18234268.00
2012/12/07,4.72,4.93,4.69,4.91,3013930,18328168.00
2012/12/10,4.93,4.97,4.86,4.94,2104720,12928503.00
2012/12/11,4.93,4.96,4.79,4.80,1865795,11355200.00
2012/12/12,4.84,4.85,4.72,4.85,1027252,6196677.00
2012/12/13,4.85,4.87,4.71,4.71,923251,5544841.00
2012/12/14,4.77,5.01,4.71,4.94,3887842,23928820.00
2012/12/17,4.94,5.08,4.91,4.99,4110841,25730688.00
2012/12/18,4.96,4.98,4.89,4.92,2039161,12561777.00
2012/12/19,4.91,4.97,4.90,4.93,1484593,9162550.00
2012/12/20,4.90,4.92,4.82,4.91,1365150,8343159.00
2012/12/21,4.92,5.02,4.85,4.95,1886102,11605260.00
2012/12/24,4.94,4.95,4.86,4.88,1141409,6993513.00
2012/12/25,4.86,5.01,4.86,4.96,22368298,137348288.00
2012/12/26,4.90,5.13,4.89,5.11,12758742,79251512.00
2012/12/27,5.08,5.13,4.96,4.98,7262559,45494728.00
2012/12/28,4.98,5.07,4.87,5.04,4760132,29599340.00
2012/12/31,5.05,5.09,4.97,5.08,4064559,25444772.00
2013/01/04,5.08,5.11,5.00,5.09,4235919,26592544.00
2013/01/07,5.07,5.21,5.02,5.15,3852884,24469256.00
2013/01/08,5.17,5.29,5.13,5.28,6320922,40804196.00
2013/01/09,5.28,5.31,5.15,5.20,4647994,30087438.00
2013/01/10,5.22,5.36,5.15,5.27,6250966,40402680.00
2013/01/11,5.24,5.30,5.03,5.06,6648648,42350832.00
2013/01/14,5.04,5.43,5.04,5.36,7457588,48438640.00
2013/01/15,5.37,5.64,5.30,5.42,19463786,129831960.00
2013/01/16,5.38,5.43,5.28,5.35,5910115,38945200.00
2013/01/17,5.33,5.33,5.19,5.24,3061550,19830656.00
2013/01/18,5.26,5.50,5.26,5.47,5482553,36344048.00
2013/01/21,5.49,5.64,5.42,5.62,6842881,46267184.00
2013/01/22,5.62,5.85,5.53,5.77,9817260,68320296.00
2013/01/23,5.69,5.87,5.65,5.80,5159996,36081576.00
2013/01/24,5.87,5.87,5.53,5.58,5055156,34933192.00
2013/01/25,5.59,6.06,5.53,6.00,7876483,56338796.00
2013/01/28,5.97,6.48,5.97,6.33,8283971,61835992.00
2013/01/29,6.55,6.55,6.18,6.35,7301362,55533072.00
2013/01/30,6.27,6.57,6.17,6.36,4199190,31921520.00
2013/01/31,6.37,6.45,6.19,6.27,3288048,24650720.00
2013/02/01,6.22,6.30,6.12,6.21,3242381,24073444.00
2013/02/04,6.21,6.38,6.17,6.33,2968171,22303356.00
2013/02/05,6.29,6.56,6.18,6.44,3947622,30163006.00
2013/02/06,6.33,6.49,6.33,6.38,2123967,16206033.00
2013/02/07,6.35,6.45,6.24,6.31,1937300,14654430.00
2013/02/08,6.39,6.39,6.25,6.31,1776161,13394512.00
2013/02/18,6.40,6.40,6.22,6.28,2266962,16993572.00
2013/02/19,6.24,6.35,6.22,6.23,2546481,19118836.00
2013/02/20,6.21,6.67,6.18,6.62,5934117,46067912.00
2013/02/21,6.62,6.62,6.29,6.37,2894866,22212278.00
2013/02/22,6.32,6.54,6.28,6.35,2387638,18304766.00
2013/02/25,6.35,6.51,6.32,6.38,2052872,15617921.00
2013/02/26,6.37,6.46,6.15,6.16,2515676,19021530.00
2013/02/27,6.13,6.26,5.93,5.96,3761910,27397220.00
2013/02/28,6.01,6.07,5.92,6.04,2660050,19262976.00
2013/03/01,6.17,6.43,6.14,6.26,5632195,42180100.00
2013/03/04,6.03,6.03,5.57,5.74,4947351,35216904.00
2013/03/05,5.76,5.89,5.72,5.89,2287869,16102422.00
2013/03/06,5.89,5.97,5.83,5.92,2475063,17679834.00
2013/03/07,5.96,6.10,5.92,6.01,3695318,26793932.00
2013/03/08,5.99,6.06,5.93,5.96,1298113,9366913.00
2013/03/11,5.96,6.03,5.84,5.85,1450490,10312696.00
2013/03/12,5.83,6.02,5.67,5.75,3286837,23276652.00
2013/03/13,5.73,5.85,5.64,5.78,2051566,14341017.00
2013/03/14,5.86,6.05,5.85,5.93,2535419,18224436.00
2013/03/15,5.92,6.04,5.82,5.91,2375791,16989836.00
2013/03/18,5.77,6.04,5.77,5.89,2871846,20640942.00
2013/03/19,5.96,5.99,5.77,5.84,2699650,19131588.00
2013/03/20,5.81,6.13,5.78,6.11,4682850,33933724.00
2013/03/21,6.15,6.35,6.05,6.27,4212853,31476754.00
2013/03/22,6.35,6.35,6.12,6.17,3995956,29626812.00
2013/03/25,6.27,6.27,6.10,6.16,2172755,16052376.00
2013/03/26,6.15,6.16,5.96,6.04,2362225,17153658.00
2013/03/27,6.08,6.14,6.01,6.09,1734360,12685842.00
2013/03/28,6.02,6.02,5.87,5.95,2285661,16344314.00
2013/03/29,6.01,6.04,5.89,6.03,2717532,19575004.00
2013/04/01,6.11,6.11,5.89,6.05,2327418,16776938.00
2013/04/02,6.01,6.02,5.79,5.85,3593901,25623128.00
2013/04/03,5.83,5.87,5.54,5.54,3791118,26116612.00
2013/04/08,5.52,5.67,5.43,5.66,1582945,10792225.00
2013/04/09,5.62,5.77,5.62,5.69,1474250,10235627.00
2013/04/10,5.70,5.75,5.64,5.68,798325,5512213.00
2013/04/11,5.68,5.72,5.59,5.65,1120715,7690625.00
2013/04/12,5.63,5.68,5.59,5.64,1032013,7080693.00
2013/04/15,5.64,5.67,5.49,5.58,972002,6619294.00
2013/04/16,5.46,5.58,5.44,5.58,2822135,18999104.00
2013/04/17,5.58,5.68,5.49,5.67,2030695,13804934.00
2013/04/18,5.67,5.67,5.47,5.55,1957795,13260021.00
2013/04/19,5.52,5.78,5.52,5.73,3182155,22020136.00
2013/04/22,5.72,5.82,5.67,5.82,1818365,12656584.00
2013/04/23,5.81,5.81,5.64,5.73,1960682,13583218.00
2013/04/24,5.66,6.09,5.66,6.08,4976023,35788476.00
2013/04/25,6.03,6.24,6.00,6.13,6784401,50084088.00
2013/04/26,6.07,6.37,6.07,6.14,3477479,25831382.00
2013/05/02,6.14,6.27,6.05,6.24,2382574,17699730.00
2013/05/03,6.23,6.74,6.23,6.51,11380400,88235088.00
2013/05/06,6.55,6.73,6.52,6.56,8245119,64876036.00
2013/05/07,6.56,6.61,6.35,6.40,4723739,36413284.00
2013/05/08,6.39,6.78,6.39,6.65,7086376,55794656.00
2013/05/09,6.64,6.70,6.52,6.66,2940866,23047260.00
2013/05/10,6.63,6.70,6.58,6.63,2368147,18622984.00
2013/05/13,6.63,6.75,6.61,6.67,3350870,26507236.00
2013/05/14,6.67,6.67,6.37,6.52,3156973,24377720.00
2013/05/15,6.52,6.58,6.37,6.55,2943271,22633016.00
2013/05/16,6.55,7.13,6.53,7.00,13700068,111602224.00
2013/05/17,6.95,7.19,6.93,6.98,11592298,95962176.00
2013/05/20,7.19,7.50,7.15,7.45,21364097,182891936.00
2013/05/21,7.40,7.80,7.27,7.77,11991823,105353048.00
2013/05/22,7.74,7.91,7.65,7.65,9633311,86712592.00
2013/05/23,7.65,7.81,7.43,7.68,5599209,49526916.00
2013/05/24,7.57,7.94,7.57,7.86,8346280,75257848.00
2013/05/27,7.98,8.27,7.97,8.03,8074702,75550128.00
2013/05/28,7.98,8.17,7.84,7.90,5041210,46462060.00
2013/05/29,7.94,7.99,7.69,7.77,5065385,45775764.00
2013/05/30,7.77,8.02,7.72,7.98,5104234,46703904.00
2013/05/31,8.02,8.07,7.84,7.85,3059063,27956232.00
2013/06/03,7.80,8.02,7.74,7.79,4040149,36861088.00
2013/06/04,7.77,7.77,7.16,7.20,9826496,84606912.00
2013/06/05,7.26,7.36,7.02,7.35,4248477,35871544.00
2013/06/06,7.30,7.45,7.25,7.25,2462710,21091784.00
2013/06/07,7.27,7.33,6.88,7.06,4001960,33126916.00
2013/06/13,6.97,6.97,6.71,6.87,3812825,30723688.00
2013/06/14,6.87,7.16,6.85,7.07,3569731,29413840.00
2013/06/17,7.08,7.44,7.07,7.35,7901187,66899200.00
2013/06/18,7.40,7.40,7.07,7.24,4427197,37555400.00
2013/06/19,7.18,7.28,6.97,7.18,4969069,41745488.00
2013/06/20,7.09,7.14,6.75,6.80,4644345,37909636.00
2013/06/21,6.76,6.83,6.61,6.76,4676670,37339748.00
2013/06/24,6.68,6.70,6.17,6.32,7236284,55346792.00
2013/06/25,6.26,6.39,5.70,6.35,6836496,50267668.00
2013/06/26,6.30,6.76,6.25,6.68,5425794,42330768.00
2013/06/27,6.77,6.96,6.63,6.64,5604202,44935552.00
2013/06/28,6.72,6.88,6.57,6.79,3350868,26872922.00
2013/07/01,6.92,6.98,6.74,6.88,5090989,41022536.00
2013/07/02,6.84,6.98,6.77,6.94,3854537,31304448.00
2013/07/03,6.93,7.10,6.79,6.92,3150065,25735242.00
2013/07/04,6.94,7.06,6.87,6.87,3550310,29150910.00
2013/07/05,6.87,6.95,6.75,6.79,4620522,37220576.00
2013/07/08,6.57,6.90,6.50,6.70,6245189,49443644.00
2013/07/09,6.86,7.01,6.71,6.81,5249923,42460668.00
2013/07/10,6.79,7.07,6.68,7.05,5198552,42190408.00
2013/07/11,7.05,7.42,7.05,7.22,7770488,66036084.00
2013/07/12,7.28,7.62,7.19,7.33,5866670,50761852.00
2013/07/15,7.29,7.60,7.28,7.58,4453330,38754760.00
2013/07/16,7.58,7.62,7.49,7.56,3846315,33821816.00
2013/07/17,7.57,7.67,7.50,7.57,4013601,35284656.00
2013/07/18,7.57,7.57,7.32,7.36,3107583,26883680.00
2013/07/19,7.35,7.42,6.97,6.98,4276104,35735712.00
2013/07/22,7.20,7.42,7.10,7.29,6294823,53242836.00
2013/07/23,7.24,7.62,7.16,7.55,5418120,46900000.00
2013/07/24,7.55,7.66,7.23,7.56,6233741,54267232.00
2013/07/25,7.55,7.61,7.17,7.46,7701857,66912424.00
2013/07/26,7.30,7.46,7.23,7.36,2181200,18695684.00
2013/07/29,7.23,7.43,6.93,6.97,6493342,53864572.00
2013/07/30,6.97,7.06,6.76,6.95,6518872,52919656.00
2013/07/31,6.95,7.12,6.92,6.93,2229862,18347274.00
2013/08/01,7.02,7.27,6.90,7.22,2959326,24836924.00
2013/08/02,7.27,7.62,7.26,7.45,6170292,53899064.00
2013/08/05,7.48,7.80,7.45,7.75,5216215,46686960.00
2013/08/06,7.82,7.97,7.65,7.88,7210174,65369936.00
2013/08/07,7.88,8.11,7.67,7.73,7290720,66585776.00
2013/08/08,7.75,8.41,7.74,8.29,16165526,152943744.00
2013/08/09,8.27,8.50,8.12,8.41,8316773,79907920.00
2013/08/12,8.42,8.51,8.21,8.37,6833926,65852664.00
2013/08/13,8.37,8.49,8.17,8.38,6900808,66095832.00
2013/08/14,8.40,8.41,8.10,8.27,4425039,41831520.00
2013/08/15,8.23,8.33,8.07,8.10,2849183,26821236.00
2013/08/16,8.07,8.26,7.88,7.90,2919764,27113328.00
2013/08/19,7.79,8.09,7.79,8.02,2749475,25310774.00
2013/08/20,8.05,8.35,7.87,8.03,3710767,34440948.00
2013/08/21,8.08,8.31,7.95,8.17,5682902,53445752.00
2013/08/22,8.23,8.39,8.08,8.24,5529886,52562408.00
2013/08/23,8.26,8.57,8.18,8.44,8835614,85161840.00
2013/08/26,8.43,8.95,8.38,8.84,7765868,77597760.00
2013/08/27,8.83,8.85,8.69,8.81,4185612,41841480.00
2013/08/28,8.79,8.79,8.39,8.62,5844625,57207856.00
2013/08/29,8.54,8.79,8.45,8.59,4453967,44017072.00
2013/08/30,8.53,8.59,8.26,8.28,3285026,31713630.00
2013/09/02,8.29,8.75,8.28,8.56,3973596,38927544.00
2013/09/03,8.62,8.94,8.48,8.84,6658502,66856372.00
2013/09/04,8.84,9.06,8.71,8.92,4470024,45254544.00
2013/09/05,8.87,9.22,8.70,9.15,9188039,94437104.00
2013/09/06,9.14,9.19,8.81,8.89,5997843,60990476.00
2013/09/09,8.82,9.49,8.82,9.42,8155698,86053008.00
2013/09/10,9.43,9.53,9.17,9.35,5030498,52873548.00
2013/09/11,9.31,9.43,8.97,9.12,6713412,70054352.00
2013/09/12,9.06,9.47,8.98,9.06,4989065,52157152.00
2013/09/13,9.06,9.17,8.86,9.08,2921801,29989976.00
2013/09/16,9.16,9.36,9.14,9.16,6273057,65774868.00
2013/09/17,9.21,9.72,9.19,9.59,11397442,122863888.00
2013/09/18,9.64,9.74,9.23,9.56,7635313,81324600.00
2013/09/23,9.56,9.56,9.16,9.42,6629631,70039400.00
2013/09/24,9.30,9.66,9.15,9.58,7390440,78523384.00
2013/10/09,9.72,10.66,9.55,10.49,21094431,241325968.00
2013/10/10,10.47,11.42,10.19,11.28,19470414,237059376.00
2013/10/11,11.27,11.97,11.17,11.90,17713440,228300304.00
2013/10/14,11.85,12.07,11.47,11.75,8147420,105483328.00
2013/10/15,11.74,11.97,11.52,11.78,6944799,89923376.00
2013/10/16,11.77,11.77,10.67,11.10,10774324,131871648.00
2013/10/17,11.09,11.45,10.89,11.27,7544658,93510192.00
2013/10/18,11.03,11.41,11.03,11.30,3329372,41747312.00
2013/10/21,11.30,11.50,11.02,11.46,9251326,115724504.00
2013/10/22,11.42,11.91,11.35,11.62,10850949,139901248.00
2013/10/23,11.55,11.73,10.49,10.98,8700259,106256432.00
2013/10/24,10.82,11.03,10.53,11.01,6523772,78473264.00
2013/10/25,11.01,11.05,10.57,10.87,4883565,58611844.00
2013/10/28,10.83,11.02,10.68,10.98,4570088,55165588.00
2013/10/29,11.06,11.14,10.27,10.67,3513584,41673792.00
2013/10/30,10.84,11.32,10.60,11.21,5334180,65366332.00
2013/10/31,11.10,11.29,10.82,11.01,2281843,27977700.00
2013/11/01,10.92,10.94,9.83,10.07,7902305,90288576.00
2013/11/04,9.87,10.07,9.54,9.90,4246007,46881872.00
2013/11/05,9.83,10.23,9.70,10.19,3676906,41403024.00
2013/11/06,10.07,10.22,9.77,9.89,3808000,42941708.00
2013/11/07,9.73,10.22,9.73,10.05,2603317,29331798.00
2013/11/08,9.89,10.02,9.68,9.75,2264984,24960908.00
2013/11/11,9.67,9.95,9.67,9.92,5430889,60099772.00
2013/11/12,9.90,10.18,9.88,10.12,2536207,28708264.00
2013/11/13,10.14,10.14,9.86,10.03,1676337,18728852.00
2013/11/14,9.96,10.14,9.90,10.14,2654940,29872260.00
2013/11/15,10.16,10.85,10.08,10.53,6824504,80518272.00
2013/11/18,10.57,11.15,10.47,11.02,6255201,75526656.00
2013/11/19,11.03,11.23,10.88,11.14,3098098,38293216.00
2013/11/20,11.07,11.32,11.00,11.21,3295419,40843812.00
2013/11/21,11.17,11.17,10.61,10.70,6553847,78511152.00
2013/11/22,10.70,10.72,10.32,10.54,3490399,40976440.00
2013/11/25,10.57,10.57,10.32,10.41,4471073,52182428.00
2013/11/26,10.55,10.55,10.29,10.50,2622860,30602412.00
2013/11/27,10.50,10.97,10.37,10.50,7720730,91410016.00
2013/11/28,10.62,10.82,10.46,10.53,4490397,53277132.00
2013/11/29,10.57,10.78,10.52,10.71,4956819,59023500.00
2013/12/02,10.55,10.56,9.97,10.14,3882412,44461520.00
2013/12/03,10.32,10.51,10.17,10.47,5175451,60196320.00
2013/12/04,10.48,11.01,10.45,10.76,6833590,82024288.00
2013/12/05,10.79,10.81,10.57,10.65,3241189,38552264.00
2013/12/06,10.69,10.79,10.55,10.68,1865121,22186112.00
2013/12/09,10.77,10.78,10.58,10.72,3309364,39476784.00
2013/12/10,10.69,11.02,10.67,10.99,4851173,59082276.00
2013/12/11,10.99,11.23,10.73,11.03,4673292,57345432.00
2013/12/12,11.03,11.35,11.03,11.12,5484301,68503744.00
2013/12/13,11.12,11.22,10.76,11.18,3929276,48084104.00
2013/12/16,11.17,11.32,10.57,10.67,5334355,64126696.00
2013/12/17,10.67,10.71,10.37,10.43,2582606,30236022.00
2013/12/18,10.39,10.42,10.07,10.21,2898654,33176152.00
2013/12/19,10.22,10.32,9.92,9.97,2495363,28307628.00
2013/12/20,10.03,10.08,9.87,10.05,1824773,20534152.00
2013/12/23,10.10,10.33,10.03,10.07,1951048,22341336.00
2013/12/24,10.15,10.47,10.15,10.31,2309525,26682268.00
2013/12/25,10.37,10.77,10.27,10.68,3571935,42485904.00
2013/12/26,10.66,10.74,10.28,10.37,5225821,61461896.00
2013/12/27,10.37,10.91,10.37,10.60,9195239,110157824.00
2013/12/30,10.72,10.87,10.62,10.77,4096339,49189848.00
2013/12/31,10.77,11.03,10.65,10.79,4022277,48908252.00
2014/01/02,10.88,11.09,10.70,11.02,2466941,29961416.00
2014/01/03,11.06,11.41,10.93,11.36,7459863,93527168.00
2014/01/06,11.28,11.57,11.09,11.48,6313268,79427456.00
2014/01/07,11.32,11.56,11.09,11.47,4269939,53843380.00
2014/01/08,11.38,12.02,11.36,11.78,4370165,56852944.00
2014/01/09,11.78,13.08,11.67,12.70,9886121,136965440.00
2014/01/10,12.70,12.89,12.07,12.39,4300401,58656824.00
2014/01/13,12.39,12.70,11.77,11.86,4055004,54145328.00
2014/01/14,11.89,12.34,11.68,12.32,2750505,36662312.00
2014/01/15,12.23,12.59,11.98,12.56,3667275,49725252.00
2014/01/16,12.50,13.13,12.38,12.76,5980336,84574336.00
2014/01/17,12.53,12.75,12.30,12.46,2554386,35098216.00
2014/01/20,12.47,12.51,12.07,12.09,2046645,27605610.00
2014/01/21,12.02,12.30,12.02,12.17,1940941,26098372.00
2014/01/22,12.20,12.64,12.18,12.47,2105349,28878526.00
2014/01/23,12.47,13.78,12.47,13.49,9812264,142518464.00
2014/01/24,13.52,14.52,13.50,13.82,8201787,124605184.00
2014/01/27,13.87,14.07,13.54,13.79,3996583,60414496.00
2014/01/28,13.68,13.77,12.98,13.19,4238968,61244724.00
2014/01/29,13.27,13.77,13.09,13.76,2322630,34218088.00
2014/01/30,13.77,13.77,13.25,13.65,1891450,27870078.00
2014/02/07,13.55,13.65,13.07,13.56,3801159,55351132.00
2014/02/10,13.39,14.70,13.39,14.52,5477536,85065872.00
2014/02/11,14.52,14.66,13.97,14.10,3367252,51941720.00
2014/02/12,14.10,14.80,14.08,14.63,4145578,65119880.00
2014/02/13,14.52,15.13,14.38,14.63,4712981,75704752.00
2014/02/14,14.65,15.02,14.52,14.95,2643534,42548128.00
2014/02/17,14.95,15.02,14.57,14.67,3512020,55930284.00
2014/02/18,14.64,14.64,14.02,14.26,4832330,74682720.00
2014/02/19,14.21,14.30,13.72,13.94,3885629,59032628.00
2014/02/20,14.48,14.66,14.07,14.31,6436274,100635776.00
2014/02/21,14.14,14.35,13.80,13.94,2266692,34428248.00
2014/02/24,13.77,13.77,12.42,12.71,9569860,134233184.00
2014/02/25,12.73,12.77,12.10,12.27,11422296,154225280.00
2014/02/26,12.26,12.31,11.97,12.17,4890437,65456060.00
2014/02/27,12.22,12.42,11.69,11.73,4694006,62553144.00
2014/02/28,11.71,11.97,11.22,11.95,3702916,47566792.00
2014/03/03,11.83,12.34,11.70,12.27,4046619,53917428.00
2014/03/04,12.27,12.47,11.99,12.10,5257659,70685152.00
2014/03/05,12.15,12.22,11.42,11.78,9885115,127325664.00
2014/03/06,11.58,11.91,11.42,11.76,3652116,47187692.00
2014/03/07,11.85,12.02,11.75,11.77,4706642,61570336.00
2014/03/10,11.77,11.97,11.57,11.68,2602121,33865744.00
2014/03/11,11.62,11.74,11.35,11.37,4449727,57072424.00
2014/03/12,11.40,11.86,11.40,11.84,3844688,49851836.00
2014/03/13,11.85,12.07,11.69,11.89,2584065,33957304.00
2014/03/14,11.96,11.96,11.40,11.64,2087044,26764264.00
2014/03/17,11.65,11.73,11.38,11.64,4247044,54138516.00
2014/03/18,11.66,11.92,11.54,11.91,3379817,43960064.00
2014/03/19,11.91,11.91,11.52,11.64,2439451,31542376.00
2014/03/20,11.64,11.92,11.47,11.49,3572297,46235020.00
2014/03/21,11.47,11.47,10.67,11.20,5541661,67840048.00
2014/03/24,11.20,11.35,10.77,11.07,3528882,43236320.00
2014/03/25,11.07,11.89,10.98,11.86,5108879,65297984.00
2014/03/26,11.91,12.13,11.81,11.95,3929700,51865272.00
2014/03/27,12.12,12.22,11.47,11.54,3676748,48274336.00
2014/03/28,11.48,11.97,11.38,11.82,3140939,40652396.00
2014/03/31,11.76,12.02,11.48,11.60,3090347,39993944.00
2014/04/01,11.63,11.91,11.57,11.84,2289102,29788792.00
2014/04/02,11.89,11.89,11.61,11.74,2327394,30194228.00
2014/04/03,11.81,11.88,11.27,11.47,2143503,27331848.00
2014/04/04,11.41,11.94,11.33,11.93,3851784,50037944.00
2014/04/08,11.82,12.52,11.76,12.27,6150424,82881312.00
2014/04/09,12.17,12.58,12.17,12.41,3052347,41708880.00
2014/04/10,12.37,12.94,12.36,12.59,4747809,66281924.00
2014/04/11,12.56,12.56,12.30,12.45,2238699,30569558.00
2014/04/14,12.40,12.57,11.95,12.22,5434945,72675208.00
2014/04/15,12.21,12.21,11.85,11.96,3144434,41533920.00
2014/04/16,11.96,12.13,11.87,12.05,2890211,38223676.00
2014/04/17,12.05,12.12,11.75,11.89,2964489,38874068.00
2014/04/18,11.80,11.98,11.80,11.93,1686553,22216796.00
2014/04/21,11.76,12.00,11.67,11.70,1423573,18569836.00
2014/04/22,11.67,11.84,11.64,11.78,1211492,15723387.00
2014/04/23,11.83,11.86,11.68,11.78,1499278,19486938.00
2014/04/24,11.74,11.85,11.59,11.69,1101265,14270780.00
2014/04/25,11.67,11.82,11.41,11.61,1676668,21562176.00
2014/04/28,11.49,11.49,10.33,10.35,4363224,52363084.00
2014/04/29,10.35,10.80,10.29,10.73,2767059,32604192.00
2014/04/30,10.72,10.98,10.64,10.75,2720924,32754828.00
2014/05/05,10.75,10.80,10.21,10.57,4617374,53681112.00
2014/05/06,10.54,10.57,10.31,10.41,3521373,40928224.00
2014/05/07,10.34,10.41,10.15,10.22,1848966,21218136.00
2014/05/08,10.17,10.39,10.07,10.25,1157060,13333293.00
2014/05/09,10.21,10.31,9.77,9.87,2258958,25239488.00
2014/05/12,9.99,10.21,9.63,10.16,6196874,68565192.00
2014/05/13,10.07,10.17,9.95,10.03,2049943,23127090.00
2014/05/14,9.99,10.07,9.77,9.97,1451525,16251295.00
2014/05/15,10.01,10.01,9.72,9.74,2371243,26142824.00
2014/05/16,9.69,9.69,9.25,9.26,4871928,51841272.00
2014/05/19,9.25,9.40,9.13,9.26,2724150,28559428.00
2014/05/20,9.26,9.42,9.23,9.27,1640001,17262978.00
2014/05/21,8.82,9.33,8.82,9.28,2033304,21281328.00
2014/05/22,9.33,9.55,9.27,9.40,2477199,26432542.00
2014/05/23,9.34,9.52,9.28,9.51,3349814,35560624.00
2014/05/26,9.47,9.84,9.47,9.63,3427118,37507928.00
2014/05/27,9.60,9.70,9.43,9.52,1657936,17901788.00
2014/05/28,9.47,9.82,9.42,9.74,2204278,23965180.00
2014/05/29,9.75,9.85,9.62,9.66,2653963,29119076.00
2014/05/30,9.55,9.72,9.32,9.45,2602208,27928940.00
2014/06/03,9.41,9.62,9.41,9.53,2111699,22747204.00
2014/06/04,9.47,9.52,9.33,9.39,1052915,11192679.00
2014/06/05,9.34,9.45,9.33,9.42,2207426,23445560.00
2014/06/06,9.54,9.91,9.36,9.63,4018269,43544608.00
2014/06/09,9.55,9.55,9.37,9.47,1066101,11377934.00
2014/06/17,9.83,9.89,9.49,9.85,4444258,48598640.00
2014/06/18,9.74,10.07,9.67,10.06,5091140,56888672.00
2014/06/19,10.07,10.17,9.69,9.80,4149438,46512456.00
2014/06/20,9.75,9.91,9.56,9.86,2237228,24669804.00
2014/06/23,9.87,10.05,9.82,10.03,1729227,19329174.00
2014/06/24,9.97,10.09,9.82,9.87,3028488,33661912.00
2014/06/25,9.92,9.98,9.85,9.87,1510172,16831384.00
2014/06/26,9.92,10.09,9.88,9.99,1738586,19580436.00
2014/06/27,10.03,10.17,9.99,10.12,3224274,36576908.00
2014/06/30,10.21,10.22,9.76,9.80,7170512,79639168.00
2014/07/01,9.82,9.88,9.61,9.83,4698325,51462364.00
2014/07/02,9.92,10.02,9.77,10.01,3780402,42138876.00
2014/07/03,10.01,10.05,9.82,9.92,1925921,21544288.00
2014/07/04,9.92,10.02,9.87,10.00,1965768,21956116.00
2014/07/07,9.92,10.00,9.80,9.92,1818030,20228572.00
2014/07/08,9.87,10.00,9.84,9.93,794607,8863841.00
2014/07/09,9.93,10.02,9.66,9.80,2815593,31165008.00
2014/07/10,9.75,9.79,9.33,9.36,4496615,48239368.00
2014/07/11,9.35,9.50,9.31,9.40,2878315,30499872.00
2014/07/14,9.41,9.65,9.32,9.56,4086402,43803184.00
2014/07/15,9.52,9.67,9.45,9.53,3215503,34722848.00
2014/07/16,9.53,9.73,9.45,9.51,4212101,45516456.00
2014/07/17,9.47,9.55,9.41,9.46,1557493,16636024.00
2014/07/18,9.37,9.54,9.37,9.42,893511,9557364.00
2014/07/21,9.42,9.55,9.33,9.44,2126804,22696134.00
2014/07/22,9.47,9.52,9.38,9.44,2955062,31505146.00
2014/07/23,9.46,9.58,9.38,9.42,2274247,24345464.00
2014/07/24,9.42,9.66,9.39,9.62,3447424,37291928.00
2014/07/25,9.67,9.91,9.59,9.86,4500506,49558576.00
2014/07/28,9.93,10.46,9.87,10.40,7384633,84375080.00
2014/07/29,10.42,10.52,10.18,10.23,5446566,62825848.00
2014/07/30,10.22,10.37,10.12,10.25,2394874,27442412.00
2014/07/31,10.25,10.43,10.11,10.41,3774751,43406832.00
2014/08/01,10.37,11.22,10.25,10.80,6930916,82939200.00
2014/08/04,10.80,11.17,10.77,11.16,6517162,79811600.00
2014/08/05,11.16,11.45,11.07,11.27,5728267,71587096.00
2014/08/06,11.28,11.76,11.16,11.72,6735634,86149824.00
2014/08/07,11.77,12.42,11.24,11.35,9344361,120220520.00
2014/08/08,11.41,11.52,11.11,11.17,6485001,81372624.00
2014/08/11,11.17,11.55,11.12,11.54,2696737,34057704.00
2014/08/12,11.57,11.77,11.52,11.76,3037478,39255464.00
2014/08/13,11.75,11.77,11.45,11.59,2951029,37786976.00
2014/08/14,11.58,11.79,11.46,11.48,4335757,55751888.00
2014/08/15,11.47,11.60,11.27,11.57,4093762,51920920.00
2014/08/18,11.57,12.05,11.57,11.84,5522995,71817432.00
2014/08/19,11.87,12.76,11.83,12.68,8339829,113474224.00
2014/08/20,12.68,12.99,12.43,12.54,6339477,88707856.00
2014/08/21,12.54,12.92,12.37,12.62,4541204,62982076.00
2014/08/22,12.50,12.86,12.45,12.46,3793420,52248236.00
2014/08/25,12.45,12.60,12.16,12.29,2659160,36017064.00
2014/08/26,12.31,12.35,11.67,11.73,3834157,50380776.00
2014/08/27,11.67,11.67,11.32,11.50,3899973,49714492.00
2014/08/28,11.48,11.97,11.47,11.58,2667888,34491824.00
2014/08/29,11.59,12.05,11.48,11.93,3145125,41321848.00
2014/09/01,11.93,12.57,11.89,12.52,5529084,74325408.00
2014/09/02,12.48,12.80,12.38,12.60,3879930,53870392.00
2014/09/03,12.62,13.00,12.55,12.66,2786335,38960344.00
2014/09/04,12.67,12.67,12.37,12.42,3731809,51052220.00
2014/09/05,12.43,12.62,12.28,12.51,3658905,49806912.00
2014/09/09,12.51,12.56,12.27,12.39,3080187,41931140.00
2014/09/10,12.37,12.63,12.25,12.55,3005184,41115568.00
2014/09/11,12.53,12.86,12.46,12.55,3422030,47480596.00
2014/09/12,12.55,12.87,12.55,12.83,3659920,51265368.00
2014/09/15,12.85,12.89,12.35,12.52,7542977,103541920.00
2014/09/16,12.58,12.58,11.75,11.86,7006409,94148864.00
2014/09/17,11.87,12.19,11.75,12.13,4280303,56372432.00
2014/09/18,12.13,12.13,11.84,12.08,3225098,42647340.00
2014/09/19,12.06,12.18,11.94,12.12,1658585,22098968.00
2014/09/22,12.19,12.23,11.78,11.85,2292303,30019328.00
2014/09/23,11.85,12.11,11.82,12.08,2418349,31861132.00
2014/09/24,11.99,12.42,11.99,12.34,4428288,59930436.00
2014/09/25,12.28,12.55,12.28,12.44,4459197,61059792.00
2014/09/26,12.46,12.54,12.22,12.30,2260972,30720852.00
2014/09/29,12.32,12.44,12.18,12.25,3290490,44590484.00
2014/09/30,12.29,12.39,12.22,12.31,2100006,28391128.00
2014/10/08,12.32,12.72,12.31,12.65,5131285,71085776.00
2014/10/09,12.58,12.76,12.48,12.74,5439185,75480448.00
2014/10/10,12.74,12.74,12.34,12.55,4434503,61005616.00
2014/10/13,12.55,12.57,12.05,12.24,5345668,71846984.00
2014/10/14,12.25,12.30,12.08,12.25,3557469,47632208.00
2014/10/15,12.24,12.25,11.95,12.10,3852842,51233160.00
2014/10/16,12.05,12.05,11.84,11.85,4670883,61362272.00
2014/10/17,11.84,12.10,11.77,11.93,2583609,33945368.00
2014/10/20,11.93,12.09,11.91,12.07,1569106,20735574.00
2014/10/21,12.16,12.25,11.86,11.87,2814089,37471488.00
2014/10/22,11.94,12.22,11.88,12.00,2694139,35918164.00
2014/10/23,12.00,12.15,11.87,11.90,2792930,36956740.00
2014/10/24,11.95,12.03,11.12,11.35,3776708,48584264.00
2014/10/27,11.35,11.49,11.00,11.48,2854132,35580968.00
2014/10/28,11.42,11.92,11.42,11.86,2774950,36108060.00
2014/10/29,11.94,12.16,11.71,12.01,4903400,64757332.00
2014/10/30,12.37,12.56,12.07,12.09,6643304,90377352.00
2014/10/31,12.07,12.07,11.87,11.97,2432966,32018728.00
2014/11/03,11.93,12.22,11.57,11.77,6003063,78735696.00
2014/11/04,11.77,11.92,11.65,11.82,3777191,49123020.00
2014/11/05,11.85,11.92,11.72,11.81,1813841,23630260.00
2014/11/06,11.81,11.90,11.72,11.82,1761069,22913268.00
2014/11/07,11.87,11.92,11.70,11.82,2446003,31949332.00
2014/11/10,11.81,11.85,11.59,11.71,3409346,43910400.00
2014/11/11,11.75,11.77,11.30,11.37,3508515,44636608.00
2014/11/12,11.37,11.63,11.37,11.61,2353910,30038848.00
2014/11/13,11.57,11.81,11.34,11.65,3805278,48714604.00
2014/11/14,11.65,11.75,11.56,11.64,1876826,24173032.00
2014/11/17,11.64,12.38,11.64,12.35,10904036,145312496.00
2014/11/18,12.45,12.47,12.13,12.27,6172719,83367160.00
2014/11/19,12.28,12.63,12.13,12.47,5855083,80008472.00
2014/11/20,12.49,12.60,12.27,12.40,4350381,59374540.00
2014/11/21,12.42,12.44,12.07,12.32,5343544,71859208.00
2014/11/24,12.27,12.54,12.16,12.44,6572982,89254688.00
2014/11/25,12.43,12.92,12.37,12.81,11029742,153862784.00
2014/11/26,12.90,12.90,12.52,12.70,6762279,94225472.00
2014/11/27,12.71,12.87,12.56,12.74,5309093,74128976.00
2014/11/28,12.73,13.62,12.60,13.04,12929342,185966096.00
2014/12/01,13.07,13.64,13.01,13.08,10610502,153724144.00
2014/12/02,13.14,13.35,12.88,13.17,6411901,91996648.00
2014/12/03,13.17,13.30,13.02,13.14,7378455,105949944.00
2014/12/04,13.25,13.53,13.06,13.25,12072470,175751856.00
2014/12/05,13.21,13.32,12.27,12.51,10165848,141789104.00
2014/12/08,12.51,12.87,12.31,12.61,9227896,127388976.00
2014/12/09,12.66,12.66,11.69,11.80,13154378,175530864.00
2014/12/10,11.81,12.17,11.78,12.11,4653674,61561504.00
2014/12/11,11.99,12.32,11.95,12.26,4422852,59200980.00
2014/12/12,12.27,12.47,12.24,12.32,3510518,47646856.00
2014/12/15,12.37,12.86,12.27,12.76,9052005,125262104.00
2014/12/16,12.76,13.07,12.67,12.87,5479809,77290112.00
2014/12/17,12.77,12.92,12.57,12.65,4412706,61692832.00
2014/12/18,12.76,12.82,12.43,12.49,4823847,66449180.00
2014/12/19,12.45,12.53,11.99,12.32,5842039,78872072.00
2014/12/22,12.32,12.32,11.40,11.69,6477991,84486768.00
2014/12/23,11.65,11.82,11.25,11.36,3851449,49180132.00
2014/12/24,11.38,11.61,11.36,11.49,3707359,46963996.00
2014/12/25,11.49,11.82,11.39,11.72,4060315,52522848.00
2014/12/26,11.77,11.82,11.65,11.73,2935277,38014888.00
2014/12/29,11.83,11.93,11.23,11.25,7079194,90352216.00
2014/12/30,11.29,11.55,11.25,11.43,3030742,38272312.00
2014/12/31,11.41,11.80,11.30,11.62,3136376,40046208.00
2015/01/05,11.62,12.53,11.62,12.45,8109493,108615208.00
2015/01/06,12.39,12.72,12.20,12.55,6880958,94385560.00
2015/01/07,12.37,12.37,12.06,12.16,6752521,90525440.00
2015/01/08,12.00,12.41,12.00,12.16,4202808,56595712.00
2015/01/09,12.24,12.24,11.88,11.89,5685151,75080416.00
2015/01/12,11.82,11.82,11.40,11.46,3828003,48909444.00
2015/01/13,11.52,11.81,11.42,11.65,2779381,35880952.00
2015/01/14,11.67,11.82,11.55,11.78,1727021,22381544.00
2015/01/15,11.82,12.72,11.77,12.70,9498795,129680288.00
2015/01/16,12.69,12.75,12.37,12.60,5974662,82572048.00
2015/01/19,12.35,12.55,11.75,12.16,5522412,74174488.00
2015/01/20,12.02,12.61,12.02,12.59,6554851,88825960.00
2015/01/21,12.42,12.77,12.40,12.73,8617663,119693632.00
2015/01/22,12.69,12.92,12.57,12.81,6875045,96097008.00
2015/01/23,12.86,12.91,12.40,12.75,8185100,113883232.00
2015/01/26,12.86,14.15,12.86,14.15,19811838,294862144.00
2015/01/27,14.40,14.72,13.90,14.54,23480861,365644192.00
2015/01/28,14.76,15.80,14.38,15.37,26829260,437849568.00
2015/01/29,15.07,15.91,14.85,15.68,16972498,281855360.00
2015/01/30,15.56,15.95,15.16,15.47,17204295,288034816.00
2015/02/02,15.32,15.77,15.00,15.32,10979182,182967616.00
2015/02/03,15.47,15.63,14.92,15.24,15036664,247407296.00
2015/02/04,15.22,15.74,14.98,15.46,14369853,238352912.00
2015/02/05,15.57,16.42,15.08,15.85,18255127,312246304.00
2015/02/06,15.57,16.17,15.43,15.51,7189358,121823208.00
2015/02/09,15.22,15.76,14.53,14.77,8902306,144864720.00
2015/02/10,14.92,15.07,14.37,14.83,7332121,116833480.00
2015/02/11,14.78,15.02,14.61,14.77,8122834,129939200.00
2015/02/12,14.92,15.40,14.72,15.05,10541618,172310496.00
2015/02/13,14.92,15.55,14.92,15.27,9521424,157096384.00
2015/02/16,15.36,15.56,15.07,15.37,9490011,157025312.00
2015/02/17,15.46,15.48,15.23,15.45,6479700,107483552.00
2015/02/25,15.50,16.28,15.50,16.04,10317470,177302112.00
2015/02/26,16.06,16.06,15.69,15.82,5788622,98575104.00
2015/02/27,15.83,15.83,15.52,15.70,6964903,117240264.00
2015/03/02,15.75,16.00,15.49,15.73,8475953,143766048.00
2015/03/03,15.68,16.49,15.67,16.42,17194148,299999840.00
2015/03/04,16.50,16.70,16.06,16.27,8623628,151178624.00
2015/03/05,16.44,17.21,16.26,16.95,18558830,338119648.00
2015/03/06,16.95,17.04,16.40,16.93,6534898,117017744.00
2015/03/09,16.92,17.45,16.68,16.91,9063799,165632128.00
2015/03/10,17.16,17.16,16.77,16.93,6324635,114862696.00
2015/03/11,16.87,16.87,16.07,16.28,8906271,156590384.00
2015/03/12,17.17,18.03,16.67,18.03,9912221,189611936.00
2015/03/13,18.77,18.78,17.05,17.51,19194400,362151264.00
2015/03/16,17.57,17.69,17.17,17.54,16822178,314203904.00
2015/03/17,17.51,17.55,17.24,17.46,14829591,275913312.00
2015/03/18,17.52,17.52,17.17,17.47,11553589,214950016.00
2015/03/19,17.49,18.00,17.06,17.97,22186248,414721280.00
2015/03/20,18.07,18.74,18.07,18.39,19855582,388841312.00
2015/03/23,18.37,19.31,18.17,19.18,20693548,418728320.00
2015/03/24,19.97,21.22,19.30,21.20,29133882,627777408.00
2015/04/09,22.57,22.57,19.79,20.49,27957799,624018944.00
2015/04/10,20.57,22.66,20.02,22.66,18765118,422597344.00
2015/04/13,23.60,24.26,23.18,23.53,25989139,647154752.00
2015/04/14,24.25,24.65,22.88,23.50,21654197,536251392.00
2015/04/15,23.40,23.41,21.62,21.85,17664090,416914336.00
2015/04/16,21.27,22.72,20.22,21.72,13318876,302188992.00
2015/04/17,21.78,22.43,21.32,21.50,14061371,322238752.00
2015/04/20,21.47,22.17,20.88,21.30,14457743,326501472.00
2015/04/21,21.22,22.15,20.84,22.02,14334323,325154048.00
2015/04/22,23.00,23.17,22.32,22.67,17408985,418182528.00
2015/04/23,22.99,25.06,22.67,24.73,24307443,613087296.00
2015/04/24,23.98,26.28,23.97,26.07,21688843,576488128.00
2015/04/27,26.11,26.31,24.52,25.63,19399511,515221856.00
2015/04/28,25.58,25.61,23.37,23.96,14972887,385668384.00
2015/04/29,24.47,25.35,23.64,24.50,14860211,380546208.00
2015/04/30,25.07,25.07,23.47,23.57,16298984,410029696.00
2015/05/04,24.27,24.27,22.59,22.86,13664457,330501760.00
2015/05/05,22.85,23.55,21.49,21.95,14306609,340117536.00
2015/05/06,22.04,22.46,21.45,21.99,13860871,322768928.00
2015/05/07,21.96,21.96,20.57,20.58,11391964,255068960.00
2015/05/08,20.77,21.37,20.38,21.26,11242799,248940000.00
2015/05/11,21.33,22.18,21.29,22.01,18746316,428696448.00
2015/05/12,22.27,22.44,21.57,21.87,17926488,415958624.00
2015/05/13,22.07,23.32,21.79,22.76,19092675,455666592.00
2015/05/14,22.60,23.06,22.17,22.46,13027921,308714560.00
2015/05/15,22.37,22.37,21.15,21.56,15441359,353746496.00
2015/05/18,21.52,21.55,21.00,21.10,10255534,230232384.00
2015/05/19,21.10,22.20,21.10,22.17,18716722,429577952.00
2015/05/20,23.37,23.96,22.82,23.41,31096288,770759744.00
2015/05/21,23.27,24.80,22.97,24.37,20761674,524648192.00
2015/05/22,24.37,24.56,23.37,23.88,22054482,549489344.00
2015/05/25,23.57,25.00,23.17,24.90,27217713,691000064.00
2015/05/26,24.97,25.78,24.38,25.33,24892550,653836032.00
2015/05/27,25.27,25.27,24.12,24.24,33729980,863720320.00
2015/05/28,24.26,25.05,23.29,23.41,28858902,740599424.00
2015/05/29,23.52,24.36,22.33,24.23,21045794,523215424.00
2015/06/01,25.14,26.77,24.93,26.77,32680758,893378240.00
2015/06/02,27.37,29.38,26.95,28.53,37502160,1099997568.00
2015/06/03,28.17,28.21,26.25,27.45,33076863,940426944.00
2015/06/04,27.72,28.37,24.59,27.30,27842752,779931712.00
2015/06/05,27.75,28.17,26.10,26.59,30898993,868730368.00
2015/06/08,26.82,27.92,26.82,27.16,28236334,801773440.00
2015/06/09,26.85,27.77,26.45,27.12,24794600,701255040.00
2015/06/10,27.15,27.71,26.84,27.48,24773600,707480320.00
2015/06/11,27.68,28.35,27.07,27.62,21173100,605598016.00
2015/06/12,27.72,29.32,27.38,28.50,34213217,1012263872.00
2015/06/15,29.05,29.99,27.92,28.00,30976712,935495232.00
2015/06/16,28.05,28.05,25.75,25.99,21166551,585614592.00
2015/06/17,26.01,26.27,24.77,26.10,14290054,380506368.00
2015/06/18,26.17,26.63,24.92,25.22,13686459,371180960.00
2015/06/19,24.82,24.82,23.57,23.70,16115602,407003104.00
2015/06/23,23.67,24.02,21.45,23.44,12812150,308313536.00
2015/06/24,23.53,24.67,22.92,23.78,17532986,437619648.00
2015/06/25,24.22,24.22,21.37,21.95,14991749,365465696.00
2015/06/26,21.87,21.87,19.64,19.64,15646462,335287904.00
2015/06/29,20.00,20.22,17.56,17.58,24986357,484820768.00
2015/06/30,17.32,18.90,15.71,18.83,31391444,575227136.00
2015/07/01,18.28,19.40,16.83,16.84,24148174,471067136.00
2015/07/02,17.32,17.37,15.07,15.38,23072536,400879744.00
2015/07/03,15.02,16.03,13.75,14.13,27306786,428153056.00
2015/07/06,15.66,15.66,12.60,15.04,33434450,517984928.00
2015/07/07,14.32,14.82,13.42,13.42,33505509,499762656.00
2015/07/08,11.97,12.96,11.97,12.50,71419826,953044992.00
2015/07/09,12.20,13.86,12.20,13.86,17907932,262350080.00
2015/07/10,15.36,15.36,14.63,15.36,8746173,143577104.00
2015/07/13,16.17,17.01,16.17,17.01,16770345,301557344.00
2015/07/14,17.67,18.77,16.87,17.57,29320561,559163712.00
2015/07/15,16.87,17.27,15.70,15.70,19297869,334934400.00
2015/07/16,15.70,16.77,14.49,16.21,16429428,280248128.00
2015/07/17,16.27,17.94,16.27,17.94,14442524,263926320.00
2015/07/20,17.94,18.73,17.15,18.63,18665319,357033184.00
2015/07/21,18.40,18.76,17.87,18.49,18973894,368812448.00
2015/07/22,18.89,18.89,17.67,18.54,20324560,395161088.00
2015/07/23,18.41,19.55,18.27,19.34,19303910,388476256.00
2015/07/24,19.27,19.84,18.53,18.85,18080250,367941120.00
2015/07/27,18.74,19.67,16.85,17.01,32672192,647244800.00
2015/07/28,16.64,17.23,15.56,16.63,18370649,319559040.00
2015/07/29,16.95,18.16,16.55,18.07,17964074,328018944.00
2015/07/30,18.30,18.86,17.17,17.96,18804190,367545280.00
2015/07/31,17.61,18.02,17.23,17.51,11525097,215845648.00
2015/08/03,17.02,17.26,15.65,16.21,13096763,228822416.00
2015/08/04,16.24,17.87,16.20,17.71,11864062,212968080.00
2015/08/05,17.38,17.90,16.80,17.22,12127994,223926496.00
2015/08/06,16.86,17.44,16.37,16.83,6927872,125507256.00
2015/08/07,17.02,17.76,17.02,17.62,10561301,196758736.00
2015/08/10,18.17,19.07,17.88,18.93,17186805,338014240.00
2015/08/11,19.17,19.62,18.59,19.13,21492165,433638176.00
2015/08/12,19.17,19.37,18.56,18.74,15240404,307445216.00
2015/08/13,18.55,19.36,18.38,19.27,17689269,357087104.00
2015/08/14,19.52,21.31,19.52,20.63,24979407,542801600.00
2015/08/17,20.63,21.68,20.07,21.66,30713422,680782592.00
2015/08/18,21.57,21.60,19.38,19.38,21586896,464924448.00
2015/08/19,18.16,19.81,17.33,19.57,19345523,377903200.00
2015/08/20,18.82,20.20,18.22,18.49,17956530,365292416.00
2015/08/21,17.89,18.86,16.53,16.63,12640902,234723280.00
2015/08/24,15.09,15.70,14.85,14.85,16314581,261494080.00
2015/08/25,13.32,13.72,13.25,13.32,24888473,359472064.00
2015/08/26,13.49,14.07,12.16,12.83,12783615,185394912.00
2015/08/27,13.38,13.95,12.84,13.53,9305636,134841984.00
2015/08/28,13.83,14.97,13.67,14.90,11691120,179431552.00
2015/08/31,14.92,14.92,13.87,13.93,7558033,116368960.00
2015/09/01,13.87,13.87,12.42,12.42,10055276,140943296.00
2015/09/02,11.87,12.90,11.52,12.79,14562449,193940160.00
2015/09/07,12.79,13.72,12.72,12.85,7336553,104847480.00
2015/09/08,12.65,13.84,12.56,13.69,5702900,81506752.00
2015/09/09,13.67,14.43,13.57,14.12,10923511,165863312.00
2015/09/10,13.72,14.19,13.53,13.62,6347419,95335880.00
2015/09/11,13.62,14.05,13.57,13.98,4504400,67675584.00
2015/09/14,14.27,14.42,12.47,12.49,8624324,126545696.00
2015/09/15,12.37,13.05,11.87,12.34,8331496,112989816.00
2015/09/16,12.78,13.69,12.27,13.69,6831513,95828936.00
2015/09/17,13.52,14.34,13.42,13.68,11656248,177164112.00
2015/09/18,14.02,14.12,13.49,13.95,4721327,70761984.00
2015/09/21,13.83,15.02,13.67,14.91,10520136,164186544.00
2015/09/22,14.77,14.99,14.41,14.58,9514040,150304384.00
2015/09/23,14.34,14.57,13.69,14.03,8791574,133898216.00
2015/09/24,14.07,14.35,13.99,14.15,5300167,81102320.00
2015/09/25,14.02,14.55,13.67,13.82,8661000,131944496.00
2015/09/28,13.97,14.37,13.53,14.11,5031955,76143744.00
2015/09/29,14.47,15.31,14.42,14.49,18506422,294267328.00
2015/09/30,14.42,14.97,14.32,14.64,10771924,170508560.00
2015/10/08,15.35,15.37,14.77,14.87,19447130,315453376.00
2015/10/09,14.77,15.36,14.77,15.22,10869287,177205264.00
2015/10/12,15.42,16.11,15.14,15.83,32669332,546676800.00
2015/10/13,15.55,15.82,15.44,15.73,11689899,196149728.00
2015/10/14,15.67,15.82,15.37,15.52,9810275,164054288.00
2015/10/15,15.40,16.32,15.40,16.20,15011253,257352976.00
2015/10/16,16.29,17.86,16.12,17.02,17483845,314958048.00
2015/10/19,17.10,17.40,16.44,16.74,19018113,342251840.00
2015/10/20,16.67,17.24,16.57,17.13,14440717,261335456.00
2015/10/21,17.16,17.37,15.36,15.60,18695714,326963904.00
2015/10/22,15.72,16.19,15.51,16.13,9920145,168804640.00
2015/10/23,16.17,16.47,15.75,16.38,19982078,345479552.00
2015/10/26,16.69,17.85,16.53,17.80,31663193,578346048.00
2015/10/27,17.42,17.80,16.85,17.72,23257062,430943552.00
2015/10/28,17.72,18.27,17.25,17.56,19970823,376725504.00
2015/10/29,17.76,18.54,17.24,18.22,37272451,708487168.00
2015/10/30,18.08,18.17,17.33,17.54,21075875,397518176.00
2015/11/02,17.27,18.04,17.02,17.47,21000733,396620832.00
2015/11/03,17.57,17.65,16.84,16.93,16923436,308642112.00
2015/11/04,17.10,17.79,16.99,17.74,20757505,385417600.00
2015/11/05,17.85,18.26,17.56,17.95,27477792,521552128.00
2015/11/06,17.98,18.35,17.88,18.31,22162242,427801312.00
2015/11/09,18.15,18.74,17.87,18.49,23781714,462541472.00
2015/11/10,18.32,18.42,17.92,18.16,16615018,321150752.00
2015/11/11,18.00,18.37,17.84,18.22,16540209,317590432.00
2015/11/12,18.43,18.43,17.62,17.79,20410837,389862816.00
2015/11/13,17.57,17.63,17.26,17.38,12609704,234769280.00
2015/11/16,17.05,18.12,16.97,18.10,15501402,293164096.00
2015/11/17,18.47,18.71,17.91,18.10,29500450,573704704.00
2015/11/18,18.15,18.21,17.42,17.49,12795743,242647312.00
2015/11/19,17.52,17.90,17.39,17.84,11167340,210242512.00
2015/11/20,17.78,17.95,17.38,17.67,18865738,353834272.00
2015/11/23,17.68,17.98,17.57,17.80,18974944,359695232.00
2015/11/24,17.74,18.40,17.70,18.29,18610217,359369824.00
2015/11/25,18.32,18.37,17.97,18.31,15140280,292286784.00
2015/11/26,18.40,18.52,17.87,17.89,15662148,301308192.00
2015/11/27,17.84,17.84,16.39,16.58,15721389,288747360.00
2015/11/30,16.75,17.46,16.44,17.41,17877021,325105792.00
2015/12/01,17.47,18.55,17.07,18.25,24505458,471694368.00
2015/12/02,18.14,20.06,17.68,19.38,40095661,804475008.00
2015/12/03,19.22,20.22,19.08,19.75,37488227,786730816.00
2015/12/04,19.47,19.71,19.12,19.25,21396109,439461344.00
2015/12/07,19.40,20.80,19.32,20.55,30390297,653107072.00
2015/12/08,20.20,20.55,19.76,19.79,21644488,456740736.00
2015/12/09,19.67,20.09,19.53,19.79,14121232,295448992.00
2015/12/10,19.82,19.82,19.12,19.24,13323105,273657600.00
2015/12/11,19.20,19.22,18.55,18.82,11998053,239249056.00
2015/12/14,18.66,19.85,18.42,19.82,15016479,307595872.00
2015/12/15,19.94,20.33,19.77,20.10,15669506,332334464.00
2015/12/16,20.10,20.27,19.58,19.61,12355341,259859568.00
2015/12/17,19.85,20.06,19.68,19.88,16336895,342818112.00
2015/12/18,19.96,20.46,19.85,20.22,19632992,417500128.00
2015/12/21,20.22,20.72,19.94,20.45,18580738,398588704.00
2015/12/22,20.54,20.66,20.08,20.35,12813796,274882752.00
2015/12/23,20.39,20.45,19.57,19.75,18475981,389718208.00
2015/12/24,19.67,20.14,19.41,19.96,14234084,298496256.00
2015/12/25,20.05,20.08,19.77,19.84,9169900,192801440.00
2015/12/28,19.98,20.03,18.87,18.89,16603523,342911968.00
2015/12/29,18.89,19.59,18.86,19.57,13137603,266664000.00
2015/12/30,19.57,19.71,19.25,19.40,10275993,211728960.00
2015/12/31,19.42,19.56,18.82,18.86,12409243,250329888.00
2016/01/04,18.92,19.06,16.95,16.98,10956457,209897600.00
2016/01/05,16.07,17.14,15.87,16.64,16809910,297945472.00
2016/01/06,16.79,17.03,16.40,16.98,15139352,269581120.00
2016/01/07,16.62,16.62,15.17,15.17,4283000,71831048.00
2016/01/08,15.87,15.97,14.40,15.57,20557032,341151936.00
2016/01/11,15.07,15.43,14.12,14.15,14115681,225214608.00
2016/01/12,14.34,14.92,14.07,14.63,13949961,218467040.00
2016/01/13,14.80,15.00,14.07,14.13,13604549,213049008.00
2016/01/14,13.75,14.89,13.67,14.84,15118778,233614336.00
2016/01/15,14.57,14.82,13.87,14.07,12542853,194055168.00
2016/01/18,13.83,14.71,13.69,14.48,11740577,181666160.00
2016/01/19,14.48,15.12,14.37,15.11,13015092,207728144.00
2016/01/20,15.05,15.25,14.55,14.74,13784147,220581696.00
2016/01/21,14.56,14.85,13.97,14.01,13406347,208924176.00
2016/01/22,14.22,14.56,13.76,14.43,13167212,200671136.00
2016/01/25,14.47,14.65,14.27,14.49,9039877,141226944.00
2016/01/26,14.28,14.28,12.93,13.02,14428912,213616192.00
2016/01/27,13.12,13.19,11.93,12.77,14211315,194936448.00
2016/01/28,12.48,12.72,12.06,12.08,9265780,125433520.00
2016/01/29,12.22,13.07,12.12,12.81,12373396,171056640.00
2016/02/01,12.87,13.29,12.75,12.95,12534955,177107680.00
2016/02/02,12.99,13.40,12.95,13.35,10587359,152377920.00
2016/02/03,13.11,13.31,12.87,13.23,9165094,129976368.00
2016/02/04,13.32,13.54,13.22,13.51,10510754,152650608.00
2016/02/05,13.55,13.55,13.17,13.29,7603660,110431424.00
2016/02/15,12.75,13.32,12.67,13.12,6419281,90575872.00
2016/02/16,13.25,13.72,13.25,13.71,12773424,187841248.00
2016/02/17,13.65,14.02,13.56,13.99,13508738,201850224.00
2016/02/18,14.09,14.12,13.76,13.81,11009283,165393552.00
2016/02/19,13.76,13.91,13.69,13.81,6862770,102424168.00
2016/02/22,13.99,14.22,13.89,14.21,12582877,191146304.00
2016/02/23,14.22,14.23,13.82,13.98,9384508,142010816.00
2016/02/24,13.97,14.56,13.76,14.50,11961620,182090880.00
2016/02/25,14.36,14.45,12.94,12.95,16123135,238848528.00
2016/02/26,13.16,13.25,12.78,13.08,7474040,106102408.00
2016/02/29,13.06,13.21,12.27,12.92,11670442,161827104.00
2016/03/01,12.97,13.33,12.67,13.21,11353101,160898112.00
2016/03/02,13.18,14.12,13.09,13.93,14256364,209836992.00
2016/03/03,13.87,14.05,13.83,13.86,11418367,172086480.00
2016/03/04,13.79,14.01,13.38,13.68,10378600,154333680.00
2016/03/07,13.78,14.16,13.77,13.98,9617188,145081200.00
2016/03/08,13.97,13.97,13.32,13.80,11133248,163817952.00
2016/03/09,13.52,13.53,13.26,13.34,6840040,99292672.00
2016/03/10,13.37,13.52,13.16,13.18,6035582,87426080.00
2016/03/11,13.06,13.26,12.87,13.16,3820282,54382748.00
2016/03/14,13.29,13.95,13.29,13.75,9491824,140295760.00
2016/03/15,13.62,13.72,13.45,13.57,5125358,75426392.00
2016/03/16,13.60,13.72,13.30,13.34,6212662,90742456.00
2016/03/17,13.41,13.81,13.37,13.76,9055713,133719856.00
2016/03/18,13.82,14.30,13.81,14.24,16150668,245900608.00
2016/03/21,14.35,15.04,14.29,15.00,20061419,314314080.00
2016/03/22,14.91,14.91,14.59,14.63,13662544,216995776.00
2016/03/23,14.56,14.76,14.50,14.71,8819076,139002288.00
2016/03/24,14.62,14.62,14.23,14.24,8724110,135956304.00
2016/03/25,14.18,14.44,14.18,14.41,6157145,95257736.00
2016/03/28,14.44,14.64,14.24,14.27,8545586,133294640.00
2016/03/29,14.28,14.35,13.84,13.93,9454854,143325184.00
2016/03/30,14.06,14.70,14.06,14.67,11035961,170965872.00
2016/03/31,14.76,14.92,14.52,14.68,14458773,229905232.00
2016/04/01,14.58,15.06,14.33,15.05,11062000,174727312.00
2016/04/05,15.09,15.72,15.09,15.66,16158477,267895424.00
2016/04/06,15.46,15.92,15.35,15.81,13754689,230108768.00
2016/04/07,15.83,15.91,15.30,15.32,13559739,225213680.00
2016/04/08,15.45,15.45,14.67,14.97,18757767,304819520.00
2016/04/11,14.97,15.31,14.95,15.10,12338877,200957808.00
2016/04/12,15.15,15.15,14.65,14.77,11700052,186239856.00
2016/04/13,14.90,15.35,14.90,15.01,16077080,261650400.00
2016/04/14,15.13,15.24,14.83,15.07,12094212,195272000.00
2016/04/15,15.12,15.18,14.96,15.04,9080853,146809824.00
2016/04/18,15.01,15.01,14.58,14.62,10666822,168883904.00
2016/04/19,14.68,14.81,14.59,14.72,6940781,109817872.00
2016/04/20,14.80,14.84,13.54,13.93,14641449,223691088.00
2016/04/21,13.93,14.16,13.72,13.77,7400244,111720288.00
2016/04/22,13.82,13.90,13.68,13.88,5047671,75384712.00
2016/04/25,13.85,13.85,13.60,13.72,4952190,73418952.00
2016/04/26,13.76,13.95,13.67,13.91,7665781,114574264.00
2016/04/27,13.90,13.97,13.77,13.79,6148369,92222528.00
2016/04/28,13.81,13.86,12.88,13.43,10986105,159291632.00
2016/04/29,13.26,13.32,13.04,13.12,9980743,142775968.00
2016/05/03,13.17,13.52,13.05,13.51,10920302,158283984.00
2016/05/04,13.39,13.50,13.19,13.38,11561413,167330864.00
2016/05/05,13.36,13.51,13.23,13.48,8810545,127819544.00
2016/05/06,13.44,13.56,12.92,12.95,11743463,168752816.00
2016/05/09,12.93,12.93,12.33,12.37,8364671,114322048.00
2016/05/10,12.40,12.55,12.29,12.41,4242189,57394364.00
2016/05/11,12.53,12.56,12.27,12.42,5493686,74385336.00
2016/05/12,12.24,12.55,12.06,12.51,6813425,91675952.00
2016/05/13,12.39,12.62,12.30,12.44,6025479,81995240.00
2016/05/16,12.31,12.55,12.27,12.55,4909477,66542848.00
2016/05/17,12.53,12.57,12.33,12.44,4377835,59482560.00
2016/05/18,12.37,12.37,11.93,12.08,6282007,83261088.00
2016/05/19,12.06,12.29,12.03,12.11,4349904,57820008.00
2016/05/20,12.05,12.22,11.94,12.20,4306328,57135144.00
2016/05/23,12.17,12.40,12.12,12.37,5090936,68438336.00
2016/05/24,12.36,12.36,12.07,12.16,4394121,58462128.00
2016/05/25,12.24,12.54,12.18,12.46,13633117,183735248.00
2016/05/26,12.34,12.48,12.11,12.41,7687775,103166264.00
2016/05/27,12.33,12.47,12.25,12.42,6006790,81072544.00
2016/05/30,12.37,12.81,12.28,12.65,10711583,147482016.00
2016/05/31,12.64,13.09,12.64,13.08,12674606,178504592.00
2016/06/01,13.09,13.12,12.90,12.95,8244480,116476936.00
2016/06/02,12.99,13.02,12.87,12.99,6261684,88128648.00
2016/06/03,12.99,13.02,12.88,12.94,5993405,84381280.00
2016/06/06,13.01,13.06,12.93,12.96,5931585,83863376.00
2016/06/07,12.99,13.08,12.86,12.95,8240335,115876312.00
2016/06/08,12.92,12.94,12.78,12.91,4937926,69077552.00
2016/06/13,12.68,12.80,12.12,12.15,7711000,105762952.00
2016/06/14,12.09,12.25,12.09,12.18,4875134,64809976.00
2016/06/15,11.97,12.60,11.97,12.46,8160787,110442872.00
2016/06/16,12.49,12.49,12.26,12.32,6031177,81306608.00
2016/06/17,12.32,12.50,12.32,12.45,5606554,75988520.00
2016/06/20,12.45,12.49,12.28,12.45,4077696,55131632.00
2016/06/21,12.53,13.35,12.51,13.08,20668170,291661376.00
2016/06/22,13.07,13.33,13.00,13.24,10634255,152401072.00
2016/06/23,13.27,13.28,12.90,13.12,5847088,83209856.00
2016/06/24,13.12,13.32,12.63,12.93,9069205,128099136.00
2016/06/27,12.93,13.34,12.93,13.31,8248546,118275064.00
2016/06/28,13.36,13.42,13.11,13.32,14559379,209533440.00
2016/06/29,13.30,13.30,12.97,13.01,12752266,171341712.00
2016/06/30,13.02,13.07,12.90,12.95,7449131,99283848.00
2016/07/01,12.99,13.04,12.91,13.02,6560312,87585280.00
2016/07/04,13.01,13.24,12.92,13.17,8942659,120678912.00
2016/07/05,13.17,13.35,13.13,13.29,10331357,141064352.00
2016/07/06,13.30,13.36,13.18,13.33,7912100,107910840.00
2016/07/07,13.36,13.84,13.33,13.67,18389636,258146784.00
2016/07/08,13.77,13.77,13.54,13.59,6722619,94142840.00
2016/07/11,13.60,13.64,13.46,13.47,7525623,105100000.00
2016/07/12,13.47,13.55,13.18,13.52,7016319,96703968.00
2016/07/13,13.54,13.75,13.51,13.69,12072509,169307888.00
2016/07/14,13.70,13.82,13.62,13.73,10222827,144346816.00
2016/07/15,13.80,13.86,13.64,13.81,6916159,97699504.00
2016/07/18,13.81,14.44,13.81,14.23,20118015,294476384.00
2016/07/19,14.22,14.34,13.92,14.31,11268415,163421408.00
2016/07/20,14.31,14.50,14.17,14.42,11682152,172581392.00
2016/07/21,14.36,14.74,14.20,14.23,16280525,241909904.00
2016/07/22,14.44,14.45,14.15,14.23,6670812,97624832.00
2016/07/25,14.27,14.55,14.09,14.29,9808941,144799008.00
2016/07/26,14.31,14.47,14.22,14.39,6527739,96201664.00
2016/07/27,14.36,14.67,13.63,13.95,14393344,209766128.00
2016/07/28,13.97,14.16,13.71,13.90,9836921,140519200.00
2016/07/29,13.92,14.54,13.92,14.26,13030817,191006448.00
2016/08/01,14.19,14.32,13.62,13.68,9392722,133437048.00
2016/08/02,13.79,14.02,13.69,14.00,5566640,79283832.00
2016/08/03,14.06,14.61,13.94,14.54,14887589,219872528.00
2016/08/04,14.42,14.66,14.25,14.50,9173267,136161072.00
2016/08/05,14.43,15.02,14.35,14.99,22739605,345993120.00
2016/08/08,14.88,14.95,14.63,14.92,11628021,176703872.00
2016/08/09,14.91,15.08,14.70,14.89,12117127,184564512.00
2016/08/10,14.87,14.87,14.52,14.67,9170995,137956320.00
2016/08/11,14.60,14.77,14.47,14.49,7068581,105980360.00
2016/08/12,14.44,14.67,14.39,14.63,5815318,86654280.00
2016/08/15,14.62,15.06,14.57,14.90,11816145,179650400.00
2016/08/16,14.93,15.07,14.74,14.93,8869391,135500576.00
2016/08/17,14.97,14.98,14.77,14.85,5051593,77069848.00
2016/08/18,14.80,14.92,14.20,14.60,11556708,172936496.00
2016/08/19,14.54,14.70,14.47,14.56,5983332,89135096.00
2016/08/22,14.56,14.62,14.38,14.41,4817324,71505840.00
2016/08/23,14.37,14.54,14.30,14.41,3535463,52340116.00
2016/08/24,14.35,14.50,14.24,14.26,4149164,61177820.00
2016/08/25,14.25,14.27,13.99,14.14,4754317,68756984.00
2016/08/26,14.12,14.34,14.12,14.24,3801808,55626768.00
2016/08/29,14.19,14.28,14.04,14.24,3999857,58158720.00
2016/08/30,14.30,14.48,14.23,14.34,4837692,71244248.00
2016/08/31,14.34,14.43,14.32,14.36,3083350,45475672.00
2016/09/01,14.50,14.52,14.07,14.09,4512906,66301240.00
2016/09/02,14.07,14.22,14.02,14.06,3376627,48890308.00
2016/09/05,14.11,14.39,14.05,14.28,5017847,73254544.00
2016/09/06,14.22,14.57,14.09,14.53,5492710,81220976.00
2016/09/07,14.50,14.67,14.35,14.45,9215954,137165680.00
2016/09/08,14.47,14.56,14.42,14.53,4473884,66610764.00
2016/09/09,14.53,14.59,14.42,14.42,4156537,61860056.00
2016/09/12,14.24,14.27,13.87,13.90,4498985,65062344.00
2016/09/13,13.92,14.07,13.87,13.92,2757797,39435064.00
2016/09/14,13.90,13.97,13.82,13.88,2143703,30585778.00
2016/09/19,13.87,14.13,13.86,14.01,2613147,37640308.00
2016/09/20,14.11,14.36,14.10,14.28,3740845,54647664.00
2016/09/21,14.26,14.39,14.20,14.30,3128197,46050956.00
2016/09/22,14.37,14.40,14.25,14.30,2624112,38592844.00
2016/09/23,14.29,14.52,14.29,14.43,4601244,68205584.00
2016/09/26,14.42,14.45,13.90,13.97,3320312,48308900.00
2016/09/27,13.97,14.24,13.92,14.16,2818626,40551576.00
2016/09/28,14.29,14.30,14.02,14.08,1623768,23661392.00
2016/09/29,14.07,14.28,14.07,14.18,2196351,32037740.00
2016/09/30,14.15,14.33,14.14,14.26,1958366,28663488.00
2016/10/10,14.30,14.52,14.26,14.46,4901497,72653520.00
2016/10/11,14.50,14.50,14.30,14.45,4293555,63440716.00
2016/10/12,14.40,14.49,14.32,14.40,3458479,51023112.00
2016/10/13,14.39,14.45,14.26,14.32,3085832,45407180.00
2016/10/14,14.31,14.38,14.01,14.11,5497584,79761376.00
2016/10/17,14.00,14.20,13.92,13.94,4408272,63506428.00
2016/10/18,13.94,14.17,13.91,14.16,4177656,60238752.00
2016/10/19,14.14,14.29,14.09,14.21,8587384,125183248.00
2016/10/20,14.23,14.24,14.09,14.16,2951805,42926240.00
2016/10/21,14.19,14.19,13.79,13.94,4828192,69225952.00
2016/10/24,13.90,14.11,13.90,14.00,3734910,53791360.00
2016/10/25,14.01,14.06,13.92,14.02,5017735,72031288.00
2016/10/26,14.04,14.04,13.88,13.93,4780416,68402456.00
2016/10/27,13.95,13.99,13.88,13.95,2875469,41137064.00
2016/10/28,13.98,14.03,13.71,13.75,5949911,84766864.00
2016/10/31,13.84,13.89,13.69,13.78,5929352,83802104.00
2016/11/01,13.78,13.97,13.74,13.94,3411673,48653160.00
2016/11/02,13.91,13.93,13.77,13.79,4085626,58085448.00
2016/11/03,13.80,13.98,13.75,13.90,5548062,79127432.00
2016/11/04,13.84,13.93,13.78,13.81,3806453,54091044.00
2016/11/07,13.85,13.96,13.74,13.82,6713558,95386704.00
2016/11/08,13.89,13.96,13.83,13.92,4195091,59921736.00
2016/11/09,13.92,13.98,13.66,13.79,5726032,81194384.00
2016/11/10,13.89,14.12,13.88,14.07,8679425,125085144.00
2016/11/11,14.02,14.16,14.01,14.08,4652318,67331480.00
2016/11/14,14.12,14.24,14.04,14.21,7717750,112199688.00
2016/11/15,14.19,14.22,14.05,14.12,5736272,83058328.00
2016/11/16,14.15,14.15,14.06,14.12,3085536,44710392.00
2016/11/17,14.14,14.22,14.09,14.18,4240404,61608856.00
2016/11/18,14.17,14.18,14.00,14.04,4191109,60559532.00
2016/11/21,14.02,14.22,13.96,14.08,5403174,78159464.00
2016/11/22,14.21,14.23,14.09,14.21,6390407,92930848.00
2016/11/23,14.25,14.37,14.16,14.27,9897725,144793792.00
2016/11/24,14.27,14.34,14.08,14.11,8462089,123501184.00
2016/11/25,14.11,14.36,13.97,14.34,7539748,109583472.00
2016/11/28,14.39,14.54,14.31,14.36,10850989,160987232.00
2016/11/29,14.35,14.59,14.27,14.38,10746541,159270656.00
2016/11/30,14.34,14.45,14.19,14.27,5790001,85072648.00
2016/12/01,14.22,14.39,14.22,14.38,5526297,81167168.00
2016/12/02,14.39,14.42,14.03,14.03,6179831,89983608.00
2016/12/05,13.92,14.15,13.87,13.97,5032503,72480704.00
2016/12/06,13.98,14.09,13.94,13.97,2846985,41006864.00
2016/12/07,13.99,14.06,13.96,14.05,4080867,58697880.00
2016/12/08,14.09,14.09,13.91,13.93,3800212,54644184.00
2016/12/09,13.95,14.03,13.91,13.92,3396900,48702780.00
2016/12/12,13.93,13.96,13.21,13.24,7692700,107160224.00
2016/12/13,13.25,13.25,12.69,13.10,7320897,97963104.00
2016/12/14,13.09,13.14,12.91,13.08,4398428,58907932.00
2016/12/15,13.08,13.19,12.98,13.11,3470495,46748876.00
2016/12/16,13.04,13.25,13.02,13.13,2094774,28369580.00
2016/12/19,13.16,13.22,13.07,13.13,3038974,41078368.00
2016/12/20,13.14,13.16,12.94,13.08,2577760,34633824.00
2016/12/21,13.08,13.20,13.07,13.19,3059333,41376308.00
2016/12/22,13.20,13.31,13.11,13.24,2666410,36217012.00
2016/12/23,13.25,13.29,12.98,13.04,3199816,43099620.00
2016/12/26,13.03,13.17,12.87,13.15,2290147,30695472.00
2016/12/27,13.19,13.24,13.07,13.10,2915496,39462256.00
2016/12/28,13.10,13.22,13.09,13.15,1973808,26744600.00
2016/12/29,13.15,13.30,13.10,13.21,2149657,29203116.00
2016/12/30,13.18,13.34,13.18,13.29,3127597,42710516.00
2017/01/03,13.27,13.45,13.22,13.40,3936700,54172440.00
2017/01/04,13.44,13.50,13.34,13.50,2680922,37075216.00
2017/01/05,13.46,13.53,13.38,13.41,3221897,44573704.00
2017/01/06,13.42,13.76,13.30,13.70,6907417,96535168.00
2017/01/09,13.74,13.92,13.61,13.74,6743525,95258128.00
2017/01/10,13.72,13.78,13.59,13.61,3805924,53468564.00
2017/01/11,13.62,13.64,13.41,13.42,3162375,43899024.00
2017/01/12,13.42,13.50,13.31,13.35,2818075,38786576.00
2017/01/13,13.36,13.45,13.17,13.22,2661103,36499428.00
2017/01/16,13.19,13.20,12.73,12.89,4028529,53643056.00
2017/01/17,12.90,13.08,12.81,13.01,2094008,27895584.00
2017/01/18,13.02,13.21,12.92,12.99,2340453,31321780.00
2017/01/19,12.95,13.09,12.87,12.92,3541378,47195872.00
2017/01/20,12.88,13.07,12.87,13.04,4138321,55469992.00
2017/01/23,13.01,13.16,13.01,13.06,2809038,37867300.00
2017/01/24,13.05,13.11,13.04,13.07,2156616,29012316.00
2017/01/25,13.12,13.57,13.12,13.40,7815811,107662664.00
2017/01/26,13.34,13.61,13.33,13.43,5815034,80848160.00
2017/02/03,13.38,13.50,13.12,13.20,3997356,54489520.00
2017/02/06,13.21,13.33,13.17,13.30,3391574,46284236.00
2017/02/07,13.29,13.45,13.23,13.34,4283010,58751360.00
2017/02/08,13.35,13.44,13.27,13.43,3014128,41421720.00
2017/02/09,13.42,13.53,13.35,13.47,4056694,56178516.00
2017/02/10,13.47,13.52,13.36,13.40,4825243,66601920.00
2017/02/13,13.44,13.50,13.37,13.46,3855336,53294652.00
2017/02/14,13.47,13.54,13.40,13.47,3591046,49735412.00
2017/02/15,13.47,13.65,13.43,13.48,6015825,83755272.00
2017/02/16,13.45,13.56,13.40,13.51,3729103,51671120.00
2017/02/17,13.52,13.59,13.33,13.34,4191909,57878284.00
2017/02/20,13.34,13.49,13.34,13.48,5382043,74187600.00
2017/02/21,13.48,13.59,13.44,13.54,6083307,84522504.00
2017/02/22,13.52,13.67,13.49,13.63,7689440,107242376.00
2017/02/23,13.67,13.67,13.44,13.53,5148797,71660448.00
2017/02/24,13.52,13.66,13.48,13.62,5275573,73551688.00
2017/02/27,13.60,13.62,13.44,13.48,3902686,54323492.00
2017/02/28,13.47,13.57,13.46,13.54,3668289,51006912.00
2017/03/01,13.54,13.66,13.47,13.60,6138449,85815816.00
2017/03/02,13.60,13.74,13.51,13.60,7481019,104701280.00
2017/03/03,13.60,13.65,13.51,13.62,3931242,54970896.00
2017/03/06,13.62,13.80,13.58,13.78,7201198,101605368.00
2017/03/07,13.76,13.84,13.68,13.82,6612154,93469024.00
2017/03/08,13.85,13.85,13.61,13.66,5367489,75477248.00
2017/03/09,13.63,13.63,13.39,13.47,5478952,75995736.00
2017/03/10,13.48,13.50,13.38,13.39,3807452,52568676.00
2017/03/13,13.40,13.51,13.33,13.48,3758515,51908428.00
2017/03/14,13.47,13.51,13.39,13.44,3344447,46201452.00
2017/03/15,13.42,13.49,13.37,13.43,2292771,31640552.00
2017/03/16,13.44,13.54,13.44,13.52,4608248,63995296.00
2017/03/17,13.52,13.61,13.43,13.46,4162475,57943152.00
2017/03/20,13.49,13.58,13.41,13.58,3674902,51009200.00
2017/03/21,13.59,13.61,13.50,13.55,3051817,42477668.00
2017/03/22,13.51,13.52,13.38,13.40,4086381,56489436.00
2017/03/23,13.39,13.50,13.29,13.45,5087503,70105592.00
2017/03/24,13.43,13.45,13.33,13.44,4149864,57130508.00
2017/03/27,13.38,13.46,13.37,13.44,4220253,58223404.00
2017/03/28,13.44,13.45,13.26,13.28,3941368,54017416.00
2017/03/29,13.29,13.36,13.18,13.29,3367483,45971556.00
2017/03/30,13.25,13.26,12.89,13.02,6113722,82203952.00
2017/03/31,13.02,13.15,13.01,13.08,2559476,34494048.00
2017/04/05,13.12,13.37,13.07,13.32,4547639,61934344.00
2017/04/06,13.34,13.37,13.23,13.27,4029816,55055272.00
2017/04/07,13.25,13.31,13.18,13.25,3937346,53636556.00
2017/04/10,13.27,13.39,13.22,13.33,4693462,64341672.00
2017/04/11,13.33,13.71,13.22,13.63,7310934,101266048.00
2017/04/12,13.82,14.14,13.72,13.90,20428453,292239840.00
2017/04/14,14.22,14.82,13.95,14.04,24275746,356608480.00
2017/04/17,14.10,14.14,13.57,13.73,10310348,145963216.00
2017/04/18,13.72,13.83,13.61,13.69,8350379,117993464.00
2017/04/19,13.64,13.70,13.25,13.41,7346154,101430032.00
2017/04/20,13.50,13.57,13.34,13.53,4912965,67913784.00
2017/04/21,13.53,13.66,13.44,13.48,5220413,72735968.00
2017/04/24,13.46,13.52,12.93,12.99,6718416,90753200.00
2017/04/25,13.05,13.12,12.88,12.92,6013525,80438576.00
2017/04/26,12.92,13.15,12.83,13.14,5061634,67824920.00
2017/04/27,13.08,13.24,12.93,13.16,4441678,59802196.00
2017/04/28,13.04,13.06,12.71,12.87,8114160,107450784.00
2017/05/02,12.87,12.88,12.47,12.70,7545884,98375616.00
2017/05/03,12.67,12.67,12.34,12.45,6881021,88686064.00
2017/05/04,12.45,12.61,12.31,12.47,3989296,51228352.00
2017/05/05,12.48,12.52,12.34,12.38,3097195,39637068.00
2017/05/08,12.38,12.44,12.12,12.16,3994010,50646004.00
2017/05/09,12.08,12.46,12.02,12.37,5796304,72932888.00
2017/05/10,12.31,12.40,12.13,12.14,3530043,44756268.00
2017/05/11,12.12,12.12,11.72,11.97,3593054,44240528.00
2017/05/12,11.97,11.99,11.83,11.92,2095386,25743190.00
2017/05/15,11.97,12.02,11.83,11.85,2215736,27227926.00
2017/05/16,11.85,11.96,11.60,11.95,5383484,65232540.00
2017/05/17,11.90,12.05,11.87,11.96,3056786,37745488.00
2017/05/18,11.87,11.97,11.79,11.80,2998164,36752200.00
2017/05/19,11.82,11.89,11.75,11.82,1990793,24285188.00
2017/05/22,11.84,11.89,11.63,11.65,3466970,42002680.00
2017/05/23,11.65,11.67,11.10,11.11,5795239,67880896.00
2017/05/24,11.11,11.16,10.92,11.07,4360188,49825040.00
2017/05/25,11.06,11.28,10.93,11.19,4424922,50753972.00
2017/05/26,11.26,11.30,11.12,11.20,2623312,30434864.00
2017/05/31,11.42,12.10,11.32,11.54,10790025,129831744.00
2017/06/01,11.33,11.42,11.01,11.06,8325523,96720152.00
2017/06/02,11.11,11.17,10.84,11.15,6718561,76455856.00
2017/06/05,11.75,12.15,11.38,11.57,17503265,211121104.00
2017/06/06,11.22,11.49,11.22,11.41,9722115,114073496.00
2017/06/07,11.36,11.59,11.32,11.56,11019509,130875464.00
2017/06/08,11.57,11.67,11.50,11.55,8366982,100145856.00
2017/06/09,11.59,11.74,11.52,11.62,6417121,76917128.00
2017/06/12,11.62,11.67,11.45,11.54,6837677,81414728.00
2017/06/13,11.52,11.68,11.50,11.66,5409293,64939328.00
2017/06/14,11.62,11.71,11.61,11.69,5527165,66586744.00
2017/06/15,11.70,11.72,11.59,11.69,5569560,64959552.00
2017/06/16,11.64,11.69,11.57,11.63,2984905,34720720.00
2017/06/19,11.63,11.76,11.57,11.74,4572355,53402584.00
2017/06/20,11.75,11.84,11.71,11.75,4691565,55291696.00
2017/06/21,11.78,11.80,11.63,11.71,3562161,41673644.00
2017/06/22,11.75,11.83,11.60,11.61,5112979,60043744.00
2017/06/23,11.62,11.72,11.49,11.60,4161657,48260772.00
2017/06/26,11.64,11.89,11.54,11.89,6773672,79515256.00
2017/06/27,11.90,11.93,11.81,11.91,3225382,38304608.00
2017/06/28,11.85,12.07,11.79,11.83,4698563,55927404.00
2017/06/29,11.84,11.91,11.80,11.85,3277245,38839664.00
2017/06/30,11.84,11.93,11.78,11.84,3788907,44879260.00
2017/07/03,11.87,12.05,11.83,11.99,5959121,71383512.00
2017/07/04,12.00,12.03,11.86,11.91,4032747,48094400.00
2017/07/05,11.91,12.00,11.90,11.96,2672506,31912706.00
2017/07/06,11.95,11.96,11.84,11.92,3343649,39827080.00
2017/07/07,11.90,12.03,11.83,12.02,4628091,55099256.00
2017/07/10,12.02,12.03,11.91,11.97,4201865,50255440.00
2017/07/11,11.97,11.97,11.80,11.82,3835200,45633792.00
2017/07/12,11.83,11.86,11.60,11.76,4629387,54213644.00
2017/07/13,11.76,11.82,11.66,11.75,3085624,36255868.00
2017/07/14,11.72,11.80,11.70,11.77,1516993,17827572.00
2017/07/17,11.78,11.78,11.26,11.27,4914827,56574780.00
2017/07/18,11.37,11.43,11.28,11.42,2217800,25171366.00
2017/07/19,11.40,11.60,11.36,11.59,2825286,32452610.00
2017/07/20,11.58,11.67,11.50,11.61,3219643,37307584.00
2017/07/21,11.61,11.67,11.53,11.62,2313921,26835358.00
2017/07/24,11.63,11.76,11.62,11.71,3064889,35878848.00
2017/07/25,11.77,11.78,11.66,11.74,2957970,34630188.00
2017/07/26,11.73,11.74,11.58,11.64,2127069,24779586.00
2017/07/27,11.64,11.78,11.58,11.75,3219250,37711816.00
2017/07/28,11.89,11.89,11.70,11.78,3448500,40573036.00
2017/08/02,11.88,11.88,11.88,11.88,0,0.00
数据来源:通达信
