600675 中华企业 日线 前复权
      日期	    开盘	    最高	    最低	    收盘	    成交量	    成交额
2010/12/07,5.71,5.71,5.71,5.71,1044386,8250649.00
2010/12/08,6.31,6.31,6.31,6.31,2312503,20095652.00
2010/12/09,6.97,6.97,6.14,6.15,89667924,806668032.00
2010/12/10,5.93,6.00,5.64,5.78,40463429,322785312.00
2010/12/13,5.79,5.85,5.63,5.81,37693137,298980576.00
2010/12/14,5.75,5.79,5.66,5.74,22570476,178226624.00
2010/12/15,5.72,5.72,5.52,5.56,23987146,186059344.00
2010/12/16,5.50,5.74,5.50,5.59,18365238,143304064.00
2010/12/17,5.56,5.61,5.49,5.52,11367501,86922088.00
2010/12/20,5.56,5.59,5.24,5.34,13391302,100298752.00
2010/12/21,5.34,5.68,5.31,5.59,24667635,188819408.00
2010/12/22,5.58,5.65,5.41,5.46,15672658,120201792.00
2010/12/24,5.34,5.53,5.27,5.43,11627093,87429360.00
2010/12/27,5.34,5.43,5.17,5.19,14176775,104405952.00
2010/12/28,5.18,5.21,4.96,4.97,9923799,69987496.00
2010/12/29,4.97,5.03,4.92,4.99,7486082,51766660.00
2010/12/30,4.98,5.03,4.84,4.96,8834645,60460484.00
2010/12/31,4.94,4.98,4.89,4.97,7335071,50493272.00
2011/01/04,4.99,5.27,4.93,5.20,18506597,132585504.00
2011/01/05,5.16,5.24,5.11,5.13,9207502,65968804.00
2011/01/06,5.14,5.21,5.09,5.17,8968129,64219796.00
2011/01/07,5.17,5.36,5.15,5.23,14941837,109239680.00
2011/01/10,5.23,5.28,5.06,5.08,9115098,65566620.00
2011/01/11,5.11,5.23,5.07,5.20,8234148,59052672.00
2011/01/12,5.26,5.48,5.20,5.41,21755916,161993456.00
2011/01/13,5.43,5.45,5.29,5.33,10129339,74895440.00
2011/01/14,5.26,5.33,5.18,5.19,9424277,68441240.00
2011/01/17,5.11,5.18,4.96,5.00,9507219,66498736.00
2011/01/18,4.97,4.99,4.65,4.80,18837994,126722648.00
2011/01/19,4.81,4.88,4.66,4.86,12596231,83622264.00
2011/01/20,4.82,4.93,4.67,4.68,10137018,68026568.00
2011/01/21,4.65,4.89,4.65,4.74,9638681,64014756.00
2011/01/24,4.72,4.78,4.68,4.74,5699900,37666192.00
2011/01/25,4.74,4.78,4.68,4.70,4929036,32504258.00
2011/01/26,4.70,4.79,4.70,4.76,4450182,29465832.00
2011/01/27,4.68,4.70,4.60,4.68,10020781,64986936.00
2011/01/28,4.70,4.88,4.70,4.75,9203780,61414752.00
2011/01/31,4.72,4.79,4.70,4.78,6803006,44971456.00
2011/02/01,4.76,4.83,4.75,4.82,7034485,47126168.00
2011/02/09,4.79,4.80,4.71,4.73,6447625,42788752.00
2011/02/10,4.73,4.85,4.68,4.85,10143697,67848512.00
2011/02/11,4.85,5.37,4.81,5.37,35182477,252421120.00
2011/02/14,5.42,5.59,5.30,5.48,45765884,343967232.00
2011/02/15,5.47,5.53,5.39,5.41,28295305,212998480.00
2011/02/16,5.40,5.67,5.34,5.59,30032668,230171952.00
2011/02/17,5.57,5.58,5.37,5.44,21825122,165257904.00
2011/02/18,5.43,5.60,5.37,5.54,23018019,175149168.00
2011/02/21,5.46,5.60,5.41,5.59,21670168,165284176.00
2011/02/22,5.59,5.60,5.21,5.26,23307834,173745984.00
2011/02/23,5.20,5.32,5.19,5.30,10995339,80483288.00
2011/02/24,5.24,5.35,5.22,5.33,10555133,77622240.00
2011/02/25,5.34,5.36,5.24,5.28,9690262,71096368.00
2011/03/01,5.32,5.52,5.31,5.47,22499520,169241232.00
2011/03/02,5.41,5.43,5.29,5.34,16501803,122215688.00
2011/03/03,5.34,5.39,5.21,5.23,17788998,130710336.00
2011/03/04,5.22,5.47,5.18,5.43,19520114,144379664.00
2011/03/07,5.47,5.62,5.46,5.51,28234877,216257056.00
2011/03/08,5.51,5.60,5.49,5.55,18255657,140072672.00
2011/03/09,5.57,5.62,5.46,5.51,16311153,124914336.00
2011/03/10,5.51,5.87,5.45,5.73,43044588,337090816.00
2011/03/11,5.66,5.73,5.52,5.53,25855606,201856048.00
2011/03/14,5.49,5.62,5.40,5.59,22620128,172005936.00
2011/03/15,5.54,5.70,5.44,5.49,23353277,179371856.00
2011/03/16,5.49,5.53,5.41,5.49,16366165,124070728.00
2011/03/17,5.45,5.45,5.23,5.31,15793241,117276224.00
2011/03/18,5.36,5.52,5.32,5.40,13795482,103341616.00
2011/03/21,5.40,5.52,5.34,5.40,9844292,74022608.00
2011/03/22,5.43,5.43,5.28,5.37,9036004,66928884.00
2011/03/23,5.32,5.78,5.32,5.63,47893826,371925504.00
2011/03/24,5.59,5.76,5.57,5.68,33708915,265548336.00
2011/03/25,5.69,5.90,5.62,5.82,46664974,373246432.00
2011/03/28,5.85,5.93,5.71,5.74,31677102,254396640.00
2011/03/29,5.72,5.90,5.65,5.73,27800232,221356464.00
2011/03/30,5.73,5.74,5.50,5.52,24766499,192100384.00
2011/03/31,5.52,5.59,5.36,5.41,14734516,111356824.00
2011/04/01,5.42,5.59,5.39,5.56,12051323,91748256.00
2011/04/06,5.53,5.78,5.49,5.71,23924165,188461728.00
2011/04/07,5.74,5.79,5.67,5.76,17110456,135466720.00
2011/04/08,5.77,5.77,5.67,5.72,15733836,124076600.00
2011/04/11,5.74,5.75,5.55,5.56,20106851,156354784.00
2011/04/12,5.54,5.71,5.53,5.66,15781593,122630984.00
2011/04/13,5.61,5.87,5.56,5.86,32062607,255194368.00
2011/04/14,5.87,5.90,5.74,5.87,27118040,217566768.00
2011/04/15,5.81,6.48,5.79,6.40,102794171,886756160.00
2011/04/18,6.32,6.41,6.19,6.33,36831552,314771936.00
2011/04/19,6.24,6.27,6.00,6.02,32871141,273115040.00
2011/04/20,6.03,6.53,6.03,6.32,51008792,440644960.00
2011/04/21,6.37,6.43,6.18,6.36,29946940,257010144.00
2011/04/22,6.32,6.33,6.17,6.18,19749814,167075232.00
2011/04/25,6.17,6.18,5.87,5.89,22829848,186309872.00
2011/04/26,5.87,6.07,5.84,5.92,14920729,121136936.00
2011/04/27,5.90,5.98,5.64,5.71,20446078,161257120.00
2011/04/28,5.72,5.77,5.61,5.65,11987827,93041488.00
2011/04/29,5.65,5.81,5.63,5.78,9999553,78344072.00
2011/05/03,5.75,5.82,5.68,5.81,10668336,83568440.00
2011/05/04,5.78,5.78,5.51,5.54,14562392,112145096.00
2011/05/05,5.49,5.59,5.41,5.52,9553922,71921944.00
2011/05/06,5.46,5.50,5.36,5.37,12087397,89347264.00
2011/05/09,5.40,5.47,5.36,5.41,7860295,58147364.00
2011/05/10,5.41,5.44,5.33,5.43,8456142,62263824.00
2011/05/11,5.42,5.49,5.35,5.44,10581593,78521352.00
2011/05/12,5.39,5.56,5.34,5.43,12984934,96893288.00
2011/05/13,5.46,5.60,5.40,5.60,15701216,118656944.00
2011/05/16,5.59,5.68,5.56,5.59,12586548,96568160.00
2011/05/17,5.56,5.62,5.45,5.53,11574317,87641840.00
2011/05/18,5.54,5.66,5.49,5.62,9971785,76351064.00
2011/05/19,5.62,5.66,5.53,5.53,9527992,72763584.00
2011/05/20,5.53,5.59,5.48,5.59,10362316,78507136.00
2011/05/23,5.59,5.59,5.12,5.13,15208163,110540128.00
2011/05/24,5.13,5.30,5.08,5.15,11369058,80474600.00
2011/05/25,5.14,5.16,4.96,4.98,10152116,70349512.00
2011/05/26,5.03,5.05,4.89,4.90,11736501,80027152.00
2011/05/27,4.90,4.95,4.84,4.85,8104377,54308980.00
2011/05/30,4.84,4.90,4.73,4.74,5823451,38469436.00
2011/05/31,4.74,4.82,4.71,4.81,6074248,39811440.00
2011/06/01,4.82,4.84,4.78,4.83,5218533,34417512.00
2011/06/02,4.78,4.85,4.66,4.82,9107964,59425200.00
2011/06/03,4.80,4.90,4.78,4.88,6866719,45827196.00
2011/06/07,4.85,4.89,4.82,4.88,5093479,33924152.00
2011/06/08,4.88,4.99,4.82,4.95,6986603,47157568.00
2011/06/09,4.95,5.00,4.77,4.78,6576558,44142656.00
2011/06/10,4.78,4.89,4.72,4.81,6174087,40748664.00
2011/06/13,4.74,4.76,4.64,4.71,6021508,38875240.00
2011/06/14,4.71,5.05,4.69,4.88,11487617,77463832.00
2011/06/15,4.84,4.90,4.81,4.81,4688567,31225104.00
2011/06/16,4.78,4.81,4.68,4.69,5211861,33928104.00
2011/06/17,4.69,4.78,4.66,4.67,4139176,26794576.00
2011/06/20,4.68,4.74,4.62,4.69,4064603,26184972.00
2011/06/21,4.71,4.81,4.70,4.78,5247948,34375880.00
2011/06/22,4.78,4.81,4.71,4.74,3867955,25272564.00
2011/06/23,4.72,4.87,4.70,4.84,6527343,42935824.00
2011/06/24,4.82,4.99,4.81,4.96,12193109,82356960.00
2011/06/27,4.94,4.99,4.91,4.97,8601356,58384924.00
2011/06/28,4.97,4.97,4.88,4.93,6107178,41243600.00
2011/06/29,4.92,4.96,4.87,4.93,6468432,43651400.00
2011/06/30,4.94,5.01,4.89,4.96,9347345,63651480.00
2011/07/01,4.96,5.06,4.90,4.99,11152063,76404304.00
2011/07/04,5.01,5.15,4.99,5.12,12287993,85492400.00
2011/07/05,5.11,5.18,5.03,5.16,13273563,93157824.00
2011/07/06,5.15,5.15,5.04,5.09,8939384,62209744.00
2011/07/07,5.09,5.12,5.01,5.02,10294510,71315240.00
2011/07/08,5.06,5.22,5.06,5.12,15082613,106477336.00
2011/07/11,5.12,5.13,5.03,5.09,6168347,42927960.00
2011/07/12,5.05,5.05,4.96,4.96,7097631,48507704.00
2011/07/13,4.99,5.03,4.95,5.03,4483241,30745472.00
2011/07/14,5.03,5.06,4.98,5.03,6927957,47580420.00
2011/07/15,5.00,5.01,4.93,4.97,7987659,54366988.00
2011/07/18,4.96,5.05,4.93,5.02,8921343,61117808.00
2011/07/19,5.00,5.01,4.93,4.96,7519557,51132592.00
2011/07/20,4.97,4.99,4.81,4.87,8397672,56384872.00
2011/07/21,4.88,4.91,4.73,4.74,8212147,54090488.00
2011/07/22,4.77,4.81,4.73,4.78,4481916,29341672.00
2011/07/25,4.74,4.76,4.53,4.54,8904600,56779544.00
2011/07/26,4.54,4.56,4.49,4.53,5727625,35663220.00
2011/07/27,4.50,4.58,4.48,4.56,5128448,32120760.00
2011/07/28,4.54,4.54,4.45,4.49,5724117,35334196.00
2011/07/29,4.49,4.57,4.49,4.53,6499008,40586440.00
2011/08/01,4.53,4.56,4.46,4.52,4319784,26830092.00
2011/08/02,4.47,4.49,4.40,4.43,5823906,35541460.00
2011/08/03,4.39,4.46,4.37,4.44,4189632,25517748.00
2011/08/04,4.43,4.49,4.43,4.45,3185315,19556068.00
2011/08/05,4.35,4.35,4.24,4.30,4838713,28782356.00
2011/08/08,4.24,4.28,3.96,4.01,7903228,44875416.00
2011/08/09,3.89,4.16,3.78,4.12,13795487,76048896.00
2011/08/10,4.14,4.28,4.11,4.13,11213466,64856916.00
2011/08/11,4.01,4.21,3.97,4.18,7282301,41677480.00
2011/08/12,4.21,4.26,4.15,4.23,9042870,52655992.00
2011/08/15,4.24,4.29,4.19,4.28,7083036,41540012.00
2011/08/16,4.28,4.29,4.15,4.20,6041596,35235472.00
2011/08/17,4.16,4.49,4.13,4.34,19624386,118429192.00
2011/08/18,4.31,4.34,4.20,4.21,8680964,51042180.00
2011/08/19,4.11,4.19,4.07,4.15,6778585,38649796.00
2011/08/22,4.13,4.19,4.11,4.15,4122725,23619540.00
2011/08/23,4.15,4.37,4.15,4.36,10673439,63235528.00
2011/08/24,4.36,4.43,4.26,4.31,11529798,69044896.00
2011/08/25,4.33,4.44,4.28,4.42,11759587,71035192.00
2011/08/26,4.40,4.46,4.37,4.45,6543759,39806316.00
2011/08/29,4.43,4.43,4.32,4.37,5156147,30943432.00
2011/08/30,4.36,4.44,4.28,4.29,4753710,28654388.00
2011/08/31,4.28,4.31,4.15,4.22,5570399,32420920.00
2011/09/01,4.21,4.24,4.09,4.13,4658770,26757110.00
2011/09/02,4.12,4.15,4.07,4.10,2905087,16472714.00
2011/09/05,4.10,4.12,4.03,4.06,4282660,24091160.00
2011/09/06,4.05,4.12,4.03,4.07,2971342,16764976.00
2011/09/07,4.14,4.15,4.06,4.12,4808687,27232968.00
2011/09/08,4.11,4.12,4.05,4.06,3730253,21070492.00
2011/09/09,4.09,4.11,3.96,3.99,3126841,17427084.00
2011/09/13,3.96,3.96,3.88,3.92,2792532,15146328.00
2011/09/14,3.93,3.96,3.88,3.96,2162730,11751212.00
2011/09/15,3.99,4.00,3.95,3.96,2171708,11951501.00
2011/09/16,3.98,4.02,3.92,3.93,2148818,11835134.00
2011/09/19,3.90,3.95,3.86,3.89,2208389,11929237.00
2011/09/20,3.88,3.91,3.84,3.87,1987282,10651369.00
2011/09/21,3.87,3.98,3.84,3.97,4189142,22810500.00
2011/09/22,3.95,3.96,3.84,3.84,2927754,15856730.00
2011/09/23,3.80,3.90,3.77,3.81,3358793,17812532.00
2011/09/26,3.78,3.84,3.70,3.71,3070960,16053832.00
2011/09/27,3.75,3.76,3.67,3.68,2930534,15105170.00
2011/09/28,3.71,3.72,3.53,3.55,5383185,27092058.00
2011/09/29,3.55,3.58,3.48,3.49,4446021,21834720.00
2011/09/30,3.51,3.54,3.48,3.53,2281320,11157647.00
2011/10/10,3.52,3.54,3.46,3.49,2484537,12105295.00
2011/10/11,3.57,3.61,3.47,3.50,3030342,14957325.00
2011/10/12,3.48,3.66,3.48,3.63,5200801,26019636.00
2011/10/13,3.61,3.65,3.59,3.65,4732072,23896636.00
2011/10/14,3.65,3.66,3.59,3.65,3351840,16930112.00
2011/10/17,3.66,3.68,3.62,3.65,1999701,10122633.00
2011/10/18,3.62,3.62,3.50,3.53,2783463,13755082.00
2011/10/19,3.55,3.57,3.51,3.52,1935049,9525573.00
2011/10/20,3.48,3.51,3.35,3.37,2927174,13977386.00
2011/10/21,3.37,3.43,3.37,3.39,1573704,7464724.00
2011/10/24,3.41,3.48,3.36,3.46,2271534,10847238.00
2011/10/25,3.43,3.57,3.43,3.53,3514147,17139928.00
2011/10/26,3.50,3.62,3.49,3.55,7358306,36681476.00
2011/10/27,3.57,3.62,3.55,3.59,5707220,28497656.00
2011/10/28,3.62,3.88,3.62,3.71,12939507,67278216.00
2011/10/31,3.67,3.69,3.60,3.66,5951414,30168024.00
2011/11/01,3.63,3.69,3.60,3.62,4649340,23518212.00
2011/11/02,3.58,3.68,3.54,3.67,6572548,32948840.00
2011/11/03,3.68,3.77,3.63,3.71,14558217,74543288.00
2011/11/04,3.74,3.74,3.68,3.69,7928388,40825184.00
2011/11/07,3.67,3.68,3.61,3.62,5721280,28960954.00
2011/11/08,3.63,3.63,3.55,3.56,4893955,24408622.00
2011/11/09,3.59,3.61,3.54,3.60,3641526,18125244.00
2011/11/10,3.56,3.56,3.48,3.49,4942431,24280120.00
2011/11/11,3.51,3.56,3.49,3.51,3173707,15560156.00
2011/11/14,3.52,3.59,3.52,3.57,5327498,26418966.00
2011/11/15,3.57,3.62,3.55,3.61,5819587,29038588.00
2011/11/16,3.59,3.62,3.44,3.49,7350032,35966436.00
2011/11/17,3.48,3.51,3.43,3.45,4944799,23880622.00
2011/11/18,3.44,3.59,3.43,3.47,8975027,43684072.00
2011/11/21,3.47,3.49,3.37,3.48,4724953,22589648.00
2011/11/22,3.44,3.47,3.41,3.45,2592537,12416040.00
2011/11/23,3.45,3.49,3.41,3.41,3529658,16963668.00
2011/11/24,3.37,3.46,3.34,3.40,4060018,19253352.00
2011/11/25,3.40,3.40,3.29,3.31,5129707,23908488.00
2011/11/28,3.31,3.33,3.22,3.24,3661187,16695703.00
2011/11/29,3.29,3.31,3.24,3.28,3658642,16750598.00
2011/11/30,3.28,3.28,3.08,3.11,6108537,27036352.00
2011/12/01,3.23,3.31,3.17,3.20,7371200,33323456.00
2011/12/02,3.18,3.18,3.13,3.17,3237418,14325851.00
2011/12/05,3.18,3.21,3.09,3.18,4621188,20443764.00
2011/12/06,3.16,3.27,3.14,3.22,5115583,23029840.00
2011/12/07,3.22,3.25,3.20,3.21,2642774,11930162.00
2011/12/08,3.21,3.24,3.14,3.18,3502570,15664924.00
2011/12/09,3.19,3.27,3.16,3.20,3410118,15345502.00
2011/12/12,3.19,3.19,3.08,3.12,4250403,18571992.00
2011/12/13,3.12,3.12,2.98,3.03,3666839,15790614.00
2011/12/14,3.03,3.04,2.93,2.95,2706026,11371385.00
2011/12/15,2.92,3.01,2.83,2.84,5875259,23897212.00
2011/12/16,2.85,2.93,2.82,2.91,4727198,19082324.00
2011/12/19,2.89,2.90,2.78,2.89,8420912,33804568.00
2011/12/20,2.88,2.96,2.82,2.84,9026114,36572108.00
2011/12/21,2.86,2.88,2.76,2.81,6105228,24281832.00
2011/12/22,2.76,2.82,2.72,2.78,5618695,21967452.00
2011/12/23,2.78,2.84,2.76,2.79,4839393,19089376.00
2011/12/26,2.76,2.84,2.74,2.79,3342823,13171460.00
2011/12/27,2.80,2.81,2.71,2.75,3731152,14507417.00
2011/12/28,2.72,2.79,2.66,2.71,5549072,21202096.00
2011/12/29,2.68,2.72,2.59,2.59,9062929,34050832.00
2011/12/30,2.60,2.66,2.59,2.63,8686547,32395710.00
2012/01/04,2.66,2.66,2.60,2.60,7260965,27139098.00
2012/01/05,2.60,2.61,2.51,2.56,6393388,23133496.00
2012/01/06,2.53,2.67,2.49,2.63,5225733,18840080.00
2012/01/09,2.59,2.72,2.55,2.71,11334631,42560144.00
2012/01/10,2.69,2.81,2.68,2.79,12432898,48426704.00
2012/01/11,2.79,2.80,2.72,2.75,8295955,32424710.00
2012/01/12,2.75,2.87,2.75,2.78,8823934,35031288.00
2012/01/13,2.78,2.78,2.65,2.65,7055772,26962444.00
2012/01/16,2.64,2.67,2.59,2.59,2710591,10107507.00
2012/01/17,2.59,2.76,2.59,2.74,6625532,25112756.00
2012/01/18,2.75,2.79,2.65,2.67,7324071,28289000.00
2012/01/19,2.67,2.78,2.67,2.74,5795138,22433220.00
2012/01/20,2.77,2.79,2.73,2.77,7295579,28473280.00
2012/01/30,2.78,2.78,2.69,2.72,4450110,17272250.00
2012/01/31,2.70,2.74,2.68,2.73,3356836,12832422.00
2012/02/01,2.72,2.74,2.67,2.67,3418033,13050995.00
2012/02/02,2.68,2.73,2.67,2.73,3003100,11456560.00
2012/02/03,2.73,2.79,2.71,2.78,6340005,24748180.00
2012/02/06,2.78,2.81,2.75,2.78,5714902,22434508.00
2012/02/07,2.78,2.78,2.71,2.73,4410079,17034420.00
2012/02/08,2.74,2.84,2.72,2.81,9942770,39183612.00
2012/02/09,2.81,2.96,2.79,2.87,19406486,78660464.00
2012/02/10,2.87,3.00,2.86,2.93,21064355,87377536.00
2012/02/13,2.88,2.93,2.84,2.92,11505528,46834368.00
2012/02/14,2.91,2.97,2.88,2.96,9999599,41302976.00
2012/02/15,2.96,3.03,2.91,2.97,10826782,45206508.00
2012/02/16,2.96,3.00,2.92,2.96,8236948,34231748.00
2012/02/17,2.99,2.99,2.92,2.96,5391642,22432168.00
2012/02/20,3.02,3.05,2.97,2.98,10935530,46129968.00
2012/02/21,2.99,3.06,2.94,3.04,10531868,44414680.00
2012/02/22,3.11,3.37,3.11,3.37,47932873,223637344.00
2012/02/23,3.52,3.69,3.45,3.56,78227354,386947296.00
2012/02/24,3.50,3.93,3.49,3.93,92122854,481359968.00
2012/02/27,3.97,4.06,3.89,3.93,77100520,422648096.00
2012/02/28,3.90,3.95,3.81,3.92,44191442,237481504.00
2012/02/29,3.78,3.81,3.68,3.74,45983809,238306928.00
2012/03/01,3.71,3.81,3.69,3.74,37537369,195680720.00
2012/03/02,3.74,3.87,3.67,3.81,51931340,273746848.00
2012/03/05,3.81,3.92,3.73,3.85,39906833,211469760.00
2012/03/06,3.82,3.84,3.72,3.83,26315723,138540432.00
2012/03/07,3.77,3.91,3.75,3.85,29205803,155606000.00
2012/03/08,3.84,3.93,3.84,3.87,26390081,141932240.00
2012/03/09,3.87,3.93,3.84,3.87,21478638,115532488.00
2012/03/12,3.84,3.88,3.68,3.71,29916493,155752544.00
2012/03/13,3.73,3.76,3.68,3.74,16038101,82874392.00
2012/03/14,3.76,3.79,3.35,3.40,46611498,231075216.00
2012/03/15,3.37,3.38,3.18,3.25,28568528,130011592.00
2012/03/16,3.28,3.43,3.25,3.40,22099454,103199544.00
2012/03/19,3.33,3.42,3.33,3.40,12178746,57496792.00
2012/03/20,3.41,3.65,3.36,3.49,36176346,177068496.00
2012/03/21,3.50,3.55,3.42,3.49,17159010,83390776.00
2012/03/22,3.46,3.56,3.45,3.53,12783958,62755552.00
2012/03/23,3.45,3.49,3.34,3.39,11982738,57053820.00
2012/03/26,3.34,3.41,3.33,3.37,4404507,20676348.00
2012/03/27,3.40,3.48,3.35,3.39,6700424,31869704.00
2012/03/28,3.37,3.48,3.23,3.27,13889710,65071400.00
2012/03/29,3.24,3.36,3.18,3.18,18060374,82318920.00
2012/03/30,3.18,3.28,3.17,3.28,19305042,87089192.00
2012/04/05,3.25,3.40,3.21,3.39,14914326,69473408.00
2012/04/06,3.37,3.55,3.35,3.44,20229482,97357040.00
2012/04/09,3.40,3.42,3.31,3.33,9558554,44970768.00
2012/04/11,3.37,3.68,3.35,3.68,57618714,289627968.00
2012/04/12,3.59,3.81,3.59,3.77,52984040,272608672.00
2012/04/13,3.78,3.79,3.68,3.73,29800934,154424912.00
2012/04/16,3.67,3.91,3.65,3.78,28611467,150559744.00
2012/04/17,3.77,3.90,3.60,3.61,30055342,155563232.00
2012/04/18,3.64,3.89,3.59,3.81,36246544,189916672.00
2012/04/19,3.84,3.99,3.74,3.81,27616014,147131680.00
2012/04/20,3.81,3.93,3.67,3.85,29062108,154517168.00
2012/04/23,3.85,4.04,3.81,3.90,35966555,195844832.00
2012/04/24,3.84,4.03,3.74,4.01,41945988,227279232.00
2012/04/25,4.03,4.43,3.99,4.43,78362017,466305344.00
2012/04/26,4.56,4.57,4.22,4.26,67622435,407365504.00
2012/04/27,4.24,4.39,4.17,4.20,32449864,191138672.00
2012/05/02,4.27,4.32,4.09,4.19,30209008,175867696.00
2012/05/03,4.18,4.34,4.18,4.24,19996402,117240384.00
2012/05/04,4.21,4.22,4.12,4.18,18227382,104877616.00
2012/05/07,4.17,4.24,4.05,4.12,18681978,106226848.00
2012/05/08,4.12,4.12,3.99,4.07,16347070,91631320.00
2012/05/09,4.01,4.12,3.99,4.03,16756611,93953080.00
2012/05/10,4.03,4.09,3.99,4.04,12314214,68796280.00
2012/05/11,4.03,4.09,3.84,3.88,20064685,110336416.00
2012/05/14,3.98,4.03,3.88,3.91,18134975,99734000.00
2012/05/15,3.87,3.99,3.82,3.97,12538133,68226936.00
2012/05/16,3.98,3.99,3.82,3.83,13853776,74924976.00
2012/05/17,3.82,3.93,3.81,3.91,12301256,66053056.00
2012/05/18,3.87,3.90,3.75,3.78,11858579,62712660.00
2012/05/21,3.84,3.84,3.73,3.77,6144211,29244884.00
2012/05/22,3.81,4.00,3.78,3.95,20624399,101432328.00
2012/05/23,3.95,4.03,3.91,4.01,16227998,81029600.00
2012/05/24,4.00,4.08,3.98,3.98,17732825,89752064.00
2012/05/25,3.98,4.07,3.94,3.95,11363525,56899248.00
2012/05/28,3.94,4.08,3.78,4.07,18460390,91608040.00
2012/05/29,4.07,4.13,4.03,4.08,18326365,93684792.00
2012/05/30,4.08,4.23,4.07,4.13,22246771,115958744.00
2012/05/31,4.12,4.15,4.06,4.14,11970594,61542060.00
2012/06/01,4.13,4.18,4.07,4.12,10395448,53526624.00
2012/06/04,4.03,4.07,3.84,3.85,16710730,83002736.00
2012/06/05,3.88,3.90,3.79,3.83,9683272,46737836.00
2012/06/06,3.83,3.87,3.75,3.79,7654107,36628824.00
2012/06/07,3.84,3.91,3.78,3.82,9775325,47361636.00
2012/06/08,3.94,4.03,3.86,3.88,22632413,112186464.00
2012/06/11,3.89,4.05,3.76,4.02,23075336,113524392.00
2012/06/12,3.98,4.13,3.94,4.08,23507918,119530864.00
2012/06/13,4.08,4.18,4.03,4.10,17731864,91209584.00
2012/06/14,4.08,4.12,4.00,4.03,11125723,56627336.00
2012/06/15,4.05,4.06,3.90,3.96,13915656,69317304.00
2012/06/18,3.98,4.03,3.95,3.98,8427444,42212804.00
2012/06/19,3.98,4.00,3.88,3.91,9352317,45987560.00
2012/06/20,3.92,3.93,3.85,3.88,6179581,30171164.00
2012/06/21,3.89,3.94,3.84,3.90,6886518,33720400.00
2012/06/25,3.88,3.88,3.72,3.73,9798084,46624952.00
2012/06/26,3.73,3.78,3.66,3.76,5723742,26821934.00
2012/06/27,3.75,3.80,3.69,3.71,5426394,25581536.00
2012/06/28,3.82,3.94,3.66,3.68,11938985,57101420.00
2012/06/29,3.65,3.73,3.57,3.72,7537047,34692128.00
2012/07/02,3.73,3.79,3.73,3.74,5899108,27887572.00
2012/07/03,3.75,3.89,3.72,3.81,9607378,46098496.00
2012/07/04,3.83,3.83,3.75,3.78,5801901,27620036.00
2012/07/05,3.78,3.78,3.65,3.67,8318752,38727412.00
2012/07/06,3.73,3.81,3.68,3.81,15174876,71857248.00
2012/07/09,3.75,3.80,3.66,3.67,9831381,46234656.00
2012/07/10,3.65,3.65,3.53,3.53,9370319,42311612.00
2012/07/11,3.55,3.59,3.50,3.57,3910429,17533214.00
2012/07/12,3.57,3.65,3.44,3.62,11991857,53808388.00
2012/07/13,3.59,3.62,3.53,3.58,4978214,22454690.00
2012/07/16,3.57,3.60,3.40,3.41,7250155,31852000.00
2012/07/17,3.39,3.50,3.39,3.46,4278812,18654684.00
2012/07/18,3.48,3.48,3.35,3.43,6484998,27855148.00
2012/07/19,3.44,3.63,3.42,3.59,14911543,66830584.00
2012/07/20,3.53,3.67,3.51,3.53,11111690,50335076.00
2012/07/23,3.48,3.48,3.38,3.47,7491540,32580888.00
2012/07/24,3.43,3.56,3.43,3.53,5926645,26243326.00
2012/07/25,3.49,3.52,3.45,3.46,3965249,17409290.00
2012/07/26,3.48,3.48,3.39,3.40,3873772,16842348.00
2012/07/27,3.42,3.46,3.36,3.38,3654012,15712468.00
2012/07/30,3.38,3.41,3.30,3.31,3757990,15870711.00
2012/07/31,3.32,3.36,3.25,3.33,4036598,16875000.00
2012/08/01,3.32,3.43,3.30,3.39,4884264,20905124.00
2012/08/02,3.38,3.40,3.24,3.28,6489728,27246278.00
2012/08/03,3.30,3.35,3.28,3.34,2920244,12225364.00
2012/08/06,3.36,3.43,3.32,3.43,4733984,20239426.00
2012/08/07,3.42,3.45,3.39,3.44,4272362,18496324.00
2012/08/08,3.43,3.49,3.41,3.43,4481093,19517152.00
2012/08/09,3.43,3.50,3.42,3.48,6943398,30404992.00
2012/08/10,3.48,3.48,3.41,3.43,5656692,24558064.00
2012/08/13,3.43,3.43,3.28,3.28,6876889,28987972.00
2012/08/14,3.28,3.35,3.23,3.34,4701827,19550492.00
2012/08/15,3.32,3.33,3.26,3.28,3199054,13316154.00
2012/08/16,3.28,3.32,3.28,3.31,2865323,11961560.00
2012/08/17,3.40,3.43,3.31,3.37,7193948,30606680.00
2012/08/20,3.34,3.34,3.25,3.32,4754355,19738592.00
2012/08/21,3.32,3.38,3.28,3.34,3832054,16205340.00
2012/08/22,3.33,3.33,3.26,3.28,4579595,19078414.00
2012/08/23,3.28,3.32,3.26,3.27,4977246,20689896.00
2012/08/24,3.25,3.28,3.23,3.23,4016759,16545930.00
2012/08/27,3.23,3.24,3.17,3.17,3786933,15404527.00
2012/08/28,3.18,3.22,3.13,3.19,4080233,16467873.00
2012/08/29,3.19,3.21,3.15,3.15,2993232,12037170.00
2012/08/30,3.13,3.17,3.03,3.09,4493829,17705176.00
2012/08/31,3.09,3.13,3.07,3.11,2291389,9059849.00
2012/09/03,3.13,3.22,3.12,3.19,5542476,22366142.00
2012/09/04,3.19,3.19,3.13,3.13,3324753,13374151.00
2012/09/05,3.13,3.27,3.12,3.21,8014737,32643074.00
2012/09/06,3.21,3.24,3.19,3.23,2956152,12061849.00
2012/09/07,3.26,3.43,3.23,3.35,11197985,47267304.00
2012/09/10,3.36,3.38,3.33,3.35,5889120,24949704.00
2012/09/11,3.34,3.34,3.28,3.30,5082002,21186380.00
2012/09/12,3.30,3.34,3.28,3.32,4566578,19122976.00
2012/09/13,3.32,3.33,3.26,3.27,3597504,15009847.00
2012/09/14,3.31,3.33,3.24,3.29,4205001,17506114.00
2012/09/17,3.28,3.31,3.13,3.13,6670302,27055752.00
2012/09/18,3.13,3.17,3.09,3.14,3184639,12687104.00
2012/09/19,3.17,3.17,3.12,3.13,2694018,10730100.00
2012/09/20,3.20,3.20,3.08,3.08,5585234,22232582.00
2012/09/21,3.08,3.10,3.04,3.07,3502734,13675133.00
2012/09/24,3.04,3.11,3.04,3.10,2441193,9554285.00
2012/09/25,3.10,3.11,3.07,3.08,2794723,10952514.00
2012/09/26,3.08,3.09,3.03,3.03,3340422,12939634.00
2012/09/27,3.03,3.13,3.00,3.11,4457573,17411796.00
2012/09/28,3.11,3.18,3.08,3.16,5384023,21450616.00
2012/10/08,3.18,3.18,3.08,3.09,4273788,16915096.00
2012/10/09,3.10,3.18,3.10,3.16,6642031,26634312.00
2012/10/10,3.16,3.23,3.13,3.22,5817428,23517696.00
2012/10/11,3.21,3.21,3.14,3.15,3757976,15164510.00
2012/10/12,3.15,3.23,3.13,3.18,4479142,18046048.00
2012/10/15,3.18,3.20,3.14,3.17,2913814,11716702.00
2012/10/16,3.17,3.21,3.14,3.18,5531364,22367144.00
2012/10/17,3.18,3.18,3.11,3.15,4233068,16946952.00
2012/10/18,3.15,3.28,3.14,3.28,18325136,75319056.00
2012/10/19,3.25,3.34,3.24,3.27,12064098,50327852.00
2012/10/22,3.23,3.34,3.23,3.33,9254691,38592112.00
2012/10/23,3.32,3.53,3.30,3.38,22469421,97468264.00
2012/10/24,3.33,3.43,3.33,3.38,10500439,44843332.00
2012/10/25,3.35,3.40,3.28,3.29,8894806,37551128.00
2012/10/26,3.31,3.38,3.19,3.25,8733062,36048872.00
2012/10/29,3.23,3.27,3.18,3.26,5355150,21926548.00
2012/10/30,3.26,3.33,3.23,3.26,7763825,32342956.00
2012/10/31,3.28,3.28,3.22,3.26,5135570,21155870.00
2012/11/01,3.27,3.49,3.24,3.43,25810199,111357120.00
2012/11/02,3.42,3.64,3.39,3.57,31273812,139016272.00
2012/11/05,3.54,3.58,3.45,3.51,17681392,78199344.00
2012/11/06,3.49,3.50,3.38,3.45,15412657,66804616.00
2012/11/07,3.51,3.61,3.40,3.45,16542882,73150064.00
2012/11/08,3.40,3.52,3.36,3.38,12075239,52365524.00
2012/11/09,3.36,3.49,3.35,3.43,10144307,43893400.00
2012/11/12,3.48,3.76,3.42,3.63,29572400,133111208.00
2012/11/13,3.60,3.62,3.34,3.37,23636445,103727280.00
2012/11/14,3.37,3.43,3.33,3.39,8554719,36448292.00
2012/11/15,3.36,3.49,3.32,3.38,14647647,63312248.00
2012/11/16,3.37,3.54,3.32,3.47,25250046,110361056.00
2012/11/19,3.43,3.49,3.38,3.46,14479446,62780172.00
2012/11/20,3.48,3.63,3.43,3.53,22887390,102375136.00
2012/11/21,3.51,3.75,3.48,3.71,33886942,154941536.00
2012/11/22,3.64,3.68,3.56,3.57,25122558,114382536.00
2012/11/23,3.56,3.63,3.52,3.53,14704996,66328328.00
2012/11/26,3.54,3.58,3.48,3.54,11263289,50150268.00
2012/11/27,3.51,3.53,3.38,3.39,12990976,56642728.00
2012/11/28,3.38,3.39,3.17,3.21,16698826,68994464.00
2012/11/29,3.20,3.26,3.14,3.14,10507837,42706532.00
2012/11/30,3.14,3.32,3.13,3.24,15837350,65331668.00
2012/12/03,3.24,3.37,3.21,3.26,13948242,58368048.00
2012/12/04,3.24,3.34,3.19,3.33,11826935,48918816.00
2012/12/05,3.32,3.52,3.28,3.43,23187788,100769736.00
2012/12/06,3.43,3.52,3.41,3.42,21471116,93756080.00
2012/12/07,3.43,3.49,3.39,3.46,26499120,115133864.00
2012/12/10,3.46,3.58,3.44,3.53,21157994,93801056.00
2012/12/11,3.53,3.58,3.47,3.47,19071751,84960792.00
2012/12/12,3.47,3.53,3.43,3.52,11994978,52578960.00
2012/12/13,3.50,3.61,3.48,3.48,18411352,82259128.00
2012/12/14,3.51,3.78,3.51,3.70,44062929,202470720.00
2012/12/17,3.78,3.93,3.71,3.80,51513354,246325856.00
2012/12/18,3.76,4.13,3.71,3.90,56874214,278900672.00
2012/12/19,3.86,3.93,3.81,3.88,28376249,137959408.00
2012/12/20,3.84,3.94,3.79,3.91,24861310,120504832.00
2012/12/21,3.89,3.97,3.74,3.78,31657083,153029312.00
2012/12/24,3.74,3.82,3.72,3.74,21415949,101137584.00
2012/12/25,3.73,4.06,3.73,3.99,52338648,258814960.00
2012/12/26,3.98,4.15,3.97,4.03,47402768,241684576.00
2012/12/27,4.03,4.08,3.89,3.91,34516040,171981280.00
2012/12/28,3.90,4.11,3.89,4.11,36754500,185516640.00
2012/12/31,4.15,4.28,4.07,4.23,48459571,254119024.00
2013/01/04,4.28,4.52,4.19,4.31,47337097,255812032.00
2013/01/07,4.28,4.30,4.18,4.29,23815496,126435520.00
2013/01/08,4.24,4.28,4.15,4.22,25900331,136234176.00
2013/01/09,4.20,4.27,4.15,4.18,22279723,117180120.00
2013/01/10,4.18,4.36,4.17,4.27,33862415,181627888.00
2013/01/11,4.25,4.34,4.04,4.08,33339706,174370176.00
2013/01/14,4.07,4.26,4.03,4.23,26039672,136378112.00
2013/01/15,4.21,4.33,4.21,4.23,26055791,138756976.00
2013/01/16,4.23,4.26,4.07,4.13,30528122,158780544.00
2013/01/17,4.08,4.28,4.03,4.24,35440976,186770432.00
2013/01/18,4.27,4.68,4.24,4.61,67152895,377175200.00
2013/01/21,4.63,4.63,4.49,4.55,31097578,176778976.00
2013/01/22,4.53,4.68,4.42,4.55,32523677,185006448.00
2013/01/23,4.52,4.85,4.49,4.67,37174373,218121040.00
2013/01/24,4.67,4.78,4.41,4.48,37595329,214996832.00
2013/01/25,4.47,4.53,4.40,4.43,14211697,78967264.00
2013/01/28,4.44,4.69,4.44,4.68,25052821,143809872.00
2013/01/29,4.68,4.82,4.61,4.66,25708367,151247648.00
2013/01/30,4.68,4.79,4.59,4.70,21188027,123789600.00
2013/01/31,4.68,4.68,4.47,4.51,31327638,177744688.00
2013/02/01,4.48,4.56,4.45,4.55,16756028,94213608.00
2013/02/04,4.58,4.61,4.41,4.46,21550228,120727200.00
2013/02/05,4.43,4.58,4.34,4.56,21756711,121381624.00
2013/02/06,4.57,4.57,4.43,4.48,14393613,80643480.00
2013/02/07,4.48,4.52,4.42,4.46,10081441,56072688.00
2013/02/08,4.46,4.52,4.44,4.47,10135090,56755008.00
2013/02/18,4.51,4.53,4.45,4.48,10864744,60893052.00
2013/02/19,4.48,4.48,4.23,4.24,24530141,132535632.00
2013/02/20,4.24,4.30,4.16,4.28,11597919,61437124.00
2013/02/21,4.25,4.25,4.06,4.17,15660573,81475968.00
2013/02/22,4.18,4.23,4.11,4.21,12438455,65090568.00
2013/02/25,4.20,4.23,4.11,4.13,10485274,54640492.00
2013/02/26,4.11,4.17,4.03,4.04,9414001,48381736.00
2013/02/27,4.07,4.18,4.05,4.17,11487498,59372200.00
2013/02/28,4.19,4.30,4.16,4.29,21238810,113284840.00
2013/03/01,4.31,4.31,4.18,4.24,12258638,64961912.00
2013/03/04,3.98,4.01,3.80,3.80,29849788,144642192.00
2013/03/05,3.73,3.85,3.73,3.85,14726126,70018632.00
2013/03/06,3.85,3.93,3.83,3.86,11322092,55233496.00
2013/03/07,3.86,3.94,3.78,3.86,10121834,49125452.00
2013/03/08,3.87,3.89,3.73,3.76,9608482,45902456.00
2013/03/11,3.77,3.82,3.73,3.79,7457362,35488588.00
2013/03/12,3.79,3.83,3.66,3.73,11090549,52234968.00
2013/03/13,3.70,3.71,3.61,3.64,6401176,29440240.00
2013/03/14,3.65,3.68,3.63,3.65,4451455,20503636.00
2013/03/15,3.63,3.64,3.48,3.56,9727007,43775664.00
2013/03/18,3.54,3.59,3.48,3.50,6551479,29260068.00
2013/03/19,3.50,3.59,3.48,3.58,8677856,38811836.00
2013/03/20,3.57,3.70,3.54,3.68,14328866,65879008.00
2013/03/21,3.67,3.71,3.61,3.63,11030532,50731648.00
2013/03/22,3.62,3.68,3.61,3.65,7104362,32616718.00
2013/03/25,3.65,3.67,3.62,3.66,7605569,34943360.00
2013/03/26,4.04,4.04,4.04,4.04,28983077,146944192.00
2013/03/27,4.19,4.30,4.06,4.21,89213762,467604512.00
2013/03/28,4.03,4.09,3.83,3.84,42167106,209903120.00
2013/03/29,3.90,4.24,3.90,4.24,54058548,279863744.00
2013/04/01,4.43,4.48,4.22,4.27,86296724,470447648.00
2013/04/02,4.23,4.71,4.15,4.47,96397024,537423616.00
2013/04/03,4.39,4.53,4.25,4.31,54016806,295604608.00
2013/04/08,4.15,4.43,4.12,4.32,46416683,249592000.00
2013/04/09,4.26,4.41,4.25,4.37,37122527,200960752.00
2013/04/10,4.33,4.35,4.15,4.21,31818232,168751440.00
2013/04/11,4.22,4.27,4.07,4.08,27909938,145329760.00
2013/04/12,4.07,4.23,4.03,4.09,26717759,138208672.00
2013/04/15,4.04,4.18,4.03,4.10,18494518,95393744.00
2013/04/16,4.09,4.53,4.06,4.53,102048210,568184128.00
2013/04/17,4.57,4.72,4.54,4.67,126098265,728034304.00
2013/04/18,4.63,4.85,4.58,4.63,99740735,584639552.00
2013/04/19,4.60,4.95,4.58,4.82,110723661,658252928.00
2013/04/22,4.73,4.81,4.66,4.74,63546180,373858944.00
2013/04/23,4.69,4.72,4.51,4.59,53304630,306219136.00
2013/04/24,4.68,4.70,4.51,4.67,54622941,314843648.00
2013/04/25,4.70,4.91,4.61,4.65,86454012,514707712.00
2013/04/26,4.63,4.68,4.30,4.39,50308168,281196288.00
2013/05/02,4.39,4.53,4.36,4.47,23092944,129001432.00
2013/05/03,4.51,4.63,4.46,4.53,32369686,184422320.00
2013/05/06,4.54,4.55,4.31,4.43,45632354,252082624.00
2013/05/07,4.45,4.68,4.40,4.58,43488374,248579216.00
2013/05/08,4.62,4.67,4.48,4.59,36753968,209649792.00
2013/05/09,4.53,4.62,4.40,4.56,35346435,197747088.00
2013/05/10,4.51,4.78,4.48,4.72,61995891,360973152.00
2013/05/13,4.81,4.88,4.63,4.71,41390480,243958832.00
2013/05/14,4.73,4.82,4.61,4.71,33316612,195681952.00
2013/05/15,4.72,4.77,4.63,4.70,21878213,127691576.00
2013/05/16,4.74,5.18,4.67,5.06,96738186,596513536.00
2013/05/17,5.01,5.13,4.98,5.09,64657031,407291968.00
2013/05/20,5.07,5.17,4.98,5.10,53356565,335469472.00
2013/05/21,5.08,5.26,5.04,5.13,54522285,349006528.00
2013/05/22,5.09,5.13,4.98,5.03,42317396,265075568.00
2013/05/23,5.00,5.15,4.90,4.91,40633900,253834896.00
2013/05/24,4.90,4.96,4.85,4.94,28316488,173025808.00
2013/05/27,4.91,5.02,4.84,4.98,27637669,169585344.00
2013/05/28,4.98,5.12,4.93,5.10,35419440,222034528.00
2013/05/29,5.13,5.21,4.98,4.98,37495950,236406864.00
2013/05/30,4.95,4.98,4.90,4.97,25511969,156831680.00
2013/05/31,4.97,4.99,4.86,4.87,22589775,138190752.00
2013/06/03,4.87,4.97,4.87,4.89,17659807,108082592.00
2013/06/04,4.89,4.92,4.69,4.70,26675977,158785376.00
2013/06/05,4.70,4.73,4.61,4.72,16142129,94235608.00
2013/06/06,4.70,4.71,4.53,4.55,16624877,95626312.00
2013/06/07,4.55,4.59,4.43,4.44,14068124,79003752.00
2013/06/13,4.40,4.40,4.07,4.28,14355506,76164960.00
2013/06/14,4.23,4.33,4.23,4.30,12445432,66854328.00
2013/06/17,4.30,4.33,4.16,4.23,9908119,52493072.00
2013/06/18,4.24,4.44,4.18,4.39,18949712,102708816.00
2013/06/19,4.31,4.33,4.19,4.29,11934905,63669312.00
2013/06/20,4.30,4.34,4.19,4.20,12162578,65077548.00
2013/06/21,4.10,4.21,4.03,4.14,11314494,58544964.00
2013/06/24,4.15,4.15,3.71,3.71,26745381,129191424.00
2013/06/25,3.68,3.69,3.33,3.53,34105592,151773936.00
2013/06/26,3.57,3.63,3.49,3.58,16639379,74727632.00
2013/06/27,3.61,3.68,3.55,3.56,20531119,93807144.00
2013/06/28,3.56,3.85,3.45,3.70,30014380,139881936.00
2013/07/01,3.64,3.77,3.58,3.76,19031887,88025488.00
2013/07/02,3.73,3.87,3.69,3.85,22879504,108914432.00
2013/07/03,3.85,3.88,3.73,3.79,15206670,72455232.00
2013/07/04,3.86,3.97,3.79,3.88,19574433,95876384.00
2013/07/05,3.90,4.16,3.90,3.93,19757802,99610576.00
2013/07/08,3.84,3.97,3.78,3.88,14928962,72556424.00
2013/07/09,3.87,3.92,3.78,3.83,9856080,47436716.00
2013/07/10,3.84,4.03,3.83,4.02,15465768,76838576.00
2013/07/11,3.98,4.25,3.98,4.16,29129822,152441312.00
2013/07/12,4.16,4.26,4.13,4.15,20901486,109900640.00
2013/07/15,4.16,4.24,4.15,4.18,9507982,49870168.00
2013/07/16,4.21,4.23,4.11,4.18,9493622,48382356.00
2013/07/17,4.18,4.37,4.12,4.30,18837182,97809648.00
2013/07/18,4.28,4.32,4.17,4.18,11453532,59061304.00
2013/07/19,4.18,4.23,4.05,4.16,16519828,83753880.00
2013/07/22,4.15,4.33,4.14,4.28,17329260,90383688.00
2013/07/23,4.30,4.33,4.23,4.32,36032476,189553440.00
2013/07/24,4.27,4.34,4.21,4.23,14707994,76672056.00
2013/07/25,4.24,4.30,4.18,4.20,9224041,47883728.00
2013/07/26,4.18,4.18,4.08,4.09,11119799,56058024.00
2013/07/29,4.08,4.08,3.89,3.92,11079839,53691420.00
2013/07/30,3.91,4.02,3.86,3.91,8322649,40167016.00
2013/07/31,4.07,4.13,3.99,4.03,13185851,65403068.00
2013/08/01,4.02,4.10,4.02,4.08,10682006,53120412.00
2013/08/02,4.19,4.30,4.15,4.18,23147012,119708224.00
2013/08/05,4.17,4.20,4.12,4.20,6891643,35117252.00
2013/08/06,4.18,4.22,4.13,4.19,8751784,44737112.00
2013/08/07,4.23,4.34,4.22,4.23,16830593,88271456.00
2013/08/08,4.24,4.28,4.20,4.26,8993605,46783748.00
2013/08/09,4.26,4.31,4.18,4.28,8347022,43492624.00
2013/08/12,4.26,4.38,4.25,4.38,18021096,95603032.00
2013/08/13,4.37,4.42,4.33,4.36,9260760,49408688.00
2013/08/14,4.37,4.51,4.35,4.41,19509351,105661296.00
2013/08/15,4.38,4.41,4.20,4.21,18682716,98182432.00
2013/08/16,4.22,4.64,4.22,4.25,23805273,126836112.00
2013/08/19,4.25,4.38,4.22,4.31,11895966,62436532.00
2013/08/20,4.29,4.33,4.19,4.24,10083137,52547700.00
2013/08/21,4.22,4.30,4.22,4.28,7174962,37367748.00
2013/08/22,4.27,4.33,4.25,4.29,11337797,59522960.00
2013/08/23,4.38,4.48,4.27,4.34,26904381,144065328.00
2013/08/26,4.36,4.71,4.31,4.67,55259818,308061664.00
2013/08/27,4.73,5.06,4.65,4.91,72179863,429507968.00
2013/08/28,4.83,5.41,4.81,5.37,121555479,770007744.00
2013/08/29,5.27,5.35,5.13,5.20,67824715,431777280.00
2013/08/30,5.25,5.65,5.18,5.38,94250434,616849792.00
2013/09/02,5.42,5.48,4.83,4.94,91967640,558235712.00
2013/09/03,4.98,5.44,4.98,5.44,121420210,793911616.00
2013/09/04,5.52,5.90,5.40,5.54,154260748,1060058368.00
2013/09/05,5.44,5.50,5.25,5.41,64993319,425384960.00
2013/09/06,5.42,5.88,5.39,5.68,89749778,617605312.00
2013/09/09,5.68,6.02,5.59,5.68,88843911,627912640.00
2013/09/10,5.69,6.21,5.69,6.01,97017632,705302464.00
2013/09/11,5.97,6.28,5.72,5.95,85428606,619451968.00
2013/09/12,5.88,6.04,5.76,5.91,51546845,369664256.00
2013/09/13,5.89,5.89,5.63,5.81,59262406,413852608.00
2013/09/16,6.08,6.17,5.83,5.88,65692624,480229952.00
2013/09/17,5.75,5.75,5.38,5.43,56919444,384024096.00
2013/09/18,5.43,5.60,5.39,5.50,28262445,189666240.00
2013/09/23,5.52,5.73,5.52,5.62,44114384,303210560.00
2013/09/24,5.62,6.18,5.58,6.18,106623842,781094016.00
2013/09/25,6.23,6.67,6.07,6.26,137327437,1054189056.00
2013/09/26,6.08,6.18,5.68,5.77,73599808,528378720.00
2013/09/27,5.71,5.83,5.48,5.65,41553379,285292928.00
2013/09/30,5.64,5.88,5.64,5.83,29531194,208453664.00
2013/10/08,5.85,6.23,5.83,5.96,43243628,317569472.00
2013/10/09,5.92,6.21,5.83,6.16,47261155,348664832.00
2013/10/10,6.23,6.50,6.13,6.14,66614541,511068160.00
2013/10/11,6.23,6.57,6.23,6.47,64202991,502302976.00
2013/10/14,6.43,6.80,6.43,6.74,70496496,572299264.00
2013/10/15,6.77,6.81,6.53,6.63,44608637,358792864.00
2013/10/16,6.55,6.57,5.97,6.15,49662924,377207008.00
2013/10/17,6.22,6.39,5.94,6.12,32963324,247512800.00
2013/10/18,6.12,6.23,5.93,6.09,17810196,132056720.00
2013/10/21,6.04,6.27,6.04,6.26,24287616,182626928.00
2013/10/22,6.28,6.33,5.90,6.02,34189695,254424032.00
2013/10/23,6.02,6.21,5.82,5.88,28121862,204541984.00
2013/10/24,5.93,5.98,5.59,5.62,32796708,229729744.00
2013/10/25,5.57,5.68,5.25,5.33,32244924,211410048.00
2013/10/28,5.42,5.57,5.38,5.43,21260298,141685440.00
2013/10/29,5.44,5.48,4.94,5.28,34861806,219827776.00
2013/10/30,5.28,5.28,5.07,5.26,19125524,121123208.00
2013/10/31,5.28,5.40,5.18,5.19,20956996,135824128.00
2013/11/01,5.18,5.31,5.02,5.23,14824700,93122160.00
2013/11/04,5.22,5.28,5.18,5.23,9774478,62397536.00
2013/11/05,5.20,5.38,5.09,5.33,17071241,109113832.00
2013/11/06,5.28,5.34,5.15,5.16,14867933,95481624.00
2013/11/07,5.16,5.32,5.13,5.28,15787794,100579296.00
2013/11/08,5.29,5.71,5.26,5.55,48589264,324378208.00
2013/11/11,5.42,5.48,5.25,5.42,22242773,145468880.00
2013/11/12,5.43,5.64,5.37,5.52,24780013,167376304.00
2013/11/13,5.57,5.72,5.40,5.51,34585629,234461504.00
2013/11/14,5.48,5.55,5.37,5.44,20480415,136261424.00
2013/11/15,5.45,5.67,5.34,5.50,32798187,221372288.00
2013/11/18,5.53,5.88,5.53,5.84,43418767,301754784.00
2013/11/19,5.83,5.91,5.68,5.78,31891267,223939248.00
2013/11/20,5.77,5.84,5.69,5.79,20044054,140664736.00
2013/11/21,5.75,5.95,5.71,5.86,28127134,200206896.00
2013/11/22,5.84,5.88,5.63,5.64,21282338,148637296.00
2013/11/25,5.73,6.22,5.73,6.22,106597885,794539008.00
2013/11/26,6.17,6.35,6.08,6.18,80116074,607433088.00
2013/11/27,6.13,6.24,6.01,6.13,40242040,299243648.00
2013/11/28,6.13,6.39,6.12,6.14,48600941,368522336.00
2013/11/29,6.14,6.25,6.05,6.17,26178490,195272528.00
2013/12/02,6.00,6.15,5.63,5.84,44979967,321565856.00
2013/12/03,5.80,5.98,5.75,5.98,24228218,173996784.00
2013/12/04,5.99,6.55,5.98,6.24,62008713,473442144.00
2013/12/05,6.25,6.38,6.17,6.27,28450079,216270032.00
2013/12/06,6.23,6.35,6.15,6.33,25769079,196284880.00
2013/12/09,6.38,6.53,6.33,6.41,32190726,251284096.00
2013/12/10,6.41,6.79,6.41,6.55,54938213,442834048.00
2013/12/11,6.58,6.58,6.22,6.31,35220465,270824608.00
2013/12/12,6.28,6.45,6.28,6.32,20439696,157493376.00
2013/12/13,6.25,6.38,6.17,6.23,22001618,167204480.00
2013/12/16,6.29,6.31,5.83,5.88,33266061,242860528.00
2013/12/17,6.03,6.38,6.03,6.13,54379669,410677408.00
2013/12/18,6.13,6.13,5.90,6.01,23741294,173102816.00
2013/12/19,5.98,6.06,5.68,5.78,34422513,244113680.00
2013/12/20,5.76,5.89,5.72,5.79,15365899,108439416.00
2013/12/23,5.78,5.79,5.49,5.57,20312737,138577888.00
2013/12/24,5.54,5.64,5.49,5.56,14167223,96157064.00
2013/12/25,5.57,5.64,5.52,5.63,10273216,69642936.00
2013/12/26,5.63,5.63,5.42,5.43,14822679,99681936.00
2013/12/27,5.46,5.55,5.42,5.52,11365371,76064768.00
2013/12/30,5.51,5.65,5.51,5.58,11182179,76011832.00
2013/12/31,5.55,5.72,5.51,5.68,12794802,87642304.00
2014/01/02,5.66,5.68,5.55,5.64,11021169,75284520.00
2014/01/03,5.66,5.69,5.44,5.48,13726997,92175000.00
2014/01/06,5.43,5.43,4.97,5.04,22814185,143288608.00
2014/01/07,5.02,5.16,4.94,5.08,19752682,121867592.00
2014/01/08,5.08,5.13,4.97,5.03,13370879,82236400.00
2014/01/09,4.99,5.22,4.99,5.03,13648332,85175128.00
2014/01/10,5.00,5.08,4.93,4.96,10490367,64147448.00
2014/01/13,4.96,5.06,4.73,4.85,13323565,79339912.00
2014/01/14,4.92,4.96,4.81,4.95,11026918,65874140.00
2014/01/15,4.95,5.03,4.90,5.01,9126195,55443784.00
2014/01/16,5.02,5.14,4.93,5.07,11347113,69695904.00
2014/01/17,5.03,5.05,4.91,4.93,9378626,56698744.00
2014/01/20,4.91,4.98,4.88,4.96,6778728,40740960.00
2014/01/21,4.93,5.03,4.92,4.99,7425230,45116580.00
2014/01/22,4.97,5.19,4.97,5.18,17875656,111908216.00
2014/01/23,5.18,5.22,5.07,5.10,13526813,84363856.00
2014/01/24,5.08,5.28,5.06,5.24,18198651,115715280.00
2014/01/27,5.21,5.26,5.11,5.13,17946125,113047272.00
2014/01/28,5.15,5.22,5.08,5.13,11050277,69345512.00
2014/01/29,5.14,5.18,5.08,5.13,9698358,60595872.00
2014/01/30,5.10,5.21,5.09,5.13,9220686,57863412.00
2014/02/07,5.00,5.14,4.97,5.13,9231941,57007772.00
2014/02/10,5.13,5.28,5.13,5.27,16573033,105758040.00
2014/02/11,5.32,5.44,5.29,5.34,20965624,136987520.00
2014/02/12,5.39,5.48,5.29,5.47,19476598,128108552.00
2014/02/13,5.43,5.63,5.42,5.49,25530629,171811568.00
2014/02/14,5.47,5.58,5.46,5.53,18032973,121233400.00
2014/02/17,5.57,5.63,5.46,5.53,17284831,116338440.00
2014/02/18,5.53,5.73,5.53,5.68,30250331,208505936.00
2014/02/19,5.69,6.02,5.64,5.98,40422414,289182656.00
2014/02/20,6.00,6.03,5.82,5.91,30239498,217506352.00
2014/02/21,6.03,6.33,5.96,6.08,77084319,575675200.00
2014/02/24,5.67,5.67,5.46,5.46,56788298,379786176.00
2014/02/25,5.39,5.39,5.05,5.12,44037609,281501344.00
2014/02/26,5.08,5.22,5.06,5.21,18287095,114593296.00
2014/02/27,5.23,5.27,5.03,5.08,19811880,124806112.00
2014/02/28,5.09,5.14,4.93,5.13,16068602,98786656.00
2014/03/03,5.13,5.43,5.07,5.33,24614717,158556832.00
2014/03/04,5.28,5.45,5.18,5.38,24994475,162574464.00
2014/03/05,5.36,5.44,5.24,5.28,18455139,119951392.00
2014/03/06,5.23,5.39,5.14,5.33,18564866,119730784.00
2014/03/07,5.36,5.37,5.13,5.16,17128041,109275664.00
2014/03/10,5.11,5.24,5.04,5.08,15781537,98917296.00
2014/03/11,5.08,5.28,5.08,5.18,13595218,86028360.00
2014/03/12,5.25,5.30,5.16,5.24,13225577,84391072.00
2014/03/13,5.27,5.30,5.23,5.26,12617793,81001952.00
2014/03/14,5.23,5.28,5.11,5.16,9291914,58750720.00
2014/03/17,5.30,5.38,5.24,5.38,21805611,141332688.00
2014/03/18,5.57,5.88,5.38,5.49,50120704,343755360.00
2014/03/19,5.42,5.50,5.30,5.48,23722068,155895680.00
2014/03/20,5.49,5.56,5.26,5.28,19276613,127419176.00
2014/03/21,5.23,5.50,5.22,5.48,24782819,163555056.00
2014/03/24,5.48,5.63,5.47,5.54,30316845,204934384.00
2014/03/25,5.53,5.88,5.53,5.73,53243774,372920928.00
2014/03/26,5.73,5.77,5.54,5.58,26432823,180623056.00
2014/03/27,5.54,5.71,5.47,5.55,24890993,170150304.00
2014/03/28,5.55,5.71,5.42,5.55,25586531,174178576.00
2014/03/31,5.58,5.62,5.22,5.26,24869967,162009056.00
2014/04/01,5.27,5.33,5.21,5.30,11326184,72881256.00
2014/04/02,5.32,5.47,5.29,5.42,19862133,130548320.00
2014/04/03,5.46,5.48,5.27,5.30,12713785,82844952.00
2014/04/04,5.30,5.38,5.27,5.34,8620217,56006100.00
2014/04/08,5.33,5.39,5.29,5.36,12863390,83908960.00
2014/04/09,5.36,5.48,5.34,5.38,15541680,102373184.00
2014/04/10,5.39,5.45,5.29,5.44,22943435,149970096.00
2014/04/11,5.42,5.44,5.35,5.38,12767010,83797376.00
2014/04/14,5.40,5.41,5.31,5.34,10535704,68559472.00
2014/04/15,5.35,5.39,5.32,5.33,10990685,71645248.00
2014/04/16,5.33,5.37,5.18,5.32,21731932,139367136.00
2014/04/17,5.32,5.38,5.28,5.33,11375158,74071680.00
2014/04/18,5.33,5.33,5.25,5.30,8396856,54112960.00
2014/04/21,5.27,5.34,5.23,5.23,10351632,66657544.00
2014/04/22,5.23,5.37,5.19,5.36,14585573,94111584.00
2014/04/23,5.37,5.37,5.23,5.24,8948351,57618812.00
2014/04/24,5.24,5.28,5.17,5.20,8556459,54403820.00
2014/04/25,5.19,5.23,4.96,4.98,14571441,90205232.00
2014/04/28,4.98,4.98,4.75,4.76,10036550,59079960.00
2014/04/29,4.77,4.89,4.75,4.84,8969489,52829992.00
2014/04/30,4.86,4.89,4.83,4.87,4930483,29288788.00
2014/05/05,4.87,4.88,4.73,4.79,9078703,52918568.00
2014/05/06,4.79,4.84,4.77,4.81,6003271,35263716.00
2014/05/07,4.79,4.85,4.78,4.79,5644170,33174720.00
2014/05/08,4.78,4.90,4.77,4.81,4933257,29126708.00
2014/05/09,4.81,4.81,4.69,4.72,5945047,34422640.00
2014/05/12,4.76,4.83,4.73,4.82,8834864,51651688.00
2014/05/13,4.83,4.85,4.80,4.83,5940342,35022336.00
2014/05/14,4.87,4.94,4.84,4.86,8338904,49745400.00
2014/05/15,4.83,4.84,4.73,4.74,6483571,37792248.00
2014/05/16,4.72,4.78,4.71,4.74,5251327,30349818.00
2014/05/19,4.74,4.74,4.59,4.61,7646989,43299200.00
2014/05/20,4.62,4.67,4.58,4.61,4373200,24674118.00
2014/05/21,4.61,4.62,4.52,4.61,5940213,33203336.00
2014/05/22,4.63,4.65,4.54,4.55,6844789,38578240.00
2014/05/23,4.57,4.66,4.57,4.63,9533622,53843364.00
2014/05/26,4.66,4.68,4.59,4.63,9262035,52404296.00
2014/05/27,4.63,4.66,4.61,4.63,6194370,35082340.00
2014/05/28,4.63,4.83,4.61,4.70,10726213,61490136.00
2014/05/29,4.70,4.75,4.64,4.65,8658948,49685996.00
2014/06/30,4.85,5.11,4.71,4.85,35766115,176516800.00
2014/07/01,4.85,4.95,4.79,4.83,19722375,95655968.00
2014/07/02,4.83,4.83,4.72,4.78,17316426,82488232.00
2014/07/03,4.78,4.84,4.74,4.80,14677967,70330776.00
2014/07/04,4.81,4.83,4.77,4.79,10487752,50272280.00
2014/07/07,4.82,4.94,4.79,4.88,20185450,98218464.00
2014/07/08,4.88,4.88,4.80,4.84,11014714,53244000.00
2014/07/09,4.83,4.84,4.71,4.72,13832989,66051276.00
2014/07/10,4.72,4.75,4.65,4.67,11160016,52422768.00
2014/07/11,4.66,4.75,4.65,4.72,8202859,38623812.00
2014/07/14,4.73,4.78,4.69,4.75,11845406,56010480.00
2014/07/15,4.75,4.79,4.74,4.77,10781682,51315604.00
2014/07/16,4.76,4.79,4.74,4.77,9183044,43764848.00
2014/07/17,4.77,4.77,4.69,4.70,8497606,40046208.00
2014/07/18,4.69,4.80,4.69,4.77,17340506,82762408.00
2014/07/21,4.77,4.95,4.73,4.91,40240407,196479728.00
2014/07/22,4.87,4.96,4.86,4.90,21387852,104897040.00
2014/07/23,4.90,4.94,4.83,4.85,14248478,69607296.00
2014/07/24,4.88,5.15,4.87,5.05,43854717,220777936.00
2014/07/25,5.02,5.10,4.95,5.07,23915307,120263856.00
2014/07/28,5.08,5.17,5.06,5.13,28530291,146430304.00
2014/07/29,5.14,5.44,5.14,5.26,39018700,206518400.00
2014/07/30,5.21,5.27,5.17,5.18,21476519,111781200.00
2014/07/31,5.21,5.24,5.14,5.24,13263712,68834352.00
2014/08/01,5.23,5.23,5.08,5.09,23228400,119588512.00
2014/08/04,5.11,5.18,5.09,5.16,15687200,80693512.00
2014/08/05,5.18,5.19,5.10,5.18,14862688,76546888.00
2014/08/06,5.18,5.18,5.10,5.14,20008504,102531200.00
2014/08/07,5.14,5.16,5.06,5.08,16006750,81816840.00
2014/08/08,5.08,5.11,5.01,5.05,17530602,88675584.00
2014/08/11,5.06,5.13,5.04,5.12,20576107,104807240.00
2014/08/12,5.12,5.16,5.08,5.15,18035671,92457856.00
2014/08/13,5.15,5.19,5.11,5.19,21105281,108985992.00
2014/08/14,5.18,5.19,5.11,5.11,15522577,79805304.00
2014/08/15,5.11,5.13,5.05,5.10,15621405,79637976.00
2014/08/18,5.10,5.16,5.10,5.16,15137394,77774016.00
2014/08/19,5.17,5.33,5.13,5.29,51227608,268541536.00
2014/08/20,5.28,5.33,5.21,5.25,26068319,137263376.00
2014/08/21,5.26,5.28,5.14,5.19,21199175,110151424.00
2014/08/22,5.22,5.39,5.17,5.34,42995425,227936304.00
2014/08/25,5.37,5.38,5.23,5.26,24454863,128958064.00
2014/08/26,5.25,5.25,5.03,5.08,27414780,140613360.00
2014/08/27,5.05,5.10,5.04,5.06,12685906,64272968.00
2014/08/28,5.06,5.10,4.93,5.02,21847676,109317440.00
2014/08/29,5.01,5.04,4.95,5.02,10917086,54558588.00
2014/09/01,5.02,5.05,4.98,5.05,13439771,67529688.00
2014/09/02,5.06,5.13,5.05,5.13,18929253,96332696.00
2014/09/03,5.13,5.22,5.11,5.18,19969163,103168448.00
2014/09/04,5.20,5.26,5.19,5.22,36208962,188854576.00
2014/09/05,5.22,5.29,5.17,5.23,30088160,157429744.00
2014/09/09,5.26,5.26,5.18,5.20,27068146,140797360.00
2014/09/10,5.18,5.25,5.15,5.24,23130108,120233744.00
2014/09/11,5.23,5.31,5.20,5.23,37536626,197337616.00
2014/09/12,5.22,5.30,5.20,5.29,35535136,186891920.00
2014/09/15,5.26,5.37,5.26,5.33,42066738,223462384.00
2014/09/16,5.36,5.65,5.30,5.36,103755316,568567168.00
2014/09/17,5.34,5.57,5.31,5.55,76488009,418930848.00
2014/09/18,5.53,5.54,5.42,5.52,44405174,243387936.00
2014/09/19,5.53,5.72,5.41,5.65,69233243,387795424.00
2014/09/22,5.63,5.69,5.52,5.63,53736677,301207488.00
2014/09/23,5.68,5.79,5.57,5.59,50287316,284545472.00
2014/09/24,5.58,5.63,5.49,5.61,45805167,254883328.00
2014/09/25,5.60,5.63,5.46,5.48,42878794,237890000.00
2014/09/26,5.48,5.65,5.45,5.55,32184473,178517888.00
2014/09/29,5.59,5.60,5.51,5.54,33050588,183441120.00
2014/09/30,5.59,5.65,5.51,5.61,47072367,263697376.00
2014/10/08,5.72,5.77,5.63,5.67,46643247,265036592.00
2014/10/09,5.68,5.69,5.55,5.62,40342670,226329936.00
2014/10/10,5.61,5.69,5.55,5.67,47694184,268728448.00
2014/10/13,5.64,5.71,5.60,5.68,28761422,162226160.00
2014/10/14,5.68,5.75,5.61,5.63,34444894,195661360.00
2014/10/15,5.61,5.64,5.53,5.56,25703035,143125456.00
2014/10/16,5.52,5.54,5.36,5.37,37714060,206095376.00
2014/10/17,5.35,5.62,5.32,5.53,45924791,251294416.00
2014/10/20,5.51,5.59,5.46,5.54,24174702,133603336.00
2014/10/21,5.54,5.54,5.39,5.40,22251724,121282736.00
2014/10/22,5.40,5.45,5.29,5.30,15725563,84285328.00
2014/10/23,5.30,5.36,5.19,5.22,15865343,83502256.00
2014/10/24,5.20,5.27,5.17,5.22,12135894,63327920.00
2014/10/27,5.20,5.21,5.13,5.17,13206447,68212568.00
2014/10/28,5.18,5.31,5.18,5.28,26501682,138821504.00
2014/10/29,5.28,5.65,5.26,5.60,76727060,423163232.00
2014/10/30,5.54,5.64,5.49,5.55,44354304,246342608.00
2014/10/31,5.55,5.77,5.52,5.65,74374707,421948096.00
2014/11/03,5.67,5.75,5.61,5.66,42920708,243478432.00
2014/11/04,5.65,5.65,5.52,5.57,28124886,156810304.00
2014/11/05,5.57,5.64,5.54,5.58,23667340,132334296.00
2014/11/06,5.58,5.69,5.56,5.61,23825488,133847136.00
2014/11/07,5.61,5.68,5.45,5.48,38254516,213471776.00
2014/11/10,5.49,5.57,5.46,5.56,26738129,147683584.00
2014/11/11,5.58,5.62,5.37,5.41,38006874,209297072.00
2014/11/12,5.41,5.74,5.39,5.73,80335024,454195264.00
2014/11/13,5.74,5.90,5.63,5.64,73602581,424310080.00
2014/11/14,5.66,6.13,5.63,5.89,109530206,645169600.00
2014/11/17,5.80,5.99,5.71,5.79,51804828,301395776.00
2014/11/18,5.77,5.85,5.72,5.84,36400285,210303808.00
2014/11/19,5.82,5.93,5.74,5.84,36646246,213397824.00
2014/11/20,5.84,5.93,5.76,5.91,50048878,293850144.00
2014/11/21,6.04,6.11,5.88,5.94,65682937,392261408.00
2014/11/24,6.22,6.25,6.06,6.13,123776625,762127552.00
2014/11/25,6.15,6.41,6.09,6.28,103699008,650288768.00
2014/11/26,6.26,6.26,6.06,6.13,78186121,480164864.00
2014/11/27,6.13,6.17,6.03,6.12,56650113,345397600.00
2014/11/28,6.12,6.35,6.08,6.34,96899215,601739904.00
2014/12/01,6.35,6.37,6.10,6.13,70147948,436324128.00
2014/12/02,6.13,6.25,6.10,6.20,57800816,357206432.00
2014/12/03,6.25,6.54,6.20,6.33,89885715,572290944.00
2014/12/04,6.35,6.49,6.23,6.49,88233223,562613696.00
2014/12/05,6.51,6.75,6.16,6.33,105960408,684010880.00
2014/12/08,6.31,6.60,6.20,6.55,89133228,575435840.00
2014/12/09,6.48,6.95,6.25,6.28,135798744,896960768.00
2014/12/10,6.29,6.53,6.20,6.47,66055372,419510720.00
2014/12/11,6.41,6.71,6.36,6.64,69317421,455934048.00
2014/12/12,6.58,6.66,6.40,6.50,51639334,336542752.00
2014/12/15,6.50,6.51,6.33,6.47,53614755,343529216.00
2014/12/16,6.45,6.58,6.37,6.57,57526707,372221728.00
2014/12/17,6.55,6.58,6.35,6.43,55967363,360623936.00
2014/12/18,6.48,6.54,6.34,6.35,43372700,278305600.00
2014/12/19,6.36,6.45,6.19,6.32,51552897,325886016.00
2014/12/22,6.35,6.54,6.20,6.40,57066241,363840704.00
2014/12/23,6.30,6.46,6.13,6.18,46675438,293196128.00
2014/12/24,6.20,6.24,6.02,6.10,35444122,216277680.00
2014/12/25,6.10,6.20,6.08,6.19,26767542,164673712.00
2014/12/26,6.18,6.44,6.17,6.40,53044971,334832192.00
2014/12/29,6.45,6.72,6.38,6.50,87809166,574728768.00
2014/12/30,6.45,6.60,6.35,6.38,48127386,310628064.00
2014/12/31,6.38,6.92,6.35,6.86,104960782,699761728.00
2015/01/05,6.91,7.26,6.80,6.93,141225548,991591808.00
2015/01/06,6.85,6.90,6.62,6.73,65292284,440785120.00
2015/01/07,6.73,6.86,6.63,6.84,47408662,319964448.00
2015/01/08,6.79,6.83,6.57,6.60,38065213,254407360.00
2015/01/09,6.59,6.75,6.53,6.54,42274561,281186656.00
2015/01/12,6.45,6.45,6.18,6.21,41275845,259361504.00
2015/01/13,6.20,6.27,6.17,6.25,18418221,114793648.00
2015/01/14,6.25,6.31,6.17,6.21,17432465,108777232.00
2015/01/15,6.21,6.40,6.15,6.37,33508409,211444272.00
2015/01/16,6.40,6.42,6.30,6.36,23787156,151171760.00
2015/01/19,6.10,6.22,5.73,5.78,53265531,318858336.00
2015/01/20,5.81,5.95,5.81,5.95,26340926,155329520.00
2015/01/21,5.96,6.23,5.94,6.19,34747893,212709040.00
2015/01/22,6.16,6.35,6.14,6.28,33942093,212014928.00
2015/01/23,6.07,6.20,5.99,6.12,80549300,490816480.00
2015/01/26,6.09,6.54,6.04,6.48,82319582,521181152.00
2015/01/27,6.47,6.55,6.32,6.46,50513354,324992384.00
2015/01/28,6.43,6.62,6.31,6.52,57595465,371879648.00
2015/01/29,6.42,6.55,6.36,6.42,30211996,195043808.00
2015/01/30,6.45,6.77,6.40,6.51,80133090,527600960.00
2015/02/02,6.40,6.62,6.36,6.49,39210120,254271200.00
2015/02/03,6.53,6.59,6.33,6.46,44145982,284532736.00
2015/02/04,6.46,6.67,6.39,6.57,63319932,413395136.00
2015/02/05,6.78,6.79,6.49,6.59,69965738,465315072.00
2015/02/06,6.52,6.56,6.16,6.22,34164484,217569712.00
2015/02/09,6.18,6.29,6.10,6.13,29964819,185127104.00
2015/02/10,6.16,6.26,6.14,6.21,20097733,124651384.00
2015/02/11,6.24,6.26,6.15,6.21,24302402,150424272.00
2015/02/12,6.21,6.25,6.17,6.25,22988204,142976720.00
2015/02/13,6.27,6.42,6.26,6.31,27928955,177096848.00
2015/02/16,6.32,6.42,6.31,6.37,21842065,139349568.00
2015/02/17,6.41,6.66,6.40,6.58,45989300,300859968.00
2015/02/25,6.58,6.58,6.44,6.49,23812383,154877360.00
2015/02/26,6.47,6.73,6.47,6.69,38605976,255073952.00
2015/02/27,6.68,6.85,6.60,6.80,59478651,400648352.00
2015/03/02,6.90,6.94,6.73,6.80,58244351,396335104.00
2015/03/03,6.74,6.74,6.53,6.56,46585897,308295040.00
2015/03/04,6.55,6.63,6.54,6.63,30310598,199705968.00
2015/03/05,6.62,6.62,6.44,6.55,41439821,269969024.00
2015/03/06,6.55,6.80,6.50,6.76,55646420,368537696.00
2015/03/09,6.76,7.15,6.70,6.90,86949297,603378816.00
2015/03/10,6.85,6.95,6.78,6.82,49807843,341665280.00
2015/03/11,6.82,6.93,6.74,6.82,40935438,280166784.00
2015/03/12,6.87,7.44,6.85,7.23,111652159,796525248.00
2015/03/13,7.23,7.28,7.02,7.14,61337041,437542016.00
2015/03/16,7.16,7.32,7.14,7.25,68808031,497915040.00
2015/03/17,7.29,7.50,7.19,7.30,90502335,664147840.00
2015/03/18,7.25,7.40,7.22,7.36,64628369,472777856.00
2015/03/19,7.36,7.77,7.30,7.64,100050698,748205888.00
2015/03/20,7.56,7.88,7.50,7.62,79053110,606665664.00
2015/03/23,7.62,7.96,7.62,7.75,72843842,566017536.00
2015/03/24,7.77,7.82,7.45,7.72,77251084,592760896.00
2015/03/25,7.72,8.05,7.65,7.95,87909700,697067584.00
2015/03/26,7.97,8.02,7.73,7.77,53244713,418177920.00
2015/03/27,7.77,8.02,7.75,7.96,50734649,399874848.00
2015/03/30,8.01,8.31,7.85,8.12,103124879,835310080.00
2015/03/31,8.34,8.50,7.86,7.93,103058198,838091904.00
2015/04/01,7.90,8.00,7.84,7.93,69481568,550585088.00
2015/04/02,7.94,8.02,7.86,7.97,50069849,397860640.00
2015/04/03,7.90,7.96,7.82,7.88,69299800,546154112.00
2015/04/07,7.90,8.04,7.82,8.03,78164949,621589952.00
2015/04/08,8.05,8.64,7.95,8.54,135270670,1127441920.00
2015/04/09,8.45,8.85,8.07,8.81,131977559,1120300160.00
2015/04/10,8.69,8.90,8.56,8.71,79617976,694295872.00
2015/04/13,8.74,8.89,8.66,8.82,68029458,597887872.00
2015/04/14,8.83,9.14,8.70,8.93,68163703,612867648.00
2015/04/15,8.85,8.93,8.40,8.48,68314292,588769984.00
2015/04/16,8.38,8.68,8.13,8.54,49631484,418388192.00
2015/04/17,8.62,8.80,8.47,8.62,84903224,730653440.00
2015/04/20,8.63,8.73,8.30,8.36,88087550,753906752.00
2015/04/21,8.45,8.59,8.28,8.58,54589364,461083040.00
2015/04/22,8.58,9.12,8.58,8.98,97454035,868526336.00
2015/04/23,9.02,9.50,8.93,9.48,117409580,1073240640.00
2015/04/24,9.57,10.25,9.28,9.82,116602863,1149187840.00
2015/04/27,9.80,9.98,9.51,9.73,74518450,723762304.00
2015/04/28,9.70,9.72,9.16,9.23,63376820,594584064.00
2015/04/29,9.30,9.68,9.30,9.56,56855580,541863424.00
2015/04/30,9.62,9.76,9.40,9.48,54628048,521905120.00
2015/05/04,9.55,9.63,9.25,9.55,49761793,472009792.00
2015/05/05,9.55,9.76,9.10,9.14,65986677,626659328.00
2015/05/06,9.17,9.33,8.50,8.74,51763934,468211104.00
2015/05/07,8.63,8.75,8.25,8.50,48161899,406946688.00
2015/05/08,8.59,8.86,8.42,8.82,48226309,418339264.00
2015/05/11,9.00,9.18,8.85,9.11,58059977,525425728.00
2015/05/12,9.18,9.47,9.07,9.25,51101406,475072000.00
2015/05/13,9.26,9.44,9.12,9.37,56030035,518088160.00
2015/05/14,9.33,9.47,9.12,9.16,50289758,465652128.00
2015/05/15,9.14,9.14,8.70,8.84,59238185,525888576.00
2015/05/18,9.00,9.02,8.80,8.83,34698577,309162976.00
2015/05/19,8.79,9.22,8.75,9.19,45146948,410574976.00
2015/05/20,9.19,9.45,9.16,9.20,59914059,557948032.00
2015/05/21,9.20,10.00,9.18,9.91,93391546,900581248.00
2015/05/22,9.91,10.09,9.67,9.99,82531515,816536192.00
2015/05/25,9.97,10.36,9.78,10.30,91413161,931878976.00
2015/05/26,10.30,10.70,10.08,10.54,101095169,1052921856.00
2015/05/27,10.54,11.58,10.30,11.26,117824164,1278808320.00
2015/05/28,11.26,11.66,10.20,10.27,111273284,1235244032.00
2015/05/29,10.28,11.30,9.80,11.30,104813657,1099896576.00
2015/06/01,11.70,12.43,11.48,12.43,76386562,925432768.00
2015/06/02,13.50,13.50,12.40,12.89,145576260,1890430720.00
2015/06/03,12.86,13.35,12.45,13.04,91786841,1184683648.00
2015/06/04,12.90,13.30,11.80,12.70,79508056,998880512.00
2015/06/05,13.01,13.13,12.20,12.80,81044007,1031404032.00
2015/06/08,12.70,13.09,12.60,12.80,95477487,1223926016.00
2015/06/09,12.82,14.08,12.56,14.08,107359000,1423482240.00
2015/06/10,13.61,15.44,13.47,14.44,136328172,1990973056.00
2015/06/11,14.45,14.98,14.15,14.70,88244000,1289414656.00
2015/06/12,15.25,15.79,14.88,15.07,92999917,1419219072.00
2015/06/15,14.99,15.00,14.41,14.49,73582800,1080772608.00
2015/06/16,14.40,14.40,13.51,13.72,66878996,934394816.00
2015/06/17,13.69,14.15,13.13,14.08,73000947,1005260928.00
2015/06/18,14.08,15.04,13.79,14.12,73302134,1058730688.00
2015/06/19,13.80,14.56,13.00,13.22,72144434,1011642880.00
2015/06/23,13.22,13.59,11.91,12.89,68034637,863337152.00
2015/06/24,13.15,13.38,12.50,13.30,67290339,877283648.00
2015/06/25,13.29,13.96,12.90,13.29,87474233,1173563392.00
2015/06/26,12.85,13.07,11.96,11.96,69128028,860473216.00
2015/06/29,12.50,12.57,10.76,10.76,92067241,1058521344.00
2015/06/30,10.86,11.38,9.68,11.31,94086599,997720896.00
2015/07/01,11.00,11.68,10.18,10.18,71560870,791670080.00
2015/07/02,10.20,10.39,9.16,9.16,70448766,672474432.00
2015/07/03,8.56,9.21,8.24,8.24,80692540,680197952.00
2015/07/06,9.06,9.06,7.42,7.57,116470527,923628352.00
2015/07/07,7.58,7.58,6.81,6.81,53409550,372979776.00
2015/07/13,7.49,7.49,7.49,7.49,4319898,32356036.00
2015/07/14,8.24,8.24,8.24,8.24,2858216,23551700.00
2015/07/15,8.80,8.80,7.42,7.53,120778274,969714944.00
2015/07/16,7.53,8.05,7.00,7.75,62971996,484686752.00
2015/07/17,7.83,8.48,7.77,8.44,65735777,540351552.00
2015/07/20,8.47,9.11,8.23,8.93,92662331,800353280.00
2015/07/21,8.86,9.53,8.61,8.99,77397338,707763584.00
2015/07/22,9.01,9.24,8.61,9.09,63308747,565745152.00
2015/07/23,9.09,10.00,9.02,10.00,95759623,915150784.00
2015/07/24,10.00,10.68,9.74,10.10,140171376,1421758080.00
2015/07/27,9.80,10.41,9.09,9.09,101500638,1000973504.00
2015/07/28,8.75,9.75,8.18,8.68,86526497,745765696.00
2015/07/29,8.88,9.28,8.25,9.23,72077754,631278400.00
2015/07/30,9.10,9.37,8.65,8.75,71215384,649332480.00
2015/07/31,8.57,8.75,8.01,8.25,53063780,449355360.00
2015/08/03,8.10,8.18,7.44,7.75,46843450,363339040.00
2015/08/04,7.79,8.46,7.77,8.40,51320456,416781408.00
2015/08/05,8.44,8.66,8.11,8.39,60246497,508333376.00
2015/08/06,8.13,8.43,8.08,8.24,29294897,241886048.00
2015/08/07,8.29,8.65,8.29,8.54,42865725,365223296.00
2015/08/10,8.70,9.20,8.65,9.12,55692946,498593024.00
2015/08/11,9.10,9.36,8.93,9.11,65707553,600258176.00
2015/08/12,8.96,9.79,8.85,9.37,77590312,720980480.00
2015/08/13,9.22,10.03,9.18,9.83,88023313,852733120.00
2015/08/14,9.91,10.40,9.58,9.77,106705848,1069166016.00
2015/08/17,9.69,10.73,9.62,10.72,108665230,1101521920.00
2015/08/18,10.78,11.12,9.65,9.65,120788314,1251859968.00
2015/08/19,9.17,10.22,8.71,10.00,94121752,890969856.00
2015/08/20,9.76,9.97,9.11,9.17,55091125,530224832.00
2015/08/21,9.00,9.26,8.45,8.55,56771116,502017920.00
2015/08/24,8.00,8.21,7.70,7.70,54497334,424068032.00
2015/08/25,6.93,7.27,6.93,6.93,85538026,596144064.00
2015/08/26,7.05,7.47,6.55,6.80,76111014,542330048.00
2015/08/27,7.01,7.23,6.70,7.20,53354425,375438752.00
2015/08/28,7.32,7.88,7.28,7.83,61627355,463856320.00
2015/08/31,7.59,7.81,7.33,7.41,47661764,357794400.00
2015/09/01,7.43,7.54,6.67,6.67,53274802,370548512.00
2015/09/02,6.33,6.90,6.02,6.14,53782385,345006944.00
2015/09/07,6.40,6.66,6.19,6.34,39764282,256314496.00
2015/09/08,6.32,6.97,6.25,6.97,41453200,275682624.00
2015/09/09,7.10,7.46,7.00,7.28,70798638,513747232.00
2015/09/10,7.10,7.37,6.99,7.15,47174270,337227520.00
2015/09/11,7.10,7.87,7.08,7.87,122936700,948135872.00
2015/09/14,8.01,8.66,7.83,8.19,204429818,1700931712.00
2015/09/15,7.87,8.20,7.37,7.37,120124477,921805440.00
2015/09/16,7.25,8.11,7.15,8.11,124804035,959980352.00
2015/09/17,8.20,8.70,7.85,7.89,161112543,1328752256.00
2015/09/18,7.96,8.10,7.58,7.78,74164860,582749824.00
2015/09/21,7.61,8.10,7.50,8.03,64357834,509160672.00
2015/09/22,8.00,8.25,7.88,8.02,76457938,616809664.00
2015/09/23,7.83,8.03,7.63,7.68,56703219,442408736.00
2015/09/24,7.80,7.87,7.51,7.75,35427651,272789216.00
2015/09/25,7.74,7.94,7.46,7.60,42877300,331378304.00
2015/09/28,7.58,7.69,7.10,7.46,36012344,264504096.00
2015/09/29,7.22,7.47,7.16,7.18,26537274,193016160.00
2015/09/30,7.23,7.33,7.05,7.12,22429624,160675360.00
2015/10/08,7.38,7.54,7.27,7.34,46440176,342972000.00
2015/10/09,7.38,7.49,7.26,7.43,33166330,246108256.00
2015/10/12,7.54,7.89,7.45,7.79,58264022,450364192.00
2015/10/13,7.70,8.27,7.67,8.10,68915884,549088448.00
2015/10/14,7.95,8.15,7.80,7.85,55841102,443634400.00
2015/10/15,7.76,8.06,7.74,8.04,48958652,389775456.00
2015/10/16,8.08,8.67,8.00,8.43,95811268,793718208.00
2015/10/19,8.52,8.92,8.28,8.38,90710004,777363264.00
2015/10/20,8.47,8.58,8.20,8.47,55983638,469351616.00
2015/10/21,8.40,8.87,7.80,7.82,93516523,780185792.00
2015/10/22,7.95,8.25,7.86,8.22,58735234,473673472.00
2015/10/23,8.23,8.87,8.20,8.73,88666467,758932992.00
2015/10/26,8.85,9.44,8.59,9.15,114791193,1027540352.00
2015/10/27,8.91,9.00,8.40,8.82,81009555,705222976.00
2015/10/28,8.70,8.75,8.21,8.30,54574077,463728576.00
2015/10/29,8.40,8.61,8.30,8.44,35497899,300095456.00
2015/10/30,8.41,8.56,8.26,8.33,30832402,259353408.00
2015/11/02,7.56,8.06,7.56,7.73,47241254,370832640.00
2015/11/03,7.75,7.98,7.62,7.82,25359623,197090928.00
2015/11/04,7.88,8.34,7.82,8.23,42311412,343204832.00
2015/11/05,8.26,8.68,8.13,8.42,63110508,528074912.00
2015/11/06,8.37,8.50,8.32,8.43,43429384,365844800.00
2015/11/09,8.37,8.66,8.31,8.51,50556036,429341920.00
2015/11/10,8.50,8.60,8.25,8.38,50367602,423056800.00
2015/11/11,8.37,8.52,8.33,8.45,42201969,356167968.00
2015/11/12,8.47,8.62,8.38,8.43,50632157,429913888.00
2015/11/13,8.39,8.73,8.27,8.46,57055657,486772320.00
2015/11/16,8.25,8.42,8.23,8.40,33317647,277103008.00
2015/11/17,8.46,8.67,8.30,8.35,41804134,354811520.00
2015/11/18,8.32,8.92,8.32,8.46,70120841,602579840.00
2015/11/19,8.45,8.49,8.24,8.47,46114935,386227904.00
2015/11/20,8.50,8.57,8.38,8.44,39810443,337154656.00
2015/11/23,8.39,8.55,8.35,8.38,30244085,254967616.00
2015/11/24,8.35,8.43,8.27,8.40,22458313,187686064.00
2015/11/25,8.40,8.53,8.31,8.43,26912878,226942176.00
2015/11/26,8.42,8.83,8.42,8.55,63835345,549454848.00
2015/11/27,8.50,8.70,7.80,8.04,52557922,438970304.00
2015/11/30,8.07,8.14,7.38,7.82,35736182,279539904.00
2015/12/01,7.86,8.29,7.78,8.13,38701363,311105504.00
2015/12/02,8.05,8.28,7.83,8.08,35232611,283936192.00
2015/12/03,8.05,8.59,7.95,8.39,53790839,448134528.00
2015/12/04,8.22,8.27,8.03,8.12,39116676,319089280.00
2015/12/07,8.12,8.18,8.06,8.12,19656786,159510016.00
2015/12/08,8.05,8.10,7.73,7.77,28413237,223801296.00
2015/12/09,7.88,7.92,7.70,7.80,19550880,152796752.00
2015/12/10,7.74,8.04,7.70,7.77,23188979,181904960.00
2015/12/11,7.70,7.77,7.55,7.57,21703270,165982096.00
2015/12/14,7.50,7.70,7.45,7.65,20587669,155981840.00
2015/12/15,7.67,7.85,7.65,7.69,20210476,156778464.00
2015/12/16,7.71,7.75,7.63,7.65,16852812,129540192.00
2015/12/17,7.66,7.95,7.66,7.90,32231602,252652640.00
2015/12/18,7.85,8.02,7.78,7.84,25969557,204941776.00
2015/12/21,7.85,8.11,7.80,8.10,38678659,308874080.00
2015/12/22,8.10,8.11,7.88,7.98,28571156,228035872.00
2015/12/23,7.99,8.07,7.85,7.91,25679789,205262320.00
2015/12/24,7.90,7.95,7.69,7.87,26683422,208054992.00
2015/12/25,7.82,7.93,7.80,7.86,13375200,105228888.00
2015/12/28,7.90,7.96,7.65,7.66,24563002,191732288.00
2015/12/29,7.65,7.72,7.61,7.71,10405118,79814392.00
2015/12/30,7.73,7.92,7.60,7.85,22224325,170998288.00
2015/12/31,7.82,7.98,7.77,7.79,20159841,158893344.00
2016/01/04,7.80,7.87,7.02,7.04,15449410,115836608.00
2016/01/05,6.52,7.20,6.51,7.04,25728444,177018176.00
2016/01/06,7.07,7.16,6.94,7.13,15251955,107637008.00
2016/01/07,7.02,7.02,6.42,6.45,4717900,31606640.00
2016/01/08,6.68,6.79,6.00,6.48,22574137,147235472.00
2016/01/11,6.40,6.63,5.90,5.91,23077172,143956544.00
2016/01/12,6.04,6.11,5.80,6.00,17059971,101856208.00
2016/01/13,6.14,6.19,5.73,5.77,18052440,108660456.00
2016/01/14,5.60,5.90,5.51,5.88,18490009,106203504.00
2016/01/15,5.79,5.89,5.46,5.52,18285058,103607760.00
2016/01/18,5.45,5.63,5.40,5.55,14500439,80335032.00
2016/01/19,5.56,5.86,5.55,5.82,19850550,113339872.00
2016/01/20,5.83,5.83,5.65,5.71,15817009,90882400.00
2016/01/21,5.60,5.77,5.42,5.47,11859755,66694088.00
2016/01/22,5.53,5.63,5.39,5.59,21069555,115684256.00
2016/01/25,5.52,5.69,5.47,5.67,24585905,137137552.00
2016/01/26,5.55,5.61,5.10,5.10,25512542,136617600.00
2016/01/27,5.13,5.16,4.65,5.03,33107086,162543424.00
2016/01/28,5.04,5.18,4.89,4.95,19855735,99998160.00
2016/01/29,4.95,5.14,4.91,5.08,14840041,75234512.00
2016/02/01,5.08,5.12,4.85,4.94,11790509,58937452.00
2016/02/02,5.00,5.15,4.98,5.12,12786223,65050884.00
2016/02/03,5.10,5.25,5.07,5.17,17223744,89077888.00
2016/02/04,5.21,5.26,5.18,5.20,19009093,99095320.00
2016/02/05,5.20,5.24,5.12,5.12,11839838,61446440.00
2016/02/15,4.90,5.08,4.85,5.02,9831083,48890616.00
2016/02/16,5.05,5.28,5.05,5.25,16108835,83709904.00
2016/02/17,5.23,5.65,5.20,5.46,28553988,155091312.00
2016/02/18,5.46,5.65,5.41,5.51,23537387,130141208.00
2016/02/19,5.46,5.48,5.37,5.41,14401549,78076296.00
2016/02/22,5.57,5.63,5.51,5.58,19296125,107561184.00
2016/02/23,5.58,5.58,5.30,5.41,26811258,144811904.00
2016/02/24,5.35,5.95,5.33,5.95,35475214,200694512.00
2016/02/25,5.95,6.55,5.93,6.14,144268253,901656512.00
2016/02/26,6.23,6.46,5.96,6.14,101041152,627873472.00
2016/02/29,6.11,6.30,5.53,5.55,83738673,481194368.00
2016/03/01,5.57,6.11,5.40,6.11,104568717,627587904.00
2016/03/02,6.07,6.69,5.90,6.48,140631491,884732864.00
2016/03/03,6.34,6.67,6.26,6.29,117537272,757420224.00
2016/03/04,6.21,6.33,5.85,6.00,65764221,402654432.00
2016/03/07,6.10,6.21,6.00,6.06,36951908,225193952.00
2016/03/08,6.08,6.10,5.71,6.01,38500294,227579712.00
2016/03/09,5.83,5.95,5.74,5.77,28759764,167142112.00
2016/03/10,5.65,5.76,5.38,5.45,39035742,218420432.00
2016/03/11,5.31,5.41,5.26,5.34,23813291,127010448.00
2016/03/14,5.35,5.63,5.35,5.53,25846643,142882304.00
2016/03/15,5.50,5.65,5.45,5.54,19494252,107743984.00
2016/03/16,5.64,5.65,5.51,5.52,18149353,100837944.00
2016/03/17,5.56,5.69,5.49,5.65,21748210,121595936.00
2016/03/18,5.65,5.87,5.60,5.84,38232934,220275312.00
2016/03/22,5.70,5.77,5.55,5.55,31742159,177241584.00
2016/03/23,5.36,5.52,5.27,5.46,43204371,232303728.00
2016/03/24,5.40,5.46,5.19,5.19,37805389,201117472.00
2016/03/25,5.20,5.28,5.12,5.23,20852546,108541112.00
2016/03/28,5.25,5.49,5.23,5.38,36989168,200421088.00
2016/03/29,5.33,5.49,5.30,5.37,19337851,104306448.00
2016/03/30,5.40,5.46,5.38,5.44,15677967,85031384.00
2016/03/31,5.45,5.53,5.41,5.49,17650074,96809112.00
2016/04/01,5.46,5.54,5.45,5.52,13169337,72378208.00
2016/04/05,5.55,5.80,5.55,5.80,23587472,135125568.00
2016/04/06,5.80,5.87,5.67,5.76,19960211,115343224.00
2016/04/07,5.80,6.05,5.75,5.95,30537307,180103136.00
2016/04/08,5.91,6.16,5.87,6.05,26693500,161100304.00
2016/04/11,6.13,6.35,6.10,6.34,25088176,157525632.00
2016/04/12,6.32,6.51,6.23,6.45,29224406,185714256.00
2016/04/13,6.46,6.55,6.36,6.44,23128412,149173904.00
2016/04/14,6.45,6.57,6.41,6.54,17258172,112415672.00
2016/04/15,6.52,6.64,6.38,6.39,21598735,140246032.00
2016/04/18,6.36,6.36,6.21,6.22,20132258,126429328.00
2016/04/19,6.27,6.31,6.12,6.27,13743536,85493248.00
2016/04/20,6.29,6.30,5.96,5.96,23525165,142468688.00
2016/04/21,5.95,6.10,5.90,5.95,16098946,96508776.00
2016/04/22,5.94,6.16,5.92,6.15,13258924,80008816.00
2016/04/25,6.07,6.11,5.93,6.08,12876469,77562168.00
2016/04/26,6.10,6.38,6.08,6.38,25922434,162604080.00
2016/04/27,6.35,6.63,6.35,6.42,23390130,152043392.00
2016/04/28,6.48,6.55,6.33,6.52,19745717,127313176.00
2016/04/29,6.58,6.58,6.46,6.51,11978050,78010872.00
2016/05/03,6.56,6.56,6.40,6.52,13046071,84645816.00
2016/05/04,6.50,6.55,6.43,6.46,12734890,82640008.00
2016/05/05,6.46,6.50,6.42,6.47,8558192,55246180.00
2016/05/06,6.47,6.53,6.15,6.15,23547606,147328976.00
2016/05/09,6.03,6.04,5.84,5.84,14737374,86614096.00
2016/05/10,5.68,5.76,5.55,5.55,23021100,129212512.00
2016/05/11,5.63,5.67,5.34,5.46,12330043,67799296.00
2016/05/12,5.40,5.59,5.35,5.49,8382258,46118020.00
2016/05/13,5.48,5.62,5.45,5.50,8054029,44683760.00
2016/05/16,5.54,5.58,5.48,5.56,5733606,31740156.00
2016/05/17,5.56,5.64,5.52,5.53,7663180,42708456.00
2016/05/18,5.46,5.52,5.25,5.25,16979382,90199880.00
2016/05/19,5.25,5.32,5.16,5.18,9055913,47616112.00
2016/05/20,5.14,5.24,5.03,5.24,7172934,36948104.00
2016/05/23,5.26,5.40,5.22,5.32,6384696,34069956.00
2016/05/24,5.32,5.32,5.18,5.23,6092630,31916780.00
2016/05/25,5.28,5.33,5.24,5.25,4587803,24173512.00
2016/05/26,5.25,5.28,5.10,5.17,9084616,47093424.00
2016/05/27,5.17,5.30,5.14,5.19,4817981,25116248.00
2016/05/30,5.20,5.27,5.13,5.15,6148788,31940780.00
2016/05/31,5.15,5.35,5.15,5.33,15056719,79493920.00
2016/06/01,5.33,5.49,5.29,5.39,9975854,53888676.00
2016/06/02,5.39,5.47,5.37,5.43,6857551,37102812.00
2016/06/03,5.42,5.43,5.35,5.42,7718402,41637364.00
2016/06/06,5.45,5.46,5.38,5.39,5955113,32261528.00
2016/06/07,5.39,5.42,5.36,5.38,4981929,26809792.00
2016/06/08,5.38,5.38,5.32,5.35,7772084,41555328.00
2016/06/13,5.28,5.28,5.08,5.08,8517919,44239456.00
2016/06/14,5.09,5.14,5.03,5.10,7326365,37307524.00
2016/06/15,5.08,5.20,5.03,5.20,5644921,29080844.00
2016/06/16,5.19,5.20,5.08,5.11,6971396,35738020.00
2016/06/17,5.12,5.17,5.10,5.14,6295510,32372834.00
2016/06/20,5.05,5.12,5.00,5.08,7168884,36266408.00
2016/06/21,5.12,5.13,5.00,5.04,6700039,33948660.00
2016/06/22,5.04,5.09,5.01,5.08,4843964,24514766.00
2016/06/23,5.08,5.10,5.03,5.05,5416792,27384892.00
2016/12/13,5.30,5.30,5.30,5.30,693788,3677076.00
2016/12/14,5.57,5.57,5.57,5.57,266844,1486321.00
2016/12/15,5.85,5.85,5.85,5.85,182468,1067438.00
2016/12/16,6.14,6.14,6.14,6.14,197433,1212239.00
2016/12/19,6.45,6.45,6.45,6.45,212490,1370561.00
2016/12/20,6.77,6.77,6.60,6.77,81354021,547314368.00
2016/12/21,6.80,6.83,6.47,6.48,44081361,292272512.00
2016/12/22,6.48,6.65,6.45,6.55,21287003,139013376.00
2016/12/23,6.56,6.56,6.23,6.26,25354585,161288416.00
2016/12/26,6.27,6.44,6.14,6.31,17181924,108263144.00
2016/12/27,6.29,6.41,6.28,6.34,9674902,61531832.00
2016/12/28,6.35,6.42,6.27,6.33,9718488,61619688.00
2016/12/29,6.30,6.35,6.23,6.25,10804193,67710096.00
2016/12/30,6.26,6.51,6.26,6.39,14696015,94543912.00
2017/01/03,6.41,6.50,6.41,6.44,6915856,44614704.00
2017/01/04,6.45,6.60,6.41,6.54,11166264,72538832.00
2017/01/05,6.56,6.75,6.53,6.67,14441201,95925024.00
2017/01/06,6.67,7.00,6.62,7.00,22579596,156516512.00
2017/01/09,7.11,7.35,7.06,7.09,38760889,281135200.00
2017/01/10,7.06,7.24,7.00,7.12,17788017,126751120.00
2017/01/11,7.18,7.46,7.17,7.26,20134788,147254272.00
2017/01/12,7.21,7.38,7.00,7.00,16920434,121356984.00
2017/01/13,7.00,7.19,7.00,7.05,16849912,119241136.00
2017/01/16,7.18,7.26,6.81,7.02,20584509,145459456.00
2017/01/17,6.95,7.08,6.88,6.98,9540343,66603392.00
2017/01/18,6.99,7.09,6.95,7.02,6874140,48259176.00
2017/01/19,7.01,7.03,6.88,6.89,8564175,59548456.00
2017/01/20,6.92,7.00,6.87,6.97,5208956,36250556.00
2017/01/23,6.99,7.15,6.98,7.14,6896529,48882112.00
2017/01/24,7.12,7.22,7.08,7.13,5882790,42034660.00
2017/01/25,7.10,7.17,7.00,7.13,4202664,29827942.00
2017/01/26,7.13,7.25,7.11,7.21,5283749,38030284.00
2017/02/03,7.21,7.37,7.20,7.32,8878808,64864368.00
2017/02/06,7.31,7.69,7.31,7.62,23701259,180246352.00
2017/02/07,7.62,7.64,7.48,7.56,13409340,101140680.00
2017/02/08,7.57,7.73,7.57,7.64,12469187,95530168.00
2017/02/09,7.61,7.83,7.61,7.74,11469016,88739392.00
2017/02/10,7.74,7.98,7.71,7.86,11771361,92829224.00
2017/02/13,7.87,8.10,7.87,7.94,18360086,146955456.00
2017/02/14,7.95,8.03,7.86,7.98,11970262,95095336.00
2017/02/15,7.96,8.06,7.95,8.00,9472965,75755040.00
2017/02/16,8.03,8.03,7.89,7.90,12404537,98787920.00
2017/02/17,7.91,7.94,7.63,7.68,26834533,207582800.00
2017/02/20,7.60,7.86,7.55,7.84,13952654,108034304.00
2017/02/21,7.84,7.92,7.80,7.90,9087977,71367424.00
2017/02/22,7.93,8.05,7.83,7.90,12591241,99917416.00
2017/02/23,7.88,7.93,7.78,7.88,8447738,66422324.00
2017/02/24,7.85,7.97,7.84,7.96,8608787,68083640.00
2017/02/27,7.93,8.13,7.93,8.12,18424871,148428672.00
2017/02/28,8.17,8.34,8.07,8.34,25769777,210951104.00
2017/03/02,8.77,9.10,8.11,8.15,85722284,735548736.00
2017/03/03,7.98,8.48,7.88,7.96,40607999,328407776.00
2017/03/06,7.91,7.96,7.67,7.74,36543723,283572352.00
2017/03/07,7.75,7.86,7.68,7.80,16427638,127727496.00
2017/03/08,7.77,7.79,7.58,7.62,16496212,126687792.00
2017/03/09,7.65,7.72,7.51,7.66,17952323,137464032.00
2017/03/10,7.65,7.66,7.31,7.35,27611331,206160384.00
2017/03/13,7.29,7.47,7.29,7.46,16601394,123069360.00
2017/03/14,7.50,7.79,7.46,7.67,24321664,186714848.00
2017/03/15,7.69,7.72,7.52,7.68,16412373,125163208.00
2017/03/16,7.67,7.74,7.64,7.71,12806407,98517080.00
2017/03/17,7.71,7.76,7.63,7.67,13008145,99935208.00
2017/03/20,7.62,7.71,7.46,7.68,12553005,95608272.00
2017/03/21,7.65,7.67,7.55,7.63,10610896,80758864.00
2017/03/22,7.64,7.68,7.49,7.52,12834956,96995088.00
2017/03/23,7.48,7.54,7.35,7.41,12487643,92766624.00
2017/03/24,7.40,7.47,7.37,7.44,7890365,58512568.00
2017/03/27,7.50,7.53,7.39,7.44,12249560,91246752.00
2017/03/28,7.44,7.48,7.38,7.44,9892173,73514192.00
2017/03/29,7.44,7.48,7.30,7.31,7361479,54399800.00
2017/03/30,7.30,7.32,7.11,7.18,11904701,85598104.00
2017/03/31,7.20,7.30,7.19,7.29,6684190,48480980.00
2017/04/05,7.29,7.40,7.29,7.37,6650815,48963788.00
2017/04/06,7.37,7.40,7.33,7.39,6013919,44339420.00
2017/04/07,7.39,7.58,7.36,7.57,12509916,93743656.00
2017/04/10,7.56,7.84,7.48,7.78,17867379,138382080.00
2017/04/11,7.79,7.83,7.61,7.68,13646127,104805544.00
2017/04/12,7.68,7.73,7.60,7.66,9414900,72063432.00
2017/04/13,7.63,7.68,7.56,7.61,7070592,53893648.00
2017/04/14,7.61,7.63,7.33,7.37,11207025,83485880.00
2017/04/17,7.35,7.42,7.27,7.33,7463395,54818584.00
2017/04/18,7.34,7.42,7.29,7.31,6425480,47237112.00
2017/04/19,7.26,7.33,7.07,7.12,12072329,86181096.00
2017/04/20,7.11,7.17,6.90,6.96,8949781,62864448.00
2017/04/21,6.98,7.06,6.92,6.96,5225265,36409088.00
2017/04/24,6.98,7.03,6.83,6.92,9964106,69378144.00
2017/04/25,6.92,7.07,6.88,7.06,7346424,51247676.00
2017/04/26,7.03,7.12,6.99,7.02,5022854,35298276.00
2017/04/27,7.02,7.02,6.77,6.95,9167107,63171772.00
2017/04/28,6.92,6.99,6.90,6.98,3862020,26788288.00
2017/05/02,6.98,7.01,6.90,6.95,3561442,24772880.00
2017/05/03,6.98,6.98,6.84,6.91,5018795,34659980.00
2017/05/04,6.85,6.88,6.79,6.80,5191357,35481700.00
2017/05/05,6.79,6.80,6.52,6.66,9752622,64622100.00
2017/05/08,6.68,6.68,6.50,6.64,7272083,48026000.00
2017/05/09,6.60,6.74,6.60,6.71,3506875,23524052.00
2017/05/10,6.71,6.82,6.55,6.58,4477988,30090874.00
2017/05/11,6.58,6.58,6.23,6.52,8315973,53629176.00
2017/05/12,6.53,6.54,6.43,6.45,3131782,20278772.00
2017/05/15,6.52,6.52,6.42,6.42,2842042,18328232.00
2017/05/16,6.40,6.45,6.26,6.44,6424067,40716120.00
2017/05/17,6.49,6.62,6.44,6.60,6509675,42479288.00
2017/05/18,6.56,6.58,6.49,6.52,2858058,18654748.00
2017/05/19,6.55,6.70,6.49,6.68,6706293,44445264.00
2017/05/22,6.64,6.80,6.46,6.48,6759076,44918200.00
2017/05/23,6.61,7.08,6.55,6.68,15899548,108502240.00
2017/05/24,6.68,6.70,6.44,6.68,5990104,39615288.00
2017/05/25,6.66,6.76,6.62,6.70,4890494,32694762.00
2017/05/26,6.73,6.78,6.66,6.70,3720308,24970510.00
2017/05/31,6.81,7.08,6.77,6.86,9624439,66500396.00
2017/06/01,6.86,6.91,6.68,6.72,5716564,38765900.00
2017/06/02,6.68,6.80,6.61,6.76,4838306,32409854.00
2017/06/05,6.77,6.82,6.73,6.77,3270827,22135924.00
2017/06/06,6.78,6.82,6.73,6.77,4330691,29369056.00
2017/06/07,6.78,6.92,6.77,6.90,7025812,48301828.00
2017/06/08,6.90,6.96,6.87,6.93,3940237,27325570.00
2017/06/09,6.96,7.15,6.93,7.12,12048669,84849856.00
2017/06/12,7.10,7.25,7.02,7.06,13351699,95669376.00
2017/06/13,7.13,7.13,7.01,7.07,4573418,32369592.00
2017/06/14,7.06,7.12,7.02,7.10,3796547,26854022.00
2017/06/15,7.11,7.18,7.07,7.09,5305431,37713348.00
2017/06/16,7.06,7.12,6.95,6.97,7183445,50441944.00
2017/06/19,6.95,7.08,6.92,6.97,7050095,49251444.00
2017/06/20,7.08,7.21,7.03,7.10,10139505,72304816.00
2017/06/21,7.10,7.16,6.95,6.96,10401318,73089376.00
2017/06/22,6.98,7.18,6.98,7.17,15406771,109346648.00
2017/06/23,7.08,7.18,6.91,7.01,11319982,79535912.00
2017/06/26,7.02,7.03,6.84,6.86,11926821,82338160.00
2017/06/27,6.85,6.94,6.80,6.83,6946829,47638892.00
2017/06/28,6.85,6.89,6.83,6.85,4783474,32793816.00
2017/06/29,6.88,6.88,6.80,6.83,4373656,29893408.00
2017/06/30,6.83,6.87,6.79,6.81,5023276,34326764.00
2017/07/03,6.84,6.87,6.81,6.84,4637671,31692496.00
2017/07/04,6.86,6.87,6.79,6.84,3651633,24951520.00
2017/07/05,6.85,6.95,6.84,6.95,8674156,59850344.00
2017/07/06,6.93,6.93,6.84,6.87,6853165,47038984.00
2017/07/07,6.85,6.93,6.82,6.91,4545109,31297188.00
2017/07/10,6.93,6.95,6.88,6.91,4313120,29796804.00
2017/07/11,6.90,7.09,6.85,7.00,10822040,75966368.00
2017/07/12,6.98,7.07,6.91,6.99,6451506,45067976.00
2017/07/13,6.96,7.07,6.96,7.04,5086940,35809872.00
2017/07/14,7.01,7.08,6.98,7.06,5926647,41728792.00
2017/07/17,7.06,7.06,6.64,6.80,10842486,74729376.00
2017/07/18,6.75,6.95,6.75,6.86,3945315,26985712.00
2017/07/19,6.85,6.91,6.81,6.90,5293865,36349736.00
2017/07/20,6.90,7.05,6.88,6.98,7456878,52140072.00
2017/07/21,6.97,7.00,6.92,6.94,3943541,27444182.00
2017/07/24,6.95,7.00,6.85,6.96,8590188,59633072.00
2017/07/25,6.97,6.98,6.88,6.89,4563989,31571124.00
2017/07/26,6.85,6.93,6.85,6.90,3915528,26986564.00
2017/07/27,6.90,7.09,6.86,7.06,12623161,88356456.00
2017/07/28,7.09,7.13,6.92,7.03,7554200,52776856.00
2017/08/02,7.22,7.22,7.22,7.22,0,0.00
数据来源:通达信
