601011 宝泰隆 日线 前复权
      日期	    开盘	    最高	    最低	    收盘	    成交量	    成交额
2011/03/09,10.68,11.24,9.84,10.14,65912777,1706235136.00
2011/03/10,9.64,9.96,9.50,9.78,30134266,747046464.00
2011/03/11,9.83,9.91,9.40,9.43,24398259,596818432.00
2011/03/14,9.36,9.36,9.05,9.31,12315208,288271456.00
2011/03/15,9.23,9.45,9.12,9.42,13278211,315020320.00
2011/03/16,9.36,9.50,9.27,9.39,9744263,232582592.00
2011/03/17,9.24,9.57,8.96,8.98,14681543,344722624.00
2011/03/18,9.10,9.19,8.86,8.92,8664463,198018528.00
2011/03/21,8.96,9.27,8.96,9.19,9352248,217445472.00
2011/03/22,9.20,9.42,8.99,9.37,9664766,226794144.00
2011/03/23,9.40,9.52,9.26,9.34,9613843,228965712.00
2011/03/24,9.34,9.38,9.12,9.14,6812307,159770848.00
2011/03/28,9.25,9.56,9.24,9.30,11767513,281659072.00
2011/03/29,9.32,9.36,8.88,8.92,8988527,207840128.00
2011/03/30,9.00,9.72,8.90,9.48,12599476,299604192.00
2011/03/31,9.44,9.90,9.32,9.57,18845716,462001664.00
2011/04/01,9.48,9.80,9.44,9.74,10756969,263827616.00
2011/04/06,9.74,10.04,9.64,9.78,13537416,337698656.00
2011/04/07,9.72,10.76,9.53,9.99,14309605,365781824.00
2011/04/08,10.00,10.15,9.80,9.91,9811544,247963568.00
2011/04/12,9.92,9.98,9.44,9.52,9682435,237701760.00
2011/04/13,9.46,9.68,9.44,9.60,5553893,135372624.00
2011/04/14,9.64,9.68,9.32,9.39,5523175,133615416.00
2011/04/15,9.40,9.46,9.08,9.26,6455492,151408160.00
2011/04/18,9.16,9.36,9.12,9.22,3562607,83522432.00
2011/04/19,9.18,9.19,9.04,9.09,3985297,92168344.00
2011/04/20,9.14,9.21,9.09,9.18,2864537,66755632.00
2011/04/21,9.22,9.42,9.17,9.35,4796099,113576128.00
2011/04/22,9.34,9.34,8.95,9.04,5799256,134260144.00
2011/04/25,9.07,9.10,8.72,8.73,3476939,78711968.00
2011/04/26,8.73,8.84,8.48,8.51,2871446,62994248.00
2011/04/27,8.55,8.62,8.19,8.28,2747387,58917472.00
2011/04/28,8.30,8.38,7.96,8.00,2841999,59011548.00
2011/04/29,8.01,8.23,7.98,8.22,2224886,45971728.00
2011/05/03,8.26,8.26,8.01,8.22,1580578,32810616.00
2011/05/04,8.12,8.13,7.84,7.85,2703689,54935256.00
2011/05/05,7.85,7.94,7.78,7.84,1534404,30763294.00
2011/05/06,7.80,7.80,7.44,7.60,2987016,57917524.00
2011/05/10,7.70,8.38,7.60,8.26,7990730,163587584.00
2011/05/11,8.08,8.32,8.05,8.20,4221001,88101296.00
2011/05/12,8.05,8.16,7.92,7.97,2420133,49687600.00
2011/05/13,7.91,8.18,7.91,8.14,2274959,46903512.00
2011/05/16,8.16,8.28,8.12,8.15,2209949,46240352.00
2011/05/17,8.05,8.41,7.94,8.24,4556299,95867432.00
2011/05/18,8.20,8.29,8.06,8.14,2042138,42393320.00
2011/05/19,8.18,8.28,8.03,8.04,1452331,30078366.00
2011/05/20,8.06,8.07,7.85,7.90,1871949,37841852.00
2011/05/23,7.86,7.90,7.54,7.54,1965099,38386856.00
2011/05/24,7.51,7.65,7.48,7.60,1215295,23508840.00
2011/05/25,7.60,7.66,7.46,7.48,1447098,27932464.00
2011/05/26,7.59,7.72,7.44,7.44,1109818,21376484.00
2011/05/27,7.44,7.62,7.36,7.42,1618378,30898978.00
2011/05/30,7.25,7.50,7.25,7.38,1227597,23189550.00
2011/05/31,7.38,7.63,7.38,7.56,1352189,25959572.00
2011/06/01,7.56,7.60,7.48,7.56,1034424,19926916.00
2011/06/02,7.44,7.44,7.29,7.40,1441177,27133158.00
2011/06/03,7.40,7.50,7.38,7.45,1039895,19763628.00
2011/06/07,7.44,7.47,7.35,7.44,951763,18037012.00
2011/06/08,7.42,7.46,7.32,7.37,1167949,21965724.00
2011/06/09,7.32,7.32,7.03,7.09,10162813,184250464.00
2011/06/10,7.04,7.08,6.58,6.72,6401154,110655352.00
2011/06/13,6.61,6.66,6.49,6.63,2953137,49669832.00
2011/06/14,6.60,6.76,6.59,6.71,3098390,53144288.00
2011/06/15,6.69,6.74,6.58,6.59,2162676,36894284.00
2011/06/16,6.52,6.52,6.26,6.34,2825371,46230776.00
2011/06/17,6.36,6.49,6.34,6.35,2622490,43121512.00
2011/06/20,6.34,6.48,6.34,6.44,2076503,34087888.00
2011/06/21,6.34,6.55,6.34,6.53,3203165,53025144.00
2011/06/22,6.48,6.55,6.40,6.43,2056779,34102904.00
2011/06/24,6.68,7.04,6.60,6.88,8436817,146552800.00
2011/06/27,6.76,6.95,6.72,6.90,5140461,90275368.00
2011/06/28,6.90,6.99,6.82,6.97,3911310,69216560.00
2011/06/29,6.97,7.06,6.80,6.81,3548341,62961088.00
2011/06/30,6.80,7.14,6.79,7.10,5832763,105096944.00
2011/07/01,7.10,7.30,7.05,7.19,4913049,90286632.00
2011/07/04,7.19,7.32,7.09,7.27,5887174,108663008.00
2011/07/05,7.27,7.32,7.15,7.22,3860084,71237992.00
2011/07/06,7.23,7.23,7.12,7.18,2914637,53371196.00
2011/07/07,7.18,7.51,7.16,7.30,5997210,112448264.00
2011/07/08,7.27,7.34,7.14,7.19,3019185,55637080.00
2011/07/11,7.10,7.27,7.07,7.18,2113235,38860120.00
2011/07/12,7.11,7.14,6.94,6.97,3262106,58686908.00
2011/07/13,6.96,7.18,6.96,7.17,2907186,52939836.00
2011/07/14,7.20,7.56,7.20,7.55,7968380,151118896.00
2011/07/15,7.48,7.56,7.41,7.51,4074777,77903512.00
2011/07/18,7.55,7.83,7.43,7.71,7533808,147110960.00
2011/07/19,7.62,7.82,7.60,7.71,5691865,112108552.00
2011/07/20,7.75,7.82,7.48,7.55,3831116,74431512.00
2011/07/21,7.53,7.57,7.34,7.34,3276741,62089792.00
2011/07/22,7.34,7.50,7.34,7.40,2098274,39816508.00
2011/07/25,7.36,7.36,6.98,7.02,3652825,66816620.00
2011/07/26,7.04,7.08,6.92,7.04,2061539,36948436.00
2011/07/27,7.01,7.24,6.94,7.20,2148126,39118552.00
2011/07/28,7.09,7.35,7.06,7.31,3116514,57597960.00
2011/07/29,7.26,7.33,7.08,7.10,2127104,39011516.00
2011/08/01,7.06,7.43,7.06,7.35,3145752,58720212.00
2011/08/02,7.30,7.58,7.15,7.56,4816859,90889864.00
2011/08/03,7.44,7.79,7.40,7.61,7743957,151301248.00
2011/08/04,7.64,7.75,7.52,7.62,3890632,75722840.00
2011/08/05,7.36,7.61,7.26,7.44,5159127,98405272.00
2011/08/08,7.22,7.36,6.68,6.74,5762135,102672776.00
2011/08/09,6.48,6.71,6.17,6.61,3790388,62739224.00
2011/08/10,6.72,6.88,6.62,6.66,3469867,59940276.00
2011/08/11,6.44,6.83,6.40,6.80,2857813,49058280.00
2011/08/12,6.85,7.10,6.85,7.06,4216893,75232080.00
2011/08/15,7.28,7.39,7.06,7.23,4439937,81657216.00
2011/08/16,7.17,7.23,7.08,7.11,3292745,60060860.00
2011/08/17,7.17,7.22,7.12,7.16,2448028,44847824.00
2011/08/18,7.15,7.15,6.87,6.88,2584883,46269320.00
2011/08/19,6.68,6.79,6.66,6.76,1799478,31040600.00
2011/08/22,6.78,7.09,6.78,6.85,2322698,41171884.00
2011/08/23,6.87,7.02,6.82,7.00,1579167,27989518.00
2011/08/24,7.01,7.10,6.90,6.93,1777666,31857582.00
2011/08/25,6.92,7.16,6.77,7.14,4659116,83523248.00
2011/08/26,7.08,7.19,7.03,7.17,3396754,61781880.00
2011/08/29,7.18,7.20,7.01,7.02,2543937,45996228.00
2011/08/30,7.09,7.20,6.96,6.97,2906199,52678532.00
2011/08/31,6.98,7.03,6.74,6.83,2515257,44039916.00
2011/09/01,6.84,6.90,6.76,6.77,1452499,25385722.00
2011/09/02,6.75,6.81,6.60,6.65,1597501,27284616.00
2011/09/05,6.62,6.62,6.44,6.47,1448610,24143404.00
2011/09/06,6.47,6.56,6.40,6.53,1041736,17339326.00
2011/09/07,6.59,6.69,6.56,6.68,1433972,24334310.00
2011/09/08,6.76,6.78,6.56,6.57,1447272,24793748.00
2011/09/09,6.59,6.68,6.50,6.53,867130,14569881.00
2011/09/13,6.40,6.53,6.36,6.52,793756,13135058.00
2011/09/14,6.56,6.64,6.41,6.64,1022736,17123828.00
2011/09/15,6.62,6.68,6.56,6.58,1168488,19857506.00
2011/09/16,6.65,6.67,6.58,6.59,673412,11423643.00
2011/09/19,6.60,6.60,6.39,6.40,1212823,20069180.00
2011/09/20,6.40,6.47,6.29,6.40,1179710,19197568.00
2011/09/21,6.44,6.70,6.36,6.67,2538241,42740992.00
2011/09/22,6.58,6.64,6.39,6.40,1828758,30628320.00
2011/09/23,6.32,6.42,6.25,6.42,1688626,27436724.00
2011/09/26,6.39,6.46,6.24,6.34,1814918,29416690.00
2011/09/27,6.36,6.49,6.34,6.42,1742010,28653192.00
2011/09/28,6.50,6.51,6.28,6.36,1387507,22833564.00
2011/09/29,6.29,6.43,6.26,6.34,1603694,26034240.00
2011/09/30,6.35,6.42,6.30,6.36,1750705,28593860.00
2011/10/10,6.45,6.50,6.36,6.37,1928273,31775664.00
2011/10/11,6.49,6.61,6.00,6.10,4704731,75473440.00
2011/10/12,6.03,6.29,5.87,6.28,3551029,55707404.00
2011/10/13,6.20,6.33,6.16,6.28,2954615,47422272.00
2011/10/14,6.34,6.46,6.26,6.34,4015510,65439612.00
2011/10/18,6.25,6.25,5.98,5.99,2709506,42241232.00
2011/10/19,6.07,6.08,5.93,5.99,937041,14436484.00
2011/10/20,5.96,5.99,5.68,5.74,1779067,26515328.00
2011/10/21,5.78,5.82,5.68,5.75,1141406,16861676.00
2011/10/24,5.79,5.83,5.60,5.82,1539447,22721766.00
2011/10/25,5.82,6.04,5.77,5.97,2129953,32371796.00
2011/10/26,5.93,6.06,5.91,5.99,2176136,33386064.00
2011/10/27,5.91,6.04,5.91,6.00,1485050,22837642.00
2011/10/28,6.24,6.35,6.16,6.16,4359487,69547248.00
2011/10/31,6.15,6.22,6.09,6.21,2052889,32392858.00
2011/11/01,6.13,6.29,6.12,6.21,2025643,32271452.00
2011/11/02,6.12,6.28,6.00,6.27,3093275,48668396.00
2011/11/03,6.27,6.46,6.24,6.42,4949127,80839600.00
2011/11/04,6.50,6.50,6.32,6.39,3141330,51507960.00
2011/11/07,6.39,6.47,6.33,6.37,2287972,37585208.00
2011/11/08,6.35,6.62,6.34,6.48,4812372,80258232.00
2011/11/09,6.52,6.62,6.41,6.55,3243226,54134272.00
2011/11/10,6.47,6.51,6.36,6.40,3079018,50742512.00
2011/11/11,6.50,6.70,6.48,6.55,5540428,93753600.00
2011/11/15,6.73,6.80,6.64,6.65,5698102,97909104.00
2011/11/16,6.62,6.70,6.45,6.48,3094894,52065288.00
2011/11/17,6.47,6.56,6.46,6.47,1980775,32992800.00
2011/11/18,6.42,6.44,6.13,6.16,2634476,42163972.00
2011/11/21,6.14,6.22,6.11,6.19,1312248,20702120.00
2011/11/22,6.11,6.19,6.09,6.16,1041248,16406261.00
2011/11/23,6.16,6.20,6.09,6.10,1160962,18272942.00
2011/11/24,6.02,6.08,5.85,6.04,1376093,21161720.00
2011/11/25,6.04,6.11,5.98,6.04,885720,13743087.00
2011/11/28,6.08,6.12,6.04,6.08,887863,13837965.00
2011/11/29,6.20,6.22,6.12,6.22,1904380,30144168.00
2011/11/30,6.19,6.20,5.84,5.93,2054471,31735720.00
2011/12/01,6.18,6.21,6.06,6.08,2344438,36948540.00
2011/12/02,6.06,6.10,5.98,5.98,1007023,15572286.00
2011/12/05,5.96,6.00,5.81,5.81,793293,12031423.00
2011/12/06,5.80,5.87,5.76,5.83,821760,12296486.00
2011/12/07,5.83,5.91,5.81,5.88,624570,9412759.00
2011/12/08,5.89,5.95,5.79,5.86,839322,12664182.00
2011/12/09,5.79,5.88,5.78,5.78,603992,9014454.00
2011/12/12,5.80,5.84,5.68,5.68,777456,11479349.00
2011/12/13,5.63,5.65,5.22,5.31,2724128,37860192.00
2011/12/15,5.15,5.15,4.88,4.90,2856773,36632600.00
2011/12/16,4.88,5.05,4.88,5.02,1573813,20106532.00
2011/12/19,4.98,4.98,4.82,4.97,1397791,17686688.00
2011/12/20,4.92,5.06,4.92,4.96,1382511,17822322.00
2011/12/21,5.04,5.27,4.88,4.89,1760725,22896722.00
2011/12/22,4.84,4.94,4.64,4.89,1441050,17775540.00
2011/12/23,4.76,5.03,4.76,4.96,1529543,19509880.00
2011/12/27,4.88,4.96,4.78,4.78,998105,12472492.00
2011/12/28,4.69,4.78,4.64,4.75,941285,11441368.00
2011/12/29,4.72,4.81,4.70,4.77,779091,9627550.00
2011/12/30,4.83,4.93,4.76,4.91,972702,12253201.00
2012/01/04,5.00,5.07,4.81,4.81,1270566,16278091.00
2012/01/05,4.74,4.79,4.59,4.60,1266861,15361396.00
2012/01/06,4.60,4.70,4.50,4.66,908748,10817850.00
2012/01/09,4.68,5.14,4.62,5.14,4548893,59291104.00
2012/01/10,5.24,5.57,5.18,5.45,8007781,110222800.00
2012/01/11,5.44,5.52,5.32,5.38,4769987,66312984.00
2012/01/12,5.34,5.47,5.27,5.39,3617307,50077512.00
2012/01/13,5.37,5.43,5.14,5.14,3034900,41176936.00
2012/01/17,4.96,5.56,4.93,5.52,5087142,69191136.00
2012/01/18,5.46,5.53,5.29,5.34,3545283,49524008.00
2012/01/19,5.28,5.43,5.28,5.41,2528166,34971552.00
2012/01/20,5.40,5.44,5.30,5.36,1776214,24534148.00
2012/01/30,5.41,5.42,5.24,5.25,1594540,21855504.00
2012/01/31,5.24,5.32,5.19,5.30,1140092,15455375.00
2012/02/01,5.28,5.36,5.16,5.20,1354758,18369560.00
2012/02/02,5.23,5.43,5.20,5.40,2416807,33270532.00
2012/02/03,5.39,5.50,5.32,5.47,2336566,32591352.00
2012/02/06,5.56,5.58,5.40,5.45,2812816,39841892.00
2012/02/07,5.36,5.40,5.28,5.36,1923257,26374486.00
2012/02/08,5.36,5.67,5.32,5.61,3637583,51797576.00
2012/02/09,5.56,5.70,5.50,5.61,3402495,49260816.00
2012/02/10,5.57,5.65,5.52,5.54,2735764,39224060.00
2012/02/13,5.53,5.63,5.45,5.57,2268761,32406786.00
2012/02/14,5.58,5.71,5.52,5.67,3227235,46806400.00
2012/02/15,5.68,5.83,5.63,5.76,3451660,50930064.00
2012/02/16,5.76,5.79,5.62,5.72,2749694,40293144.00
2012/02/17,5.72,5.76,5.61,5.65,1531049,22300174.00
2012/02/20,5.75,5.78,5.63,5.64,2078453,30514886.00
2012/02/21,5.62,5.70,5.54,5.70,2402108,34757708.00
2012/02/22,5.70,5.78,5.67,5.77,3152143,46398168.00
2012/02/23,5.77,6.00,5.72,5.93,5001001,75307312.00
2012/02/24,5.94,6.03,5.89,5.98,4406526,67413048.00
2012/02/27,6.00,6.04,5.89,5.90,4266482,65446112.00
2012/02/28,5.88,5.90,5.77,5.82,2976148,44496036.00
2012/02/29,5.80,5.88,5.77,5.78,1847855,27610536.00
2012/03/01,5.76,5.87,5.72,5.82,1894808,28278076.00
2012/03/02,5.80,5.96,5.80,5.93,2603535,39516124.00
2012/03/05,5.92,6.00,5.84,5.85,2491735,37826076.00
2012/03/06,5.80,5.85,5.68,5.69,2222578,32825020.00
2012/03/07,5.72,5.92,5.66,5.75,3088199,46127248.00
2012/03/08,5.76,5.90,5.75,5.83,2181323,32586512.00
2012/03/09,5.84,5.99,5.81,5.96,3705982,56506688.00
2012/03/12,5.96,6.02,5.91,6.01,2576689,39383904.00
2012/03/13,5.96,6.32,5.96,6.25,6027411,95241928.00
2012/03/14,6.25,6.28,5.68,5.79,6260477,97390048.00
2012/03/15,5.76,5.87,5.66,5.77,3428216,50883848.00
2012/03/16,5.78,5.98,5.76,5.94,2543455,38409416.00
2012/03/19,5.93,6.08,5.90,6.08,2871893,44127156.00
2012/03/20,6.10,6.19,5.92,5.95,3227445,50085220.00
2012/03/21,6.00,6.20,5.96,6.12,4537604,70939008.00
2012/03/22,6.18,6.18,6.02,6.04,2327525,36256316.00
2012/03/23,6.04,6.04,5.82,5.86,2069375,31374688.00
2012/03/26,5.83,5.91,5.78,5.84,1172018,17581678.00
2012/03/27,5.88,5.91,5.80,5.81,1418301,21340904.00
2012/03/28,5.77,5.78,5.40,5.48,2799360,39919128.00
2012/03/29,5.48,5.48,5.12,5.18,3117724,42307964.00
2012/03/30,5.18,5.30,5.04,5.14,1215385,16200516.00
2012/04/05,5.16,5.32,5.14,5.29,1292062,17470140.00
2012/04/06,5.28,5.33,5.22,5.27,1241744,16894880.00
2012/04/09,5.27,5.30,5.10,5.12,1590726,21218372.00
2012/04/10,5.10,5.24,5.04,5.24,1777067,23634696.00
2012/04/11,5.12,5.24,5.10,5.18,1370894,18276242.00
2012/04/12,5.24,5.40,5.22,5.35,3365051,46084256.00
2012/04/13,5.38,5.44,5.31,5.36,3338194,46130096.00
2012/04/16,5.32,5.37,5.27,5.34,1329505,18188024.00
2012/04/17,5.32,5.36,5.25,5.26,1282701,17519020.00
2012/04/18,5.28,5.43,5.28,5.41,2504887,34663772.00
2012/04/19,5.40,5.42,5.36,5.38,1402250,19461700.00
2012/04/20,5.38,5.46,5.35,5.46,2164639,30212120.00
2012/04/23,5.46,5.48,5.31,5.33,2139683,29572048.00
2012/04/24,5.32,5.38,5.05,5.22,2237731,29989272.00
2012/04/25,5.20,5.34,5.16,5.34,1562823,21189492.00
2012/04/26,5.28,5.47,5.26,5.34,2774670,38361120.00
2012/04/27,5.35,5.39,5.28,5.34,1401477,19302368.00
2012/05/02,5.42,5.59,5.36,5.52,3746563,52969468.00
2012/05/03,5.53,5.56,5.46,5.51,2344988,33260228.00
2012/05/04,5.48,5.53,5.47,5.52,1709510,24199136.00
2012/05/07,5.46,5.50,5.36,5.46,2194686,30616946.00
2012/05/08,5.46,5.46,5.37,5.42,1541282,21449580.00
2012/05/09,5.36,5.36,5.18,5.18,2611725,35438600.00
2012/05/10,5.24,5.25,5.19,5.20,1303972,17543396.00
2012/05/11,5.20,5.29,5.18,5.20,1341828,18103756.00
2012/05/14,5.24,5.27,5.16,5.16,1250179,16835588.00
2012/05/15,5.12,5.16,5.07,5.14,1266615,16678440.00
2012/05/16,5.13,5.17,5.10,5.10,869974,11515220.00
2012/05/18,5.15,5.24,5.08,5.10,1667948,22192824.00
2012/05/21,5.05,5.19,5.05,5.16,988128,13083075.00
2012/05/22,5.20,5.22,5.13,5.21,1399219,18691624.00
2012/05/23,5.21,5.22,5.10,5.14,1216782,16172333.00
2012/05/24,5.17,5.18,5.07,5.09,851664,11260023.00
2012/05/25,5.11,5.12,4.96,4.97,1318497,17120076.00
2012/05/28,4.93,5.05,4.84,5.04,1377254,17537846.00
2012/05/29,5.07,5.15,5.04,5.12,1543261,20347058.00
2012/05/30,5.12,5.16,5.10,5.14,1055997,13965410.00
2012/05/31,5.10,5.12,5.04,5.08,1432920,18723094.00
2012/06/01,5.08,5.10,5.02,5.04,895895,11704223.00
2012/06/05,4.88,4.92,4.80,4.83,1851678,23230020.00
2012/06/06,4.82,4.88,4.71,4.74,950450,11780710.00
2012/06/07,4.82,4.82,4.70,4.71,854990,10521746.00
2012/06/08,4.76,4.79,4.70,4.72,556661,6815166.00
2012/06/11,4.72,4.81,4.70,4.81,996598,12250422.00
2012/06/12,4.77,4.77,4.71,4.72,666552,8154924.00
2012/06/13,4.72,4.81,4.70,4.81,960124,11848831.00
2012/06/14,4.79,4.82,4.74,4.74,989277,12217278.00
2012/06/15,4.75,4.83,4.74,4.82,893042,11068463.00
2012/06/18,4.85,4.89,4.82,4.83,1185236,14853742.00
2012/06/19,4.83,4.83,4.75,4.76,1000599,12360578.00
2012/06/20,4.78,4.78,4.74,4.75,809404,9950706.00
2012/06/21,4.72,4.74,4.59,4.62,1581025,18957448.00
2012/06/25,4.60,4.61,4.47,4.48,1079422,12685189.00
2012/06/26,4.45,4.53,4.42,4.51,740819,8572572.00
2012/06/27,4.51,4.54,4.45,4.47,789205,9189956.00
2012/06/28,4.51,4.51,4.33,4.34,785349,8969665.00
2012/06/29,4.30,4.50,4.28,4.48,1132933,12912556.00
2012/07/02,4.56,4.59,4.48,4.50,1077103,12630276.00
2012/07/03,4.52,4.58,4.41,4.54,2009214,23365470.00
2012/07/05,4.54,4.54,4.39,4.44,1230120,14197663.00
2012/07/06,4.48,4.58,4.40,4.58,1502727,17427148.00
2012/07/09,4.54,4.54,4.41,4.41,873529,9850802.00
2012/07/10,4.38,4.43,4.35,4.37,703339,7780159.00
2012/07/11,4.37,4.46,4.36,4.42,765655,8498541.00
2012/07/12,4.40,4.86,4.36,4.86,3275599,39001480.00
2012/07/13,4.88,5.03,4.76,4.84,6666946,82097088.00
2012/07/16,4.79,4.83,4.69,4.72,3399716,40605448.00
2012/07/17,4.72,4.84,4.69,4.77,3256822,39203492.00
2012/07/18,4.73,4.87,4.65,4.87,3082886,36984696.00
2012/07/19,4.80,4.91,4.73,4.78,3432208,41789512.00
2012/07/20,4.76,4.80,4.70,4.73,1602286,19110748.00
2012/07/23,4.68,4.82,4.50,4.63,2295228,26940868.00
2012/07/24,4.58,4.80,4.54,4.68,1772207,20830854.00
2012/07/25,4.64,4.71,4.58,4.59,1278891,14945014.00
2012/07/26,4.57,4.70,4.57,4.62,1377131,16089497.00
2012/07/27,4.63,4.82,4.63,4.74,2373854,28304098.00
2012/07/30,4.72,4.80,4.60,4.64,2055610,24300596.00
2012/07/31,4.64,4.64,4.18,4.23,2936423,32012216.00
2012/08/01,4.22,4.38,4.18,4.31,1450244,15797357.00
2012/08/02,4.26,4.33,4.23,4.29,921851,9958326.00
2012/08/03,4.30,4.38,4.27,4.37,910837,9946850.00
2012/08/06,4.32,4.56,4.30,4.51,1722829,19380128.00
2012/08/07,4.50,4.54,4.46,4.51,1434921,16273731.00
2012/08/08,4.52,4.68,4.47,4.56,2257445,26105476.00
2012/08/09,4.50,4.64,4.50,4.58,1367809,15723353.00
2012/08/10,4.56,4.62,4.52,4.54,920220,10574763.00
2012/08/13,4.52,4.52,4.39,4.39,1131437,12683279.00
2012/08/14,4.41,4.48,4.33,4.47,810892,9036092.00
2012/08/15,4.45,4.46,4.35,4.36,787386,8719903.00
2012/08/16,4.36,4.39,4.33,4.36,478910,5276685.00
2012/08/17,4.38,4.42,4.33,4.38,444417,4900072.00
2012/08/20,4.38,4.42,4.32,4.39,730250,8018844.00
2012/08/21,4.39,4.46,4.37,4.44,928159,10373707.00
2012/08/22,4.44,4.47,4.37,4.38,817825,9098788.00
2012/08/23,4.39,4.48,4.38,4.46,1115433,12481916.00
2012/08/24,4.43,4.44,4.28,4.30,1589850,17518908.00
2012/08/27,4.29,4.31,4.20,4.20,722316,7718800.00
2012/08/28,4.23,4.36,4.23,4.30,830623,8979589.00
2012/08/29,4.34,4.34,4.25,4.27,764671,8298855.00
2012/08/30,4.24,4.34,4.20,4.34,981599,10623164.00
2012/08/31,4.33,4.40,4.32,4.36,898846,9893339.00
2012/09/03,4.38,4.43,4.34,4.42,1202657,13354128.00
2012/09/04,4.45,4.49,4.38,4.39,1383741,15496136.00
2012/09/05,4.34,4.44,4.30,4.38,1150238,12684719.00
2012/09/06,4.42,4.44,4.36,4.44,877902,9776786.00
2012/09/07,4.47,4.80,4.46,4.66,4265388,49941508.00
2012/09/10,4.64,4.78,4.58,4.73,3321521,39141260.00
2012/09/11,4.68,4.70,4.64,4.68,1652361,19424576.00
2012/09/12,4.69,4.82,4.69,4.76,3212643,38562096.00
2012/09/13,4.75,4.81,4.63,4.63,1749717,20794456.00
2012/09/14,4.75,4.79,4.64,4.72,2752075,32859156.00
2012/09/17,4.72,4.74,4.54,4.55,1887527,21991188.00
2012/09/18,4.52,4.56,4.46,4.49,1184556,13437895.00
2012/09/19,4.48,4.57,4.48,4.56,844156,9637850.00
2012/09/20,4.52,4.54,4.38,4.39,1218868,13676604.00
2012/09/21,4.39,4.58,4.38,4.46,1740660,19814168.00
2012/09/24,4.36,4.56,4.31,4.51,1588749,17733724.00
2012/09/25,4.47,4.52,4.39,4.43,809447,9077417.00
2012/09/26,4.40,4.48,4.32,4.36,1118354,12371871.00
2012/09/27,4.32,4.60,4.30,4.54,2128431,24076240.00
2012/09/28,4.48,4.68,4.48,4.66,3058675,35584632.00
2012/10/08,4.67,4.67,4.57,4.64,1649753,19198112.00
2012/10/09,4.60,4.75,4.60,4.72,2536516,30121192.00
2012/10/10,4.70,4.79,4.70,4.72,2907998,34728424.00
2012/10/11,4.71,4.74,4.62,4.63,1951974,23003028.00
2012/10/12,4.65,4.71,4.58,4.70,1592855,18703394.00
2012/10/15,4.71,4.73,4.60,4.63,1585964,18554954.00
2012/10/16,4.58,4.68,4.57,4.62,1317658,15414577.00
2012/10/17,4.64,4.70,4.57,4.66,1137179,13292131.00
2012/10/18,4.66,4.77,4.66,4.74,2512887,30032224.00
2012/10/19,4.75,4.76,4.70,4.71,1412377,16802244.00
2012/10/22,4.68,4.71,4.62,4.70,1249627,14672912.00
2012/10/23,4.67,4.70,4.58,4.58,1378926,16092252.00
2012/10/24,4.54,4.58,4.52,4.54,1140949,13095385.00
2012/10/25,4.54,4.60,4.47,4.48,1597356,18276272.00
2012/10/26,4.48,4.48,4.35,4.37,1623357,17991828.00
2012/10/29,4.24,4.24,4.09,4.13,3339179,34910152.00
2012/10/30,4.12,4.18,4.11,4.14,1181435,12361714.00
2012/10/31,4.16,4.19,4.13,4.18,1001027,10514067.00
2012/11/01,4.20,4.27,4.17,4.25,1472528,15700351.00
2012/11/02,4.26,4.28,4.20,4.22,1433087,15278664.00
2012/11/05,4.22,4.34,4.21,4.30,2099195,22763000.00
2012/11/06,4.28,4.28,4.12,4.19,1718942,18131376.00
2012/11/07,4.20,4.22,4.16,4.20,870148,9224632.00
2012/11/08,4.13,4.14,4.09,4.10,1119974,11618424.00
2012/11/09,4.10,4.14,4.09,4.11,527368,5467285.00
2012/11/12,4.12,4.15,4.10,4.14,529638,5517481.00
2012/11/13,4.14,4.15,4.06,4.07,707349,7310155.00
2012/11/14,4.04,4.07,3.97,4.04,731580,7417224.00
2012/11/15,4.00,4.35,3.98,4.19,4097103,43512524.00
2012/11/16,4.15,4.34,4.08,4.34,4574960,49021832.00
2012/11/19,4.34,4.44,4.25,4.42,4913317,53784064.00
2012/11/20,4.46,4.55,4.40,4.42,5963851,66870060.00
2012/11/21,4.42,4.59,4.34,4.38,10469361,117077744.00
2012/11/22,4.36,4.36,4.06,4.11,5727130,59939420.00
2012/11/23,4.08,4.12,4.02,4.11,2511992,25879324.00
2012/11/26,4.14,4.14,4.05,4.06,1115205,11468442.00
2012/11/27,4.02,4.03,3.87,3.88,2320963,23081488.00
2012/11/28,3.84,3.84,3.76,3.80,1099018,10545233.00
2012/11/29,3.87,3.88,3.70,3.70,1039357,9916336.00
2012/11/30,3.70,3.74,3.66,3.73,807616,7589353.00
2012/12/03,3.68,3.74,3.56,3.58,1188070,10974346.00
2012/12/04,3.58,3.63,3.51,3.61,1278367,11522625.00
2012/12/05,3.62,3.80,3.59,3.76,1716801,16167555.00
2012/12/06,3.76,3.78,3.69,3.71,1219631,11476627.00
2012/12/07,3.71,3.92,3.69,3.86,2148825,20781036.00
2012/12/10,3.86,3.90,3.81,3.88,2110145,20620444.00
2012/12/11,3.88,4.04,3.79,3.90,3028535,29938632.00
2012/12/12,3.86,3.96,3.79,3.94,2376281,23193400.00
2012/12/13,3.96,3.96,3.82,3.82,1898469,18567268.00
2012/12/14,3.82,4.01,3.80,3.98,3146245,31332056.00
2012/12/17,4.02,4.20,3.98,4.04,3519531,36400716.00
2012/12/18,4.03,4.09,3.96,3.99,2161313,21938064.00
2012/12/19,3.99,4.23,3.98,4.08,3406476,35516376.00
2012/12/20,4.02,4.18,4.02,4.13,3002186,30979908.00
2012/12/21,4.15,4.55,4.15,4.33,13517598,151268272.00
2012/12/24,4.28,4.36,4.20,4.25,6807870,73148352.00
2012/12/25,4.21,4.36,4.16,4.30,6213118,66922748.00
2012/12/26,4.31,4.34,4.26,4.33,4097880,44463880.00
2012/12/27,4.36,4.45,4.25,4.26,4222596,46178788.00
2012/12/28,4.26,4.30,4.21,4.28,2483924,26709934.00
2012/12/31,4.30,4.38,4.28,4.33,2597958,28328162.00
2013/01/04,4.42,4.43,4.26,4.29,2717040,29693912.00
2013/01/07,4.25,4.38,4.25,4.32,3023135,32952768.00
2013/01/08,4.32,4.32,4.20,4.30,3697520,39753024.00
2013/01/09,4.28,4.42,4.26,4.41,4494400,49245180.00
2013/01/10,4.43,4.44,4.32,4.36,3266270,36104960.00
2013/01/11,4.36,4.38,4.21,4.22,2874115,31176252.00
2013/01/14,4.20,4.34,4.18,4.34,2659843,28781814.00
2013/01/15,4.32,4.43,4.31,4.39,4190179,46328980.00
2013/01/16,4.41,4.53,4.35,4.42,4811125,53812780.00
2013/01/17,4.38,4.42,4.32,4.36,2422656,26702686.00
2013/01/18,4.43,4.55,4.40,4.49,4019502,45308476.00
2013/01/21,4.50,4.66,4.50,4.58,6039670,69698144.00
2013/01/22,4.58,4.58,4.42,4.46,4162911,47061016.00
2013/01/23,4.42,4.47,4.31,4.41,2826297,31228104.00
2013/01/24,4.42,4.46,4.20,4.22,3731298,40784488.00
2013/01/25,4.24,4.26,4.20,4.22,1497344,15976431.00
2013/01/28,4.20,4.31,4.18,4.30,2136912,22956828.00
2013/01/29,4.31,4.38,4.27,4.35,2350914,25758444.00
2013/01/30,4.37,4.46,4.34,4.36,2221389,24589854.00
2013/01/31,4.35,4.43,4.30,4.34,2523871,27759616.00
2013/02/01,4.32,4.34,4.27,4.34,2032292,22109096.00
2013/02/04,4.36,4.59,4.31,4.52,6986808,78942848.00
2013/02/05,4.48,4.65,4.46,4.56,6433527,74276080.00
2013/02/06,4.53,4.57,4.48,4.52,2946655,33437452.00
2013/02/07,4.51,4.54,4.44,4.48,2107685,23796874.00
2013/02/08,4.51,4.53,4.46,4.50,1899888,21584838.00
2013/02/18,4.55,4.55,4.43,4.46,2119728,23897294.00
2013/02/19,4.45,4.46,4.31,4.32,2512854,27715922.00
2013/02/20,4.36,4.38,4.30,4.38,1531293,16750467.00
2013/02/21,4.33,4.33,4.22,4.24,2357861,25387916.00
2013/02/22,4.24,4.28,4.20,4.24,1008884,10817291.00
2013/02/25,4.26,4.28,4.23,4.25,942369,10106603.00
2013/02/26,4.23,4.27,4.20,4.21,1106630,11806864.00
2013/02/27,4.22,4.25,4.20,4.23,1162746,12402257.00
2013/02/28,4.25,4.32,4.20,4.32,1522761,16424547.00
2013/03/01,4.30,4.30,4.21,4.28,1594551,17150868.00
2013/03/04,4.24,4.24,3.96,4.00,2698449,27822300.00
2013/03/05,4.04,4.08,3.96,4.04,1877872,18990088.00
2013/03/06,4.04,4.11,4.03,4.09,1849716,19015636.00
2013/03/07,4.07,4.22,4.05,4.12,3047497,31826984.00
2013/03/08,4.11,4.15,4.08,4.12,1561794,16182404.00
2013/03/11,4.09,4.10,4.04,4.08,954845,9799263.00
2013/03/12,4.06,4.10,3.96,3.99,1878406,19023820.00
2013/03/13,4.02,4.04,3.96,4.00,894578,9034724.00
2013/03/14,4.02,4.08,3.96,4.05,1003106,10147163.00
2013/03/15,4.02,4.08,3.97,4.02,1056635,10761283.00
2013/03/18,4.00,4.00,3.92,3.92,1146819,11451563.00
2013/03/19,3.91,3.96,3.89,3.94,832864,8264526.00
2013/03/20,3.95,4.03,3.94,4.03,1184522,11954882.00
2013/03/21,4.03,4.09,4.01,4.04,1793036,18337908.00
2013/03/22,4.04,4.06,4.00,4.04,1080359,10993250.00
2013/03/25,4.03,4.07,4.02,4.02,754887,7696239.00
2013/03/26,4.02,4.03,3.94,3.96,1345467,13455571.00
2013/03/27,3.95,4.01,3.94,3.96,1185700,11867805.00
2013/03/28,3.94,3.94,3.78,3.80,1909715,18441526.00
2013/03/29,3.80,3.87,3.79,3.83,915472,8855770.00
2013/04/01,3.80,3.84,3.77,3.82,1180203,11335870.00
2013/04/02,3.80,3.86,3.80,3.85,1685214,16356290.00
2013/04/03,3.86,3.86,3.79,3.80,780332,7520324.00
2013/04/08,3.77,3.77,3.68,3.74,999451,9375703.00
2013/04/09,3.75,3.79,3.73,3.78,599106,5704225.00
2013/04/10,3.78,3.82,3.74,3.80,949493,9095106.00
2013/04/11,3.81,3.84,3.74,3.75,610627,5841380.00
2013/04/12,3.69,3.77,3.69,3.72,635144,5989320.00
2013/04/15,3.69,3.71,3.63,3.64,617240,5717844.00
2013/04/16,3.61,3.65,3.56,3.64,1043807,9514997.00
2013/04/17,3.63,3.65,3.59,3.61,822214,7514216.00
2013/04/18,3.62,3.64,3.58,3.62,1236230,11277719.00
2013/04/19,3.62,3.71,3.60,3.68,2904847,26961924.00
2013/04/22,3.65,4.06,3.62,3.91,7869470,77254096.00
2013/04/23,3.88,3.88,3.77,3.78,3772045,36317100.00
2013/04/24,3.77,3.89,3.76,3.83,3858003,37382968.00
2013/04/25,3.84,3.84,3.71,3.79,3337489,31779288.00
2013/04/26,3.77,3.82,3.76,3.79,1891353,18137006.00
2013/05/02,3.70,3.72,3.56,3.69,2141808,19881012.00
2013/05/03,3.64,3.82,3.64,3.80,2587024,24691120.00
2013/05/06,3.79,3.94,3.76,3.93,4158489,40477956.00
2013/05/07,3.92,4.08,3.90,4.08,6138459,62296224.00
2013/05/08,4.04,4.10,4.02,4.03,3248757,33258180.00
2013/05/09,4.03,4.27,4.03,4.16,12448476,131163680.00
2013/05/10,4.10,4.36,4.10,4.29,15116162,161678624.00
2013/05/13,4.26,4.48,4.24,4.40,17097380,188298240.00
2013/05/14,4.38,4.52,4.27,4.36,13718860,151727392.00
2013/05/15,4.17,4.48,4.17,4.37,13054451,144196784.00
2013/05/16,4.35,4.35,4.25,4.27,4247049,45914360.00
2013/05/17,4.26,4.36,4.22,4.31,3565773,38680424.00
2013/05/20,4.29,4.40,4.28,4.39,4144235,45468060.00
2013/05/21,4.42,4.44,4.30,4.38,3513587,38569968.00
2013/05/22,4.37,4.64,4.25,4.37,18961590,210732592.00
2013/05/23,4.35,4.45,4.04,4.07,17923161,191882928.00
2013/05/24,4.04,4.20,3.99,4.01,13506292,137715648.00
2013/05/27,4.01,4.16,4.00,4.06,7294666,74894296.00
2013/05/28,4.06,4.06,3.68,4.00,6706203,66395100.00
2013/05/29,3.95,4.02,3.93,3.96,3157583,31616486.00
2013/05/30,3.96,3.98,3.88,3.90,2782517,27554808.00
2013/05/31,3.95,4.00,3.92,3.93,3376486,33757296.00
2013/06/03,3.91,3.96,3.90,3.94,2385336,23691428.00
2013/06/04,3.96,3.97,3.81,3.82,2071977,20265344.00
2013/06/05,3.83,3.86,3.80,3.82,1393579,13469586.00
2013/06/06,3.82,3.83,3.71,3.72,2471057,23507630.00
2013/06/07,3.73,3.75,3.64,3.68,2156387,20086412.00
2013/06/13,3.66,3.67,3.56,3.66,1698247,15482060.00
2013/06/14,3.67,3.76,3.66,3.72,1697899,15884222.00
2013/06/17,3.72,3.76,3.69,3.72,1354981,12721506.00
2013/06/18,3.75,3.75,3.64,3.67,962533,8962723.00
2013/06/19,3.67,3.69,3.58,3.68,1331882,12227965.00
2013/06/20,3.66,3.66,3.56,3.56,1369989,12456548.00
2013/06/21,3.54,3.54,3.40,3.44,1814909,15852753.00
2013/06/24,3.43,3.43,3.09,3.11,2200505,18146176.00
2013/06/25,3.08,3.14,2.81,3.01,2328678,17529944.00
2013/06/26,3.01,3.04,2.91,2.98,2032817,15252435.00
2013/06/27,2.98,3.04,2.90,2.91,1445875,10911300.00
2013/06/28,2.86,2.98,2.84,2.90,1549156,11423743.00
2013/07/01,2.88,2.95,2.85,2.94,1440580,10584562.00
2013/07/02,2.93,2.96,2.91,2.94,1483573,11022175.00
2013/07/03,2.94,2.94,2.86,2.91,1413390,10387316.00
2013/07/04,2.92,3.02,2.87,2.96,2444302,18323882.00
2013/07/05,2.96,3.20,2.93,3.04,3986796,30900476.00
2013/07/08,3.04,3.04,2.88,2.89,1659034,12328243.00
2013/07/09,2.86,2.97,2.86,2.94,1038969,7701867.00
2013/07/10,2.92,3.03,2.92,3.02,1736417,13122105.00
2013/07/11,3.00,3.17,3.00,3.11,3247307,25512132.00
2013/07/12,3.11,3.12,3.01,3.02,2124936,16511128.00
2013/07/15,3.01,3.07,3.00,3.03,1388531,10663952.00
2013/07/16,3.06,3.08,3.00,3.07,1480195,11392046.00
2013/07/17,3.07,3.14,3.05,3.06,1896824,14871759.00
2013/07/18,3.02,3.05,2.98,2.98,1400764,10648378.00
2013/07/19,2.99,3.02,2.88,2.89,1294326,9729597.00
2013/07/22,2.89,2.92,2.87,2.90,1209581,8860245.00
2013/07/23,2.90,3.00,2.90,2.98,1680646,12643225.00
2013/07/24,3.01,3.01,2.93,2.98,1080388,8142181.00
2013/07/25,3.02,3.02,2.94,2.99,1639011,12430938.00
2013/07/26,2.99,2.99,2.93,2.94,1288768,9608871.00
2013/07/29,2.94,2.94,2.84,2.85,1655805,12119775.00
2013/07/30,2.84,2.93,2.84,2.90,1109518,8117002.00
2013/07/31,2.90,2.92,2.87,2.89,950399,6979403.00
2013/08/01,2.92,2.98,2.89,2.96,1759604,13156310.00
2013/08/02,2.98,3.03,2.96,2.98,2117568,16051600.00
2013/08/05,2.98,3.04,2.94,3.03,1739694,13207629.00
2013/08/06,3.01,3.12,3.00,3.11,3260729,25302522.00
2013/08/07,3.10,3.24,3.06,3.15,5156326,41155700.00
2013/08/08,3.15,3.15,3.09,3.10,1700979,13405591.00
2013/08/09,3.12,3.18,3.08,3.12,1767618,13970413.00
2013/08/12,3.11,3.32,3.11,3.30,4921494,40376556.00
2013/08/13,3.30,3.33,3.23,3.28,2827084,23431440.00
2013/08/14,3.29,3.33,3.21,3.22,2362039,19480092.00
2013/08/15,3.23,3.24,3.19,3.22,2138754,17424792.00
2013/08/16,3.22,3.31,3.17,3.18,2934564,23911248.00
2013/08/19,3.16,3.23,3.13,3.22,1475745,11902878.00
2013/08/20,3.23,3.32,3.21,3.30,2669006,22086184.00
2013/08/21,3.30,3.36,3.26,3.35,2319773,19488044.00
2013/08/22,3.34,3.34,3.28,3.29,2051708,17155334.00
2013/08/23,3.32,3.38,3.22,3.38,2866310,24127220.00
2013/08/26,3.38,3.44,3.36,3.42,2534703,21869588.00
2013/08/27,3.42,3.49,3.36,3.46,2704341,23540294.00
2013/08/28,3.43,3.52,3.40,3.50,3010216,26440560.00
2013/08/29,3.48,3.59,3.42,3.54,4654174,41301288.00
2013/08/30,3.54,3.62,3.48,3.50,3390677,30222364.00
2013/09/02,3.49,3.54,3.44,3.51,1837113,16169431.00
2013/09/03,3.51,3.64,3.51,3.63,2433235,22161630.00
2013/09/04,3.63,3.69,3.60,3.64,2332853,21545012.00
2013/09/05,3.62,3.72,3.60,3.71,2314764,21528960.00
2013/09/06,3.72,3.97,3.69,3.91,5769573,56440640.00
2013/09/09,3.91,3.95,3.84,3.92,4183457,41293392.00
2013/09/10,3.90,4.09,3.88,4.01,4020018,40747272.00
2013/09/11,3.97,4.19,3.90,3.96,4589704,46169088.00
2013/09/12,3.89,3.99,3.84,3.90,3454830,34219080.00
2013/09/13,3.92,3.93,3.85,3.90,2137961,21004236.00
2013/09/16,3.89,3.94,3.86,3.88,1961344,19363084.00
2013/09/17,3.90,4.07,3.56,3.96,3644935,36186632.00
2013/09/18,3.96,4.00,3.88,3.96,1111552,11057455.00
2013/09/23,3.97,4.04,3.92,4.00,1948826,19578936.00
2013/09/24,4.00,4.04,3.95,4.03,2355749,23837510.00
2013/09/25,4.01,4.10,4.01,4.09,3067266,31487698.00
2013/09/26,4.09,4.16,4.02,4.14,3164033,32532372.00
2013/09/27,4.14,4.14,4.04,4.09,2954639,30531748.00
2013/09/30,4.09,4.09,4.01,4.03,2104743,21447708.00
2013/10/08,4.03,4.03,3.92,3.98,1637705,16425101.00
2013/10/09,3.98,4.14,3.94,4.12,2364578,24271816.00
2013/10/10,4.10,4.18,4.04,4.04,2577160,26749104.00
2013/10/11,4.04,4.18,3.98,4.16,2871507,30022360.00
2013/10/14,4.14,4.22,4.11,4.21,2951463,31041924.00
2013/10/15,4.22,4.28,4.13,4.26,3233461,34396336.00
2013/10/16,4.24,4.26,4.18,4.19,2623895,27921908.00
2013/10/17,4.19,4.31,4.16,4.28,4061458,43490812.00
2013/10/18,4.28,4.40,4.24,4.29,3771355,40814704.00
2013/10/21,4.26,4.31,4.19,4.30,3028694,32453158.00
2013/10/22,4.31,4.46,4.25,4.44,5312830,58749340.00
2013/10/23,4.42,4.53,4.38,4.49,6801699,76531368.00
2013/10/24,4.47,4.51,4.41,4.43,4302090,48410236.00
2013/10/25,4.44,4.53,4.39,4.50,6202710,70091256.00
2013/10/28,4.50,4.66,4.24,4.33,5285341,59026404.00
2013/10/29,4.26,4.31,3.89,3.92,4845727,50104744.00
2013/10/30,3.87,3.88,3.70,3.87,2758340,26446088.00
2013/10/31,3.86,4.04,3.78,4.02,3386361,33687964.00
2013/11/01,4.02,4.11,3.92,4.10,2550195,26086992.00
2013/11/04,4.09,4.13,4.02,4.12,1896201,19510020.00
2013/11/05,4.08,4.15,4.03,4.13,2447522,25368128.00
2013/11/06,4.13,4.17,4.07,4.12,2146990,22326860.00
2013/11/07,4.11,4.14,4.02,4.02,1951349,20094024.00
2013/11/08,3.95,4.10,3.92,4.06,1923452,19620680.00
2013/11/11,4.08,4.14,4.01,4.11,2323634,24059408.00
2013/11/12,4.11,4.18,4.08,4.16,3298916,34566304.00
2013/11/13,4.15,4.15,4.04,4.08,1535453,15800040.00
2013/11/14,4.06,4.12,4.00,4.10,1486416,15312949.00
2013/11/15,4.11,4.24,4.06,4.21,3813310,40381792.00
2013/11/18,4.26,4.32,4.18,4.30,2968196,32045200.00
2013/11/19,4.30,4.36,4.22,4.33,3314063,35814680.00
2013/11/20,4.28,4.43,4.28,4.41,3245850,35992536.00
2013/11/21,4.41,4.50,4.36,4.40,3597354,40090288.00
2013/11/22,4.40,4.42,4.28,4.32,3100808,33763216.00
2013/11/25,4.30,4.44,4.28,4.41,3833265,42484576.00
2013/11/26,4.40,4.44,4.36,4.39,2388481,26492054.00
2013/11/27,4.37,4.42,4.32,4.36,3166730,34875272.00
2013/11/28,4.38,4.50,4.38,4.40,3408156,38048916.00
2013/11/29,4.40,4.42,4.32,4.38,2995258,32952632.00
2013/12/02,4.28,4.38,4.08,4.32,3242708,34955352.00
2013/12/03,4.28,4.47,4.26,4.45,4202656,46771152.00
2013/12/04,4.43,4.56,4.42,4.48,3900356,44148400.00
2013/12/05,4.48,4.58,4.40,4.46,3719217,41773060.00
2013/12/06,4.45,4.48,4.34,4.39,3874774,42876640.00
2013/12/09,4.39,4.42,4.16,4.26,2410749,25975856.00
2013/12/10,4.24,4.34,4.16,4.32,3472447,37245388.00
2013/12/11,4.31,4.32,4.20,4.29,2722138,29171092.00
2013/12/12,4.27,4.39,4.23,4.30,3316716,36140512.00
2013/12/13,4.29,4.34,4.24,4.31,2450150,26470822.00
2013/12/16,4.27,4.32,4.20,4.20,880289,9390357.00
2013/12/17,4.15,4.20,3.98,4.02,1592405,16374602.00
2013/12/18,4.03,4.05,3.98,4.02,617169,6252310.00
2013/12/19,4.03,4.10,4.01,4.07,850085,8702251.00
2013/12/20,4.07,4.11,4.01,4.06,1008963,10320859.00
2013/12/23,4.04,4.12,4.02,4.10,1199594,12328323.00
2013/12/24,4.08,4.18,4.00,4.14,1747348,18216412.00
2013/12/25,4.12,4.16,4.08,4.13,831527,8649601.00
2013/12/26,4.10,4.14,4.02,4.06,969340,9994047.00
2013/12/27,4.02,4.07,3.96,4.01,842436,8535306.00
2013/12/30,4.01,4.04,3.88,3.99,1132713,11372582.00
2013/12/31,3.97,4.03,3.94,3.97,783548,7894303.00
2014/01/02,3.94,4.05,3.93,4.04,1234787,12534056.00
2014/01/03,4.02,4.10,4.00,4.06,1604471,16383820.00
2014/01/06,4.07,4.07,3.87,3.88,1752307,17522696.00
2014/01/07,3.88,3.88,3.59,3.60,1730185,16165185.00
2014/01/08,3.59,3.65,3.56,3.62,1338857,12193792.00
2014/01/09,3.62,3.62,3.55,3.56,1025984,9311722.00
2014/01/10,3.57,3.57,3.38,3.40,1136045,9854788.00
2014/01/13,3.40,3.50,3.40,3.44,609625,5302964.00
2014/01/14,3.46,3.46,3.10,3.22,4965240,39842864.00
2014/01/15,3.18,3.19,3.11,3.18,3461651,27571852.00
2014/01/16,3.16,3.25,3.15,3.24,3666363,29932028.00
2014/01/17,3.24,3.24,3.14,3.17,1156574,9262911.00
2014/01/20,3.15,3.16,3.06,3.11,1943647,15210566.00
2014/01/21,3.09,3.22,3.08,3.21,1479835,11906908.00
2014/01/22,3.20,3.24,3.18,3.24,1774209,14471920.00
2014/01/23,3.24,3.27,3.22,3.24,1078323,8844752.00
2014/01/24,3.24,3.28,3.18,3.28,1274035,10523620.00
2014/01/27,3.27,3.27,3.23,3.24,817240,6705223.00
2014/01/28,3.24,3.26,3.20,3.21,569104,4643406.00
2014/01/29,3.23,3.25,3.20,3.22,431334,3516278.00
2014/01/30,3.22,3.25,3.20,3.25,527911,4312707.00
2014/02/07,3.26,3.31,3.25,3.27,690667,5714826.00
2014/02/10,3.28,3.35,3.24,3.34,1400509,11708278.00
2014/02/11,3.34,3.43,3.28,3.38,2615536,22113382.00
2014/02/12,3.37,3.38,3.33,3.37,1397517,11881433.00
2014/02/13,3.38,3.40,3.32,3.32,1122599,9523536.00
2014/02/14,3.32,3.36,3.31,3.34,943862,7966858.00
2014/02/17,3.33,3.38,3.33,3.37,1761098,14957863.00
2014/02/18,3.37,3.39,3.33,3.34,1866340,15818224.00
2014/02/19,3.33,3.52,3.30,3.46,4020720,34887568.00
2014/02/20,3.46,3.54,3.44,3.46,3480455,30763664.00
2014/02/21,3.48,3.48,3.35,3.38,1929092,16609590.00
2014/02/24,3.42,3.42,3.32,3.38,1490244,12636280.00
2014/02/25,3.38,3.42,3.24,3.25,2595041,21848532.00
2014/02/26,3.24,3.24,3.12,3.20,1633070,13063322.00
2014/02/27,3.18,3.21,3.16,3.16,888501,7158207.00
2014/02/28,3.16,3.20,3.14,3.20,727513,5846428.00
2014/03/03,3.20,3.22,3.16,3.22,1100788,8931784.00
2014/03/04,3.19,3.22,3.18,3.20,824648,6674834.00
2014/03/05,3.20,3.29,3.20,3.25,2067518,16948312.00
2014/03/06,3.23,3.24,3.09,3.15,1833818,14592379.00
2014/03/07,3.14,3.20,3.10,3.12,1226393,9728269.00
2014/03/10,3.11,3.12,3.03,3.03,1743239,13466522.00
2014/03/11,3.03,3.08,3.00,3.06,747455,5764445.00
2014/03/12,3.06,3.08,3.02,3.05,562191,4333662.00
2014/03/13,3.04,3.12,3.03,3.10,1201807,9352019.00
2014/03/14,3.08,3.09,3.04,3.06,1020587,7909608.00
2014/03/17,3.06,3.21,3.04,3.18,2211014,17490532.00
2014/03/18,3.16,3.20,3.13,3.17,1290134,10326383.00
2014/03/19,3.16,3.19,3.13,3.18,925180,7414193.00
2014/03/20,3.17,3.20,3.14,3.17,1132034,9099045.00
2014/03/21,3.16,3.24,3.11,3.22,3516210,28478060.00
2014/03/24,3.22,3.34,3.17,3.29,3439015,28314082.00
2014/03/25,3.35,3.36,3.27,3.28,3075082,25699300.00
2014/03/26,3.28,3.30,3.26,3.27,1160475,9631446.00
2014/03/27,3.27,3.29,3.23,3.23,1222053,10080086.00
2014/03/28,3.22,3.25,3.12,3.12,2461074,19668730.00
2014/03/31,3.10,3.15,3.09,3.11,597814,4720933.00
2014/04/01,3.11,3.18,3.09,3.17,781058,6219930.00
2014/04/02,3.17,3.18,3.15,3.17,1004763,8051720.00
2014/04/03,3.16,3.18,3.14,3.17,740208,5928159.00
2014/04/04,3.10,3.18,3.10,3.17,926500,7398762.00
2014/04/15,3.49,3.49,3.37,3.49,2306619,20308670.00
2014/04/16,3.80,3.80,3.51,3.56,9108141,82957040.00
2014/04/17,3.48,3.90,3.46,3.84,11968309,112585048.00
2014/04/18,3.80,3.92,3.76,3.84,6669320,64492152.00
2014/04/21,3.82,3.96,3.70,3.86,5108027,49964504.00
2014/04/22,3.85,3.90,3.80,3.87,4002217,38966028.00
2014/04/23,3.87,3.88,3.78,3.78,3582029,34454652.00
2014/04/24,3.78,3.91,3.66,3.90,5772195,55857192.00
2014/04/25,3.86,3.86,3.76,3.77,2762913,26504996.00
2014/04/28,3.79,3.79,3.57,3.60,2196422,20229520.00
2014/04/29,3.59,3.71,3.59,3.70,1694709,15715546.00
2014/04/30,3.72,3.86,3.69,3.85,2256918,21709562.00
2014/05/05,3.82,3.95,3.81,3.92,3942243,38781824.00
2014/05/06,3.90,4.08,3.86,4.04,4523114,45584064.00
2014/05/07,4.01,4.14,3.97,4.05,4509548,45815664.00
2014/05/08,4.00,4.13,4.00,4.04,4470707,45939260.00
2014/05/09,4.01,4.04,3.88,3.95,1837315,18327768.00
2014/05/12,3.98,4.14,3.90,4.09,6210185,64163152.00
2014/05/13,4.12,4.12,3.93,4.02,4500590,45549560.00
2014/05/14,4.00,4.12,3.92,4.06,3587072,36823308.00
2014/05/15,4.06,4.13,4.04,4.06,5621845,58202760.00
2014/05/16,4.00,4.06,3.95,4.04,2567295,25917260.00
2014/05/19,4.04,4.04,3.96,3.98,1376236,13868314.00
2014/05/20,3.98,4.08,3.98,4.06,2342612,23914932.00
2014/05/21,4.05,4.10,3.97,4.08,3802424,39074680.00
2014/05/22,4.05,4.10,4.01,4.03,1920579,19697036.00
2014/05/23,4.02,4.20,4.00,4.18,5879683,61470516.00
2014/05/26,4.18,4.29,4.15,4.22,6605409,70668128.00
2014/05/27,4.20,4.27,4.17,4.26,3130846,33483352.00
2014/05/28,4.22,4.26,4.18,4.18,4419826,47156212.00
2014/05/29,4.18,4.26,4.16,4.23,3075390,32766124.00
2014/05/30,4.24,4.24,4.13,4.18,2972482,31344586.00
2014/06/03,4.21,4.21,4.14,4.18,2411158,25379820.00
2014/06/04,4.18,4.19,4.02,4.03,3293100,34018076.00
2014/06/05,4.00,4.20,4.00,4.17,4015050,42002880.00
2014/06/06,4.16,4.32,4.16,4.29,4182368,45150172.00
2014/06/09,4.29,4.40,4.25,4.30,2435133,26595300.00
2014/06/10,4.30,4.34,4.23,4.31,2402367,26036296.00
2014/06/11,4.32,4.56,4.26,4.55,5846334,66176276.00
2014/06/12,4.55,4.63,4.48,4.54,3136497,35857664.00
2014/06/13,4.51,4.62,4.51,4.60,2354280,27124052.00
2014/06/16,4.60,4.90,4.57,4.88,5568195,67223264.00
2014/06/17,4.85,4.96,4.80,4.91,3267551,40178468.00
2014/06/18,4.88,4.94,4.80,4.83,3004105,36676736.00
2014/06/19,4.81,4.92,4.73,4.75,3320010,40291288.00
2014/06/20,4.74,4.91,4.74,4.87,2200975,26890104.00
2014/06/23,4.84,5.13,4.84,5.08,4678008,59326248.00
2014/06/24,5.12,5.28,5.02,5.09,5593011,72277912.00
2014/06/25,5.14,5.14,4.96,5.04,2906516,36872180.00
2014/06/26,5.06,5.14,5.02,5.11,2299919,29357360.00
2014/06/27,5.14,5.17,5.02,5.04,2926759,37436436.00
2014/06/30,5.08,5.19,4.96,5.16,3426089,43889464.00
2014/07/01,5.12,5.26,5.10,5.24,3652831,47711160.00
2014/07/02,5.20,5.41,5.20,5.40,4514118,60914232.00
2014/07/03,5.42,5.60,5.39,5.54,5328544,74005568.00
2014/07/04,5.53,5.59,5.45,5.53,2496536,34737464.00
2014/07/07,5.49,5.49,5.20,5.29,6207600,83316872.00
2014/07/08,5.31,5.43,5.05,5.37,3729577,49642436.00
2014/07/09,5.37,5.43,5.28,5.30,1879404,25262112.00
2014/07/10,5.30,5.42,5.18,5.34,3911071,52114960.00
2014/07/11,5.29,5.35,5.21,5.32,3179892,42436572.00
2014/07/14,5.32,5.32,5.18,5.21,4979173,65921864.00
2014/07/15,5.26,5.26,4.82,4.95,8294939,103858248.00
2014/07/16,4.93,5.04,4.45,4.45,8581673,101027312.00
2014/07/17,4.50,4.50,4.28,4.46,6047635,66970800.00
2014/07/18,4.40,4.55,4.36,4.55,3908876,44219904.00
2014/07/21,4.54,4.59,4.47,4.50,3544275,40377644.00
2014/07/22,4.46,4.53,4.46,4.50,2440455,27736756.00
2014/07/23,4.50,4.56,4.48,4.51,1882360,21394520.00
2014/07/24,4.50,4.50,4.16,4.42,3439071,37776760.00
2014/07/25,4.40,4.46,4.30,4.42,2673511,29499672.00
2014/07/28,4.45,4.62,4.40,4.60,3221560,37010112.00
2014/07/29,4.68,4.68,4.53,4.62,2815126,32727144.00
2014/07/30,4.62,4.67,4.57,4.62,2210121,25713180.00
2014/07/31,4.62,4.62,4.43,4.54,3663278,41661256.00
2014/08/01,4.54,4.54,4.46,4.49,3397674,38469320.00
2014/08/04,4.48,4.51,4.44,4.48,3428247,38705040.00
2014/08/05,4.48,4.68,4.47,4.68,6141549,71213824.00
2014/08/06,4.68,4.70,4.57,4.70,3560448,41691304.00
2014/08/07,4.70,4.71,4.62,4.63,2906997,34135840.00
2014/08/08,4.64,4.64,4.51,4.57,2564630,29474024.00
2014/08/11,4.56,4.66,4.52,4.65,1720399,20023064.00
2014/08/12,4.66,4.66,4.48,4.54,7323519,83366384.00
2014/08/13,4.51,4.51,4.34,4.46,9931015,110302480.00
2014/08/14,4.44,4.49,4.36,4.40,8024022,89636072.00
2014/08/15,4.40,4.44,4.35,4.40,4616837,51113848.00
2014/08/18,4.41,4.47,4.41,4.47,4504654,50464440.00
2014/08/19,4.49,4.52,4.44,4.48,4819014,54571764.00
2014/08/20,4.47,4.73,4.47,4.72,10141678,118007056.00
2014/08/21,4.72,4.80,4.64,4.73,7740078,92131232.00
2014/08/22,4.73,4.74,4.66,4.68,3755690,44385344.00
2014/08/25,4.68,4.80,4.63,4.76,6192106,73789912.00
2014/08/26,4.76,4.80,4.31,4.43,7551321,86948472.00
2014/08/27,4.39,4.50,4.38,4.44,3081578,34559056.00
2014/08/28,4.46,4.54,4.42,4.42,2561068,28905122.00
2014/08/29,4.42,4.47,4.37,4.46,1801440,20146124.00
2014/09/01,4.46,4.61,4.46,4.55,3862285,44309336.00
2014/09/02,4.57,4.70,4.52,4.56,8421454,97085976.00
2014/09/03,4.57,4.64,4.52,4.61,6594282,76246648.00
2014/09/04,4.60,4.63,4.56,4.62,4655079,53986404.00
2014/09/05,4.62,4.68,4.59,4.62,5943230,69284064.00
2014/09/09,4.62,4.65,4.51,4.53,8269983,95208488.00
2014/09/10,4.52,4.58,4.45,4.54,7374411,84006288.00
2014/09/11,4.55,4.60,4.49,4.52,6072040,69863440.00
2014/09/12,4.52,4.60,4.50,4.60,5988854,68759928.00
2014/09/15,4.61,4.72,4.61,4.70,12030482,141600400.00
2014/09/16,4.71,4.74,4.55,4.59,7900070,92691920.00
2014/09/17,4.56,4.61,4.48,4.55,4256967,48747820.00
2014/09/18,4.55,4.66,4.52,4.66,7633892,89001256.00
2014/09/19,4.68,4.70,4.59,4.66,5169246,60511492.00
2014/09/22,4.66,4.66,4.53,4.56,4922853,57151776.00
2014/09/23,4.55,4.62,4.52,4.57,4646254,53490680.00
2014/09/24,4.55,4.64,4.53,4.63,5745153,66545840.00
2014/09/25,4.66,4.67,4.59,4.60,5146028,60140812.00
2014/09/26,4.59,4.66,4.56,4.66,3704323,43099368.00
2014/09/29,4.66,4.91,4.66,4.90,15349805,184330064.00
2014/09/30,4.94,5.08,4.86,4.90,12192325,152743840.00
2014/10/08,4.88,5.04,4.84,4.99,7104691,89014160.00
2014/10/09,5.00,5.03,4.80,4.98,8607695,106583384.00
2014/10/10,4.95,5.00,4.86,4.88,5643402,70058000.00
2014/10/13,4.88,4.98,4.80,4.96,5441429,66999648.00
2014/10/14,4.95,5.00,4.88,4.92,5201023,64944976.00
2014/10/15,4.92,4.93,4.81,4.88,3965733,48630724.00
2014/10/16,4.88,4.90,4.80,4.82,4056595,49590528.00
2014/10/17,4.84,4.90,4.64,4.74,5091878,61296072.00
2014/10/20,4.71,4.80,4.71,4.80,3064525,36847692.00
2014/10/21,4.80,4.90,4.78,4.84,3820924,46717512.00
2014/10/22,4.82,4.84,4.66,4.66,3673500,43895768.00
2014/10/23,4.65,4.65,4.44,4.44,4001847,45650448.00
2014/10/24,4.44,4.51,4.42,4.50,2043296,23010338.00
2014/10/27,4.48,4.48,4.32,4.41,3647712,40435424.00
2014/10/28,4.42,4.51,4.41,4.51,2579762,29051720.00
2014/10/29,4.52,4.59,4.48,4.54,4718097,53880588.00
2014/10/30,4.53,4.64,4.53,4.58,4273945,49420536.00
2014/10/31,4.56,4.65,4.49,4.61,4250326,49017836.00
2014/11/03,4.62,4.74,4.61,4.72,5771420,68149800.00
2014/11/04,4.70,4.86,4.69,4.84,5714722,68787728.00
2014/11/05,4.85,4.88,4.72,4.76,4019607,48321324.00
2014/11/06,4.76,4.80,4.64,4.70,3111066,36864744.00
2014/11/07,4.69,4.78,4.64,4.64,3334271,39667000.00
2014/11/10,4.63,4.71,4.63,4.71,2701254,31819008.00
2014/11/11,4.71,4.80,4.52,4.53,6352378,74533448.00
2014/11/12,4.57,4.61,4.51,4.60,2586330,29822900.00
2014/11/13,4.60,4.63,4.46,4.49,2952349,33639928.00
2014/11/14,4.49,4.55,4.40,4.49,2699447,30547056.00
2014/11/17,4.49,4.58,4.44,4.55,2356559,26958232.00
2014/11/18,4.54,4.64,4.51,4.59,3541600,41023632.00
2014/11/19,4.59,4.70,4.57,4.68,3199808,37417320.00
2014/11/20,4.68,4.70,4.63,4.69,2597318,30553828.00
2014/11/21,4.70,4.76,4.66,4.69,3179554,37655200.00
2014/11/24,4.70,4.82,4.69,4.78,5359240,64375276.00
2014/11/25,4.78,4.86,4.73,4.84,5329712,64437720.00
2014/11/26,4.86,4.86,4.76,4.79,4983561,60168208.00
2014/11/27,4.79,4.89,4.78,4.84,5564154,67790944.00
2014/11/28,4.84,4.89,4.71,4.78,5637359,68203312.00
2014/12/01,4.78,4.98,4.76,4.91,10226087,126284416.00
2014/12/02,4.92,5.00,4.87,4.92,7619357,94483216.00
2014/12/03,4.92,5.03,4.76,5.01,10765391,134431696.00
2014/12/04,5.02,5.25,4.99,5.22,13869028,179839568.00
2014/12/05,5.18,5.18,4.77,4.87,12494479,156373696.00
2014/12/08,4.82,4.90,4.76,4.84,7666431,93466304.00
2014/12/09,4.84,4.84,4.40,4.48,12721118,149120352.00
2014/12/10,4.48,4.60,4.43,4.58,4490696,51357608.00
2014/12/11,4.55,4.68,4.48,4.66,4181252,48427672.00
2014/12/12,4.64,4.74,4.61,4.67,4484201,52838280.00
2014/12/15,4.64,4.73,4.58,4.72,3881055,45629704.00
2014/12/16,4.71,4.80,4.68,4.78,5525282,66142368.00
2014/12/17,4.76,4.77,4.56,4.63,5332305,62649400.00
2014/12/18,4.63,4.68,4.57,4.58,3183131,37038064.00
2014/12/19,4.58,4.64,4.52,4.60,3769618,43594820.00
2014/12/22,4.14,4.32,4.14,4.14,5954619,62312040.00
2014/12/23,3.91,3.91,3.72,3.81,10398124,100873120.00
2014/12/24,3.86,3.98,3.82,3.96,5814415,57209840.00
2014/12/25,3.97,4.02,3.92,4.00,4200005,42106172.00
2014/12/26,3.98,3.98,3.92,3.96,4402141,43939632.00
2014/12/29,3.96,3.99,3.85,3.87,4743761,46757388.00
2014/12/30,3.86,3.96,3.85,3.90,3345549,33065232.00
2014/12/31,3.90,3.94,3.87,3.93,2819620,27818004.00
2015/01/05,3.93,4.32,3.93,4.32,13571742,143570576.00
2015/01/06,4.28,4.30,4.15,4.20,8061293,85452472.00
2015/01/07,4.14,4.25,4.14,4.19,4127896,43668904.00
2015/01/08,4.19,4.31,4.17,4.20,4490687,48066708.00
2015/01/09,4.16,4.21,4.14,4.19,3381135,35655432.00
2015/01/12,4.19,4.24,4.08,4.10,3210834,33539830.00
2015/01/13,4.10,4.15,4.10,4.14,1728194,18029624.00
2015/01/14,4.14,4.26,4.12,4.25,3295939,35019692.00
2015/01/15,4.24,4.27,4.21,4.25,1792045,19162700.00
2015/01/16,4.26,4.30,4.20,4.22,2435747,25968644.00
2015/01/19,4.16,4.20,3.92,4.02,4116551,42534980.00
2015/01/20,4.02,4.12,4.02,4.10,2542648,26219172.00
2015/01/21,4.11,4.23,4.11,4.23,3170684,33514028.00
2015/01/22,4.23,4.31,4.21,4.30,3931618,42456028.00
2015/01/23,4.31,4.35,4.24,4.26,3220500,34948020.00
2015/01/26,4.26,4.39,4.22,4.38,4039446,43979632.00
2015/01/27,4.34,4.40,4.28,4.37,3672363,40259776.00
2015/01/28,4.36,4.39,4.30,4.34,2869545,31561080.00
2015/01/29,4.29,4.36,4.18,4.31,3793581,41022416.00
2015/01/30,4.31,4.38,4.26,4.28,2839744,30985248.00
2015/02/02,4.28,4.28,4.20,4.22,1898296,20294242.00
2015/02/03,4.23,4.32,4.23,4.31,2964647,31999136.00
2015/02/04,4.32,4.37,4.28,4.28,2182819,23804032.00
2015/02/05,4.33,4.36,4.18,4.20,2512653,27013328.00
2015/02/06,4.20,4.23,4.04,4.08,2200560,22939156.00
2015/02/09,4.08,4.18,4.05,4.13,2266729,23650620.00
2015/02/10,4.16,4.18,4.12,4.17,2198909,23039642.00
2015/02/11,4.13,4.20,4.12,4.17,1744963,18340948.00
2015/02/12,4.18,4.19,4.12,4.15,2877252,30139152.00
2015/02/13,4.14,4.26,4.14,4.24,3416082,36317052.00
2015/02/16,4.26,4.33,4.23,4.30,2984164,32321298.00
2015/02/17,4.31,4.35,4.28,4.33,2454800,26794576.00
2015/02/25,4.33,4.36,4.29,4.32,2233083,24387832.00
2015/02/26,4.32,4.40,4.30,4.40,2579705,28368768.00
2015/02/27,4.40,4.42,4.36,4.38,2697270,29826680.00
2015/03/02,4.40,4.45,4.36,4.43,3682869,41025524.00
2015/03/03,4.41,4.49,4.38,4.45,3984695,44788116.00
2015/03/04,4.46,4.50,4.42,4.49,5066475,57052020.00
2015/03/05,4.50,4.50,4.40,4.47,3685984,41342112.00
2015/03/06,4.47,4.55,4.46,4.54,4479505,51063496.00
2015/03/09,4.54,4.54,4.43,4.50,4696281,52970864.00
2015/03/10,4.50,4.54,4.47,4.51,4660296,52975636.00
2015/03/11,4.52,4.55,4.48,4.54,4522197,51429416.00
2015/03/12,4.54,4.64,4.54,4.57,5574314,64659736.00
2015/03/13,4.57,4.66,4.57,4.65,5270440,61577492.00
2015/03/16,4.68,4.74,4.62,4.71,6304087,74457504.00
2015/03/17,4.72,4.89,4.69,4.83,8534540,102848848.00
2015/03/18,4.83,5.06,4.79,5.04,9685767,119732008.00
2015/03/19,5.00,5.04,4.92,4.96,9781539,122788216.00
2015/03/20,4.96,5.03,4.92,5.01,6947656,86923448.00
2015/03/23,5.07,5.11,4.99,5.02,8999290,114110192.00
2015/03/24,5.02,5.04,4.88,5.03,11854117,148467104.00
2015/03/25,5.03,5.25,4.96,5.24,16327750,210302896.00
2015/03/26,5.19,5.48,5.11,5.28,16902851,224345664.00
2015/03/27,5.26,5.26,5.16,5.24,7821066,102524504.00
2015/03/30,5.10,5.15,4.98,5.12,13948374,178895440.00
2015/03/31,5.08,5.12,5.00,5.01,11142854,141400240.00
2015/04/01,5.00,5.10,4.99,5.08,8401228,106945952.00
2015/04/02,5.10,5.29,5.07,5.28,11922680,155912576.00
2015/04/03,5.28,5.42,5.21,5.35,11208300,150165328.00
2015/04/07,5.36,5.62,5.36,5.59,12268412,170632752.00
2015/04/08,5.60,5.63,5.38,5.48,9340018,129139688.00
2015/04/09,5.48,5.48,5.18,5.36,7608848,102123936.00
2015/04/10,5.34,5.90,5.28,5.90,13951171,199336576.00
2015/04/13,6.02,6.35,6.02,6.09,17104920,264410640.00
2015/04/14,5.97,6.28,5.97,6.06,10879294,168388784.00
2015/04/15,6.06,6.66,5.96,6.20,14455546,229570128.00
2015/04/16,6.04,6.46,6.02,6.43,12381890,196339904.00
2015/04/17,6.43,6.46,6.28,6.29,10694955,170659888.00
2015/04/20,6.28,6.28,5.94,6.03,10444744,159832320.00
2015/04/21,6.00,6.23,6.00,6.20,6885939,105828056.00
2015/04/22,6.20,6.42,6.16,6.34,8693400,137944864.00
2015/04/23,6.32,6.60,6.16,6.42,12792844,205433936.00
2015/04/24,6.30,6.41,6.10,6.18,8953657,140798160.00
2015/04/27,6.20,6.42,6.16,6.23,10132402,159893808.00
2015/04/28,6.20,6.42,6.16,6.38,12297466,195011680.00
2015/04/29,6.42,6.86,6.28,6.78,22424850,375751104.00
2015/04/30,6.62,6.90,6.50,6.56,16685079,279419104.00
2015/05/04,6.50,6.50,6.24,6.34,8103486,129380640.00
2015/05/05,6.35,6.49,5.96,5.98,11241164,174976736.00
2015/05/06,5.96,6.06,5.73,5.75,8232808,122399416.00
2015/05/07,5.75,5.78,5.52,5.62,5821072,82526104.00
2015/05/08,5.70,5.77,5.61,5.76,4837330,69553600.00
2015/05/11,5.86,6.34,5.85,6.32,12947822,200171456.00
2015/05/12,6.31,6.44,6.20,6.34,7300339,115808936.00
2015/05/13,6.31,6.35,6.21,6.32,5825633,92038688.00
2015/05/14,6.36,6.54,6.26,6.45,8927306,144083456.00
2015/05/15,6.42,6.43,6.18,6.27,5899588,93366488.00
2015/05/18,6.20,6.40,6.10,6.30,7370399,116642184.00
2015/05/19,6.30,6.63,6.30,6.62,9514695,156131312.00
2015/05/20,6.65,7.06,6.56,6.96,11422052,196958368.00
2015/05/21,6.94,7.04,6.76,6.92,9024210,155628304.00
2015/05/22,6.95,7.08,6.76,7.08,11843342,206616064.00
2015/05/25,6.96,7.79,6.96,7.79,18228246,343260096.00
2015/05/26,8.36,8.36,7.67,8.10,19249670,385438144.00
2015/05/27,8.10,8.91,7.79,8.70,19301767,399665248.00
2015/05/28,8.55,8.68,7.83,7.83,16031800,331587936.00
2015/05/29,7.56,7.96,7.46,7.58,12560248,241514576.00
2015/06/01,7.60,8.06,7.60,8.01,10959613,216444432.00
2015/06/02,8.06,8.47,7.88,8.32,11578742,238173296.00
2015/06/03,8.20,8.35,7.87,8.04,10105705,205766912.00
2015/06/04,8.04,8.04,7.23,7.72,12050706,231769904.00
2015/06/05,7.81,8.08,7.76,7.94,11966589,238134160.00
2015/06/08,7.94,8.51,7.82,8.48,15510822,317832704.00
2015/06/09,8.50,8.72,8.08,8.52,17174400,365994656.00
2015/06/10,8.48,8.60,8.16,8.32,9266977,195670880.00
2015/06/11,8.25,8.52,8.22,8.47,7749200,162860352.00
2015/06/12,8.52,8.72,8.32,8.62,11298294,242293648.00
2015/06/15,8.63,8.63,8.07,8.10,11406977,239385440.00
2015/06/16,7.85,8.02,7.44,7.56,8643802,166595168.00
2015/06/17,7.52,7.80,7.22,7.70,6586304,124743056.00
2015/06/18,7.56,7.73,7.08,7.26,6616960,125569064.00
2015/06/19,7.08,7.12,6.76,6.79,7016649,122468744.00
2015/06/23,6.69,6.94,6.28,6.92,6910001,117248088.00
2015/06/24,7.00,7.28,6.86,7.23,8283746,146820768.00
2015/06/25,7.16,7.28,6.68,6.80,6041814,107122992.00
2015/06/26,6.36,6.62,6.11,6.12,7064734,111795128.00
2015/06/29,6.30,6.35,5.50,5.50,11325068,165193200.00
2015/06/30,5.43,5.87,5.00,5.83,9017359,124173680.00
2015/07/01,5.82,5.98,5.50,5.52,7822384,114265832.00
2015/07/02,5.52,5.74,5.11,5.24,8800629,122011344.00
2015/07/03,5.19,5.36,4.71,4.78,8966857,112089192.00
2015/07/06,5.26,5.26,4.35,4.76,9318054,114794752.00
2015/07/07,4.76,4.88,4.28,4.28,6827417,76187128.00
2015/07/13,4.71,4.71,4.71,4.71,1227452,14569855.00
2015/07/14,5.18,5.18,5.18,5.18,1257161,16418523.00
2015/07/15,5.64,5.64,4.70,4.89,12806559,166883216.00
2015/07/16,4.70,5.10,4.66,4.99,6881147,85138608.00
2015/07/17,5.00,5.39,4.96,5.33,8261831,108501536.00
2015/07/20,5.40,5.52,5.20,5.36,7746334,104929888.00
2015/07/21,5.30,5.50,5.24,5.43,6655455,90463416.00
2015/07/22,5.45,5.51,5.29,5.49,7561919,103442144.00
2015/07/23,5.49,5.74,5.46,5.72,9318664,131946224.00
2015/07/24,5.71,5.93,5.62,5.64,9443562,136959312.00
2015/07/27,5.50,5.60,5.08,5.08,8653443,117602880.00
2015/07/28,4.84,5.35,4.60,5.01,8048840,100465016.00
2015/07/29,5.12,5.46,4.98,5.45,5017189,65757136.00
2015/07/30,5.36,5.60,5.34,5.35,5616176,77661704.00
2015/07/31,5.28,5.48,5.18,5.37,3596032,48515116.00
2015/08/03,5.31,5.46,5.16,5.36,4160953,55942548.00
2015/08/04,5.38,5.64,5.35,5.63,5764698,80004352.00
2015/08/05,5.60,5.78,5.20,5.45,6654106,93625480.00
2015/08/06,5.38,5.56,5.27,5.52,3432836,46557804.00
2015/08/07,5.54,5.70,5.54,5.65,4980139,70191912.00
2015/08/10,6.00,6.12,5.80,5.99,7932522,117920536.00
2015/08/11,5.96,6.12,5.91,6.02,8297569,124898040.00
2015/08/12,5.97,6.34,5.92,6.12,8063096,123445096.00
2015/08/13,6.14,6.20,6.01,6.19,6429151,98032608.00
2015/08/14,6.33,6.74,6.26,6.43,11920362,194019680.00
2015/08/17,6.44,6.96,6.36,6.94,11485403,193440400.00
2015/08/18,7.29,7.29,6.24,6.24,18120194,309112896.00
2015/08/19,6.12,6.87,6.04,6.87,18492560,303560384.00
2015/08/20,6.98,7.40,6.68,6.91,21495886,381625632.00
2015/08/21,6.68,6.80,6.24,6.31,10850739,176626224.00
2015/08/24,5.99,6.10,5.68,5.68,10487410,151683008.00
2015/08/25,5.19,5.28,5.11,5.11,8020407,102945696.00
2015/08/26,4.95,5.33,4.65,4.78,13457952,169700272.00
2015/08/27,5.00,5.16,4.84,5.14,8966671,112464616.00
2015/08/28,5.27,5.65,5.20,5.65,11604427,155658272.00
2015/08/31,5.54,5.58,5.35,5.38,8401709,114705352.00
2015/09/01,5.29,5.40,4.88,4.97,7231147,91421872.00
2015/09/02,4.92,5.33,4.72,5.02,6737041,85016320.00
2015/09/07,5.12,5.48,5.12,5.28,6498126,86281288.00
2015/09/08,5.25,5.64,5.24,5.59,5562200,75033176.00
2015/09/09,5.61,5.80,5.55,5.71,8098382,115109072.00
2015/09/10,5.59,5.83,5.53,5.62,6446901,92125208.00
2015/09/11,5.65,5.72,5.39,5.55,6746800,93425040.00
2015/09/14,5.52,5.64,4.99,5.00,8097766,107346840.00
2015/09/15,4.89,5.00,4.50,4.50,7477608,88634360.00
2015/09/16,4.52,4.95,4.47,4.95,6498190,76011888.00
2015/09/17,4.99,5.44,4.88,5.08,9686584,125226368.00
2015/09/18,5.20,5.36,5.05,5.29,7308174,94893016.00
2015/09/21,5.20,5.60,5.14,5.56,7028821,94983576.00
2015/09/22,5.77,5.79,5.45,5.57,11075032,155410192.00
2015/09/23,5.42,5.91,5.42,5.82,9894300,141370880.00
2015/09/24,5.91,6.03,5.81,6.00,9243719,136906384.00
2015/09/25,5.98,6.01,5.40,5.52,12351300,173938608.00
2015/09/28,5.60,5.83,5.43,5.59,9059980,51115396.00
2015/09/29,5.33,5.36,5.05,5.14,18159858,93948072.00
2015/09/30,5.15,5.23,5.00,5.07,9837140,49990200.00
2015/10/08,5.27,5.32,5.14,5.22,13568536,70860008.00
2015/10/09,5.22,5.39,5.13,5.34,16033644,84374168.00
2015/10/12,5.37,5.87,5.35,5.79,28249255,159589296.00
2015/10/13,5.70,6.02,5.65,5.90,23111916,135699744.00
2015/10/14,5.88,6.20,5.69,6.14,29759051,175921568.00
2015/10/15,6.25,6.75,6.14,6.75,55156885,365630816.00
2015/10/16,6.94,7.40,6.88,7.19,81599039,582387136.00
2015/10/19,7.30,7.65,7.10,7.30,72498306,530804096.00
2015/10/20,7.26,7.35,7.01,7.30,43096040,309737792.00
2015/10/21,7.38,7.51,6.57,6.58,57221281,402936768.00
2015/10/22,6.66,7.24,6.66,7.24,55399491,387303840.00
2015/10/23,7.40,7.88,7.24,7.78,81542650,616991680.00
2015/10/26,8.00,8.09,7.46,7.61,72485457,563476160.00
2015/10/27,7.48,7.92,6.97,7.72,49793494,367341664.00
2015/10/28,7.49,7.67,7.14,7.25,34157275,251794560.00
2015/10/29,7.20,7.30,7.00,7.12,25888195,185059152.00
2015/10/30,7.05,7.39,7.01,7.13,24204465,175353216.00
2015/11/02,7.00,7.09,6.80,6.83,20621324,143085392.00
2015/11/03,6.83,7.05,6.67,6.95,16918040,116412640.00
2015/11/04,6.98,7.21,6.97,7.21,27827832,198312624.00
2015/11/05,7.21,7.28,7.00,7.10,33400682,238864192.00
2015/11/06,7.08,7.20,7.02,7.15,23896009,170283648.00
2015/11/09,7.11,7.15,6.92,7.07,30136363,212414960.00
2015/11/10,6.98,7.36,6.98,7.32,43771954,316580032.00
2015/11/11,7.34,7.44,7.22,7.37,34718563,254551424.00
2015/11/12,7.30,7.37,7.13,7.24,28749347,207892128.00
2015/11/13,7.15,7.19,6.90,7.00,24182718,170174784.00
2015/11/16,6.80,7.21,6.80,7.20,20438824,144677568.00
2015/11/17,7.21,7.47,7.21,7.35,38000754,278906560.00
2015/11/18,7.35,7.38,7.09,7.16,21439973,154474736.00
2015/11/19,7.16,7.38,7.14,7.37,25102386,182615680.00
2015/11/20,7.38,7.76,7.34,7.70,54031348,412977952.00
2015/11/23,7.95,8.32,7.85,7.97,57932655,469160608.00
2015/11/24,8.01,8.72,7.91,8.62,56179551,470148672.00
2015/11/25,8.50,8.82,8.40,8.61,48162013,414113152.00
2015/11/26,8.88,9.47,8.88,9.13,63679073,584229888.00
2015/11/27,8.99,9.42,8.51,8.59,62618097,554623872.00
2015/11/30,8.53,9.45,8.31,9.45,73055987,653721600.00
2015/12/01,9.79,10.40,9.50,10.40,66459060,673778240.00
2015/12/02,10.69,10.71,9.36,9.41,108583144,1065895808.00
2015/12/03,9.06,9.52,9.06,9.49,54074910,504923872.00
2015/12/04,9.32,9.43,9.10,9.16,36482056,336814496.00
2015/12/07,9.20,9.42,8.90,9.27,41198993,377736512.00
2015/12/08,9.05,9.13,8.69,8.72,34311840,304021472.00
2015/12/09,8.72,8.93,8.57,8.80,23865462,209489216.00
2015/12/10,8.75,8.94,8.69,8.83,23719725,209476032.00
2015/12/11,8.80,8.83,8.26,8.29,27922714,237590464.00
2015/12/14,8.11,8.60,8.01,8.59,23059866,191662976.00
2015/12/15,8.46,8.70,8.41,8.56,19739602,168872512.00
2015/12/16,8.54,8.87,8.51,8.74,29823716,258398304.00
2015/12/17,8.85,9.10,8.76,8.89,32493611,290060192.00
2015/12/18,8.92,9.40,8.80,9.27,48592693,444886496.00
2015/12/21,9.65,9.85,9.18,9.22,41562135,391923648.00
2015/12/22,9.08,9.16,8.78,8.99,32302785,288986016.00
2015/12/23,9.00,9.06,8.69,8.75,24448557,215158192.00
2015/12/24,8.76,8.99,8.72,8.94,22968868,203836960.00
2015/12/25,8.91,8.99,8.75,8.83,15083700,133343232.00
2015/12/28,8.76,8.89,8.38,8.40,21674039,187883760.00
2015/12/29,8.39,8.60,8.28,8.55,16939794,142867072.00
2015/12/30,8.56,8.66,8.44,8.59,12752724,108893104.00
2015/12/31,8.63,8.66,8.30,8.30,12028037,101505728.00
2016/01/04,8.37,8.38,7.47,7.47,15223808,119319320.00
2016/01/05,6.90,7.35,6.85,7.10,21661317,154075872.00
2016/01/06,7.17,7.81,7.15,7.73,28411080,214160736.00
2016/01/12,6.96,7.18,6.96,6.96,17150780,119610576.00
2016/01/13,6.73,6.88,6.26,6.26,24161044,158314096.00
2016/01/14,6.00,6.50,5.75,6.43,20597011,125217368.00
2016/01/15,6.38,6.38,5.81,5.84,15781454,95972400.00
2016/01/18,5.55,6.00,5.48,5.86,12863582,74897144.00
2016/01/19,5.81,6.14,5.81,6.10,14164534,85226984.00
2016/01/20,6.07,6.34,6.00,6.20,18902072,117020264.00
2016/01/21,6.00,6.26,5.80,5.81,16027794,97597896.00
2016/01/22,6.39,6.39,6.39,6.39,9895341,63231228.00
2016/01/25,7.00,7.00,6.50,6.67,37814095,254294096.00
2016/01/26,6.51,6.62,6.00,6.03,28436397,178095728.00
2016/01/27,5.91,6.48,5.91,6.43,28325321,174385888.00
2016/01/28,6.28,6.45,6.00,6.12,20818762,129079280.00
2016/01/29,6.17,6.58,6.17,6.45,27574953,176898480.00
2016/02/01,6.30,6.39,6.00,6.13,24495675,150928784.00
2016/02/02,5.89,6.13,5.61,6.02,31354019,185338896.00
2016/02/03,5.80,5.85,5.60,5.78,23042307,132428704.00
2016/02/04,5.80,5.97,5.79,5.84,19174854,112704952.00
2016/02/05,5.82,5.89,5.71,5.73,15804577,91991280.00
2016/02/15,5.40,5.40,5.16,5.16,86999637,450202848.00
2016/02/16,5.10,5.68,5.03,5.68,157881123,849182400.00
2016/02/17,5.80,6.25,5.73,6.25,210706929,1291681792.00
2016/02/18,6.10,6.27,6.04,6.07,161078604,988045504.00
2016/02/19,6.00,6.00,5.80,5.96,124087608,732009024.00
2016/02/22,6.02,6.33,5.92,6.14,140182420,855685120.00
2016/02/23,6.08,6.09,5.86,6.02,98894880,591562240.00
2016/02/24,5.94,6.12,5.87,6.04,82702121,495192032.00
2016/02/25,6.04,6.04,5.44,5.44,91283451,519287136.00
2016/02/26,5.43,5.52,5.11,5.37,76178340,408209024.00
2016/02/29,5.25,5.34,4.83,4.91,67787412,338364800.00
2016/03/01,4.95,5.10,4.86,5.05,52722002,263112128.00
2016/03/02,5.03,5.42,5.00,5.35,72213319,374523520.00
2016/03/03,5.28,5.72,5.27,5.38,80208002,438498560.00
2016/03/04,5.32,5.45,5.03,5.14,64335711,337953536.00
2016/03/07,5.22,5.54,5.21,5.51,75426773,405515552.00
2016/03/08,5.69,5.70,5.30,5.48,78718998,430078720.00
2016/03/09,5.19,5.33,5.15,5.19,53250577,278696992.00
2016/03/10,5.24,5.41,5.08,5.21,45045162,236043168.00
2016/03/11,5.15,5.25,5.08,5.17,34174856,176240672.00
2016/03/14,5.22,5.40,5.21,5.30,48221391,256616704.00
2016/03/15,5.30,5.33,5.16,5.21,33948685,177519696.00
2016/03/16,5.22,5.24,5.05,5.09,35487853,181963024.00
2016/03/17,5.13,5.23,5.08,5.22,42350073,219123984.00
2016/03/18,5.23,5.50,5.22,5.47,79393485,426331648.00
2016/03/21,5.50,5.62,5.46,5.59,74606775,413322688.00
2016/03/22,5.52,5.58,5.47,5.50,55496459,306542400.00
2016/03/23,5.48,5.54,5.44,5.54,41942789,230413760.00
2016/03/24,5.45,5.50,5.38,5.40,44217775,240468928.00
2016/03/25,5.36,5.50,5.36,5.50,37878664,205339824.00
2016/03/28,5.49,5.65,5.43,5.47,53181104,294499904.00
2016/03/29,5.51,6.02,5.50,5.79,140568158,813409088.00
2016/03/30,5.72,5.97,5.63,5.95,108852372,635647616.00
2016/03/31,5.95,5.95,5.77,5.82,71877391,419952416.00
2016/04/01,5.82,5.92,5.65,5.80,61673957,358851904.00
2016/04/05,5.78,6.12,5.72,6.06,84476346,504034272.00
2016/04/06,6.00,6.05,5.88,5.96,74101095,442000032.00
2016/04/07,5.98,6.01,5.81,5.83,56214046,331378880.00
2016/04/08,5.80,5.98,5.65,5.94,55450972,320414048.00
2016/04/11,6.01,6.21,6.01,6.06,85163214,520276192.00
2016/04/12,6.00,6.05,5.84,5.99,48869717,290292320.00
2016/04/13,6.21,6.30,6.07,6.09,110842665,685237120.00
2016/04/14,6.12,6.15,6.01,6.09,56559169,342774016.00
2016/04/15,6.10,6.11,6.00,6.04,42025775,253509952.00
2016/04/18,5.97,5.97,5.83,5.92,42712250,251575504.00
2016/04/19,5.98,5.98,5.86,5.91,31357404,185288528.00
2016/04/20,5.98,6.01,5.38,5.54,68596419,392267712.00
2016/04/21,5.53,5.68,5.50,5.55,47230299,264157136.00
2016/04/22,5.49,5.55,5.36,5.49,35335522,192986896.00
2016/04/25,5.42,5.53,5.39,5.52,26916009,147593936.00
2016/04/26,5.50,5.54,5.40,5.53,31384907,171804400.00
2016/04/27,5.51,5.54,5.43,5.45,26248677,144091744.00
2016/04/28,5.45,5.64,5.24,5.59,52773021,286946528.00
2016/04/29,5.51,5.54,5.45,5.49,32715244,179684928.00
2016/05/03,5.49,5.59,5.41,5.58,36774785,203471440.00
2016/05/04,5.55,5.60,5.51,5.56,25997529,144449056.00
2016/05/05,5.57,5.58,5.50,5.57,21053415,116783560.00
2016/05/06,5.57,5.58,5.28,5.28,38951016,210513808.00
2016/05/09,5.19,5.25,5.02,5.04,30600344,155806160.00
2016/05/10,5.06,5.16,5.04,5.07,16277148,82768400.00
2016/05/11,5.10,5.13,4.98,5.00,17268218,87025304.00
2016/05/12,4.96,4.98,4.85,4.97,18636921,91624040.00
2016/05/13,4.95,5.01,4.85,4.90,20127251,99250232.00
2016/05/16,4.87,4.98,4.85,4.97,15749008,77409752.00
2016/05/17,4.97,5.15,4.96,5.06,30794862,155722224.00
2016/05/18,4.99,5.00,4.83,4.89,23710867,116280968.00
2016/05/19,4.89,4.96,4.86,4.90,16124200,79301520.00
2016/05/20,4.85,4.92,4.83,4.92,12381741,60534824.00
2016/05/23,4.91,4.96,4.90,4.95,13925820,68741728.00
2016/05/24,4.96,5.17,4.95,5.05,37410103,189740208.00
2016/05/25,5.06,5.09,4.98,5.02,20209533,101667384.00
2016/05/26,5.03,5.05,4.87,5.00,19256207,95156816.00
2016/05/27,4.98,5.24,4.94,5.16,49264448,253955872.00
2016/05/30,5.10,5.28,5.07,5.14,28520418,147426944.00
2016/05/31,5.17,5.29,5.13,5.29,45733693,238729984.00
2016/06/02,5.41,5.63,5.33,5.44,57838670,316671648.00
2016/06/03,5.39,5.44,5.33,5.34,33442508,179559552.00
2016/06/06,5.37,5.45,5.34,5.37,27473317,148273936.00
2016/06/07,5.39,5.51,5.34,5.45,30018337,163317904.00
2016/06/08,5.45,5.53,5.40,5.46,24169774,132009776.00
2016/06/13,5.34,5.39,5.09,5.11,32230935,170982560.00
2016/06/14,5.10,5.14,5.05,5.13,20488406,104392296.00
2016/06/15,5.07,5.49,5.01,5.43,42308641,223876624.00
2016/06/16,5.47,5.76,5.44,5.67,82552043,466131680.00
2016/06/17,5.63,5.80,5.58,5.70,58577294,332416128.00
2016/06/20,5.85,5.88,5.66,5.70,42629563,244453392.00
2016/06/21,5.75,5.77,5.61,5.72,44004293,249723424.00
2016/06/22,5.70,5.76,5.65,5.74,37451111,214038832.00
2016/06/23,5.73,5.78,5.65,5.65,36513561,208591296.00
2016/06/24,5.60,5.69,5.37,5.48,47347564,261351456.00
2016/06/27,5.45,5.83,5.43,5.72,45747814,260276624.00
2016/06/28,5.68,5.72,5.59,5.70,31924311,180936624.00
2016/06/29,5.72,5.75,5.63,5.68,27500516,156181824.00
2016/06/30,5.72,5.73,5.60,5.65,22403545,126452824.00
2016/07/01,5.70,5.72,5.62,5.64,19552293,110929752.00
2016/07/04,5.60,5.84,5.59,5.80,43806652,252755392.00
2016/07/05,5.81,5.88,5.75,5.82,41968072,243942352.00
2016/07/06,5.78,5.82,5.72,5.80,26152163,151095728.00
2016/07/07,5.89,5.99,5.76,5.83,80122848,469980896.00
2016/07/08,5.74,5.77,5.64,5.67,46725948,265608656.00
2016/07/11,5.69,5.83,5.65,5.70,47686246,273130944.00
2016/07/12,5.67,5.97,5.66,5.90,81960629,480992352.00
2016/07/13,5.94,5.95,5.83,5.89,47129266,277519648.00
2016/07/14,5.86,5.94,5.81,5.87,34271908,201510016.00
2016/07/15,5.88,5.91,5.75,5.79,32192213,187210960.00
2016/07/18,5.77,5.84,5.67,5.80,35497404,204345088.00
2016/07/19,5.80,5.81,5.73,5.80,21327729,123165240.00
2016/07/20,5.80,6.02,5.74,5.92,65906101,388980608.00
2016/07/21,5.88,5.96,5.82,5.87,40374068,237828800.00
2016/07/22,5.87,6.46,5.87,6.46,56489511,355418688.00
2016/07/29,6.38,6.38,5.90,6.03,148163428,906492544.00
2016/08/01,5.92,5.93,5.56,5.64,72026489,411566336.00
2016/08/02,5.64,5.87,5.62,5.80,49347042,284148000.00
2016/08/03,5.73,6.13,5.66,6.06,78173068,459967680.00
2016/08/04,5.98,6.67,5.95,6.43,163093993,1054360896.00
2016/08/05,6.33,7.07,6.32,7.07,197176628,1333361152.00
2016/08/08,7.07,7.75,7.00,7.43,213045942,1568252160.00
2016/08/09,7.40,7.88,7.21,7.72,212162559,1604697472.00
2016/08/10,7.61,7.83,7.44,7.61,165152800,1255618304.00
2016/08/11,7.61,7.88,7.38,7.52,159820198,1218543232.00
2016/08/12,7.40,7.48,7.28,7.45,104857043,773726080.00
2016/08/15,7.48,7.85,7.29,7.55,143592297,1096227840.00
2016/08/16,7.47,8.31,7.42,8.31,213667268,1727737216.00
2016/08/17,8.27,8.29,7.82,7.96,162472974,1308455680.00
2016/08/18,7.90,8.40,7.83,8.10,151232278,1239959168.00
2016/08/19,8.03,8.64,7.96,8.29,133229965,1105802752.00
2016/08/22,8.19,8.58,8.02,8.07,95449168,787301952.00
2016/08/23,8.06,8.28,7.97,8.21,81832915,664257344.00
2016/08/24,8.17,8.25,8.00,8.10,55226375,448656640.00
2016/08/25,8.00,8.00,7.57,7.60,97213172,752678784.00
2016/08/26,7.68,7.80,7.57,7.62,53237552,408090848.00
2016/08/29,7.58,7.91,7.53,7.80,54774760,426316576.00
2016/08/30,7.80,7.92,7.69,7.78,40654404,316408448.00
2016/08/31,7.78,7.98,7.58,7.90,74455654,580947200.00
2016/09/01,7.90,8.14,7.75,7.92,88268869,703394752.00
2016/09/02,7.81,7.97,7.76,7.78,57761150,453643744.00
2016/09/05,7.82,7.96,7.73,7.82,46706353,366781056.00
2016/09/06,7.83,7.93,7.67,7.87,45875341,357877152.00
2016/09/07,7.97,8.09,7.80,7.82,53414352,423274016.00
2016/09/08,7.75,7.83,7.60,7.68,52427921,402043552.00
2016/09/09,7.72,8.20,7.69,7.92,111511233,890912384.00
2016/09/12,7.75,8.13,7.67,7.92,84972611,673831616.00
2016/09/13,7.96,8.71,7.96,8.71,149331340,1263864576.00
2016/09/14,8.72,8.78,8.33,8.40,126934706,1081525376.00
2016/09/19,8.47,9.15,8.34,8.96,128807648,1122554496.00
2016/09/20,8.82,9.53,8.80,9.08,145399234,1329243264.00
2016/09/21,8.99,9.14,8.90,9.03,65544543,589291008.00
2016/09/22,9.08,9.14,8.92,8.98,74832540,675224192.00
2016/09/23,8.91,8.95,8.54,8.56,93552804,810812096.00
2016/09/26,8.36,8.62,8.18,8.23,63446690,531870016.00
2016/09/27,8.27,8.36,8.02,8.31,57507058,471206752.00
2016/09/28,8.33,8.52,8.23,8.32,51963561,435453152.00
2016/09/29,8.32,8.42,8.19,8.29,39549520,328044864.00
2016/09/30,8.30,8.36,8.23,8.33,30711919,254856832.00
2016/10/10,8.36,8.49,8.25,8.46,47727874,400579264.00
2016/10/11,8.41,8.59,8.36,8.50,48938156,414528864.00
2016/10/12,8.50,8.81,8.41,8.71,75983638,658875584.00
2016/10/13,8.66,8.72,8.54,8.60,45534856,392450080.00
2016/10/14,8.62,8.64,8.30,8.38,48161429,405319424.00
2016/10/17,8.40,8.43,8.18,8.20,40819419,338625056.00
2016/10/18,8.23,8.36,8.15,8.32,33953494,281214720.00
2016/10/19,8.35,8.38,8.16,8.21,38170653,314467424.00
2016/10/20,8.16,8.19,8.03,8.08,48695677,394267392.00
2016/10/21,8.04,8.11,7.82,7.98,42051366,335497216.00
2016/10/24,7.97,8.28,7.91,8.18,47948525,390925984.00
2016/10/25,8.15,8.25,8.12,8.17,33503579,273667872.00
2016/10/26,8.21,8.32,8.10,8.11,37430686,306826016.00
2016/10/27,8.09,8.11,7.95,8.01,29344950,235129424.00
2016/10/28,8.01,8.04,7.80,7.81,30579221,241943200.00
2016/10/31,7.76,7.76,7.43,7.53,42268802,318197504.00
2016/11/01,7.55,7.73,7.55,7.66,31035143,237424352.00
2016/11/02,7.65,7.69,7.44,7.45,34148800,257774064.00
2016/11/03,7.41,7.55,7.27,7.45,44972548,333289184.00
2016/11/04,7.45,7.46,7.28,7.38,34724587,256165296.00
2016/11/07,7.42,7.67,7.23,7.57,52426545,392947552.00
2016/11/08,7.55,7.62,7.46,7.49,33399909,251533584.00
2016/11/09,7.55,7.87,7.53,7.69,70728641,546861440.00
2016/11/10,7.81,7.86,7.67,7.73,39447331,304714432.00
2016/11/11,7.71,7.79,7.60,7.74,38508367,295986176.00
2016/11/14,7.71,7.90,7.67,7.78,41638744,324678720.00
2016/11/15,7.74,7.74,7.61,7.68,32829083,251699632.00
2016/11/16,7.71,8.35,7.60,8.10,101690196,811519552.00
2016/11/17,7.99,8.05,7.83,7.86,54247080,428993952.00
2016/11/18,7.82,8.02,7.76,7.78,36679462,288052480.00
2016/11/21,7.73,7.80,7.68,7.76,30045401,232338096.00
2016/11/22,7.76,7.98,7.74,7.87,36020822,282796736.00
2016/11/23,7.88,7.92,7.64,7.70,33234113,258007200.00
2016/11/24,7.70,7.79,7.56,7.60,27268361,208921600.00
2016/11/25,7.58,7.62,7.36,7.54,26464488,197812544.00
2016/11/28,7.55,7.58,7.47,7.53,19093403,143574208.00
2016/11/29,7.50,7.51,7.36,7.37,23008252,170923184.00
2016/11/30,7.34,7.47,7.31,7.40,15997216,118198608.00
2016/12/01,7.40,7.53,7.40,7.45,20239776,151240496.00
2016/12/02,7.50,7.64,7.38,7.45,27188121,204042848.00
2016/12/05,7.45,7.78,7.45,7.61,46023079,351555168.00
2016/12/06,7.66,7.71,7.55,7.61,22636949,172194032.00
2016/12/07,7.61,7.61,7.42,7.59,24294928,182702528.00
2016/12/08,7.64,7.77,7.54,7.70,39426117,302477920.00
2016/12/09,7.70,7.70,7.48,7.52,28557400,216740848.00
2016/12/12,7.45,7.50,6.81,6.85,49503200,353433568.00
2016/12/13,6.87,6.97,6.72,6.91,23441305,161073792.00
2016/12/14,6.91,6.95,6.71,6.75,21548585,146926048.00
2016/12/15,6.70,6.91,6.67,6.82,19449897,132782408.00
2016/12/16,6.80,6.88,6.75,6.85,14167331,96638696.00
2016/12/19,6.84,6.96,6.83,6.91,17667342,122090560.00
2016/12/20,6.87,6.90,6.74,6.82,13388428,91001200.00
2016/12/21,6.85,6.96,6.81,6.89,17137215,117957432.00
2016/12/22,6.89,6.94,6.79,6.87,16445144,112714448.00
2016/12/23,6.88,6.95,6.79,6.81,14483233,99375144.00
2016/12/26,6.76,6.93,6.75,6.88,20107638,138043200.00
2016/12/27,6.87,6.92,6.84,6.88,13529871,93107160.00
2016/12/28,6.89,7.55,6.86,7.15,52893583,381353472.00
2016/12/29,7.15,7.43,7.12,7.15,33231399,240943552.00
2016/12/30,7.12,7.21,7.00,7.13,19200911,136308224.00
2017/01/03,7.17,7.34,7.17,7.28,21880797,159268672.00
2017/01/04,7.28,7.31,7.20,7.31,19362672,140756400.00
2017/01/05,7.81,7.99,7.56,7.59,59333666,456652224.00
2017/01/06,7.62,8.35,7.58,8.13,117853266,953646016.00
2017/01/09,7.97,8.12,7.78,7.94,70499199,559629632.00
2017/01/10,7.92,8.08,7.75,7.77,48050686,379026080.00
2017/01/11,7.71,7.75,7.46,7.47,43584688,331275712.00
2017/01/12,7.46,7.59,7.36,7.48,33642979,251828688.00
2017/01/13,7.46,7.49,7.30,7.32,25936871,191412976.00
2017/01/16,7.34,7.37,6.65,7.03,41970363,294029216.00
2017/01/17,6.97,7.10,6.85,7.07,22736637,159088592.00
2017/01/18,7.04,7.17,7.00,7.05,16489351,116846744.00
2017/01/19,7.02,7.13,6.90,7.04,15374003,108065488.00
2017/01/20,7.01,7.19,7.01,7.12,15996149,113908048.00
2017/01/23,7.16,7.25,7.14,7.18,16270469,117114600.00
2017/01/24,7.21,7.67,7.18,7.47,46210242,344119584.00
2017/01/25,7.40,7.54,7.34,7.45,23399313,173878400.00
2017/01/26,7.47,7.55,7.41,7.52,18153730,135663456.00
2017/02/03,7.52,7.56,7.35,7.36,16568800,122912512.00
2017/02/06,7.35,7.43,7.28,7.42,15674803,115377528.00
2017/02/07,7.43,7.72,7.39,7.59,38646489,293271552.00
2017/02/08,7.59,7.61,7.48,7.61,22955586,173102992.00
2017/02/09,7.58,7.66,7.57,7.60,20404244,155138352.00
2017/02/10,7.60,7.78,7.56,7.69,34252408,262588640.00
2017/02/13,7.67,7.88,7.66,7.83,39477451,308134592.00
2017/02/14,7.79,7.86,7.67,7.72,32395228,250745392.00
2017/02/15,7.69,7.70,7.45,7.46,37921133,287079968.00
2017/02/16,7.42,7.58,7.42,7.57,24491682,184255168.00
2017/02/17,7.53,7.58,7.38,7.41,26864338,200531888.00
2017/02/20,7.39,7.47,7.37,7.47,16921394,125544584.00
2017/02/21,7.46,7.54,7.42,7.52,22592930,169055600.00
2017/02/22,7.53,7.56,7.44,7.49,20736256,155195344.00
2017/02/23,7.53,7.70,7.48,7.52,55439705,420389760.00
2017/02/24,7.43,7.47,7.33,7.41,33751639,249013216.00
2017/02/27,7.43,7.51,7.35,7.36,20724380,153552800.00
2017/02/28,7.34,7.41,7.30,7.38,13239324,97432168.00
2017/03/01,7.36,7.43,7.34,7.36,15549807,114855688.00
2017/03/02,7.38,7.50,7.36,7.40,24998802,185698000.00
2017/03/03,7.33,7.57,7.23,7.47,36781304,272795968.00
2017/03/06,7.44,7.53,7.39,7.50,19501213,145756576.00
2017/03/07,7.50,7.55,7.44,7.47,16320250,121999048.00
2017/03/08,7.45,7.49,7.33,7.37,17405854,128659384.00
2017/03/09,7.38,7.39,7.22,7.25,18775614,136552832.00
2017/03/10,7.25,7.28,7.21,7.21,12733579,92199520.00
2017/03/13,7.19,7.29,7.18,7.28,12257804,89011600.00
2017/03/14,7.28,7.29,7.21,7.23,11848804,85912608.00
2017/03/15,7.22,7.27,7.18,7.19,11733904,84722464.00
2017/03/16,7.28,7.31,7.25,7.28,14167075,103015968.00
2017/03/17,7.30,7.32,7.15,7.18,17895434,129450544.00
2017/03/20,7.18,7.23,7.08,7.15,15828646,113038448.00
2017/03/21,7.12,7.19,7.10,7.15,12113187,86413656.00
2017/03/22,7.10,7.11,6.99,7.03,17951603,126380496.00
2017/03/23,7.03,7.06,6.88,6.97,15268959,106760128.00
2017/03/24,6.96,7.15,6.95,7.08,17428694,123307696.00
2017/03/27,7.07,7.13,7.01,7.04,10381521,73236096.00
2017/03/28,7.09,7.25,7.08,7.17,23951421,171979520.00
2017/03/29,7.12,7.16,7.01,7.03,18040312,127541048.00
2017/03/30,7.03,7.03,6.88,6.89,18762500,129991160.00
2017/03/31,6.91,6.98,6.88,6.92,9299601,64251968.00
2017/04/05,6.95,7.02,6.93,7.02,14604237,102052032.00
2017/04/06,7.01,7.02,6.95,6.97,14058547,97910312.00
2017/04/07,7.00,7.05,6.93,6.99,16639316,116306816.00
2017/04/10,6.96,6.99,6.85,6.89,19868101,137218624.00
2017/04/11,6.87,6.88,6.70,6.85,23839700,161875072.00
2017/04/12,6.83,6.83,6.71,6.73,14013842,94742504.00
2017/04/13,6.72,6.84,6.70,6.77,10787507,73128720.00
2017/04/14,6.73,6.76,6.66,6.67,13455329,90199840.00
2017/04/17,6.70,6.83,6.60,6.72,16953646,113908640.00
2017/04/18,6.68,6.73,6.58,6.58,10044797,66748064.00
2017/04/19,6.57,6.58,6.29,6.36,18102828,115286360.00
2017/04/20,6.36,6.46,6.31,6.35,13340480,85028488.00
2017/04/21,6.39,6.40,6.18,6.20,14071335,87894056.00
2017/04/24,6.16,6.19,5.90,5.90,15669726,93794856.00
2017/04/25,5.92,6.01,5.91,5.93,9672050,57609844.00
2017/04/26,5.95,6.07,5.95,6.04,12264620,74032928.00
2017/04/27,6.00,6.08,5.90,6.06,13148526,78695520.00
2017/04/28,6.09,6.19,6.04,6.16,11831824,72257160.00
2017/05/02,6.22,6.34,6.17,6.18,16757265,105129256.00
2017/05/03,6.20,6.32,6.15,6.29,13852857,86731240.00
2017/05/04,6.25,6.28,6.18,6.21,9543680,59365016.00
2017/05/05,6.21,6.21,6.01,6.02,13022734,79138168.00
2017/05/08,5.98,5.98,5.86,5.87,11713966,69424208.00
2017/05/09,5.85,5.93,5.79,5.93,9363246,54846200.00
2017/05/10,5.92,5.97,5.70,5.71,11493066,67131384.00
2017/05/11,5.69,5.84,5.58,5.76,16424186,93798032.00
2017/05/12,5.75,5.79,5.65,5.67,14412010,81996576.00
2017/05/15,5.66,5.75,5.65,5.69,9789478,55787976.00
2017/05/16,5.66,5.81,5.60,5.80,13457379,76833680.00
2017/05/17,5.78,5.87,5.77,5.84,13324843,77587040.00
2017/05/18,5.77,5.86,5.74,5.75,10521530,60861772.00
2017/05/19,5.75,5.75,5.66,5.71,8758060,49920216.00
2017/05/22,5.66,5.76,5.61,5.61,8904960,50566992.00
2017/05/23,5.64,5.64,5.25,5.30,16190183,88076912.00
2017/05/24,5.26,5.35,5.10,5.32,11472937,60147004.00
2017/05/25,5.31,5.36,5.17,5.35,13206636,69774824.00
2017/05/26,5.34,5.42,5.31,5.37,10731050,57744408.00
2017/05/31,5.42,5.51,5.42,5.45,12946751,70731576.00
2017/06/01,5.45,5.45,5.30,5.30,9390900,50292848.00
2017/06/02,5.28,5.37,5.22,5.35,8033579,42469904.00
2017/06/05,5.35,5.42,5.34,5.38,6145170,33077480.00
2017/06/06,5.37,5.45,5.34,5.42,5960665,32121912.00
2017/06/07,5.42,5.55,5.39,5.53,14175616,77775824.00
2017/06/08,5.55,5.69,5.48,5.56,19593850,109578136.00
2017/06/09,5.55,5.56,5.46,5.51,10389536,57106504.00
2017/06/12,5.45,5.52,5.41,5.46,9688297,52924312.00
2017/06/13,5.48,5.64,5.46,5.61,17263923,96308528.00
2017/06/14,5.64,5.96,5.63,5.78,40254501,234337472.00
2017/06/15,5.71,5.88,5.69,5.77,22492900,129912152.00
2017/06/16,5.74,5.80,5.68,5.75,13220778,75751488.00
2017/06/19,5.75,5.79,5.70,5.77,10638105,61130912.00
2017/06/20,5.76,5.85,5.74,5.78,12544777,72558816.00
2017/06/21,5.78,5.82,5.68,5.72,9900716,56687660.00
2017/06/22,5.74,5.74,5.56,5.58,10628700,60255916.00
2017/06/23,5.58,5.92,5.56,5.83,35563905,205849328.00
2017/06/26,5.80,6.24,5.78,6.19,61223762,370051136.00
2017/06/27,6.15,6.16,6.02,6.06,36029259,218733360.00
2017/06/28,6.04,6.67,6.04,6.35,61610977,393343680.00
2017/06/29,6.31,6.58,6.24,6.43,54669835,350582144.00
2017/06/30,6.36,6.54,6.31,6.43,39793320,256044768.00
2017/07/03,6.37,6.45,6.31,6.37,26458645,168159104.00
2017/07/04,6.33,6.58,6.30,6.47,43127291,278542272.00
2017/07/05,6.88,7.12,6.73,7.12,98240391,686921536.00
2017/07/06,7.15,7.25,6.91,7.16,143049396,1017082240.00
2017/07/07,7.00,7.50,6.92,7.37,121670573,873998912.00
2017/07/10,7.25,7.82,7.21,7.43,114030859,859514240.00
2017/07/11,7.36,7.50,6.94,7.02,88726186,637666368.00
2017/07/12,7.03,7.19,6.90,7.16,65462168,462340928.00
2017/07/13,7.22,7.48,7.02,7.05,76005561,550467328.00
2017/07/14,6.96,6.99,6.80,6.93,48200770,333146944.00
2017/07/17,6.95,6.96,6.31,6.54,61217981,407756960.00
2017/07/18,6.55,7.07,6.52,7.05,66618171,453313280.00
2017/07/19,7.05,7.66,7.01,7.53,111546866,820998272.00
2017/07/20,7.42,8.28,7.36,8.28,224750900,1836657408.00
2017/07/21,8.28,8.29,7.95,8.09,158643082,1289684224.00
2017/07/24,8.07,8.40,7.81,8.36,152198021,1232853888.00
2017/07/25,8.10,8.12,7.66,7.91,113139904,898609664.00
2017/07/26,7.82,8.68,7.82,8.53,168747051,1423711616.00
2017/07/27,8.41,9.37,8.40,8.59,173122266,1535860224.00
2017/07/28,8.62,9.45,8.62,9.45,198801200,1847549568.00
2017/08/02,10.40,10.40,10.40,10.40,0,0.00
数据来源:通达信
