601857 中国石油 日线 前复权
      日期	    开盘	    最高	    最低	    收盘	    成交量	    成交额
2010/10/08,8.74,9.04,8.74,8.95,40556190,423906624.00
2010/10/11,8.99,9.30,8.99,9.26,67049278,719633280.00
2010/10/12,9.27,9.64,9.14,9.63,72053454,786898496.00
2010/10/13,9.62,9.73,9.46,9.50,45527675,504242304.00
2010/10/14,9.64,9.85,9.55,9.82,72316640,815002176.00
2010/10/15,9.73,10.12,9.63,10.03,76923595,874759104.00
2010/10/18,10.00,10.25,9.86,9.88,78555702,907563840.00
2010/10/19,9.88,9.93,9.68,9.92,58100229,657360576.00
2010/10/20,9.68,9.93,9.59,9.74,53081689,599043264.00
2010/10/21,9.79,10.00,9.71,9.74,38449647,436680160.00
2010/10/22,9.70,9.74,9.56,9.60,33825142,377304512.00
2010/10/25,9.60,9.94,9.58,9.93,47635122,536706592.00
2010/10/26,10.22,10.43,9.96,10.04,88607753,1040454592.00
2010/10/27,10.01,10.01,9.76,9.80,40213962,458680544.00
2010/10/28,9.80,9.92,9.72,9.77,20246323,229223376.00
2010/10/29,9.77,9.83,9.60,9.67,26004106,291140256.00
2010/11/01,9.70,9.89,9.70,9.87,33349899,378388608.00
2010/11/02,9.90,10.09,9.76,9.88,48142468,550435200.00
2010/11/03,9.88,10.08,9.78,9.95,46838018,536324768.00
2010/11/04,9.96,10.38,9.96,10.37,80287356,946161920.00
2010/11/05,10.63,10.73,10.38,10.47,74393046,894107136.00
2010/11/08,10.54,10.81,10.54,10.62,73024935,891090368.00
2010/11/09,10.65,10.65,10.17,10.30,56817432,676184384.00
2010/11/10,10.21,10.50,10.13,10.31,54119648,644295872.00
2010/11/11,10.35,11.49,10.28,11.22,142109802,1773872384.00
2010/11/12,10.99,11.79,10.89,11.02,205475155,2652521472.00
2010/11/15,11.02,11.33,10.58,10.86,109501870,1365333632.00
2010/11/16,10.76,10.79,9.99,10.05,81816993,978267008.00
2010/11/17,9.68,10.10,9.50,9.83,66210815,746761024.00
2010/11/18,9.82,10.04,9.79,9.87,39517884,451670656.00
2010/11/19,9.94,9.95,9.38,9.76,48545979,542705856.00
2010/11/22,9.63,9.81,9.53,9.66,35895317,402146912.00
2010/11/23,9.59,9.64,9.23,9.34,38140967,416301440.00
2010/11/24,9.28,9.54,9.24,9.43,25958887,284092960.00
2010/11/25,9.56,9.69,9.43,9.66,45426046,504312608.00
2010/11/26,9.62,9.66,9.41,9.46,35288637,389141472.00
2010/11/29,9.42,9.49,9.31,9.45,23754298,259233328.00
2010/11/30,9.47,9.76,9.23,9.55,57739286,637157888.00
2010/12/01,9.46,9.61,9.29,9.45,23971777,263284240.00
2010/12/02,9.60,9.75,9.51,9.58,37347533,416941664.00
2010/12/03,9.61,9.84,9.52,9.72,38915205,438022976.00
2010/12/06,9.81,10.26,9.80,10.25,70690233,819027520.00
2010/12/07,10.12,10.33,9.95,10.26,38781584,451739168.00
2010/12/08,10.16,10.21,10.02,10.04,27043457,313632160.00
2010/12/09,10.02,10.13,9.75,9.86,31602792,361510496.00
2010/12/10,9.79,10.05,9.72,9.93,23872925,273286336.00
2010/12/13,10.00,10.53,9.89,10.43,57103191,672096448.00
2010/12/14,10.41,10.42,10.21,10.30,33037270,390411104.00
2010/12/15,10.27,10.36,10.16,10.19,24578468,288624896.00
2010/12/16,10.18,10.32,10.13,10.17,25078045,294068576.00
2010/12/17,10.15,10.18,9.96,10.04,26240020,303065216.00
2010/12/20,10.03,10.11,9.63,9.79,34781805,394164960.00
2010/12/21,9.86,10.06,9.81,10.00,23467552,269009568.00
2010/12/22,10.14,10.25,9.85,9.92,37733624,437566624.00
2010/12/23,9.92,10.01,9.86,9.88,19696703,225716000.00
2010/12/24,9.86,9.99,9.79,9.90,20979867,239783728.00
2010/12/27,9.89,10.08,9.60,9.64,30387872,346382176.00
2010/12/28,9.60,9.67,9.39,9.55,28065282,310618496.00
2010/12/29,9.56,9.67,9.52,9.55,15824221,175646352.00
2010/12/30,9.56,9.65,9.42,9.63,19798755,218921104.00
2010/12/31,9.54,9.71,9.53,9.70,24855567,276862528.00
2011/01/04,9.72,9.92,9.64,9.87,32089336,362728128.00
2011/01/05,9.72,9.79,9.66,9.72,20908682,234787264.00
2011/01/06,9.72,9.78,9.58,9.62,15470066,172780576.00
2011/01/07,9.60,9.83,9.55,9.66,23750164,266230752.00
2011/01/10,9.66,9.73,9.58,9.59,18992955,211746640.00
2011/01/11,9.59,9.78,9.50,9.71,26846030,299076160.00
2011/01/12,9.76,9.79,9.65,9.72,20399428,229360848.00
2011/01/13,9.77,9.97,9.68,9.87,38490921,437325888.00
2011/01/14,9.81,9.94,9.66,9.90,33906656,384222176.00
2011/01/17,9.88,10.00,9.71,9.88,51463437,586535232.00
2011/01/18,9.78,9.93,9.66,9.72,22380272,252101136.00
2011/01/19,9.72,9.89,9.68,9.85,24959246,282591488.00
2011/01/20,9.84,9.84,9.47,9.50,30185121,336315456.00
2011/01/21,9.45,9.75,9.40,9.60,23196464,258062384.00
2011/01/24,9.60,9.92,9.58,9.76,31926129,360882496.00
2011/01/25,9.72,9.85,9.63,9.67,17355106,195433952.00
2011/01/26,9.68,9.76,9.60,9.70,10876985,121657792.00
2011/01/27,9.65,9.90,9.61,9.84,28711300,323818368.00
2011/01/28,9.78,9.83,9.70,9.76,15234839,171756400.00
2011/01/31,9.81,9.93,9.76,9.90,27665342,314901824.00
2011/02/01,9.97,10.23,9.92,10.16,47771827,556522880.00
2011/02/09,10.01,10.14,9.90,9.94,28191077,325260256.00
2011/02/10,9.92,10.02,9.87,10.01,20841739,238609472.00
2011/02/11,9.99,10.00,9.88,9.93,31472518,360280672.00
2011/02/14,9.92,10.24,9.90,10.16,57092784,661404160.00
2011/02/15,10.13,10.38,10.08,10.19,60993423,715641856.00
2011/02/16,10.16,10.21,10.05,10.18,30573641,356428480.00
2011/02/17,10.21,10.32,10.09,10.17,34459639,403907424.00
2011/02/18,10.20,10.22,10.00,10.06,27261122,316316224.00
2011/02/21,10.10,10.23,9.99,10.19,57834354,672049408.00
2011/02/22,10.34,10.45,9.96,10.07,90792594,1064646336.00
2011/02/23,10.06,10.07,9.88,9.93,47703645,547595904.00
2011/02/24,10.00,10.19,9.94,10.01,45969733,530829536.00
2011/02/25,9.98,10.00,9.81,9.89,33122230,378144544.00
2011/02/28,9.89,9.93,9.79,9.89,38633954,439405568.00
2011/03/01,9.89,9.95,9.84,9.93,33791094,385830688.00
2011/03/02,9.91,10.04,9.88,9.97,40110982,461182464.00
2011/03/03,10.04,10.23,9.95,10.13,73427633,852101312.00
2011/03/04,10.11,10.30,10.05,10.27,79603735,931699200.00
2011/03/07,10.29,10.72,10.28,10.58,123394043,1489355264.00
2011/03/08,10.53,10.64,10.42,10.56,52297155,629849856.00
2011/03/09,10.55,10.59,10.46,10.48,31441599,378348608.00
2011/03/10,10.48,10.55,10.32,10.40,46718966,556307456.00
2011/03/11,10.30,10.46,10.26,10.32,29967230,355245696.00
2011/03/14,10.26,10.28,10.13,10.17,37885291,444410880.00
2011/03/15,10.10,10.16,9.88,10.02,43637471,502403680.00
2011/03/16,9.98,10.09,9.94,10.03,26604173,306984128.00
2011/03/17,9.98,10.28,9.93,10.12,44138531,513170144.00
2011/03/18,10.24,10.33,9.99,10.05,32384758,380006048.00
2011/03/21,10.21,10.34,10.16,10.23,31611880,372038272.00
2011/03/22,10.31,10.32,10.16,10.24,23192997,272687680.00
2011/03/23,10.28,10.29,10.20,10.27,21581848,254103440.00
2011/03/24,10.26,10.63,10.25,10.41,74479316,893158976.00
2011/03/25,10.39,10.50,10.38,10.42,32846169,393184608.00
2011/03/28,10.43,10.60,10.40,10.47,44526565,535628928.00
2011/03/29,10.43,10.59,10.21,10.35,39306922,467155936.00
2011/03/30,10.31,10.48,10.27,10.42,42187270,501743808.00
2011/03/31,10.41,10.43,10.22,10.38,29105698,344752128.00
2011/04/01,10.44,10.51,10.32,10.48,34092711,407479680.00
2011/04/06,10.50,10.65,10.45,10.63,59458336,717727872.00
2011/04/07,10.65,10.67,10.53,10.59,49607045,601654656.00
2011/04/08,10.58,10.70,10.55,10.65,34986289,425234976.00
2011/04/11,10.68,10.89,10.64,10.66,55088717,677448448.00
2011/04/12,10.59,10.68,10.36,10.53,45220871,545788480.00
2011/04/13,10.43,10.51,10.35,10.50,39599844,472653696.00
2011/04/14,10.50,10.58,10.41,10.50,34691988,416707264.00
2011/04/15,10.48,10.58,10.42,10.50,20173205,242104592.00
2011/04/18,10.48,10.71,10.46,10.59,47624904,578129664.00
2011/04/19,10.53,10.54,10.34,10.34,28149882,336483456.00
2011/04/20,10.42,10.46,10.31,10.38,18346855,218404752.00
2011/04/21,10.46,10.50,10.37,10.43,20995225,251130384.00
2011/04/22,10.43,10.47,10.35,10.37,23127738,275777152.00
2011/04/25,10.31,10.39,10.25,10.26,20231095,239181264.00
2011/04/26,10.28,10.34,10.14,10.20,17356346,204288128.00
2011/04/27,10.22,10.28,10.13,10.16,17131532,200877728.00
2011/04/28,10.24,10.30,10.14,10.16,22522871,264491360.00
2011/04/29,10.19,10.25,10.13,10.19,23888162,279396512.00
2011/05/03,10.19,10.22,10.09,10.20,21903020,255537584.00
2011/05/04,10.15,10.16,9.93,9.94,26409305,305029536.00
2011/05/05,9.90,9.98,9.83,9.88,23701447,270428320.00
2011/05/06,9.67,9.73,9.56,9.63,31229726,348572736.00
2011/05/09,9.63,9.70,9.58,9.63,21941763,244771136.00
2011/05/10,9.67,9.69,9.63,9.68,12356768,138177568.00
2011/05/11,9.68,9.71,9.64,9.66,13109375,146736672.00
2011/05/12,9.58,9.60,9.50,9.51,20390227,225747184.00
2011/05/13,9.56,9.63,9.48,9.61,14827414,164264432.00
2011/05/16,9.58,9.62,9.51,9.53,10385895,115106464.00
2011/05/17,9.53,9.57,9.46,9.50,16110189,177743712.00
2011/05/19,9.55,9.59,9.50,9.52,14378682,159183776.00
2011/05/20,9.52,9.60,9.51,9.56,11974315,132600784.00
2011/05/23,9.56,9.58,9.28,9.35,21170651,231668960.00
2011/05/24,9.34,9.38,9.10,9.14,27118772,290307296.00
2011/05/25,9.17,9.33,9.09,9.32,43664784,469442816.00
2011/05/26,9.29,9.52,9.28,9.36,19312364,211039504.00
2011/05/27,9.46,9.60,9.40,9.45,27821521,306926176.00
2011/05/30,9.46,9.55,9.36,9.46,17225214,188961968.00
2011/05/31,9.46,9.53,9.43,9.49,16932499,186287328.00
2011/06/01,9.55,9.55,9.40,9.52,22151066,239557184.00
2011/06/02,9.44,9.50,9.32,9.36,13733571,147188672.00
2011/06/03,9.37,9.40,9.30,9.37,12894542,137857104.00
2011/06/07,9.37,9.51,9.30,9.49,31606677,340094432.00
2011/06/08,9.44,9.55,9.34,9.50,15988555,172817088.00
2011/06/09,9.48,9.56,9.35,9.47,17022495,183329024.00
2011/06/10,9.44,9.53,9.41,9.49,15800226,170747488.00
2011/06/13,9.46,9.50,9.26,9.48,24211111,258322512.00
2011/06/14,9.40,9.54,9.37,9.53,22294198,241326640.00
2011/06/15,9.49,9.61,9.47,9.58,28114195,306176000.00
2011/06/16,9.48,9.57,9.34,9.38,13074994,141201328.00
2011/06/17,9.41,9.49,9.36,9.43,13239581,142864480.00
2011/06/20,9.41,9.43,9.31,9.32,10376513,110863808.00
2011/06/21,9.39,9.39,9.27,9.33,13882627,147992112.00
2011/06/22,9.33,9.37,9.27,9.35,12786989,136383024.00
2011/06/23,9.33,9.41,9.27,9.40,18249952,194604640.00
2011/06/24,9.34,9.53,9.31,9.48,41411101,446071264.00
2011/06/27,9.47,9.52,9.44,9.48,36735423,397561760.00
2011/06/28,9.48,9.48,9.36,9.42,20167179,216886032.00
2011/06/29,9.45,9.55,9.40,9.44,22660954,245287424.00
2011/06/30,9.49,9.61,9.45,9.55,21243685,231169104.00
2011/07/01,9.56,9.57,9.48,9.49,13743454,149306512.00
2011/07/04,9.54,9.64,9.51,9.61,33745770,368063392.00
2011/07/05,9.61,9.63,9.55,9.59,22485210,245784064.00
2011/07/06,9.59,9.74,9.42,9.72,60904379,664132864.00
2011/07/07,9.66,9.68,9.54,9.60,30412995,332516224.00
2011/07/08,9.59,9.62,9.51,9.54,16440870,179161408.00
2011/07/11,9.51,9.55,9.48,9.54,10413797,113202872.00
2011/07/12,9.51,9.51,9.36,9.38,17724819,190805760.00
2011/07/13,9.37,9.44,9.37,9.42,13814315,148557904.00
2011/07/14,9.43,9.47,9.39,9.45,16378671,176365280.00
2011/07/15,9.44,9.44,9.37,9.42,16998382,182662416.00
2011/07/18,9.41,9.44,9.33,9.35,28420261,304192352.00
2011/07/19,9.31,9.45,9.31,9.34,24919713,267076320.00
2011/07/20,9.38,9.42,9.33,9.36,17868775,191455760.00
2011/07/21,9.40,9.40,9.26,9.27,17556318,186849088.00
2011/07/22,9.27,9.32,9.24,9.24,18169212,192909312.00
2011/07/25,9.25,9.26,8.96,9.02,29874695,311564128.00
2011/07/26,9.01,9.28,8.98,9.26,25939329,270695008.00
2011/07/27,9.14,9.45,9.11,9.39,43835509,467830304.00
2011/07/28,9.31,9.46,9.16,9.45,29004463,309494016.00
2011/07/29,9.37,9.47,9.26,9.34,16447935,176003952.00
2011/08/01,9.33,9.38,9.28,9.31,7845317,83665152.00
2011/08/02,9.26,9.29,9.07,9.11,14137204,148123472.00
2011/08/03,9.09,9.20,9.04,9.11,16883798,176338000.00
2011/08/04,9.11,9.15,9.08,9.11,5905215,61716988.00
2011/08/05,8.94,9.00,8.80,8.84,24707088,252584608.00
2011/08/08,8.78,8.89,8.51,8.52,31701761,316488896.00
2011/08/09,8.45,8.51,8.36,8.42,32897966,320882656.00
2011/08/10,8.50,8.66,8.47,8.51,21043748,207946880.00
2011/08/11,8.44,8.63,8.41,8.58,14358864,141764208.00
2011/08/12,8.61,8.70,8.58,8.63,12530326,124979952.00
2011/08/15,8.65,8.71,8.58,8.70,11265250,112627240.00
2011/08/16,8.71,8.72,8.62,8.63,10650513,106529720.00
2011/08/17,8.62,8.68,8.59,8.62,7305970,72767096.00
2011/08/18,8.64,8.65,8.52,8.53,9964981,98821240.00
2011/08/19,8.46,8.52,8.42,8.47,12593827,123361800.00
2011/08/22,8.49,8.54,8.41,8.43,9086921,89095040.00
2011/08/23,8.46,8.55,8.43,8.55,7814499,76771584.00
2011/08/24,8.56,8.59,8.48,8.50,8784925,86852696.00
2011/08/25,8.52,8.80,8.51,8.76,20947625,210045200.00
2011/08/26,8.69,8.73,8.64,8.70,16602612,166180384.00
2011/08/29,8.64,8.65,8.57,8.60,10194789,101373144.00
2011/08/30,8.66,8.71,8.57,8.58,11763658,117546288.00
2011/08/31,8.57,8.61,8.51,8.54,11838817,116990464.00
2011/09/01,8.54,8.59,8.49,8.51,9492098,93690720.00
2011/09/02,8.51,8.54,8.38,8.43,11948982,116898456.00
2011/09/05,8.40,8.42,8.24,8.26,17225076,166185680.00
2011/09/06,8.27,8.50,8.21,8.36,13646525,132455576.00
2011/09/07,8.40,8.46,8.32,8.45,10578069,102997816.00
2011/09/08,8.50,8.52,8.41,8.44,9499783,93152368.00
2011/09/09,8.49,8.53,8.44,8.47,10209821,100391488.00
2011/09/13,8.42,8.43,8.36,8.39,10625455,103436744.00
2011/09/14,8.44,8.51,8.35,8.46,11526037,112496544.00
2011/09/15,8.52,8.57,8.45,8.53,12552524,121582792.00
2011/09/16,8.57,8.60,8.48,8.51,7953875,77257296.00
2011/09/19,8.50,8.50,8.39,8.39,6700550,64301480.00
2011/09/20,8.40,8.59,8.38,8.45,10532433,101684256.00
2011/09/21,8.47,8.62,8.40,8.59,14065152,137002064.00
2011/09/22,8.53,8.58,8.41,8.42,12586180,121802528.00
2011/09/23,8.35,8.47,8.27,8.39,13366931,127347464.00
2011/09/26,8.32,8.50,8.28,8.45,15224160,145632960.00
2011/09/27,8.48,8.56,8.39,8.52,11687469,112890024.00
2011/09/28,8.53,8.61,8.44,8.58,18663110,181387088.00
2011/09/29,8.52,8.67,8.49,8.63,19964764,194812992.00
2011/09/30,8.60,8.72,8.56,8.69,19072583,187564608.00
2011/10/10,8.68,8.68,8.57,8.58,8893891,87251352.00
2011/10/11,8.67,8.72,8.32,8.63,21196929,206528944.00
2011/10/12,8.52,8.81,8.42,8.80,27283511,268965024.00
2011/10/13,8.73,8.82,8.62,8.81,25365190,251406160.00
2011/10/14,8.76,8.77,8.64,8.71,9383896,92737336.00
2011/10/17,8.70,8.75,8.62,8.74,18705314,184392176.00
2011/10/18,8.68,8.68,8.54,8.55,10353956,101286560.00
2011/10/19,8.58,8.60,8.54,8.56,7587255,73997496.00
2011/10/21,8.50,8.54,8.37,8.47,13275484,128099392.00
2011/10/24,8.47,8.68,8.45,8.65,17523132,170992432.00
2011/10/25,8.62,8.71,8.59,8.68,14330580,141018448.00
2011/10/26,8.65,8.74,8.63,8.70,20670042,204263808.00
2011/10/27,8.70,8.80,8.69,8.71,15214176,150792464.00
2011/10/28,8.78,8.85,8.73,8.80,21270408,212021200.00
2011/10/31,8.80,8.80,8.67,8.70,11935264,118253160.00
2011/11/01,8.67,8.84,8.66,8.71,15669126,155594160.00
2011/11/02,8.63,8.80,8.61,8.78,14745741,145502944.00
2011/11/03,8.78,8.85,8.74,8.78,23091271,230291168.00
2011/11/04,8.84,8.95,8.82,8.93,27469955,276808480.00
2011/11/07,8.90,8.97,8.85,8.86,16386195,165240416.00
2011/11/08,8.88,9.10,8.85,8.95,35537574,361288256.00
2011/11/09,9.01,9.10,8.92,9.01,18157738,184788304.00
2011/11/10,8.93,9.05,8.87,8.88,16986960,171768576.00
2011/11/11,8.92,8.98,8.87,8.91,10278294,103845912.00
2011/11/14,8.97,9.08,8.93,9.00,10846208,110452240.00
2011/11/15,8.98,9.02,8.91,8.94,7343298,74334848.00
2011/11/16,8.93,8.96,8.70,8.74,16129761,161259264.00
2011/11/17,8.74,8.77,8.71,8.73,9407263,93277448.00
2011/11/18,8.68,8.75,8.61,8.63,9209728,90571640.00
2011/11/21,8.62,8.63,8.58,8.61,5870620,57434320.00
2011/11/22,8.60,8.63,8.50,8.59,6729718,65583052.00
2011/11/23,8.60,8.62,8.51,8.52,6153853,59818168.00
2011/11/24,8.48,8.57,8.44,8.50,6529716,63183200.00
2011/11/25,8.50,8.52,8.45,8.47,5577108,53844700.00
2011/11/28,8.48,8.62,8.47,8.54,8184406,79557152.00
2011/11/29,8.56,8.60,8.53,8.59,5866769,57148716.00
2011/11/30,8.56,8.58,8.21,8.28,20812956,198362240.00
2011/12/01,8.42,8.57,8.37,8.41,17419122,168010064.00
2011/12/02,8.39,8.48,8.34,8.44,7827900,75066272.00
2011/12/05,8.49,8.49,8.37,8.48,9500132,91315952.00
2011/12/06,8.45,8.53,8.41,8.52,7888153,76212240.00
2011/12/07,8.52,8.55,8.46,8.52,5475983,53036696.00
2011/12/08,8.51,8.56,8.43,8.50,5691912,55057968.00
2011/12/09,8.48,8.55,8.46,8.48,4907542,47571276.00
2011/12/12,8.48,8.49,8.32,8.37,7120936,68226496.00
2011/12/13,8.35,8.50,8.30,8.38,16616356,158961696.00
2011/12/14,8.35,8.50,8.34,8.46,14333615,137774624.00
2011/12/15,8.39,8.42,8.32,8.33,12447301,118710728.00
2011/12/16,8.33,8.48,8.30,8.45,12387148,118171136.00
2011/12/19,8.39,8.48,8.17,8.45,17721911,168112864.00
2011/12/20,8.37,8.52,8.36,8.50,14562233,140409856.00
2011/12/21,8.51,8.61,8.47,8.52,14970127,145495728.00
2011/12/22,8.48,8.63,8.46,8.57,18909968,184216720.00
2011/12/23,8.58,8.71,8.53,8.65,16530386,162533472.00
2011/12/26,8.58,8.64,8.50,8.53,8735029,84971288.00
2011/12/27,8.53,8.59,8.41,8.50,13877905,134068488.00
2011/12/28,8.46,8.60,8.42,8.59,13547150,131515728.00
2011/12/29,8.57,8.65,8.55,8.61,10822041,105979456.00
2011/12/30,8.61,8.68,8.51,8.56,15472873,151216496.00
2012/01/04,8.61,8.70,8.52,8.57,20781634,203706448.00
2012/01/05,8.54,8.73,8.52,8.62,15967141,156442000.00
2012/01/06,8.71,8.86,8.70,8.78,36455558,363305920.00
2012/01/09,8.79,8.90,8.67,8.85,21475791,214327600.00
2012/01/10,8.83,8.97,8.80,8.94,26763389,269910400.00
2012/01/11,8.92,9.03,8.83,8.86,23298191,235452736.00
2012/01/12,8.84,8.89,8.80,8.88,14945462,149802016.00
2012/01/13,8.88,9.10,8.82,9.02,23940968,242048560.00
2012/01/16,8.99,9.07,8.88,8.91,17911831,181443584.00
2012/01/17,8.92,9.17,8.83,9.14,33948049,346394304.00
2012/01/18,9.12,9.15,8.92,9.04,18285375,186637408.00
2012/01/19,9.03,9.12,8.98,9.08,16446097,168529472.00
2012/01/20,9.09,9.13,9.04,9.08,12898812,132363864.00
2012/01/30,9.12,9.13,8.94,8.95,16964985,172951968.00
2012/01/31,8.95,9.04,8.95,9.03,9633375,98115512.00
2012/02/01,9.01,9.13,8.99,9.00,10115231,103676440.00
2012/02/02,9.02,9.07,8.96,9.03,13392725,136480336.00
2012/02/03,9.03,9.08,8.97,9.04,11315394,115491200.00
2012/02/06,9.06,9.08,9.00,9.05,18529545,189322544.00
2012/02/07,9.01,9.05,8.86,8.91,12469781,126137448.00
2012/02/08,8.96,9.16,8.90,9.08,22234017,227311520.00
2012/02/09,9.06,9.14,9.01,9.11,18069967,185559632.00
2012/02/10,9.07,9.13,9.03,9.13,16578196,170128416.00
2012/02/13,9.04,9.14,9.03,9.08,9637024,98925328.00
2012/02/14,9.07,9.14,9.04,9.06,7100573,72855992.00
2012/02/15,9.04,9.11,8.99,9.07,12069078,123670864.00
2012/02/16,9.08,9.11,8.96,8.99,17644653,180269904.00
2012/02/17,9.02,9.06,8.97,9.00,10011723,101987336.00
2012/02/20,9.06,9.16,9.05,9.11,22613082,232694800.00
2012/02/21,9.12,9.14,9.01,9.08,13935027,142696704.00
2012/02/22,9.08,9.10,9.02,9.09,12462165,127565688.00
2012/02/23,9.09,9.20,9.05,9.13,21429506,220837408.00
2012/02/24,9.17,9.27,9.12,9.25,28099121,291547680.00
2012/02/27,9.30,9.56,9.21,9.37,69050046,726859136.00
2012/02/28,9.35,9.51,9.28,9.42,30061847,317534656.00
2012/02/29,9.38,9.43,9.32,9.34,16572373,174798032.00
2012/03/01,9.28,9.36,9.24,9.26,13798610,144518144.00
2012/03/02,9.29,9.46,9.27,9.41,24576622,259610672.00
2012/03/05,9.37,9.43,9.27,9.29,20420665,215039808.00
2012/03/06,9.27,9.33,9.11,9.14,17210554,178693552.00
2012/03/07,9.11,9.27,9.08,9.10,11585454,119617568.00
2012/03/08,9.13,9.19,9.10,9.15,11769491,121417032.00
2012/03/09,9.16,9.18,9.07,9.15,12334446,127174112.00
2012/03/12,9.12,9.16,9.08,9.10,18520263,190561344.00
2012/03/13,9.07,9.21,9.07,9.19,15836724,163765712.00
2012/03/14,9.21,9.26,8.99,9.00,26629210,274361440.00
2012/03/15,9.00,9.12,8.98,9.05,18326903,187695616.00
2012/03/16,9.04,9.13,9.03,9.12,11279497,115668360.00
2012/03/19,9.14,9.15,9.04,9.08,10674425,109487056.00
2012/03/20,9.14,9.15,9.03,9.03,16598330,170315472.00
2012/03/21,9.02,9.07,8.85,8.92,18985361,192359072.00
2012/03/22,8.91,8.92,8.84,8.87,11302201,113685696.00
2012/03/23,8.87,8.89,8.80,8.86,13012561,130402832.00
2012/03/26,8.86,8.91,8.84,8.87,6431226,64624088.00
2012/03/27,8.88,8.90,8.82,8.85,7840950,78742328.00
2012/03/28,8.84,8.87,8.67,8.69,13060872,129956784.00
2012/03/29,8.69,8.72,8.49,8.53,16807589,164002544.00
2012/03/30,8.56,8.57,8.45,8.51,12614723,121995056.00
2012/04/05,8.52,8.55,8.43,8.54,16620814,160785968.00
2012/04/06,8.54,8.55,8.48,8.53,8704167,84357680.00
2012/04/09,8.52,8.53,8.42,8.44,10933947,105256744.00
2012/04/10,8.42,8.49,8.37,8.48,9843003,94617752.00
2012/04/11,8.45,8.52,8.39,8.52,13284548,128127648.00
2012/04/12,8.53,8.69,8.47,8.67,19196160,187105968.00
2012/04/13,8.67,8.67,8.59,8.63,12539020,123013344.00
2012/04/16,8.60,8.63,8.57,8.61,10041891,98173016.00
2012/04/17,8.61,8.66,8.57,8.61,8793356,86108480.00
2012/04/18,8.62,8.77,8.57,8.71,13465457,132604576.00
2012/04/19,8.68,8.73,8.65,8.69,10822106,106677232.00
2012/04/20,8.67,8.79,8.66,8.77,13541136,134219664.00
2012/04/23,8.76,8.77,8.67,8.67,10450453,103393984.00
2012/04/24,8.72,8.82,8.61,8.68,16680620,164890864.00
2012/04/25,8.65,8.77,8.62,8.74,15911121,157339904.00
2012/04/26,8.72,8.76,8.70,8.73,9593083,94991224.00
2012/04/27,8.72,8.78,8.71,8.75,12413525,123328136.00
2012/05/02,8.83,8.99,8.82,8.96,30474754,307265280.00
2012/05/03,8.95,8.97,8.88,8.93,13226726,133713304.00
2012/05/04,8.92,8.98,8.87,8.90,14542542,146746128.00
2012/05/07,8.87,8.89,8.72,8.80,25222007,251026912.00
2012/05/08,8.80,8.80,8.71,8.75,16737417,166081792.00
2012/05/09,8.72,8.73,8.52,8.55,29083395,284310080.00
2012/05/10,8.57,8.58,8.45,8.48,34839203,337398848.00
2012/05/11,8.49,8.50,8.44,8.48,23095371,222719456.00
2012/05/14,8.51,8.53,8.46,8.47,19680494,190403072.00
2012/05/15,8.45,8.45,8.35,8.42,28884561,276474272.00
2012/05/16,8.40,8.40,8.32,8.34,25384494,242092976.00
2012/05/17,8.35,8.48,8.33,8.43,32440737,310360576.00
2012/05/18,8.39,8.39,8.30,8.33,21076381,200607824.00
2012/05/21,8.33,8.37,8.30,8.34,13367933,127229416.00
2012/05/22,8.37,8.40,8.35,8.38,14882225,142320016.00
2012/05/24,8.34,8.37,8.31,8.33,14202104,135112704.00
2012/05/25,8.34,8.34,8.28,8.30,12536496,118906160.00
2012/05/28,8.28,8.42,8.25,8.38,15248091,144778416.00
2012/05/29,8.37,8.43,8.35,8.40,23109062,221204784.00
2012/05/30,8.40,8.40,8.31,8.37,20905310,199064848.00
2012/05/31,8.32,8.32,8.25,8.27,21280279,201153632.00
2012/06/01,8.27,8.32,8.25,8.28,14627907,138373392.00
2012/06/04,8.22,8.22,8.11,8.12,27032996,252352480.00
2012/06/05,8.15,8.18,8.13,8.15,12355000,115327744.00
2012/06/06,8.16,8.19,8.12,8.15,15355010,143358080.00
2012/06/07,8.27,8.27,8.12,8.12,10462706,96148192.00
2012/06/08,8.15,8.17,8.03,8.10,14886786,135682112.00
2012/06/11,8.10,8.26,8.08,8.20,13946179,128452464.00
2012/06/12,8.17,8.23,8.07,8.16,12320199,112632672.00
2012/06/13,8.16,8.19,8.09,8.18,9609221,87972896.00
2012/06/14,8.18,8.21,8.14,8.17,9080651,83317008.00
2012/06/15,8.18,8.24,8.17,8.20,14483914,133589880.00
2012/06/18,8.22,8.29,8.19,8.23,12268135,113544376.00
2012/06/19,8.23,8.23,8.16,8.18,6239867,57368844.00
2012/06/20,8.19,8.26,8.17,8.25,13393507,123782192.00
2012/06/21,8.21,8.22,8.10,8.11,11662165,106789024.00
2012/06/25,8.09,8.16,8.06,8.07,8862791,80832848.00
2012/06/26,8.06,8.06,8.00,8.03,8687178,78530264.00
2012/06/27,8.03,8.12,7.99,8.02,12032629,109060184.00
2012/06/28,8.03,8.05,7.97,7.97,9789922,88178688.00
2012/06/29,7.97,8.05,7.94,8.04,12612790,113644328.00
2012/07/02,8.10,8.10,8.02,8.05,11491632,104187936.00
2012/07/03,8.05,8.14,8.03,8.11,10478156,95545440.00
2012/07/04,8.14,8.16,8.04,8.06,7884118,71751256.00
2012/07/05,8.10,8.13,8.00,8.08,12630266,114625000.00
2012/07/06,8.10,8.11,8.00,8.10,9827491,89105176.00
2012/07/09,8.06,8.08,7.79,7.85,17979019,160713440.00
2012/07/10,7.83,8.07,7.80,7.95,17642458,157466448.00
2012/07/11,7.90,8.01,7.86,7.96,12650558,112992432.00
2012/07/12,7.97,8.02,7.74,7.92,23698263,210913904.00
2012/07/13,7.92,7.96,7.86,7.94,9677225,86390232.00
2012/07/16,7.94,7.97,7.87,7.90,13049397,116491056.00
2012/07/17,7.89,7.94,7.88,7.91,5920895,52848164.00
2012/07/18,7.89,7.94,7.88,7.92,7877585,70297592.00
2012/07/19,7.92,8.01,7.91,7.99,15236164,136996960.00
2012/07/20,7.99,8.00,7.93,7.97,9511075,85328160.00
2012/07/23,7.94,7.94,7.85,7.87,6929722,61642924.00
2012/07/24,7.85,7.90,7.83,7.85,6909164,61274068.00
2012/07/25,7.84,7.87,7.81,7.86,5753274,50904588.00
2012/07/26,7.85,7.88,7.80,7.81,6609089,58474056.00
2012/07/27,7.84,7.89,7.82,7.88,8793825,77933072.00
2012/07/30,7.88,7.89,7.81,7.84,7585776,67302936.00
2012/07/31,7.85,7.95,7.84,7.85,12135906,107982560.00
2012/08/01,7.87,7.92,7.86,7.90,7058005,62844640.00
2012/08/02,7.89,7.91,7.86,7.90,5930471,52760432.00
2012/08/03,7.89,8.02,7.87,8.01,12010936,107721736.00
2012/08/06,7.99,8.04,7.99,8.01,10825698,97771192.00
2012/08/07,8.01,8.03,7.98,8.00,9881843,89051784.00
2012/08/08,8.02,8.03,7.97,8.01,11922303,107412592.00
2012/08/09,8.02,8.03,7.97,8.02,6573422,59278768.00
2012/08/10,8.04,8.04,7.99,7.99,6130612,55294248.00
2012/08/13,7.97,7.99,7.93,7.97,9187256,82459008.00
2012/08/14,7.98,8.01,7.95,7.97,6871340,61794648.00
2012/08/15,7.97,7.98,7.89,7.90,6164066,55075960.00
2012/08/16,7.88,7.93,7.87,7.90,3906329,34827272.00
2012/08/17,7.90,7.99,7.90,7.95,10583312,94884536.00
2012/08/20,7.92,7.95,7.86,7.90,5315854,47309948.00
2012/08/21,7.89,7.94,7.86,7.92,8637289,76949496.00
2012/08/22,7.92,7.92,7.86,7.91,6412589,57022840.00
2012/08/23,7.89,7.92,7.83,7.87,11698670,103988376.00
2012/08/24,7.87,7.87,7.82,7.84,8989743,79586160.00
2012/08/27,7.81,7.83,7.76,7.76,9852385,86657672.00
2012/08/28,7.74,8.07,7.71,7.94,26220503,233733424.00
2012/08/29,7.89,7.95,7.78,7.80,13626163,121105688.00
2012/08/30,7.77,7.87,7.77,7.86,7388964,65306920.00
2012/08/31,7.82,7.90,7.79,7.80,7943930,70267184.00
2012/09/03,7.83,7.84,7.78,7.80,12966301,114356680.00
2012/09/04,7.80,7.84,7.75,7.77,9497865,83578808.00
2012/09/05,7.75,7.80,7.73,7.76,5879331,51531760.00
2012/09/06,7.76,7.79,7.74,7.77,7910344,69370968.00
2012/09/07,7.79,8.02,7.79,7.99,26929232,240745600.00
2012/09/10,8.00,8.01,7.92,7.98,13537179,121479696.00
2012/09/11,7.99,7.99,7.87,7.90,11708803,104430304.00
2012/09/12,7.93,7.95,7.87,7.92,8733703,77861192.00
2012/09/13,7.91,7.93,7.87,7.88,7244932,64515612.00
2012/09/14,7.92,7.97,7.89,7.94,12004187,107413144.00
2012/09/17,7.94,7.96,7.88,7.88,10719294,95752312.00
2012/09/18,7.89,8.02,7.84,7.92,12552501,110286328.00
2012/09/19,7.94,7.96,7.87,7.92,9390635,82390768.00
2012/09/20,7.88,7.90,7.76,7.77,12414761,107841664.00
2012/09/21,7.77,7.86,7.76,7.81,10974795,95180168.00
2012/09/24,7.77,7.83,7.74,7.76,9303101,80244080.00
2012/09/25,7.77,7.82,7.75,7.80,7155590,61901180.00
2012/09/26,7.82,7.83,7.61,7.66,10629779,91028112.00
2012/09/27,7.66,8.10,7.64,7.86,17219284,149903808.00
2012/09/28,7.83,7.94,7.79,7.92,11878868,103716584.00
2012/10/08,7.92,7.97,7.84,7.86,7262901,63511892.00
2012/10/09,7.90,8.02,7.88,7.97,16497803,145763712.00
2012/10/10,7.97,8.01,7.95,7.99,7809952,69065048.00
2012/10/11,7.98,8.00,7.94,7.96,7384329,65188816.00
2012/10/12,7.99,8.09,7.95,7.99,10018658,88842992.00
2012/10/15,7.99,8.01,7.95,8.00,6214819,54951332.00
2012/10/16,8.00,8.03,7.95,8.01,9220587,81784680.00
2012/10/17,8.02,8.14,8.01,8.11,17547449,157066320.00
2012/10/18,8.12,8.20,8.10,8.13,21704012,195784048.00
2012/10/19,8.11,8.17,8.07,8.08,17046593,152852384.00
2012/10/22,8.05,8.09,7.91,7.99,32047482,282710528.00
2012/10/23,7.98,8.00,7.94,7.98,11281205,99616032.00
2012/10/24,7.96,8.00,7.94,7.98,8018018,70825704.00
2012/10/25,7.97,8.01,7.95,7.96,9694506,85765312.00
2012/10/26,7.95,7.97,7.84,7.87,14583083,127921400.00
2012/10/29,7.88,7.91,7.84,7.85,5193112,45302312.00
2012/10/30,7.86,7.93,7.83,7.88,10132922,88530048.00
2012/10/31,7.85,7.87,7.77,7.82,9813241,85109888.00
2012/11/01,7.82,7.93,7.81,7.88,14274486,124717448.00
2012/11/02,7.89,7.93,7.85,7.92,12132447,106205576.00
2012/11/05,7.90,7.94,7.87,7.93,13183382,115607856.00
2012/11/06,7.94,7.94,7.83,7.92,10545472,92351240.00
2012/11/07,7.91,7.99,7.89,7.96,9452662,83074816.00
2012/11/08,7.92,7.98,7.84,7.86,11307299,99177832.00
2012/11/09,7.83,7.88,7.82,7.83,7260336,63220448.00
2012/11/12,7.83,7.90,7.81,7.89,6946852,60511496.00
2012/11/13,7.88,7.88,7.75,7.77,9068735,78443888.00
2012/11/14,7.78,7.84,7.77,7.80,10422996,90343976.00
2012/11/15,7.77,7.86,7.74,7.75,11368207,98529760.00
2012/11/16,7.74,7.78,7.63,7.71,12517279,107023144.00
2012/11/19,7.71,7.73,7.66,7.70,6089717,52109532.00
2012/11/20,7.71,7.74,7.67,7.68,3581627,30647524.00
2012/11/21,7.68,7.76,7.64,7.73,9566784,81978704.00
2012/11/22,7.71,7.73,7.63,7.65,8671324,73986976.00
2012/11/23,7.67,7.70,7.65,7.66,5599117,47800276.00
2012/11/26,7.65,7.68,7.65,7.65,6744399,57486872.00
2012/11/27,7.65,7.75,7.64,7.70,12589249,107592744.00
2012/11/28,7.68,7.72,7.62,7.66,14106831,120279720.00
2012/11/29,7.66,7.68,7.62,7.64,6651276,56621648.00
2012/11/30,7.63,7.65,7.58,7.61,10969777,92986400.00
2012/12/03,7.61,7.65,7.59,7.61,7762842,65898528.00
2012/12/04,7.63,7.83,7.60,7.72,13257481,113068896.00
2012/12/05,7.72,7.85,7.67,7.83,37194375,321378656.00
2012/12/06,7.82,7.83,7.77,7.81,19016985,164668944.00
2012/12/07,7.80,7.89,7.77,7.85,20562755,178566656.00
2012/12/10,7.86,7.89,7.82,7.87,18963966,165334368.00
2012/12/11,7.85,7.85,7.79,7.83,12359104,107320360.00
2012/12/12,7.82,7.88,7.81,7.87,11370474,99057664.00
2012/12/13,7.85,7.86,7.80,7.82,7720971,67063528.00
2012/12/14,7.83,8.05,7.82,8.04,33930156,299737344.00
2012/12/17,8.04,8.10,8.00,8.05,30169332,268917728.00
2012/12/18,8.04,8.08,7.96,8.05,23577568,209380352.00
2012/12/19,8.04,8.09,8.01,8.04,20119454,179319904.00
2012/12/20,8.02,8.10,8.01,8.04,15559434,138867136.00
2012/12/21,8.05,8.09,7.93,7.96,19913290,176368768.00
2012/12/24,7.96,8.00,7.93,7.94,15698647,138388208.00
2012/12/25,7.94,8.15,7.89,8.11,36542105,324743968.00
2012/12/26,8.11,8.13,8.06,8.10,19207178,171918176.00
2012/12/27,8.11,8.17,8.05,8.06,19012986,170201952.00
2012/12/28,8.08,8.12,8.03,8.11,22170215,198085120.00
2012/12/31,8.12,8.21,8.07,8.18,38199598,343704064.00
2013/01/04,8.18,8.22,8.13,8.19,28263007,255609264.00
2013/01/07,8.18,8.25,8.16,8.19,31092581,282120896.00
2013/01/08,8.19,8.28,8.13,8.16,26267837,237897840.00
2013/01/09,8.15,8.19,8.12,8.16,18547363,167112976.00
2013/01/10,8.16,8.18,8.10,8.14,24606582,221510400.00
2013/01/11,8.14,8.16,8.03,8.05,20338531,181988768.00
2013/01/14,8.04,8.18,8.00,8.17,28312396,254068800.00
2013/01/15,8.18,8.20,8.14,8.17,25468601,229931296.00
2013/01/16,8.18,8.18,8.05,8.11,33066404,296503232.00
2013/01/17,8.12,8.12,8.04,8.05,16353525,146053296.00
2013/01/18,8.09,8.17,8.06,8.14,19568114,175514672.00
2013/01/21,8.17,8.30,8.16,8.25,47783723,434977920.00
2013/01/22,8.25,8.25,8.12,8.15,41163828,371457632.00
2013/01/23,8.15,8.20,8.12,8.18,23857447,215226912.00
2013/01/24,8.17,8.28,8.15,8.18,43279283,392616768.00
2013/01/25,8.17,8.19,8.12,8.14,18392909,165765968.00
2013/01/28,8.15,8.24,8.13,8.21,32832561,296966400.00
2013/01/29,8.20,8.22,8.16,8.21,30865273,279014784.00
2013/01/30,8.21,8.50,8.18,8.49,98016015,903929920.00
2013/01/31,8.49,8.50,8.34,8.40,55937691,518104384.00
2013/02/01,8.38,8.53,8.30,8.43,48462847,448728320.00
2013/02/04,8.44,8.64,8.40,8.50,60838604,570900544.00
2013/02/05,8.44,8.52,8.38,8.46,41364492,384699552.00
2013/02/06,8.45,8.50,8.38,8.41,33957409,315192768.00
2013/02/07,8.41,8.43,8.36,8.40,30185696,279389440.00
2013/02/08,8.40,8.48,8.39,8.47,37965924,353327552.00
2013/02/18,8.50,8.60,8.44,8.54,45684344,429022592.00
2013/02/19,8.53,8.57,8.39,8.42,31849240,297507680.00
2013/02/20,8.42,8.49,8.38,8.44,21681703,201474192.00
2013/02/21,8.41,8.41,8.18,8.19,35747741,326515424.00
2013/02/22,8.19,8.23,8.09,8.12,28898742,259937904.00
2013/02/25,8.17,8.22,8.13,8.15,18877334,170377856.00
2013/02/26,8.12,8.14,8.01,8.03,24652660,220601856.00
2013/02/27,8.03,8.13,8.02,8.10,20732116,184955824.00
2013/02/28,8.11,8.24,8.06,8.19,24470160,220634048.00
2013/03/01,8.19,8.20,8.12,8.15,16535536,148976000.00
2013/03/04,8.15,8.15,7.96,7.98,33854939,301248320.00
2013/03/05,7.98,8.07,7.90,8.00,25435666,224993824.00
2013/03/06,8.01,8.06,7.99,8.06,18108714,160903264.00
2013/03/07,8.06,8.07,7.94,7.99,28593980,253027024.00
2013/03/08,7.99,8.06,7.99,8.02,16599617,147573504.00
2013/03/11,8.00,8.05,7.97,8.02,9658165,85611888.00
2013/03/12,8.03,8.15,8.01,8.10,27136760,242431440.00
2013/03/13,8.09,8.12,7.98,8.00,21707811,193585632.00
2013/03/14,7.95,8.03,7.94,8.01,14502087,128138400.00
2013/03/15,7.99,8.09,7.97,8.06,22184472,197533392.00
2013/03/18,8.04,8.08,7.98,7.98,18208796,161733744.00
2013/03/19,8.03,8.04,7.96,8.03,13397726,118717600.00
2013/03/20,8.01,8.10,7.97,8.09,24525076,218411536.00
2013/03/21,8.09,8.09,8.05,8.07,17661437,157639488.00
2013/03/22,8.04,8.08,8.00,8.03,21185694,188506256.00
2013/03/25,8.06,8.12,8.05,8.07,24986915,223422816.00
2013/03/26,8.04,8.05,7.93,7.97,18549608,163804912.00
2013/03/27,7.98,8.02,7.94,7.96,12888643,113899608.00
2013/03/28,7.94,7.98,7.80,7.85,27915204,243540576.00
2013/03/29,7.85,7.88,7.80,7.83,11498207,99977016.00
2013/04/01,7.80,7.84,7.79,7.83,10172484,88195352.00
2013/04/02,7.83,7.91,7.81,7.87,10940725,95455600.00
2013/04/03,7.88,7.91,7.84,7.86,9345109,81621520.00
2013/04/08,7.81,7.81,7.70,7.75,16355555,140689504.00
2013/04/09,7.77,7.79,7.74,7.75,9881312,85153504.00
2013/04/10,7.76,7.91,7.73,7.79,15823657,137289024.00
2013/04/11,7.84,7.85,7.75,7.77,8373118,72369520.00
2013/04/12,7.76,7.88,7.73,7.77,14521545,125679792.00
2013/04/15,7.74,7.80,7.63,7.66,17823448,152400368.00
2013/04/16,7.65,7.69,7.59,7.67,12520401,106410424.00
2013/04/17,7.68,7.69,7.64,7.66,8652742,73712400.00
2013/04/18,7.64,7.72,7.60,7.62,17626052,149694656.00
2013/04/19,7.65,7.71,7.64,7.70,22611114,193332352.00
2013/04/22,7.68,7.72,7.66,7.71,13237322,113280360.00
2013/04/23,7.70,7.71,7.60,7.61,14391974,122063928.00
2013/04/24,7.63,7.67,7.59,7.65,12959515,109973072.00
2013/04/25,7.64,7.69,7.60,7.66,13210382,112405864.00
2013/04/26,7.66,7.69,7.61,7.62,14074849,119721176.00
2013/05/02,7.60,7.62,7.52,7.57,17618490,148375984.00
2013/05/03,7.58,7.69,7.57,7.64,15150219,128896816.00
2013/05/06,7.66,7.70,7.65,7.68,11503017,98263504.00
2013/05/07,7.68,7.70,7.64,7.67,13282508,113127632.00
2013/05/08,7.69,7.73,7.67,7.70,13722302,117435856.00
2013/05/09,7.72,7.72,7.65,7.67,8864866,75762096.00
2013/05/10,7.67,7.71,7.64,7.69,12217965,104323848.00
2013/05/13,7.67,7.69,7.62,7.64,11004410,93593112.00
2013/05/14,7.64,7.66,7.55,7.58,12593585,106429112.00
2013/05/15,7.58,7.61,7.56,7.59,7394761,62413372.00
2013/05/16,7.58,7.69,7.55,7.65,16334544,138741312.00
2013/05/17,7.64,7.75,7.63,7.73,24250008,207896544.00
2013/05/20,7.73,7.80,7.69,7.77,22194626,191076560.00
2013/05/21,7.76,7.77,7.72,7.74,12259838,105456744.00
2013/05/22,7.75,7.76,7.71,7.72,10376186,89176992.00
2013/05/23,7.71,7.73,7.64,7.65,13670822,116828520.00
2013/05/24,7.68,7.72,7.65,7.68,11061539,94530912.00
2013/05/27,7.69,7.73,7.66,7.69,11077379,94717608.00
2013/05/28,7.71,7.74,7.67,7.74,23197641,198572304.00
2013/05/29,7.74,7.76,7.72,7.72,20447549,175831920.00
2013/05/30,7.72,7.73,7.66,7.68,15125525,129400144.00
2013/05/31,7.69,7.72,7.66,7.66,10124959,86559232.00
2013/06/03,7.64,7.69,7.63,7.67,11196137,95427424.00
2013/06/04,7.67,7.69,7.62,7.64,15748588,133960776.00
2013/06/05,7.64,7.65,7.62,7.65,7287613,61944192.00
2013/06/06,7.69,7.69,7.63,7.64,9589137,80327104.00
2013/06/07,7.64,7.65,7.53,7.55,14924306,124120552.00
2013/06/13,7.55,7.56,7.30,7.38,25365959,205775232.00
2013/06/14,7.40,7.42,7.32,7.40,19709786,159425744.00
2013/06/17,7.40,7.51,7.28,7.40,22186669,179708288.00
2013/06/18,7.42,7.42,7.32,7.39,13589955,110054272.00
2013/06/19,7.36,7.40,7.30,7.39,11764150,95006256.00
2013/06/20,7.36,7.41,7.27,7.28,17095255,137574784.00
2013/06/21,7.25,7.27,7.11,7.15,22439859,177267376.00
2013/06/24,7.15,7.18,6.80,6.80,29315543,226804208.00
2013/06/25,6.80,6.84,6.35,6.66,43906534,322452704.00
2013/06/26,6.64,6.67,6.52,6.58,23174892,169203744.00
2013/06/27,6.59,6.66,6.57,6.63,21566708,158461760.00
2013/06/28,6.51,6.91,6.49,6.88,38864388,287598080.00
2013/07/01,6.75,7.01,6.71,6.96,34083194,260469072.00
2013/07/02,6.98,7.13,6.86,7.12,30883700,239378112.00
2013/07/03,7.08,7.32,7.07,7.29,39021968,308428928.00
2013/07/04,7.25,7.31,7.15,7.31,27540507,219428640.00
2013/07/05,7.24,7.34,7.22,7.33,20351652,162978912.00
2013/07/08,7.27,7.36,7.20,7.34,35566971,284831904.00
2013/07/09,7.30,7.40,7.26,7.37,25979706,209713344.00
2013/07/10,7.32,7.40,7.29,7.36,24733297,199716704.00
2013/07/11,7.35,7.48,7.30,7.41,44089131,358070560.00
2013/07/12,7.40,7.42,7.30,7.39,25917018,210041504.00
2013/07/15,7.37,7.42,7.35,7.37,14745530,119623144.00
2013/07/16,7.35,7.39,7.20,7.26,19903186,159061248.00
2013/07/17,7.24,7.30,7.18,7.19,17297243,137812288.00
2013/07/18,7.18,7.19,7.08,7.16,19188355,150723408.00
2013/07/19,7.16,7.30,7.11,7.29,32408155,257820816.00
2013/07/22,7.25,7.37,7.20,7.35,21526169,172385040.00
2013/07/23,7.36,7.46,7.30,7.39,24797835,201573056.00
2013/07/24,7.37,7.44,7.32,7.34,14912570,120705960.00
2013/07/25,7.34,7.38,7.26,7.28,18779034,151020928.00
2013/07/26,7.26,7.27,7.18,7.23,19659664,156497648.00
2013/07/29,7.15,7.17,7.07,7.15,17971848,140925152.00
2013/07/30,7.14,7.33,7.10,7.32,20954053,166898848.00
2013/07/31,7.33,7.38,7.29,7.35,14038107,113306208.00
2013/08/01,7.37,7.42,7.32,7.35,12162789,98572864.00
2013/08/02,7.39,7.42,7.27,7.33,15608237,125940312.00
2013/08/05,7.35,7.35,7.24,7.33,11029552,88541896.00
2013/08/06,7.28,7.36,7.27,7.32,9483440,76261808.00
2013/08/07,7.30,7.36,7.17,7.24,15930538,127717040.00
2013/08/08,7.23,7.27,7.20,7.24,9409157,74873568.00
2013/08/09,7.25,7.32,7.18,7.25,10951324,87324816.00
2013/08/12,7.27,7.42,7.25,7.41,25970647,209800752.00
2013/08/13,7.40,7.42,7.35,7.38,9360530,75967864.00
2013/08/14,7.41,7.42,7.35,7.38,12904785,104722752.00
2013/08/15,7.38,7.38,7.30,7.30,11453760,92344248.00
2013/08/16,7.29,8.10,7.20,7.31,46901985,383428032.00
2013/08/19,7.27,7.34,7.20,7.32,16864551,134973168.00
2013/08/20,7.29,7.32,7.23,7.23,11559494,92480232.00
2013/08/21,7.23,7.25,7.18,7.25,12489653,99176536.00
2013/08/22,7.25,7.27,7.20,7.23,10015017,79736912.00
2013/08/23,7.25,7.28,7.05,7.18,13556875,107363544.00
2013/08/26,7.18,7.28,7.16,7.26,12118615,96513904.00
2013/08/28,7.12,7.24,7.08,7.22,20288561,160278336.00
2013/08/29,7.22,7.23,7.17,7.19,11037550,87392624.00
2013/08/30,7.17,7.18,7.08,7.10,25754394,202218720.00
2013/09/02,7.07,7.12,7.04,7.09,18672125,145660352.00
2013/09/03,7.12,7.15,7.08,7.14,19564990,153565280.00
2013/09/04,7.12,7.21,7.12,7.19,15373410,121434488.00
2013/09/05,7.18,7.20,7.14,7.16,9180410,72465008.00
2013/09/06,7.16,7.17,7.12,7.16,14279366,112474088.00
2013/09/09,7.17,7.75,7.17,7.32,31099510,250711920.00
2013/09/10,7.32,7.45,7.29,7.45,43925466,356243008.00
2013/09/11,7.46,7.59,7.42,7.51,52689221,433941120.00
2013/09/12,7.59,7.59,7.48,7.55,27850731,225674592.00
2013/09/13,7.55,7.58,7.49,7.51,19325013,156372752.00
2013/09/16,7.55,7.55,7.49,7.50,16678867,134825200.00
2013/09/17,7.51,7.51,7.42,7.43,16885990,135577568.00
2013/09/18,7.42,7.46,7.32,7.34,20216069,160676576.00
2013/09/23,7.36,7.45,7.36,7.39,12918291,102884976.00
2013/09/24,7.42,7.43,7.35,7.37,12454288,99068048.00
2013/09/25,7.38,7.39,7.34,7.34,8345974,66182672.00
2013/09/26,7.33,7.37,7.26,7.27,12854924,101093672.00
2013/09/27,7.25,7.32,7.25,7.27,8008764,62777840.00
2013/09/30,7.27,7.29,7.23,7.27,10549015,82532320.00
2013/10/08,7.26,7.36,7.22,7.33,12050235,94613560.00
2013/10/09,7.32,7.33,7.26,7.30,11305649,88830272.00
2013/10/10,7.32,7.32,7.23,7.25,13947286,109282352.00
2013/10/11,7.29,7.33,7.25,7.31,14301374,112578688.00
2013/10/14,7.31,7.34,7.28,7.31,13478902,106172072.00
2013/10/15,7.31,7.33,7.29,7.31,12776912,100667776.00
2013/10/16,7.32,7.33,7.23,7.24,12549691,98162048.00
2013/10/17,7.26,7.29,7.23,7.24,8940383,69958784.00
2013/10/18,7.24,7.26,7.22,7.24,6957941,54321092.00
2013/10/21,7.24,7.28,7.20,7.27,10756959,83998328.00
2013/10/22,7.24,7.26,7.20,7.23,10397677,81021328.00
2013/10/23,7.25,7.26,7.13,7.14,16062440,124655952.00
2013/10/24,7.14,7.16,7.02,7.03,20385796,155695328.00
2013/10/25,7.04,7.05,6.93,6.94,13918313,105240824.00
2013/10/28,6.95,7.01,6.94,6.98,7905027,59648672.00
2013/10/29,6.99,7.12,6.96,7.04,16057949,121990304.00
2013/10/30,7.06,7.23,7.02,7.21,29238580,226160144.00
2013/10/31,7.22,7.28,7.19,7.27,24554468,191796384.00
2013/11/01,7.27,7.35,7.23,7.29,22433698,176399440.00
2013/11/04,7.31,7.31,7.19,7.26,11729310,91547136.00
2013/11/05,7.23,7.29,7.18,7.24,15823084,123719600.00
2013/11/06,7.22,7.42,7.21,7.34,37263638,294851712.00
2013/11/07,7.31,7.31,7.21,7.26,17526282,137253872.00
2013/11/08,7.25,7.27,7.17,7.19,10975314,85433056.00
2013/11/11,7.19,7.23,7.15,7.16,7036263,54529928.00
2013/11/12,7.17,7.22,7.15,7.20,10766767,83475392.00
2013/11/13,7.16,7.18,7.04,7.08,10922348,83721944.00
2013/11/14,7.08,7.13,7.06,7.07,9373796,71866072.00
2013/11/15,7.06,7.18,7.03,7.13,16301084,125264096.00
2013/11/18,7.17,7.28,7.13,7.27,22181050,172565504.00
2013/11/19,7.29,7.40,7.28,7.30,22907857,181042928.00
2013/11/20,7.34,7.36,7.28,7.33,11952520,94229928.00
2013/11/21,7.32,7.46,7.24,7.46,33995654,269893312.00
2013/11/22,7.44,7.54,7.41,7.53,38114527,306460288.00
2013/11/25,7.46,7.49,7.40,7.41,16449845,132062848.00
2013/11/26,7.37,7.40,7.33,7.35,7916705,62783232.00
2013/11/27,7.33,7.39,7.28,7.32,14603402,115331104.00
2013/11/28,7.32,7.42,7.30,7.37,12757297,101319440.00
2013/11/29,7.37,7.38,7.33,7.34,9458696,74914256.00
2013/12/02,7.34,7.71,7.26,7.70,77017326,622680576.00
2013/12/03,7.67,7.72,7.57,7.60,46930646,386279008.00
2013/12/04,7.59,7.67,7.55,7.63,23639155,193465552.00
2013/12/05,7.62,7.63,7.57,7.58,14383683,117540544.00
2013/12/06,7.57,7.62,7.52,7.61,15316361,124830040.00
2013/12/09,7.61,7.64,7.56,7.59,14873788,121590744.00
2013/12/10,7.56,7.58,7.52,7.53,12106508,98324144.00
2013/12/11,7.50,7.51,7.43,7.44,12800027,102750416.00
2013/12/12,7.43,7.51,7.38,7.44,11649512,93180848.00
2013/12/13,7.38,7.46,7.36,7.38,10864038,86614800.00
2013/12/16,7.38,7.41,7.23,7.24,18925379,149014064.00
2013/12/17,7.23,7.26,7.16,7.18,16472433,127732000.00
2013/12/18,7.17,7.20,7.13,7.19,9417722,72742816.00
2013/12/19,7.20,7.28,7.17,7.20,14062714,109662728.00
2013/12/20,7.21,7.26,7.09,7.12,16813560,130173928.00
2013/12/23,7.13,7.20,7.05,7.11,9716229,74907096.00
2013/12/24,7.14,7.21,7.09,7.12,8619301,66369796.00
2013/12/25,7.13,7.19,7.12,7.17,7453729,57611744.00
2013/12/26,7.14,7.17,7.07,7.13,13219494,101611008.00
2013/12/27,7.15,7.19,7.12,7.15,10447352,80735288.00
2013/12/30,7.15,7.18,7.13,7.13,9876758,76246584.00
2013/12/31,7.09,7.20,7.09,7.14,12187815,93945280.00
2014/01/02,7.14,7.15,7.06,7.10,14300273,109660992.00
2014/01/03,7.06,7.11,7.03,7.07,12474158,95207752.00
2014/01/06,7.05,7.21,6.94,7.20,36168627,276911200.00
2014/01/07,7.18,7.18,7.11,7.17,11767461,90737512.00
2014/01/08,7.15,7.20,7.05,7.07,13770594,105855712.00
2014/01/09,7.04,7.11,7.01,7.02,9398300,71553992.00
2014/01/10,7.02,7.04,6.93,6.96,15451062,116506688.00
2014/01/13,6.97,7.04,6.93,6.98,12371696,93348960.00
2014/01/14,6.95,7.10,6.93,7.05,21507255,163707008.00
2014/01/15,7.05,7.06,7.00,7.01,6438034,48865848.00
2014/01/16,7.01,7.05,6.96,6.97,9892134,74801488.00
2014/01/17,6.97,7.19,6.94,7.18,45142395,346383808.00
2014/01/20,7.14,7.16,7.04,7.06,9785146,75049448.00
2014/01/21,7.06,7.12,7.03,7.06,6845930,52249388.00
2014/01/22,7.06,7.13,7.04,7.12,14670507,112287280.00
2014/01/23,7.10,7.10,7.04,7.05,9334920,71262136.00
2014/01/24,7.03,7.08,7.02,7.05,7917304,60302456.00
2014/01/27,7.02,7.03,6.94,6.95,11967383,90136200.00
2014/01/28,6.98,7.02,6.96,6.99,7821578,59153960.00
2014/01/29,7.01,7.03,6.96,6.98,8618489,65076776.00
2014/01/30,6.99,7.02,6.96,6.97,6480008,48953480.00
2014/02/07,6.95,6.97,6.88,6.94,13117232,98024456.00
2014/02/10,6.94,7.01,6.93,6.99,15787162,119130808.00
2014/02/11,7.00,7.03,6.96,7.02,21483364,162688688.00
2014/02/12,7.01,7.04,6.98,6.99,14380037,108845552.00
2014/02/13,6.99,7.02,6.98,6.98,14022082,106058160.00
2014/02/14,6.97,7.01,6.96,6.99,12131150,91559808.00
2014/02/17,7.00,7.05,6.98,7.03,18396954,139588160.00
2014/02/18,7.03,7.05,6.99,6.99,11225082,85118800.00
2014/02/19,6.98,7.18,6.95,7.06,29913691,228412928.00
2014/02/20,7.25,7.76,7.23,7.42,101898414,819499712.00
2014/02/21,7.26,7.29,7.06,7.11,48279768,372742624.00
2014/02/24,7.04,7.07,6.93,6.94,23471935,177055088.00
2014/02/25,6.94,7.05,6.93,6.94,24448306,184538912.00
2014/02/26,6.94,6.99,6.91,6.98,16634188,125145176.00
2014/02/27,7.00,7.46,6.95,7.17,63568575,494094816.00
2014/02/28,7.12,7.27,7.07,7.12,30555191,236182336.00
2014/03/03,7.10,7.28,7.09,7.18,31488657,244464592.00
2014/03/04,7.16,7.18,7.02,7.13,27683525,212019680.00
2014/03/05,7.12,7.12,7.01,7.02,15609695,118987960.00
2014/03/06,7.03,7.15,6.98,7.10,21468536,164066608.00
2014/03/07,7.10,7.38,7.10,7.21,45320435,355457888.00
2014/03/10,7.15,7.32,7.14,7.23,46972149,367411456.00
2014/03/11,7.20,7.20,7.04,7.16,26160549,201370192.00
2014/03/12,7.13,7.13,6.92,6.99,32294769,244721520.00
2014/03/13,7.00,7.04,6.96,7.01,15976613,120949520.00
2014/03/14,6.98,7.02,6.94,6.97,10600419,79941192.00
2014/03/17,7.01,7.06,6.97,7.03,11853178,89876464.00
2014/03/18,7.05,7.06,6.98,7.00,9748900,73830328.00
2014/03/19,6.98,7.02,6.96,7.01,11794840,89123920.00
2014/03/20,7.00,7.06,6.97,6.99,14280740,108299568.00
2014/03/21,7.02,7.16,7.02,7.10,36437056,278824064.00
2014/03/24,7.11,7.15,7.04,7.13,30451057,233130432.00
2014/03/25,7.11,7.18,7.07,7.11,23846620,183255056.00
2014/03/26,7.09,7.13,7.02,7.06,18479857,141153872.00
2014/03/27,7.04,7.06,6.96,6.99,22684569,171778608.00
2014/03/28,6.99,7.04,6.97,7.00,17706039,134037920.00
2014/03/31,7.00,7.04,6.98,7.03,12409240,94139168.00
2014/04/01,7.03,7.05,7.00,7.03,9485243,72038936.00
2014/04/02,7.03,7.06,7.02,7.04,12071583,91844368.00
2014/04/03,7.05,7.06,7.00,7.01,11649410,88525544.00
2014/04/04,6.99,7.03,6.99,7.02,9498062,72019128.00
2014/04/08,7.01,7.11,7.00,7.09,26324214,201308944.00
2014/04/09,7.10,7.16,7.09,7.13,21989421,169046160.00
2014/04/10,7.12,7.19,7.08,7.16,28535331,219775504.00
2014/04/11,7.14,7.16,7.07,7.12,20473181,157403024.00
2014/04/14,7.10,7.15,7.07,7.12,14996741,115105672.00
2014/04/15,7.11,7.15,7.04,7.06,20305027,155348272.00
2014/04/16,7.06,7.08,7.05,7.06,8132706,62079040.00
2014/04/17,7.07,7.09,7.05,7.08,10208471,78048128.00
2014/04/18,7.06,7.07,7.01,7.04,9201821,69989944.00
2014/04/21,7.03,7.06,6.98,6.99,10562143,80100592.00
2014/04/22,6.99,7.03,6.98,7.03,9498150,71919624.00
2014/04/23,7.02,7.04,6.98,7.03,13488606,102134296.00
2014/04/24,7.00,7.04,6.99,7.02,9698822,73606088.00
2014/04/25,7.03,7.04,6.97,6.97,9288788,70336640.00
2014/04/28,6.97,7.00,6.90,6.91,15761395,118455704.00
2014/04/29,6.91,6.96,6.91,6.94,9233406,69232600.00
2014/04/30,6.95,6.97,6.93,6.95,6826579,51288600.00
2014/05/05,6.93,6.96,6.90,6.94,9102296,68215672.00
2014/05/06,6.93,6.95,6.92,6.93,7628407,57213392.00
2014/05/07,6.92,6.94,6.90,6.91,8314802,62260224.00
2014/05/08,6.91,6.97,6.91,6.92,6893707,51731324.00
2014/05/09,6.92,6.96,6.92,6.95,8716892,65448108.00
2014/05/12,6.98,7.04,6.95,7.02,18443727,139807408.00
2014/05/13,7.07,7.19,7.06,7.08,29779120,228965312.00
2014/05/14,7.09,7.12,7.03,7.09,15257396,116476592.00
2014/05/15,7.08,7.08,7.02,7.02,8049315,61309192.00
2014/05/16,7.02,7.06,7.01,7.06,7267871,55304504.00
2014/05/19,7.06,7.06,6.96,7.02,9309150,70444960.00
2014/05/20,7.02,7.06,7.00,7.06,9680160,73558952.00
2014/05/21,7.05,7.10,7.01,7.10,11777041,89982992.00
2014/05/22,7.12,7.13,7.07,7.07,13100634,100418936.00
2014/05/23,7.06,7.09,7.04,7.08,8229314,62835676.00
2014/05/26,7.06,7.11,7.05,7.08,8378946,64101192.00
2014/05/27,7.06,7.09,7.04,7.05,8521508,65088052.00
2014/05/28,7.05,7.07,7.01,7.06,11773096,89560224.00
2014/05/29,7.07,7.09,7.05,7.06,9641542,73640768.00
2014/05/30,7.07,7.08,7.01,7.03,9734079,74136368.00
2014/06/03,7.04,7.09,7.04,7.06,10979054,83872192.00
2014/06/04,7.06,7.10,7.00,7.08,14405735,109701536.00
2014/06/05,7.10,7.10,7.05,7.09,10015292,75005936.00
2014/06/06,7.09,7.09,7.04,7.06,6523204,48756956.00
2014/06/09,7.05,7.11,7.04,7.07,7215667,54006120.00
2014/06/10,7.09,7.13,7.05,7.10,12780857,95966384.00
2014/06/11,7.10,7.11,7.06,7.10,11516534,86287200.00
2014/06/12,7.09,7.10,7.07,7.09,9733423,73009688.00
2014/06/13,7.09,7.14,7.08,7.14,16646029,125279008.00
2014/06/16,7.14,7.22,7.12,7.21,21731538,164951280.00
2014/06/17,7.21,7.21,7.13,7.17,14333528,108473232.00
2014/06/18,7.14,7.17,7.13,7.16,11971365,90454904.00
2014/06/19,7.15,7.18,7.09,7.11,15777973,119211568.00
2014/06/20,7.11,7.15,7.08,7.15,11804750,88773344.00
2014/06/23,7.14,7.16,7.10,7.11,6514651,49074616.00
2014/06/24,7.12,7.14,7.09,7.12,6732394,50634164.00
2014/06/25,7.10,7.13,7.07,7.12,12391333,93014080.00
2014/06/26,7.11,7.13,7.08,7.12,14218091,106904344.00
2014/06/27,7.11,7.15,7.09,7.12,12259970,92296256.00
2014/06/30,7.11,7.15,7.10,7.13,9487420,71532640.00
2014/07/01,7.11,7.13,7.08,7.10,12553378,94271784.00
2014/07/02,7.10,7.12,7.09,7.12,8879037,66740804.00
2014/07/03,7.11,7.14,7.10,7.14,10263728,77339512.00
2014/07/04,7.14,7.14,7.11,7.13,8158014,61462304.00
2014/07/07,7.12,7.14,7.10,7.13,8422283,63380984.00
2014/07/08,7.11,7.13,7.10,7.12,9824088,73955088.00
2014/07/09,7.11,7.12,7.06,7.07,15851518,118820920.00
2014/07/10,7.07,7.09,7.06,7.07,8884492,66533832.00
2014/07/11,7.07,7.10,7.06,7.09,8542554,64013408.00
2014/07/14,7.09,7.12,7.07,7.11,8319613,62471640.00
2014/07/15,7.12,7.14,7.11,7.14,15155858,114139976.00
2014/07/16,7.13,7.16,7.12,7.16,15714148,118692424.00
2014/07/17,7.16,7.16,7.10,7.13,11066035,83336848.00
2014/07/18,7.12,7.15,7.11,7.14,10874548,81948944.00
2014/07/21,7.12,7.13,7.06,7.09,13331696,100017224.00
2014/07/22,7.06,7.12,7.06,7.12,18511830,139028288.00
2014/07/23,7.11,7.15,7.10,7.14,20427736,154059856.00
2014/07/24,7.14,7.28,7.14,7.24,49154103,374572256.00
2014/07/25,7.26,7.29,7.21,7.29,25083258,192420032.00
2014/07/28,7.34,7.50,7.31,7.44,47498642,371708416.00
2014/07/29,7.46,7.49,7.38,7.39,27448259,215139776.00
2014/07/30,7.49,7.74,7.49,7.63,104501728,842756736.00
2014/07/31,7.59,7.63,7.53,7.61,26738676,213383280.00
2014/08/01,7.59,7.67,7.54,7.56,27215272,218063776.00
2014/08/04,7.59,7.65,7.54,7.64,29280795,234660752.00
2014/08/05,7.64,7.67,7.58,7.62,19716064,158279088.00
2014/08/06,7.59,7.60,7.53,7.57,25400662,202391968.00
2014/08/07,7.57,7.59,7.43,7.45,30619262,242335744.00
2014/08/08,7.46,7.52,7.41,7.48,21007981,165316384.00
2014/08/11,7.51,7.58,7.47,7.57,20321393,161380240.00
2014/08/12,7.56,7.57,7.52,7.56,18416588,146528512.00
2014/08/13,7.59,7.61,7.50,7.53,22610806,180133008.00
2014/08/14,7.52,7.55,7.44,7.46,19786785,156699664.00
2014/08/15,7.46,7.58,7.46,7.53,19394377,154127936.00
2014/08/18,7.54,7.60,7.50,7.54,20280880,161152432.00
2014/08/19,7.54,7.62,7.50,7.61,38602440,307588032.00
2014/08/20,7.57,7.59,7.52,7.54,26487972,210817264.00
2014/08/21,7.54,7.54,7.43,7.47,26095054,205788288.00
2014/08/22,7.47,7.51,7.46,7.49,17649882,139424576.00
2014/08/25,7.49,7.57,7.47,7.52,23992510,190536544.00
2014/08/26,7.51,7.56,7.45,7.48,18703079,147984624.00
2014/08/27,7.52,7.55,7.48,7.50,14944234,118276536.00
2014/08/28,7.50,7.61,7.47,7.52,34041654,270980704.00
2014/08/29,7.51,7.53,7.42,7.48,26494342,208582128.00
2014/09/01,7.49,7.52,7.46,7.50,17879881,141256928.00
2014/09/02,7.51,7.56,7.48,7.54,30109575,238760288.00
2014/09/03,7.55,7.65,7.54,7.64,48559400,389499232.00
2014/09/04,7.65,7.69,7.60,7.68,37131461,299184160.00
2014/09/05,7.69,7.72,7.64,7.71,33767350,273473760.00
2014/09/09,7.71,7.72,7.67,7.68,20423800,165360704.00
2014/09/10,7.66,7.66,7.59,7.62,23648085,189782976.00
2014/09/11,7.60,7.69,7.58,7.61,26556696,213320720.00
2014/09/12,7.61,7.65,7.57,7.65,20671688,165849840.00
2014/09/15,7.65,7.67,7.61,7.66,29833563,240195024.00
2014/09/16,7.66,7.73,7.61,7.62,42205922,340423008.00
2014/09/17,7.61,7.65,7.59,7.64,20636167,165628688.00
2014/09/18,7.64,7.64,7.60,7.62,26264086,210875744.00
2014/09/19,7.65,7.67,7.61,7.67,23178958,182734496.00
2014/09/22,7.65,7.65,7.49,7.51,31433260,245068336.00
2014/09/23,7.49,7.53,7.48,7.52,19545838,151505472.00
2014/09/24,7.51,7.61,7.49,7.60,28059154,218780224.00
2014/09/25,7.62,7.63,7.54,7.58,26730630,209542384.00
2014/09/26,7.56,7.58,7.51,7.55,18166365,141341856.00
2014/09/29,7.56,7.59,7.54,7.56,23951614,186883024.00
2014/09/30,7.56,7.58,7.53,7.55,23812133,185537728.00
2014/10/08,7.56,7.57,7.52,7.57,26239880,204340976.00
2014/10/09,7.57,7.62,7.55,7.60,34994480,274082880.00
2014/10/10,7.59,7.61,7.52,7.55,29342883,228789776.00
2014/10/13,7.55,7.55,7.48,7.51,27500523,212864128.00
2014/10/14,7.51,7.54,7.48,7.50,21947527,170026080.00
2014/10/15,7.49,7.51,7.45,7.51,25640581,197883792.00
2014/10/16,7.48,7.55,7.45,7.49,33615399,260405360.00
2014/10/17,7.48,7.50,7.41,7.45,27679356,212843040.00
2014/10/20,7.45,7.47,7.43,7.46,15136179,116437752.00
2014/10/21,7.45,7.47,7.42,7.44,13723177,105416192.00
2014/10/22,7.44,7.44,7.41,7.43,15154194,116190568.00
2014/10/23,7.41,7.42,7.32,7.34,28525471,217022768.00
2014/10/24,7.35,7.38,7.32,7.34,17017276,129157976.00
2014/10/27,7.32,7.33,7.28,7.32,16339285,123184336.00
2014/10/28,7.32,7.40,7.31,7.40,20879613,158671648.00
2014/10/29,7.40,7.47,7.38,7.45,26758722,205184816.00
2014/10/30,7.46,7.51,7.43,7.49,38198884,294356320.00
2014/10/31,7.48,7.63,7.47,7.60,76994070,600645824.00
2014/11/03,7.60,7.62,7.54,7.58,39994723,312556416.00
2014/11/04,7.56,7.59,7.51,7.54,40077613,312006720.00
2014/11/05,7.54,7.57,7.52,7.53,27411268,213454336.00
2014/11/06,7.55,7.57,7.51,7.55,20894583,162532672.00
2014/11/07,7.55,7.59,7.49,7.51,36957058,287498688.00
2014/11/10,7.54,7.63,7.51,7.62,49623085,388289600.00
2014/11/11,7.63,7.81,7.62,7.68,143183439,1138734592.00
2014/11/12,7.64,7.66,7.58,7.65,52600571,413008992.00
2014/11/13,7.64,7.71,7.59,7.68,60622443,478010400.00
2014/11/14,7.65,7.65,7.55,7.59,43709878,342224384.00
2014/11/17,7.64,7.67,7.58,7.60,35186973,276141696.00
2014/11/18,7.59,7.60,7.49,7.50,39288214,305875104.00
2014/11/19,7.50,7.51,7.46,7.47,25747130,198785872.00
2014/11/20,7.46,7.48,7.43,7.47,20898628,160761104.00
2014/11/21,7.47,7.52,7.44,7.51,25224723,194643024.00
2014/11/24,7.54,7.63,7.51,7.58,59830662,467325824.00
2014/11/25,7.57,7.63,7.55,7.61,43879091,343502272.00
2014/11/26,7.63,7.75,7.62,7.74,88335363,699155776.00
2014/11/27,7.74,7.84,7.67,7.75,97144183,777468160.00
2014/11/28,7.69,7.95,7.66,7.93,180867396,1456807808.00
2014/12/01,7.90,8.20,7.87,7.93,187887394,1553447552.00
2014/12/02,7.96,8.18,7.85,8.13,184665810,1522935680.00
2014/12/03,8.14,8.32,8.03,8.13,242067820,2040080768.00
2014/12/04,8.15,8.97,8.09,8.97,440254364,3873533952.00
2014/12/05,9.26,9.89,9.01,9.88,660229324,6425050112.00
2014/12/08,9.57,10.43,9.46,10.08,463069597,4706499584.00
2014/12/09,9.86,10.37,9.23,9.26,375476654,3773207552.00
2014/12/10,9.24,9.39,8.91,9.26,221868040,2077574016.00
2014/12/11,9.06,9.18,8.97,9.05,156618981,1458153216.00
2014/12/12,9.03,9.21,8.96,9.11,145055631,1354719232.00
2014/12/15,9.07,9.10,8.79,8.99,113630066,1040903808.00
2014/12/16,8.92,9.34,8.89,9.32,191545082,1796230528.00
2014/12/17,9.32,9.66,9.10,9.54,274873463,2644354816.00
2014/12/18,9.61,9.83,9.42,9.55,214184415,2111464192.00
2014/12/19,9.46,10.05,9.33,9.84,278049014,2753544448.00
2014/12/22,9.86,10.75,9.79,10.12,344958614,3583040768.00
2014/12/23,9.92,10.01,9.49,9.54,191009161,1913999360.00
2014/12/24,9.56,9.62,9.12,9.24,156487590,1496802176.00
2014/12/25,9.26,9.62,9.17,9.60,138930148,1336171136.00
2014/12/26,9.56,9.93,9.47,9.88,173712960,1730383744.00
2014/12/29,10.36,10.64,9.98,10.09,314836829,3318023168.00
2014/12/30,10.04,10.37,9.96,10.21,197364193,2053485056.00
2014/12/31,10.26,10.69,10.09,10.57,283472825,3020217088.00
2015/01/05,10.66,11.65,10.53,11.65,372688938,4228175360.00
2015/01/06,11.86,12.09,11.26,11.45,389234903,4626943488.00
2015/01/07,11.26,12.18,11.19,12.15,329258322,3900463872.00
2015/01/08,11.96,12.90,11.84,11.97,425734786,5362076672.00
2015/01/09,11.84,12.46,11.60,11.83,297197474,3640000000.00
2015/01/12,11.59,11.72,11.32,11.38,195602393,2295823360.00
2015/01/13,11.40,11.60,11.29,11.40,133755443,1560033152.00
2015/01/14,11.39,11.50,10.92,11.07,160847524,1839785344.00
2015/01/15,11.13,12.14,10.98,12.05,249404978,2920515840.00
2015/01/16,11.86,12.66,11.82,12.36,327446100,4086420736.00
2015/01/19,11.76,12.10,11.10,11.20,343042287,4045702912.00
2015/01/20,11.37,11.80,11.19,11.59,247500975,2918343680.00
2015/01/21,11.52,12.66,11.41,12.45,351314985,4311178752.00
2015/01/22,12.37,12.58,12.15,12.39,249139322,3141047808.00
2015/01/23,12.41,13.02,12.32,12.58,311384700,4005765120.00
2015/01/26,12.44,12.96,12.30,12.85,232707550,2977062400.00
2015/01/27,12.83,12.97,12.17,12.37,252416676,3219060992.00
2015/01/28,12.20,12.31,11.96,12.01,167160586,2066608128.00
2015/01/29,11.75,11.89,11.46,11.74,182113564,2176840192.00
2015/01/30,11.80,11.87,11.37,11.40,141374048,1672654848.00
2015/02/02,11.25,11.33,10.97,10.98,134274316,1528791296.00
2015/02/03,11.18,11.53,10.98,11.45,168884648,1936931456.00
2015/02/04,11.55,11.68,11.15,11.17,161537913,1889106432.00
2015/02/05,11.39,11.40,10.90,10.91,148438560,1689535360.00
2015/02/06,10.87,10.88,10.54,10.65,129164864,1415282944.00
2015/02/09,10.55,10.93,10.46,10.79,110660468,1213012864.00
2015/02/10,10.74,10.99,10.68,10.99,87253883,970756672.00
2015/02/11,11.01,11.04,10.87,10.92,59322742,662547904.00
2015/02/12,10.91,11.03,10.67,10.94,78547503,871216256.00
2015/02/13,10.95,11.19,10.87,10.94,117198101,1321020928.00
2015/02/16,10.95,10.95,10.74,10.83,102752360,1136054272.00
2015/02/17,10.85,10.93,10.81,10.84,72968900,810469312.00
2015/02/25,11.06,11.32,10.91,10.99,199745237,2269546752.00
2015/02/26,10.92,11.11,10.66,11.10,165277605,1836995840.00
2015/02/27,11.05,11.36,10.95,11.18,196104827,2237716736.00
2015/03/02,11.20,11.22,10.99,11.08,146734546,1657644928.00
2015/03/03,11.01,11.02,10.67,10.69,192965281,2130766080.00
2015/03/04,10.68,10.86,10.52,10.68,113158533,1235480320.00
2015/03/05,10.58,10.63,10.43,10.47,109298752,1174668032.00
2015/03/06,10.42,10.61,10.42,10.53,68837346,740680704.00
2015/03/09,10.46,10.70,10.28,10.65,119690553,1282135296.00
2015/03/10,10.58,10.60,10.47,10.53,72511933,781556672.00
2015/03/11,10.53,10.64,10.47,10.51,78045514,843193984.00
2015/03/12,10.56,10.90,10.47,10.79,169043739,1852523776.00
2015/03/13,10.84,10.95,10.76,10.82,112534243,1247388800.00
2015/03/16,10.84,10.97,10.79,10.96,149504394,1667697408.00
2015/03/17,10.92,11.25,10.89,11.24,259456088,2926487040.00
2015/03/18,11.24,11.46,11.09,11.41,256208025,2955791360.00
2015/03/19,11.36,11.63,11.29,11.40,222508597,2594325248.00
2015/03/20,11.36,11.61,11.21,11.44,236236351,2745939968.00
2015/03/23,11.41,11.62,11.38,11.56,238049360,2793745664.00
2015/03/24,11.51,11.60,11.21,11.35,210254488,2446706176.00
2015/03/25,11.27,11.31,11.07,11.09,163900564,1871605504.00
2015/03/26,11.06,11.76,11.01,11.75,388691470,4542669824.00
2015/03/27,11.82,11.86,11.41,11.46,241169171,2844519424.00
2015/03/30,11.42,11.68,11.37,11.64,239974198,2832984064.00
2015/03/31,11.67,11.93,11.45,11.49,276463212,3302312960.00
2015/04/01,11.47,11.65,11.39,11.62,175679724,2065022080.00
2015/04/02,11.74,11.85,11.52,11.67,221555817,2641012736.00
2015/04/03,11.56,11.65,11.47,11.60,174613900,2059478016.00
2015/04/07,11.68,12.04,11.62,12.03,358964300,4326770176.00
2015/04/08,12.03,12.45,11.71,12.27,474708142,5847672832.00
2015/04/09,12.11,12.47,11.97,12.15,323054020,4023491328.00
2015/04/10,12.11,12.26,11.99,12.22,248162048,3071731456.00
2015/04/13,12.24,12.50,12.19,12.45,273635766,3450355712.00
2015/04/14,12.37,12.43,12.16,12.27,232794803,2916436480.00
2015/04/15,12.27,12.50,12.02,12.23,293677210,3687939328.00
2015/04/16,12.29,13.01,12.17,12.77,455575963,5858173952.00
2015/04/17,12.94,13.39,12.71,13.14,560664955,7434599424.00
2015/04/20,12.96,13.21,12.54,12.56,430602870,5631490560.00
2015/04/21,12.59,12.76,12.47,12.75,240213566,3088745472.00
2015/04/22,12.72,13.02,12.66,12.98,317706282,4156108032.00
2015/04/23,12.96,13.39,12.84,13.10,415148753,5507290624.00
2015/04/24,12.92,13.66,12.86,13.08,513249956,6916770304.00
2015/04/27,13.36,14.41,13.18,14.41,629974502,8970314752.00
2015/04/28,14.22,15.12,13.81,14.09,850168259,12561772544.00
2015/04/29,13.86,13.86,13.26,13.47,370461152,5074129408.00
2015/04/30,13.47,13.60,13.12,13.15,255161144,3456441088.00
2015/05/04,13.13,13.36,12.88,13.26,220610811,2947550720.00
2015/05/05,13.28,13.74,12.75,12.77,338553067,4589916160.00
2015/05/06,12.76,12.97,12.26,12.37,247620439,3199053056.00
2015/05/07,12.36,12.36,11.86,11.93,190776491,2352860416.00
2015/05/08,12.06,12.20,11.87,12.17,172211992,2113747328.00
2015/05/11,12.21,12.43,12.06,12.42,205843393,2569743360.00
2015/05/12,12.46,12.54,12.27,12.45,193729531,2450888448.00
2015/05/13,12.45,12.45,12.06,12.19,185725373,2324667392.00
2015/05/14,12.12,12.45,11.97,12.23,207588438,2588255232.00
2015/05/15,12.17,12.20,11.84,11.87,159422190,1949557888.00
2015/05/18,11.75,11.80,11.51,11.55,139756346,1662652544.00
2015/05/19,11.53,11.95,11.51,11.95,150925600,1817817216.00
2015/05/20,11.94,12.19,11.87,11.93,176444751,2166183936.00
2015/05/21,11.93,12.00,11.83,11.98,132553476,1611003264.00
2015/05/22,12.04,12.49,12.03,12.40,252557664,3170165760.00
2015/05/25,12.37,12.75,12.31,12.74,246929009,3169645056.00
2015/05/26,12.83,12.86,12.51,12.81,264892990,3426450432.00
2015/05/27,12.95,13.35,12.95,13.11,325406701,4348860416.00
2015/05/28,12.99,13.00,11.86,11.96,347162595,4449343488.00
2015/05/29,11.93,12.04,11.46,11.68,234515926,2804182272.00
2015/06/01,11.68,12.20,11.60,12.16,206188279,2506650880.00
2015/06/02,12.11,12.16,11.91,12.13,186221316,2288692480.00
2015/06/03,12.13,12.32,11.97,12.11,168860636,2092947328.00
2015/06/04,12.10,12.39,11.57,12.37,259534143,3198002688.00
2015/06/05,12.42,12.66,12.27,12.58,327034132,4163192832.00
2015/06/08,12.53,13.21,12.47,13.09,428162987,5602758656.00
2015/06/09,12.97,13.05,12.69,12.94,327958300,4305123840.00
2015/06/10,12.84,12.86,12.66,12.74,216996537,2822162432.00
2015/06/11,12.72,12.74,12.47,12.67,182365800,2342716160.00
2015/06/12,12.76,12.84,12.64,12.72,213647183,2774774016.00
2015/06/15,12.74,12.82,12.34,12.36,223867038,2865595136.00
2015/06/16,12.16,12.26,11.79,11.85,192269036,2357332224.00
2015/06/17,11.91,12.09,11.70,12.04,173834082,2109224320.00
2015/06/18,11.94,12.06,11.52,11.56,163538819,1976536064.00
2015/06/19,11.47,11.71,10.86,10.93,197947509,2311603712.00
2015/06/23,10.96,11.33,10.66,11.25,164963024,1854678144.00
2015/06/24,11.31,11.63,11.21,11.58,193141552,2250416128.00
2015/06/25,11.54,11.59,11.02,11.08,164463206,1913386496.00
2015/06/26,10.91,11.13,10.03,10.29,245942596,2689291776.00
2015/06/29,10.51,10.76,9.57,10.71,276563452,2924989440.00
2015/06/30,10.53,11.11,10.18,11.09,251346370,2763524352.00
2015/07/01,10.89,11.01,10.48,10.50,184177473,2039441536.00
2015/07/02,10.56,11.56,9.96,11.44,452276244,5051041792.00
2015/07/03,11.07,11.92,10.98,11.59,462361863,5462659584.00
2015/07/06,12.06,12.77,11.71,12.77,769667650,9759080448.00
2015/07/07,12.76,14.01,12.30,13.32,731780459,9961932800.00
2015/07/08,12.16,13.16,11.96,12.09,873562022,11271601152.00
2015/07/09,11.33,13.02,10.87,12.72,437065431,5327882240.00
2015/07/10,12.24,13.64,11.95,12.94,492499609,6472733696.00
2015/07/13,12.53,12.81,12.16,12.38,331969937,4179958528.00
2015/07/14,12.08,12.38,11.67,12.14,270624123,3284868864.00
2015/07/15,11.95,13.37,11.86,13.37,549939887,7133551616.00
2015/07/16,13.37,13.95,12.53,13.25,581416891,7823483904.00
2015/07/17,12.90,13.25,12.75,13.02,380505799,4993555968.00
2015/07/20,12.75,13.90,12.65,13.58,559375492,7535305216.00
2015/07/21,13.32,13.71,13.06,13.33,377457584,5088158720.00
2015/07/22,13.10,13.85,13.07,13.48,442769845,6034143232.00
2015/07/23,13.31,13.60,13.17,13.51,358423136,4863671808.00
2015/07/24,13.39,13.96,13.38,13.53,473956234,6553140736.00
2015/07/27,13.28,13.50,12.16,12.22,422481781,5556934656.00
2015/07/28,11.68,12.71,11.37,11.70,400822117,4892270592.00
2015/07/29,11.50,11.72,11.16,11.50,293794222,3399818496.00
2015/07/30,11.45,11.70,11.23,11.56,274002020,3173922816.00
2015/07/31,11.35,11.45,10.79,10.94,226907965,2551181568.00
2015/08/03,10.73,10.80,10.38,10.42,183054962,1957197440.00
2015/08/04,10.44,10.74,10.35,10.67,158953096,1700960000.00
2015/08/05,10.65,10.74,10.46,10.48,125702524,1351756544.00
2015/08/06,10.34,10.50,10.28,10.33,91217650,959680256.00
2015/08/07,10.42,10.61,10.36,10.52,101491312,1081230208.00
2015/08/10,10.54,10.98,10.50,10.92,192292111,2093907712.00
2015/08/11,10.91,11.15,10.74,11.00,181876817,2007929344.00
2015/08/12,10.84,10.95,10.80,10.84,103650983,1142313472.00
2015/08/13,10.84,10.91,10.65,10.86,100427095,1098476416.00
2015/08/14,10.85,11.01,10.75,10.83,117528968,1293098880.00
2015/08/17,10.76,10.80,10.61,10.66,93895949,1015163136.00
2015/08/18,10.67,11.25,10.65,10.98,316632692,3522443264.00
2015/08/19,10.73,10.91,10.35,10.64,226135419,2411955968.00
2015/08/20,10.44,10.45,10.16,10.17,141581054,1478578560.00
2015/08/21,10.00,10.36,9.81,9.85,128401296,1309854208.00
2015/08/24,9.65,10.34,8.85,9.36,249613571,2391347456.00
2015/08/25,8.93,9.47,8.41,8.41,214238868,1946299648.00
2015/08/26,8.45,8.64,7.88,8.43,188708460,1595395072.00
2015/08/27,8.41,8.65,8.25,8.63,144269299,1242498048.00
2015/08/28,8.80,9.02,8.70,8.99,165667990,1492277760.00
2015/08/31,8.85,8.88,8.56,8.79,109078201,969427200.00
2015/09/01,8.89,9.21,8.85,9.06,193013376,1771590784.00
2015/09/02,8.65,8.83,8.51,8.60,152899405,1347811328.00
2015/09/07,8.60,8.77,8.44,8.48,97520161,857284288.00
2015/09/08,8.44,8.62,8.25,8.55,85961800,738536896.00
2015/09/09,8.58,8.95,8.52,8.86,148808057,1321330176.00
2015/09/10,8.70,8.83,8.66,8.69,96554126,856357056.00
2015/09/11,8.73,8.76,8.63,8.66,52854600,467688640.00
2015/09/14,8.72,8.74,8.30,8.35,79215563,682785088.00
2015/09/15,8.26,8.57,8.20,8.33,88360997,751667200.00
2015/09/16,8.31,8.76,8.15,8.61,105103884,899039424.00
2015/09/17,8.51,8.70,8.41,8.42,90031274,782605888.00
2015/09/18,8.47,8.50,8.32,8.34,49351072,417763296.00
2015/09/21,8.30,8.41,8.21,8.39,50398141,424029920.00
2015/09/22,8.43,8.55,8.40,8.47,66349085,568619520.00
2015/09/23,8.38,8.42,8.27,8.28,52070080,438115360.00
2015/09/24,8.29,8.34,8.26,8.32,39336117,329520640.00
2015/09/25,8.30,8.50,8.27,8.45,94244600,800631680.00
2015/09/28,8.41,8.43,8.26,8.35,49029438,411678816.00
2015/09/29,8.25,8.29,8.14,8.18,47641434,394779936.00
2015/09/30,8.19,8.23,8.14,8.15,28206902,233166416.00
2015/10/08,8.48,8.52,8.34,8.36,64544238,547170880.00
2015/10/09,8.38,8.47,8.32,8.44,59280185,503341824.00
2015/10/12,8.46,8.70,8.42,8.69,100424485,871263808.00
2015/10/13,8.58,8.62,8.54,8.60,62600469,542252992.00
2015/10/14,8.56,8.71,8.54,8.65,86823259,754567168.00
2015/10/15,8.61,8.75,8.58,8.74,93173894,815422464.00
2015/10/16,8.77,8.95,8.74,8.87,132851706,1186105472.00
2015/10/19,8.88,9.00,8.77,8.82,107808748,965922368.00
2015/10/20,8.77,8.91,8.68,8.89,91236265,808730304.00
2015/10/21,8.92,9.01,8.54,8.84,185126184,1652280704.00
2015/10/22,8.64,8.76,8.64,8.74,84805701,743718144.00
2015/10/23,8.72,8.77,8.68,8.75,75521662,664558784.00
2015/10/26,8.79,8.93,8.75,8.81,96119183,856769216.00
2015/10/27,8.76,8.77,8.60,8.73,64998350,569253568.00
2015/10/28,8.69,8.85,8.67,8.71,83441687,738444672.00
2015/10/29,8.73,8.80,8.70,8.74,55365811,488793440.00
2015/10/30,8.69,8.84,8.58,8.67,69901412,613754048.00
2015/11/02,8.58,8.65,8.44,8.45,72050975,621687872.00
2015/11/03,8.45,8.48,8.35,8.39,37982306,323162688.00
2015/11/04,8.40,8.67,8.40,8.66,82773447,714584512.00
2015/11/05,8.62,9.13,8.58,8.90,199671788,1792031616.00
2015/11/06,8.86,9.08,8.77,9.02,142950768,1287865472.00
2015/11/09,8.98,9.38,8.98,9.16,157276078,1458270720.00
2015/11/10,9.10,9.26,9.00,9.18,125169085,1151787520.00
2015/11/11,9.14,9.25,9.05,9.12,86488933,796433024.00
2015/11/12,9.13,9.13,8.96,9.03,70945801,646790592.00
2015/11/13,8.96,9.02,8.85,8.86,65213894,587560896.00
2015/11/16,8.77,8.91,8.74,8.90,52982398,471494656.00
2015/11/17,8.92,9.06,8.88,8.96,84135785,761883328.00
2015/11/18,8.95,9.09,8.84,8.97,88825216,803244672.00
2015/11/19,8.95,8.97,8.86,8.96,77119095,693432640.00
2015/11/20,8.94,8.95,8.87,8.91,50086988,450129344.00
2015/11/23,8.89,8.95,8.83,8.84,59979003,537200128.00
2015/11/24,8.83,8.84,8.74,8.83,46292554,410532512.00
2015/11/25,8.88,8.92,8.83,8.90,60161407,538801344.00
2015/11/26,8.92,8.94,8.87,8.89,59862903,538023680.00
2015/11/27,8.84,8.86,8.37,8.38,96005431,834945536.00
2015/11/30,8.37,8.43,8.22,8.32,60963751,512598208.00
2015/12/01,8.32,8.37,8.27,8.33,40660515,341173344.00
2015/12/02,8.32,8.59,8.25,8.56,75711282,645804608.00
2015/12/03,8.50,8.87,8.44,8.74,86051597,748470528.00
2015/12/04,8.67,8.69,8.43,8.50,73344072,632804544.00
2015/12/07,8.46,8.52,8.43,8.47,32494090,277688224.00
2015/12/08,8.37,8.39,8.28,8.30,49953535,420085856.00
2015/12/09,8.30,8.36,8.24,8.27,40797653,341389888.00
2015/12/10,8.28,8.31,8.22,8.25,34599513,288903616.00
2015/12/11,8.24,8.26,8.17,8.22,33883265,280978976.00
2015/12/14,8.18,8.36,8.15,8.35,46332051,387141312.00
2015/12/15,8.33,8.35,8.27,8.29,31128169,261052656.00
2015/12/16,8.36,8.49,8.36,8.38,69301385,589127232.00
2015/12/17,8.35,8.44,8.34,8.40,75080566,636179136.00
2015/12/18,8.39,8.48,8.36,8.40,58596300,497296736.00
2015/12/21,8.35,8.47,8.31,8.45,73620271,625573440.00
2015/12/22,8.44,8.48,8.40,8.44,50951432,434024544.00
2015/12/23,8.45,8.56,8.43,8.46,85984764,736281152.00
2015/12/24,8.49,8.52,8.36,8.40,58327364,496475648.00
2015/12/25,8.46,8.46,8.33,8.40,32067200,271977632.00
2015/12/28,8.42,8.46,8.29,8.29,55537569,469978592.00
2015/12/29,8.29,8.35,8.28,8.34,32048501,269030944.00
2015/12/30,8.35,8.37,8.29,8.33,28609052,240514592.00
2015/12/31,8.31,8.34,8.25,8.27,27095492,227142464.00
2016/01/04,8.26,8.30,8.03,8.05,47720508,393258336.00
2016/01/05,7.96,8.13,7.90,7.99,63433603,513472128.00
2016/01/06,8.01,8.25,7.97,8.23,75100836,615422720.00
2016/01/07,8.09,8.12,7.62,7.75,20888300,168285168.00
2016/01/08,7.88,7.99,7.66,7.91,74852367,595585472.00
2016/01/11,7.82,7.89,7.61,7.62,55973597,438221760.00
2016/01/12,7.58,7.76,7.52,7.68,47167537,364017184.00
2016/01/13,7.72,7.73,7.51,7.53,43472024,335429760.00
2016/01/14,7.42,7.57,7.35,7.55,47428219,357296224.00
2016/01/15,7.54,7.54,7.22,7.26,52349872,390361472.00
2016/01/18,7.06,7.26,7.02,7.19,38355700,278075264.00
2016/01/19,7.19,7.36,7.18,7.34,42877859,316156416.00
2016/01/20,7.29,7.47,7.19,7.38,46859232,345988096.00
2016/01/21,7.26,7.39,7.14,7.18,33534429,246575008.00
2016/01/22,7.24,7.27,7.10,7.25,28710425,209199728.00
2016/01/25,7.39,7.46,7.28,7.35,35028851,260977456.00
2016/01/26,7.25,7.26,6.96,7.00,48112114,345781824.00
2016/01/27,7.07,7.33,6.91,7.20,74245609,531570272.00
2016/01/28,7.11,7.55,7.02,7.36,113452648,842872640.00
2016/01/29,7.32,7.41,7.26,7.38,75291201,558548672.00
2016/02/01,7.32,7.32,7.11,7.17,47818737,347806112.00
2016/02/02,7.16,7.27,7.09,7.24,43030580,312936928.00
2016/02/03,7.13,7.18,7.03,7.14,37465786,268940800.00
2016/02/04,7.20,7.27,7.16,7.18,36845307,268471040.00
2016/02/05,7.21,7.22,7.14,7.15,26956101,195670336.00
2016/02/15,7.05,7.15,7.01,7.10,21604074,154596288.00
2016/02/16,7.13,7.28,7.11,7.27,44786697,327169248.00
2016/02/17,7.22,7.46,7.21,7.44,75586618,559306496.00
2016/02/18,7.46,7.46,7.34,7.35,66232641,495572672.00
2016/02/19,7.35,7.39,7.30,7.34,30120694,223599680.00
2016/02/22,7.37,7.47,7.35,7.45,42859967,321594240.00
2016/02/23,7.49,7.50,7.38,7.40,39852146,299873824.00
2016/02/24,7.37,7.52,7.34,7.45,36077841,270323648.00
2016/02/25,7.44,7.44,6.99,7.00,69248311,504115040.00
2016/02/26,7.05,7.27,7.02,7.18,64139524,461973824.00
2016/02/29,7.13,7.22,7.00,7.20,65407555,469664448.00
2016/03/01,7.15,7.26,7.09,7.24,34079106,248002256.00
2016/03/02,7.24,7.47,7.23,7.46,71146975,530923520.00
2016/03/03,7.42,7.52,7.38,7.50,53766610,404789376.00
2016/03/04,7.49,7.77,7.44,7.74,137470105,1061131520.00
2016/03/07,7.67,7.77,7.65,7.70,49994015,389208576.00
2016/03/08,7.75,7.78,7.60,7.74,53807243,417468960.00
2016/03/09,7.62,7.74,7.40,7.72,73103662,558576704.00
2016/03/10,7.61,7.64,7.52,7.61,32517986,249567968.00
2016/03/11,7.52,7.63,7.48,7.61,29608982,226338832.00
2016/03/14,7.64,7.73,7.56,7.67,39927692,308870560.00
2016/03/15,7.70,7.74,7.62,7.71,39703220,308007392.00
2016/03/16,7.68,7.86,7.65,7.81,82352375,647592896.00
2016/03/17,7.81,7.83,7.74,7.80,37373364,293815040.00
2016/03/18,7.84,7.86,7.75,7.80,72457901,570774016.00
2016/03/21,7.80,7.82,7.74,7.77,88362793,693984576.00
2016/03/22,7.75,7.77,7.69,7.71,47955441,374506400.00
2016/03/23,7.71,7.73,7.66,7.70,31238573,242775440.00
2016/03/24,7.66,7.66,7.54,7.55,42163774,323692544.00
2016/03/25,7.55,7.57,7.48,7.55,33624486,255912384.00
2016/03/28,7.55,7.60,7.49,7.51,38835537,296262656.00
2016/03/29,7.50,7.53,7.38,7.40,46606906,350163232.00
2016/03/30,7.43,7.67,7.41,7.59,79893974,611403584.00
2016/03/31,7.57,7.60,7.52,7.53,46671864,356127840.00
2016/04/01,7.50,7.60,7.43,7.58,57441359,436366880.00
2016/04/05,7.53,7.60,7.48,7.58,49314369,376268352.00
2016/04/06,7.56,7.75,7.55,7.62,83998180,649029440.00
2016/04/07,7.64,7.65,7.50,7.53,48421680,370358976.00
2016/04/08,7.50,7.51,7.41,7.44,38597504,290920032.00
2016/04/11,7.48,7.58,7.47,7.56,51481125,392612704.00
2016/04/12,7.57,7.60,7.54,7.57,36059951,275864128.00
2016/04/13,7.62,7.76,7.61,7.71,85861289,667927552.00
2016/04/14,7.76,7.77,7.66,7.69,40295730,313662944.00
2016/04/15,7.72,7.72,7.64,7.67,24313788,188413008.00
2016/04/18,7.60,7.60,7.48,7.51,34382036,261319728.00
2016/04/19,7.55,7.58,7.48,7.57,27505498,209199248.00
2016/04/20,7.57,7.61,7.35,7.51,63591807,479044160.00
2016/04/21,7.44,7.56,7.44,7.49,36131209,274244416.00
2016/04/22,7.45,7.55,7.42,7.50,25101957,189714912.00
2016/04/25,7.47,7.50,7.39,7.48,20461462,153967936.00
2016/04/26,7.50,7.50,7.41,7.46,18084995,136311632.00
2016/04/27,7.48,7.51,7.44,7.45,20805770,157227184.00
2016/04/28,7.46,7.50,7.39,7.45,22256871,167361776.00
2016/04/29,7.37,7.41,7.30,7.34,37414278,277998112.00
2016/05/03,7.32,7.43,7.31,7.43,29245563,218308256.00
2016/05/04,7.40,7.43,7.35,7.38,21305853,158994080.00
2016/05/05,7.37,7.40,7.34,7.38,17745527,132121168.00
2016/05/06,7.38,7.38,7.26,7.26,32726175,241868240.00
2016/05/09,7.24,7.24,7.10,7.12,34754111,251194112.00
2016/05/10,7.10,7.14,7.08,7.11,13713153,98602160.00
2016/05/11,7.13,7.17,7.10,7.14,14851902,107197248.00
2016/05/12,7.13,7.13,7.06,7.12,17221805,123489976.00
2016/05/13,7.12,7.17,7.08,7.11,21040632,151349824.00
2016/05/16,7.09,7.12,7.04,7.12,13220329,94745184.00
2016/05/17,7.13,7.17,7.12,7.16,17886829,129258512.00
2016/05/18,7.13,7.14,7.03,7.12,28808330,206279072.00
2016/05/19,7.10,7.15,7.07,7.10,16951884,122035712.00
2016/05/20,7.09,7.13,7.07,7.13,8715582,62618540.00
2016/05/23,7.13,7.15,7.11,7.12,10559126,76128352.00
2016/05/24,7.11,7.14,7.07,7.14,14916983,107107752.00
2016/05/25,7.14,7.16,7.11,7.11,11116979,80176376.00
2016/05/26,7.13,7.17,7.07,7.14,14301584,103046616.00
2016/05/27,7.13,7.14,7.09,7.12,9075211,65305764.00
2016/05/30,7.14,7.16,7.09,7.15,13372905,96504856.00
2016/05/31,7.14,7.30,7.13,7.29,39531789,288934016.00
2016/06/01,7.28,7.29,7.24,7.24,22588179,165820576.00
2016/06/02,7.25,7.26,7.22,7.25,11668389,85421104.00
2016/06/03,7.26,7.30,7.22,7.28,24646842,180972992.00
2016/06/06,7.27,7.28,7.24,7.26,10535149,77259072.00
2016/06/07,7.27,7.27,7.23,7.25,7962843,58366960.00
2016/06/08,7.26,7.26,7.21,7.24,13098401,95632296.00
2016/06/13,7.20,7.33,7.12,7.13,24259258,176045968.00
2016/06/14,7.13,7.15,7.11,7.13,12560103,90229504.00
2016/06/15,7.10,7.17,7.07,7.16,15492888,111458984.00
2016/06/16,7.12,7.15,7.09,7.11,18759101,134619712.00
2016/06/17,7.11,7.19,7.10,7.14,18670906,134476048.00
2016/06/20,7.14,7.16,7.11,7.15,10036464,72220072.00
2016/06/21,7.15,7.19,7.12,7.13,13018254,93934016.00
2016/06/22,7.13,7.16,7.12,7.16,10138443,73034128.00
2016/06/23,7.16,7.17,7.10,7.12,11776825,84731424.00
2016/06/24,7.13,7.15,7.02,7.06,29130368,207671424.00
2016/06/27,7.02,7.10,7.02,7.08,15491090,110445296.00
2016/06/28,7.07,7.13,7.06,7.13,17433718,124874736.00
2016/06/29,7.13,7.17,7.12,7.16,17209156,123959632.00
2016/06/30,7.16,7.18,7.15,7.17,16572047,119769696.00
2016/07/01,7.16,7.18,7.13,7.16,17463787,126064512.00
2016/07/04,7.15,7.23,7.14,7.23,26733964,194249776.00
2016/07/05,7.23,7.25,7.20,7.24,23300066,169841232.00
2016/07/06,7.20,7.22,7.15,7.21,21980553,159345536.00
2016/07/07,7.20,7.24,7.17,7.23,21218964,154217808.00
2016/07/08,7.20,7.21,7.17,7.19,13207612,95762464.00
2016/07/11,7.18,7.25,7.17,7.22,25484576,185558192.00
2016/07/12,7.21,7.32,7.19,7.31,49131342,359837600.00
2016/07/13,7.31,7.38,7.29,7.35,37263556,275925344.00
2016/07/14,7.32,7.34,7.29,7.31,19200859,141478288.00
2016/07/15,7.31,7.35,7.30,7.32,17813548,131609728.00
2016/07/18,7.31,7.34,7.29,7.32,18094111,133383456.00
2016/07/19,7.30,7.31,7.26,7.29,14914925,109504840.00
2016/07/20,7.27,7.31,7.26,7.26,12113542,88876488.00
2016/07/21,7.26,7.31,7.25,7.28,11994291,87997936.00
2016/07/22,7.28,7.28,7.22,7.23,15962080,116458776.00
2016/07/25,7.23,7.25,7.20,7.22,10728130,78139856.00
2016/07/26,7.22,7.27,7.22,7.27,11168554,81623672.00
2016/07/27,7.27,7.28,7.13,7.17,28483426,206374672.00
2016/07/28,7.16,7.17,7.13,7.16,18958830,136735296.00
2016/07/29,7.15,7.17,7.14,7.16,11617021,83846120.00
2016/08/01,7.15,7.17,7.11,7.16,13395195,96369976.00
2016/08/02,7.14,7.18,7.13,7.18,12309289,88860384.00
2016/08/03,7.15,7.17,7.13,7.16,10374929,74851696.00
2016/08/04,7.17,7.18,7.13,7.18,12408410,89506256.00
2016/08/05,7.17,7.19,7.15,7.18,12971914,93834504.00
2016/08/08,7.18,7.20,7.15,7.20,15223014,110245200.00
2016/08/09,7.20,7.23,7.16,7.22,16470023,119738464.00
2016/08/10,7.22,7.23,7.20,7.21,11481641,83513560.00
2016/08/11,7.21,7.24,7.20,7.24,22607484,164661840.00
2016/08/12,7.24,7.29,7.21,7.28,29687776,217007936.00
2016/08/15,7.29,7.40,7.27,7.39,54969999,407237696.00
2016/08/16,7.39,7.40,7.34,7.36,33481336,248668160.00
2016/08/17,7.36,7.38,7.34,7.36,20291614,150609776.00
2016/08/18,7.35,7.38,7.32,7.33,21412131,158653824.00
2016/08/19,7.35,7.40,7.33,7.35,27988030,207697824.00
2016/08/22,7.35,7.39,7.34,7.36,24902354,184910672.00
2016/08/23,7.35,7.37,7.33,7.36,18715607,138741584.00
2016/08/24,7.35,7.38,7.34,7.37,14867615,110348120.00
2016/08/25,7.35,7.36,7.31,7.35,23713080,175150144.00
2016/08/26,7.34,7.37,7.33,7.34,16373311,121273704.00
2016/08/29,7.33,7.37,7.31,7.36,16382167,121271592.00
2016/08/30,7.36,7.46,7.33,7.43,45669983,340947392.00
2016/08/31,7.43,7.48,7.41,7.48,35517025,266689888.00
2016/09/01,7.46,7.48,7.42,7.43,23787658,178598384.00
2016/09/02,7.42,7.44,7.39,7.41,15672692,117163360.00
2016/09/05,7.41,7.46,7.39,7.44,17818805,133320032.00
2016/09/06,7.43,7.44,7.40,7.43,13599174,101683880.00
2016/09/07,7.42,7.45,7.41,7.43,16613192,124435520.00
2016/09/08,7.44,7.44,7.39,7.40,11017031,82247376.00
2016/09/09,7.41,7.42,7.34,7.36,17406500,129570224.00
2016/09/12,7.31,7.32,7.20,7.25,35806293,261515888.00
2016/09/13,7.24,7.25,7.20,7.23,19273138,140357744.00
2016/09/14,7.21,7.24,7.20,7.22,19195172,139576128.00
2016/09/19,7.21,7.23,7.20,7.22,20736914,150774816.00
2016/09/20,7.22,7.22,7.19,7.21,13226799,96006152.00
2016/09/21,7.22,7.22,7.19,7.22,8671159,62848368.00
2016/09/22,7.23,7.24,7.22,7.22,16954596,123264120.00
2016/09/23,7.23,7.24,7.21,7.23,11294864,82065664.00
2016/09/26,7.21,7.21,7.14,7.15,25311402,182567040.00
2016/09/27,7.15,7.18,7.12,7.17,14626784,105109168.00
2016/09/28,7.17,7.17,7.14,7.15,8017825,57630368.00
2016/09/29,7.19,7.23,7.19,7.19,18350651,133012920.00
2016/09/30,7.19,7.20,7.17,7.18,14029480,101327040.00
2016/10/10,7.29,7.29,7.23,7.25,24455416,178442192.00
2016/10/11,7.27,7.29,7.25,7.27,18689622,136617856.00
2016/10/12,7.25,7.27,7.24,7.26,13139225,95799120.00
2016/10/13,7.26,7.27,7.23,7.24,13214875,96314136.00
2016/10/14,7.24,7.26,7.22,7.26,17225456,125256616.00
2016/10/17,7.25,7.26,7.21,7.22,16207562,117930112.00
2016/10/18,7.21,7.31,7.21,7.29,26004871,189845648.00
2016/10/19,7.29,7.32,7.27,7.29,21133623,155045520.00
2016/10/20,7.30,7.32,7.27,7.30,28331045,207752656.00
2016/10/21,7.28,7.33,7.27,7.32,27268805,200317104.00
2016/10/24,7.33,7.42,7.30,7.39,55889593,414547136.00
2016/10/25,7.37,7.39,7.34,7.35,25015959,185118768.00
2016/10/26,7.36,7.37,7.31,7.34,13907784,102611992.00
2016/10/27,7.33,7.36,7.31,7.33,13541596,99691240.00
2016/10/28,7.32,7.36,7.32,7.34,18958133,139801424.00
2016/10/31,7.31,7.32,7.25,7.30,21382023,156386464.00
2016/11/01,7.28,7.30,7.26,7.29,17066503,124885720.00
2016/11/02,7.27,7.29,7.22,7.24,21137616,153921872.00
2016/11/03,7.22,7.27,7.20,7.25,16550641,120540952.00
2016/11/04,7.24,7.27,7.22,7.22,18431630,134216552.00
2016/11/07,7.22,7.27,7.21,7.25,18057830,131524896.00
2016/11/08,7.26,7.28,7.26,7.28,20522247,150031984.00
2016/11/09,7.28,7.28,7.21,7.24,21646904,157594512.00
2016/11/10,7.26,7.31,7.24,7.30,36041037,263997936.00
2016/11/11,7.28,7.39,7.27,7.36,47275505,349124864.00
2016/11/14,7.34,7.42,7.33,7.40,49616961,368036800.00
2016/11/15,7.38,7.43,7.36,7.38,34282595,254796848.00
2016/11/16,7.39,7.40,7.34,7.39,27218146,201737408.00
2016/11/17,7.36,7.40,7.33,7.38,25416195,188149696.00
2016/11/18,7.37,7.39,7.34,7.36,16103326,119225992.00
2016/11/21,7.34,7.44,7.33,7.44,48437568,360821536.00
2016/11/22,7.47,7.69,7.44,7.63,128671500,979351168.00
2016/11/23,7.57,7.67,7.51,7.55,65243023,497535584.00
2016/11/24,7.53,7.57,7.49,7.51,39349299,297630336.00
2016/11/25,7.51,7.58,7.48,7.56,52084042,394378080.00
2016/11/28,7.54,7.65,7.53,7.63,52209563,398715328.00
2016/11/29,7.64,7.76,7.60,7.73,87072454,673135808.00
2016/11/30,7.71,7.72,7.54,7.58,56125175,429321728.00
2016/12/01,7.81,7.83,7.66,7.72,101227256,788376128.00
2016/12/02,7.74,8.10,7.72,7.82,154759796,1227314816.00
2016/12/05,7.75,7.75,7.56,7.60,66091433,507709760.00
2016/12/06,7.57,7.65,7.55,7.56,34039640,259787008.00
2016/12/07,7.55,7.58,7.48,7.58,35063710,265206672.00
2016/12/08,7.56,7.58,7.53,7.54,22051771,167401664.00
2016/12/09,7.54,7.63,7.53,7.61,38110100,290943744.00
2016/12/12,7.71,7.75,7.51,7.53,60992300,468914272.00
2016/12/13,7.51,7.70,7.49,7.67,57066920,436247328.00
2016/12/14,7.67,7.87,7.65,7.71,76448869,596412288.00
2016/12/15,7.64,7.66,7.48,7.56,54311745,412048384.00
2016/12/16,7.52,7.59,7.49,7.57,29323274,222045984.00
2016/12/19,7.58,7.68,7.53,7.66,40421035,309571680.00
2016/12/20,7.67,7.67,7.54,7.59,31420238,239464960.00
2016/12/21,7.71,8.04,7.69,7.89,151024402,1192757888.00
2016/12/22,7.86,8.24,7.82,8.12,166586747,1353244544.00
2016/12/23,8.09,8.20,8.02,8.08,83108504,676233024.00
2016/12/26,8.03,8.09,7.89,8.06,68598146,551380992.00
2016/12/27,8.02,8.05,7.93,7.98,49385070,396109600.00
2016/12/28,8.01,8.15,7.96,7.99,66614894,539672768.00
2016/12/29,7.94,7.98,7.89,7.91,38574755,307184320.00
2016/12/30,7.91,7.94,7.86,7.91,24348142,193391872.00
2017/01/03,7.91,7.97,7.87,7.93,44793060,356766656.00
2017/01/04,7.92,8.00,7.88,7.96,39556853,315504096.00
2017/01/05,7.95,8.18,7.93,8.12,78716533,637779904.00
2017/01/06,8.13,8.38,8.11,8.32,116201023,968663808.00
2017/01/09,8.26,8.52,8.26,8.33,78487628,663150272.00
2017/01/10,8.31,8.40,8.18,8.36,47145986,392825504.00
2017/01/11,8.31,8.45,8.26,8.27,51345438,431633920.00
2017/01/12,8.27,8.38,8.25,8.28,38071438,318095008.00
2017/01/13,8.28,8.38,8.23,8.35,34979813,292671680.00
2017/01/16,8.32,8.51,8.23,8.48,91976630,774638208.00
2017/01/17,8.43,8.66,8.41,8.50,64948709,556922496.00
2017/01/18,8.49,8.57,8.45,8.53,21401405,183227440.00
2017/01/19,8.50,8.51,8.32,8.46,46730402,394371648.00
2017/01/20,8.42,8.44,8.36,8.41,25475108,214835936.00
2017/01/23,8.41,8.50,8.37,8.48,31749218,269085248.00
2017/01/24,8.48,8.79,8.45,8.72,58648360,510811680.00
2017/01/25,8.70,8.79,8.64,8.70,31191955,272852896.00
2017/01/26,8.65,8.72,8.55,8.61,50405831,436179136.00
2017/02/03,8.61,8.62,8.52,8.54,20339492,174707456.00
2017/02/06,8.54,8.56,8.45,8.51,55451194,472770048.00
2017/02/07,8.50,8.51,8.43,8.47,32696792,278036928.00
2017/02/08,8.45,8.46,8.30,8.37,72457918,608047488.00
2017/02/09,8.37,8.41,8.29,8.39,102334870,858194688.00
2017/02/10,8.36,8.42,8.34,8.40,81956660,690743168.00
2017/02/13,8.41,8.42,8.33,8.37,76056756,639425024.00
2017/02/14,8.36,8.36,8.31,8.35,38910834,325828352.00
2017/02/15,8.35,8.40,8.33,8.38,56435751,474889760.00
2017/02/16,8.36,8.37,8.22,8.28,83008496,689551680.00
2017/02/17,8.26,8.34,8.21,8.24,54263514,451269312.00
2017/02/20,8.24,8.32,8.22,8.31,52509917,436502400.00
2017/02/21,8.29,8.33,8.27,8.31,35756293,298071296.00
2017/02/22,8.32,8.38,8.31,8.36,55610341,466621056.00
2017/02/23,8.35,8.36,8.22,8.25,46345419,385358496.00
2017/02/24,8.25,8.27,8.14,8.22,66711214,549312896.00
2017/02/27,8.20,8.22,8.14,8.17,32652070,268216928.00
2017/02/28,8.16,8.21,8.16,8.19,22270942,183097600.00
2017/03/01,8.19,8.23,8.15,8.21,27920217,229972048.00
2017/03/02,8.20,8.24,8.13,8.14,33325821,273955904.00
2017/03/03,8.12,8.12,7.99,8.00,57076187,460959904.00
2017/03/06,8.01,8.02,7.96,8.02,27237504,218978176.00
2017/03/07,8.01,8.05,8.00,8.05,29338086,236562784.00
2017/03/08,8.04,8.08,7.99,8.05,44717164,361238752.00
2017/03/09,8.00,8.00,7.89,7.92,59621009,475319008.00
2017/03/10,7.89,7.92,7.88,7.89,28371475,225295968.00
2017/03/13,7.88,7.97,7.85,7.93,36611412,291642432.00
2017/03/14,7.93,7.99,7.90,7.95,30044331,240115376.00
2017/03/15,7.94,7.95,7.89,7.95,33036528,262837264.00
2017/03/16,7.95,8.01,7.95,8.00,33302385,267135040.00
2017/03/17,7.99,8.00,7.88,7.90,38998911,311627616.00
2017/03/20,7.87,7.98,7.87,7.98,51271325,408381568.00
2017/03/21,7.96,8.02,7.94,7.99,42249232,339194720.00
2017/03/22,7.94,7.98,7.90,7.94,36091109,287850976.00
2017/03/23,7.94,7.94,7.84,7.88,40859219,323715904.00
2017/03/24,7.86,7.94,7.84,7.92,37937493,300561056.00
2017/03/27,7.94,7.99,7.86,7.88,47234463,375587104.00
2017/03/28,7.88,7.90,7.77,7.81,47847276,375654080.00
2017/03/29,7.81,7.85,7.77,7.81,27479948,215915072.00
2017/03/30,7.80,7.85,7.68,7.82,55770291,435499584.00
2017/03/31,7.78,7.86,7.76,7.83,36702631,288007488.00
2017/04/05,7.83,7.94,7.81,7.93,54742973,433946624.00
2017/04/06,7.90,7.95,7.89,7.94,40905455,325948256.00
2017/04/07,7.96,8.09,7.94,8.01,81109305,654788928.00
2017/04/10,8.03,8.04,7.98,8.01,40336719,324624800.00
2017/04/11,8.00,8.02,7.91,7.98,43429243,347457120.00
2017/04/12,7.98,8.09,7.92,8.06,44529145,357822880.00
2017/04/13,8.04,8.07,7.99,8.02,29579233,238609984.00
2017/04/14,8.01,8.03,7.96,7.98,27295881,219362416.00
2017/04/17,7.95,8.03,7.91,8.01,34244924,274146688.00
2017/04/18,7.98,8.01,7.91,7.92,25706975,205701360.00
2017/04/19,7.86,7.88,7.71,7.76,37354420,292170656.00
2017/04/20,7.72,7.75,7.59,7.65,42239459,325662816.00
2017/04/21,7.64,7.76,7.62,7.75,28908705,223199856.00
2017/04/24,7.71,7.76,7.63,7.73,29130393,225663680.00
2017/04/25,7.69,7.74,7.66,7.70,17160668,132689200.00
2017/04/26,7.69,7.74,7.66,7.69,27034112,209565728.00
2017/04/27,7.68,7.77,7.67,7.76,27611438,214227408.00
2017/04/28,7.75,7.76,7.68,7.76,23258709,180491024.00
2017/05/02,7.73,7.74,7.64,7.65,25028726,193323616.00
2017/05/03,7.63,7.65,7.54,7.56,35171106,267946192.00
2017/05/04,7.56,7.56,7.46,7.54,33347081,251523440.00
2017/05/05,7.47,7.52,7.35,7.51,57696495,431023104.00
2017/05/08,7.46,7.51,7.38,7.44,34614069,259191040.00
2017/05/09,7.40,7.47,7.38,7.45,18008148,134731440.00
2017/05/10,7.44,7.46,7.39,7.40,17386400,129855312.00
2017/05/11,7.41,7.60,7.39,7.58,68966786,522471680.00
2017/05/12,7.51,7.58,7.51,7.56,33737585,255768048.00
2017/05/15,7.53,7.71,7.52,7.66,46707292,358382752.00
2017/05/16,7.63,7.69,7.59,7.65,25495558,195461856.00
2017/05/17,7.64,7.64,7.51,7.55,42407095,322400064.00
2017/05/18,7.51,7.59,7.48,7.58,26458652,200922752.00
2017/05/19,7.58,7.62,7.54,7.56,25690963,195685184.00
2017/05/22,7.63,7.67,7.59,7.65,37301795,286226688.00
2017/05/23,7.64,7.75,7.61,7.75,55761549,430923360.00
2017/05/24,7.71,7.75,7.64,7.71,30590213,236513376.00
2017/05/25,7.69,7.86,7.66,7.83,50157737,391480672.00
2017/05/26,7.75,7.81,7.73,7.76,41162958,321443840.00
2017/05/31,7.74,7.82,7.69,7.78,33158474,258414240.00
2017/06/01,7.74,7.84,7.71,7.81,43139929,337403456.00
2017/06/02,7.79,7.86,7.72,7.73,38275464,299260576.00
2017/06/05,7.70,7.72,7.61,7.70,36042371,277609984.00
2017/06/06,7.67,7.70,7.65,7.68,15206205,117271632.00
2017/06/07,7.69,7.71,7.65,7.71,27446830,212196432.00
2017/06/08,7.68,7.71,7.65,7.69,31988109,246677824.00
2017/06/09,7.67,7.75,7.66,7.69,27179738,210369632.00
2017/06/12,7.67,7.69,7.60,7.60,25840367,198467472.00
2017/06/13,7.57,7.62,7.56,7.61,16708856,127578808.00
2017/06/14,7.59,7.63,7.58,7.62,16544242,126600480.00
2017/06/15,7.59,7.63,7.55,7.61,19972561,152372896.00
2017/06/16,7.59,7.62,7.55,7.61,20319473,154862000.00
2017/06/19,7.60,7.63,7.59,7.61,17585815,134547360.00
2017/06/20,7.62,7.66,7.60,7.66,23515978,180489824.00
2017/06/21,7.66,7.69,7.61,7.68,22622756,174096976.00
2017/06/22,7.68,7.76,7.65,7.69,29045153,223606832.00
2017/06/23,7.64,7.75,7.62,7.74,33266978,255695136.00
2017/06/26,7.72,7.76,7.71,7.73,26395813,204019152.00
2017/06/27,7.72,7.74,7.66,7.70,24867905,191384320.00
2017/06/28,7.68,7.74,7.67,7.69,25155911,193994432.00
2017/06/29,7.70,7.72,7.65,7.69,24595993,188903808.00
2017/06/30,7.66,7.73,7.64,7.69,17653192,135454064.00
2017/07/03,7.70,7.74,7.67,7.74,19488606,150335664.00
2017/07/04,7.74,7.86,7.74,7.83,53288809,415761568.00
2017/07/05,7.82,7.83,7.78,7.81,20691776,161404368.00
2017/07/06,7.79,7.88,7.78,7.83,33832100,264855328.00
2017/07/07,7.81,7.84,7.78,7.80,18230510,142323872.00
2017/07/10,7.80,7.91,7.78,7.84,36944858,290356320.00
2017/07/11,7.84,7.90,7.82,7.84,28131084,221024064.00
2017/07/12,7.85,7.86,7.74,7.79,28920647,225680976.00
2017/07/13,7.79,7.89,7.77,7.89,43009209,337570208.00
2017/07/14,7.90,7.94,7.86,7.89,31718231,250266288.00
2017/07/17,7.88,8.14,7.78,8.13,127291134,1013330624.00
2017/07/18,8.05,8.12,7.99,8.06,80143891,644576896.00
2017/07/19,8.02,8.12,8.01,8.11,67786007,547149504.00
2017/07/20,8.09,8.14,8.07,8.11,43466345,352340544.00
2017/07/21,8.10,8.12,8.01,8.03,33842063,272853856.00
2017/07/24,8.00,8.06,7.99,8.01,30547021,244880112.00
2017/07/25,8.00,8.15,7.99,8.07,48473302,391642752.00
2017/07/26,8.10,8.19,8.07,8.19,64278572,523321888.00
2017/07/27,8.28,8.30,8.12,8.15,65010618,533083328.00
2017/07/28,8.12,8.14,8.03,8.10,43078100,347958080.00
2017/08/02,8.23,8.23,8.23,8.23,0,0.00
数据来源:通达信
