600522 中天科技 日线 前复权
      日期	    开盘	    最高	    最低	    收盘	    成交量	    成交额
2010/10/08,5.11,5.16,5.02,5.13,12155673,294131520.00
2010/10/11,5.14,5.26,5.04,5.07,9780667,238873488.00
2010/10/12,5.07,5.07,4.78,4.81,17943276,420091104.00
2010/10/13,4.82,4.91,4.68,4.90,10984496,251615360.00
2010/10/14,4.89,4.89,4.62,4.66,11414430,257642624.00
2010/10/15,4.66,4.75,4.53,4.60,11666701,257710736.00
2010/10/18,4.57,4.70,4.47,4.69,11283455,247389056.00
2010/10/19,4.66,4.87,4.64,4.84,13916076,316512320.00
2010/10/20,4.72,4.95,4.72,4.83,10502226,242054416.00
2010/10/21,4.84,4.90,4.78,4.86,7345236,169568688.00
2010/10/22,5.04,5.37,4.98,5.27,22683985,552462784.00
2010/10/25,5.34,5.60,5.34,5.45,24109898,625716352.00
2010/10/26,5.47,5.55,5.34,5.54,23436187,607382016.00
2010/10/27,5.54,5.82,5.50,5.63,24353273,652019008.00
2010/10/28,5.56,5.73,5.51,5.66,13204730,352370976.00
2010/10/29,5.63,5.90,5.60,5.84,15162480,414046400.00
2010/11/01,5.86,5.92,5.73,5.79,21127347,579363712.00
2010/11/02,5.79,5.90,5.56,5.57,16760999,454179360.00
2010/11/03,5.58,5.69,5.45,5.45,11473071,302949600.00
2010/11/04,5.43,5.74,5.43,5.70,14525484,384860832.00
2010/11/05,5.76,6.05,5.69,5.96,18947396,527766496.00
2010/11/08,5.93,6.15,5.84,5.90,14540788,409345760.00
2010/11/09,5.90,5.97,5.84,5.93,8443571,235934784.00
2010/11/10,5.92,6.12,5.89,5.98,8952024,254420320.00
2010/11/11,5.93,6.04,5.82,5.83,10248883,288718336.00
2010/11/12,5.77,5.82,5.24,5.29,13872685,363926464.00
2010/11/15,5.32,5.45,5.10,5.43,12526062,313812544.00
2010/11/16,5.40,5.67,5.32,5.40,13232822,342720288.00
2010/11/17,5.35,5.46,5.15,5.22,6753354,170650960.00
2010/11/18,5.30,5.35,5.11,5.27,5000479,124552592.00
2010/11/19,5.42,5.82,5.39,5.82,19759878,525910400.00
2010/11/22,5.86,6.42,5.86,6.14,32620452,948209216.00
2010/11/23,6.09,6.26,5.88,6.21,19704269,567217536.00
2010/11/24,6.19,6.42,6.09,6.38,18838005,554847232.00
2010/11/25,6.42,6.44,6.20,6.22,11139228,330980064.00
2010/11/26,6.22,6.32,6.13,6.14,7730145,225536752.00
2010/11/29,6.18,6.40,6.08,6.32,13375363,393080096.00
2010/11/30,6.27,6.35,5.78,6.03,14018081,398277120.00
2010/12/01,5.95,6.43,5.88,6.32,17255139,506158080.00
2010/12/02,6.38,6.83,6.38,6.58,25025908,773780736.00
2010/12/03,6.59,6.59,6.34,6.41,8545509,258952272.00
2010/12/06,6.40,6.57,6.13,6.20,9864455,292743232.00
2010/12/07,6.14,6.43,6.04,6.40,7098506,209460384.00
2010/12/08,6.38,6.39,6.23,6.23,5564799,165329040.00
2010/12/09,6.15,6.18,6.01,6.02,6175734,176826304.00
2010/12/10,5.96,6.22,5.93,6.22,6376365,184425184.00
2010/12/13,6.27,6.52,6.23,6.44,9298266,280847776.00
2010/12/14,6.48,6.63,6.42,6.51,8115191,248834592.00
2010/12/16,6.43,6.59,6.37,6.47,6011923,182956288.00
2010/12/17,6.49,6.73,6.43,6.69,11585187,360094944.00
2010/12/20,6.72,7.02,6.60,6.86,17326288,555019648.00
2010/12/21,6.84,6.97,6.69,6.89,8607984,275983136.00
2010/12/22,6.93,6.96,6.58,6.58,8792258,277218688.00
2010/12/23,6.56,6.64,6.37,6.44,7024253,214045808.00
2010/12/24,6.35,6.46,6.20,6.38,6138855,182495104.00
2010/12/27,6.41,6.60,6.06,6.14,8172073,244472736.00
2010/12/28,6.09,6.22,5.96,6.11,4912027,141128496.00
2010/12/29,6.12,6.46,6.11,6.46,7708070,229716720.00
2010/12/30,6.42,6.52,6.38,6.51,5609124,170291728.00
2010/12/31,6.51,6.61,6.41,6.56,7203035,220332848.00
2011/01/04,6.59,6.59,6.42,6.50,8989310,274191744.00
2011/01/05,6.48,6.48,6.30,6.35,6737540,201898992.00
2011/01/06,6.36,6.42,6.29,6.31,5458326,163417280.00
2011/01/07,6.34,6.35,6.17,6.23,5746103,169233664.00
2011/01/10,6.26,6.34,6.11,6.12,3862813,113405592.00
2011/01/11,6.05,6.13,5.82,5.93,7974101,225066720.00
2011/01/12,5.92,6.05,5.84,5.94,4446207,124687104.00
2011/01/13,6.02,6.02,5.92,5.93,3283237,92233328.00
2011/01/14,5.92,5.92,5.57,5.60,9777116,261568656.00
2011/01/17,5.59,5.59,5.33,5.37,5202382,133691680.00
2011/01/18,5.34,5.46,5.34,5.42,4031210,103684584.00
2011/01/19,5.42,5.69,5.40,5.63,6023821,158925728.00
2011/01/20,5.62,5.66,5.35,5.40,5788315,150931664.00
2011/01/21,5.39,5.56,5.36,5.45,4313248,111400848.00
2011/01/24,5.45,5.55,5.15,5.15,6278983,159347616.00
2011/01/25,5.16,5.20,5.00,5.10,4785332,115464424.00
2011/01/26,5.12,5.24,5.11,5.23,3847715,95083400.00
2011/01/27,5.17,5.41,5.15,5.40,5825907,147430432.00
2011/01/28,5.41,5.64,5.39,5.58,7077194,184936672.00
2011/01/31,5.57,5.68,5.51,5.64,5345924,141907120.00
2011/02/01,5.64,5.64,5.50,5.54,2949557,77592128.00
2011/02/09,5.49,5.85,5.46,5.66,6562281,176767312.00
2011/02/10,5.64,5.80,5.64,5.77,5532743,150403808.00
2011/02/11,5.79,5.94,5.72,5.88,5741687,159322800.00
2011/02/14,5.93,6.08,5.88,6.00,6947908,197088368.00
2011/02/15,5.99,6.01,5.88,5.88,6489458,181585472.00
2011/02/16,5.89,6.15,5.89,6.11,8547921,244384160.00
2011/02/17,6.25,6.53,6.20,6.20,19291732,573929792.00
2011/02/18,6.20,6.20,6.02,6.06,8381786,241155248.00
2011/02/21,6.04,6.44,6.03,6.43,10579411,313377632.00
2011/02/22,6.40,6.40,6.13,6.16,8798224,258611776.00
2011/02/23,6.13,6.24,6.11,6.24,4962252,144551392.00
2011/02/24,6.20,6.21,6.09,6.16,5448524,157874000.00
2011/02/25,6.13,6.24,6.06,6.14,4556919,132067920.00
2011/02/28,6.16,6.35,6.12,6.28,8163588,240852032.00
2011/03/01,6.31,6.32,6.17,6.20,6489149,190781792.00
2011/03/02,6.21,6.28,6.06,6.17,5863894,169858464.00
2011/03/03,6.20,6.22,5.93,5.94,5520780,158115984.00
2011/03/04,5.94,6.06,5.91,6.03,4392183,123864080.00
2011/03/07,6.03,6.08,5.98,6.03,7074137,201021280.00
2011/03/08,6.03,6.10,5.93,6.01,5913722,167398352.00
2011/03/09,6.01,6.28,6.00,6.25,11250808,326741408.00
2011/03/10,6.26,6.36,6.19,6.19,9587580,283440576.00
2011/03/11,6.15,6.24,6.10,6.12,5135116,149390784.00
2011/03/14,6.13,6.40,6.13,6.40,9317317,276973696.00
2011/03/15,6.40,6.41,6.15,6.31,6760130,199620080.00
2011/03/16,6.34,6.42,6.27,6.41,7835669,234450624.00
2011/03/17,6.35,6.35,6.07,6.08,9210023,269109152.00
2011/03/18,6.10,6.21,5.80,5.86,12860610,360344480.00
2011/03/21,5.86,5.92,5.62,5.67,9017252,244586272.00
2011/03/22,5.69,5.86,5.58,5.83,8120808,219165920.00
2011/03/23,5.78,5.94,5.76,5.91,8771416,243654640.00
2011/03/24,5.95,5.99,5.85,5.87,3766110,105136632.00
2011/03/25,5.87,5.90,5.75,5.77,8511363,233167744.00
2011/03/28,5.78,5.80,5.62,5.64,6545033,176498496.00
2011/03/29,5.64,5.74,5.60,5.61,4410046,118114264.00
2011/03/30,5.62,5.79,5.62,5.66,4725345,127463112.00
2011/03/31,5.72,5.74,5.50,5.53,4503357,119251248.00
2011/04/01,5.50,5.57,5.42,5.56,4268555,111129536.00
2011/04/06,5.51,5.54,5.26,5.33,10603885,268278016.00
2011/04/07,5.33,5.39,5.28,5.38,4611366,117095104.00
2011/04/11,5.48,5.51,5.35,5.38,6267309,161400560.00
2011/04/12,5.39,5.54,5.39,5.48,5378555,139438112.00
2011/04/13,5.48,5.64,5.42,5.64,6333431,166892288.00
2011/04/14,5.64,5.66,5.55,5.58,4199405,111402832.00
2011/04/15,5.69,5.75,5.62,5.73,8796273,237271536.00
2011/04/18,5.71,5.72,5.59,5.65,4833926,129392256.00
2011/04/19,5.59,5.60,5.39,5.41,5980524,154696640.00
2011/04/20,5.42,5.48,5.40,5.46,3150807,81287808.00
2011/04/21,5.33,5.33,4.89,4.99,20365867,489604096.00
2011/04/22,4.98,4.99,4.90,4.94,5080513,119682304.00
2011/04/25,4.95,5.01,4.79,5.00,8244227,192989216.00
2011/04/26,4.98,5.01,4.82,4.84,4627788,108039680.00
2011/04/27,4.94,5.13,4.91,4.97,7249129,172170640.00
2011/04/28,5.00,5.02,4.86,4.91,3205943,75100080.00
2011/04/29,4.91,4.96,4.87,4.96,3001418,70101072.00
2011/05/03,4.96,4.99,4.87,4.97,2823402,66051696.00
2011/05/04,4.97,4.97,4.76,4.81,3681003,84647016.00
2011/05/05,4.82,4.86,4.79,4.85,2081866,47836300.00
2011/05/06,4.79,4.91,4.77,4.90,2708194,62291252.00
2011/05/09,4.91,5.06,4.90,5.04,4531757,107676856.00
2011/05/10,5.07,5.15,5.04,5.10,8161984,197047328.00
2011/05/11,5.11,5.11,5.03,5.08,3800765,91167712.00
2011/05/12,5.04,5.06,4.96,5.01,3007161,71409568.00
2011/05/13,5.12,5.15,5.00,5.06,3288403,78981112.00
2011/05/16,5.03,5.08,4.98,5.03,2645713,63076352.00
2011/05/17,5.02,5.04,4.88,5.00,2955134,69794136.00
2011/05/18,4.98,5.05,4.96,5.05,2397034,56835392.00
2011/05/19,5.07,5.08,4.99,5.00,2229585,53220620.00
2011/05/20,4.98,5.00,4.91,4.93,1963954,46129080.00
2011/05/23,4.93,4.99,4.84,4.85,4081569,95182208.00
2011/05/24,4.85,4.86,4.79,4.85,3553705,81527872.00
2011/05/25,4.92,4.96,4.86,4.91,3337264,77921736.00
2011/05/26,4.97,5.06,4.92,4.92,3261093,77198352.00
2011/05/27,4.99,5.04,4.91,4.92,3746025,88408344.00
2011/05/30,4.92,4.92,4.63,4.71,3492817,78698816.00
2011/05/31,4.72,4.84,4.72,4.79,3465451,78889472.00
2011/06/01,4.81,4.97,4.77,4.96,3470331,80431776.00
2011/06/02,4.87,4.94,4.82,4.90,2802063,64819680.00
2011/06/03,4.89,5.03,4.88,4.99,3835114,90549888.00
2011/06/07,4.97,5.11,4.95,5.11,5525300,132223792.00
2011/06/08,5.17,5.20,5.02,5.09,5286329,127797096.00
2011/06/09,5.09,5.09,4.98,4.99,2889568,68732584.00
2011/06/10,4.94,5.13,4.84,5.08,4538393,107183776.00
2011/06/13,5.02,5.03,4.93,5.02,2542671,60022792.00
2011/06/14,5.02,5.08,4.98,5.04,4373829,104705376.00
2011/06/15,5.04,5.04,4.91,4.92,2491805,58849452.00
2011/06/16,4.86,4.88,4.79,4.79,2204932,50582468.00
2011/06/17,4.76,4.85,4.71,4.72,1618320,36776184.00
2011/06/20,4.71,4.76,4.66,4.67,1112227,24828432.00
2011/06/21,4.69,4.74,4.66,4.73,1873811,41881012.00
2011/06/22,4.73,4.76,4.68,4.71,1607896,36048596.00
2011/06/23,4.70,4.84,4.63,4.82,2386381,54009924.00
2011/06/24,4.80,4.94,4.75,4.94,4011898,93071232.00
2011/06/27,4.91,5.05,4.91,5.03,4803853,114012392.00
2011/06/28,4.99,5.05,4.92,5.02,2446582,57672812.00
2011/06/29,5.01,5.06,4.94,4.99,3824222,90693008.00
2011/06/30,4.98,5.03,4.96,4.98,3356783,79417568.00
2011/07/01,5.09,5.09,4.96,4.96,3429933,81812840.00
2011/07/04,4.98,5.12,4.94,5.12,8040798,191927824.00
2011/07/05,5.12,5.22,5.05,5.21,10761513,262392416.00
2011/07/06,5.18,5.31,5.14,5.28,9268339,229474608.00
2011/07/07,5.24,5.41,5.24,5.34,9374683,236445040.00
2011/07/08,5.30,5.41,5.27,5.40,8790795,222673248.00
2011/07/11,5.45,5.45,5.34,5.44,6695487,170819824.00
2011/07/12,5.35,5.42,5.26,5.31,5003640,125733232.00
2011/07/13,5.24,5.33,5.22,5.28,5997555,149694544.00
2011/07/14,5.24,5.28,5.09,5.13,18080516,440131808.00
2011/07/21,5.04,5.04,4.91,4.91,8540996,200615520.00
2011/07/22,4.92,4.97,4.89,4.94,3574731,83511056.00
2011/07/25,4.91,4.99,4.68,4.74,7344719,168231440.00
2011/07/26,4.73,4.78,4.70,4.76,3651301,82254240.00
2011/07/27,4.75,4.86,4.71,4.84,5207422,118618768.00
2011/07/28,4.81,4.89,4.77,4.87,4122397,94753200.00
2011/07/29,4.88,4.90,4.76,4.77,4614207,105302344.00
2011/08/01,4.77,4.83,4.66,4.79,4911716,110915824.00
2011/08/02,4.75,4.75,4.49,4.54,10492589,228186688.00
2011/08/03,4.50,4.54,4.44,4.45,9268604,198084448.00
2011/08/04,4.48,4.53,4.45,4.51,4507619,96597128.00
2011/08/05,4.33,4.50,4.30,4.48,4759764,100443216.00
2011/08/08,4.40,4.50,4.22,4.28,5980259,124079176.00
2011/08/09,4.15,4.38,4.11,4.30,4824863,97660944.00
2011/08/10,4.39,4.42,4.29,4.30,6872096,143098496.00
2011/08/11,4.20,4.49,4.19,4.47,8968957,187692704.00
2011/08/12,4.49,4.58,4.46,4.50,6449870,138892704.00
2011/08/15,4.51,4.62,4.44,4.57,8067125,174527136.00
2011/08/16,4.56,4.60,4.48,4.50,6589011,142857776.00
2011/08/17,4.50,4.52,4.44,4.45,4126963,87848880.00
2011/08/19,4.31,4.37,4.29,4.34,3924656,81090576.00
2011/08/22,4.34,4.38,4.30,4.35,3905255,81074992.00
2011/08/23,4.36,4.46,4.33,4.44,4994741,104576512.00
2011/08/24,4.47,4.48,4.38,4.40,4148779,87903688.00
2011/08/25,4.41,4.61,4.40,4.55,9622076,206791296.00
2011/08/26,4.50,4.57,4.48,4.52,6322862,136269232.00
2011/08/29,4.49,4.56,4.48,4.51,4240591,91504376.00
2011/08/30,4.53,4.56,4.42,4.43,4312337,92641288.00
2011/08/31,4.43,4.43,4.31,4.35,3271401,68203952.00
2011/09/01,4.35,4.39,4.30,4.32,3958701,81897720.00
2011/09/02,4.28,4.33,4.18,4.21,3259190,65991056.00
2011/09/05,4.15,4.16,4.08,4.09,2403023,47506224.00
2011/09/06,4.05,4.12,4.04,4.06,2519473,49128396.00
2011/09/07,4.12,4.26,4.07,4.22,4894220,97304784.00
2011/09/08,4.22,4.23,4.10,4.10,2776769,55392644.00
2011/09/09,4.08,4.16,4.08,4.10,1719138,33880856.00
2011/09/13,4.04,4.08,3.99,4.05,2333230,45051852.00
2011/09/14,4.07,4.15,4.04,4.14,4200637,82871920.00
2011/09/15,4.15,4.17,4.11,4.14,2249154,44642308.00
2011/09/16,4.15,4.25,4.14,4.14,2264160,45155240.00
2011/09/19,4.12,4.12,4.02,4.02,2015243,39198384.00
2011/09/20,3.96,4.08,3.96,4.04,1766487,34139416.00
2011/09/21,4.04,4.19,4.02,4.17,4196507,83189776.00
2011/09/22,4.13,4.15,3.97,3.97,3262029,63552116.00
2011/09/23,3.92,3.95,3.86,3.93,4560311,85546248.00
2011/09/26,3.91,3.95,3.82,3.85,1903144,35559208.00
2011/09/27,3.88,3.92,3.85,3.89,1984055,37077728.00
2011/09/28,3.92,3.93,3.80,3.80,1984517,36855172.00
2011/09/29,3.80,3.80,3.71,3.71,2430475,43836132.00
2011/09/30,3.72,3.77,3.64,3.69,3033235,54142592.00
2011/10/10,3.71,3.77,3.68,3.70,1797412,32265044.00
2011/10/11,3.82,3.84,3.53,3.70,3298037,59718252.00
2011/10/12,3.64,3.82,3.63,3.82,2997474,54561592.00
2011/10/13,3.82,3.90,3.78,3.86,5100502,94469248.00
2011/10/14,3.84,3.88,3.77,3.79,2787634,51080856.00
2011/10/17,3.79,3.84,3.79,3.83,3139499,57750848.00
2011/10/18,3.80,3.83,3.66,3.66,2990010,54047596.00
2011/10/19,3.68,3.72,3.63,3.65,1950066,34527188.00
2011/10/20,3.62,3.64,3.44,3.46,5038281,85554048.00
2011/10/21,3.45,3.49,3.40,3.43,1771611,29513268.00
2011/10/24,3.46,3.53,3.39,3.51,2508731,42408604.00
2011/10/25,3.54,3.63,3.51,3.62,3402020,58920900.00
2011/10/26,3.58,3.70,3.53,3.64,9010423,158016896.00
2011/10/27,3.65,3.69,3.61,3.63,4903314,86474888.00
2011/10/28,3.68,3.70,3.64,3.70,5502038,97518608.00
2011/10/31,3.69,3.76,3.68,3.72,3781202,67926200.00
2011/11/01,3.68,3.78,3.67,3.71,4338550,77783848.00
2011/11/02,3.64,3.90,3.61,3.88,10492624,191153728.00
2011/11/03,3.91,4.01,3.88,3.92,11492921,218400000.00
2011/11/04,3.95,4.00,3.91,3.93,6636572,125994936.00
2011/11/07,3.95,3.98,3.90,3.91,4053905,76643944.00
2011/11/08,3.91,3.93,3.79,3.79,5287303,97933256.00
2011/11/09,3.82,3.90,3.76,3.89,3664631,67575120.00
2011/11/10,3.84,3.87,3.78,3.79,4185678,77195552.00
2011/11/11,3.80,3.83,3.75,3.77,3255201,59465488.00
2011/11/14,3.82,3.92,3.81,3.90,5097270,95162248.00
2011/11/15,3.90,3.93,3.86,3.92,4732958,88755264.00
2011/11/16,3.93,3.95,3.78,3.81,5315452,98591448.00
2011/11/17,3.81,3.86,3.78,3.81,3360833,61791176.00
2011/11/18,3.81,3.81,3.62,3.70,4067527,72704112.00
2011/11/21,3.69,3.72,3.64,3.69,1552640,27611162.00
2011/11/22,3.66,3.71,3.62,3.70,1882827,33343392.00
2011/11/23,3.70,3.77,3.67,3.70,2756920,49267152.00
2011/11/24,3.67,3.69,3.60,3.66,2518190,44309428.00
2011/11/25,3.65,3.69,3.61,3.66,1816330,32037044.00
2011/11/28,3.65,3.68,3.58,3.62,2257846,39600864.00
2011/11/29,3.66,3.68,3.62,3.68,2794651,49378380.00
2011/11/30,3.68,3.68,3.44,3.46,4359214,74790256.00
2011/12/01,3.57,3.61,3.51,3.53,6270547,107988056.00
2011/12/02,3.49,3.52,3.41,3.43,3311299,55335176.00
2011/12/05,3.43,3.44,3.32,3.36,2876439,46849936.00
2011/12/06,3.36,3.40,3.33,3.39,1992182,32600178.00
2011/12/07,3.38,3.40,3.35,3.39,1376368,22622576.00
2011/12/09,3.33,3.39,3.32,3.32,1563767,25411920.00
2011/12/12,3.33,3.35,3.30,3.32,1409524,22822210.00
2011/12/13,3.31,3.32,3.22,3.24,2297233,36404160.00
2011/12/14,3.26,3.30,3.20,3.21,1474248,23387168.00
2011/12/15,3.20,3.26,3.14,3.15,1894654,29495096.00
2011/12/16,3.16,3.28,3.16,3.26,1887449,29526408.00
2011/12/19,3.22,3.36,3.21,3.34,5244133,84196160.00
2011/12/20,3.32,3.40,3.29,3.30,3294474,53519116.00
2011/12/21,3.36,3.37,3.21,3.22,3569908,57538912.00
2011/12/22,3.20,3.24,3.08,3.14,4903808,75174088.00
2011/12/23,3.13,3.21,3.13,3.17,2685850,41583328.00
2011/12/26,3.19,3.28,3.18,3.21,3429258,54049740.00
2011/12/27,3.22,3.22,3.13,3.14,2630759,40703612.00
2011/12/28,3.18,3.18,3.05,3.15,3456479,52722188.00
2011/12/29,3.14,3.24,3.10,3.21,5150770,80275960.00
2011/12/30,3.24,3.30,3.21,3.28,6336740,100681360.00
2012/01/04,3.32,3.35,3.22,3.23,5548018,89124776.00
2012/01/05,3.22,3.22,3.04,3.05,3629730,55726496.00
2012/01/06,3.06,3.15,3.02,3.13,3073637,46325756.00
2012/01/09,3.12,3.32,3.11,3.31,6378950,101227208.00
2012/01/10,3.31,3.42,3.28,3.40,8580907,140094400.00
2012/01/11,3.40,3.46,3.38,3.40,8079588,134129328.00
2012/01/12,3.38,3.43,3.36,3.40,4996116,82517208.00
2012/01/13,3.40,3.42,3.24,3.25,6370583,102328320.00
2012/01/16,3.24,3.29,3.20,3.22,2997530,47502464.00
2012/01/17,3.23,3.45,3.23,3.44,6427479,104813968.00
2012/01/18,3.44,3.49,3.36,3.42,6661583,111224240.00
2012/01/19,3.42,3.47,3.37,3.44,4690522,77912944.00
2012/01/20,3.44,3.53,3.44,3.52,5654544,95701088.00
2012/01/30,3.52,3.53,3.47,3.49,4284841,72669584.00
2012/01/31,3.48,3.50,3.43,3.50,2927323,49276720.00
2012/02/01,3.49,3.53,3.43,3.44,4046209,68320320.00
2012/02/02,3.45,3.58,3.43,3.57,6232145,105957384.00
2012/02/03,3.58,3.72,3.58,3.68,11626973,205687920.00
2012/02/06,3.69,3.76,3.65,3.71,9548644,170674016.00
2012/02/07,3.68,3.72,3.60,3.68,6681380,118456256.00
2012/02/08,3.69,3.82,3.67,3.80,9855159,178709840.00
2012/02/09,3.79,3.83,3.77,3.79,7141677,130766416.00
2012/02/10,3.79,3.86,3.77,3.79,5896605,108345768.00
2012/02/13,3.76,3.85,3.73,3.83,6847514,125508360.00
2012/02/14,3.83,3.97,3.81,3.88,7976432,149489264.00
2012/02/15,3.88,3.98,3.86,3.96,7654067,145211120.00
2012/02/16,3.97,4.00,3.88,3.94,7350591,138782672.00
2012/02/17,3.95,4.05,3.92,3.96,7942765,151593424.00
2012/02/20,4.03,4.22,4.00,4.09,16599009,326727840.00
2012/02/21,4.08,4.14,3.93,4.06,14533351,280678688.00
2012/02/22,4.04,4.27,4.00,4.26,19897639,393881120.00
2012/02/23,4.09,4.15,4.05,4.06,30511494,599323840.00
2012/02/24,4.06,4.07,3.96,4.02,17519076,336680448.00
2012/02/27,4.02,4.07,3.98,3.98,13145672,254253744.00
2012/02/28,3.96,4.01,3.91,3.98,8792366,167621136.00
2012/02/29,3.97,4.00,3.95,3.96,5531243,105585848.00
2012/03/01,3.94,4.04,3.93,4.01,5966362,114652280.00
2012/03/02,4.06,4.11,4.04,4.07,10930172,213847360.00
2012/03/05,4.09,4.10,4.00,4.00,9491738,183950384.00
2012/03/06,3.99,4.01,3.89,3.92,7836017,148076704.00
2012/03/07,3.86,3.99,3.85,3.92,6969253,132038416.00
2012/03/08,3.99,4.07,3.99,4.07,13777343,267357856.00
2012/03/09,4.10,4.16,4.08,4.13,12398635,244535840.00
2012/03/12,4.16,4.22,4.13,4.20,11154758,223144112.00
2012/03/13,4.21,4.22,4.14,4.21,8902357,178674624.00
2012/03/14,4.22,4.24,3.96,3.98,10688763,210922800.00
2012/03/15,3.97,4.04,3.92,3.98,6551256,125585744.00
2012/03/19,4.06,4.08,3.99,4.06,6660189,129198128.00
2012/03/20,4.04,4.04,3.89,3.91,5258952,100416608.00
2012/03/21,3.94,3.97,3.85,3.88,4596949,86121072.00
2012/03/22,3.91,3.99,3.89,3.96,4496050,85398928.00
2012/03/23,3.95,3.95,3.85,3.88,4789571,89520536.00
2012/03/26,3.91,3.95,3.88,3.90,4051343,76313560.00
2012/03/27,3.94,3.97,3.90,3.92,3134467,59301840.00
2012/03/28,3.91,3.92,3.74,3.75,5069820,93454792.00
2012/03/29,3.74,3.76,3.64,3.70,3744358,66865076.00
2012/03/30,3.71,3.76,3.62,3.64,2499927,44307160.00
2012/04/05,3.67,3.84,3.65,3.83,4272377,77690200.00
2012/04/06,3.84,3.95,3.80,3.88,3837422,71851792.00
2012/04/09,3.85,3.90,3.80,3.81,2678855,49695480.00
2012/04/10,3.78,3.86,3.70,3.86,2932762,53435528.00
2012/04/11,3.81,3.88,3.76,3.86,2014659,37279396.00
2012/04/12,3.86,3.94,3.85,3.94,4105865,77149680.00
2012/04/13,3.94,3.96,3.89,3.93,3240414,61168476.00
2012/04/16,3.90,3.91,3.86,3.88,2285782,42695156.00
2012/04/17,3.88,3.90,3.79,3.79,3138550,57957872.00
2012/04/18,3.81,3.91,3.79,3.90,3440798,64050868.00
2012/04/19,3.90,3.92,3.88,3.91,2101619,39400564.00
2012/04/20,3.90,4.00,3.87,3.99,4577664,86837688.00
2012/04/23,3.98,3.98,3.91,3.92,4399504,83179536.00
2012/04/24,3.89,3.94,3.79,3.85,3340578,61945032.00
2012/04/25,3.88,3.92,3.83,3.91,2599874,48509888.00
2012/04/26,3.92,3.94,3.86,3.88,2354273,44109608.00
2012/04/27,3.88,3.88,3.83,3.84,1938965,35944888.00
2012/05/02,3.90,4.02,3.88,4.00,5470085,104202816.00
2012/05/03,3.99,4.02,3.97,4.01,3070568,58960552.00
2012/05/04,4.04,4.07,4.00,4.07,5259469,102069712.00
2012/05/07,4.12,4.23,4.12,4.15,11131183,222105632.00
2012/05/08,4.15,4.21,4.13,4.16,6190709,123362960.00
2012/05/09,4.11,4.13,4.00,4.00,6502158,126630752.00
2012/05/10,4.05,4.13,4.00,4.00,5383720,57654592.00
2012/05/11,3.96,3.96,3.86,3.86,7020574,72331864.00
2012/05/14,3.88,3.92,3.80,3.82,5158617,52576592.00
2012/05/15,3.79,3.88,3.76,3.88,3820080,38763568.00
2012/05/16,3.87,3.89,3.79,3.79,3317524,33637640.00
2012/05/17,3.84,3.88,3.80,3.85,3463133,35258940.00
2012/05/18,3.85,3.85,3.68,3.71,7186203,71538848.00
2012/05/21,3.71,3.75,3.70,3.72,2995688,29559608.00
2012/05/22,3.74,3.82,3.74,3.80,4247941,42678768.00
2012/05/23,3.79,3.81,3.70,3.74,4028735,39962824.00
2012/05/24,3.78,3.85,3.77,3.80,5307312,53491184.00
2012/05/25,3.78,3.90,3.78,3.82,6287611,63800012.00
2012/05/28,3.78,3.86,3.71,3.84,5929636,59218412.00
2012/05/29,3.85,3.88,3.79,3.86,6767067,68880576.00
2012/05/30,3.85,3.88,3.83,3.86,4591273,46879236.00
2012/05/31,3.83,3.96,3.82,3.94,15462534,159910848.00
2012/06/01,3.91,3.96,3.86,3.87,7290904,75368528.00
2012/06/04,3.78,3.78,3.68,3.68,7251242,71795784.00
2012/06/05,3.71,3.73,3.65,3.66,3939984,38432948.00
2012/06/07,3.72,3.74,3.58,3.60,3880869,37714544.00
2012/06/08,3.66,3.66,3.54,3.54,4389326,41735244.00
2012/06/11,3.57,3.62,3.51,3.61,5735134,54394928.00
2012/06/12,3.58,3.58,3.50,3.51,3957012,37210136.00
2012/06/13,3.54,3.54,3.45,3.52,11257498,104426968.00
2012/06/14,3.50,3.51,3.44,3.46,10736910,98992784.00
2012/06/15,3.47,3.48,3.41,3.45,5710454,52347412.00
2012/06/18,3.47,3.51,3.46,3.49,5361506,49807888.00
2012/06/19,3.48,3.51,3.47,3.48,3980772,36959628.00
2012/06/20,3.49,3.51,3.47,3.49,3707068,34444544.00
2012/06/21,3.48,3.48,3.40,3.42,4047732,36957008.00
2012/06/25,3.39,3.41,3.27,3.27,4328380,38449920.00
2012/06/26,3.26,3.26,3.13,3.21,5730611,48878072.00
2012/06/27,3.21,3.23,3.16,3.17,3452399,29496466.00
2012/06/28,3.20,3.25,3.14,3.14,4534386,38928472.00
2012/06/29,3.12,3.20,3.10,3.19,4409558,37165060.00
2012/07/02,3.22,3.23,3.18,3.20,3945022,33852664.00
2012/07/03,3.19,3.24,3.17,3.18,4090766,35000776.00
2012/07/04,3.21,3.21,3.14,3.16,2762474,23482028.00
2012/07/05,3.16,3.16,3.02,3.02,5035443,41252164.00
2012/07/06,3.05,3.10,2.98,3.09,5272982,43033268.00
2012/07/09,3.06,3.08,2.98,2.98,4604809,37400912.00
2012/07/10,2.97,2.98,2.90,2.93,4409345,34794652.00
2012/07/11,2.92,2.97,2.91,2.96,2318308,18378140.00
2012/07/12,2.96,3.07,2.96,3.05,4765011,38595744.00
2012/07/13,3.03,3.08,3.02,3.03,3110558,25427262.00
2012/07/16,3.02,3.04,2.84,2.84,5557256,43603608.00
2012/07/17,2.84,2.90,2.82,2.88,3916917,30193412.00
2012/07/18,2.89,2.99,2.88,2.97,6078603,48153484.00
2012/07/19,2.96,3.06,2.94,3.02,6269892,50820920.00
2012/07/20,3.02,3.03,2.98,2.98,3285646,26512228.00
2012/07/23,2.97,2.97,2.86,2.92,3022205,23787700.00
2012/07/24,2.90,3.02,2.90,3.00,4129835,32978552.00
2012/07/25,2.98,3.01,2.93,2.94,2842122,22688308.00
2012/07/26,2.96,3.00,2.92,2.94,3139475,25020596.00
2012/07/27,2.98,2.99,2.94,2.96,2875778,22889768.00
2012/07/30,2.96,2.99,2.89,2.91,2500509,19796350.00
2012/07/31,2.91,2.92,2.86,2.87,1864284,14478076.00
2012/08/01,2.88,2.97,2.88,2.96,2490392,19676464.00
2012/08/02,2.95,2.98,2.92,2.94,2310347,18342378.00
2012/08/03,2.98,3.02,2.94,3.02,3986740,31997612.00
2012/08/06,3.02,3.16,3.00,3.15,8186700,67819064.00
2012/08/07,3.14,3.16,3.09,3.12,6717931,56141620.00
2012/08/08,3.14,3.20,3.08,3.18,9537844,80629392.00
2012/08/09,3.16,3.20,3.13,3.20,6898740,58488364.00
2012/08/10,3.18,3.20,3.13,3.14,4546237,38385288.00
2012/08/13,3.14,3.16,3.07,3.07,4835370,40285424.00
2012/08/14,3.05,3.12,3.02,3.12,4553238,37357244.00
2012/08/15,3.12,3.12,3.02,3.03,4876632,39912384.00
2012/08/16,3.04,3.05,2.98,2.99,3573293,28930592.00
2012/08/17,2.99,3.00,2.93,2.97,4365108,34689272.00
2012/08/20,2.95,2.97,2.90,2.94,3817802,29999062.00
2012/08/21,2.94,3.02,2.94,3.02,4620145,37189728.00
2012/08/22,3.01,3.02,2.93,2.95,4831415,38537948.00
2012/08/23,2.95,3.05,2.95,3.05,5870665,47417652.00
2012/08/24,3.03,3.15,3.02,3.08,13143067,109351696.00
2012/08/27,3.07,3.09,3.02,3.05,5330924,43697896.00
2012/08/28,3.04,3.07,2.98,3.04,6887669,55976600.00
2012/08/29,3.02,3.16,3.01,3.09,8679079,72105344.00
2012/08/30,3.10,3.15,3.00,3.10,8725895,72466160.00
2012/08/31,3.11,3.18,3.10,3.18,9575068,80935408.00
2012/09/03,3.16,3.22,3.13,3.18,9204568,78332840.00
2012/09/04,3.18,3.20,3.08,3.09,8819784,73975800.00
2012/09/05,3.08,3.19,3.06,3.16,7801806,65267564.00
2012/09/06,3.18,3.25,3.15,3.23,9897160,84844024.00
2012/09/07,3.28,3.38,3.24,3.33,17344145,154038656.00
2012/09/10,3.34,3.43,3.33,3.37,14412442,130032208.00
2012/09/11,3.34,3.40,3.32,3.34,8564069,76592560.00
2012/09/12,3.38,3.40,3.29,3.35,8143809,72318352.00
2012/09/13,3.34,3.38,3.32,3.32,7016686,62676576.00
2012/09/14,3.38,3.41,3.28,3.32,7580456,67364304.00
2012/09/17,3.28,3.31,3.17,3.18,8381644,72095576.00
2012/09/18,3.16,3.22,3.14,3.14,5276787,44913256.00
2012/09/19,3.19,3.27,3.16,3.27,8478824,73245264.00
2012/09/20,3.26,3.27,3.12,3.13,7099597,60992308.00
2012/09/21,3.14,3.20,3.11,3.12,4775820,40305972.00
2012/09/24,3.08,3.14,3.05,3.12,4624542,38350344.00
2012/09/25,3.08,3.12,3.04,3.04,5605735,46114416.00
2012/09/26,3.04,3.07,2.96,2.97,4210506,33914584.00
2012/09/27,2.92,3.07,2.92,3.04,5728094,46148980.00
2012/09/28,3.02,3.10,3.00,3.09,4532951,37126440.00
2012/10/08,3.09,3.11,3.04,3.06,3148757,25906324.00
2012/10/09,3.05,3.15,3.05,3.14,6046532,50553632.00
2012/10/10,3.15,3.17,3.13,3.17,4632422,39119228.00
2012/10/11,3.16,3.16,3.08,3.08,4711530,39329336.00
2012/10/12,3.08,3.14,3.02,3.06,3398752,27997880.00
2012/10/15,3.07,3.08,3.00,3.03,3032558,24654788.00
2012/10/16,3.03,3.08,3.01,3.06,3691629,30189052.00
2012/10/17,3.06,3.08,3.01,3.05,2075506,16949592.00
2012/10/18,3.05,3.14,3.04,3.11,4417273,36693808.00
2012/10/19,3.11,3.13,3.09,3.12,2774988,23139336.00
2012/10/22,3.10,3.13,3.06,3.11,3583162,29759100.00
2012/10/23,3.12,3.12,3.06,3.06,3095448,25690284.00
2012/10/24,3.06,3.20,3.06,3.16,11011941,92906136.00
2012/10/25,3.17,3.21,3.08,3.09,5905903,49557884.00
2012/10/26,3.11,3.11,3.00,3.02,4655072,37945032.00
2012/10/29,3.02,3.04,2.98,3.01,2189093,17685328.00
2012/10/30,3.02,3.04,3.00,3.01,1836666,14878060.00
2012/10/31,3.01,3.02,2.97,3.01,2966217,23884674.00
2012/11/01,3.02,3.07,3.02,3.06,3689558,30220878.00
2012/11/02,3.08,3.08,3.03,3.07,3864336,31706612.00
2012/11/05,3.07,3.08,3.04,3.05,3051822,25028354.00
2012/11/06,3.06,3.06,2.98,3.00,4008493,32320356.00
2012/11/07,3.01,3.03,2.99,3.01,2234305,18060964.00
2012/11/08,2.98,2.98,2.88,2.89,4447419,35184740.00
2012/11/09,2.90,2.91,2.82,2.85,3532132,27165938.00
2012/11/12,2.86,2.88,2.84,2.88,2073248,16013047.00
2012/11/13,2.88,2.88,2.74,2.79,5333618,40315400.00
2012/11/14,2.78,2.79,2.71,2.76,2875324,21389828.00
2012/11/15,2.74,2.76,2.69,2.70,1656889,12214102.00
2012/11/16,2.70,2.70,2.66,2.67,2394283,17342108.00
2012/11/19,2.68,2.72,2.66,2.72,2212490,16107426.00
2012/11/20,2.74,2.75,2.71,2.72,1791636,13206208.00
2012/11/21,2.72,2.75,2.66,2.75,3106560,22774968.00
2012/11/22,2.72,2.73,2.68,2.69,1598473,11719614.00
2012/11/23,2.71,2.74,2.68,2.72,1741622,12808664.00
2012/11/26,2.73,2.74,2.69,2.70,1363704,10029044.00
2012/11/27,2.66,2.69,2.58,2.58,2781728,19768984.00
2012/11/28,2.57,2.57,2.50,2.52,2293431,15805245.00
2012/11/29,2.53,2.54,2.46,2.47,1934996,13188821.00
2012/11/30,2.47,2.52,2.46,2.50,2263433,15360756.00
2012/12/03,2.48,2.51,2.42,2.43,2353731,15814351.00
2012/12/04,2.42,2.58,2.39,2.56,5599821,38129300.00
2012/12/05,2.56,2.70,2.53,2.66,7171615,51345128.00
2012/12/06,2.66,2.70,2.64,2.69,3913818,28267170.00
2012/12/07,2.69,2.84,2.67,2.79,11062854,82592128.00
2012/12/10,2.81,2.96,2.79,2.85,15364388,118173608.00
2012/12/11,2.83,2.91,2.80,2.86,12867481,99547832.00
2012/12/12,2.86,2.94,2.81,2.87,10449419,80734016.00
2012/12/13,2.86,2.86,2.78,2.80,5770146,43813648.00
2012/12/14,2.80,2.95,2.80,2.94,15605828,121839016.00
2012/12/17,2.95,2.99,2.90,2.93,15956154,126198824.00
2012/12/18,2.94,3.01,2.88,2.95,19735303,155606880.00
2012/12/19,2.94,2.98,2.90,2.91,10066676,79489872.00
2012/12/20,2.90,2.90,2.80,2.85,16374254,125631344.00
2012/12/21,2.85,2.88,2.80,2.82,11454869,87562336.00
2012/12/24,2.81,2.83,2.80,2.82,9060028,68848816.00
2012/12/25,2.82,2.90,2.77,2.90,23072555,177290608.00
2012/12/26,2.89,2.96,2.88,2.94,14789560,116367304.00
2012/12/27,2.92,2.94,2.86,2.86,15414235,120111632.00
2012/12/28,2.84,2.87,2.82,2.86,8708939,66881528.00
2012/12/31,2.88,2.95,2.85,2.93,12449054,97261768.00
2013/01/04,2.98,2.99,2.92,2.95,16884916,134201552.00
2013/01/07,2.95,3.06,2.94,3.06,22277569,180769712.00
2013/01/08,3.08,3.33,3.06,3.21,39790057,339507136.00
2013/01/09,3.17,3.27,3.12,3.23,26256885,224249504.00
2013/01/10,3.20,3.24,3.13,3.17,14452995,122901392.00
2013/01/11,3.15,3.22,3.04,3.06,16283525,135839712.00
2013/01/14,3.05,3.20,3.04,3.18,16588878,139346624.00
2013/01/15,3.18,3.25,3.18,3.23,18885151,162362272.00
2013/01/16,3.23,3.26,3.14,3.19,12258261,104544752.00
2013/01/17,3.28,3.38,3.19,3.21,19523249,170526048.00
2013/01/18,3.18,3.27,3.18,3.22,11429723,98292504.00
2013/01/21,3.28,3.37,3.27,3.32,18439558,163116144.00
2013/01/22,3.33,3.33,3.16,3.20,15443236,133617240.00
2013/01/23,3.18,3.22,3.10,3.19,9664385,81821008.00
2013/01/24,3.17,3.23,3.06,3.10,11815000,99567944.00
2013/01/25,3.10,3.12,3.08,3.10,5031546,41813304.00
2013/01/28,3.12,3.20,3.11,3.20,9646265,81776624.00
2013/01/29,3.20,3.23,3.17,3.20,9978202,85475056.00
2013/01/30,3.20,3.21,3.14,3.17,8693108,73606152.00
2013/01/31,3.16,3.19,3.14,3.18,5618638,47656948.00
2013/02/01,3.17,3.23,3.15,3.21,8615472,73880824.00
2013/02/04,3.23,3.26,3.16,3.17,9267327,79210520.00
2013/02/05,3.16,3.16,3.09,3.14,13418850,112035120.00
2013/02/06,3.14,3.17,3.13,3.16,9546786,80408400.00
2013/02/07,3.16,3.17,3.13,3.14,7625497,64127080.00
2013/02/08,3.14,3.28,3.13,3.27,17290244,149061296.00
2013/02/18,3.30,3.31,3.23,3.27,12516183,109342848.00
2013/02/19,3.26,3.29,3.20,3.21,9472749,82063000.00
2013/02/20,3.20,3.30,3.19,3.30,12608220,109633128.00
2013/02/21,3.27,3.32,3.20,3.28,17422032,151795680.00
2013/02/22,3.26,3.42,3.26,3.37,25588216,228717552.00
2013/02/25,3.38,3.40,3.32,3.38,14739343,132402624.00
2013/02/26,3.35,3.44,3.25,3.28,19576078,175408352.00
2013/02/27,3.30,3.35,3.23,3.29,9151764,80369792.00
2013/02/28,3.30,3.39,3.26,3.37,12548897,111765800.00
2013/03/01,3.37,3.52,3.35,3.50,26555836,244667184.00
2013/03/04,3.47,3.56,3.39,3.42,23215772,214366016.00
2013/03/05,3.44,3.58,3.41,3.58,21251402,197682528.00
2013/03/06,3.59,3.75,3.54,3.64,32738480,317518144.00
2013/03/07,3.64,3.72,3.46,3.52,25437021,243642560.00
2013/03/08,3.52,3.60,3.46,3.51,12626136,118021504.00
2013/03/11,3.51,3.53,3.47,3.50,8508564,79150064.00
2013/03/12,3.50,3.52,3.28,3.31,25116268,225576336.00
2013/03/13,3.30,3.30,3.11,3.20,16227880,138542032.00
2013/03/14,3.19,3.24,3.17,3.22,7712361,66134752.00
2013/03/15,3.23,3.57,3.22,3.42,37299873,339062432.00
2013/03/18,3.42,3.51,3.34,3.42,15844089,144786720.00
2013/03/19,3.42,3.48,3.37,3.46,14400801,131914144.00
2013/03/20,3.46,3.52,3.40,3.52,18560567,171472640.00
2013/03/21,3.48,3.54,3.43,3.48,18928359,175589344.00
2013/03/22,3.46,3.55,3.44,3.48,14184465,131768360.00
2013/03/25,3.48,3.50,3.38,3.41,11709788,106483920.00
2013/03/26,3.39,3.44,3.33,3.43,9705482,87537232.00
2013/03/27,3.43,3.53,3.42,3.45,11367976,105088672.00
2013/03/28,3.41,3.54,3.38,3.40,20325414,187902432.00
2013/03/29,3.42,3.44,3.32,3.33,13039230,117301952.00
2013/04/01,3.32,3.42,3.32,3.36,7572984,68167280.00
2013/04/02,3.44,3.66,3.44,3.50,33026657,310435456.00
2013/04/03,3.54,3.56,3.43,3.45,12174230,112754392.00
2013/04/08,3.40,3.53,3.30,3.53,15375611,139908032.00
2013/04/09,3.53,3.61,3.49,3.60,19450469,183700080.00
2013/04/10,3.59,3.66,3.57,3.62,20443572,196752688.00
2013/04/11,3.63,3.64,3.51,3.52,12675539,120171832.00
2013/04/12,3.53,3.56,3.46,3.49,8304834,77330976.00
2013/04/15,3.47,3.54,3.44,3.51,8814213,81919536.00
2013/04/16,3.47,3.48,3.40,3.45,12703153,116364816.00
2013/04/17,3.43,3.53,3.42,3.52,11232373,104099288.00
2013/04/18,3.52,3.60,3.50,3.57,16500649,156287424.00
2013/04/19,3.54,3.71,3.54,3.67,24702417,239562832.00
2013/04/22,3.68,3.75,3.64,3.72,19994415,196031488.00
2013/04/23,3.72,3.74,3.50,3.52,21535506,205991504.00
2013/04/24,3.52,3.85,3.52,3.82,37282310,369638528.00
2013/04/25,3.78,3.97,3.75,3.83,44675288,457379360.00
2013/04/26,3.78,3.88,3.73,3.74,22107118,221230848.00
2013/05/02,3.67,3.92,3.66,3.90,21041402,213278176.00
2013/05/03,3.92,4.00,3.86,3.88,25097862,260893808.00
2013/05/06,3.88,4.04,3.88,4.01,23398449,246952064.00
2013/05/07,3.98,4.04,3.94,4.01,16046267,168544352.00
2013/05/08,4.03,4.08,3.86,3.92,30404696,315940512.00
2013/05/09,3.92,4.13,3.88,4.13,33218603,352015168.00
2013/05/10,4.09,4.23,4.04,4.09,32818902,356989664.00
2013/05/13,4.09,4.16,4.01,4.14,22435195,241096128.00
2013/05/14,4.11,4.11,4.00,4.08,18497843,197332960.00
2013/05/15,4.07,4.12,4.04,4.11,15704845,168909296.00
2013/05/16,4.11,4.22,4.00,4.04,31880085,346071040.00
2013/05/17,4.01,4.13,3.91,4.06,27747070,293786208.00
2013/05/20,4.07,4.23,4.02,4.19,26160849,286082848.00
2013/05/21,4.19,4.34,4.14,4.28,27928884,314115840.00
2013/05/22,4.30,4.32,4.14,4.17,22373412,247682480.00
2013/05/23,4.14,4.25,4.04,4.04,21647733,235841152.00
2013/05/24,4.07,4.12,4.01,4.10,23910471,256272400.00
2013/05/27,4.10,4.19,4.07,4.10,18946839,205831024.00
2013/05/28,4.10,4.10,3.94,3.98,23146765,244199984.00
2013/05/29,3.98,4.04,3.93,4.00,19260421,202446832.00
2013/05/30,3.96,4.04,3.95,4.03,14536458,153050272.00
2013/05/31,4.05,4.10,4.00,4.01,16992730,182313872.00
2013/06/03,4.02,4.04,3.84,3.84,20681018,214120416.00
2013/06/04,3.86,3.88,3.76,3.82,15392044,155059696.00
2013/06/05,3.82,3.88,3.76,3.87,8973998,90782576.00
2013/06/06,3.84,3.86,3.76,3.76,9868474,99052880.00
2013/06/07,3.76,3.81,3.60,3.62,12197198,119963696.00
2013/06/13,3.58,3.58,3.23,3.33,17422466,155657616.00
2013/06/14,3.36,3.42,3.30,3.41,12557143,112715600.00
2013/06/17,3.40,3.45,3.37,3.41,9812091,89321512.00
2013/06/18,3.42,3.46,3.39,3.42,8048309,73532552.00
2013/06/19,3.41,3.41,3.28,3.33,13105099,116152424.00
2013/06/20,3.30,3.32,3.11,3.12,14979345,128637400.00
2013/06/21,3.03,3.12,2.94,3.06,14016725,114105728.00
2013/06/24,3.05,3.12,2.78,2.86,16378216,130219008.00
2013/06/25,2.86,3.04,2.70,3.04,27372089,214143888.00
2013/06/26,3.04,3.16,2.99,3.14,21976638,182966848.00
2013/06/27,3.14,3.16,3.00,3.01,16704520,138237712.00
2013/06/28,3.05,3.16,3.05,3.15,19722409,164777744.00
2013/07/01,3.14,3.20,3.08,3.20,14829416,124766416.00
2013/07/02,3.19,3.24,3.14,3.22,13755902,117457720.00
2013/07/03,3.19,3.19,3.09,3.16,14669136,123347840.00
2013/07/04,3.14,3.27,3.08,3.19,15399373,131021616.00
2013/07/05,3.18,3.21,3.11,3.12,10554605,89000208.00
2013/07/08,3.05,3.05,2.88,2.88,13342647,105640880.00
2013/07/09,2.80,2.92,2.80,2.89,6742833,52309296.00
2013/07/10,2.88,3.01,2.87,3.00,10211808,80947872.00
2013/07/11,3.02,3.16,3.00,3.12,15820777,131163728.00
2013/07/12,3.13,3.17,3.03,3.05,12504655,103988584.00
2013/07/15,3.18,3.35,3.18,3.34,35246666,306607904.00
2013/07/16,3.35,3.43,3.30,3.38,22946030,206399232.00
2013/07/17,3.36,3.44,3.31,3.33,20457209,183576528.00
2013/07/18,3.32,3.52,3.26,3.45,27098631,246122912.00
2013/07/19,3.43,3.51,3.30,3.30,21734672,197529280.00
2013/07/22,3.30,3.42,3.24,3.40,17643551,157280768.00
2013/07/23,3.52,3.58,3.44,3.47,31388880,292548992.00
2013/07/24,3.48,3.66,3.45,3.62,35877563,337955680.00
2013/07/25,3.64,3.70,3.52,3.53,25299912,242278080.00
2013/07/26,3.53,3.58,3.42,3.49,14654162,136189616.00
2013/07/29,3.47,3.47,3.34,3.34,15157630,137207184.00
2013/07/30,3.36,3.40,3.26,3.39,13748970,122589528.00
2013/07/31,3.39,3.52,3.39,3.45,15506963,142809472.00
2013/08/01,3.46,3.53,3.44,3.53,16193365,150381744.00
2013/08/02,3.56,3.65,3.54,3.58,21677269,207087072.00
2013/08/05,3.60,3.62,3.56,3.60,12578249,119956704.00
2013/08/06,3.58,3.67,3.58,3.62,15501143,149189888.00
2013/08/07,3.61,3.64,3.46,3.49,17370327,163440768.00
2013/08/08,3.49,3.54,3.46,3.50,9690764,90108768.00
2013/08/09,3.53,3.56,3.46,3.52,10399980,97297512.00
2013/08/12,3.52,3.56,3.48,3.56,14299885,133736488.00
2013/08/13,3.63,3.65,3.58,3.61,18610895,178464864.00
2013/08/14,3.65,3.76,3.65,3.71,31875463,312927520.00
2013/08/15,3.77,3.80,3.62,3.63,19616677,192770320.00
2013/08/16,3.59,3.75,3.56,3.56,19271563,186488784.00
2013/08/19,3.64,3.91,3.64,3.88,43217361,435224224.00
2013/08/20,3.86,4.00,3.84,3.92,45698789,474548192.00
2013/08/21,3.88,3.93,3.85,3.92,18133012,186623840.00
2013/08/22,3.92,4.06,3.90,3.91,24389925,256133904.00
2013/08/23,3.94,3.96,3.76,3.84,26880636,272650496.00
2013/08/26,3.93,4.04,3.91,4.00,26571657,279986880.00
2013/08/27,4.01,4.09,3.98,4.04,20503276,218654176.00
2013/08/28,4.00,4.00,3.87,3.89,29166555,302802080.00
2013/08/29,3.90,3.95,3.82,3.84,15148898,155334672.00
2013/08/30,3.86,3.90,3.76,3.82,18515928,187418624.00
2013/09/02,3.82,3.97,3.77,3.97,19731159,203754864.00
2013/09/03,3.98,4.02,3.92,3.99,14730276,154661200.00
2013/09/04,4.00,4.03,3.95,3.97,15459693,162945648.00
2013/09/05,3.96,4.07,3.95,4.01,17317075,184318080.00
2013/09/06,4.02,4.04,3.92,3.98,15213700,159151696.00
2013/09/09,3.98,4.03,3.92,4.00,17559324,183880864.00
2013/09/10,4.01,4.02,3.92,3.96,14775260,154668496.00
2013/09/11,3.98,4.00,3.80,3.83,26184684,268159280.00
2013/09/12,3.83,3.88,3.80,3.84,11855836,120584536.00
2013/09/13,3.84,3.87,3.74,3.84,14145095,142628640.00
2013/09/16,3.85,3.90,3.83,3.85,11743952,119853624.00
2013/09/17,3.87,3.96,3.86,3.89,15928160,164720128.00
2013/09/18,3.89,3.92,3.81,3.86,10479132,106662984.00
2013/09/23,3.89,4.08,3.89,4.08,31666379,336276640.00
2013/09/24,4.10,4.12,4.02,4.06,20278530,217348624.00
2013/09/25,4.07,4.16,4.00,4.06,22478744,243156048.00
2013/09/26,4.07,4.12,3.92,3.92,16321345,171885936.00
2013/09/27,3.92,4.00,3.88,3.92,10314908,107236184.00
2013/09/30,3.96,4.08,3.92,4.07,14975228,158540448.00
2013/10/08,4.07,4.28,4.05,4.27,29570649,327549024.00
2013/10/09,4.29,4.29,4.18,4.26,19620263,218175232.00
2013/10/10,4.25,4.29,4.16,4.18,18045138,200235728.00
2013/10/11,4.22,4.39,4.22,4.30,24943626,282921504.00
2013/10/14,4.34,4.36,4.26,4.32,15411998,174163424.00
2013/10/15,4.32,4.33,4.18,4.26,21185252,236158144.00
2013/10/16,4.22,4.23,4.05,4.08,17386125,188744912.00
2013/10/17,4.12,4.14,3.98,3.99,15510418,166634272.00
2013/10/18,3.99,4.07,3.98,4.06,9103369,96965552.00
2013/10/21,4.08,4.20,4.08,4.20,13677161,149916640.00
2013/10/22,4.23,4.29,4.10,4.13,16968520,187594720.00
2013/10/23,4.18,4.24,4.00,4.01,17316923,186980880.00
2013/10/24,4.01,4.07,3.94,3.99,9682709,102606520.00
2013/10/25,4.11,4.14,4.01,4.05,17425722,187483376.00
2013/10/28,4.08,4.20,4.04,4.17,15918678,173631040.00
2013/10/29,4.18,4.20,3.79,3.98,22979188,241526512.00
2013/10/30,3.97,4.01,3.91,4.00,14189675,148739696.00
2013/10/31,3.97,3.98,3.84,3.85,12335887,127419424.00
2013/11/01,3.86,3.89,3.76,3.81,12703015,128066080.00
2013/11/04,3.81,3.93,3.80,3.88,9561705,98230400.00
2013/11/05,3.89,3.96,3.85,3.95,10562479,109346824.00
2013/11/06,3.93,3.96,3.84,3.85,9773536,101127696.00
2013/11/07,3.85,3.91,3.82,3.86,7354120,75312976.00
2013/11/08,3.85,3.88,3.78,3.80,7230166,72967728.00
2013/11/11,3.80,3.84,3.76,3.81,5606904,56513084.00
2013/11/12,3.82,3.88,3.80,3.87,9955934,101132624.00
2013/11/13,3.85,3.85,3.73,3.73,8981958,90046952.00
2013/11/14,3.74,3.80,3.72,3.78,7386237,73664272.00
2013/11/15,3.81,3.95,3.79,3.90,15739451,162200864.00
2013/11/18,3.93,4.00,3.90,3.99,14413515,151138480.00
2013/11/19,4.00,4.02,3.96,4.02,11973316,126412368.00
2013/11/20,4.06,4.12,4.04,4.08,20007020,215271536.00
2013/11/21,4.08,4.20,4.06,4.14,24252086,265108352.00
2013/11/22,4.16,4.18,4.07,4.07,12901157,139356192.00
2013/11/25,4.08,4.19,4.08,4.10,14288153,155627936.00
2013/11/26,4.12,4.22,4.12,4.17,18687591,205458608.00
2013/11/27,4.17,4.22,4.12,4.20,15933118,175301472.00
2013/11/28,4.25,4.27,4.16,4.17,19613904,217347280.00
2013/11/29,4.16,4.20,4.14,4.18,13992077,153576608.00
2013/12/02,4.05,4.16,3.96,3.97,22699666,241740064.00
2013/12/03,3.96,4.24,3.95,4.22,25847082,281046656.00
2013/12/04,4.26,4.66,4.24,4.55,68345694,805402816.00
2013/12/05,4.56,4.61,4.46,4.47,42486108,503740160.00
2013/12/06,4.44,4.55,4.42,4.49,20432888,240506464.00
2013/12/09,4.52,4.60,4.49,4.54,23342054,278383264.00
2013/12/10,4.53,4.56,4.40,4.48,22135238,259149280.00
2013/12/11,4.46,4.52,4.40,4.51,16942855,198503952.00
2013/12/12,4.46,4.52,4.44,4.45,13464445,158482320.00
2013/12/13,4.41,4.45,4.39,4.40,14399219,166972368.00
2013/12/16,4.42,4.42,4.19,4.19,22818092,257057824.00
2013/12/17,4.19,4.27,4.18,4.22,10387565,115516208.00
2013/12/18,4.22,4.25,4.19,4.23,6440177,71574464.00
2013/12/19,4.24,4.26,4.18,4.19,7386374,82152536.00
2013/12/20,4.20,4.22,4.14,4.15,8683909,95370176.00
2013/12/23,4.16,4.25,4.11,4.23,9610761,106221520.00
2013/12/24,4.22,4.33,4.22,4.26,12395623,139485952.00
2013/12/25,4.26,4.31,4.14,4.23,14957968,166681600.00
2013/12/26,4.22,4.22,4.05,4.06,16165636,175176848.00
2013/12/27,4.05,4.12,4.02,4.11,12136089,130671032.00
2013/12/30,4.14,4.22,4.12,4.14,12640184,138894544.00
2013/12/31,4.12,4.21,4.10,4.14,10605519,116132544.00
2014/01/02,4.12,4.20,4.12,4.20,11594214,127232904.00
2014/01/03,4.19,4.20,4.12,4.15,10352586,113185944.00
2014/01/06,4.11,4.11,4.00,4.01,11880255,126766680.00
2014/01/07,3.99,4.06,3.96,4.02,5670445,60126048.00
2014/01/08,4.02,4.09,4.00,4.02,6679200,71225032.00
2014/01/09,4.03,4.08,3.93,3.93,8890320,94360352.00
2014/01/10,3.92,4.35,3.83,4.15,41361850,447140896.00
2014/01/13,4.18,4.18,3.78,3.90,29094571,304351104.00
2014/01/14,3.86,3.93,3.78,3.92,14294162,145810720.00
2014/01/15,3.90,4.00,3.86,3.96,11531873,120276608.00
2014/01/16,3.97,4.05,3.94,3.97,10715355,113218120.00
2014/01/17,4.02,4.04,3.94,4.01,9429260,99242288.00
2014/01/20,4.00,4.00,3.90,3.93,6265657,65415080.00
2014/01/21,3.93,4.04,3.92,4.04,9255271,98065248.00
2014/01/22,4.06,4.22,4.02,4.20,19237219,210685824.00
2014/01/23,4.20,4.27,4.17,4.23,17484292,194620464.00
2014/01/24,4.22,4.35,4.21,4.30,22511541,254516224.00
2014/01/27,4.26,4.40,4.26,4.34,21803572,248517296.00
2014/01/28,4.34,4.49,4.33,4.44,22608071,263042448.00
2014/01/29,4.45,4.52,4.37,4.47,19586109,229112064.00
2014/01/30,4.45,4.60,4.40,4.52,20327521,241404608.00
2014/02/07,4.49,4.80,4.46,4.76,36381068,446414464.00
2014/02/10,4.77,4.97,4.70,4.89,47008555,591572096.00
2014/02/11,4.88,4.97,4.79,4.89,37871919,484206080.00
2014/02/12,4.90,5.06,4.84,4.88,33426312,432155040.00
2014/02/19,5.02,5.12,4.70,4.73,62319373,795407232.00
2014/02/20,4.70,5.08,4.68,4.83,40948130,521994176.00
2014/02/21,4.79,5.17,4.78,5.17,59211987,775814208.00
2014/02/24,5.18,5.29,5.02,5.20,41391894,558318592.00
2014/02/25,5.42,5.48,4.92,4.94,66633349,908055040.00
2014/02/26,4.94,5.06,4.82,4.91,38764045,500854368.00
2014/02/27,4.98,5.20,4.93,5.00,39248077,521115456.00
2014/02/28,5.01,5.08,4.80,4.90,35374429,456336768.00
2014/03/03,4.89,5.10,4.82,5.10,38001773,497231008.00
2014/03/04,5.14,5.22,5.01,5.18,43261631,579216640.00
2014/03/05,5.17,5.20,5.02,5.12,26466408,352552064.00
2014/03/06,4.98,5.36,4.90,5.30,45982626,617783104.00
2014/03/07,5.34,5.48,5.10,5.12,52995730,732736704.00
2014/03/10,4.98,5.21,4.92,5.06,31957008,418600096.00
2014/03/11,5.06,5.16,4.96,5.03,27667736,365727360.00
2014/03/12,5.05,5.14,4.86,5.00,29048067,380772800.00
2014/03/13,4.99,5.08,4.88,5.06,31482161,411533824.00
2014/03/14,5.00,5.08,4.96,5.00,38226826,502102624.00
2014/03/17,5.02,5.03,4.90,4.98,31060431,403867520.00
2014/03/18,5.00,5.08,4.94,5.00,30110657,393720672.00
2014/03/19,5.07,5.21,4.99,5.19,42774240,566583296.00
2014/03/20,5.16,5.20,4.85,4.86,37970536,500902240.00
2014/03/21,4.82,5.04,4.78,4.99,28752619,366574080.00
2014/03/24,5.00,5.05,4.90,5.03,20928416,272834048.00
2014/03/25,5.02,5.04,4.89,4.94,17368729,224298032.00
2014/03/26,4.94,4.99,4.90,4.95,10212511,131819432.00
2014/03/27,4.95,4.96,4.77,4.81,20759263,263260016.00
2014/03/28,4.82,4.89,4.45,4.46,26828259,326462688.00
2014/03/31,4.50,4.50,4.35,4.42,20042748,233627904.00
2014/04/01,4.50,4.61,4.36,4.58,13994733,166568784.00
2014/04/02,4.61,4.68,4.56,4.60,18634080,225035168.00
2014/04/03,4.59,4.64,4.54,4.56,12953459,155523888.00
2014/04/04,4.54,4.68,4.54,4.65,13207355,160331504.00
2014/04/08,4.62,4.85,4.58,4.79,16973154,211129680.00
2014/04/09,4.84,4.88,4.72,4.75,38172675,476201216.00
2014/04/10,4.76,4.83,4.73,4.78,29010665,363773152.00
2014/04/11,4.74,4.77,4.64,4.68,12492791,153353408.00
2014/04/14,4.68,4.71,4.66,4.70,6804987,83508456.00
2014/04/15,4.71,4.84,4.64,4.82,41509355,518659904.00
2014/04/16,4.80,4.88,4.76,4.86,24757147,312710272.00
2014/04/17,4.94,4.94,4.80,4.82,20727522,263491472.00
2014/04/18,4.80,4.89,4.78,4.83,10588010,133477872.00
2014/04/21,4.77,4.97,4.74,4.86,25757004,327728928.00
2014/04/22,4.95,4.98,4.78,4.82,29988222,381373024.00
2014/04/23,4.78,4.84,4.62,4.65,19243464,238461824.00
2014/04/24,4.66,4.67,4.54,4.55,13310879,160197648.00
2014/04/25,4.56,4.61,4.50,4.50,8356738,99763160.00
2014/04/28,4.47,4.56,4.40,4.48,8455217,99333168.00
2014/04/29,4.58,4.67,4.51,4.67,14163622,170536640.00
2014/04/30,4.64,4.72,4.60,4.64,14972115,182456160.00
2014/05/05,4.62,4.69,4.54,4.67,9660192,117133608.00
2014/05/06,4.66,4.76,4.64,4.72,8951680,110317976.00
2014/05/07,4.70,4.76,4.67,4.70,13074002,161522976.00
2014/05/08,4.69,4.78,4.65,4.77,20236879,251500384.00
2014/05/09,4.76,4.96,4.72,4.78,18025833,226261792.00
2014/05/12,4.83,4.85,4.75,4.78,35082499,438441664.00
2014/05/13,4.78,4.79,4.64,4.66,25084820,308538112.00
2014/05/14,4.64,4.69,4.58,4.66,8604410,104758024.00
2014/05/15,4.66,4.68,4.58,4.61,10349191,125599864.00
2014/05/16,4.61,4.64,4.58,4.61,9603133,116211896.00
2014/05/19,4.61,4.69,4.56,4.66,8880543,107465352.00
2014/05/20,4.68,4.69,4.62,4.66,8110464,99112104.00
2014/05/21,4.65,4.69,4.61,4.68,4994637,60511524.00
2014/05/22,4.69,4.73,4.54,4.57,13070344,158337984.00
2014/05/23,4.56,4.61,4.50,4.59,13005928,153740208.00
2014/05/26,4.58,4.65,4.56,4.64,11717814,140080592.00
2014/05/27,4.78,4.82,4.69,4.78,36637143,454674240.00
2014/05/28,4.74,4.92,4.74,4.89,33964531,427253536.00
2014/05/29,4.88,4.90,4.80,4.89,18533404,233447696.00
2014/05/30,4.89,4.97,4.85,4.92,22493360,287302912.00
2014/06/03,5.01,5.01,4.83,4.88,15690299,199723632.00
2014/06/04,4.88,4.90,4.78,4.81,11596982,145432448.00
2014/06/05,4.82,4.95,4.81,4.94,21564211,273790688.00
2014/06/06,4.96,5.04,4.92,4.98,25988522,335128128.00
2014/06/09,4.97,5.04,4.91,4.99,29641612,382540896.00
2014/06/10,4.98,5.06,4.92,5.04,44286853,575908224.00
2014/06/11,5.02,5.07,4.95,5.05,20515704,266577520.00
2014/06/12,5.05,5.09,5.00,5.04,16384406,213941120.00
2014/06/13,5.01,5.07,4.96,5.05,20899260,272217152.00
2014/06/16,5.07,5.12,5.02,5.08,29102171,382422880.00
2014/06/17,5.08,5.12,4.89,4.90,29743382,386529856.00
2014/06/18,4.89,4.95,4.84,4.94,15620755,197815408.00
2014/06/19,4.94,5.06,4.84,4.86,31368767,404311104.00
2014/06/20,4.84,4.92,4.82,4.89,10784557,136389728.00
2014/06/23,4.88,4.96,4.88,4.91,18594466,237942336.00
2014/06/24,4.91,4.97,4.90,4.95,16211480,207493360.00
2014/06/25,4.94,4.95,4.84,4.86,8911692,112716864.00
2014/06/26,4.86,4.94,4.86,4.90,8905397,113437904.00
2014/06/27,4.98,5.07,4.96,5.01,23044876,299077824.00
2014/06/30,5.05,5.11,5.00,5.05,18034213,236830160.00
2014/07/01,5.16,5.40,5.14,5.33,50449220,686213440.00
2014/07/02,5.32,5.36,5.22,5.34,25379305,346405024.00
2014/07/03,5.31,5.37,5.25,5.35,20120630,276246464.00
2014/07/04,5.34,5.46,5.26,5.28,35661068,493372544.00
2014/07/07,5.25,5.32,5.16,5.29,25065330,339957152.00
2014/07/08,5.29,5.33,5.18,5.30,16321737,222581376.00
2014/07/09,5.34,5.40,5.18,5.18,27506396,378392672.00
2014/07/10,5.17,5.21,5.08,5.11,15830168,210936448.00
2014/07/11,5.09,5.18,5.08,5.15,8576789,114347992.00
2014/07/14,5.17,5.28,5.14,5.27,10966300,148544544.00
2014/07/15,5.28,5.28,5.18,5.21,10610039,143264336.00
2014/07/16,5.22,5.39,5.19,5.29,32889783,452156640.00
2014/07/17,5.28,5.30,5.13,5.16,14226279,191188640.00
2014/07/18,5.14,5.19,5.12,5.13,9466870,126157600.00
2014/07/21,5.11,5.15,4.98,5.00,12699742,165688032.00
2014/07/22,5.00,5.13,4.96,5.10,10332761,135690304.00
2014/07/23,5.08,5.14,5.02,5.04,10152356,133415592.00
2014/07/24,5.05,5.08,4.96,5.03,9064283,117889656.00
2014/07/25,5.04,5.12,5.04,5.09,8986992,118384512.00
2014/07/28,5.10,5.19,5.10,5.17,11743444,156762256.00
2014/07/29,5.28,5.33,5.22,5.24,20480023,279304160.00
2014/07/30,5.26,5.29,5.18,5.24,12249357,165977696.00
2014/07/31,5.23,5.27,5.20,5.26,10827826,146876976.00
2014/08/01,5.25,5.26,5.17,5.18,16525929,223185952.00
2014/08/04,5.20,5.32,5.16,5.31,17952364,243680832.00
2014/08/05,5.48,5.52,5.34,5.37,32675723,457399584.00
2014/08/06,5.37,5.41,5.33,5.37,16718175,232154400.00
2014/08/07,5.38,5.39,5.25,5.26,20073339,276073344.00
2014/08/08,5.27,5.32,5.25,5.30,10709882,146508800.00
2014/08/11,5.30,5.49,5.30,5.45,22559742,316252064.00
2014/08/12,5.45,5.51,5.39,5.50,20757182,292758432.00
2014/08/13,5.50,5.58,5.42,5.57,25380452,361325376.00
2014/08/14,5.58,5.60,5.42,5.43,21082680,300948320.00
2014/08/15,5.43,5.55,5.43,5.54,17810821,252673152.00
2014/08/18,5.54,5.63,5.53,5.60,22080989,318651648.00
2014/08/19,5.61,5.62,5.47,5.54,17600379,252171952.00
2014/08/20,5.52,5.53,5.45,5.47,15703361,222580368.00
2014/08/21,5.48,5.57,5.39,5.54,21217097,299460992.00
2014/08/22,5.54,5.61,5.48,5.57,23429077,336523264.00
2014/08/25,5.58,5.59,5.44,5.45,17391666,247170528.00
2014/08/26,5.45,5.57,5.38,5.52,19013023,267855696.00
2014/08/27,5.50,5.51,5.37,5.38,21992986,308644000.00
2014/08/28,5.38,5.44,5.33,5.37,13022513,181463856.00
2014/08/29,5.38,5.50,5.35,5.47,12936181,181427248.00
2014/09/01,5.47,5.73,5.46,5.66,33908265,490479680.00
2014/09/02,5.68,5.72,5.62,5.68,23711171,346707968.00
2014/09/03,5.70,5.84,5.66,5.79,39800621,589571328.00
2014/09/04,5.86,5.90,5.76,5.82,36586866,549749696.00
2014/09/05,5.84,5.87,5.79,5.83,23848889,358742624.00
2014/09/09,5.85,5.88,5.80,5.83,19352597,291149824.00
2014/09/10,5.82,5.82,5.72,5.76,21931275,325646944.00
2014/09/11,5.74,5.96,5.74,5.89,30975154,467525056.00
2014/09/12,5.88,6.02,5.84,5.99,27268869,419066944.00
2014/09/15,6.00,6.04,5.93,5.98,20538386,316079872.00
2014/09/16,5.96,6.00,5.70,5.72,32127855,484306304.00
2014/09/17,5.72,5.80,5.66,5.77,15867649,234647632.00
2014/09/18,5.77,5.92,5.70,5.85,20810873,311543584.00
2014/09/19,5.86,5.93,5.76,5.85,30398926,459475264.00
2014/09/22,5.86,5.92,5.74,5.90,31051581,467441024.00
2014/09/23,5.90,5.99,5.86,5.96,31102993,475363712.00
2014/09/24,5.94,6.17,5.92,6.10,31084231,487645568.00
2014/09/25,6.11,6.13,5.99,6.02,20032723,312893888.00
2014/09/26,6.12,6.28,6.06,6.06,30935617,491543104.00
2014/09/29,6.12,6.32,6.07,6.29,30190725,483444096.00
2014/09/30,6.30,6.32,6.24,6.26,17170527,277188544.00
2014/10/08,6.26,6.32,6.18,6.29,14609479,235878256.00
2014/10/09,6.30,6.31,6.11,6.18,21627649,344795456.00
2014/10/10,6.16,6.20,6.06,6.13,17291094,273067008.00
2014/10/13,6.16,6.16,6.03,6.12,14385042,225045872.00
2014/10/14,6.10,6.55,6.09,6.44,51437084,846966656.00
2014/10/15,6.45,6.45,6.28,6.37,21087470,344005696.00
2014/10/16,6.30,6.46,6.21,6.22,20461729,332550304.00
2014/10/17,6.22,6.26,6.01,6.13,20568100,324470528.00
2014/10/20,6.14,6.26,6.13,6.21,11559241,184544624.00
2014/10/21,6.25,6.26,6.03,6.04,15082915,238567168.00
2014/10/22,6.06,6.12,5.90,5.92,17350463,268529536.00
2014/10/23,5.96,6.03,5.88,5.90,13554186,207520944.00
2014/10/24,5.90,5.98,5.87,5.90,8712369,133119464.00
2014/10/27,5.89,5.96,5.82,5.94,7561765,115227072.00
2014/10/28,5.96,6.18,5.96,6.14,16656944,261350560.00
2014/10/29,6.14,6.18,6.07,6.12,25811874,406591264.00
2014/10/30,6.12,6.17,6.04,6.06,20586858,323386176.00
2014/10/31,6.06,6.12,5.89,5.97,25211630,388142688.00
2014/11/03,5.99,6.10,5.94,6.10,16635319,257560464.00
2014/11/04,6.10,6.21,6.07,6.12,22275011,352664448.00
2014/11/05,6.12,6.17,6.05,6.12,15008678,237121632.00
2014/11/06,6.11,6.28,6.10,6.26,27111005,434278464.00
2014/11/07,6.31,6.36,6.07,6.08,29046787,464985536.00
2014/11/10,6.05,6.18,6.04,6.17,15768082,247703664.00
2014/11/11,6.39,6.46,6.02,6.12,35607678,570430720.00
2014/11/12,6.04,6.14,6.03,6.13,12463619,195137200.00
2014/11/13,6.10,6.13,5.92,5.93,22345284,343911232.00
2014/11/14,5.96,5.99,5.92,5.95,8221441,125994216.00
2014/11/17,5.99,6.08,5.93,6.01,9549606,147893888.00
2014/11/18,6.00,6.03,5.90,5.93,12419339,190127840.00
2014/11/19,5.93,6.03,5.92,6.00,11174104,172212528.00
2014/11/20,5.97,6.06,5.94,6.02,10593062,164286128.00
2014/11/21,6.00,6.04,5.98,6.03,9097783,140994400.00
2014/11/24,6.08,6.16,6.04,6.13,19244921,302762560.00
2014/11/25,6.14,6.25,6.12,6.22,18797104,299969920.00
2014/11/26,6.24,6.27,6.10,6.16,19598617,311597088.00
2014/11/27,6.18,6.20,6.08,6.14,19515649,308529280.00
2014/11/28,6.13,6.15,6.02,6.08,20029787,313749952.00
2014/12/01,6.06,6.13,6.00,6.05,19346988,301748960.00
2014/12/02,6.12,6.24,6.10,6.20,32692711,520332512.00
2014/12/03,6.22,6.26,6.13,6.24,26512254,422561568.00
2014/12/04,6.26,6.33,6.18,6.30,30632338,494346432.00
2014/12/05,6.32,6.84,6.22,6.62,65251186,1087631360.00
2014/12/08,6.58,6.69,6.46,6.62,38823897,656236544.00
2014/12/09,6.57,6.73,6.23,6.24,44872308,753835712.00
2014/12/10,6.16,6.56,6.16,6.55,26977399,442323744.00
2014/12/11,6.57,6.67,6.42,6.52,24009163,403433760.00
2014/12/12,6.46,6.57,6.43,6.49,16697410,278234304.00
2014/12/15,6.47,6.66,6.44,6.62,20620528,348420960.00
2014/12/16,6.65,6.80,6.58,6.65,25715705,441576896.00
2014/12/17,6.63,6.65,6.42,6.47,22481471,375138752.00
2014/12/18,6.46,6.48,6.30,6.35,20213776,331757408.00
2014/12/19,6.35,6.39,6.17,6.27,20779720,334990976.00
2014/12/22,6.27,6.32,6.00,6.01,24219168,382214912.00
2014/12/23,6.06,6.15,6.00,6.03,14577605,227694016.00
2014/12/24,6.07,6.16,6.02,6.13,10789683,169860336.00
2014/12/25,6.16,6.17,6.10,6.15,10150294,160089808.00
2014/12/26,6.17,6.34,6.17,6.32,15154855,244805664.00
2014/12/29,6.32,6.34,6.06,6.13,16971781,270552384.00
2014/12/30,6.13,6.18,5.88,5.88,21285040,327610752.00
2014/12/31,5.90,5.98,5.87,5.97,10630401,162344144.00
2015/01/05,5.99,6.10,5.90,6.08,15339408,237407728.00
2015/01/06,6.03,6.24,5.98,6.22,17749438,279538272.00
2015/01/07,6.20,6.20,6.02,6.09,12607149,198348096.00
2015/01/08,6.09,6.34,6.06,6.33,28891433,463709376.00
2015/01/09,6.34,6.41,6.18,6.19,22396375,362116704.00
2015/01/12,6.14,6.14,5.98,6.01,13209157,205631776.00
2015/01/13,6.02,6.40,5.98,6.19,14717122,234069296.00
2015/01/14,6.18,6.23,6.06,6.10,9972289,157492352.00
2015/01/15,6.08,6.22,6.08,6.21,10921354,173751568.00
2015/01/16,6.22,6.32,6.18,6.30,17486243,281306368.00
2015/01/19,6.14,6.31,5.95,6.03,21432799,339558976.00
2015/01/20,6.11,6.34,6.05,6.33,22034300,353081056.00
2015/01/21,6.34,6.48,6.30,6.46,28948844,477259808.00
2015/01/22,6.46,6.54,6.36,6.46,19104506,316433280.00
2015/01/23,6.46,6.57,6.38,6.52,21348100,355635456.00
2015/01/26,6.51,6.66,6.51,6.58,20245309,342907200.00
2015/01/27,6.57,6.72,6.44,6.63,24698249,419064832.00
2015/01/28,6.62,6.76,6.54,6.58,24996540,428326240.00
2015/01/29,6.50,6.63,6.47,6.52,14628265,246141360.00
2015/01/30,6.52,6.82,6.52,6.67,29669561,511698944.00
2015/02/02,6.62,6.99,6.58,6.89,34767523,609457536.00
2015/02/03,6.89,6.98,6.82,6.93,23612819,418080032.00
2015/02/04,7.02,7.07,6.84,6.88,23837734,424364032.00
2015/02/05,6.96,7.30,6.91,7.15,42581694,779383360.00
2015/02/06,7.14,7.20,7.05,7.07,25108240,458225248.00
2015/02/09,7.05,7.07,6.72,6.75,23112060,408339776.00
2015/02/10,6.76,6.87,6.69,6.86,13059413,227125568.00
2015/02/11,6.87,7.02,6.82,7.01,12269663,217984864.00
2015/02/12,7.06,7.09,6.94,7.00,10430980,187473696.00
2015/02/13,7.01,7.12,6.88,6.90,19941542,358268736.00
2015/02/16,6.90,7.12,6.79,7.11,25358738,453603904.00
2015/02/17,7.12,7.20,7.06,7.13,18456500,337294560.00
2015/02/25,7.13,7.49,7.05,7.38,28118569,525681888.00
2015/02/26,7.34,7.41,7.28,7.30,15784164,296270048.00
2015/02/27,7.32,7.51,7.29,7.38,21560072,408407968.00
2015/03/02,7.38,7.70,7.36,7.60,23258956,449469728.00
2015/03/03,7.55,7.61,7.27,7.30,29457120,560469696.00
2015/03/04,7.34,7.42,7.26,7.40,17168451,323557952.00
2015/03/05,7.49,7.49,7.26,7.30,18594506,350985088.00
2015/03/06,7.30,7.37,7.06,7.09,21839739,401337472.00
2015/05/25,7.82,7.82,7.82,7.82,253467,5071875.00
2015/05/26,8.62,8.62,8.62,8.62,250107,5504855.00
2015/05/27,9.50,9.50,9.50,9.50,146363,3543448.00
2015/05/28,10.47,10.47,10.47,10.47,714854,19036562.00
2015/05/29,11.53,11.53,11.14,11.53,57918844,1692208512.00
2015/06/01,12.62,12.70,12.00,12.70,39143186,1243597056.00
2015/06/02,13.62,13.98,12.50,12.78,98212024,3272103168.00
2015/06/03,13.04,13.77,12.78,13.62,69062248,2318672640.00
2015/06/04,13.33,13.33,12.42,12.86,48898504,1596798976.00
2015/06/05,13.06,13.25,12.54,12.84,42896019,1405027072.00
2015/06/08,12.73,12.73,12.10,12.24,38492383,1203239808.00
2015/06/09,12.21,12.77,12.18,12.60,28351400,902353152.00
2015/06/10,12.42,12.56,12.22,12.44,30619376,963796224.00
2015/06/11,12.45,12.84,12.41,12.55,28752100,917104064.00
2015/06/12,12.66,13.34,12.49,12.99,43439997,1418214016.00
2015/06/15,13.06,13.28,12.61,12.65,31251788,1025551040.00
2015/06/16,12.29,12.46,11.37,11.46,38798310,1160354944.00
2015/06/17,11.46,11.78,11.02,11.63,26132626,754429952.00
2015/06/18,11.62,11.72,11.26,11.30,19783361,575024000.00
2015/06/19,10.92,11.41,10.15,10.32,21773883,592141568.00
2015/06/23,10.22,10.50,9.46,10.23,21852862,558490752.00
2015/06/24,10.37,10.68,10.30,10.61,23155253,618090944.00
2015/06/25,10.67,10.82,9.95,10.06,27592143,734298176.00
2015/06/26,9.66,9.84,9.04,9.04,27712562,658503168.00
2015/06/29,9.38,9.40,8.12,8.12,38229751,833499328.00
2015/06/30,8.26,8.95,7.82,8.95,47341209,1021374912.00
2015/07/01,8.98,9.82,8.86,9.03,60929155,1445857280.00
2015/07/02,9.34,9.46,8.66,8.86,44794350,1042809600.00
2015/07/03,8.76,9.46,7.96,8.92,49444231,1094663040.00
2015/07/06,9.82,9.82,8.53,9.50,56464370,1340232192.00
2015/07/07,9.10,9.46,8.54,8.54,36683839,817420288.00
2015/07/08,7.67,8.19,7.67,7.67,110540058,2184793600.00
2015/07/13,8.45,8.45,8.45,8.45,571638,12278784.00
2015/07/14,9.31,9.31,9.31,9.31,856005,20227398.00
2015/07/15,10.26,10.26,8.67,9.07,60009017,1447646208.00
2015/07/16,9.07,9.66,8.70,9.45,38661683,912123840.00
2015/07/17,9.50,10.16,9.45,9.97,45903674,1142006016.00
2015/07/20,10.04,10.37,9.77,9.96,40490765,1029535232.00
2015/07/21,9.78,10.06,9.67,9.90,26719999,668236160.00
2015/07/22,9.94,10.14,9.69,9.98,25484281,642921472.00
2015/07/23,10.04,10.25,9.79,10.18,35786089,909741632.00
2015/07/24,10.14,10.88,10.14,10.58,51020869,1363626752.00
2015/07/27,10.32,10.65,9.51,9.51,48136210,1228287744.00
2015/07/28,9.31,9.61,8.58,9.35,40228504,933758720.00
2015/07/29,9.53,9.74,8.80,9.73,27041896,638544384.00
2015/07/30,9.66,10.12,9.43,9.49,30314621,750504128.00
2015/07/31,9.32,9.96,9.32,9.92,32411218,802654080.00
2015/08/03,9.79,10.06,9.62,9.95,25212581,625446592.00
2015/08/04,10.02,10.94,9.96,10.84,37046119,980116672.00
2015/08/05,10.70,10.81,10.27,10.39,26473344,707348480.00
2015/08/06,10.17,10.76,10.06,10.47,19934990,530769184.00
2015/08/07,10.61,10.86,10.48,10.65,21541403,580209920.00
2015/08/10,10.66,11.13,10.54,11.02,33839504,929802112.00
2015/08/11,10.86,11.01,10.26,10.40,58248425,1558223232.00
2015/08/12,10.14,10.35,10.06,10.08,24824957,642054912.00
2015/08/13,10.05,10.46,10.05,10.44,17472256,455467552.00
2015/08/14,10.48,10.60,10.22,10.36,21652974,572766656.00
2015/08/17,10.26,10.34,10.01,10.26,16288422,419472640.00
2015/08/18,10.33,10.36,9.22,9.22,24770609,609921984.00
2015/08/19,9.06,9.39,8.40,9.28,23156491,526330464.00
2015/08/20,9.34,9.56,8.99,9.01,19080516,451419968.00
2015/08/21,8.86,9.14,8.52,8.69,15391296,346215584.00
2015/08/24,8.21,8.36,7.80,7.80,32592474,652328704.00
2015/08/25,7.30,7.84,7.01,7.01,32265088,595504768.00
2015/08/26,7.26,7.46,6.88,6.99,24546008,450211968.00
2015/08/27,7.25,7.45,6.99,7.29,16971137,311700736.00
2015/08/28,7.48,7.77,7.29,7.76,29083303,554141824.00
2015/08/31,7.58,7.67,7.14,7.15,20648587,387228704.00
2015/09/01,7.10,7.10,6.42,6.42,21540287,362475040.00
2015/09/02,6.04,6.59,5.98,6.40,20506738,330315008.00
2015/09/07,6.56,6.88,6.55,6.57,14368136,246211824.00
2015/09/08,6.58,6.97,6.46,6.94,12688800,217941680.00
2015/09/09,7.02,7.26,6.90,7.21,19262205,349119744.00
2015/09/10,7.06,7.16,6.94,6.94,9843209,176954720.00
2015/09/11,6.93,7.08,6.82,7.00,7250800,128842336.00
2015/09/14,7.02,7.08,6.29,6.29,12149111,202868656.00
2015/09/15,6.10,6.26,5.69,5.73,13424463,205546144.00
2015/09/16,5.82,6.32,5.77,6.27,13691965,210992928.00
2015/09/17,6.22,6.50,5.98,6.10,15004657,241176048.00
2015/09/18,6.14,6.26,6.00,6.16,8393764,132184032.00
2015/09/21,6.17,6.46,6.07,6.42,11839879,190632144.00
2015/09/22,6.45,6.50,6.27,6.42,13330904,218825008.00
2015/09/30,6.56,6.65,6.31,6.36,16286103,268690624.00
2015/10/08,6.58,7.02,6.50,7.02,29061921,499811488.00
2015/10/09,7.06,7.13,6.93,7.02,38592209,694377408.00
2015/10/12,7.04,7.46,6.94,7.23,42678469,783887424.00
2015/10/13,7.18,7.28,7.07,7.26,23663098,432414272.00
2015/10/14,7.21,7.66,7.10,7.37,37461757,701488064.00
2015/10/15,7.54,7.65,7.50,7.59,36206699,697595904.00
2015/10/16,7.62,7.62,7.38,7.53,39821688,761440832.00
2015/10/19,7.55,7.57,7.30,7.36,25589704,484301376.00
2015/10/20,7.36,7.69,7.34,7.62,28741625,552382720.00
2015/10/21,7.78,8.18,7.18,7.22,50541361,997097664.00
2015/10/22,7.33,7.64,7.26,7.58,30137355,572633920.00
2015/10/23,7.66,7.74,7.46,7.68,32861367,634450560.00
2015/10/26,7.79,7.93,7.58,7.77,29106854,574136256.00
2015/10/27,7.87,8.05,7.49,7.96,36896231,735467456.00
2015/10/28,7.93,8.02,7.61,7.66,23729218,473626880.00
2015/10/29,8.00,8.07,7.82,7.87,32768119,662131648.00
2015/10/30,7.81,7.98,7.69,7.86,23438232,468704640.00
2015/11/02,7.76,8.00,7.58,7.64,21566735,429687808.00
2015/11/03,7.60,7.78,7.46,7.56,15276350,294481984.00
2015/11/04,7.72,8.03,7.72,8.02,29339750,589600320.00
2015/11/05,8.05,8.36,7.99,8.10,35351163,734159936.00
2015/11/06,8.16,8.42,8.10,8.34,28911070,609647040.00
2015/11/09,8.28,8.42,8.17,8.31,39060863,823386816.00
2015/11/10,8.32,8.47,8.17,8.30,37144459,786163520.00
2015/11/11,8.27,8.50,8.25,8.49,33454614,713194560.00
2015/11/12,8.54,8.85,8.43,8.70,40277368,884285312.00
2015/11/13,8.58,9.09,8.52,8.87,50292950,1126493696.00
2015/11/16,8.66,8.92,8.66,8.90,26627205,593104064.00
2015/11/17,9.08,9.12,8.71,9.02,33651474,761368256.00
2015/11/18,8.97,9.26,8.93,9.02,38510983,890544512.00
2015/11/19,9.04,9.11,8.91,9.10,31251398,715835648.00
2015/11/20,9.12,9.32,8.99,9.06,29007658,675450944.00
2015/11/23,8.99,9.04,8.76,8.82,25912390,585993344.00
2015/11/24,8.92,9.06,8.80,8.93,15279101,346194048.00
2015/11/25,8.94,9.06,8.85,9.04,19137672,434976640.00
2015/11/26,9.54,9.66,9.13,9.20,60975705,1455285376.00
2015/11/27,9.06,9.41,8.62,8.76,35831566,824363264.00
2015/11/30,8.83,9.44,8.72,9.42,39676680,910928128.00
2015/12/01,9.32,9.45,9.16,9.34,25436818,600094720.00
2015/12/02,9.30,9.54,8.93,9.22,22880298,539288064.00
2015/12/03,9.25,9.43,9.08,9.38,22393615,529353216.00
2015/12/04,9.33,9.42,9.03,9.06,23516712,548956992.00
2015/12/07,9.10,9.12,8.85,8.94,23871771,541930752.00
2015/12/08,8.86,8.87,8.46,8.49,24010282,528862496.00
2015/12/09,8.59,8.76,8.54,8.64,17959896,394678464.00
2015/12/10,8.70,8.70,8.51,8.54,12555097,274246112.00
2015/12/11,8.56,9.11,8.51,9.02,35386349,799069568.00
2015/12/14,9.35,9.46,8.93,9.18,29033466,675902912.00
2015/12/15,9.10,9.85,9.04,9.70,54722637,1330399360.00
2015/12/16,9.54,9.84,9.50,9.58,40000889,978676480.00
2015/12/17,9.67,10.00,9.59,9.83,50599758,1258526976.00
2015/12/18,9.78,9.80,9.48,9.59,32658555,798528704.00
2015/12/21,9.64,9.85,9.50,9.61,28483616,701127488.00
2015/12/22,9.56,9.73,9.44,9.68,25456282,617900352.00
2015/12/23,9.62,9.68,9.36,9.38,26947556,651755520.00
2015/12/24,9.35,9.59,9.31,9.58,19569357,468619584.00
2015/12/25,9.64,9.68,9.40,9.46,22660700,546337408.00
2015/12/28,9.48,9.49,9.06,9.07,27489115,649710464.00
2015/12/29,9.10,9.18,8.93,9.16,17179287,393856928.00
2015/12/30,9.17,9.44,9.14,9.33,19573870,462810752.00
2015/12/31,9.32,9.33,8.99,9.02,20072555,465146560.00
2016/01/04,9.04,9.10,8.14,8.28,18653858,412570144.00
2016/01/05,7.99,8.68,7.90,8.51,33020105,707023680.00
2016/01/06,8.52,8.77,8.34,8.68,23096270,504369632.00
2016/01/07,8.48,8.53,7.80,7.80,9691202,197742992.00
2016/01/08,8.11,8.16,7.54,7.86,22741048,457800224.00
2016/01/11,7.70,7.80,7.06,7.06,23940160,452124096.00
2016/01/12,7.03,7.20,6.80,7.11,19354581,349156736.00
2016/01/13,7.18,7.18,6.54,6.56,19941581,352109664.00
2016/01/14,6.27,6.80,6.26,6.77,22425672,376935776.00
2016/01/15,6.74,6.78,6.31,6.42,20558148,343399232.00
2016/01/18,6.26,6.70,6.22,6.52,16139589,269581568.00
2016/01/19,6.55,6.91,6.53,6.88,21603860,371731200.00
2016/01/20,6.82,6.96,6.70,6.76,20202254,351482176.00
2016/01/21,6.66,6.86,6.41,6.42,17599133,298940864.00
2016/01/22,6.55,6.65,6.35,6.59,12637193,210521456.00
2016/01/25,6.68,6.88,6.68,6.88,19873652,344721472.00
2016/01/26,6.78,6.79,6.26,6.38,19277943,323818976.00
2016/01/27,6.42,6.45,6.00,6.32,23158056,366927904.00
2016/01/28,6.21,6.31,5.94,5.96,14148948,222328576.00
2016/01/29,5.98,6.30,5.90,6.20,15952655,250195328.00
2016/02/01,6.27,6.39,6.02,6.13,20097387,320306208.00
2016/02/02,6.20,6.46,6.16,6.40,17619930,285498144.00
2016/02/03,6.33,6.43,6.21,6.40,15099688,243249120.00
2016/02/04,6.43,6.59,6.40,6.54,19055551,315734112.00
2016/02/05,6.54,6.60,6.42,6.44,12211941,203129600.00
2016/02/15,6.19,6.40,6.18,6.34,10624655,170944768.00
2016/02/16,6.36,6.73,6.36,6.66,20195715,339534272.00
2016/02/17,6.80,6.97,6.75,6.84,28817781,504045120.00
2016/02/18,6.90,6.94,6.74,6.76,21339326,371895904.00
2016/02/19,6.74,6.88,6.70,6.82,16021223,277468896.00
2016/02/22,6.93,7.03,6.83,7.02,21156939,373825568.00
2016/02/23,7.01,7.01,6.79,6.89,16793015,295095392.00
2016/02/24,6.83,6.92,6.74,6.89,16607092,289354496.00
2016/02/25,6.91,6.96,6.19,6.25,25978918,439015872.00
2016/02/26,6.32,6.50,6.20,6.40,20580194,334275552.00
2016/02/29,6.44,6.44,5.92,6.02,19579270,302755648.00
2016/03/01,6.04,6.20,5.91,6.14,14556940,225746176.00
2016/03/02,6.14,6.56,6.10,6.52,21301964,345030592.00
2016/03/03,6.53,6.84,6.49,6.67,29960977,512877632.00
2016/03/04,6.64,6.71,6.36,6.49,21297089,356317536.00
2016/03/07,6.59,6.98,6.59,6.96,38395756,669721728.00
2016/03/08,6.88,6.97,6.66,6.93,26601245,463069856.00
2016/03/09,6.77,6.83,6.67,6.69,17525812,301522528.00
2016/03/10,6.72,6.78,6.60,6.60,12525208,213494064.00
2016/03/11,6.56,6.72,6.46,6.68,10997399,185250576.00
2016/03/14,6.78,7.00,6.74,6.88,25394673,448072832.00
2016/03/15,6.82,6.92,6.74,6.88,17009993,296820576.00
2016/03/16,6.89,6.93,6.68,6.70,14170815,245017312.00
2016/03/17,6.74,6.96,6.74,6.95,21825350,383354240.00
2016/03/18,6.99,7.22,6.98,7.16,28919502,525665504.00
2016/03/21,7.25,7.40,7.19,7.28,26812559,497395008.00
2016/03/22,7.22,7.36,7.18,7.24,18556830,343504256.00
2016/03/23,7.22,7.44,7.20,7.35,18683004,348755200.00
2016/03/24,7.26,7.26,7.10,7.12,20141023,369217504.00
2016/03/25,7.14,7.20,7.09,7.18,11516205,209897104.00
2016/03/28,7.24,7.34,7.13,7.16,13977466,258516112.00
2016/03/29,7.16,7.20,6.93,6.97,13360421,239071840.00
2016/03/30,7.07,7.28,7.02,7.27,15172464,276299232.00
2016/03/31,7.36,7.38,7.22,7.30,15253965,284034208.00
2016/04/01,7.28,7.32,7.06,7.25,12968549,237864448.00
2016/04/05,7.22,7.53,7.20,7.50,24785152,469165728.00
2016/04/06,7.46,7.55,7.41,7.51,15303218,291626208.00
2016/04/07,7.53,7.63,7.36,7.50,21764883,415867584.00
2016/04/25,8.16,8.16,7.46,7.52,47995521,945587264.00
2016/04/26,7.52,8.05,7.40,7.98,33868880,668269632.00
2016/04/27,8.01,8.66,7.90,8.34,44397795,940998656.00
2016/04/28,8.26,8.61,8.10,8.54,32753261,695681728.00
2016/04/29,8.51,8.56,8.37,8.45,21540910,464432512.00
2016/05/03,8.48,8.71,8.43,8.61,33610811,734850368.00
2016/05/04,8.58,8.60,8.47,8.52,18469119,400100800.00
2016/05/05,8.46,8.49,8.38,8.46,20932301,448264672.00
2016/05/06,8.54,8.70,8.27,8.28,32864949,710900096.00
2016/05/09,8.26,8.34,7.88,7.96,23007015,472262240.00
2016/05/10,7.96,8.08,7.90,8.01,13594343,276117120.00
2016/05/11,8.08,8.11,7.88,7.96,14864493,302233376.00
2016/05/12,7.82,8.24,7.75,8.18,21037420,429810400.00
2016/05/13,8.12,8.50,8.10,8.42,28439337,604968896.00
2016/05/16,8.38,8.56,8.28,8.52,23133084,496012128.00
2016/05/17,8.58,8.58,8.33,8.38,18919504,405248032.00
2016/05/18,8.34,8.34,7.90,8.08,21174009,436505536.00
2016/05/19,8.10,8.35,8.06,8.10,17139115,358026240.00
2016/05/20,7.98,8.18,7.94,8.15,12551483,258498880.00
2016/05/23,8.18,8.53,8.18,8.52,25275664,541145664.00
2016/05/24,8.47,8.49,8.31,8.42,15992807,341532384.00
2016/05/25,8.53,8.70,8.38,8.39,25354898,550604544.00
2016/05/26,8.41,8.52,8.14,8.51,19812756,419296192.00
2016/05/27,8.49,8.52,8.35,8.40,13990804,300103552.00
2016/05/30,8.46,8.82,8.43,8.64,36054812,793328448.00
2016/05/31,8.60,8.95,8.58,8.94,47438684,1061929088.00
2016/06/01,8.94,8.99,8.82,8.92,36127186,817777728.00
2016/06/02,8.94,8.97,8.84,8.94,24321070,550641856.00
2016/06/03,8.95,9.17,8.91,9.04,29738013,685628672.00
2016/06/06,9.06,9.32,9.03,9.10,25160779,585672000.00
2016/06/07,9.14,9.15,9.01,9.12,17208832,396368128.00
2016/06/08,9.08,9.16,8.91,9.06,21933303,502495808.00
2016/06/13,8.90,9.26,8.66,8.67,30665005,701888512.00
2016/06/14,8.65,8.82,8.62,8.81,18111119,402028096.00
2016/06/15,8.70,9.49,8.66,9.36,41294431,963177152.00
2016/06/16,9.36,9.46,9.24,9.30,23794127,565023424.00
2016/06/17,9.30,9.50,9.30,9.42,24965492,596539840.00
2016/06/20,9.56,9.57,9.34,9.40,24337939,581913856.00
2016/06/21,9.47,9.54,9.14,9.19,27097759,640720384.00
2016/06/22,9.29,9.36,9.00,9.31,27849520,650029056.00
2016/06/23,9.30,9.77,9.23,9.65,43562795,1054418304.00
2016/06/24,9.58,9.72,9.14,9.43,32760612,786804480.00
2016/06/27,9.41,9.84,9.40,9.78,28336623,697639616.00
2016/06/28,9.73,9.85,9.63,9.76,26796524,662905856.00
2016/06/29,9.79,9.80,9.59,9.61,26151166,641126336.00
2016/06/30,9.70,10.14,9.66,9.70,55044341,547916992.00
2016/07/01,9.52,9.58,9.33,9.39,70078415,669085888.00
2016/07/04,9.25,9.59,9.18,9.51,49539905,474304256.00
2016/07/05,9.54,9.58,9.44,9.48,39476353,378957088.00
2016/07/06,9.43,9.59,9.39,9.46,35073777,336190784.00
2016/07/07,9.41,9.44,9.22,9.31,53055684,498915200.00
2016/07/08,9.38,9.82,9.32,9.69,91474664,892334592.00
2016/07/11,9.73,9.78,9.60,9.66,57281360,559874240.00
2016/07/12,9.70,9.71,9.41,9.67,50812515,492347680.00
2016/07/13,9.71,9.76,9.62,9.69,39461688,385924640.00
2016/07/14,9.69,10.17,9.63,10.10,112284005,1136632064.00
2016/07/15,10.10,11.11,10.02,10.87,156034952,1655587456.00
2016/07/18,10.90,11.63,10.89,11.22,166964650,1904917376.00
2016/07/19,11.20,11.40,10.96,11.28,114402801,1292344704.00
2016/07/20,11.20,11.34,11.07,11.15,68956496,777153984.00
2016/07/21,11.16,12.28,11.16,12.27,273774675,3336756224.00
2016/07/22,12.11,12.24,11.80,12.12,191060106,2315677696.00
2016/07/25,12.16,12.46,11.80,11.98,153466863,1867589120.00
2016/07/26,11.94,12.28,11.71,12.05,109604960,1330983680.00
2016/07/27,11.92,12.15,11.03,11.26,145896174,1703724672.00
2016/07/28,11.25,11.71,11.06,11.58,95862310,1100250496.00
2016/07/29,11.82,11.89,11.35,11.41,75339885,882590144.00
2016/08/01,11.19,11.36,10.74,11.20,87022828,965937856.00
2016/08/02,11.10,12.05,11.05,12.00,109488113,1284158208.00
2016/08/03,12.00,12.46,11.83,12.31,153752158,1891335296.00
2016/08/04,12.23,12.58,12.06,12.22,123718479,1539344640.00
2016/08/05,12.13,12.25,11.86,11.90,104690706,1269720320.00
2016/08/08,11.83,12.39,11.67,12.33,102953084,1251340032.00
2016/08/09,12.25,12.84,12.21,12.66,150674974,1910672128.00
2016/08/10,12.60,12.96,12.46,12.70,132767689,1705257728.00
2016/08/11,12.69,12.95,12.54,12.56,113241881,1454871168.00
2016/08/12,12.54,12.68,12.26,12.49,103904886,1301864192.00
2016/08/15,12.66,13.20,12.41,13.04,147805845,1900242688.00
2016/08/16,12.91,12.93,12.55,12.56,165343147,2116826368.00
2016/08/17,12.54,12.77,12.43,12.64,72821860,927765760.00
2016/08/18,12.65,12.95,12.55,12.64,89602721,1149151360.00
2016/08/19,12.68,12.68,12.28,12.33,85710902,1070963584.00
2016/08/22,12.34,12.44,12.11,12.14,52199985,645205120.00
2016/08/23,12.08,12.21,11.96,12.07,50365708,611710464.00
2016/08/24,12.09,12.41,12.09,12.29,56983675,706327232.00
2016/08/25,12.21,12.22,11.96,12.11,49988507,608264448.00
2016/08/26,12.17,12.47,12.12,12.18,56955728,707310208.00
2016/08/29,12.09,12.39,12.06,12.17,39928597,492292544.00
2016/08/30,12.15,12.22,12.00,12.05,44327171,539433856.00
2016/08/31,12.07,12.14,12.01,12.12,35545331,432578720.00
2016/09/01,12.12,12.27,12.01,12.07,50148356,613058944.00
2016/09/02,12.07,12.13,11.63,11.68,72830032,870839680.00
2016/09/05,11.64,11.85,11.56,11.60,43218596,510513024.00
2016/09/06,11.64,12.05,11.33,12.00,90826945,1074784384.00
2016/09/07,11.95,12.05,11.77,11.80,47140144,565321024.00
2016/09/08,11.75,12.01,11.75,11.90,37301198,447435424.00
2016/09/09,11.88,12.15,11.87,11.93,60464269,733727488.00
2016/09/12,11.62,11.77,11.43,11.49,48780880,570654528.00
2016/09/13,11.65,11.67,11.38,11.55,39411557,458592192.00
2016/09/14,11.41,11.67,11.37,11.46,30296461,352784320.00
2016/09/19,11.59,11.67,11.51,11.54,24869255,290466528.00
2016/09/20,11.51,11.56,11.25,11.31,42552938,487869088.00
2016/09/21,11.38,11.46,11.22,11.24,36895879,420757440.00
2016/09/22,11.35,11.36,11.05,11.11,58779608,663160704.00
2016/09/23,11.13,11.17,10.73,10.77,63402491,696503616.00
2016/09/26,10.74,10.74,10.42,10.51,52719835,561051072.00
2016/09/27,10.46,10.68,10.46,10.66,34376426,366912960.00
2016/09/28,10.68,10.69,10.51,10.54,19067876,203437360.00
2016/09/29,10.57,10.66,10.53,10.55,24041979,257146144.00
2016/09/30,10.62,10.89,10.58,10.84,40433130,440603904.00
2016/10/10,10.95,11.26,10.95,11.19,45543349,512613888.00
2016/10/11,11.33,11.47,11.22,11.29,52656605,601885248.00
2016/10/12,11.23,11.35,11.16,11.28,28377302,322539104.00
2016/10/13,11.34,11.34,11.17,11.20,27615888,312637152.00
2016/10/14,11.19,11.20,10.96,11.05,34650116,386601664.00
2016/10/17,11.10,11.27,11.00,11.06,32755942,368450368.00
2016/10/18,11.10,11.22,11.02,11.21,28306822,318065408.00
2016/10/19,11.25,11.30,11.09,11.13,28282154,319061024.00
2016/10/20,11.15,11.15,11.00,11.06,25696328,286859968.00
2016/10/21,11.07,11.09,10.91,11.00,23715934,263078688.00
2016/10/24,11.01,11.18,10.95,11.10,30179283,337527872.00
2016/10/25,11.13,11.16,11.06,11.09,18795233,210250176.00
2016/10/26,11.14,11.15,11.02,11.14,24142414,270446080.00
2016/10/27,11.15,11.17,10.98,11.01,22492266,250304704.00
2016/10/28,11.05,11.07,10.93,10.94,21286094,236030432.00
2016/10/31,10.91,10.92,10.65,10.70,36791445,398591264.00
2016/11/01,10.71,10.86,10.70,10.78,20434862,222115360.00
2016/11/02,10.79,10.82,10.62,10.63,23383544,252007296.00
2016/11/03,10.60,10.74,10.56,10.64,22353829,240755600.00
2016/11/04,10.60,10.74,10.60,10.63,20047590,215773504.00
2016/11/07,10.65,10.89,10.63,10.89,38139681,415467456.00
2016/11/08,11.11,11.18,10.82,10.87,35117126,389090560.00
2016/11/09,10.90,10.95,10.57,10.71,33738576,365309344.00
2016/11/10,10.80,10.89,10.75,10.82,25215869,275394080.00
2016/11/11,10.82,10.96,10.76,10.92,28392407,311900480.00
2016/11/14,10.92,11.00,10.83,10.92,28634434,315077568.00
2016/11/15,10.98,11.22,10.95,11.20,64509465,724060928.00
2016/11/16,11.24,11.25,11.07,11.11,29737532,333772512.00
2016/11/17,11.15,11.15,11.04,11.07,18897765,211123216.00
2016/11/18,11.07,11.16,10.98,11.00,24804608,276935456.00
2016/11/21,11.00,11.09,10.98,11.02,20826962,231689104.00
2016/11/22,11.03,11.07,10.96,11.04,24039255,266721008.00
2016/11/23,11.04,11.09,10.97,11.03,23730575,263824720.00
2016/11/24,11.04,11.06,10.93,10.96,21465540,238415088.00
2016/11/25,10.98,11.02,10.74,11.00,26881274,295414912.00
2016/11/28,11.00,11.14,10.98,11.06,33784170,377132064.00
2016/11/29,11.04,11.20,11.01,11.14,41515568,465348960.00
2016/11/30,11.10,11.64,11.07,11.53,105589378,1216819712.00
2016/12/01,11.60,11.77,11.36,11.54,73890212,861501632.00
2016/12/02,11.55,11.57,11.20,11.21,41268870,470600032.00
2016/12/05,11.10,11.37,11.06,11.21,29749412,337059968.00
2016/12/06,11.22,11.29,11.03,11.09,32588447,365950400.00
2016/12/07,11.10,11.24,11.08,11.19,22132833,249360000.00
2016/12/08,11.23,11.35,11.15,11.23,25082005,285067136.00
2016/12/09,11.23,11.30,11.08,11.10,22210600,250012032.00
2016/12/12,11.13,11.18,10.56,10.59,41645400,453698528.00
2016/12/13,10.57,10.69,10.50,10.61,20017230,214404640.00
2016/12/14,10.61,10.65,10.19,10.20,30004547,314406912.00
2016/12/15,10.24,10.88,10.24,10.56,38987366,415788128.00
2016/12/16,10.62,10.64,10.46,10.62,17842591,190083424.00
2016/12/19,10.65,10.67,10.51,10.65,13725517,146678016.00
2016/12/20,10.72,10.75,10.55,10.62,18901767,203309936.00
2016/12/21,10.70,10.74,10.64,10.67,12471060,134434944.00
2016/12/22,10.70,10.70,10.56,10.58,10358572,110847688.00
2016/12/23,10.65,10.69,10.48,10.58,17712144,189373088.00
2016/12/26,10.59,10.59,10.32,10.52,13141403,138180608.00
2016/12/27,10.53,10.56,10.36,10.40,15325801,161628592.00
2016/12/28,10.41,10.47,10.30,10.33,12138133,126890200.00
2016/12/29,10.45,10.49,10.32,10.33,12197618,127748096.00
2016/12/30,10.40,10.47,10.34,10.43,13211895,138793248.00
2017/01/03,10.44,10.54,10.43,10.53,13610743,144203488.00
2017/01/04,10.59,10.98,10.55,10.95,51206286,558897856.00
2017/01/05,10.97,10.97,10.81,10.89,21877229,239873056.00
2017/01/06,11.14,11.30,11.02,11.05,51895316,582404992.00
2017/01/09,11.13,11.16,10.94,11.08,25467926,283929120.00
2017/01/10,11.12,11.12,10.91,10.92,22873574,254291376.00
2017/01/11,11.04,11.04,10.85,10.92,21327843,235633488.00
2017/01/12,10.93,11.03,10.85,10.89,15146414,166946032.00
2017/01/13,10.93,11.06,10.87,10.93,27684077,306497472.00
2017/01/16,11.11,11.15,10.73,11.09,62436632,692977792.00
2017/01/17,11.05,11.32,10.96,11.31,46730435,526046304.00
2017/01/18,11.27,11.46,11.19,11.21,39974702,456203232.00
2017/01/19,11.21,11.32,11.09,11.13,26089849,294583008.00
2017/01/20,11.14,11.27,11.07,11.26,26754271,302451552.00
2017/01/23,11.34,11.35,11.16,11.27,28089238,318710656.00
2017/01/24,11.26,11.27,11.11,11.17,21094007,237677312.00
2017/01/25,11.13,11.17,11.02,11.10,17847090,199836656.00
2017/01/26,11.14,11.18,11.11,11.12,14779972,166179184.00
2017/02/03,11.10,11.18,11.08,11.15,13902001,156348512.00
2017/02/06,11.22,11.31,11.08,11.28,31697296,358731520.00
2017/02/07,11.32,11.32,11.22,11.28,21614124,245693584.00
2017/02/08,11.28,11.28,11.12,11.24,20599305,232784944.00
2017/02/09,11.21,11.38,11.19,11.34,35297613,402016352.00
2017/02/10,11.29,11.38,11.21,11.23,33775112,384604544.00
2017/02/13,11.19,11.22,11.12,11.13,32470841,365523520.00
2017/02/14,11.30,11.35,11.13,11.19,26419100,298687808.00
2017/02/15,11.23,11.23,11.01,11.02,27738034,311018368.00
2017/02/16,11.02,11.04,10.89,10.99,32491204,359127104.00
2017/02/17,11.00,11.07,10.92,10.99,23451799,260252816.00
2017/02/20,11.00,11.12,10.97,11.09,21667353,241671360.00
2017/02/21,11.17,11.18,11.09,11.13,22230020,249800928.00
2017/02/22,11.12,11.29,11.07,11.24,34387657,388739456.00
2017/02/23,11.24,11.24,11.12,11.15,22390095,252066528.00
2017/02/24,11.15,11.15,11.05,11.08,18342035,205033984.00
2017/02/27,11.08,11.10,10.99,10.99,18353113,204457392.00
2017/02/28,10.99,11.05,10.97,11.03,14153772,157276384.00
2017/03/01,11.04,11.05,10.95,10.99,17277337,191839424.00
2017/03/02,11.02,11.04,10.80,10.82,26322141,289904864.00
2017/03/03,10.82,10.93,10.82,10.88,15151805,166450304.00
2017/03/06,10.88,11.13,10.86,11.10,33267767,371116192.00
2017/03/07,11.10,11.12,10.98,11.02,16681679,185544048.00
2017/03/08,11.03,11.04,10.87,10.91,20162637,222486576.00
2017/03/09,10.92,10.99,10.73,10.97,31492218,344880576.00
2017/03/10,10.91,11.09,10.88,11.01,30735086,341783168.00
2017/03/13,10.98,11.38,10.97,11.36,88738629,1006697408.00
2017/03/14,11.34,11.43,11.23,11.39,57281427,654496192.00
2017/03/15,11.32,11.42,11.28,11.34,33137102,379346112.00
2017/03/16,11.34,11.62,11.32,11.53,66842779,773764480.00
2017/03/17,11.54,11.59,11.24,11.28,48853073,563685312.00
2017/03/20,11.44,11.47,11.26,11.34,24375648,278629792.00
2017/03/21,11.36,11.71,11.30,11.66,78203628,911727680.00
2017/03/22,11.57,11.68,11.48,11.64,51374931,599667456.00
2017/03/23,11.65,11.73,11.42,11.64,45606725,533843456.00
2017/03/24,11.65,12.12,11.53,11.97,112978842,1356027264.00
2017/03/27,11.97,12.30,11.86,11.91,76988729,937387648.00
2017/03/28,11.88,12.07,11.82,12.00,45268738,546177024.00
2017/03/29,12.09,12.11,11.80,11.82,38917294,469566304.00
2017/03/30,11.81,11.85,11.50,11.59,50704386,594832128.00
2017/03/31,11.60,11.74,11.53,11.69,43638976,511497568.00
2017/04/05,11.65,11.93,11.55,11.88,44006518,523217728.00
2017/04/06,11.83,12.04,11.79,11.85,37065551,444236256.00
2017/04/07,11.87,12.00,11.80,11.96,41561384,499266848.00
2017/04/10,11.95,12.05,11.71,11.72,36312224,434443104.00
2017/04/11,11.70,11.78,11.45,11.67,47258096,551926720.00
2017/04/12,11.73,11.75,11.48,11.51,30720076,358810784.00
2017/04/13,11.50,11.66,11.49,11.54,22571412,263196784.00
2017/04/14,11.51,11.56,11.22,11.26,34287839,392464096.00
2017/04/17,11.27,11.36,11.20,11.33,19829493,225908880.00
2017/04/18,11.33,11.55,11.30,11.37,24918108,287223104.00
2017/04/19,11.31,11.47,11.15,11.40,26336126,300554752.00
2017/04/20,11.45,11.65,11.40,11.61,42154926,491310752.00
2017/04/21,11.64,11.69,11.50,11.63,32309387,377630048.00
2017/04/24,11.53,11.65,11.28,11.57,33980110,392112096.00
2017/04/25,11.47,11.57,11.39,11.44,19946940,230801376.00
2017/04/26,11.21,11.29,10.29,10.41,115815494,1241214208.00
2017/04/27,10.31,10.49,10.13,10.41,33440853,348246240.00
2017/04/28,10.52,10.68,10.49,10.53,26654536,284564320.00
2017/05/02,10.52,10.57,10.23,10.35,27169747,283909248.00
2017/05/03,10.28,10.66,10.25,10.56,30864236,327797792.00
2017/05/04,10.48,10.54,10.27,10.49,31677216,333076640.00
2017/05/05,10.41,10.49,10.29,10.47,30298630,317958528.00
2017/05/08,10.41,10.57,10.32,10.55,29871488,315835328.00
2017/05/09,10.48,10.54,10.39,10.46,15720035,165956864.00
2017/05/10,10.49,10.65,10.38,10.44,27025227,287154336.00
2017/05/11,10.45,10.58,10.35,10.53,31884129,336996032.00
2017/05/12,10.61,10.69,10.48,10.51,27683965,295551008.00
2017/05/15,10.61,10.75,10.56,10.69,33044946,355955616.00
2017/05/16,10.70,10.83,10.53,10.82,30224215,326635072.00
2017/05/17,10.85,11.07,10.81,10.83,35416140,390918048.00
2017/05/18,10.71,10.87,10.70,10.80,14360959,156290304.00
2017/05/19,10.83,10.87,10.76,10.80,12427823,135682128.00
2017/05/22,10.79,10.92,10.70,10.88,20665641,225498464.00
2017/05/23,10.82,10.91,10.65,10.87,26473584,288723616.00
2017/05/24,10.84,10.88,10.66,10.88,17877284,194513632.00
2017/05/25,10.81,11.05,10.81,11.00,29938283,331905120.00
2017/05/26,11.05,11.05,10.87,10.96,16787853,185661456.00
2017/05/31,11.06,11.14,11.01,11.12,22634321,253058064.00
2017/06/01,11.11,11.26,11.05,11.26,34436022,389059392.00
2017/06/02,11.24,11.31,11.10,11.23,24268517,274488320.00
2017/06/05,11.26,11.37,11.23,11.28,18749801,213558928.00
2017/06/06,11.29,11.32,11.20,11.30,13526292,153728960.00
2017/06/07,11.30,11.43,11.25,11.39,22876535,262336320.00
2017/06/08,11.45,11.56,11.38,11.39,23021276,266250336.00
2017/06/09,11.40,11.55,11.40,11.48,34263337,397042880.00
2017/06/12,11.48,11.49,11.16,11.28,31068056,354257504.00
2017/06/13,11.26,11.34,11.18,11.29,16769441,190610352.00
2017/06/14,11.31,11.31,11.12,11.20,21204165,239311216.00
2017/06/15,11.16,11.26,11.15,11.20,13602787,154007600.00
2017/06/16,11.18,11.40,11.18,11.29,14608192,166636048.00
2017/06/19,11.28,11.40,11.28,11.33,14426360,165147920.00
2017/06/20,11.35,11.37,11.27,11.31,14047988,160473968.00
2017/06/21,11.36,11.38,11.20,11.32,14799319,168559424.00
2017/06/22,11.32,11.38,11.16,11.35,27285355,310007328.00
2017/06/23,11.33,11.45,11.23,11.44,27394211,314149536.00
2017/06/26,11.45,11.99,11.43,11.86,81574391,970116928.00
2017/06/27,11.85,11.93,11.76,11.87,32247001,385664704.00
2017/06/28,11.80,11.95,11.78,11.84,26143670,312689536.00
2017/06/29,11.87,12.05,11.81,11.99,36161276,436096448.00
2017/06/30,11.97,12.02,11.83,11.95,28257419,339539936.00
2017/07/03,12.00,12.01,11.76,11.86,24242631,290236800.00
2017/07/04,11.88,11.99,11.79,11.89,20200040,241896384.00
2017/07/05,11.90,11.96,11.82,11.89,23217256,278085952.00
2017/07/06,11.95,12.25,11.91,12.13,57401988,701723008.00
2017/07/07,12.10,12.12,11.84,12.01,40373508,487625120.00
2017/07/10,11.96,12.01,11.72,11.73,31866510,380909888.00
2017/07/11,11.73,11.82,11.68,11.70,21962822,260155456.00
2017/07/12,11.72,11.79,11.31,11.45,46905471,544191296.00
2017/07/13,11.45,11.55,11.39,11.48,19317702,223847600.00
2017/07/14,11.47,11.53,11.35,11.48,16386162,189469584.00
2017/07/17,11.38,11.41,10.84,10.86,42383228,474586048.00
2017/07/18,10.88,10.98,10.76,10.96,20869420,228992672.00
2017/07/19,10.97,11.26,10.85,11.23,25195603,281728832.00
2017/07/20,11.24,11.44,11.17,11.20,23412699,267157984.00
2017/07/21,11.20,11.41,11.14,11.38,20589446,234803792.00
2017/07/24,11.42,11.46,11.31,11.41,20314326,231307248.00
2017/07/25,11.41,11.43,11.21,11.31,17427912,196992128.00
2017/07/26,11.31,11.34,11.10,11.12,18141327,202850464.00
2017/07/27,11.12,11.35,11.06,11.31,16704410,187455872.00
2017/07/28,11.33,11.45,11.30,11.36,17633600,200914368.00
2017/08/02,11.49,11.49,11.49,11.49,0,0.00
数据来源:通达信
