600820 隧道股份 日线 前复权
      日期	    开盘	    最高	    最低	    收盘	    成交量	    成交额
2010/10/08,4.58,4.71,4.56,4.67,17986499,198103456.00
2010/10/11,4.68,4.76,4.60,4.67,19455354,214529472.00
2010/10/12,4.65,4.88,4.61,4.83,18722964,211122768.00
2010/10/13,4.84,5.01,4.70,4.76,19626729,220147040.00
2010/10/14,4.80,4.84,4.56,4.60,16542350,182217696.00
2010/10/15,4.60,4.71,4.55,4.65,14213900,156018256.00
2010/10/18,4.70,4.99,4.61,4.90,26665707,303302496.00
2010/10/19,4.90,4.99,4.78,4.96,18850520,216937376.00
2010/10/20,4.85,4.95,4.75,4.85,17030487,193645184.00
2010/10/21,4.85,5.10,4.81,5.06,21714906,254529808.00
2010/10/22,5.10,5.11,5.00,5.03,10702389,125995744.00
2010/10/25,5.02,5.10,4.92,5.06,16790534,196324752.00
2010/10/26,5.08,5.13,5.00,5.06,15203819,179170176.00
2010/10/27,5.02,5.04,4.87,4.88,15922751,184997760.00
2010/10/28,4.88,4.93,4.79,4.86,8435183,96193648.00
2010/10/29,4.86,4.88,4.76,4.84,7428005,83903536.00
2010/11/01,4.86,5.18,4.86,5.17,29356341,346638912.00
2010/11/02,5.19,5.56,5.12,5.45,48555074,603586304.00
2010/11/03,5.45,5.60,5.26,5.36,26961144,338897888.00
2010/11/04,5.43,5.53,5.35,5.46,14734324,184808800.00
2010/11/05,5.51,5.99,5.41,5.73,36646604,481612704.00
2010/11/08,5.84,6.16,5.81,5.87,34975107,475084800.00
2010/11/09,5.88,5.91,5.65,5.78,18559986,244158832.00
2010/11/10,5.72,5.72,5.51,5.62,18445186,238009776.00
2010/11/11,5.58,5.72,5.51,5.52,15068562,194872320.00
2010/11/12,5.52,5.66,5.11,5.13,19354717,241202624.00
2010/11/15,5.18,5.29,5.15,5.28,10551960,128052976.00
2010/11/16,5.28,5.31,4.91,4.95,12524845,149147312.00
2010/11/17,4.90,5.13,4.81,4.88,9544170,111302152.00
2010/11/18,4.96,5.00,4.78,4.91,8490011,97085400.00
2010/11/19,4.95,5.11,4.82,5.10,13081270,151919840.00
2010/11/22,5.03,5.18,4.96,5.10,9636469,114458784.00
2010/11/23,5.08,5.24,4.99,5.22,12785504,152287792.00
2010/11/24,5.16,5.52,5.13,5.45,26408980,327656448.00
2010/11/25,5.48,5.58,5.41,5.45,22556213,284457120.00
2010/11/26,5.41,5.48,5.23,5.33,10069319,124571768.00
2010/11/29,5.29,5.31,5.20,5.24,6355066,77289336.00
2010/11/30,5.26,5.37,4.93,5.05,10616936,127154208.00
2010/12/01,5.05,5.11,4.98,5.03,4554472,53569836.00
2010/12/02,5.11,5.14,5.03,5.03,6222552,73725496.00
2010/12/03,5.04,5.10,4.92,5.02,4524294,52819544.00
2010/12/06,5.02,5.11,4.98,5.08,4479407,52820548.00
2010/12/07,5.06,5.11,4.96,5.09,4305824,50688644.00
2010/12/08,5.12,5.33,5.11,5.19,11685100,142077024.00
2010/12/09,5.15,5.45,5.11,5.30,15484462,190965280.00
2010/12/10,5.29,5.30,5.16,5.28,7111727,86344992.00
2010/12/13,5.30,5.44,5.30,5.40,12621540,157267456.00
2010/12/14,5.40,5.53,5.33,5.46,15765207,197068176.00
2010/12/15,5.45,5.48,5.26,5.29,10621016,131603576.00
2010/12/16,5.27,5.34,5.19,5.21,8192964,99996800.00
2010/12/17,5.19,5.23,5.16,5.20,6423025,77455000.00
2010/12/20,5.21,5.31,5.00,5.12,11860456,141805792.00
2010/12/21,5.12,5.22,5.07,5.19,6941499,83284088.00
2010/12/22,5.20,5.30,5.15,5.18,7486089,90576792.00
2010/12/23,5.15,5.20,5.05,5.06,5696868,67845944.00
2010/12/24,5.06,5.06,4.91,5.03,5578673,65010308.00
2010/12/27,5.02,5.10,4.82,4.83,5298808,61434148.00
2010/12/28,4.78,4.85,4.66,4.66,5247400,58189188.00
2010/12/29,4.70,4.78,4.58,4.74,4624313,51166704.00
2010/12/30,4.74,4.74,4.58,4.60,6814549,74597480.00
2010/12/31,4.62,4.69,4.54,4.64,10450237,113801976.00
2011/01/04,4.68,4.86,4.65,4.85,12859916,144105936.00
2011/01/05,4.81,5.00,4.77,4.93,11301753,130112968.00
2011/01/06,4.93,4.96,4.83,4.87,5060973,57876648.00
2011/01/07,4.87,4.96,4.81,4.87,4965783,56957312.00
2011/01/10,4.86,4.89,4.74,4.74,5041861,57247992.00
2011/01/11,4.66,4.72,4.58,4.68,4292504,47118508.00
2011/01/12,4.68,4.74,4.64,4.73,2806316,31055814.00
2011/01/13,4.73,4.85,4.73,4.83,4581270,51792760.00
2011/01/14,4.84,4.97,4.72,4.91,7684446,87681992.00
2011/04/12,5.49,5.49,5.49,5.49,705535,8932073.00
2011/04/13,6.12,6.12,5.68,5.79,84129366,1142840064.00
2011/04/14,5.71,5.77,5.56,5.61,32243281,417637728.00
2011/04/15,5.56,5.68,5.52,5.65,19614642,252816096.00
2011/04/18,5.66,5.90,5.63,5.79,26700272,352664224.00
2011/04/19,5.71,5.71,5.51,5.51,18832305,241874480.00
2011/04/20,5.56,5.82,5.55,5.80,22621194,295488000.00
2011/04/21,5.76,5.84,5.67,5.75,15294281,201543152.00
2011/04/22,5.83,5.83,5.58,5.61,12843455,167593216.00
2011/04/25,5.60,5.61,5.36,5.36,11740086,147920976.00
2011/04/26,5.36,5.48,5.25,5.33,7801480,96662464.00
2011/04/27,5.36,5.43,5.18,5.24,6433477,79163568.00
2011/04/28,5.26,5.28,4.98,5.00,10908711,129434872.00
2011/04/29,5.00,5.08,4.97,5.05,4717901,55375728.00
2011/05/03,5.07,5.11,4.98,5.11,5228213,61616352.00
2011/05/04,5.11,5.11,4.92,4.96,6339481,74020352.00
2011/05/05,4.94,5.01,4.92,4.96,3757641,43688588.00
2011/05/06,4.94,4.95,4.85,4.91,4736154,54373188.00
2011/05/09,4.93,5.04,4.91,4.97,4121504,47948044.00
2011/05/10,4.97,5.03,4.92,5.01,3761945,43872660.00
2011/05/11,5.03,5.04,4.94,4.95,5544764,64538464.00
2011/05/13,4.91,4.97,4.77,4.86,6842216,77908984.00
2011/05/16,4.82,4.90,4.80,4.84,3899371,44274176.00
2011/05/17,4.85,5.01,4.82,4.93,6823764,78921016.00
2011/05/18,4.93,5.03,4.91,5.02,5573002,64857812.00
2011/05/19,5.01,5.05,4.91,4.92,3568697,41477760.00
2011/05/20,4.93,5.01,4.88,5.00,4739491,55039712.00
2011/05/23,4.99,5.03,4.79,4.80,6415495,73564272.00
2011/05/24,4.77,4.80,4.62,4.70,5144881,56894436.00
2011/05/25,4.67,4.73,4.56,4.56,4142903,45374544.00
2011/05/26,4.60,4.62,4.50,4.51,2717457,29434626.00
2011/05/27,4.57,4.57,4.36,4.36,3224536,34087888.00
2011/05/30,4.32,4.38,4.21,4.22,3108744,32001744.00
2011/05/31,4.23,4.33,4.15,4.33,4044283,41034832.00
2011/06/01,4.29,4.49,4.28,4.48,5405643,56764128.00
2011/06/02,4.41,4.60,4.30,4.48,8813546,93154480.00
2011/06/03,4.42,4.54,4.41,4.47,4796772,51028692.00
2011/06/07,4.40,4.45,4.40,4.42,3048174,32088276.00
2011/06/08,4.43,4.43,4.29,4.38,2902413,30084872.00
2011/06/09,4.35,4.40,4.23,4.24,3601880,37207800.00
2011/06/10,4.26,4.34,4.19,4.28,2772195,28310200.00
2011/06/13,4.33,4.43,4.31,4.39,4733287,49501244.00
2011/06/14,4.36,4.48,4.35,4.44,3511428,37019264.00
2011/06/15,4.41,4.45,4.35,4.36,2110970,22129498.00
2011/06/16,4.32,4.33,4.22,4.26,2746576,28088976.00
2011/06/17,4.48,4.64,4.41,4.41,9530414,102005472.00
2011/06/20,4.36,4.36,4.19,4.24,4490839,45865604.00
2011/06/21,4.24,4.29,4.21,4.28,3036720,30998334.00
2011/06/22,4.30,4.31,4.24,4.25,2504645,25552234.00
2011/06/23,4.24,4.31,4.18,4.29,5226698,53156144.00
2011/06/24,4.26,4.43,4.24,4.40,9203364,95576424.00
2011/06/27,4.40,4.49,4.37,4.45,6322087,66722384.00
2011/06/28,4.45,4.47,4.39,4.45,3819464,40200188.00
2011/06/29,4.44,4.53,4.41,4.42,4807133,51015928.00
2011/06/30,4.51,4.55,4.46,4.49,5084975,54322804.00
2011/07/01,4.54,4.56,4.48,4.51,5148437,55142144.00
2011/07/05,4.64,4.78,4.61,4.65,17296304,190963952.00
2011/07/06,4.67,4.68,4.58,4.62,5326764,57046728.00
2011/07/07,4.62,4.66,4.56,4.58,5411030,57679076.00
2011/07/08,4.57,4.60,4.48,4.53,3725026,39327216.00
2011/07/11,4.53,4.60,4.51,4.58,3521024,37307612.00
2011/07/12,4.54,4.54,4.45,4.47,4469909,46749656.00
2011/07/13,4.46,4.55,4.46,4.54,4361340,45816548.00
2011/07/14,4.66,4.80,4.61,4.65,13000289,141336512.00
2011/07/15,4.61,4.71,4.59,4.67,8272821,89388504.00
2011/07/18,4.68,4.70,4.62,4.66,5666463,61118456.00
2011/07/19,4.64,4.64,4.57,4.58,5212426,55582256.00
2011/07/20,4.60,4.66,4.59,4.64,4572086,49008552.00
2011/07/21,4.61,4.63,4.49,4.51,4554706,48307896.00
2011/07/22,4.53,4.55,4.47,4.52,3555922,37360396.00
2011/07/25,4.47,4.48,4.27,4.30,6605580,67353480.00
2011/07/26,4.30,4.35,4.26,4.30,3233875,32593552.00
2011/07/27,4.30,4.34,4.26,4.31,4157344,41975184.00
2011/07/28,4.28,4.29,4.18,4.22,4999907,49621736.00
2011/07/29,4.22,4.23,4.13,4.15,4246805,41766480.00
2011/08/01,4.16,4.19,4.14,4.17,2223317,21846044.00
2011/08/02,4.17,4.17,4.02,4.08,3041939,29262696.00
2011/08/03,4.02,4.08,4.01,4.04,2568071,24591712.00
2011/08/04,4.08,4.09,4.04,4.07,2507517,24132298.00
2011/08/05,3.91,3.94,3.81,3.90,3969652,36896136.00
2011/08/08,3.81,3.90,3.61,3.68,5694625,50896540.00
2011/08/09,3.55,3.66,3.46,3.64,5934871,51053556.00
2011/08/10,3.71,3.77,3.67,3.67,4624882,41183340.00
2011/08/11,3.57,3.74,3.53,3.71,4241347,37272684.00
2011/08/12,3.74,3.79,3.73,3.76,4245295,38228036.00
2011/08/15,3.78,3.80,3.74,3.79,4540983,41035884.00
2011/08/16,3.80,3.82,3.73,3.74,3675836,33217604.00
2011/08/17,3.74,3.80,3.71,3.76,2730805,24595444.00
2011/08/18,3.79,3.79,3.65,3.65,2868888,25496556.00
2011/08/19,3.56,3.60,3.51,3.58,3054274,26317824.00
2011/08/22,3.60,3.65,3.57,3.58,2656385,23134758.00
2011/08/23,3.60,3.68,3.58,3.67,2015663,17638174.00
2011/08/24,3.71,3.72,3.63,3.64,2756793,24413550.00
2011/08/25,3.65,3.77,3.65,3.76,4146016,37066900.00
2011/08/26,3.75,4.21,3.73,4.13,20482318,193057312.00
2011/08/29,4.05,4.24,3.97,4.11,17803548,172493440.00
2011/08/30,4.10,4.20,3.96,3.97,12151612,117118720.00
2011/08/31,3.96,3.98,3.85,3.89,4796253,44487680.00
2011/09/01,3.93,3.97,3.84,3.86,2773928,25747108.00
2011/09/02,3.89,3.89,3.79,3.84,2543211,23240676.00
2011/09/05,3.81,3.82,3.68,3.68,3137101,28028092.00
2011/09/07,3.71,3.80,3.67,3.80,3753289,33703720.00
2011/09/08,3.80,3.94,3.77,3.86,4698573,43285800.00
2011/09/09,3.85,3.91,3.83,3.87,3390025,31275184.00
2011/09/13,3.80,3.89,3.74,3.88,3603061,32841030.00
2011/09/14,3.95,3.97,3.83,3.92,3090244,28668664.00
2011/09/15,3.93,3.94,3.85,3.86,2326193,21560176.00
2011/09/16,3.87,3.90,3.83,3.85,1347995,12411479.00
2011/09/19,3.85,3.88,3.76,3.87,3523171,32057980.00
2011/09/20,3.83,3.92,3.81,3.89,2539052,23459396.00
2011/09/21,3.88,4.00,3.84,3.98,6150207,57651604.00
2011/09/22,3.92,3.95,3.78,3.84,4508764,41578636.00
2011/09/23,3.76,3.86,3.71,3.83,3580613,32515470.00
2011/09/26,3.80,3.84,3.72,3.74,1978060,17850156.00
2011/09/27,3.76,3.81,3.67,3.73,3439256,30705724.00
2011/09/28,3.69,3.72,3.61,3.61,4260835,37512512.00
2011/09/29,3.59,3.59,3.50,3.51,3132112,26788206.00
2011/09/30,3.52,3.55,3.47,3.52,1377656,11705502.00
2011/10/10,3.53,3.55,3.49,3.52,1358527,11548176.00
2011/10/11,3.64,3.65,3.45,3.52,1541657,13226884.00
2011/10/12,3.50,3.68,3.47,3.65,3070261,26770456.00
2011/10/13,3.63,3.70,3.61,3.69,3075237,27160064.00
2011/10/14,3.70,3.77,3.68,3.71,3315154,29619882.00
2011/10/17,3.67,3.73,3.66,3.69,1564287,13879289.00
2011/10/18,3.65,3.70,3.56,3.58,2005272,17503952.00
2011/10/19,3.57,3.63,3.51,3.55,1814792,15597545.00
2011/10/20,3.54,3.54,3.42,3.46,2436418,20478740.00
2011/10/21,3.48,3.48,3.41,3.46,1421384,11899105.00
2011/10/24,3.46,3.53,3.42,3.51,1598891,13511051.00
2011/10/25,3.51,3.63,3.48,3.60,2204874,19009976.00
2011/10/26,3.61,3.66,3.58,3.63,2543647,22215244.00
2011/10/27,3.67,3.71,3.63,3.67,2994078,26453728.00
2011/10/28,3.71,3.72,3.67,3.71,3614097,32088556.00
2011/10/31,3.70,3.71,3.66,3.69,2342052,20707148.00
2011/11/01,3.65,3.69,3.64,3.68,1930357,17015672.00
2011/11/02,3.61,3.75,3.59,3.74,2979404,26335884.00
2011/11/03,3.76,3.82,3.74,3.76,5602400,50644760.00
2011/11/04,3.76,3.84,3.76,3.79,3171908,28783006.00
2011/11/07,3.80,3.81,3.74,3.75,1938500,17502216.00
2011/11/08,3.76,3.77,3.68,3.71,2365563,21085940.00
2011/11/09,3.74,3.75,3.67,3.74,2809675,24992028.00
2011/11/10,3.69,3.71,3.65,3.69,2843498,25154252.00
2011/11/11,3.67,3.73,3.67,3.70,1771439,15738974.00
2011/11/14,3.73,3.78,3.72,3.78,3224357,29051572.00
2011/11/15,3.78,3.79,3.75,3.79,2171660,19597604.00
2011/11/16,3.80,3.80,3.68,3.72,2297453,20519528.00
2011/11/17,3.69,3.73,3.68,3.68,1591796,14144734.00
2011/11/18,3.66,3.66,3.54,3.57,2635559,22859956.00
2011/11/21,3.53,3.59,3.52,3.58,1354612,11609868.00
2011/11/22,3.56,3.56,3.50,3.56,1037944,8870132.00
2011/11/23,3.57,3.58,3.54,3.56,1245596,10710312.00
2011/11/24,3.56,3.57,3.51,3.55,1944654,16638583.00
2011/11/25,3.55,3.58,3.53,3.57,1371425,11769276.00
2011/11/28,3.57,3.59,3.55,3.57,891852,7685551.00
2011/11/29,3.61,3.72,3.60,3.69,4702309,41561184.00
2011/11/30,3.66,3.75,3.54,3.61,7053719,62132760.00
2011/12/01,3.71,3.78,3.63,3.66,6388681,56866820.00
2011/12/02,3.66,3.71,3.63,3.66,2625493,23124492.00
2011/12/05,3.66,3.66,3.46,3.54,2375128,20482600.00
2011/12/06,3.56,3.56,3.42,3.47,2675980,22487542.00
2011/12/07,3.46,3.47,3.42,3.46,1286354,10775719.00
2011/12/08,3.46,3.48,3.42,3.46,1124637,9420396.00
2011/12/09,3.46,3.49,3.43,3.47,1592950,13406596.00
2011/12/12,3.45,3.47,3.41,3.45,978963,8178991.00
2011/12/13,3.45,3.45,3.27,3.31,1952838,15860780.00
2011/12/14,3.30,3.34,3.20,3.25,1546610,12396320.00
2011/12/15,3.26,3.27,3.11,3.16,2233286,17540368.00
2011/12/16,3.15,3.28,3.14,3.27,2718922,21559752.00
2011/12/19,3.27,3.28,3.17,3.27,1454935,11520157.00
2011/12/20,3.26,3.30,3.25,3.28,1289102,10357424.00
2011/12/21,3.31,3.31,3.20,3.23,1067585,8537244.00
2011/12/22,3.20,3.20,3.08,3.17,1620332,12566680.00
2011/12/23,3.17,3.23,3.12,3.15,1784812,13943999.00
2011/12/26,3.16,3.20,3.13,3.19,1550664,12164868.00
2012/01/04,3.33,3.33,3.12,3.14,2443295,19303880.00
2012/01/05,3.10,3.10,3.01,3.05,1832764,13893626.00
2012/01/06,3.01,3.11,3.01,3.10,1901799,14564784.00
2012/01/09,3.09,3.20,3.08,3.19,2421586,18900572.00
2012/01/10,3.20,3.29,3.18,3.29,3461148,27615382.00
2012/01/11,3.30,3.30,3.22,3.25,2287958,18300636.00
2012/01/12,3.22,3.29,3.21,3.26,1482951,11864134.00
2012/01/13,3.26,3.29,3.14,3.24,2826679,22383066.00
2012/01/16,3.21,3.21,3.14,3.17,922800,7246135.00
2012/01/17,3.17,3.39,3.11,3.35,3194074,25602568.00
2012/01/18,3.31,3.36,3.23,3.26,2419000,19531488.00
2012/01/19,3.24,3.30,3.23,3.27,1500435,12050485.00
2012/01/20,3.28,3.33,3.26,3.32,2957032,23900228.00
2012/01/30,3.32,3.32,3.26,3.26,1200871,9666097.00
2012/01/31,3.28,3.28,3.22,3.25,853819,6803572.00
2012/02/01,3.22,3.26,3.16,3.23,1359153,10790621.00
2012/02/02,3.23,3.25,3.18,3.25,1748887,13866504.00
2012/02/03,3.22,3.31,3.22,3.31,3577906,28790300.00
2012/02/06,3.28,3.32,3.28,3.32,2019786,16347164.00
2012/02/07,3.31,3.31,3.23,3.26,1406401,11244385.00
2012/02/08,3.25,3.33,3.23,3.33,5941396,47852144.00
2012/02/09,3.32,3.35,3.29,3.32,5758636,46825500.00
2012/02/10,3.32,3.36,3.29,3.35,4851489,39479668.00
2012/02/13,3.32,3.37,3.30,3.37,3934451,32152282.00
2012/02/14,3.37,3.37,3.32,3.35,2174701,17750040.00
2012/02/15,3.34,3.39,3.31,3.38,8688757,71413400.00
2012/02/16,3.37,3.42,3.33,3.37,5129378,42199764.00
2012/02/17,3.37,3.39,3.32,3.33,2577791,21082152.00
2012/02/20,3.37,3.38,3.33,3.35,4605020,37690852.00
2012/02/21,3.35,3.36,3.29,3.36,3415968,27807976.00
2012/02/22,3.34,3.42,3.34,3.41,6900593,57008464.00
2012/02/23,3.41,3.43,3.38,3.41,4316983,35834224.00
2012/02/24,3.40,3.49,3.40,3.48,8594997,72105232.00
2012/02/27,3.48,3.55,3.46,3.48,7474823,63442956.00
2012/02/28,3.46,3.49,3.44,3.48,4565761,38415256.00
2012/02/29,3.48,3.48,3.40,3.41,3494966,29245718.00
2012/03/01,3.39,3.45,3.38,3.42,2374296,19752360.00
2012/03/02,3.41,3.49,3.41,3.49,4702773,39535552.00
2012/03/05,3.50,3.52,3.47,3.49,5029071,42597332.00
2012/03/06,3.49,3.49,3.41,3.44,3191759,26683144.00
2012/03/07,3.39,3.43,3.38,3.40,3263959,27098470.00
2012/03/08,3.41,3.47,3.41,3.47,5263017,44106672.00
2012/03/09,3.47,3.52,3.45,3.51,6533387,55347248.00
2012/03/12,3.51,3.58,3.48,3.51,5187220,44170788.00
2012/03/13,3.53,3.57,3.51,3.55,6426726,55142500.00
2012/03/14,3.57,3.58,3.36,3.39,9811463,82957408.00
2012/03/15,3.38,3.40,3.26,3.34,5419549,43988400.00
2012/03/16,3.35,3.40,3.31,3.38,4821279,39605448.00
2012/03/19,3.38,3.40,3.32,3.39,4740909,38920704.00
2012/03/20,3.36,3.38,3.28,3.31,3615135,29393622.00
2012/03/21,3.31,3.33,3.26,3.30,4186197,33753820.00
2012/03/22,3.30,3.33,3.27,3.30,3566954,28796960.00
2012/03/23,3.27,3.28,3.21,3.27,4173336,33265340.00
2012/03/26,3.25,3.30,3.21,3.26,3677773,29331434.00
2012/03/27,3.27,3.29,3.24,3.25,2430237,19450192.00
2012/03/28,3.30,3.30,3.14,3.14,3581299,28257382.00
2012/03/29,3.13,3.13,3.02,3.10,3779929,28986432.00
2012/03/30,3.10,3.11,3.04,3.09,2600284,19812380.00
2012/04/05,3.08,3.19,3.07,3.18,3529085,27314738.00
2012/04/06,3.16,3.17,3.13,3.15,1839772,14316709.00
2012/04/09,3.17,3.19,3.12,3.15,2452516,19116538.00
2012/04/10,3.15,3.17,3.07,3.17,1866113,14393504.00
2012/04/11,3.13,3.17,3.10,3.15,3354484,26014392.00
2012/04/12,3.15,3.23,3.14,3.23,4440268,34938788.00
2012/04/13,3.25,3.32,3.19,3.30,7313112,58935232.00
2012/04/16,3.27,3.36,3.24,3.34,7265796,58855376.00
2012/04/17,3.34,3.38,3.27,3.28,5246168,42674256.00
2012/04/18,3.29,3.46,3.26,3.42,10211160,84073248.00
2012/04/19,3.40,3.41,3.35,3.39,4667231,38488576.00
2012/04/20,3.37,3.42,3.35,3.40,7442562,61514968.00
2012/04/23,3.41,3.50,3.37,3.43,10920156,91424936.00
2012/04/24,3.41,3.48,3.32,3.42,9017302,74916328.00
2012/04/25,3.40,3.73,3.38,3.64,20627275,179488448.00
2012/04/26,3.63,3.72,3.57,3.64,9402835,82351800.00
2012/04/27,3.63,3.70,3.55,3.62,6639431,57628408.00
2012/05/02,3.66,3.75,3.64,3.69,11271172,100085544.00
2012/05/03,3.68,3.70,3.54,3.58,10652202,92296840.00
2012/05/04,3.59,3.59,3.48,3.57,10697430,91295296.00
2012/05/07,3.53,3.69,3.52,3.66,10177075,88902720.00
2012/05/08,3.66,3.66,3.58,3.62,4729945,41170424.00
2012/05/09,3.59,3.59,3.50,3.50,3835894,32787348.00
2012/05/10,3.50,3.55,3.49,3.52,3991731,34056136.00
2012/05/11,3.52,3.70,3.52,3.67,12531062,109943984.00
2012/05/14,3.71,3.73,3.63,3.68,5352810,47255488.00
2012/05/15,3.68,3.69,3.58,3.65,4537567,39658200.00
2012/05/16,3.65,3.66,3.55,3.61,3414826,29695444.00
2012/05/17,3.59,3.70,3.57,3.69,4785090,41954436.00
2012/05/18,3.65,3.68,3.53,3.55,5169676,44801172.00
2012/05/21,3.57,3.70,3.56,3.64,5738588,50407972.00
2012/05/22,3.66,3.79,3.62,3.77,11939102,106645480.00
2012/05/23,3.77,3.88,3.73,3.79,12283219,111735760.00
2012/05/24,3.83,3.95,3.77,3.81,13257116,122365560.00
2012/05/25,3.81,3.94,3.77,3.86,10979561,101131304.00
2012/05/28,3.86,4.09,3.82,4.05,19809164,186741504.00
2012/05/29,4.05,4.09,3.97,4.04,16421596,156709744.00
2012/05/30,4.04,4.15,3.96,3.99,14760115,141363888.00
2012/05/31,3.99,4.00,3.86,3.93,11454325,106770608.00
2012/06/01,3.93,3.97,3.90,3.94,6823629,63859956.00
2012/06/04,3.82,3.88,3.76,3.76,8099121,73720912.00
2012/06/05,3.76,3.81,3.69,3.79,4514214,40604640.00
2012/06/06,3.80,3.81,3.71,3.75,4768168,43073244.00
2012/06/07,3.79,3.84,3.68,3.70,4126672,37250696.00
2012/06/08,3.78,3.79,3.67,3.69,4639880,41560524.00
2012/06/11,3.68,3.82,3.66,3.78,4454515,39976752.00
2012/06/12,3.80,3.80,3.71,3.71,3564606,32079860.00
2012/06/13,3.74,3.83,3.72,3.82,4739983,42885624.00
2012/06/14,3.80,3.82,3.75,3.76,2722703,24632878.00
2012/06/15,3.76,3.79,3.60,3.64,4511353,39834104.00
2012/06/18,3.66,3.69,3.62,3.63,2493879,21938988.00
2012/06/19,3.67,3.80,3.67,3.76,7949834,71471744.00
2012/06/20,3.77,3.90,3.77,3.89,10699504,98405464.00
2012/06/21,3.88,3.95,3.81,3.94,8308087,76909784.00
2012/06/25,3.86,3.91,3.78,3.79,6620927,60676292.00
2012/06/26,3.74,3.76,3.61,3.72,4323550,38245416.00
2012/06/27,3.69,3.79,3.67,3.68,2523777,22649888.00
2012/06/29,3.65,3.81,3.64,3.71,4268020,38060864.00
2012/07/02,3.74,3.81,3.69,3.76,2572284,23103244.00
2012/07/03,3.75,3.75,3.63,3.68,9065765,79876728.00
2012/07/04,3.66,3.68,3.49,3.53,5294545,45542704.00
2012/07/05,3.53,3.54,3.41,3.41,2736653,22932260.00
2012/07/06,3.45,3.49,3.35,3.48,3054183,25395064.00
2012/07/09,3.45,3.46,3.20,3.21,5411415,43715152.00
2012/07/10,3.21,3.24,3.17,3.21,1846163,14605265.00
2012/07/11,3.21,3.32,3.21,3.25,3043514,24376100.00
2012/07/12,3.26,3.33,3.24,3.28,3567588,28728664.00
2012/07/13,3.28,3.29,3.24,3.28,2406660,19311580.00
2012/07/16,3.28,3.30,3.15,3.19,2596044,20543808.00
2012/07/17,3.19,3.23,3.17,3.20,1187481,9353391.00
2012/07/18,3.20,3.28,3.17,3.28,2091433,16584546.00
2012/07/19,3.27,3.38,3.23,3.34,8022059,65271656.00
2012/07/20,3.31,3.32,3.19,3.23,6895071,55002568.00
2012/07/23,3.20,3.20,3.06,3.11,3524813,27182480.00
2012/07/24,3.09,3.13,3.08,3.10,2941830,22629284.00
2012/07/25,3.11,3.13,3.08,3.10,2049472,15786335.00
2012/07/26,3.10,3.17,3.08,3.11,2508226,19449420.00
2012/07/27,3.14,3.15,3.03,3.09,2545632,19438874.00
2012/07/30,3.10,3.11,3.03,3.07,1929735,14699935.00
2012/07/31,3.07,3.10,3.02,3.07,1732650,13208612.00
2012/08/01,3.07,3.17,3.07,3.16,3743319,29059152.00
2012/08/02,3.16,3.19,3.05,3.09,3792165,29194408.00
2012/08/03,3.08,3.16,3.08,3.16,2835131,21979006.00
2012/08/06,3.15,3.22,3.13,3.22,2659420,20894232.00
2012/08/07,3.20,3.27,3.18,3.26,3276863,25940368.00
2012/08/08,3.23,3.25,3.19,3.21,2019929,16005317.00
2012/08/09,3.21,3.23,3.15,3.20,3639826,28602646.00
2012/08/10,3.20,3.23,3.15,3.16,3980572,31279312.00
2012/08/13,3.16,3.16,2.91,2.95,10074954,75639560.00
2012/08/14,2.95,2.99,2.88,2.95,3960678,29202090.00
2012/08/15,2.96,2.96,2.91,2.93,1608810,11846789.00
2012/08/16,2.94,2.94,2.91,2.92,1467286,10758435.00
2012/08/17,2.93,2.95,2.85,2.94,3579585,26104224.00
2012/08/20,2.91,2.92,2.86,2.91,3031457,21979462.00
2012/08/21,2.93,2.99,2.92,2.96,2818268,20874106.00
2012/08/22,2.95,2.98,2.85,2.92,6386353,46439240.00
2012/08/23,2.90,2.92,2.87,2.90,2140987,15581779.00
2012/08/24,2.89,2.90,2.86,2.89,2506460,18131952.00
2012/08/27,2.89,2.93,2.87,2.91,4575762,33295876.00
2012/08/28,2.91,2.94,2.89,2.93,2642884,19346308.00
2012/08/29,2.96,2.98,2.91,2.93,3850373,28370932.00
2012/08/30,2.90,2.93,2.83,2.88,3989367,28817970.00
2012/08/31,2.86,2.90,2.84,2.86,2085193,15031518.00
2012/09/03,2.87,2.91,2.84,2.90,3114126,22571930.00
2012/09/04,2.90,2.90,2.84,2.87,2264296,16363762.00
2012/09/05,2.86,2.89,2.83,2.88,3752129,27065804.00
2012/09/06,3.25,3.25,3.08,3.09,27713876,217091920.00
2012/09/07,3.17,3.45,3.11,3.35,32500127,262007632.00
2012/09/10,3.35,3.60,3.31,3.47,28919565,243627216.00
2012/09/11,3.43,3.45,3.36,3.44,11978531,99275448.00
2012/09/12,3.47,3.56,3.34,3.42,13108168,109021304.00
2012/09/13,3.42,3.44,3.31,3.37,10706340,87818568.00
2012/09/14,3.40,3.46,3.34,3.37,10894483,90279520.00
2012/09/17,3.36,3.36,3.18,3.21,8110640,65006496.00
2012/09/18,3.19,3.26,3.16,3.21,4773925,37754728.00
2012/09/19,3.20,3.24,3.18,3.22,3163609,24989092.00
2012/09/20,3.21,3.21,3.12,3.13,4715298,36798220.00
2012/09/21,3.11,3.20,3.08,3.10,3873229,30070474.00
2012/09/24,3.08,3.28,3.06,3.20,6021375,47416256.00
2012/09/25,3.18,3.23,3.15,3.17,3532578,27796116.00
2012/09/26,3.16,3.19,3.03,3.05,4168278,31932202.00
2012/09/27,3.05,3.18,3.01,3.15,5774038,44502892.00
2012/09/28,3.13,3.28,3.12,3.27,6363022,50330896.00
2012/10/08,3.28,3.29,3.17,3.20,5014350,39791496.00
2012/10/09,3.22,3.33,3.21,3.31,6120375,49394660.00
2012/10/10,3.31,3.38,3.28,3.37,10717156,87590200.00
2012/10/11,3.39,3.40,3.27,3.28,8114662,65938076.00
2012/10/12,3.30,3.33,3.24,3.26,3719244,29916526.00
2012/10/15,3.28,3.28,3.17,3.21,3145511,24804026.00
2012/10/16,3.23,3.27,3.17,3.21,3341062,26525872.00
2012/10/17,3.22,3.24,3.18,3.22,2660398,21014416.00
2012/10/18,3.22,3.32,3.21,3.28,6462279,52008336.00
2012/10/19,3.28,3.32,3.27,3.29,3384833,27305408.00
2012/10/22,3.27,3.31,3.24,3.29,2933105,23585540.00
2012/10/23,3.30,3.33,3.27,3.29,5260942,42624560.00
2012/10/24,3.27,3.29,3.21,3.22,4434774,35449248.00
2012/10/25,3.20,3.24,3.16,3.17,3653411,28823758.00
2012/10/26,3.17,3.20,3.07,3.10,3395705,26285084.00
2012/10/29,3.12,3.13,3.06,3.10,1561111,11971968.00
2012/10/30,3.13,3.20,3.12,3.15,3012065,23520008.00
2012/10/31,3.17,3.22,3.13,3.21,3495544,27514768.00
2012/11/01,3.22,3.29,3.21,3.28,4674766,37522648.00
2012/11/02,3.27,3.29,3.24,3.28,3559961,28560182.00
2012/11/05,3.29,3.33,3.26,3.28,5798938,46873232.00
2012/11/06,3.28,3.29,3.16,3.24,3267112,25871868.00
2012/11/07,3.21,3.27,3.21,3.25,3011215,24050144.00
2012/11/08,3.19,3.22,3.13,3.16,4163530,32646606.00
2012/11/09,3.15,3.31,3.15,3.30,12951843,103617520.00
2012/11/12,3.30,3.37,3.29,3.34,12076793,98629840.00
2012/11/13,3.33,3.33,3.24,3.25,5552768,44751500.00
2012/11/14,3.26,3.28,3.20,3.26,3298160,26325706.00
2012/11/15,3.24,3.24,3.15,3.16,2578442,20313008.00
2012/11/16,3.15,3.19,3.10,3.16,2256360,17551728.00
2012/11/19,3.16,3.18,3.12,3.16,2465816,19164740.00
2012/11/20,3.18,3.20,3.11,3.11,2846053,22203056.00
2012/11/21,3.11,3.17,3.08,3.17,3333527,25859612.00
2012/11/22,3.16,3.17,3.10,3.14,2521067,19568620.00
2012/11/23,3.14,3.26,3.12,3.23,7767601,61252564.00
2012/11/26,3.24,3.30,3.22,3.24,5893767,47241876.00
2012/11/27,3.24,3.30,3.20,3.28,6824116,54507628.00
2012/11/28,3.23,3.27,3.13,3.14,5070288,39680744.00
2012/11/29,3.15,3.17,3.11,3.14,2155527,16742132.00
2012/11/30,3.14,3.25,3.12,3.25,7411585,58231996.00
2012/12/03,3.23,3.28,3.19,3.22,9883294,78461208.00
2012/12/04,3.19,3.19,3.02,3.08,12763646,97181856.00
2012/12/05,3.09,3.35,3.07,3.34,16608374,132915128.00
2012/12/06,3.32,3.42,3.31,3.36,12760077,104839936.00
2012/12/07,3.36,3.52,3.33,3.48,21334459,178774224.00
2012/12/10,3.48,3.50,3.44,3.47,12792987,107891336.00
2012/12/11,3.46,3.57,3.43,3.45,13147027,111635088.00
2012/12/12,3.46,3.57,3.45,3.52,10927339,93008624.00
2012/12/13,3.48,3.52,3.41,3.42,7764297,65347216.00
2012/12/14,3.42,3.68,3.41,3.64,16275929,141047824.00
2012/12/17,3.67,3.79,3.63,3.65,17123547,151904304.00
2012/12/18,3.63,3.73,3.60,3.66,9042601,79959104.00
2012/12/19,3.70,3.80,3.68,3.68,16334807,146771568.00
2012/12/20,3.66,3.78,3.63,3.77,11899946,105603472.00
2012/12/21,3.80,3.87,3.75,3.80,14607739,133024192.00
2012/12/24,3.77,3.82,3.72,3.75,6892283,62182096.00
2012/12/25,3.73,3.87,3.71,3.82,12650601,115291608.00
2012/12/26,3.81,3.90,3.79,3.84,10038604,91805040.00
2012/12/27,3.86,3.89,3.81,3.81,10620056,97325240.00
2012/12/28,3.81,3.83,3.76,3.83,8871929,80489416.00
2012/12/31,3.82,3.85,3.79,3.81,11293481,102962528.00
2013/01/04,3.83,3.89,3.79,3.88,16827677,154204784.00
2013/01/07,3.86,3.90,3.82,3.87,11686449,107508864.00
2013/01/08,3.86,3.89,3.80,3.82,9941065,90888064.00
2013/01/09,3.80,3.84,3.77,3.83,9241946,84068704.00
2013/01/10,3.80,3.83,3.77,3.81,9957924,90462280.00
2013/01/11,3.82,3.82,3.66,3.68,10778025,96461968.00
2013/01/14,3.65,3.80,3.62,3.78,10746191,96196032.00
2013/01/15,3.78,3.87,3.76,3.84,12667346,115322104.00
2013/01/16,3.84,3.84,3.69,3.75,12016996,108118480.00
2013/01/17,3.73,3.74,3.67,3.70,5850501,52000968.00
2013/01/18,3.72,3.83,3.71,3.82,9851737,89023416.00
2013/01/21,3.85,3.87,3.81,3.83,8049166,73532728.00
2013/01/22,3.82,3.83,3.73,3.77,8600490,77747312.00
2013/01/23,3.75,3.78,3.68,3.74,7302296,65308312.00
2013/01/24,3.73,3.78,3.60,3.65,8758807,77698304.00
2013/01/25,3.63,3.66,3.62,3.65,3293879,28885052.00
2013/01/28,3.66,3.73,3.66,3.73,5645575,50285748.00
2013/01/29,3.74,3.77,3.68,3.71,8641892,77057504.00
2013/01/30,3.71,3.78,3.64,3.72,11168606,99384744.00
2013/01/31,3.72,3.98,3.70,3.96,27672824,254793008.00
2013/02/01,3.93,3.98,3.88,3.95,12812895,119899248.00
2013/02/04,3.96,4.04,3.90,3.92,11657230,109636704.00
2013/02/05,3.89,4.05,3.86,3.99,12284502,115592880.00
2013/02/06,4.12,4.18,4.04,4.06,14838432,143586528.00
2013/02/07,4.03,4.16,4.02,4.12,11320356,109977576.00
2013/02/08,4.11,4.14,4.06,4.12,6124392,59397724.00
2013/02/18,4.13,4.18,4.09,4.11,7907709,77099712.00
2013/02/19,4.10,4.13,3.93,3.94,10460830,99093144.00
2013/02/20,3.94,3.99,3.92,3.95,7904718,74147216.00
2013/02/21,3.94,3.94,3.76,3.80,11161157,102060800.00
2013/02/22,3.79,3.84,3.76,3.77,4557285,41372464.00
2013/02/25,3.79,3.84,3.78,3.82,4757554,43293552.00
2013/02/26,3.79,3.84,3.74,3.74,5677279,51457112.00
2013/02/27,3.75,3.81,3.71,3.77,4597699,41399156.00
2013/02/28,3.78,3.88,3.76,3.88,7298758,66725560.00
2013/03/01,3.87,3.89,3.80,3.86,6337480,58046032.00
2013/03/04,3.84,3.84,3.66,3.69,8869306,79497120.00
2013/03/05,3.69,3.77,3.68,3.76,4182519,37332352.00
2013/03/06,3.78,3.84,3.75,3.83,6210044,56506780.00
2013/03/07,3.83,3.84,3.74,3.78,4580400,41524736.00
2013/03/08,3.79,3.83,3.76,3.77,3335011,30244552.00
2013/03/11,3.77,3.78,3.73,3.75,2458970,22118236.00
2013/03/12,3.74,3.79,3.61,3.67,4683339,41580272.00
2013/03/13,3.66,3.70,3.61,3.65,2500252,21918692.00
2013/03/14,3.63,3.69,3.62,3.64,2286010,20100570.00
2013/03/15,3.68,3.73,3.63,3.67,3279467,29072024.00
2013/03/18,3.65,3.69,3.55,3.57,4241490,36866888.00
2013/03/19,3.57,3.59,3.54,3.58,2571513,22176688.00
2013/03/20,3.57,3.70,3.57,3.70,4810677,42283572.00
2013/03/21,3.71,3.72,3.68,3.71,4175513,37078128.00
2013/03/22,3.71,3.72,3.68,3.69,3657226,32469356.00
2013/03/25,3.70,3.79,3.68,3.77,4707358,42189628.00
2013/03/26,3.76,3.78,3.68,3.70,3735071,33295706.00
2013/03/27,3.72,3.85,3.71,3.85,9499106,86059160.00
2013/03/28,3.85,3.85,3.72,3.76,7141808,64340028.00
2013/03/29,3.75,3.99,3.73,3.89,12639284,117098904.00
2013/04/01,3.89,3.93,3.83,3.84,6961531,64235144.00
2013/04/02,3.85,3.91,3.80,3.82,5518286,50692612.00
2013/04/03,3.83,3.87,3.80,3.84,5314983,48625260.00
2013/04/08,3.76,3.89,3.71,3.87,5984142,54583184.00
2013/04/09,3.94,3.98,3.87,3.88,7429889,69106888.00
2013/04/10,3.88,3.90,3.81,3.87,4491459,41283568.00
2013/04/11,3.90,3.92,3.83,3.86,4585732,42440352.00
2013/04/12,3.88,3.88,3.77,3.79,3970282,36171112.00
2013/04/15,3.78,3.83,3.70,3.78,4632901,41667864.00
2013/04/16,3.74,3.80,3.72,3.79,3535512,31849178.00
2013/04/17,3.80,3.81,3.71,3.74,3450639,31006378.00
2013/04/18,3.72,3.79,3.70,3.78,3332246,29986952.00
2013/04/19,3.79,3.98,3.77,3.97,12132460,112846768.00
2013/04/22,3.91,3.96,3.85,3.95,14112334,131248896.00
2013/04/23,3.94,3.94,3.77,3.77,6424999,58787492.00
2013/04/24,3.78,3.85,3.77,3.80,4926520,44837548.00
2013/04/25,3.79,3.80,3.66,3.67,7363231,65781220.00
2013/04/26,3.69,3.71,3.56,3.56,5770430,50563512.00
2013/05/02,3.62,3.69,3.61,3.68,3929605,34512544.00
2013/05/03,3.67,3.76,3.67,3.72,4000280,35837160.00
2013/05/06,3.72,3.76,3.69,3.75,3595296,32174838.00
2013/05/07,3.75,3.76,3.70,3.73,3565077,31864950.00
2013/05/08,3.72,3.77,3.71,3.72,3592758,32189920.00
2013/05/09,3.73,3.74,3.65,3.66,3631211,32154756.00
2013/05/10,3.66,3.72,3.66,3.72,3074344,27298364.00
2013/05/13,3.72,3.74,3.69,3.72,3095294,27534918.00
2013/05/14,3.71,3.73,3.65,3.67,2485697,21961200.00
2013/05/15,3.67,3.68,3.64,3.66,3505140,30845616.00
2013/05/16,3.67,3.74,3.66,3.74,6077778,53988512.00
2013/05/17,3.75,3.90,3.74,3.88,14798350,135886544.00
2013/05/20,3.87,3.93,3.85,3.87,9314841,86265520.00
2013/05/21,3.87,3.91,3.84,3.86,10239888,94403752.00
2013/05/22,3.87,3.95,3.85,3.90,11567523,107448016.00
2013/05/23,3.90,3.93,3.83,3.84,6409381,57517368.00
2013/05/24,3.83,3.90,3.81,3.85,4942279,44091004.00
2013/05/27,3.87,3.89,3.83,3.86,4503810,40187284.00
2013/05/28,3.86,4.03,3.85,4.01,14252425,130119112.00
2013/05/29,3.99,4.02,3.95,3.98,8885871,81428728.00
2013/05/30,3.97,4.01,3.95,3.99,7380158,67606024.00
2013/05/31,4.00,4.06,3.96,3.97,9769110,90157128.00
2013/06/03,3.97,4.01,3.94,3.95,6492786,59427572.00
2013/06/04,3.95,3.97,3.86,3.87,5754134,52035912.00
2013/06/05,3.87,3.91,3.85,3.90,3569705,32039402.00
2013/06/06,3.89,3.89,3.77,3.80,5008306,44446648.00
2013/06/07,3.80,3.83,3.72,3.73,3992511,34871388.00
2013/06/13,3.71,3.71,3.47,3.50,8172193,68006592.00
2013/06/14,3.53,3.54,3.47,3.50,4910293,40407472.00
2013/06/17,3.51,3.54,3.48,3.50,2922568,24039488.00
2013/06/18,3.50,3.53,3.48,3.51,2453817,20179532.00
2013/06/19,3.52,3.52,3.38,3.43,4598554,37048856.00
2013/06/20,3.42,3.42,3.31,3.32,4050908,32108540.00
2013/06/21,3.29,3.36,3.23,3.31,3721111,29117498.00
2013/06/24,3.31,3.32,3.08,3.13,5138607,39012608.00
2013/06/25,3.13,3.20,2.85,3.19,7590844,55773964.00
2013/06/26,3.18,3.24,3.11,3.21,5378214,40631144.00
2013/06/27,3.20,3.23,3.04,3.09,5203580,39092020.00
2013/06/28,3.08,3.15,3.03,3.12,4612667,34269376.00
2013/07/01,3.14,3.24,3.10,3.22,4605565,34751696.00
2013/07/02,3.24,3.26,3.14,3.24,5242658,39914024.00
2013/07/03,3.22,3.22,3.10,3.16,3902162,29401096.00
2013/07/04,3.21,3.32,3.21,3.25,8954012,69353680.00
2013/07/05,3.23,3.29,3.21,3.22,4116622,31700792.00
2013/07/08,3.16,3.16,3.03,3.04,4173324,30832760.00
2013/07/09,3.03,3.08,3.02,3.04,2981833,21782422.00
2013/07/10,3.07,3.13,3.04,3.12,3701684,27375124.00
2013/07/11,3.13,3.38,3.13,3.32,10740497,83646408.00
2013/07/12,3.33,3.43,3.25,3.26,10737793,84670032.00
2013/07/15,3.27,3.32,3.24,3.30,7054581,54816888.00
2013/07/16,3.40,3.43,3.31,3.37,9642131,76647616.00
2013/07/17,3.34,3.39,3.29,3.39,10255884,81074808.00
2013/07/18,3.39,3.39,3.27,3.28,8143661,63775324.00
2013/07/19,3.27,3.32,3.15,3.16,5566516,42886640.00
2013/07/22,3.16,3.22,3.11,3.20,3775661,28573468.00
2013/07/23,3.20,3.34,3.19,3.33,7311455,57052304.00
2013/07/24,3.33,3.37,3.25,3.30,5230570,40842360.00
2013/07/25,3.36,3.45,3.32,3.32,11306457,90455600.00
2013/07/26,3.34,3.38,3.29,3.34,4498430,35490064.00
2013/07/29,3.30,3.33,3.16,3.22,4995052,38523840.00
2013/07/30,3.21,3.29,3.18,3.24,5199298,40076476.00
2013/07/31,3.23,3.36,3.23,3.35,6572580,51544436.00
2013/08/01,3.49,3.55,3.44,3.47,15810116,129586448.00
2013/08/02,3.47,3.59,3.46,3.53,11980121,99403512.00
2013/08/05,3.52,3.56,3.49,3.54,5555431,45884924.00
2013/08/06,3.51,3.53,3.44,3.51,8092667,66302336.00
2013/08/07,3.51,3.54,3.44,3.47,5658757,46573284.00
2013/08/08,3.47,3.52,3.42,3.46,5043198,41015220.00
2013/08/09,3.46,3.49,3.43,3.47,5486347,44556336.00
2013/08/12,3.46,3.56,3.46,3.55,8866511,73348296.00
2013/08/13,3.63,3.80,3.63,3.69,18174551,157062112.00
2013/08/14,3.67,3.72,3.59,3.63,9773540,83376072.00
2013/08/15,3.60,3.68,3.60,3.61,6537687,55623912.00
2013/08/16,3.59,3.76,3.57,3.61,10606996,90598496.00
2013/08/19,3.59,3.75,3.57,3.72,9638937,82999248.00
2013/08/20,3.77,3.87,3.74,3.76,14645735,129038192.00
2013/08/21,3.73,3.75,3.67,3.73,6429205,55386076.00
2013/08/22,3.73,3.82,3.72,3.79,9220097,80699120.00
2013/08/23,3.84,3.86,3.69,3.74,7305878,63750836.00
2013/08/26,3.75,3.93,3.73,3.90,15683600,140226784.00
2013/08/27,3.88,3.98,3.85,3.88,16410739,148515600.00
2013/08/28,3.84,4.07,3.82,4.01,27322757,250783200.00
2013/08/29,3.99,4.05,3.92,4.01,13212097,121282488.00
2013/08/30,4.01,4.21,3.98,4.08,28703971,270432928.00
2013/09/02,4.12,4.17,3.85,3.92,19163811,175070688.00
2013/09/03,3.91,3.99,3.86,3.93,12702596,114888336.00
2013/09/04,3.93,3.94,3.83,3.88,9990433,89711336.00
2013/09/05,3.85,3.89,3.81,3.81,7180871,63821228.00
2013/09/06,3.81,3.93,3.81,3.91,10314664,92656648.00
2013/09/09,3.93,4.12,3.91,4.07,21986628,203528448.00
2013/09/10,4.05,4.33,4.03,4.23,34583553,335744480.00
2013/09/11,4.32,4.37,4.11,4.16,23562913,226867200.00
2013/09/12,4.15,4.22,4.12,4.20,15625551,149604336.00
2013/09/13,4.17,4.17,3.96,3.98,17329539,161012400.00
2013/09/16,4.02,4.05,3.96,3.98,9355109,86057424.00
2013/09/17,3.99,4.02,3.89,3.89,10458924,95483544.00
2013/09/18,3.91,3.93,3.82,3.88,8691989,77940192.00
2013/09/23,3.89,4.00,3.89,3.98,8230976,75377048.00
2013/09/24,3.97,4.12,3.94,4.09,15692153,145988704.00
2013/09/25,4.08,4.08,3.92,3.96,15083030,139313104.00
2013/09/26,3.94,3.94,3.72,3.74,11850792,104686368.00
2013/09/27,3.74,3.79,3.71,3.75,4776113,41574552.00
2013/09/30,3.77,3.84,3.77,3.79,4836448,42684152.00
2013/10/08,3.78,3.83,3.75,3.81,4866337,42985468.00
2013/10/09,3.83,3.84,3.78,3.82,6308594,55680056.00
2013/10/10,3.83,3.84,3.74,3.76,7448686,65438728.00
2013/10/11,3.78,3.96,3.76,3.95,16364664,147110720.00
2013/10/14,3.99,4.15,3.99,4.03,18777999,175349184.00
2013/10/15,4.03,4.03,3.95,4.00,9891108,90717472.00
2013/10/16,3.99,4.07,3.86,3.92,11071867,101073008.00
2013/10/17,3.95,4.04,3.92,3.96,9890334,90804632.00
2013/10/18,3.98,4.01,3.92,3.94,4978395,45450904.00
2013/10/21,3.98,4.01,3.90,4.00,7693544,70380768.00
2013/10/22,3.99,3.99,3.92,3.93,6628026,60440984.00
2013/10/23,3.93,3.98,3.80,3.80,8020926,71824704.00
2013/10/24,3.82,3.84,3.78,3.79,4786509,42309856.00
2013/10/25,3.80,3.83,3.72,3.73,5527279,48307268.00
2013/10/28,3.74,3.77,3.72,3.76,2761445,24031964.00
2013/10/29,3.76,3.84,3.62,3.74,7106771,61699636.00
2013/10/30,3.75,3.82,3.72,3.82,6334477,55462168.00
2013/10/31,3.80,3.82,3.75,3.76,4097151,35990376.00
2013/11/01,3.76,3.81,3.73,3.77,2778173,24374552.00
2013/11/04,3.77,3.81,3.77,3.78,2419787,21267066.00
2013/11/05,3.77,3.82,3.72,3.82,3796606,33306142.00
2013/11/06,3.80,3.81,3.74,3.74,3606770,31625908.00
2013/11/07,3.73,3.78,3.70,3.74,3836554,33358704.00
2013/11/08,3.75,3.75,3.49,3.57,6375082,53890584.00
2013/11/11,3.57,3.62,3.54,3.59,2461763,20655998.00
2013/11/12,3.61,3.63,3.58,3.61,2139029,18022548.00
2013/11/13,3.60,3.60,3.50,3.50,2754483,22929624.00
2013/11/14,3.51,3.53,3.47,3.52,3634727,29851394.00
2013/11/15,3.52,3.65,3.52,3.62,5499443,46432384.00
2013/11/18,3.72,3.75,3.64,3.74,5628223,48558992.00
2013/11/19,3.75,3.77,3.72,3.74,4226053,36756112.00
2013/11/20,3.75,3.78,3.72,3.78,3635725,31709040.00
2013/11/21,3.75,3.76,3.72,3.73,4257533,36997072.00
2013/11/22,3.73,3.83,3.73,3.76,5166620,45397124.00
2013/11/25,3.76,3.88,3.74,3.82,7677921,68099528.00
2013/11/26,3.83,3.87,3.81,3.85,5307336,47250896.00
2013/11/27,3.89,3.96,3.88,3.92,10307334,93468248.00
2013/11/28,3.92,3.94,3.87,3.91,6291011,56902752.00
2013/11/29,3.92,3.94,3.90,3.91,4508141,40810528.00
2013/12/02,3.86,4.13,3.78,4.01,20411216,186495536.00
2013/12/03,3.99,4.07,3.96,4.07,12554247,116669920.00
2013/12/04,4.08,4.22,4.05,4.10,20787289,197533232.00
2013/12/05,4.10,4.16,4.04,4.15,11951931,112562688.00
2013/12/06,4.14,4.19,4.10,4.13,9158769,87068016.00
2013/12/09,4.16,4.18,4.09,4.10,7256526,68642448.00
2013/12/10,4.10,4.27,4.09,4.12,12779338,122390176.00
2013/12/11,4.12,4.12,3.97,3.98,9860856,91230720.00
2013/12/12,3.98,4.04,3.98,3.99,5770006,53302644.00
2013/12/13,3.97,4.07,3.96,4.03,5772375,53574428.00
2013/12/16,4.06,4.07,3.94,3.95,5848744,53759908.00
2013/12/17,3.93,3.96,3.87,3.89,4823290,43516800.00
2013/12/18,3.94,3.96,3.89,3.90,3710742,33594684.00
2013/12/19,3.93,3.96,3.87,3.90,3029495,27424752.00
2013/12/20,3.89,3.95,3.83,3.84,4211618,37819432.00
2013/12/23,3.84,3.87,3.79,3.84,2275563,20207484.00
2013/12/24,3.84,3.92,3.83,3.86,2982496,26777248.00
2013/12/25,3.88,3.92,3.86,3.92,4059432,36600868.00
2013/12/26,3.93,3.94,3.82,3.83,3102240,27797324.00
2013/12/27,3.84,3.92,3.83,3.90,3213743,28897420.00
2013/12/30,3.91,3.96,3.90,3.94,4190751,38042380.00
2013/12/31,3.94,3.96,3.90,3.93,4029867,36637368.00
2014/01/02,3.93,3.93,3.83,3.84,6301224,56378596.00
2014/01/03,3.87,3.89,3.79,3.81,3907418,34596536.00
2014/01/06,3.78,3.79,3.61,3.62,4660130,40097776.00
2014/01/07,3.64,3.69,3.61,3.63,2972893,25244028.00
2014/01/08,3.62,3.68,3.59,3.62,3698766,31331118.00
2014/01/09,3.61,3.64,3.51,3.52,3897296,32772716.00
2014/01/10,3.53,3.57,3.47,3.48,3768894,31062428.00
2014/01/13,3.49,3.53,3.48,3.51,2433202,19994556.00
2014/01/14,3.52,3.58,3.50,3.58,2380379,19804706.00
2014/01/15,3.58,3.59,3.54,3.57,1696345,14152887.00
2014/01/16,3.57,3.60,3.55,3.57,2725484,22838970.00
2014/01/17,3.56,3.57,3.47,3.49,2557470,21090904.00
2014/01/20,3.49,3.52,3.45,3.46,1825053,14934828.00
2014/01/21,3.46,3.59,3.46,3.59,4002969,33307732.00
2014/01/22,3.59,3.68,3.58,3.67,5332182,45443408.00
2014/01/23,3.66,3.69,3.64,3.65,3428685,29223938.00
2014/01/24,3.64,3.73,3.61,3.71,6035634,51857816.00
2014/01/27,3.69,3.72,3.68,3.68,4437144,38167072.00
2014/01/28,3.68,3.72,3.66,3.67,2621882,22490456.00
2014/01/29,3.67,3.70,3.67,3.67,2310446,19800676.00
2014/01/30,3.67,3.69,3.60,3.63,3125149,26488660.00
2014/02/07,3.60,3.67,3.60,3.65,2587589,21945154.00
2014/02/10,3.66,3.77,3.65,3.77,5831169,50669736.00
2014/02/11,3.75,3.79,3.73,3.78,4372898,38271088.00
2014/02/12,3.78,3.86,3.74,3.85,5431247,47866376.00
2014/02/13,3.84,3.92,3.80,3.80,7731767,69246816.00
2014/02/14,3.81,3.92,3.81,3.91,7977197,71555248.00
2014/02/17,3.94,4.01,3.91,3.99,9626651,88260512.00
2014/02/18,4.01,4.02,3.94,3.99,6934356,63531240.00
2014/02/19,4.00,4.03,3.93,3.97,7279451,66703548.00
2014/02/20,3.96,4.01,3.91,3.92,6812551,62124352.00
2014/02/21,3.93,4.05,3.90,3.96,10879558,100093816.00
2014/02/24,3.95,3.99,3.80,3.84,8090701,72363752.00
2014/02/25,3.85,3.88,3.73,3.76,7805580,68886872.00
2014/02/26,3.74,3.85,3.71,3.83,7914991,69399728.00
2014/02/27,3.84,3.92,3.75,3.76,6035950,53905464.00
2014/02/28,3.79,3.80,3.70,3.77,4642806,40442288.00
2014/03/03,3.76,4.14,3.76,4.12,22331670,206343296.00
2014/03/04,4.05,4.12,3.99,4.04,11031436,102719000.00
2014/03/05,4.07,4.24,4.05,4.07,18151087,172557808.00
2014/03/06,4.07,4.24,4.05,4.18,19268769,184039136.00
2014/03/07,4.17,4.21,4.08,4.14,11527663,109332456.00
2014/03/10,4.09,4.14,3.91,3.94,11506988,106186184.00
2014/03/11,3.92,4.22,3.90,4.21,16885856,157876976.00
2014/03/12,4.21,4.33,4.10,4.19,22916620,221400768.00
2014/03/13,4.16,4.26,4.14,4.25,14692858,141392576.00
2014/03/14,4.21,4.25,4.04,4.06,14600942,138436048.00
2014/03/17,4.07,4.16,4.07,4.14,9546715,90323728.00
2014/03/18,4.17,4.43,4.15,4.37,34413326,339340384.00
2014/03/19,4.35,4.38,4.28,4.37,15311790,151268336.00
2014/03/20,4.38,4.46,4.21,4.22,18063374,178341872.00
2014/03/21,4.20,4.46,4.16,4.45,23007566,227422976.00
2014/03/24,4.48,4.56,4.39,4.49,27179416,276242048.00
2014/03/25,4.48,4.57,4.42,4.51,20133529,206382960.00
2014/03/26,4.53,4.54,4.43,4.46,12274135,124709616.00
2014/03/27,4.43,4.63,4.43,4.55,21942196,226225552.00
2014/03/28,4.52,4.59,4.40,4.43,19930411,203150272.00
2014/03/31,4.45,4.53,4.35,4.38,18950646,190989488.00
2014/04/01,4.42,4.67,4.40,4.65,33530498,347845152.00
2014/04/02,4.59,4.63,4.56,4.60,28167039,292846688.00
2014/04/03,4.64,4.71,4.45,4.48,65131402,678147712.00
2014/04/04,4.46,4.52,4.41,4.49,23271781,236565232.00
2014/04/08,4.49,4.55,4.46,4.55,17674458,181171584.00
2014/04/09,4.56,4.57,4.46,4.49,20278335,207400832.00
2014/04/10,4.51,4.68,4.49,4.66,38261779,398883136.00
2014/04/11,4.63,4.64,4.58,4.61,18951414,197668576.00
2014/04/14,4.61,4.72,4.61,4.67,19079322,201240336.00
2014/04/15,4.66,4.67,4.56,4.59,14960564,155804288.00
2014/04/16,4.59,4.62,4.55,4.58,10217517,106044208.00
2014/04/17,4.60,4.61,4.52,4.52,11035795,113902536.00
2014/04/18,4.52,4.56,4.50,4.55,8161252,83845296.00
2014/04/21,4.52,4.56,4.40,4.41,15662212,159196672.00
2014/04/22,4.42,4.48,4.37,4.47,12128657,122166664.00
2014/04/23,4.46,4.48,4.40,4.43,6445860,65107720.00
2014/04/24,4.42,4.44,4.39,4.40,6112472,61399876.00
2014/04/25,4.40,4.44,4.33,4.34,7298597,72975240.00
2014/04/28,4.35,4.37,4.19,4.20,10259247,99518160.00
2014/04/29,4.22,4.33,4.22,4.33,6784877,66312328.00
2014/04/30,4.33,4.40,4.30,4.39,6752799,67320448.00
2014/05/05,4.40,4.44,4.37,4.42,6977429,69846344.00
2014/05/06,4.42,4.45,4.39,4.41,5915859,59494056.00
2014/05/07,4.39,4.44,4.37,4.39,6661076,66887220.00
2014/05/08,4.38,4.44,4.35,4.39,6673339,66987476.00
2014/05/09,4.40,4.43,4.30,4.35,5578765,55385824.00
2014/05/12,4.37,4.53,4.37,4.49,11495807,116506088.00
2014/05/13,4.50,4.66,4.47,4.58,15910903,165138448.00
2014/05/14,4.60,4.60,4.53,4.55,7959840,82233888.00
2014/05/15,4.54,4.57,4.43,4.45,8394528,85595648.00
2014/05/16,4.45,4.52,4.42,4.51,6087193,61891192.00
2014/05/19,4.51,4.51,4.38,4.41,5906736,59464796.00
2014/05/20,4.41,4.46,4.38,4.41,5273163,52973948.00
2014/05/21,4.41,4.46,4.39,4.43,4173270,42044664.00
2014/05/22,4.44,4.49,4.42,4.43,6045574,61264104.00
2014/05/23,4.45,4.48,4.42,4.47,4598727,46564788.00
2014/05/26,4.49,4.51,4.46,4.49,5523862,56223336.00
2014/05/27,4.48,4.50,4.45,4.46,5965193,60673968.00
2014/05/28,4.47,4.49,4.42,4.48,5951197,60287900.00
2014/05/29,4.50,4.60,4.50,4.53,15346024,158456112.00
2014/05/30,4.53,4.54,4.50,4.52,6077931,62285708.00
2014/06/03,4.52,4.54,4.46,4.47,5921089,60412840.00
2014/06/04,4.48,4.49,4.37,4.40,8384722,84163600.00
2014/06/05,4.39,4.46,4.36,4.46,5408627,54154080.00
2014/06/06,4.45,4.55,4.43,4.53,10743873,110004176.00
2014/06/09,4.53,4.55,4.51,4.53,6439010,66216296.00
2014/06/10,4.55,4.58,4.50,4.54,9553734,98557520.00
2014/06/11,4.55,4.55,4.50,4.53,7920654,81337256.00
2014/06/12,4.54,4.54,4.49,4.53,6172176,63252912.00
2014/06/13,4.54,4.62,4.51,4.56,17384381,180354912.00
2014/06/16,4.58,4.74,4.56,4.69,20613615,105152600.00
2014/06/17,4.67,4.67,4.42,4.47,32673115,163061792.00
2014/06/18,4.45,4.46,4.30,4.31,22981444,110744008.00
2014/06/19,4.32,4.35,4.15,4.20,15453748,72835448.00
2014/06/20,4.20,4.24,4.16,4.22,9378660,43707708.00
2014/06/23,4.23,4.26,4.19,4.24,12300039,57579900.00
2014/06/24,4.24,4.29,4.24,4.27,7278835,34410280.00
2014/06/25,4.27,4.27,4.18,4.20,6910024,32273538.00
2014/06/26,4.20,4.29,4.19,4.24,8354800,39340632.00
2014/06/27,4.25,4.39,4.23,4.35,16068204,77179104.00
2014/06/30,4.33,4.40,4.32,4.39,17522514,84604472.00
2014/07/01,4.39,4.39,4.34,4.37,9959523,47965260.00
2014/07/02,4.37,4.38,4.27,4.31,16102274,76774928.00
2014/07/03,4.30,4.34,4.26,4.31,12379075,58965004.00
2014/07/04,4.32,4.36,4.30,4.31,12690431,60728604.00
2014/07/07,4.33,4.37,4.31,4.34,11093329,53276560.00
2014/07/08,4.37,4.43,4.36,4.40,19546651,94914128.00
2014/07/09,4.38,4.42,4.27,4.29,16588345,79501128.00
2014/07/10,4.30,4.30,4.25,4.26,10868713,51334752.00
2014/07/11,4.25,4.29,4.23,4.27,10273235,48553528.00
2014/07/14,4.25,4.29,4.25,4.29,13534967,64083840.00
2014/07/15,4.29,4.30,4.24,4.26,13528314,63864316.00
2014/07/16,4.26,4.37,4.25,4.36,25037645,119577072.00
2014/07/17,4.35,4.35,4.27,4.30,14301293,68132488.00
2014/07/18,4.27,4.36,4.26,4.32,14304166,68271192.00
2014/07/21,4.31,4.33,4.28,4.30,9643585,45945712.00
2014/07/22,4.28,4.32,4.24,4.28,16494616,78301888.00
2014/07/23,4.28,4.36,4.27,4.33,21916290,104665944.00
2014/07/24,4.32,4.42,4.30,4.40,32898636,158633552.00
2014/07/25,4.40,4.44,4.37,4.43,23457110,114166016.00
2014/07/28,4.45,4.54,4.44,4.51,40669204,201640240.00
2014/07/29,4.52,4.64,4.49,4.63,48519222,245004736.00
2014/07/30,4.61,4.63,4.55,4.57,31489694,158432032.00
2014/07/31,4.55,4.59,4.53,4.59,23126603,116131024.00
2014/08/01,4.59,5.10,4.57,5.10,123513178,664858048.00
2014/08/04,5.27,5.65,5.21,5.57,208143881,1229612416.00
2014/08/05,5.23,5.32,5.12,5.31,201107654,1143486720.00
2014/08/06,5.22,5.24,5.16,5.20,88665958,501388160.00
2014/08/07,5.16,5.20,4.97,5.03,93820427,519142560.00
2014/08/08,5.04,5.08,5.00,5.03,39319924,215941024.00
2014/08/11,5.04,5.13,5.04,5.11,56300302,312832960.00
2014/08/12,5.10,5.11,5.03,5.05,44795165,246801776.00
2014/08/13,5.03,5.09,4.97,5.04,35371327,193987776.00
2014/08/14,5.02,5.06,4.96,4.98,38454285,210520224.00
2014/08/15,4.97,5.02,4.95,5.00,26705179,145538368.00
2014/08/18,5.00,5.18,5.00,5.14,60985067,339660576.00
2014/08/19,5.13,5.14,5.06,5.12,44358108,246616384.00
2014/08/20,5.10,5.18,5.09,5.14,39763908,222431440.00
2014/08/21,5.14,5.15,5.02,5.08,27169754,150149968.00
2014/08/22,5.08,5.31,5.04,5.26,86294954,490102720.00
2014/08/25,5.23,5.27,5.17,5.21,52514730,298376704.00
2014/08/26,5.20,5.24,5.04,5.06,40851083,227969648.00
2014/08/27,5.04,5.09,5.00,5.04,28743071,158274512.00
2014/08/28,5.04,5.04,4.90,4.92,35164231,190762032.00
2014/08/29,4.94,4.98,4.88,4.98,17584738,94927624.00
2014/09/01,5.14,5.52,5.13,5.52,85067939,499405824.00
2014/09/02,5.61,5.80,5.46,5.48,224863122,1361927168.00
2014/09/03,5.45,5.55,5.36,5.48,114982143,679510592.00
2014/09/04,5.48,5.51,5.40,5.50,65391050,386558112.00
2014/09/05,5.50,5.68,5.49,5.57,98542199,595523712.00
2014/09/09,5.57,5.60,5.44,5.52,56547872,337343104.00
2014/09/10,5.50,5.58,5.45,5.57,49204666,294516416.00
2014/09/11,5.57,5.72,5.55,5.59,93936017,572499520.00
2014/09/12,5.59,5.64,5.53,5.63,49152413,296970720.00
2014/09/15,5.61,5.62,5.55,5.60,46305073,280035872.00
2014/09/16,5.62,5.73,5.47,5.50,97445391,594182720.00
2014/09/17,5.47,5.54,5.39,5.47,51904380,306956832.00
2014/09/18,5.45,5.52,5.41,5.49,27969324,166215360.00
2014/09/19,5.48,5.52,5.43,5.48,28958937,172036784.00
2014/09/22,5.48,5.60,5.39,5.55,60881228,362378080.00
2014/09/23,5.52,5.57,5.49,5.55,40557202,243135712.00
2014/09/24,5.55,5.60,5.52,5.59,49225675,296713568.00
2014/09/25,5.63,5.65,5.51,5.54,49723590,300375680.00
2014/09/26,5.54,5.59,5.50,5.57,34154032,205052752.00
2014/09/29,5.57,5.72,5.56,5.67,63227751,385556032.00
2014/09/30,5.68,5.68,5.61,5.64,37922394,231275936.00
2014/10/08,5.65,5.72,5.59,5.70,51506160,314956608.00
2014/10/09,5.70,5.73,5.61,5.68,44248017,271524576.00
2014/10/10,5.65,5.65,5.58,5.60,37217442,226130448.00
2014/10/13,5.57,5.62,5.55,5.60,28388870,171400912.00
2014/10/14,5.60,5.62,5.52,5.54,32890468,198331312.00
2014/10/15,5.54,5.65,5.49,5.64,39850524,240224368.00
2014/10/16,5.60,6.09,5.56,5.71,111173881,696604032.00
2014/10/17,5.72,5.78,5.53,5.61,54628916,333432320.00
2014/10/20,5.63,5.70,5.63,5.67,31333285,192064528.00
2014/10/21,5.68,5.71,5.59,5.60,29014869,177117904.00
2014/10/22,5.61,5.81,5.57,5.69,64482200,397373696.00
2014/10/23,5.67,5.88,5.63,5.78,78455323,487300160.00
2014/10/24,5.83,6.14,5.76,6.07,154544535,996928192.00
2014/10/27,6.07,6.07,5.84,5.97,83016562,530794144.00
2014/10/28,5.95,6.41,5.90,6.24,142247470,939377280.00
2014/10/29,6.19,6.51,6.15,6.27,165428369,1122313344.00
2014/10/30,6.25,6.53,6.20,6.41,151475223,1037080640.00
2014/10/31,6.34,6.40,6.10,6.19,115416742,772407104.00
2014/11/03,6.19,6.23,6.10,6.16,71398908,472763488.00
2014/11/04,6.16,6.46,6.16,6.38,123977921,843749248.00
2014/11/05,6.38,6.40,6.20,6.23,61180740,411345376.00
2014/11/06,6.23,6.49,6.19,6.31,77826560,529967936.00
2014/11/07,6.27,6.34,6.11,6.16,83020914,554460544.00
2014/11/10,6.17,6.23,6.12,6.22,49423504,328250592.00
2014/11/11,6.24,6.27,5.70,5.93,88512634,573831808.00
2014/11/12,5.90,6.13,5.82,6.07,53513557,346738880.00
2014/11/13,6.06,6.07,5.78,5.84,67752270,431065728.00
2014/11/14,5.84,5.88,5.73,5.82,38063955,238137104.00
2014/11/17,5.87,5.97,5.78,5.90,46440953,294599584.00
2014/11/18,5.89,6.02,5.74,5.88,46064462,291345120.00
2014/11/19,5.84,5.92,5.80,5.86,31720461,200708752.00
2014/11/20,5.85,5.97,5.82,5.91,40743725,259671888.00
2014/11/21,5.86,5.95,5.83,5.93,47699382,302672832.00
2014/11/24,5.99,6.19,5.97,6.14,109800124,719323520.00
2014/11/25,6.09,6.49,6.08,6.39,142825132,970533952.00
2014/11/26,6.40,6.49,6.18,6.30,109061380,738205440.00
2014/11/27,6.34,6.38,6.20,6.29,72576155,487181408.00
2014/11/28,6.30,6.40,6.16,6.32,88890439,598396800.00
2014/12/01,6.32,6.32,6.16,6.20,62102855,415390368.00
2014/12/02,6.19,6.32,6.16,6.26,68843813,461952640.00
2014/12/03,6.28,6.34,6.20,6.31,93251350,628673536.00
2014/12/04,6.32,6.69,6.28,6.59,159273426,1114654976.00
2014/12/05,6.59,6.64,6.07,6.30,127846520,872911232.00
2014/12/08,6.27,6.78,6.16,6.73,178448643,1250699136.00
2014/12/09,6.64,7.19,6.22,6.46,261792679,1903052800.00
2014/12/10,6.48,6.91,6.35,6.86,156067473,1117481216.00
2014/12/11,6.78,7.07,6.73,6.83,134960200,989457088.00
2014/12/12,6.89,7.55,6.86,7.45,214840751,1640410112.00
2014/12/15,7.38,8.19,7.26,7.92,239003443,1949440896.00
2014/12/16,7.89,8.01,7.58,7.72,168576498,1384347520.00
2014/12/17,8.03,8.33,7.71,7.88,213500741,1811823872.00
2014/12/18,7.93,8.19,7.64,8.03,173432449,1449973632.00
2014/12/19,7.99,8.72,7.88,8.58,253041860,2223682560.00
2014/12/22,8.65,9.12,7.74,7.85,246104222,2169006848.00
2014/12/23,7.74,8.03,7.12,7.46,135665231,1090587008.00
2014/12/24,7.52,7.62,7.27,7.45,87620027,688706816.00
2014/12/25,7.47,7.99,7.47,7.97,110648037,908965376.00
2014/12/26,8.01,8.18,7.73,7.93,141952655,1196924160.00
2014/12/29,7.87,8.19,7.74,8.05,124446413,1054464448.00
2014/12/30,8.03,8.07,7.65,7.78,79400865,659267136.00
2014/12/31,7.89,8.02,7.70,7.80,73668863,611973376.00
2015/01/05,7.77,8.01,7.72,7.96,105891176,884140864.00
2015/01/06,7.88,8.00,7.77,7.95,82621670,691474944.00
2015/01/07,7.96,8.33,7.90,8.19,120485228,1039496768.00
2015/01/08,8.22,8.26,7.82,7.86,78059932,657761600.00
2015/01/09,7.83,7.90,7.60,7.64,88895212,729518720.00
2015/01/12,7.52,7.53,7.22,7.26,73380745,574120512.00
2015/01/13,7.23,7.37,7.22,7.31,35343674,274010272.00
2015/01/14,7.33,7.36,7.16,7.17,30568069,235863936.00
2015/01/15,7.17,7.44,7.16,7.44,40416641,315082304.00
2015/01/16,7.49,7.68,7.40,7.56,45874787,366970176.00
2015/01/19,7.14,7.41,6.76,6.81,81509735,615236480.00
2015/01/20,6.87,7.12,6.87,7.06,52914845,395751136.00
2015/01/21,7.08,7.41,7.08,7.36,58825157,457421312.00
2015/01/22,7.38,7.48,7.32,7.46,46730449,366383040.00
2015/01/23,7.46,7.52,7.35,7.38,51118300,403676928.00
2015/01/26,7.37,7.97,7.37,7.87,102881749,839959104.00
2015/01/27,7.91,7.98,7.60,7.80,80203149,661010944.00
2015/01/28,7.79,8.00,7.67,7.84,76304181,636771008.00
2015/01/29,7.75,7.93,7.69,7.71,50723704,418021472.00
2015/01/30,7.77,7.80,7.44,7.45,57710389,464146848.00
2015/02/02,7.25,7.50,7.21,7.31,37444342,292669184.00
2015/02/03,7.40,7.48,7.26,7.41,29202133,228809792.00
2015/02/04,7.42,7.63,7.36,7.54,47164971,374441696.00
2015/02/05,7.73,7.73,7.35,7.37,40648958,324095616.00
2015/02/06,7.37,7.39,7.11,7.17,31661927,243708672.00
2015/02/09,7.17,7.27,7.15,7.19,22256309,170578800.00
2015/02/10,7.15,7.37,7.15,7.36,22935660,177934048.00
2015/02/11,7.38,7.40,7.30,7.32,19960931,155602064.00
2015/02/12,7.37,7.68,7.35,7.56,47820857,383840576.00
2015/02/13,7.63,7.65,7.56,7.59,41227382,332426336.00
2015/02/16,7.60,7.74,7.58,7.68,48453937,393640800.00
2015/02/17,7.72,8.22,7.72,8.11,119959100,1020029312.00
2015/02/25,8.12,8.43,8.09,8.14,99172141,866172736.00
2015/02/26,8.11,8.39,8.00,8.33,88118532,765426688.00
2015/02/27,8.38,8.38,8.16,8.23,70330869,612799616.00
2015/03/02,8.32,8.37,8.06,8.27,79738215,690491136.00
2015/03/03,8.21,8.25,7.97,8.00,77441687,664618240.00
2015/03/04,7.99,8.10,7.92,8.01,56232608,476474336.00
2015/03/05,8.04,8.09,7.82,7.93,65240945,546575232.00
2015/03/06,7.94,8.77,7.94,8.57,186610433,1648861440.00
2015/03/09,8.62,8.79,8.40,8.70,114233322,1036764736.00
2015/03/10,8.76,9.09,8.58,8.84,129056454,1203903360.00
2015/03/11,8.86,9.07,8.66,8.73,87750372,816747840.00
2015/03/12,8.90,9.32,8.80,9.03,104413361,995764032.00
2015/03/13,9.04,9.22,8.93,9.02,64856145,617057216.00
2015/03/16,9.12,9.49,9.12,9.43,94831618,931382848.00
2015/03/17,9.43,9.74,9.16,9.39,132233907,1311129600.00
2015/03/18,9.39,9.54,9.31,9.45,83903135,828031360.00
2015/03/19,9.45,9.92,9.28,9.68,146859671,1483718144.00
2015/03/20,9.68,9.70,9.49,9.56,79540214,797496832.00
2015/03/23,9.63,9.69,9.45,9.59,110784097,1107616384.00
2015/03/24,9.59,9.59,9.02,9.32,136584186,1336416768.00
2015/03/25,9.32,9.47,9.14,9.37,96745299,946477696.00
2015/03/26,9.29,9.84,9.23,9.73,154562656,1567649792.00
2015/03/27,9.74,9.95,9.61,9.76,94059479,963103872.00
2015/03/30,9.84,10.78,9.84,10.78,187651957,2036565248.00
2015/03/31,10.98,11.14,10.55,10.65,155882686,1756593536.00
2015/04/01,10.83,10.96,10.65,10.86,85880459,966489664.00
2015/04/02,10.94,10.96,10.59,10.83,110760248,1239049088.00
2015/04/03,10.84,10.99,10.65,10.90,107324700,1210249600.00
2015/04/07,10.90,11.53,10.90,11.33,130647600,1523697920.00
2015/04/08,11.33,12.12,11.29,11.78,150296292,1828315136.00
2015/04/09,11.80,12.01,11.26,11.94,130568535,1584327040.00
2015/04/10,12.03,13.18,12.03,13.18,168627352,2249485056.00
2015/04/13,13.51,14.48,12.84,13.87,194522110,2733407488.00
2015/04/14,13.94,14.52,13.41,13.93,164372028,2386640384.00
2015/04/15,14.02,14.14,13.22,13.27,147213326,2067851136.00
2015/04/16,13.04,13.74,12.54,13.33,114914939,1568091392.00
2015/04/17,13.39,13.71,13.37,13.44,125230370,1751420672.00
2015/04/20,13.42,14.72,12.94,13.95,217725475,3080600832.00
2015/04/21,13.84,14.24,13.54,14.13,127590106,1833800960.00
2015/04/22,14.45,15.06,14.45,14.57,141545138,2150041856.00
2015/04/23,14.59,14.92,14.28,14.68,114976994,1728806656.00
2015/04/24,14.49,14.72,14.00,14.28,120050820,1775132288.00
2015/04/27,14.39,14.70,13.95,14.29,140282673,2064587904.00
2015/04/28,14.19,14.19,13.30,13.40,133143309,1883696256.00
2015/04/29,13.24,13.74,13.04,13.52,81334172,1131118976.00
2015/04/30,13.59,14.10,13.51,13.75,100168665,1428821120.00
2015/05/04,13.81,14.54,13.64,14.21,104484045,1520020608.00
2015/05/05,14.20,14.20,13.25,13.28,98714506,1392148864.00
2015/05/06,13.35,13.60,12.44,12.81,86072199,1171908992.00
2015/05/07,12.79,13.04,12.57,12.71,66560970,882969408.00
2015/05/08,12.92,13.09,12.43,12.91,75664976,998990208.00
2015/05/11,13.14,13.37,12.84,13.33,86167970,1174975872.00
2015/05/12,13.47,14.71,13.44,14.70,173992259,2541320448.00
2015/05/13,14.72,16.22,14.35,15.92,233379419,3696402176.00
2015/05/14,15.84,16.74,15.43,15.56,170389158,2807844352.00
2015/05/15,15.56,15.56,14.65,15.09,134690218,2093648896.00
2015/05/18,14.84,15.33,14.55,14.80,89654943,1380624640.00
2015/05/19,14.84,15.64,14.84,15.39,99040140,1558562304.00
2015/05/20,15.52,15.75,15.24,15.35,113681814,1815898368.00
2015/05/21,15.39,15.67,15.14,15.55,103124693,1636912768.00
2015/05/22,15.94,17.15,15.70,17.15,177829317,2987034880.00
2015/05/25,17.18,18.78,17.17,18.18,208771829,3841923072.00
2015/05/26,18.22,18.73,17.52,18.51,191377744,3568341760.00
2015/05/27,18.60,20.41,18.60,20.41,176108997,3569539328.00
2015/05/28,21.23,22.03,19.34,19.52,274161429,5797772800.00
2015/05/29,19.51,21.49,17.54,21.31,243419718,5010931712.00
2015/06/01,20.14,22.14,19.64,21.25,346606616,7283198976.00
2015/06/02,20.54,21.00,20.12,20.42,198402572,4144936448.00
2015/06/03,20.42,20.99,19.27,19.68,165050695,3392514560.00
2015/06/04,19.68,19.74,17.74,18.91,139556634,2668312064.00
2015/06/05,19.22,19.50,18.64,19.39,142156566,2785735168.00
2015/06/08,19.57,19.87,18.82,19.11,115292931,2273859840.00
2015/06/09,19.14,19.72,18.69,19.37,116110100,2286872064.00
2015/06/10,19.24,20.43,18.72,19.71,142962046,2867066880.00
2015/06/11,19.72,19.98,19.25,19.65,112907300,2263877120.00
2015/06/12,20.04,20.76,19.73,20.41,169799976,3508734208.00
2015/06/15,20.46,20.59,19.14,19.37,127784045,2599560960.00
2015/06/16,19.06,19.08,17.54,17.71,113190121,2111087744.00
2015/06/17,17.72,18.03,16.44,17.83,97547961,1723501952.00
2015/06/18,17.95,18.29,16.94,16.99,71299417,1298403968.00
2015/06/19,16.55,16.76,15.25,15.25,80937424,1323382400.00
2015/06/23,15.25,15.54,13.68,14.96,91709478,1377608704.00
2015/06/24,15.29,15.99,15.13,15.93,107443948,1723655552.00
2015/06/25,15.94,16.21,14.34,14.87,89578482,1445364096.00
2015/06/26,14.25,14.40,13.34,13.34,93269969,1324128128.00
2015/06/29,13.76,13.90,11.96,11.96,115347066,1511619456.00
2015/06/30,11.48,13.06,10.72,12.98,133736482,1639253120.00
2015/07/01,12.87,13.82,11.84,12.29,132985100,1816400128.00
2015/07/02,12.54,12.84,11.05,11.42,117274392,1473388032.00
2015/07/03,11.04,11.93,10.24,10.31,115450444,1299846784.00
2015/07/06,11.39,11.39,9.24,9.56,154890265,1658532992.00
2015/07/07,9.39,9.39,8.56,8.56,80988484,747320896.00
2015/07/08,7.66,7.66,7.66,7.66,11507800,93443336.00
2015/07/09,6.85,8.47,6.85,8.47,214152647,1738782336.00
2015/07/10,8.73,9.36,8.56,9.36,108489079,1050135360.00
2015/07/13,10.10,10.34,9.74,10.34,137499354,1461383040.00
2015/07/14,10.72,11.42,10.29,10.99,233659473,2674807552.00
2015/07/15,10.54,10.87,9.86,9.86,135110626,1412129024.00
2015/07/16,9.21,10.51,8.90,10.10,130224829,1325872000.00
2015/07/17,10.21,10.99,10.09,10.84,114759882,1254794368.00
2015/07/20,10.86,11.96,10.59,11.96,190484754,2209419008.00
2015/07/21,11.89,12.93,11.59,12.08,238836717,3024586240.00
2015/07/22,11.97,12.48,11.72,12.40,179320335,2234100736.00
2015/07/23,12.40,13.35,12.30,13.09,196243126,2590734336.00
2015/07/24,13.12,14.01,12.69,13.26,208558807,2866907904.00
2015/07/27,12.99,13.79,11.94,12.13,227166465,3067098624.00
2015/07/28,11.34,12.88,10.94,12.51,202315331,2468141056.00
2015/07/29,12.79,13.78,12.07,13.64,182830510,2405595648.00
2015/07/30,13.94,14.56,13.39,13.91,245643588,3539851008.00
2015/07/31,13.47,14.03,12.59,12.99,164439806,2260718848.00
2015/08/03,12.94,13.14,11.69,12.00,137235514,1753494272.00
2015/08/04,12.13,13.23,12.12,13.23,146681534,1903190400.00
2015/08/05,13.54,14.56,13.31,14.17,277852369,3990598656.00
2015/08/06,13.70,14.55,13.67,13.87,172715307,2476825088.00
2015/08/07,14.19,14.44,13.79,14.10,147657681,2128388864.00
2015/08/10,14.27,15.54,14.27,15.54,230124274,3571398912.00
2015/08/11,15.88,16.01,15.18,15.43,263660570,4202388480.00
2015/08/12,15.04,16.09,14.94,15.49,178947009,2839567872.00
2015/08/13,15.29,16.51,15.29,16.09,200757297,3267101696.00
2015/08/14,16.29,16.37,15.65,15.77,152055761,2466136320.00
2015/08/17,15.79,16.00,15.37,15.86,134057240,2148281344.00
2015/08/18,15.84,15.85,14.24,14.24,161323934,2467065600.00
2015/08/19,13.44,14.94,13.02,14.86,150942925,2169667584.00
2015/08/20,14.50,14.70,13.49,13.57,100535503,1458847360.00
2015/08/21,13.20,13.76,12.29,12.46,102641160,1367385472.00
2015/08/24,11.72,11.96,11.18,11.18,71628784,832161536.00
2015/08/25,10.03,10.56,10.03,10.03,98511677,1027402880.00
2015/08/26,10.15,10.48,9.00,9.00,163218700,1642184320.00
2015/08/27,9.39,9.93,8.90,9.93,154448349,1520632960.00
2015/08/28,10.47,10.95,10.06,10.95,167620993,1826966016.00
2015/08/31,10.95,11.19,10.45,10.74,137541265,1527992192.00
2015/09/01,10.72,10.72,9.64,9.64,140105624,1424787200.00
2015/09/02,8.93,10.24,8.80,9.04,120781641,1179644800.00
2015/09/07,9.40,9.89,9.34,9.52,109158697,1086003968.00
2015/09/08,9.51,10.50,9.39,10.50,140975400,1465909888.00
2015/09/09,10.87,11.49,10.71,11.11,207752137,2376292864.00
2015/09/10,10.83,11.45,10.72,10.87,131961805,1507600256.00
2015/09/11,10.88,11.99,10.85,11.99,191161200,2242312192.00
2015/09/14,12.00,12.02,10.76,10.76,216545292,2524001280.00
2015/09/15,10.26,10.76,9.65,9.67,138262589,1440455040.00
2015/09/16,9.84,10.67,9.79,10.67,132245359,1392040576.00
2015/09/17,10.81,11.47,10.28,10.63,172443894,1952422144.00
2015/09/18,10.89,11.24,10.63,11.08,118477224,1333343232.00
2015/09/21,10.89,11.56,10.78,11.41,111743097,1299927936.00
2015/09/22,11.51,11.65,11.02,11.30,125723557,1462003456.00
2015/09/23,11.02,11.65,10.94,11.36,113867059,1331782784.00
2015/09/24,11.40,11.59,11.03,11.56,115380277,1344017408.00
2015/09/25,11.44,11.70,10.97,11.08,95974400,1122797312.00
2015/09/28,11.39,11.64,11.09,11.58,118217485,1393034752.00
2015/09/29,11.33,11.94,11.30,11.71,123413743,1473460864.00
2015/09/30,11.78,11.88,11.08,11.27,113496063,1325341440.00
2015/10/08,11.72,11.87,11.49,11.71,112600730,1351564672.00
2015/10/09,11.69,11.80,11.46,11.69,95371856,1140098304.00
2015/10/12,11.87,12.66,11.86,12.38,143306910,1801251328.00
2015/10/13,12.19,12.56,12.14,12.46,95875286,1217469312.00
2015/10/14,12.38,12.51,11.89,11.93,98202875,1226937088.00
2015/10/15,11.82,12.30,11.82,12.25,87741589,1091150592.00
2015/10/16,12.37,13.01,12.16,12.76,164050594,2105357824.00
2015/10/19,12.78,13.34,12.19,13.21,168556997,2190452224.00
2015/10/20,12.94,13.26,12.80,13.13,117780936,1574245504.00
2015/10/21,13.17,13.27,11.79,11.79,156505398,2003380096.00
2015/10/22,11.84,12.22,11.41,12.08,112152068,1365798912.00
2015/10/23,12.20,12.67,11.93,12.60,125661516,1586758784.00
2015/10/26,12.80,12.85,12.19,12.43,111235793,1425106176.00
2015/10/27,12.33,12.41,11.73,12.32,86100527,1069639680.00
2015/10/28,12.29,12.32,11.69,11.75,83578242,1030433344.00
2015/10/29,11.91,11.96,11.63,11.83,54581664,662654016.00
2015/10/30,11.84,11.96,11.51,11.67,56227595,678132992.00
2015/11/02,11.36,11.82,11.23,11.29,63883515,755562880.00
2015/11/03,11.35,11.58,11.20,11.41,48159263,562978624.00
2015/11/04,11.47,12.04,11.41,12.02,81384121,984189248.00
2015/11/05,12.08,12.54,11.90,12.22,141457583,1779957760.00
2015/11/06,12.21,12.34,12.14,12.30,103558995,1299830656.00
2015/11/09,12.21,12.44,12.11,12.32,102448086,1292025472.00
2015/11/10,12.22,12.67,12.20,12.36,100806237,1283247360.00
2015/11/11,12.49,12.55,12.26,12.35,71912580,909525888.00
2015/11/12,12.35,12.37,11.95,12.03,79692054,990551808.00
2015/11/13,11.98,12.37,11.86,12.10,81239871,1011841024.00
2015/11/16,11.89,12.05,11.85,12.04,54597108,669036480.00
2015/11/17,12.10,12.44,11.96,12.00,90797397,1138555520.00
2015/11/18,12.00,12.03,11.69,11.72,56603262,688939712.00
2015/11/19,11.77,11.88,11.60,11.84,43120644,519728992.00
2015/11/20,11.85,12.00,11.67,11.76,56346857,683976000.00
2015/11/23,11.76,11.86,11.64,11.67,50326498,606858304.00
2015/11/24,11.68,11.69,11.40,11.59,48211382,570831232.00
2015/11/25,11.59,11.80,11.55,11.69,41840099,502118752.00
2015/11/26,11.71,11.80,11.57,11.58,46898630,562008768.00
2015/11/27,11.54,11.59,10.39,10.49,88888987,1005480576.00
2015/11/30,10.51,10.61,9.69,10.26,59136402,621985664.00
2015/12/01,10.49,11.02,10.41,10.68,67832982,748473408.00
2015/12/02,10.56,10.93,10.44,10.86,51681329,567587840.00
2015/12/03,10.81,10.96,10.75,10.88,40515905,452069248.00
2015/12/04,10.83,10.85,10.50,10.60,41495967,455685408.00
2015/12/07,10.54,10.69,10.54,10.67,29501998,322321696.00
2015/12/08,10.63,10.63,10.27,10.28,33346423,357181440.00
2015/12/09,10.25,10.33,10.14,10.17,27406205,288428096.00
2015/12/10,10.09,10.56,10.09,10.31,37767062,404293024.00
2015/12/11,10.27,10.41,10.21,10.26,30710878,326593408.00
2015/12/14,10.21,10.69,10.16,10.67,35515742,383344000.00
2015/12/15,10.69,10.77,10.54,10.60,28681791,313952288.00
2015/12/16,10.67,10.68,10.52,10.55,21854691,238283280.00
2015/12/17,10.64,10.84,10.61,10.69,41585429,459129152.00
2015/12/18,10.67,10.83,10.55,10.62,32094656,353053504.00
2015/12/21,10.66,10.95,10.66,10.86,46036970,512752992.00
2015/12/22,10.86,10.86,10.68,10.81,33513970,370568096.00
2015/12/23,10.86,11.01,10.80,10.86,58145622,651496448.00
2015/12/24,10.81,10.89,10.57,10.68,32527373,358095200.00
2015/12/25,10.73,10.76,10.59,10.64,23277500,255164752.00
2015/12/28,10.69,10.72,10.33,10.36,35032180,380041984.00
2015/12/29,10.39,10.43,10.24,10.39,20195502,214687504.00
2015/12/30,10.41,10.53,10.29,10.52,25377725,271428832.00
2015/12/31,10.52,10.54,10.32,10.33,17809203,190990368.00
2016/01/04,10.27,10.31,9.30,9.32,24771605,252771920.00
2016/01/05,9.09,9.55,8.89,9.26,46119678,439748864.00
2016/01/06,9.34,9.46,9.27,9.43,25213532,244393232.00
2016/01/07,9.30,9.30,8.55,8.62,6860218,63388264.00
2016/01/08,8.95,9.06,8.29,8.74,33869852,307171808.00
2016/01/11,8.69,8.98,8.06,8.16,49273571,436563232.00
2016/01/12,8.31,8.37,8.00,8.17,25554338,216875008.00
2016/01/13,8.36,8.39,8.01,8.02,24981108,213627152.00
2016/01/14,7.96,8.24,7.69,8.23,32056403,265806784.00
2016/01/15,8.14,8.23,7.69,7.80,27981490,231495056.00
2016/01/18,7.69,7.92,7.60,7.79,23597444,191193072.00
2016/01/19,7.80,8.35,7.72,8.26,47718291,403755008.00
2016/01/20,8.17,8.28,8.00,8.04,29534460,249593280.00
2016/01/21,7.89,8.09,7.69,7.72,26103155,214236240.00
2016/01/22,7.87,7.89,7.69,7.81,18325667,148679584.00
2016/01/25,7.92,8.19,7.92,8.12,33090903,277916224.00
2016/01/26,7.98,8.06,7.29,7.45,37956626,305399616.00
2016/01/27,7.52,7.58,6.90,7.38,34176147,259820528.00
2016/01/28,7.37,7.47,7.21,7.35,28340466,216624896.00
2016/01/29,7.34,7.71,7.31,7.59,29694058,233762368.00
2016/02/01,7.56,7.59,7.31,7.40,14575685,113242248.00
2016/02/02,7.45,7.61,7.43,7.56,19249622,151361968.00
2016/02/03,7.52,7.55,7.33,7.47,18612407,144501760.00
2016/02/04,7.48,7.60,7.48,7.56,23314651,183366944.00
2016/02/05,7.59,7.60,7.45,7.47,16044558,125829520.00
2016/02/15,7.17,7.38,7.11,7.31,15244100,115623536.00
2016/02/16,7.45,7.62,7.32,7.59,29310614,229928448.00
2016/02/17,7.65,8.10,7.60,8.07,70411113,577893888.00
2016/02/18,8.04,8.14,7.95,8.00,44713142,373329280.00
2016/02/19,7.99,8.17,7.94,8.09,34016627,284877920.00
2016/02/22,8.24,8.28,8.11,8.18,34706239,294681920.00
2016/02/23,8.23,8.23,7.96,8.03,26432010,221162128.00
2016/02/24,8.02,8.29,7.92,8.26,35399652,298310400.00
2016/02/25,8.20,8.23,7.40,7.40,50943156,411186752.00
2016/02/26,7.49,7.55,7.32,7.42,23117009,179257872.00
2016/02/29,7.46,7.51,6.94,7.10,28884082,213975872.00
2016/03/01,7.14,7.23,6.96,7.19,22701009,168846496.00
2016/03/02,7.21,7.59,7.16,7.58,36507112,282043680.00
2016/03/03,7.63,7.93,7.63,7.77,53611723,435396864.00
2016/03/04,7.76,7.91,7.57,7.84,51520791,417663264.00
2016/03/07,7.95,8.05,7.80,7.90,26804957,220669024.00
2016/03/08,7.83,7.90,7.56,7.89,28787475,230492832.00
2016/03/09,7.73,7.76,7.59,7.74,20307267,162177056.00
2016/03/10,7.68,7.77,7.53,7.54,12277972,97510432.00
2016/03/11,7.49,7.55,7.44,7.51,10691807,83326408.00
2016/03/14,7.59,7.96,7.57,7.88,33103968,268381264.00
2016/03/15,7.83,7.88,7.75,7.79,18372745,149271728.00
2016/03/16,7.79,7.88,7.77,7.82,22989524,187112032.00
2016/03/17,7.87,7.95,7.77,7.93,31753860,260213840.00
2016/03/18,7.92,8.12,7.91,8.03,55403432,461502816.00
2016/03/21,8.12,8.28,8.05,8.18,53648348,454877440.00
2016/03/22,8.12,8.14,8.03,8.05,33923253,284756288.00
2016/03/23,8.02,8.09,7.98,8.06,21848676,182470256.00
2016/03/24,7.99,8.01,7.85,7.86,23083559,190525632.00
2016/03/25,7.84,7.94,7.81,7.93,19657411,160964800.00
2016/03/28,8.02,8.08,7.84,7.90,22519520,186918464.00
2016/03/29,7.90,7.93,7.63,7.68,23406566,188675056.00
2016/03/30,7.74,7.89,7.74,7.88,19586447,159344240.00
2016/03/31,7.98,8.02,7.90,7.93,20749165,171471392.00
2016/04/01,7.93,8.75,7.89,8.75,115235323,1000096256.00
2016/04/05,8.80,9.03,8.52,8.91,105112318,958039232.00
2016/04/06,8.71,9.43,8.70,9.22,109955755,1030875264.00
2016/04/07,9.10,9.29,8.87,8.91,67006089,631390400.00
2016/04/08,8.81,8.88,8.61,8.78,43215336,390938944.00
2016/04/11,8.89,9.30,8.86,9.05,50728508,476667552.00
2016/04/12,9.02,9.19,8.88,9.00,28958722,270472064.00
2016/04/13,9.09,9.58,9.09,9.44,84938903,820241408.00
2016/04/14,9.42,9.68,9.41,9.45,48901421,482251360.00
2016/04/15,9.58,9.68,9.48,9.54,43378796,429049056.00
2016/04/18,9.64,9.64,9.31,9.45,38817991,379005440.00
2016/04/19,9.45,9.67,9.45,9.53,33410027,330001824.00
2016/04/20,9.54,9.59,8.75,9.05,67080169,630695104.00
2016/04/21,9.03,9.10,8.78,8.80,26712685,247391008.00
2016/04/22,8.75,8.86,8.50,8.81,34829840,313404032.00
2016/04/25,8.75,9.06,8.61,8.97,27937517,256758240.00
2016/04/26,8.93,9.03,8.91,9.01,14559149,135246672.00
2016/04/27,9.02,9.11,8.92,8.98,14213979,132452816.00
2016/04/28,9.01,9.02,8.64,8.78,21833798,198262768.00
2016/04/29,8.78,8.91,8.73,8.81,11940180,109001232.00
2016/05/03,8.85,9.03,8.76,9.03,24170894,224229712.00
2016/05/04,9.00,9.34,8.94,9.19,43511559,414495136.00
2016/05/05,9.18,9.37,9.09,9.24,24686241,235022880.00
2016/05/06,9.22,9.35,8.84,8.88,26827251,250311632.00
2016/05/09,8.87,8.87,8.31,8.56,35269256,312069472.00
2016/05/10,8.56,8.64,8.40,8.50,15173265,133790016.00
2016/05/11,8.55,8.62,8.39,8.46,14802648,130622696.00
2016/05/12,8.39,8.65,8.20,8.63,27763065,241144352.00
2016/05/13,8.56,8.64,8.47,8.54,15013338,133193888.00
2016/05/16,8.49,8.59,8.36,8.57,17931835,157217376.00
2016/05/17,8.59,8.67,8.50,8.51,16388124,146032720.00
2016/05/18,8.44,8.44,8.01,8.16,30447635,258729664.00
2016/05/19,8.10,8.24,7.97,8.01,18799218,158348768.00
2016/05/20,7.94,8.06,7.89,8.03,10215811,84691800.00
2016/05/23,8.06,8.19,8.01,8.17,15622822,131398216.00
2016/05/24,8.18,8.18,8.00,8.03,9754428,81576448.00
2016/05/25,8.16,8.35,8.10,8.11,18328215,156419264.00
2016/05/26,8.07,8.14,7.90,8.11,14775570,122996440.00
2016/05/27,8.11,8.11,7.98,8.04,12836818,107228016.00
2016/05/30,8.02,8.10,7.93,8.00,10544313,87760936.00
2016/05/31,8.03,8.40,8.02,8.32,31119384,266770432.00
2016/06/01,8.32,8.50,8.28,8.32,27134631,235975808.00
2016/06/02,8.32,8.38,8.25,8.33,16729368,143927760.00
2016/06/03,8.35,8.38,8.26,8.34,19620410,169591888.00
2016/06/06,8.40,8.43,8.27,8.33,20447765,177029920.00
2016/06/07,8.39,8.50,8.34,8.38,26068112,227690192.00
2016/06/08,8.36,8.42,8.30,8.34,15856666,137498192.00
2016/06/13,8.26,8.26,7.94,7.97,24099764,203189728.00
2016/06/14,7.95,8.02,7.85,7.89,18332476,150692464.00
2016/06/15,7.83,8.09,7.79,8.06,19604676,162916752.00
2016/06/16,8.07,8.14,7.94,8.09,17668546,147210992.00
2016/06/17,8.12,8.22,7.98,8.01,21884361,183585520.00
2016/06/20,8.04,8.09,7.97,8.05,15079527,125464320.00
2016/06/21,8.12,8.17,7.99,8.03,18494014,155299504.00
2016/06/22,8.05,8.08,7.99,8.08,11257864,92467416.00
2016/06/23,8.10,8.19,8.01,8.08,16759132,138322096.00
2016/06/24,8.06,8.13,7.85,7.97,18779662,153079328.00
2016/06/27,7.93,8.08,7.90,8.07,17043759,139283584.00
2016/06/28,8.04,8.08,7.97,8.06,20307032,166285904.00
2016/06/29,8.10,8.47,8.09,8.31,49351449,417954048.00
2016/06/30,8.35,8.37,8.20,8.23,19753163,166254416.00
2016/07/01,8.24,8.28,8.18,8.21,13005682,109154928.00
2016/07/04,8.23,8.43,8.22,8.34,36207783,308382752.00
2016/07/05,8.49,8.58,8.43,8.51,45134698,390898656.00
2016/07/06,8.48,8.57,8.37,8.54,28344137,244892832.00
2016/07/07,8.60,8.70,8.40,8.64,38227347,334296352.00
2016/07/08,8.65,8.66,8.54,8.55,20444802,178932144.00
2016/07/11,8.57,8.60,8.46,8.47,24255344,210938976.00
2016/07/12,8.46,8.71,8.46,8.69,42946363,375874336.00
2016/07/13,8.69,8.87,8.63,8.82,51200815,455636064.00
2016/07/14,8.77,8.78,8.67,8.73,26649380,236441408.00
2016/07/15,8.74,8.80,8.64,8.70,17438874,154680080.00
2016/07/18,8.72,8.81,8.66,8.74,24859879,221849488.00
2016/07/19,8.72,8.74,8.59,8.70,18076140,159504688.00
2016/07/20,8.68,8.75,8.62,8.66,16079235,142146912.00
2016/07/21,8.69,8.91,8.69,8.80,33015798,296448032.00
2016/07/22,8.77,8.93,8.64,8.69,29829686,267032080.00
2016/07/25,8.66,8.80,8.64,8.72,15936869,141908352.00
2016/07/26,8.72,8.83,8.70,8.82,18046224,161352768.00
2016/07/27,8.88,9.26,8.77,9.09,109275013,1006502848.00
2016/07/28,8.94,9.36,8.89,9.30,86015442,802728064.00
2016/07/29,9.31,9.32,9.05,9.11,43773902,407839264.00
2016/08/01,9.14,9.18,8.90,9.09,40197294,368678080.00
2016/08/02,9.06,9.53,9.02,9.48,69861918,663341056.00
2016/08/03,9.36,9.52,9.27,9.33,57763306,552296704.00
2016/08/04,9.27,9.38,9.18,9.30,35808253,337461440.00
2016/08/05,9.39,9.56,9.05,9.10,53922713,512834336.00
2016/08/08,9.10,9.24,9.06,9.18,30523297,284105856.00
2016/08/09,9.14,9.47,9.11,9.40,56975835,541785152.00
2016/08/10,9.38,9.83,9.36,9.44,79338520,775192320.00
2016/08/11,9.46,9.50,9.14,9.16,45120038,425864864.00
2016/08/12,9.21,9.28,9.09,9.23,31242822,291540064.00
2016/08/15,9.26,9.65,9.26,9.59,74011562,716949696.00
2016/08/16,9.54,10.03,9.53,9.83,99490763,998279552.00
2016/08/17,9.74,9.91,9.66,9.85,54216677,538564736.00
2016/08/18,9.80,9.95,9.69,9.78,51377865,511274624.00
2016/08/19,9.75,9.78,9.54,9.73,51795231,507649120.00
2016/08/22,9.71,9.75,9.45,9.47,41839157,407606208.00
2016/08/23,9.47,9.64,9.39,9.52,31168192,301624512.00
2016/08/24,9.54,9.59,9.43,9.47,20762957,200668688.00
2016/08/25,9.42,9.42,9.16,9.24,34607458,325961248.00
2016/08/26,9.29,9.49,9.24,9.42,26576923,253842336.00
2016/08/29,9.54,9.83,9.46,9.70,67392685,663861696.00
2016/08/30,9.73,9.73,9.52,9.57,33283810,324978688.00
2016/08/31,9.57,9.73,9.54,9.64,25684607,251623472.00
2016/09/01,9.67,9.68,9.27,9.28,42575107,408681408.00
2016/09/02,9.29,9.38,9.20,9.33,24546108,231926304.00
2016/09/05,9.39,9.44,9.30,9.31,16999984,161771088.00
2016/09/06,9.33,9.54,9.10,9.48,39334253,372506720.00
2016/09/07,9.52,10.34,9.51,10.01,141312116,1437349248.00
2016/09/08,9.97,10.16,9.78,9.94,73403580,741846400.00
2016/09/09,10.17,10.26,9.87,9.92,75833982,774017408.00
2016/09/12,9.74,10.11,9.69,10.05,101139318,1022284416.00
2016/09/13,10.14,10.23,9.86,9.99,61505435,623477440.00
2016/09/14,9.87,9.89,9.68,9.74,46175873,459624704.00
2016/09/19,9.76,9.90,9.76,9.78,23298061,232234512.00
2016/09/20,9.87,10.09,9.85,9.93,57483656,582633472.00
2016/09/21,9.89,9.89,9.76,9.79,31756551,316304896.00
2016/09/22,9.89,9.91,9.76,9.79,24984726,248850432.00
2016/09/23,9.81,10.09,9.79,9.93,64067785,649639168.00
2016/09/26,9.89,10.00,9.77,9.80,45488244,457305568.00
2016/09/27,9.69,9.78,9.36,9.57,54543271,528939968.00
2016/09/28,9.66,9.66,9.52,9.55,18950875,184489104.00
2016/09/29,9.55,9.62,9.50,9.52,17945362,174203504.00
2016/09/30,9.54,9.62,9.49,9.55,21718020,211271088.00
2016/10/10,9.65,9.78,9.61,9.77,30024301,296384064.00
2016/10/11,9.79,9.88,9.72,9.84,31161665,310940576.00
2016/10/12,9.78,9.85,9.72,9.77,20516896,203835808.00
2016/10/13,9.74,9.90,9.73,9.89,31312723,312284448.00
2016/10/14,9.84,9.94,9.82,9.89,48015537,482309664.00
2016/10/17,9.92,9.94,9.74,9.74,39849708,398936000.00
2016/10/18,9.76,10.03,9.72,10.01,52561370,529831872.00
2016/10/19,10.02,10.05,9.87,9.94,30999798,313466304.00
2016/10/20,9.92,10.07,9.88,9.99,37573695,381000320.00
2016/10/21,9.98,10.29,9.87,10.07,70317523,723575296.00
2016/10/24,10.14,10.71,10.06,10.51,119235592,1271090816.00
2016/10/25,10.43,10.50,10.31,10.35,54557956,574888320.00
2016/10/26,10.37,10.54,10.30,10.35,45100027,476736992.00
2016/10/27,10.35,10.43,10.23,10.25,28727089,300038400.00
2016/10/28,10.24,10.30,10.11,10.13,34360186,355162496.00
2016/10/31,10.07,10.16,9.97,10.11,22586298,230737920.00
2016/11/01,10.11,10.17,10.02,10.11,22140445,226849536.00
2016/11/02,10.09,10.09,9.88,9.92,38546126,390175232.00
2016/11/03,9.94,10.28,9.91,10.14,49810118,511152160.00
2016/11/04,10.10,10.27,10.04,10.07,35692447,368635936.00
2016/11/07,10.07,10.11,9.94,9.98,22885974,232979280.00
2016/11/08,10.03,10.19,9.98,10.02,25758472,263240480.00
2016/11/09,10.03,10.05,9.80,9.89,40935042,412464992.00
2016/11/10,10.02,10.16,10.00,10.01,36479016,373430176.00
2016/11/11,10.03,10.24,9.99,10.22,72697083,749261632.00
2016/11/14,10.14,10.39,10.09,10.24,51727504,539146560.00
2016/11/15,10.19,10.30,10.12,10.15,28147305,290926240.00
2016/11/16,10.15,10.19,9.94,10.03,30710472,313571232.00
2016/11/17,10.03,10.38,9.96,10.24,48816684,503619296.00
2016/11/18,10.21,10.50,10.10,10.34,87398265,918569920.00
2016/11/21,10.35,10.52,10.29,10.39,58140866,614702272.00
2016/11/22,10.37,10.45,10.32,10.40,42144267,444219648.00
2016/11/23,10.40,10.44,10.16,10.20,40089263,418736352.00
2016/11/24,10.18,10.33,10.16,10.19,32883757,342576960.00
2016/11/25,10.20,10.28,10.00,10.22,35755783,368354656.00
2016/11/28,10.28,10.55,10.27,10.48,75157505,796289920.00
2016/11/29,10.39,10.66,10.32,10.48,88473877,940706176.00
2016/11/30,10.45,10.51,10.26,10.32,49381711,519167392.00
2016/12/01,10.34,10.38,10.23,10.28,37171200,387951328.00
2016/12/02,10.27,10.36,10.16,10.18,36629678,381558336.00
2016/12/05,10.05,10.15,10.01,10.09,33106391,338448416.00
2016/12/06,10.05,10.15,10.05,10.12,21293004,218611776.00
2016/12/07,10.11,10.11,9.88,10.04,36359170,368209920.00
2016/12/08,10.10,10.11,9.95,9.97,19033674,193961824.00
2016/12/09,9.93,10.16,9.91,10.11,34394100,351901312.00
2016/12/12,10.15,10.31,9.84,9.96,66630600,683485312.00
2016/12/13,9.89,10.07,9.87,9.99,35218032,357256064.00
2016/12/14,9.95,10.16,9.95,10.06,34413284,351576064.00
2016/12/15,9.99,10.14,9.92,10.00,25023322,254542240.00
2016/12/16,10.01,10.29,10.01,10.29,52364903,543216384.00
2016/12/19,10.24,10.48,10.20,10.41,55563166,586044992.00
2016/12/20,10.38,10.44,10.19,10.38,32751365,342134656.00
2016/12/21,10.37,10.59,10.24,10.49,55799907,590826432.00
2016/12/22,10.49,10.92,10.44,10.79,96686897,1056453568.00
2016/12/23,10.79,10.83,10.54,10.70,46710733,506442528.00
2016/12/26,10.74,10.88,10.39,10.82,41084669,443122208.00
2016/12/27,11.10,11.39,10.95,11.03,108175794,1220745216.00
2016/12/28,10.98,11.25,10.88,10.95,49197044,552521408.00
2016/12/29,10.92,10.97,10.73,10.74,37253599,409695008.00
2016/12/30,10.72,11.08,10.72,10.85,34727220,384586304.00
2017/01/03,10.91,11.23,10.87,10.95,37171393,415787712.00
2017/01/04,10.98,11.02,10.87,10.99,25898777,287844416.00
2017/01/05,10.98,11.07,10.87,11.04,35006539,389530240.00
2017/01/06,11.04,11.46,11.01,11.26,70328441,806427712.00
2017/01/09,11.24,11.46,11.21,11.33,38836811,446829504.00
2017/01/10,11.39,11.45,11.13,11.17,32846651,375592928.00
2017/01/11,11.17,11.20,10.86,10.88,43072207,479409376.00
2017/01/12,10.91,11.11,10.88,10.91,25900742,288614848.00
2017/01/13,10.90,10.99,10.82,10.95,19763363,218885984.00
2017/01/16,10.96,11.13,10.59,11.01,50122558,552087040.00
2017/01/17,11.01,11.01,10.70,10.90,24817945,272909120.00
2017/01/18,10.94,11.04,10.81,11.01,23308548,259104816.00
2017/01/19,11.08,11.26,11.02,11.12,33695692,381549600.00
2017/01/20,11.09,11.19,11.06,11.14,17333195,195509376.00
2017/01/23,11.19,11.36,11.17,11.22,28876424,330039040.00
2017/01/24,11.24,11.32,11.13,11.24,17245825,196836608.00
2017/01/25,11.19,11.28,11.05,11.21,24877027,281195712.00
2017/01/26,11.18,11.24,10.95,11.04,27318744,306403488.00
2017/02/03,11.04,11.07,10.91,11.02,13815720,153875984.00
2017/02/06,11.00,11.22,10.99,11.21,30573566,345940800.00
2017/02/07,11.22,11.32,11.12,11.18,22432484,255126400.00
2017/02/08,11.12,11.30,11.12,11.29,25139857,286070720.00
2017/02/09,11.28,11.39,11.21,11.33,34546854,396114624.00
2017/02/10,11.34,11.82,11.33,11.47,79117611,927605952.00
2017/02/13,11.51,11.74,11.41,11.50,47908615,561457792.00
2017/02/14,11.49,11.63,11.39,11.60,30287405,353803936.00
2017/02/15,11.64,12.08,11.64,11.82,86650823,1040717568.00
2017/02/16,11.89,11.99,11.74,11.92,45360359,544348800.00
2017/02/17,11.99,12.01,11.56,11.59,46248458,549099264.00
2017/02/20,11.60,11.81,11.57,11.75,43268303,512641920.00
2017/02/21,11.74,11.82,11.64,11.78,36416458,432705888.00
2017/02/22,11.76,11.78,11.54,11.66,36967490,436440832.00
2017/02/23,11.63,11.69,11.48,11.54,32991203,387167296.00
2017/02/24,11.53,11.63,11.49,11.58,25182798,295076768.00
2017/02/27,11.58,11.72,11.53,11.61,26255925,309984384.00
2017/02/28,11.54,11.65,11.44,11.57,29047450,339398272.00
2017/03/01,11.57,11.61,11.46,11.54,24121718,282286080.00
2017/03/02,11.55,11.63,11.37,11.38,30877715,359268896.00
2017/03/03,11.37,11.38,11.09,11.27,33820037,384262784.00
2017/03/06,11.30,11.32,11.11,11.20,37875211,429603744.00
2017/03/07,11.20,11.25,11.10,11.17,25088896,284161216.00
2017/03/08,11.18,11.29,11.14,11.25,29994110,341749824.00
2017/03/09,11.24,11.24,11.08,11.13,21190958,238938096.00
2017/03/10,11.13,11.17,11.02,11.03,22304476,250382832.00
2017/03/13,11.00,11.08,10.83,11.07,32029648,356230560.00
2017/03/14,11.09,11.18,11.05,11.10,25942799,292812800.00
2017/03/15,11.09,11.10,10.98,11.03,18052248,202059040.00
2017/03/16,11.03,11.22,11.03,11.18,32675599,370072032.00
2017/03/17,11.22,11.23,11.03,11.06,21262009,239756000.00
2017/03/20,11.07,11.11,10.77,10.89,36001494,398033920.00
2017/03/21,10.89,11.03,10.79,10.95,32067972,354780288.00
2017/03/22,10.89,11.12,10.84,11.02,33734638,377102208.00
2017/03/23,10.99,11.13,10.79,10.90,36753396,409099168.00
2017/03/24,10.93,11.11,10.78,11.05,53124676,589237248.00
2017/03/27,11.02,11.14,10.99,11.06,34444174,386951136.00
2017/03/28,11.06,11.10,10.90,10.93,24528673,272765568.00
2017/03/29,10.95,11.00,10.76,10.85,29876180,329720128.00
2017/03/30,10.82,10.84,10.41,10.44,46924014,505717024.00
2017/03/31,10.44,10.52,10.28,10.29,34467101,362912992.00
2017/04/05,10.35,10.70,10.35,10.69,34520657,371006368.00
2017/04/06,10.69,11.07,10.62,10.96,49234342,544671616.00
2017/04/07,10.94,11.02,10.89,10.91,31765051,352917088.00
2017/04/10,10.97,11.01,10.77,10.82,28393986,313848864.00
2017/04/11,10.77,10.86,10.45,10.85,45753513,494811584.00
2017/04/12,10.80,11.15,10.70,11.05,62462341,698823808.00
2017/04/13,11.04,11.04,10.85,10.95,26497912,294039744.00
2017/04/14,10.94,11.00,10.69,10.75,27231796,299485024.00
2017/04/17,10.71,10.87,10.65,10.78,20298720,222107040.00
2017/04/18,10.80,10.87,10.41,10.45,41699373,449438528.00
2017/04/19,10.44,10.52,10.33,10.49,25654481,271729952.00
2017/04/20,10.52,10.55,10.37,10.53,20947457,222837376.00
2017/04/21,10.53,10.59,10.36,10.56,18868886,201016384.00
2017/04/24,10.52,10.55,9.94,10.23,39400204,406866176.00
2017/04/25,10.16,10.23,10.08,10.12,15941426,164387840.00
2017/04/26,10.15,10.21,10.04,10.05,13376746,137381632.00
2017/04/27,10.05,10.14,9.87,10.08,19401681,197275856.00
2017/04/28,10.09,10.12,10.00,10.08,14956904,152927312.00
2017/05/02,10.08,10.23,10.06,10.15,14411877,148575888.00
2017/05/03,10.16,10.21,10.05,10.13,19545813,200899648.00
2017/05/04,10.12,10.37,9.98,10.16,28044191,288863936.00
2017/05/05,10.09,10.15,9.97,10.12,29795917,304377536.00
2017/05/08,10.06,10.22,9.88,10.19,33936454,347884480.00
2017/05/09,10.15,10.19,10.04,10.13,13327370,136882832.00
2017/05/10,10.13,10.21,9.95,10.01,17171629,175575600.00
2017/05/11,9.93,10.14,9.88,10.11,29306291,298485824.00
2017/05/12,10.13,10.17,10.03,10.08,11762725,120658952.00
2017/05/15,10.10,10.16,9.97,9.99,17097495,174891648.00
2017/05/16,9.99,9.99,9.66,9.90,36247374,361368512.00
2017/05/17,9.89,9.94,9.78,9.81,22176109,222054512.00
2017/05/18,9.73,9.73,9.47,9.51,46166237,448477024.00
2017/05/19,9.50,9.52,9.24,9.31,32312188,307299680.00
2017/05/22,9.30,9.48,9.21,9.40,31020186,295110112.00
2017/05/23,9.34,9.43,9.16,9.42,29535854,279434816.00
2017/05/24,9.37,9.37,9.21,9.33,17589510,166092400.00
2017/05/25,9.33,9.40,9.22,9.38,19395221,184042288.00
2017/05/26,9.39,9.47,9.27,9.34,20811688,198450528.00
2017/05/31,9.41,9.47,9.31,9.44,25728572,245772560.00
2017/06/01,9.42,9.59,9.34,9.58,36241323,349449504.00
2017/06/02,9.57,9.61,9.49,9.57,13131659,127574992.00
2017/06/05,9.58,9.63,9.44,9.48,15163844,146870000.00
2017/06/06,9.47,9.51,9.33,9.40,18535879,177172176.00
2017/06/07,9.40,9.58,9.37,9.56,20598443,199329296.00
2017/06/08,9.59,9.59,9.51,9.53,13267519,128662960.00
2017/06/09,9.53,9.79,9.53,9.77,38750818,382153536.00
2017/06/12,9.76,9.76,9.57,9.67,24207883,237328496.00
2017/06/13,9.63,9.70,9.57,9.67,11092951,108840088.00
2017/06/14,9.68,9.68,9.58,9.62,11988865,117189424.00
2017/06/15,9.60,9.67,9.58,9.64,9361287,91723096.00
2017/06/16,9.66,9.66,9.54,9.56,11489994,111917784.00
2017/06/19,9.56,9.57,9.41,9.53,20655341,199392160.00
2017/06/20,9.53,9.70,9.49,9.57,18954119,184760128.00
2017/06/21,9.64,9.66,9.55,9.62,13993796,136674768.00
2017/06/22,9.65,9.90,9.62,9.73,47376353,470001856.00
2017/06/23,9.69,9.81,9.59,9.80,26605734,262440736.00
2017/06/26,9.76,9.98,9.76,9.85,38339083,384032160.00
2017/06/27,9.84,9.88,9.75,9.81,18244887,182054624.00
2017/06/28,9.80,9.94,9.76,9.86,27112766,272237856.00
2017/06/29,9.85,9.90,9.81,9.85,14097950,141083040.00
2017/06/30,9.83,9.96,9.80,9.94,19773696,198578848.00
2017/07/03,9.94,9.96,9.85,9.92,13787607,138598352.00
2017/07/04,9.92,9.96,9.85,9.86,12945907,130131744.00
2017/07/05,9.85,9.89,9.80,9.84,24840457,248181328.00
2017/07/06,9.84,9.88,9.77,9.80,23651659,235924688.00
2017/07/07,9.79,9.83,9.78,9.83,12616500,125807904.00
2017/07/10,9.83,9.95,9.79,9.93,27674619,278977376.00
2017/07/11,9.92,9.93,9.81,9.82,20884494,209390288.00
2017/07/12,9.82,9.87,9.75,9.82,15287382,152387392.00
2017/07/13,9.82,10.01,9.81,9.97,29698832,299898848.00
2017/07/14,9.95,10.05,9.93,9.98,19303868,195825536.00
2017/07/17,9.98,9.98,9.64,9.72,28118503,279317696.00
2017/07/18,9.76,9.76,9.36,9.52,27938917,265743600.00
2017/07/19,9.51,9.69,9.47,9.69,22216922,213179072.00
2017/07/20,9.67,9.75,9.62,9.70,21693228,210251920.00
2017/07/21,9.68,9.78,9.64,9.67,18180605,176346016.00
2017/07/24,9.68,9.81,9.64,9.74,15754519,153490640.00
2017/07/25,9.75,9.79,9.65,9.69,13216700,128117832.00
2017/07/26,9.69,9.69,9.55,9.58,16915711,162450864.00
2017/07/27,9.59,9.61,9.52,9.60,13038259,124770992.00
2017/07/28,9.58,9.60,9.52,9.53,14416900,137677088.00
2017/08/02,9.57,9.57,9.57,9.57,0,0.00
数据来源:通达信
