603258 电魂网络 日线 前复权
      日期	    开盘	    最高	    最低	    收盘	    成交量	    成交额
2016/10/26,22.07,22.07,22.07,22.07,32416,729036.00
2016/10/27,24.32,24.32,24.32,24.32,4900,121226.00
2016/10/28,26.79,26.79,26.79,26.79,8824,240101.00
2016/10/31,29.51,29.51,29.51,29.51,8711,260720.00
2016/11/01,32.50,32.50,32.50,32.50,14700,483924.00
2016/11/02,35.79,35.79,35.79,35.79,18750,678938.00
2016/11/03,39.41,39.41,39.41,39.41,18700,744821.00
2016/11/04,43.39,43.39,43.39,43.39,32266,1413573.00
2016/11/07,47.77,47.77,47.77,47.77,46772,2253943.00
2016/11/08,52.59,52.59,52.59,52.59,61200,3244212.00
2016/11/09,57.89,57.89,57.89,57.89,115948,6760928.00
2016/11/10,63.72,63.72,63.72,63.72,88500,5676390.00
2016/11/11,70.13,70.13,70.13,70.13,379076,26743812.00
2016/11/14,77.19,77.19,77.19,77.19,302183,23452424.00
2016/11/15,82.18,84.95,77.69,84.95,32134535,2660290816.00
2016/11/16,83.53,84.46,79.59,80.33,23657706,1945725952.00
2016/11/17,78.61,88.41,78.28,87.11,29562179,2565878272.00
2016/11/18,84.58,86.87,83.17,83.53,18276142,1548534784.00
2016/11/21,82.23,82.56,78.46,80.56,13983271,1128870656.00
2016/11/22,80.78,84.08,80.46,81.66,12924425,1066916544.00
2016/11/23,80.98,88.46,80.15,84.49,17338558,1479490432.00
2016/11/24,83.08,84.68,81.16,83.57,12267641,1017036800.00
2016/11/25,82.79,88.32,81.24,86.11,15474484,1321901056.00
2016/11/28,85.58,86.38,81.09,81.48,12377836,1033938496.00
2016/11/29,80.57,81.05,77.38,77.41,11628458,923062976.00
2016/11/30,76.57,77.23,74.94,76.63,5776451,442884416.00
2016/12/01,77.06,78.59,76.69,77.50,5371510,419137792.00
2016/12/02,77.28,77.28,72.95,73.02,7091201,534997792.00
2016/12/05,71.09,73.56,70.74,71.03,4178348,302269088.00
2016/12/06,72.08,73.27,71.19,71.57,3581277,259591488.00
2016/12/07,71.09,72.53,69.85,72.27,4450145,318437696.00
2016/12/08,71.78,74.33,71.78,72.17,4922449,361617216.00
2016/12/09,71.86,72.24,69.47,69.57,5100200,360640608.00
2016/12/12,69.21,69.86,62.87,63.86,6492900,431888896.00
2016/12/13,63.13,64.81,62.08,63.67,3986462,255390400.00
2016/12/14,63.48,64.14,62.11,62.46,3304524,209833680.00
2016/12/15,62.57,64.16,62.57,63.21,3638257,232463120.00
2016/12/16,62.94,63.95,62.59,63.89,3307764,211194336.00
2016/12/19,64.03,64.03,62.86,63.14,2211650,140991936.00
2016/12/20,63.33,63.78,62.64,63.43,2011120,128138248.00
2016/12/21,63.44,63.83,62.46,63.68,2957114,188312400.00
2016/12/22,63.68,63.74,62.73,62.97,2063722,131141448.00
2016/12/23,62.83,63.36,59.33,59.39,4271467,263776976.00
2016/12/26,58.89,59.78,57.29,59.64,2775454,163414768.00
2016/12/27,59.58,62.24,59.18,61.17,3819062,235249376.00
2016/12/28,60.89,61.46,59.96,60.23,2119764,129289536.00
2016/12/29,59.59,60.42,58.93,58.99,1900815,114066096.00
2016/12/30,59.53,59.94,58.71,59.28,1554431,92998176.00
2017/01/03,59.19,60.55,59.19,60.48,2148920,129905936.00
2017/01/04,60.48,61.14,59.69,60.90,2244767,136614528.00
2017/01/05,61.19,61.19,59.28,59.31,2613322,157985648.00
2017/01/06,59.30,59.48,55.88,56.17,4226500,244861024.00
2017/01/09,55.48,58.28,54.30,56.59,4643497,262411920.00
2017/01/10,56.38,57.93,55.86,56.29,2784650,159570704.00
2017/01/11,56.08,56.37,54.38,54.42,2657927,147562592.00
2017/01/12,54.43,55.39,53.28,53.40,2369146,129359552.00
2017/01/13,53.41,53.76,50.51,50.99,3765202,197004144.00
2017/01/16,50.53,50.53,45.85,47.10,4390008,213659968.00
2017/01/17,46.58,50.36,45.94,49.51,5019197,243960464.00
2017/01/18,48.58,48.88,47.49,47.54,2823491,137524912.00
2017/01/19,47.04,52.10,46.04,49.43,5782896,289815360.00
2017/01/20,48.58,51.31,48.33,50.63,4761554,240984752.00
2017/01/23,50.38,51.77,50.20,50.75,2879933,148181216.00
2017/01/24,50.58,50.58,48.95,49.08,2932315,146670640.00
2017/01/25,48.78,53.98,48.78,52.91,5920126,311378816.00
2017/01/26,52.38,54.06,51.93,53.82,4306256,229349760.00
2017/02/03,53.38,54.87,52.58,53.66,3897333,211805648.00
2017/02/06,53.46,54.86,53.18,54.84,3508054,191396480.00
2017/02/07,54.49,54.59,53.28,53.69,3122664,169633440.00
2017/02/08,53.49,54.57,52.78,54.37,2916999,158753296.00
2017/02/09,54.10,54.68,54.09,54.38,2689584,147345248.00
2017/02/10,54.28,54.38,52.53,52.65,3283538,176525248.00
2017/02/13,52.56,54.18,52.18,53.58,3061873,165116112.00
2017/02/14,53.57,54.45,52.88,53.77,2492912,135292912.00
2017/02/15,53.38,54.55,53.19,53.86,4240914,231047952.00
2017/02/16,53.56,53.73,52.70,53.18,2889313,154710192.00
2017/02/17,53.17,54.78,52.93,53.71,4058266,220761024.00
2017/02/20,53.48,53.53,51.36,52.03,3556781,187234064.00
2017/02/21,51.89,53.54,51.88,53.01,2508949,133763328.00
2017/02/22,53.03,54.02,52.48,53.10,2854566,153197152.00
2017/02/23,53.00,55.86,52.61,55.48,7075968,389255040.00
2017/02/24,55.20,58.12,55.06,57.22,7345401,422531456.00
2017/02/27,56.80,56.86,55.58,55.88,3908908,221299824.00
2017/02/28,55.76,58.03,55.76,57.94,5272101,303988800.00
2017/03/01,58.07,58.08,56.75,56.86,3942147,227197424.00
2017/03/02,56.88,57.13,55.60,55.67,3848432,218353904.00
2017/03/03,55.61,56.33,55.28,55.96,2492617,140303856.00
2017/03/06,55.80,57.33,55.80,57.08,3126181,178702784.00
2017/03/07,57.08,58.16,56.65,58.00,4668541,270566784.00
2017/03/08,58.02,58.57,56.78,57.12,3927234,227513760.00
2017/03/09,56.83,57.05,55.72,56.22,2637759,149366544.00
2017/03/10,56.23,57.13,56.18,57.03,2766532,158302816.00
2017/03/13,57.08,60.18,56.04,59.87,7336036,432961056.00
2017/03/14,59.85,59.90,58.41,58.76,5749967,342010272.00
2017/03/15,58.63,59.91,58.34,58.87,4022306,239357424.00
2017/03/16,58.89,60.18,58.88,60.08,5308269,319476160.00
2017/03/17,59.90,60.43,58.29,58.39,5742770,342807584.00
2017/03/20,58.06,59.26,57.45,59.22,2970948,174441120.00
2017/03/21,59.22,59.66,58.68,59.58,2732493,162860704.00
2017/03/22,59.06,59.88,58.15,59.43,3639323,216300880.00
2017/03/23,59.38,62.45,59.37,61.17,9438478,579466880.00
2017/03/24,60.47,61.06,60.08,60.90,4010116,244884096.00
2017/03/27,61.01,61.57,60.06,60.90,3110801,190076384.00
2017/03/28,59.30,59.30,55.58,55.84,7140921,413892512.00
2017/03/29,55.95,56.37,53.05,53.35,4582385,250095616.00
2017/03/30,52.98,54.06,52.69,53.30,2746897,147793200.00
2017/03/31,53.31,54.08,52.09,52.91,2344468,125798904.00
2017/04/05,52.58,53.46,51.86,53.30,2131893,113457544.00
2017/04/06,52.95,54.46,52.95,53.65,2024205,109742448.00
2017/04/07,53.50,53.77,52.98,53.12,1559979,83683448.00
2017/04/10,53.08,53.08,48.18,49.11,4359472,220929216.00
2017/04/11,49.14,50.44,48.48,50.06,2003418,99672464.00
2017/04/12,49.88,49.88,48.59,48.66,1424484,70582392.00
2017/04/13,49.05,49.80,48.70,49.11,1328369,66102440.00
2017/04/14,48.97,49.28,48.60,48.71,908210,44771376.00
2017/04/17,47.92,47.92,45.86,46.69,1877450,88222048.00
2017/04/18,46.58,47.33,46.46,46.51,1139882,53904712.00
2017/04/19,46.58,47.27,46.09,47.22,1343162,63410756.00
2017/04/20,47.08,47.84,46.19,46.82,1249365,59160140.00
2017/04/21,46.80,47.13,46.38,46.50,883199,41676644.00
2017/04/24,46.00,46.27,44.40,44.89,1519697,69104824.00
2017/04/25,45.00,45.78,45.00,45.25,992804,45511980.00
2017/04/26,44.48,45.56,43.99,45.01,1589767,71769040.00
2017/04/27,44.58,46.07,43.31,45.91,2517989,113615040.00
2017/04/28,45.56,45.96,45.29,45.44,1356036,62355012.00
2017/05/02,45.38,45.38,44.54,44.64,1375651,62185116.00
2017/05/03,44.68,45.40,44.38,45.30,1501052,68216888.00
2017/05/04,45.33,45.98,44.61,45.06,1478224,67570304.00
2017/05/05,44.76,45.17,44.06,44.12,1066919,48118848.00
2017/05/08,43.74,45.06,43.39,43.60,1059369,47250036.00
2017/05/09,43.78,44.44,43.12,44.11,1237855,54795012.00
2017/05/10,44.23,44.74,43.09,43.29,1245124,55634156.00
2017/05/11,42.95,42.98,40.00,42.10,2641406,110930656.00
2017/05/12,41.87,42.38,40.61,40.83,1746288,72683744.00
2017/05/15,41.10,41.38,40.49,40.54,961275,39762580.00
2017/05/16,40.38,41.38,39.76,41.36,1826070,74774816.00
2017/05/17,41.28,42.56,41.09,41.88,2299583,97475632.00
2017/05/18,41.68,42.08,41.36,41.46,1196183,49862592.00
2017/05/19,41.50,42.00,41.33,41.97,1267290,52923100.00
2017/05/22,41.76,42.00,39.57,39.71,1554735,63505892.00
2017/05/23,39.80,39.98,37.20,37.42,1694004,65190608.00
2017/05/24,37.41,38.20,36.52,38.02,1163189,43888820.00
2017/05/25,37.85,38.46,37.01,38.19,1360087,51527304.00
2017/05/26,38.19,38.99,38.10,38.39,1215788,46909816.00
2017/05/31,39.55,39.92,38.21,38.38,1443485,56588924.00
2017/06/01,38.02,38.17,35.99,36.11,1569887,58296000.00
2017/06/02,35.96,37.49,35.81,37.25,1302024,47785140.00
2017/06/05,37.48,40.80,37.42,39.93,3423975,135309872.00
2017/06/06,39.20,39.88,39.20,39.59,1344134,53036988.00
2017/06/07,39.79,41.57,39.56,41.37,3424188,139031392.00
2017/06/08,41.20,41.46,40.50,40.67,2053824,84111456.00
2017/06/09,40.76,41.18,40.05,40.73,1504000,61183184.00
2017/06/12,40.12,40.45,39.18,39.25,1231100,49030236.00
2017/06/13,38.60,40.72,38.60,40.29,1513700,60639200.00
2017/06/14,40.19,41.30,40.02,40.39,1685416,68552520.00
2017/06/15,40.30,42.47,40.27,41.83,2842641,118430560.00
2017/06/16,42.40,43.40,41.50,41.79,2390578,100934616.00
2017/06/19,41.56,45.44,41.20,43.51,3389100,146106144.00
2017/06/20,43.00,43.35,42.33,42.64,2292261,97920112.00
2017/06/21,42.70,42.80,41.62,42.11,1493700,62981612.00
2017/06/22,41.98,42.25,41.30,41.40,1382600,57837672.00
2017/06/23,40.90,41.75,40.23,41.05,1357451,55518768.00
2017/06/26,41.05,41.47,40.76,41.45,987900,40634432.00
2017/06/27,41.50,41.95,41.13,41.41,977150,40618168.00
2017/06/28,41.20,41.45,40.72,40.81,1271304,51984800.00
2017/06/29,40.73,41.36,40.73,40.85,774136,31718848.00
2017/06/30,40.76,41.29,40.40,41.04,857366,35057656.00
2017/07/03,41.03,41.93,40.81,41.92,2042917,84772752.00
2017/07/04,41.86,42.21,41.62,41.74,1239400,51858592.00
2017/07/05,41.68,41.72,40.74,41.55,1518980,62619812.00
2017/07/06,41.55,41.68,40.88,41.28,1146953,47277448.00
2017/07/07,41.25,42.18,41.04,42.00,1633606,68427840.00
2017/07/10,41.80,41.85,40.35,40.63,1604313,65860404.00
2017/07/11,40.60,40.74,39.60,39.65,1151800,46207936.00
2017/07/12,39.64,39.88,38.71,39.43,1263100,49450008.00
2017/07/13,39.43,39.53,38.70,39.14,1223779,47933260.00
2017/07/14,39.32,39.32,38.45,38.55,853800,33083592.00
2017/07/17,38.11,38.44,34.70,34.70,2232628,80117184.00
2017/07/18,33.12,34.58,31.89,34.37,2915188,96726192.00
2017/07/19,33.96,34.28,33.00,33.68,1758600,59035544.00
2017/07/20,33.73,34.58,33.60,33.73,1400611,47851840.00
2017/07/21,33.73,34.00,32.98,33.13,828449,27723324.00
2017/07/24,32.90,33.99,32.24,33.58,1480911,48965092.00
2017/07/25,33.45,34.48,33.40,34.04,1182755,40265184.00
2017/07/26,34.04,35.77,34.04,35.44,2484324,87485744.00
2017/07/27,35.26,36.88,35.20,36.34,2578860,93299320.00
2017/07/28,36.42,36.42,35.70,35.70,1411300,50569380.00
2017/08/02,35.96,35.96,35.96,35.96,0,0.00
数据来源:通达信
