603383 顶点软件 日线 前复权
      日期	    开盘	    最高	    最低	    收盘	    成交量	    成交额
2017/05/22,22.86,27.43,22.86,27.43,6892,188591.00
2017/05/23,30.17,30.17,30.17,30.17,4200,126714.00
2017/05/24,33.19,33.19,33.19,33.19,6000,199140.00
2017/05/25,36.51,36.51,36.51,36.51,11800,430818.00
2017/05/26,40.16,40.16,40.16,40.16,48064,1930250.00
2017/05/31,44.18,44.18,44.18,44.18,57624,2545828.00
2017/06/01,48.60,48.60,48.60,48.60,300419,14600363.00
2017/06/02,49.40,53.46,48.25,53.46,13615568,706209408.00
2017/06/05,57.40,58.81,54.00,54.22,9855938,560929088.00
2017/06/06,52.11,54.58,51.16,53.01,11410669,600427520.00
2017/06/07,52.02,57.00,51.28,54.93,12662673,683655552.00
2017/06/08,53.35,53.49,50.13,50.48,10328218,533661920.00
2017/06/09,49.62,51.17,49.49,50.00,5309889,265919648.00
2017/06/12,48.11,48.52,45.61,45.86,6528379,307723072.00
2017/06/13,45.34,47.57,45.32,46.69,3665091,170639520.00
2017/06/14,46.44,46.47,44.42,45.39,3573276,161942240.00
2017/06/15,45.10,49.66,45.10,46.88,6011462,284381472.00
2017/06/16,47.00,48.30,46.58,47.28,4071288,192277632.00
2017/06/19,47.01,47.20,46.11,46.50,2540146,118258496.00
2017/06/20,46.80,47.80,46.36,46.53,2796160,131540088.00
2017/06/21,46.20,47.20,45.75,46.43,2047489,94846968.00
2017/06/22,46.26,46.26,44.52,44.60,2841104,129005856.00
2017/06/23,44.33,44.82,42.61,43.40,2661203,116037600.00
2017/06/26,43.20,44.33,43.06,44.14,1583311,69547064.00
2017/06/27,44.18,45.00,43.80,44.02,1359985,60239624.00
2017/06/28,43.88,43.88,42.77,43.02,1318944,56899048.00
2017/06/29,43.08,43.94,43.03,43.30,1214592,52739620.00
2017/06/30,42.88,44.58,42.70,44.56,2151631,94464296.00
2017/07/03,44.56,45.78,44.06,45.38,1800428,81108696.00
2017/07/04,45.14,45.24,44.55,44.97,1128787,50647712.00
2017/07/05,44.89,47.18,44.89,46.94,3230620,150054960.00
2017/07/06,46.61,47.16,46.26,47.03,2301117,107691488.00
2017/07/07,46.98,48.00,46.81,47.56,2695238,127922184.00
2017/07/10,46.79,46.79,44.88,45.37,2303739,105128424.00
2017/07/11,45.12,45.58,43.97,44.28,1292904,57938216.00
2017/07/12,44.28,44.76,43.33,44.72,846732,37311556.00
2017/07/13,44.50,44.50,43.61,44.05,856584,37601960.00
2017/07/14,43.97,44.39,43.03,43.30,904428,39490344.00
2017/07/17,42.71,42.71,38.97,38.97,1822796,73033744.00
2017/07/18,38.63,39.10,37.60,38.64,1585524,60854544.00
2017/07/19,38.60,38.93,37.80,38.80,1247773,48031760.00
2017/07/20,38.38,39.46,38.36,38.39,1211815,47230348.00
2017/07/21,38.05,38.80,38.01,38.21,759030,29168084.00
2017/07/24,37.70,38.71,37.70,38.27,1044772,39986852.00
2017/07/25,38.35,38.60,37.95,38.16,775672,29711760.00
2017/07/26,38.05,38.40,37.50,37.86,783010,29664632.00
2017/07/27,37.90,39.36,37.68,39.01,2637700,102168760.00
2017/07/28,38.82,39.10,38.30,38.31,1072600,41359884.00
2017/08/02,38.64,38.64,38.64,38.64,0,0.00
数据来源:通达信
