600717 天津港 日线 前复权
      日期	    开盘	    最高	    最低	    收盘	    成交量	    成交额
2010/10/08,7.41,7.78,7.33,7.63,22757088,200762080.00
2010/10/11,7.65,7.85,7.58,7.84,17945004,161157120.00
2010/10/12,7.81,7.84,7.70,7.79,11370813,102396648.00
2010/10/13,7.78,7.93,7.75,7.91,15020643,136436800.00
2010/10/14,7.96,8.01,7.73,7.79,21361093,194318512.00
2010/10/15,7.72,8.04,7.69,8.03,24042836,220583472.00
2010/10/18,8.22,8.81,8.12,8.52,49242792,478560032.00
2010/10/19,8.47,8.52,8.24,8.46,21250600,203588736.00
2010/10/20,8.24,8.37,8.13,8.22,21316905,201651856.00
2010/10/21,8.30,8.46,8.04,8.33,20016633,189258560.00
2010/10/22,8.31,8.52,8.17,8.29,12912698,123293456.00
2010/10/25,8.29,8.59,8.19,8.55,20481840,196961504.00
2010/10/26,8.57,8.72,8.37,8.55,24189917,235923072.00
2010/10/27,8.68,8.86,8.23,8.28,26307712,256953312.00
2010/10/28,8.24,8.41,8.13,8.22,13258121,125566376.00
2010/10/29,8.16,8.39,8.13,8.33,14192335,134594464.00
2010/11/01,8.35,8.48,8.26,8.44,17683286,169749568.00
2010/11/02,8.44,8.71,8.30,8.46,19859992,192742080.00
2010/11/03,8.49,8.65,8.44,8.49,16376237,160019872.00
2010/11/04,8.55,8.57,8.38,8.56,17000566,165246112.00
2010/11/05,8.60,8.77,8.54,8.75,23680329,234094000.00
2010/11/08,8.88,9.10,8.86,8.89,31530317,321782784.00
2010/11/09,8.90,9.04,8.74,8.85,19846517,199796032.00
2010/11/10,8.84,8.84,8.58,8.62,16476228,162802624.00
2010/11/11,8.60,8.85,8.57,8.64,16141312,160027824.00
2010/11/12,8.54,8.61,7.82,7.85,24786936,233416064.00
2010/11/15,7.92,8.04,7.84,8.01,10147666,92879320.00
2010/11/16,8.12,8.14,7.65,7.68,14777581,135144176.00
2010/11/17,7.65,7.81,7.57,7.60,9795321,87207264.00
2010/11/18,7.69,7.74,7.56,7.65,6194059,54948012.00
2010/11/19,7.73,7.74,7.43,7.68,9630783,84796904.00
2010/11/22,7.61,7.71,7.58,7.64,8621282,76419560.00
2010/11/23,7.62,7.62,7.32,7.42,8440615,73100960.00
2010/11/24,7.41,7.56,7.37,7.51,14646120,127414944.00
2010/11/25,7.51,7.65,7.47,7.59,12787392,112348112.00
2010/11/26,7.59,7.61,7.43,7.47,8815404,76964272.00
2010/11/29,7.47,7.47,7.33,7.43,6843895,59045704.00
2010/11/30,7.45,7.52,7.10,7.26,11228609,95856232.00
2010/12/01,7.26,7.30,7.17,7.24,5547468,46968112.00
2010/12/02,7.35,7.41,7.28,7.34,6614050,56696128.00
2010/12/03,7.35,7.38,7.19,7.32,5535622,47105264.00
2010/12/06,7.33,7.36,7.14,7.24,7607722,64414976.00
2010/12/07,7.18,7.28,7.06,7.26,6440328,54019416.00
2010/12/08,7.24,7.31,7.22,7.24,5533785,46967496.00
2010/12/09,7.20,7.37,7.15,7.24,8553085,72692472.00
2010/12/10,7.23,7.35,7.20,7.33,6735619,57380736.00
2010/12/13,7.39,7.51,7.32,7.50,10840437,93852064.00
2010/12/14,7.51,7.62,7.41,7.56,10589338,92502072.00
2010/12/15,7.59,7.59,7.47,7.49,8653195,75713224.00
2010/12/16,7.48,7.54,7.45,7.53,6894811,60230496.00
2010/12/17,7.55,7.55,7.41,7.46,10737200,93413624.00
2010/12/20,7.46,7.47,7.13,7.21,10514052,89568568.00
2010/12/21,7.27,7.36,7.23,7.35,5961056,50843128.00
2010/12/22,7.36,7.42,7.27,7.30,6416149,55034256.00
2010/12/23,7.27,7.30,7.17,7.22,5351416,45337316.00
2010/12/24,7.21,7.28,7.13,7.19,5512817,46417708.00
2010/12/27,7.21,7.30,7.07,7.11,7502835,63323520.00
2010/12/28,7.11,7.15,6.90,6.92,7985532,65857188.00
2010/12/29,6.96,6.99,6.91,6.99,3884259,31760856.00
2010/12/30,7.01,7.05,6.92,7.02,4218203,34652240.00
2010/12/31,7.03,7.12,7.02,7.11,6179014,51260284.00
2011/01/04,7.17,7.22,7.10,7.19,5653263,47395240.00
2011/01/05,7.18,7.23,7.10,7.17,5770698,48358156.00
2011/01/06,7.19,7.20,7.11,7.13,3862802,32335864.00
2011/01/07,7.14,7.25,7.03,7.17,7675146,64332696.00
2011/01/10,7.15,7.17,7.00,7.01,6254529,51922392.00
2011/01/11,7.01,7.19,6.91,7.13,7806048,64761520.00
2011/01/12,7.07,7.18,7.03,7.14,8273965,68897360.00
2011/01/13,7.15,7.31,7.10,7.27,12197051,103137744.00
2011/01/14,7.23,7.26,7.13,7.16,6556599,55142984.00
2011/01/17,7.08,7.11,6.85,6.86,7924066,64861920.00
2011/01/18,6.86,6.89,6.78,6.88,4367649,35222552.00
2011/01/19,6.87,7.00,6.83,6.98,5832591,47540804.00
2011/01/20,6.97,6.97,6.67,6.68,7411964,59716880.00
2011/01/21,6.68,6.91,6.68,6.84,5171801,41572416.00
2011/01/24,6.85,6.96,6.78,6.88,5173506,42045748.00
2011/01/25,6.85,6.94,6.83,6.88,3678082,29849076.00
2011/01/26,6.92,7.01,6.88,6.96,3514135,28736132.00
2011/01/27,6.94,7.08,6.89,7.06,6291354,51897392.00
2011/01/28,7.03,7.08,6.98,7.06,4177920,34520864.00
2011/01/31,7.06,7.13,7.01,7.12,5157344,42895756.00
2011/02/01,7.13,7.13,7.05,7.07,2937799,24411812.00
2011/02/09,7.04,7.10,7.00,7.03,4888422,40445136.00
2011/02/10,7.00,7.24,7.00,7.20,8743948,73305904.00
2011/02/11,7.17,7.27,7.14,7.22,6572964,55554768.00
2011/02/14,7.27,7.56,7.26,7.48,18822846,163176432.00
2011/02/15,7.51,7.57,7.38,7.39,14490640,126352144.00
2011/02/16,7.38,7.80,7.38,7.74,20288839,180262080.00
2011/02/17,7.69,7.97,7.64,7.87,20859673,189462896.00
2011/02/18,7.89,7.92,7.68,7.71,8641351,77592576.00
2011/02/21,7.64,7.89,7.64,7.84,9495289,85686648.00
2011/02/22,7.87,8.09,7.67,7.70,22378001,204674992.00
2011/02/23,7.70,7.80,7.56,7.64,10336800,91592288.00
2011/02/24,7.59,7.67,7.53,7.66,7721216,68212944.00
2011/02/25,7.65,7.72,7.55,7.61,6230062,55034224.00
2011/02/28,7.60,7.78,7.55,7.74,7829477,69793696.00
2011/03/01,7.78,7.80,7.66,7.72,8549705,76539200.00
2011/03/02,7.68,7.72,7.51,7.63,9491231,83877240.00
2011/03/03,7.62,7.70,7.53,7.53,6755467,59740864.00
2011/03/04,7.53,7.72,7.53,7.69,8609260,76449296.00
2011/03/07,7.71,7.95,7.70,7.89,13838823,125797992.00
2011/03/08,7.91,7.91,7.79,7.86,7390579,66987932.00
2011/03/09,7.88,8.00,7.84,7.86,11833581,108044800.00
2011/03/10,7.85,7.85,7.65,7.66,9014004,80702696.00
2011/03/11,7.62,7.72,7.55,7.56,9839702,87158568.00
2011/03/14,7.49,7.65,7.49,7.64,5940440,52305568.00
2011/03/15,7.58,7.62,7.26,7.32,16098776,138057728.00
2011/03/16,7.35,7.40,7.30,7.40,9521598,81717872.00
2011/03/17,7.35,7.38,7.21,7.25,7657664,65209716.00
2011/03/18,7.31,7.40,7.31,7.35,6020380,51685992.00
2011/03/21,7.36,7.43,7.33,7.38,5511574,47383980.00
2011/03/22,7.42,7.42,7.31,7.39,4212478,36240308.00
2011/03/23,7.38,7.55,7.33,7.53,7769402,67507720.00
2011/03/24,7.47,7.51,7.37,7.41,8463277,73332224.00
2011/03/25,7.45,7.50,7.40,7.48,7033194,61140376.00
2011/03/28,7.48,7.52,7.45,7.47,7476397,65164740.00
2011/03/29,7.47,7.59,7.45,7.49,10007441,87671344.00
2011/03/30,7.52,7.55,7.40,7.41,7156427,62205148.00
2011/03/31,7.39,7.42,7.22,7.25,6882581,58759000.00
2011/04/01,7.27,7.35,7.24,7.35,5166817,43992740.00
2011/04/06,7.32,7.46,7.28,7.44,7247833,62377636.00
2011/04/07,7.43,7.54,7.40,7.49,6651313,57873636.00
2011/04/08,7.49,7.55,7.41,7.53,6335351,55303672.00
2011/04/11,7.55,7.60,7.49,7.59,10797863,94891168.00
2011/04/12,7.59,7.73,7.53,7.67,13009997,115316984.00
2011/04/13,7.67,7.83,7.60,7.80,18903029,170004736.00
2011/04/14,7.79,7.87,7.67,7.69,11377135,102273536.00
2011/04/15,7.70,7.83,7.61,7.83,10675801,95718384.00
2011/04/18,7.80,7.89,7.71,7.76,8490435,76549400.00
2011/04/19,7.68,7.71,7.52,7.54,11746069,103593608.00
2011/04/20,7.60,7.68,7.55,7.66,7709226,68229072.00
2011/04/21,7.71,7.76,7.59,7.66,8367520,74354048.00
2011/04/22,7.69,7.78,7.63,7.68,9961951,89123408.00
2011/04/25,7.66,7.66,7.50,7.52,7259221,63733112.00
2011/04/27,7.61,7.61,7.29,7.37,9586230,83320640.00
2011/04/28,7.40,7.44,7.22,7.24,6300279,53829936.00
2011/04/29,7.25,7.32,7.17,7.32,6485627,55010212.00
2011/05/03,7.32,7.44,7.27,7.44,5093605,43838920.00
2011/05/04,7.38,7.60,7.30,7.38,9751440,84924784.00
2011/05/05,7.35,7.48,7.34,7.44,5290075,45712156.00
2011/05/06,7.37,7.50,7.31,7.42,5754550,49756384.00
2011/05/09,7.42,7.49,7.40,7.44,5506477,47779420.00
2011/05/10,7.44,7.49,7.37,7.48,4676334,40522260.00
2011/05/11,7.48,7.73,7.44,7.70,15859580,140582144.00
2011/05/12,7.62,7.68,7.48,7.53,7965051,70361504.00
2011/05/13,7.52,7.71,7.48,7.70,11485492,101661632.00
2011/05/16,7.70,7.80,7.62,7.70,9822839,87683872.00
2011/05/17,7.69,7.70,7.47,7.60,7577420,66805476.00
2011/05/18,7.60,7.76,7.54,7.75,10216057,91131944.00
2011/05/19,7.77,7.80,7.61,7.62,8501321,75892512.00
2011/05/20,7.65,7.89,7.58,7.88,20189609,181576736.00
2011/05/23,7.83,7.89,7.51,7.56,20136050,179851520.00
2011/05/24,7.51,7.55,7.24,7.36,11112650,95433624.00
2011/05/25,7.37,7.46,7.26,7.41,7407725,63687192.00
2011/05/26,7.47,7.51,7.23,7.24,6824612,58722040.00
2011/05/27,7.19,7.29,7.05,7.06,8139625,68419536.00
2011/05/30,7.06,7.08,6.92,6.94,6090593,50106432.00
2011/05/31,6.95,7.07,6.93,7.06,5203561,42862200.00
2011/06/01,7.03,7.06,6.97,7.03,4214560,34765596.00
2011/06/02,6.97,7.06,6.90,7.02,7430389,61060904.00
2011/06/03,7.02,7.32,6.98,7.30,11134794,93941584.00
2011/06/07,7.21,7.29,7.15,7.23,6750547,56941300.00
2011/06/08,7.23,7.28,7.15,7.19,4664821,39377292.00
2011/06/09,7.22,7.27,6.98,7.00,6218832,51904752.00
2011/06/10,7.04,7.07,6.93,7.04,4098460,33660672.00
2011/06/13,7.02,7.04,6.94,7.00,2935741,24104264.00
2011/06/14,7.01,7.13,7.00,7.09,3789352,31457584.00
2011/06/15,7.04,7.25,7.03,7.08,4577959,38313824.00
2011/06/16,7.00,7.09,6.97,6.98,3530555,29099596.00
2011/06/17,7.01,7.03,6.87,6.88,3181412,25678374.00
2011/06/20,6.90,6.92,6.79,6.83,3038066,24244246.00
2011/06/21,6.87,6.90,6.79,6.89,2398011,19139192.00
2011/06/22,6.91,6.94,6.82,6.85,3744761,29917044.00
2011/06/23,6.80,6.94,6.77,6.91,4007112,32023770.00
2011/06/24,6.89,7.11,6.88,7.06,7355711,59929332.00
2011/06/27,7.06,7.13,7.02,7.07,4679996,38393092.00
2011/06/28,7.07,7.12,6.97,7.10,5686237,46424180.00
2011/06/29,7.08,7.08,6.98,6.99,3983595,32517976.00
2011/06/30,7.01,7.12,6.99,7.05,4735441,38823680.00
2011/07/01,7.10,7.10,7.01,7.04,5968583,48791556.00
2011/07/04,7.07,7.19,7.04,7.17,9912243,81928032.00
2011/07/05,7.16,7.17,7.11,7.17,5830929,48238152.00
2011/07/06,7.15,7.20,7.10,7.15,5732742,47389812.00
2011/07/07,7.15,7.20,7.09,7.10,6981740,57720036.00
2011/07/08,7.13,7.18,7.06,7.10,5583852,46064592.00
2011/07/11,7.10,7.14,7.05,7.12,3819079,31472664.00
2011/07/12,7.07,7.07,6.92,6.93,7276195,58934172.00
2011/07/13,6.94,7.02,6.93,7.01,4870289,39522952.00
2011/07/14,7.02,7.05,6.99,7.05,5952423,48547472.00
2011/07/15,7.05,7.24,7.00,7.14,10255061,84616704.00
2011/07/18,7.17,7.19,7.08,7.12,4708239,38914880.00
2011/07/19,7.12,7.27,7.09,7.14,8021821,66592816.00
2011/07/20,7.19,7.19,7.03,7.09,5096291,41898560.00
2011/07/21,7.10,7.12,6.99,6.99,3763472,30731622.00
2011/07/22,7.02,7.04,6.95,6.98,4198677,34081608.00
2011/07/25,6.95,7.04,6.71,6.75,7481250,59656680.00
2011/07/26,6.74,6.79,6.70,6.78,3448415,27169922.00
2011/07/27,6.74,6.81,6.68,6.78,5256501,41390808.00
2011/07/28,6.70,6.75,6.64,6.73,4797284,37510040.00
2011/07/29,6.69,6.78,6.63,6.72,3787799,29632152.00
2011/08/01,6.72,6.79,6.68,6.74,3665747,28849888.00
2011/08/02,6.72,6.72,6.53,6.63,5052690,38973544.00
2011/08/03,6.56,6.63,6.48,6.60,3832767,29502704.00
2011/08/04,6.61,6.65,6.55,6.61,3984213,30831528.00
2011/08/05,6.45,6.46,6.38,6.41,6548549,49380380.00
2011/08/08,6.32,6.37,5.86,5.96,10864924,78210832.00
2011/08/09,5.69,5.89,5.68,5.87,7341414,50923536.00
2011/08/10,5.97,5.98,5.88,5.90,6125510,43261776.00
2011/08/11,5.78,6.00,5.70,6.00,5252454,36976492.00
2011/08/12,6.04,6.17,6.00,6.12,9131736,65919016.00
2011/08/15,6.13,6.15,6.02,6.14,5974085,43116448.00
2011/08/16,6.12,6.17,6.01,6.05,4935499,35690588.00
2011/08/17,6.00,6.10,6.00,6.05,2975038,21399324.00
2011/08/18,6.07,6.11,5.94,5.94,4273434,30577380.00
2011/08/19,5.85,5.94,5.81,5.88,5150925,35961000.00
2011/08/22,5.87,5.92,5.82,5.89,3134361,21952778.00
2011/08/23,5.90,6.05,5.87,6.04,3586075,25422932.00
2011/08/24,6.05,6.07,5.95,5.98,3573295,25530956.00
2011/08/25,5.99,6.17,5.97,6.15,7349921,53166480.00
2011/08/26,6.13,6.17,6.09,6.16,3790012,27499260.00
2011/08/29,6.12,6.12,6.02,6.04,3886655,27917792.00
2011/08/30,6.07,6.15,5.97,5.99,4262912,30708338.00
2011/08/31,5.98,6.02,5.92,6.02,2650987,18812484.00
2011/09/01,6.02,6.06,5.97,5.99,2648794,18911976.00
2011/09/02,5.98,6.01,5.87,5.91,2840945,20031604.00
2011/09/05,5.85,5.87,5.75,5.75,3249688,22536048.00
2011/09/06,5.72,5.80,5.72,5.76,2793394,19260208.00
2011/09/07,5.82,5.91,5.78,5.89,2798666,19528228.00
2011/09/08,5.91,5.92,5.82,5.83,2403248,16844132.00
2011/09/09,5.85,5.93,5.83,5.85,2897363,20313736.00
2011/09/13,5.80,5.83,5.73,5.81,2123542,14659087.00
2011/09/14,5.84,5.89,5.74,5.89,2312762,16048246.00
2011/09/15,5.87,5.92,5.86,5.88,1879233,13183295.00
2011/09/16,5.89,5.94,5.86,5.88,1673932,11763215.00
2011/09/19,5.83,5.86,5.75,5.76,2097155,14511595.00
2011/09/20,5.75,5.87,5.75,5.81,1688919,11716892.00
2011/09/21,5.79,6.02,5.78,5.98,5789691,40901536.00
2011/09/22,5.92,5.95,5.83,5.84,4620420,32494208.00
2011/09/23,5.75,5.85,5.73,5.80,2346704,16212724.00
2011/09/26,5.75,5.83,5.72,5.73,2270154,15659761.00
2011/09/27,5.80,5.81,5.73,5.79,1749032,12073570.00
2011/09/28,5.81,5.82,5.70,5.71,2251336,15492719.00
2011/09/29,5.70,5.72,5.60,5.63,3686501,25059184.00
2011/09/30,5.62,5.67,5.58,5.62,1754462,11845475.00
2011/10/10,5.63,5.67,5.55,5.61,2740806,18461640.00
2011/10/11,5.73,5.76,5.61,5.64,2611736,17819702.00
2011/10/12,5.63,5.84,5.62,5.83,5223111,36077420.00
2011/10/13,5.78,5.91,5.78,5.87,5179250,36167504.00
2011/10/14,5.84,5.86,5.78,5.83,3170409,22025936.00
2011/10/17,5.85,5.88,5.80,5.82,2621537,18251996.00
2011/10/18,5.78,5.81,5.64,5.66,3954963,27064414.00
2011/10/19,5.66,5.72,5.62,5.65,1974534,13406821.00
2011/10/20,5.60,5.64,5.41,5.44,5010547,33267508.00
2011/10/21,5.48,5.50,5.40,5.44,2917862,19210820.00
2011/10/24,5.48,5.60,5.41,5.53,5719321,37964724.00
2011/10/25,5.56,5.65,5.48,5.63,5822896,39059448.00
2011/10/26,5.63,5.77,5.60,5.68,7667004,52364324.00
2011/10/27,5.72,5.80,5.71,5.73,6819345,46939824.00
2011/10/28,5.80,5.86,5.77,5.82,6731105,46773312.00
2011/10/31,5.80,5.84,5.76,5.79,4084281,28290440.00
2011/11/01,5.76,5.89,5.75,5.88,6924358,48213944.00
2011/11/02,5.81,5.99,5.78,5.97,6796633,47631196.00
2011/11/03,5.97,6.04,5.92,5.93,7794458,55435684.00
2011/11/04,5.99,6.04,5.93,6.01,6631631,47168420.00
2011/11/07,5.98,6.04,5.92,5.94,4475141,31794664.00
2011/11/08,5.98,5.98,5.88,5.91,3948974,27900900.00
2011/11/09,5.95,5.97,5.86,5.94,4298527,30284340.00
2011/11/10,5.88,5.90,5.81,5.82,4817022,33668404.00
2011/11/11,5.83,5.88,5.80,5.83,2760516,19252272.00
2011/11/14,5.87,5.96,5.86,5.96,4971256,35081696.00
2011/11/15,5.95,5.96,5.89,5.92,3619980,25528598.00
2011/11/16,5.92,5.92,5.75,5.76,5650064,39413432.00
2011/11/17,5.76,5.84,5.75,5.76,3098626,21440140.00
2011/11/18,5.74,5.75,5.68,5.74,5299755,36274888.00
2011/11/21,5.70,5.83,5.70,5.77,2650902,18278980.00
2011/11/22,5.75,5.77,5.68,5.73,2560507,17556940.00
2011/11/23,5.73,5.75,5.61,5.64,2892773,19637340.00
2011/11/24,5.59,5.65,5.58,5.63,2285305,15405133.00
2011/11/25,5.63,5.66,5.55,5.58,2098657,14151097.00
2011/11/28,5.63,5.71,5.58,5.69,3371541,22780112.00
2011/11/29,5.71,5.72,5.66,5.71,2388822,16302355.00
2011/11/30,5.68,5.71,5.48,5.52,3209131,21437140.00
2011/12/01,5.62,5.74,5.58,5.67,5581953,37910480.00
2011/12/02,5.60,5.64,5.52,5.55,1882878,12617405.00
2011/12/05,5.57,5.59,5.45,5.45,3169410,21079776.00
2011/12/06,5.47,5.53,5.45,5.52,2533191,16774359.00
2011/12/07,5.52,5.54,5.46,5.48,1871786,12402714.00
2011/12/08,5.48,5.53,5.43,5.48,1987701,13128454.00
2011/12/09,5.47,5.51,5.45,5.51,2123511,14057802.00
2011/12/12,5.51,5.51,5.44,5.48,2536746,16747619.00
2011/12/13,5.47,5.48,5.30,5.41,6194940,40356216.00
2011/12/14,5.40,5.40,5.29,5.35,3572346,23064448.00
2011/12/15,5.29,5.32,5.16,5.17,3590377,22869300.00
2011/12/16,5.20,5.24,5.12,5.24,4291053,27091984.00
2011/12/19,5.21,5.21,5.05,5.15,3813765,23798652.00
2011/12/21,5.18,5.19,5.05,5.06,4999316,31173096.00
2011/12/22,5.03,5.04,4.90,5.02,6144549,37338872.00
2011/12/23,5.01,5.06,4.95,5.01,5462647,33541528.00
2011/12/26,4.98,5.03,4.95,5.00,5436650,33239430.00
2011/12/27,4.94,4.99,4.91,4.96,3607520,21914698.00
2011/12/28,4.91,4.96,4.86,4.95,3878011,23394140.00
2011/12/29,4.93,4.96,4.89,4.91,3994287,24204048.00
2011/12/30,4.95,4.98,4.88,4.92,5913732,35865264.00
2012/01/04,4.98,5.00,4.92,4.93,5194495,31685400.00
2012/01/05,4.90,4.95,4.86,4.91,3345283,20206680.00
2012/01/06,4.89,5.03,4.83,5.00,4785735,28874692.00
2012/01/09,4.98,5.13,4.93,5.12,8947617,55254128.00
2012/01/10,5.15,5.27,5.12,5.25,11027436,69779376.00
2012/01/11,5.24,5.26,5.16,5.19,6002420,37995468.00
2012/01/12,5.19,5.23,5.13,5.16,4603885,29020450.00
2012/01/13,5.17,5.17,5.03,5.04,4958331,30753710.00
2012/01/16,5.01,5.10,4.98,5.06,4960908,30601012.00
2012/01/17,5.04,5.32,5.02,5.31,10326985,65581556.00
2012/01/18,5.32,5.35,5.21,5.25,5964422,38253408.00
2012/01/19,5.24,5.31,5.20,5.26,3967464,25346800.00
2012/01/20,5.30,5.34,5.24,5.28,4688509,30097658.00
2012/01/30,5.31,5.31,5.19,5.20,3613802,22994690.00
2012/01/31,5.19,5.23,5.13,5.18,1778146,11195700.00
2012/02/01,5.17,5.23,5.14,5.16,1937719,12222940.00
2012/02/02,5.16,5.24,5.15,5.24,2756210,17434226.00
2012/02/03,5.24,5.33,5.22,5.29,4125968,26400700.00
2012/02/06,5.29,5.41,5.28,5.30,5146139,33231848.00
2012/02/07,5.29,5.30,5.17,5.19,2274684,14429850.00
2012/02/08,5.19,5.34,5.18,5.34,3787705,24316716.00
2012/02/09,5.33,5.43,5.30,5.41,8497977,55368896.00
2012/02/10,5.41,5.46,5.36,5.43,4324046,28319400.00
2012/02/13,5.37,5.50,5.36,5.44,4627400,30468280.00
2012/02/14,5.44,5.45,5.38,5.40,2215930,14472064.00
2012/02/15,5.41,5.52,5.37,5.47,5686836,37436224.00
2012/02/16,5.47,5.49,5.39,5.44,3573910,23453112.00
2012/02/17,5.46,5.48,5.37,5.40,3132035,20463984.00
2012/02/20,5.48,5.49,5.39,5.40,4506103,29506230.00
2012/02/21,5.40,5.43,5.34,5.40,6347547,41276408.00
2012/02/22,5.40,5.49,5.38,5.47,7358750,48348652.00
2012/02/23,5.47,5.53,5.46,5.51,6549366,43403076.00
2012/02/24,5.51,5.64,5.48,5.62,9964199,66680272.00
2012/02/27,5.63,5.74,5.60,5.63,14737844,100228824.00
2012/02/28,5.64,5.79,5.63,5.70,13784927,94143552.00
2012/02/29,5.71,5.73,5.61,5.62,6177771,41942408.00
2012/03/01,5.60,5.72,5.58,5.62,4386796,29695598.00
2012/03/02,5.62,5.71,5.62,5.70,4980444,33888416.00
2012/03/05,5.72,5.77,5.63,5.67,6139237,41918152.00
2012/03/06,5.64,5.65,5.53,5.56,4995761,33463904.00
2012/03/07,5.52,5.61,5.49,5.56,4230864,28274568.00
2012/03/08,5.57,5.65,5.57,5.62,4617736,31150546.00
2012/03/09,5.63,5.69,5.59,5.67,5392540,36568908.00
2012/03/12,5.66,5.77,5.65,5.71,6122012,41826692.00
2012/03/13,5.77,5.77,5.68,5.74,5969828,40868208.00
2012/03/14,5.74,5.78,5.43,5.49,12067145,81886856.00
2012/03/15,5.49,5.52,5.38,5.40,5586134,36685540.00
2012/03/16,5.41,5.52,5.40,5.51,4406369,29003264.00
2012/03/19,5.51,5.65,5.47,5.63,6676158,44605240.00
2012/03/20,5.59,5.61,5.49,5.52,5145799,34400776.00
2012/03/21,5.53,5.61,5.50,5.58,4602504,30775656.00
2012/03/22,5.57,5.59,5.52,5.58,2778304,18572664.00
2012/03/23,5.54,5.57,5.43,5.51,3197202,21253258.00
2012/03/26,5.42,5.48,5.32,5.38,7140213,46619404.00
2012/03/27,5.40,5.42,5.37,5.38,2773595,18074784.00
2012/03/28,5.37,5.37,5.17,5.19,6713712,42743252.00
2012/03/29,5.17,5.22,5.07,5.11,4041095,25288464.00
2012/03/30,5.13,5.16,5.11,5.15,3331456,20867482.00
2012/04/05,5.15,5.41,5.14,5.35,5432370,34846392.00
2012/04/06,5.31,5.35,5.23,5.26,2927615,18812068.00
2012/04/09,5.28,5.29,5.21,5.23,3288666,20963628.00
2012/04/10,5.21,5.27,5.11,5.26,2584463,16311630.00
2012/04/11,5.21,5.31,5.18,5.26,2281915,14565388.00
2012/04/12,5.26,5.36,5.21,5.33,7000866,44951076.00
2012/04/13,5.32,5.44,5.28,5.40,10374410,67398424.00
2012/04/16,5.35,5.53,5.35,5.46,10776433,71164544.00
2012/04/17,5.46,5.52,5.35,5.36,5471869,35838132.00
2012/04/18,5.37,5.49,5.36,5.48,5237584,34363160.00
2012/04/19,5.47,5.58,5.43,5.49,6722353,44527208.00
2012/04/20,5.47,5.56,5.45,5.52,9102461,60423032.00
2012/04/23,5.51,5.60,5.46,5.54,8083310,53871404.00
2012/04/24,5.52,5.60,5.37,5.48,7464843,49299376.00
2012/04/25,5.47,5.59,5.42,5.55,6602583,43848712.00
2012/04/26,5.56,5.58,5.50,5.54,5702029,38027848.00
2012/04/27,5.56,5.60,5.49,5.52,4783532,31952878.00
2012/05/02,5.61,5.71,5.57,5.67,7866381,53344268.00
2012/05/03,5.67,5.68,5.61,5.67,4430648,30051548.00
2012/05/04,5.67,5.69,5.63,5.64,3595433,24388442.00
2012/05/07,5.63,5.66,5.58,5.64,5705214,38489656.00
2012/05/08,5.62,5.65,5.59,5.61,2887266,19473424.00
2012/05/09,5.58,5.58,5.45,5.46,5232541,34767780.00
2012/05/10,5.46,5.50,5.45,5.47,2301379,15196714.00
2012/05/11,5.45,5.51,5.43,5.44,2040800,13449921.00
2012/05/14,5.48,5.50,5.42,5.42,2394296,15786794.00
2012/05/15,5.38,5.40,5.33,5.39,3307942,21486556.00
2012/05/16,5.39,5.55,5.36,5.41,6291882,41430356.00
2012/05/17,5.43,5.73,5.36,5.71,19906930,134712704.00
2012/05/18,5.68,6.10,5.63,5.80,44000640,308602656.00
2012/05/21,5.77,5.77,5.50,5.54,18069995,121646424.00
2012/05/23,5.55,5.55,5.41,5.49,10642011,70362192.00
2012/05/24,5.47,5.62,5.43,5.52,8064100,53762552.00
2012/05/25,5.48,5.51,5.36,5.37,7041004,46104032.00
2012/05/28,5.35,5.54,5.29,5.51,7006115,45871688.00
2012/05/29,5.49,5.58,5.40,5.53,7433158,49282400.00
2012/05/30,5.51,5.64,5.49,5.55,5357297,35824656.00
2012/05/31,5.50,5.53,5.43,5.45,4597122,30342980.00
2012/06/01,5.46,5.56,5.44,5.48,6140419,40777656.00
2012/06/04,5.37,5.40,5.25,5.25,5810267,37534176.00
2012/06/05,5.27,5.32,5.23,5.25,2930246,18731690.00
2012/06/06,5.26,5.30,5.21,5.24,4285697,27353116.00
2012/06/07,5.29,5.32,5.24,5.28,2974762,19061194.00
2012/06/08,5.32,5.32,5.24,5.27,2615145,16767506.00
2012/06/11,5.28,5.32,5.22,5.31,2654539,17015760.00
2012/06/12,5.29,5.29,5.24,5.24,1684704,10763934.00
2012/06/13,5.26,5.35,5.24,5.32,2935898,18843312.00
2012/06/14,5.32,5.34,5.27,5.28,2214970,14256782.00
2012/06/15,5.30,5.34,5.23,5.29,2758571,17692818.00
2012/06/18,5.29,5.33,5.28,5.31,2494995,16060729.00
2012/06/19,5.30,5.32,5.25,5.26,2276898,14602349.00
2012/06/20,5.28,5.29,5.24,5.25,2028114,12972218.00
2012/06/21,5.24,5.27,5.17,5.19,2885380,18292880.00
2012/06/25,5.18,5.21,5.07,5.08,2356650,14747755.00
2012/06/26,5.08,5.13,5.05,5.11,1498974,9320783.00
2012/06/27,5.11,5.28,5.08,5.18,4464811,28163118.00
2012/06/28,5.18,5.19,5.06,5.12,3700400,23103408.00
2012/06/29,5.10,5.21,5.05,5.19,3857702,24156680.00
2012/07/02,5.19,5.20,5.12,5.15,2594596,16313563.00
2012/07/03,5.14,5.19,5.11,5.15,2935554,18446048.00
2012/07/04,5.16,5.20,5.09,5.15,3557974,22270466.00
2012/07/05,5.13,5.13,5.06,5.10,2378060,14778770.00
2012/07/06,5.09,5.17,5.06,5.14,4094817,25554936.00
2012/07/09,5.12,5.12,4.98,5.00,2382702,14482684.00
2012/07/10,4.98,5.00,4.96,4.97,2197949,13196097.00
2012/07/11,4.97,5.00,4.96,4.99,1884702,11330215.00
2012/07/12,4.99,5.08,4.96,5.03,2902005,17542956.00
2012/07/13,5.03,5.06,5.00,5.00,1564243,9480398.00
2012/07/16,5.02,5.02,4.90,4.91,2999113,17939172.00
2012/07/17,4.92,4.96,4.91,4.94,1341112,7989983.00
2012/07/18,4.95,5.03,4.92,5.02,2019264,12112462.00
2012/07/19,4.99,5.10,4.98,5.04,2985721,18172700.00
2012/07/20,5.04,5.04,4.97,5.00,2115233,12761830.00
2012/07/23,4.98,4.98,4.92,4.94,1308945,7823381.00
2012/07/24,4.93,5.04,4.92,5.00,2021612,12175153.00
2012/07/25,4.97,5.00,4.92,4.93,1587577,9505020.00
2012/07/26,4.96,4.99,4.91,4.93,1235629,7392690.00
2012/07/27,4.94,4.99,4.94,4.96,1037996,6214762.00
2012/07/30,4.95,5.05,4.95,4.99,2578001,15536087.00
2012/07/31,4.99,4.99,4.91,4.92,2545062,15195224.00
2012/08/01,4.93,5.00,4.92,4.98,1690994,10149379.00
2012/08/02,4.98,5.04,4.96,5.02,2526256,15250685.00
2012/08/03,5.02,5.06,5.00,5.04,3136714,19002708.00
2012/08/06,5.03,5.10,5.03,5.09,3530271,21553248.00
2012/08/07,5.10,5.12,5.07,5.11,2991402,18332688.00
2012/08/08,5.10,5.11,5.03,5.06,3171951,19352764.00
2012/08/09,5.06,5.10,5.04,5.09,2032353,12401993.00
2012/08/10,5.09,5.12,5.06,5.08,2244636,13737997.00
2012/08/13,5.07,5.08,4.96,4.97,4497146,27185494.00
2012/08/14,4.99,5.00,4.93,4.99,2541277,15231925.00
2012/08/15,4.98,4.98,4.93,4.94,1388084,8301287.00
2012/08/16,4.95,4.99,4.95,4.96,1411396,8466413.00
2012/08/17,4.96,4.99,4.95,4.99,1685578,10118124.00
2012/08/20,4.97,4.99,4.93,4.96,1593686,9530520.00
2012/08/21,4.96,5.00,4.95,4.99,2682929,16116393.00
2012/08/22,4.99,5.04,4.95,4.96,2562033,15438475.00
2012/08/23,4.95,5.00,4.93,4.99,3617551,21698612.00
2012/08/24,4.98,4.98,4.91,4.92,2411226,14380603.00
2012/08/27,4.92,4.92,4.77,4.79,3469454,20346298.00
2012/08/28,4.77,4.85,4.76,4.84,2779071,16239473.00
2012/08/29,4.83,4.83,4.77,4.79,2133381,12421933.00
2012/08/30,4.77,4.82,4.76,4.80,2617578,15257120.00
2012/08/31,4.80,4.89,4.77,4.84,3419042,20086068.00
2012/09/03,4.83,4.92,4.81,4.87,2184567,12900909.00
2012/09/04,4.88,4.90,4.81,4.81,1919582,11267197.00
2012/09/05,4.82,4.86,4.79,4.84,1160884,6796686.00
2012/09/06,4.84,4.87,4.83,4.86,1437784,8456481.00
2012/09/07,4.92,5.07,4.87,5.01,10216988,61453104.00
2012/09/10,5.00,5.03,4.96,5.00,3904066,23502712.00
2012/09/11,4.97,4.99,4.93,4.96,2434274,14565612.00
2012/09/12,4.98,5.00,4.92,4.96,2602270,15587899.00
2012/09/13,4.97,5.00,4.93,4.94,3174120,19034284.00
2012/09/14,4.95,4.98,4.91,4.95,3170236,18947334.00
2012/09/17,4.96,4.96,4.79,4.81,2756205,16248700.00
2012/09/18,4.79,4.83,4.78,4.79,1534769,8951172.00
2012/09/19,4.80,4.82,4.77,4.79,1434675,8346483.00
2012/09/20,4.79,4.79,4.65,4.66,3095221,17731354.00
2012/09/21,4.66,4.71,4.64,4.67,1413011,8061662.00
2012/09/24,4.66,4.66,4.56,4.63,2270423,12806597.00
2012/09/25,4.62,4.63,4.58,4.59,1423254,8006482.00
2012/09/26,4.63,4.63,4.53,4.56,2420987,13597090.00
2012/09/27,4.58,4.70,4.54,4.69,3774660,21371814.00
2012/09/28,4.67,4.72,4.62,4.71,2526425,14456137.00
2012/10/08,4.70,4.72,4.63,4.65,1725502,9846151.00
2012/10/09,4.66,4.77,4.66,4.74,2732507,15742547.00
2012/10/10,4.73,4.79,4.70,4.77,2817336,16296375.00
2012/10/11,4.75,4.76,4.71,4.72,1831341,10558969.00
2012/10/12,4.71,4.77,4.69,4.74,2449935,14127812.00
2012/10/15,4.74,4.74,4.64,4.67,2450298,13982118.00
2012/10/16,4.67,4.85,4.65,4.76,7528037,43476020.00
2012/10/17,4.73,4.74,4.66,4.70,4289371,24564036.00
2012/10/18,4.71,4.80,4.71,4.77,5877152,33980612.00
2012/10/19,4.77,4.78,4.73,4.76,2714684,15707436.00
2012/10/22,4.74,4.80,4.71,4.78,2766513,16009209.00
2012/10/23,4.78,4.83,4.73,4.75,3490335,20265034.00
2012/10/24,4.74,4.82,4.71,4.79,2899777,16826856.00
2012/10/25,4.78,4.89,4.76,4.79,5935935,34823808.00
2012/10/26,4.79,4.83,4.62,4.65,4651768,26688958.00
2012/10/29,4.66,4.72,4.66,4.69,2139895,12229295.00
2012/10/30,4.69,4.74,4.67,4.70,1936229,11098587.00
2012/10/31,4.70,4.73,4.67,4.72,2486911,14249626.00
2012/11/01,4.72,4.82,4.70,4.79,5495994,31905100.00
2012/11/02,4.81,4.82,4.76,4.81,3947674,22974766.00
2012/11/05,4.80,4.83,4.76,4.79,3279303,19067128.00
2012/11/06,4.78,4.79,4.70,4.74,3115481,17951548.00
2012/11/07,4.72,4.78,4.71,4.74,2234627,12908232.00
2012/11/08,4.70,4.74,4.64,4.65,3459080,19801900.00
2012/11/09,4.65,4.68,4.59,4.60,3150143,17821724.00
2012/11/12,4.63,4.66,4.60,4.64,3176507,17978528.00
2012/11/13,4.65,4.67,4.56,4.57,2585383,14550881.00
2012/11/14,4.60,4.63,4.57,4.60,2056445,11565747.00
2012/11/15,4.58,4.60,4.53,4.55,1915755,10712845.00
2012/11/16,4.55,4.56,4.46,4.49,2900166,15996415.00
2012/11/19,4.50,4.52,4.48,4.50,2093741,11575635.00
2012/11/20,4.52,4.54,4.49,4.50,1798941,9983258.00
2012/11/21,4.53,4.61,4.52,4.58,3457048,19351538.00
2012/11/22,4.56,4.58,4.52,4.53,1782536,9935655.00
2012/11/23,4.53,4.60,4.53,4.57,2490563,13951780.00
2012/11/26,4.56,4.58,4.53,4.55,1398172,7806050.00
2012/11/27,4.53,4.55,4.45,4.45,2808584,15482763.00
2012/11/28,4.45,4.45,4.38,4.40,2160614,11744234.00
2012/11/29,4.42,4.43,4.36,4.37,2062262,11184150.00
2012/11/30,4.37,4.42,4.35,4.42,1810275,9826450.00
2012/12/03,4.42,4.56,4.38,4.44,4920378,27041582.00
2012/12/04,4.46,4.54,4.42,4.52,3799628,20888548.00
2012/12/05,4.52,4.67,4.50,4.64,6972601,39355676.00
2012/12/06,4.65,4.71,4.61,4.65,5429398,30869040.00
2012/12/07,4.67,4.74,4.62,4.73,6990039,39972496.00
2012/12/10,4.75,4.75,4.67,4.71,7330985,42082820.00
2012/12/11,4.72,4.72,4.65,4.65,4512934,25774868.00
2012/12/12,4.64,4.69,4.63,4.67,3070588,17468560.00
2012/12/13,4.65,4.68,4.63,4.65,2041479,11598798.00
2012/12/14,4.65,4.84,4.65,4.82,12295979,71522200.00
2012/12/17,4.84,4.93,4.80,4.83,10974275,64626712.00
2012/12/18,4.83,4.88,4.80,4.83,7287460,42782196.00
2012/12/19,4.83,4.88,4.81,4.85,6302084,37061372.00
2012/12/20,4.85,4.86,4.79,4.84,4682132,27432588.00
2012/12/21,4.86,4.91,4.81,4.84,7133231,41956108.00
2012/12/24,4.81,4.86,4.79,4.83,6250198,36598952.00
2012/12/25,4.83,4.97,4.79,4.95,10855598,64506976.00
2012/12/26,4.95,4.97,4.90,4.95,5841917,34864376.00
2012/12/27,4.96,5.00,4.91,4.91,7821639,46749728.00
2012/12/28,4.90,4.99,4.90,4.98,5895823,35256736.00
2012/12/31,4.99,5.02,4.96,5.01,5821487,35054152.00
2013/01/04,5.04,5.10,4.98,5.02,10611579,64467896.00
2013/01/07,5.03,5.06,4.99,5.04,6539681,39572372.00
2013/01/08,5.03,5.08,5.00,5.04,7753444,47057824.00
2013/01/09,5.02,5.07,4.99,5.03,6069276,36778408.00
2013/01/10,5.03,5.07,5.01,5.04,5694542,34564256.00
2013/01/11,5.05,5.07,4.88,4.90,7714076,46270560.00
2013/01/14,4.90,5.09,4.88,5.08,11428617,69046808.00
2013/01/15,5.09,5.15,5.07,5.13,8111277,49732824.00
2013/01/16,5.11,5.31,5.06,5.21,13480399,83833864.00
2013/01/17,5.21,5.28,5.12,5.15,9193874,57251460.00
2013/01/18,5.20,5.30,5.14,5.26,10165610,63535948.00
2013/01/21,5.29,5.35,5.27,5.31,8158505,51625680.00
2013/01/22,5.33,5.42,5.22,5.28,12810033,81291904.00
2013/01/23,5.23,5.34,5.20,5.28,6722591,42301408.00
2013/01/24,5.26,5.34,5.08,5.12,13937830,86819032.00
2013/01/25,5.12,5.15,5.04,5.09,9175028,56064788.00
2013/01/28,5.09,5.31,5.07,5.28,9150376,56956388.00
2013/01/29,5.26,5.42,5.26,5.38,14336592,91203664.00
2013/01/30,5.39,5.41,5.29,5.38,10456810,66954896.00
2013/01/31,5.39,5.51,5.34,5.44,13017061,83732936.00
2013/02/01,5.42,5.48,5.35,5.46,7886257,50952656.00
2013/02/04,5.48,5.56,5.39,5.41,11515095,74991424.00
2013/02/05,5.37,5.45,5.31,5.44,9455033,60547748.00
2013/02/06,5.44,5.48,5.39,5.39,5846196,37763492.00
2013/02/07,5.38,5.45,5.35,5.40,4662983,30000624.00
2013/02/08,5.42,5.53,5.38,5.47,6473410,42162216.00
2013/02/18,5.50,5.57,5.47,5.51,7422495,48613176.00
2013/02/19,5.50,5.53,5.36,5.38,7644085,49339304.00
2013/02/20,5.38,5.42,5.36,5.42,5288201,33960864.00
2013/02/21,5.39,5.39,5.22,5.23,9189134,58048616.00
2013/02/22,5.21,5.31,5.16,5.18,6662520,41731948.00
2013/02/25,5.19,5.27,5.18,5.24,4448894,27790392.00
2013/02/26,5.22,5.26,5.04,5.08,5510890,34164532.00
2013/02/27,5.11,5.16,5.08,5.12,4491299,27599272.00
2013/02/28,5.13,5.24,5.12,5.23,4896772,30478818.00
2013/03/01,5.23,5.25,5.17,5.22,4737447,29591448.00
2013/03/04,5.19,5.19,5.03,5.05,7639999,46765084.00
2013/03/05,5.06,5.12,5.01,5.11,7644146,46538220.00
2013/03/06,5.11,5.22,5.09,5.21,6189485,38315264.00
2013/03/07,5.21,5.21,5.08,5.12,5597837,34545984.00
2013/03/08,5.13,5.16,5.09,5.14,3009001,18530452.00
2013/03/11,5.16,5.19,5.09,5.18,3763554,23258046.00
2013/03/12,5.18,5.25,5.05,5.08,4336395,26731616.00
2013/03/13,5.09,5.10,4.98,5.05,3931985,23828544.00
2013/03/14,5.04,5.05,4.99,5.01,2451390,14832532.00
2013/03/15,5.02,5.10,4.96,5.03,4800440,29076090.00
2013/03/18,5.02,5.03,4.94,4.95,3184954,19166936.00
2013/03/19,4.95,5.01,4.92,5.00,3719108,22268344.00
2013/03/20,5.00,5.20,5.00,5.19,8034210,49424460.00
2013/03/21,5.21,5.25,5.15,5.16,7165026,44491000.00
2013/03/22,5.15,5.19,5.13,5.18,3134124,19409062.00
2013/03/25,5.18,5.20,5.15,5.16,2024441,12546278.00
2013/03/26,5.13,5.16,5.04,5.07,3318159,20283752.00
2013/03/27,5.06,5.14,5.05,5.07,2595631,15877234.00
2013/03/28,5.05,5.05,4.92,4.92,5976650,35770536.00
2013/03/29,4.90,4.98,4.90,4.93,2975979,17749420.00
2013/04/01,4.90,4.97,4.89,4.93,2210984,13195985.00
2013/04/02,4.92,4.98,4.92,4.96,1940831,11605476.00
2013/04/03,4.94,5.02,4.94,4.99,2442651,14686204.00
2013/04/08,4.97,4.97,4.87,4.92,3153813,18733404.00
2013/04/09,4.91,4.99,4.91,4.97,2137390,12797488.00
2013/04/10,4.96,5.01,4.90,4.94,2443016,14586254.00
2013/04/11,4.95,4.98,4.92,4.93,1385444,8283027.00
2013/04/12,4.94,4.96,4.89,4.90,1519887,9031858.00
2013/04/15,4.88,4.90,4.81,4.83,2456427,14427237.00
2013/04/16,4.80,4.89,4.77,4.87,2608422,15317730.00
2013/04/17,4.87,4.93,4.84,4.90,1929591,11445552.00
2013/04/18,4.89,4.95,4.86,4.94,2069154,12287887.00
2013/04/19,4.94,5.00,4.94,4.98,3328234,19997616.00
2013/04/22,4.97,4.97,4.92,4.95,1827556,10914711.00
2013/04/23,4.96,4.96,4.79,4.81,2747702,16166376.00
2013/04/24,4.84,4.89,4.77,4.86,3115743,18238940.00
2013/04/25,4.84,4.87,4.78,4.81,2977915,17436120.00
2013/04/26,4.83,4.84,4.77,4.78,2183336,12729604.00
2013/05/02,4.77,4.80,4.76,4.78,2076210,12052209.00
2013/05/03,4.77,4.86,4.77,4.83,4244487,24830806.00
2013/05/06,4.84,4.91,4.84,4.89,3149917,18593424.00
2013/05/07,4.87,4.88,4.85,4.86,2125596,12525655.00
2013/05/08,4.88,4.91,4.85,4.87,2893027,17087196.00
2013/05/09,4.87,4.89,4.82,4.85,2436867,14310277.00
2013/05/10,4.85,4.89,4.80,4.88,3118650,18319132.00
2013/05/13,4.87,4.90,4.85,4.89,3353494,19804996.00
2013/05/14,4.89,4.89,4.81,4.84,2859415,16796820.00
2013/05/15,4.84,4.86,4.80,4.85,3744577,21934390.00
2013/05/16,4.85,4.92,4.82,4.91,3826201,22588138.00
2013/05/17,4.91,4.96,4.88,4.94,8452623,50343352.00
2013/05/20,4.95,5.04,4.95,5.01,8591018,51799664.00
2013/05/21,4.99,5.01,4.95,5.00,4955035,29820824.00
2013/05/22,4.99,5.03,4.95,5.03,7666718,46150632.00
2013/05/23,5.01,5.03,4.93,4.94,5361098,32273648.00
2013/05/24,4.95,4.99,4.94,4.99,3301237,19796440.00
2013/05/27,4.99,5.03,4.93,4.98,4390924,26395412.00
2013/05/28,4.98,5.02,4.94,5.02,4482615,26966140.00
2013/05/29,5.03,5.11,5.01,5.07,7689101,46879472.00
2013/05/30,5.07,5.07,5.02,5.04,4377695,26562022.00
2013/05/31,5.04,5.15,5.02,5.07,8677933,53221928.00
2013/06/03,5.06,5.11,5.04,5.05,4035075,24624664.00
2013/06/04,5.03,5.06,4.93,4.96,5978405,35938628.00
2013/06/05,4.96,4.97,4.93,4.96,2661359,15915834.00
2013/06/06,4.96,4.96,4.91,4.94,2411821,14381652.00
2013/06/07,4.92,4.95,4.83,4.86,4270741,25245122.00
2013/06/13,4.86,4.86,4.68,4.71,3265418,18250688.00
2013/06/14,4.73,4.76,4.72,4.74,2023998,11326190.00
2013/06/17,4.72,4.77,4.69,4.73,1899491,10578228.00
2013/06/18,4.75,4.77,4.70,4.71,1753100,9758666.00
2013/06/19,4.71,4.73,4.64,4.72,2829666,15683778.00
2013/06/20,4.71,4.72,4.59,4.61,2703899,14902387.00
2013/06/21,4.61,4.61,4.53,4.56,3074274,16631543.00
2013/06/24,4.54,4.57,4.28,4.33,4136508,21773576.00
2013/06/25,4.33,4.36,4.05,4.22,5640719,28478280.00
2013/06/26,4.27,4.28,4.16,4.18,4832783,24400956.00
2013/06/27,4.18,4.25,4.14,4.16,3485011,17553060.00
2013/06/28,4.16,4.23,4.09,4.17,4604276,23022292.00
2013/07/01,4.15,4.25,4.12,4.24,3524577,17797672.00
2013/07/02,4.25,4.25,4.18,4.22,2758614,13947851.00
2013/07/03,4.20,4.20,4.14,4.18,2735595,13730772.00
2013/07/04,4.19,4.26,4.13,4.23,3318924,16775337.00
2013/07/05,4.24,4.39,4.22,4.31,5504028,28363884.00
2013/07/08,4.26,4.26,4.10,4.11,3704057,18643200.00
2013/07/09,4.11,4.18,4.10,4.16,2112660,10549965.00
2013/07/10,4.52,4.64,4.44,4.56,16379446,88007192.00
2013/07/11,4.60,4.85,4.60,4.72,16634092,92814992.00
2013/07/12,4.65,4.66,4.50,4.52,10076888,54550248.00
2013/07/15,4.50,4.57,4.43,4.52,6643447,35508344.00
2013/07/16,4.50,4.55,4.43,4.55,4752012,25297904.00
2013/07/17,4.53,4.55,4.44,4.44,3471959,18534652.00
2013/07/18,4.43,4.48,4.35,4.45,5071977,26733904.00
2013/07/19,4.43,4.43,4.27,4.29,4622335,24137754.00
2013/07/22,4.28,4.29,4.22,4.28,3578104,18263696.00
2013/07/23,4.29,4.42,4.28,4.39,5158063,26850502.00
2013/07/24,4.39,4.41,4.30,4.35,3403851,17678180.00
2013/07/25,4.37,4.39,4.32,4.35,2655453,13835103.00
2013/07/26,4.35,4.36,4.27,4.30,2707037,13941151.00
2013/07/29,4.29,4.35,4.22,4.23,3226802,16477178.00
2013/07/30,4.24,4.28,4.20,4.25,2574792,13094679.00
2013/07/31,4.25,4.31,4.25,4.27,1782710,9138377.00
2013/08/01,4.27,4.37,4.25,4.35,3985066,20650392.00
2013/08/02,4.36,4.40,4.34,4.36,2646937,13793534.00
2013/08/05,4.35,4.42,4.32,4.40,3303513,17249738.00
2013/08/06,4.36,4.45,4.36,4.43,3930433,20673538.00
2013/08/07,4.40,4.49,4.39,4.39,3671315,19388572.00
2013/08/08,4.39,4.43,4.35,4.38,2413602,12631415.00
2013/08/09,4.38,4.45,4.36,4.44,3488227,18328040.00
2013/08/12,4.44,4.53,4.42,4.52,4784996,25573112.00
2013/08/13,4.52,4.56,4.50,4.53,3448063,18529022.00
2013/08/14,4.53,4.59,4.49,4.51,5177680,27906954.00
2013/08/15,4.53,4.53,4.47,4.47,3341220,17853836.00
2013/08/16,4.48,4.69,4.47,4.49,9160676,49487396.00
2013/08/19,4.46,4.52,4.43,4.51,3852227,20519956.00
2013/08/20,4.52,4.53,4.45,4.47,3823287,20442084.00
2013/08/21,4.45,4.59,4.44,4.57,4443534,23860816.00
2013/08/22,4.54,4.58,4.50,4.51,3812312,20538328.00
2013/08/23,4.53,4.67,4.51,4.63,9246504,50436576.00
2013/08/26,4.63,5.11,4.63,5.01,22302717,127893248.00
2013/08/27,5.01,5.44,5.01,5.38,40953889,249763936.00
2013/08/28,5.36,5.64,5.13,5.42,53879020,338897408.00
2013/08/29,5.50,6.05,5.50,6.05,97497550,660015296.00
2013/08/30,6.50,6.74,6.47,6.74,41821409,314995808.00
2013/09/02,7.50,7.50,6.15,6.40,126180380,953066176.00
2013/09/03,6.14,6.14,5.68,5.85,79304478,533752800.00
2013/09/04,5.81,6.40,5.81,6.15,73369937,512208064.00
2013/09/05,5.95,6.13,5.79,5.95,40164001,272231008.00
2013/09/06,5.89,6.44,5.85,6.24,60756761,431185376.00
2013/09/09,6.18,6.85,6.03,6.47,72354463,528086144.00
2013/09/10,6.51,7.02,6.27,6.84,73700691,561948544.00
2013/09/11,6.75,6.96,6.46,6.53,52474342,392111040.00
2013/09/12,6.41,6.55,6.29,6.39,31533293,229260256.00
2013/09/13,6.35,6.36,5.98,6.27,31997551,225081216.00
2013/09/16,6.34,6.70,6.32,6.42,33963154,249988768.00
2013/09/17,6.36,6.39,6.13,6.13,22735937,160950304.00
2013/09/18,6.05,6.23,6.02,6.15,16433861,114790776.00
2013/09/23,6.23,6.30,6.13,6.26,18493420,131027880.00
2013/09/24,6.26,6.59,6.09,6.51,34273417,247380288.00
2013/09/25,6.44,6.52,6.22,6.24,27621975,200002656.00
2013/09/26,6.20,6.20,5.83,5.83,22702464,155455552.00
2013/09/27,5.81,5.90,5.72,5.83,12063551,80257512.00
2013/09/30,5.86,5.99,5.84,5.90,9327786,63120744.00
2013/10/08,5.99,6.58,5.99,6.58,28160181,206931712.00
2013/10/09,7.32,7.32,7.18,7.32,26724681,218231424.00
2013/10/10,8.14,8.14,7.57,7.97,159020872,1395371008.00
2013/10/11,7.66,7.92,7.56,7.73,62252494,533068448.00
2013/10/14,7.70,7.70,7.34,7.61,44294236,370516544.00
2013/10/15,7.55,7.82,7.26,7.60,48525597,405453152.00
2013/10/16,7.45,7.45,6.96,7.10,38692898,310874688.00
2013/10/17,7.17,7.31,6.82,6.93,24919477,196802272.00
2013/10/18,6.81,7.03,6.77,6.95,16014088,124385840.00
2013/10/21,6.97,7.33,6.86,7.28,23064773,184063584.00
2013/10/22,7.74,8.09,7.74,8.09,79697548,710418560.00
2013/10/23,8.00,8.45,7.65,8.11,108655214,973817088.00
2013/10/24,7.66,7.84,7.36,7.50,38060296,321991808.00
2013/10/25,7.60,7.72,7.26,7.32,28760961,238314960.00
2013/10/28,7.27,7.36,7.00,7.29,21824135,175492224.00
2013/10/29,7.31,7.33,6.60,6.98,30161351,235761024.00
2013/10/30,6.93,7.76,6.78,7.76,45123319,374870464.00
2013/10/31,7.58,8.09,7.48,7.49,53505755,461789664.00
2013/11/01,7.30,7.85,6.97,7.47,34273934,284903648.00
2013/11/04,7.37,7.83,7.25,7.62,33055881,279222816.00
2013/11/05,7.42,8.15,7.35,7.93,58767928,512269664.00
2013/11/06,7.68,7.99,7.42,7.45,44835398,382713184.00
2013/11/07,7.35,7.60,7.26,7.33,19496456,161399472.00
2013/11/08,7.38,7.77,7.29,7.51,28983206,244037776.00
2013/11/11,7.50,7.61,7.27,7.28,20162897,165340224.00
2013/11/12,7.28,7.58,7.25,7.43,16582293,137435264.00
2013/11/13,7.55,7.60,7.20,7.25,18940357,156220160.00
2013/11/14,7.17,7.32,6.95,7.12,19397773,153820400.00
2013/11/15,7.04,7.55,7.04,7.44,30399677,248336496.00
2013/11/18,7.65,7.94,7.46,7.81,46411417,396305984.00
2013/11/19,7.80,8.12,7.57,7.87,48827281,424493792.00
2013/11/20,7.75,8.74,7.74,8.74,100099870,928329408.00
2013/11/21,8.75,9.69,8.55,9.07,123003920,1241615104.00
2013/11/22,9.12,9.24,8.45,8.48,74487657,706873408.00
2013/11/25,8.55,9.21,8.51,8.76,56046630,543174656.00
2013/11/26,8.65,8.78,8.31,8.39,40306262,374733056.00
2013/11/27,8.31,8.45,8.17,8.39,31349988,286896192.00
2013/11/28,8.50,8.60,8.36,8.44,27471314,256556032.00
2013/11/29,8.49,8.53,8.24,8.34,23341229,214636752.00
2013/12/02,8.05,8.19,7.48,7.70,38301264,334162560.00
2013/12/03,7.63,8.06,7.44,7.95,31357490,269232608.00
2013/12/04,7.87,8.64,7.81,8.43,46195650,425203424.00
2013/12/05,8.35,8.47,8.19,8.21,24756425,225841104.00
2013/12/06,8.15,8.41,8.11,8.26,18541066,169313728.00
2013/12/09,8.26,8.42,8.20,8.26,13068006,119243880.00
2013/12/10,8.27,8.36,8.22,8.31,15623274,142730832.00
2013/12/11,8.40,8.69,8.30,8.34,39854679,371988928.00
2013/12/12,8.33,8.33,8.08,8.18,20186761,182498768.00
2013/12/13,8.13,8.49,8.03,8.37,18375755,167596848.00
2013/12/16,8.27,8.37,7.99,8.01,22942035,206402208.00
2013/12/17,7.99,8.21,7.75,7.82,18882916,166416208.00
2013/12/18,7.80,7.88,7.58,7.72,15167065,129963168.00
2013/12/19,7.80,7.81,7.63,7.69,9525584,81549760.00
2013/12/20,7.68,7.72,7.42,7.54,11974271,100364304.00
2013/12/23,7.53,7.54,7.13,7.21,15412035,124745376.00
2013/12/24,7.29,7.51,7.26,7.38,13155515,108421704.00
2013/12/25,7.31,7.43,7.22,7.34,12025047,98031704.00
2013/12/26,7.38,7.38,7.16,7.22,10349875,83686520.00
2013/12/27,7.18,7.63,7.18,7.53,19697637,163380288.00
2013/12/30,7.67,7.80,7.52,7.57,18581154,158089280.00
2013/12/31,7.67,7.90,7.60,7.70,18741915,161520656.00
2014/01/02,7.63,7.63,7.39,7.45,15065675,125540768.00
2014/01/03,7.40,7.40,7.22,7.27,11123284,90250768.00
2014/01/06,7.30,7.30,6.85,6.92,15602506,122239240.00
2014/01/07,6.85,7.23,6.76,7.00,9810794,77341856.00
2014/01/08,7.00,7.02,6.83,6.85,8736468,67657912.00
2014/01/09,6.85,7.00,6.77,6.81,7240894,56168272.00
2014/01/10,6.81,6.93,6.76,6.78,7406129,56893316.00
2014/01/13,6.76,6.83,6.59,6.63,8131212,61191268.00
2014/01/14,6.60,6.78,6.41,6.73,11071096,82549136.00
2014/01/15,6.70,6.71,6.52,6.58,7574259,56479096.00
2014/01/16,6.58,7.04,6.57,6.86,16999793,130506704.00
2014/01/17,6.72,6.78,6.59,6.65,8650479,64953376.00
2014/01/20,6.60,6.65,6.40,6.42,10156573,74615832.00
2014/01/21,6.39,6.54,6.39,6.50,6870992,50234788.00
2014/01/22,6.52,6.71,6.44,6.69,11050811,82653200.00
2014/01/23,6.71,6.80,6.62,6.69,11254553,85088992.00
2014/01/24,6.65,6.81,6.63,6.74,10571907,80245408.00
2014/01/27,6.67,6.69,6.58,6.61,8564789,64071328.00
2014/01/28,6.65,6.87,6.63,6.79,12478232,95192008.00
2014/01/29,6.78,6.88,6.75,6.76,8599147,65814056.00
2014/01/30,6.71,6.76,6.61,6.72,6977813,52545752.00
2014/02/07,6.64,6.73,6.47,6.72,7371563,54898616.00
2014/02/10,6.71,6.92,6.70,6.91,13774780,106272768.00
2014/02/11,6.90,7.53,6.84,7.45,36463443,293492288.00
2014/02/12,7.57,8.24,7.45,8.14,66510855,586463168.00
2014/02/13,8.14,8.14,7.69,7.71,39477116,344581440.00
2014/02/14,7.71,8.05,7.71,7.82,21868221,190648288.00
2014/02/17,7.90,7.92,7.65,7.91,20778359,179488896.00
2014/02/18,7.87,8.69,7.68,8.59,46658651,424280544.00
2014/02/19,8.30,8.78,8.27,8.31,44673491,417089440.00
2014/02/20,8.21,8.42,7.85,7.96,28640859,257816336.00
2014/02/21,8.00,8.44,8.00,8.21,30778489,279764288.00
2014/02/24,8.14,8.20,7.86,8.04,17397453,153974816.00
2014/02/25,8.04,8.43,7.86,7.90,29224744,260954656.00
2014/02/26,7.81,8.05,7.58,7.96,17842880,154935728.00
2014/02/27,7.94,8.11,7.85,7.86,17090318,150643024.00
2014/02/28,8.01,8.10,7.73,7.88,12357034,108001672.00
2014/03/03,7.85,8.04,7.75,7.97,15193009,133548616.00
2014/03/04,7.90,8.61,7.85,8.35,37413502,340095776.00
2014/03/05,8.25,8.32,8.01,8.06,21691880,195330064.00
2014/03/06,8.30,8.64,8.15,8.17,35121546,322282048.00
2014/03/07,8.05,8.19,7.99,8.05,13749558,122780264.00
2014/03/10,8.06,8.27,7.89,7.90,19483755,173690848.00
2014/03/11,7.85,7.91,7.61,7.69,16681572,143782112.00
2014/03/12,7.69,7.80,7.35,7.50,15321069,129054808.00
2014/03/13,7.50,7.69,7.50,7.58,9624234,81264536.00
2014/03/14,7.53,7.95,7.46,7.84,14420628,123258816.00
2014/03/17,7.75,7.89,7.71,7.85,10712899,92688432.00
2014/03/18,7.86,7.86,7.76,7.78,8045725,69585712.00
2014/03/19,7.75,7.94,7.58,7.83,12765813,110010480.00
2014/03/20,7.75,7.96,7.68,7.73,14834421,129106440.00
2014/03/21,7.65,7.89,7.53,7.85,14010914,120174544.00
2014/03/24,7.92,8.55,7.90,8.40,51900018,479132480.00
2014/03/25,8.50,8.80,8.22,8.31,45493328,426942528.00
2014/03/26,8.22,8.30,8.04,8.13,22578829,203182112.00
2014/03/27,8.06,8.52,8.00,8.21,26615696,243725552.00
2014/03/28,8.10,8.23,7.96,7.99,18452718,164477936.00
2014/03/31,8.10,8.10,7.76,7.78,12750236,111332328.00
2014/04/01,7.76,7.88,7.75,7.86,8351523,72395072.00
2014/04/02,7.86,7.96,7.83,7.94,8599074,75322336.00
2014/04/03,7.90,7.94,7.67,7.72,12100534,104295904.00
2014/04/04,7.71,7.88,7.70,7.83,6526684,56532612.00
2014/04/08,7.80,7.97,7.74,7.95,10119202,88458112.00
2014/04/09,7.99,8.14,7.97,8.06,12438986,110845336.00
2014/04/10,8.02,8.30,8.02,8.09,18127264,163308576.00
2014/04/11,8.08,8.16,7.94,8.13,15280110,136216720.00
2014/04/14,8.14,8.30,7.95,8.22,19297555,173897664.00
2014/04/15,8.21,8.45,8.05,8.06,24852964,226281408.00
2014/04/16,7.96,8.03,7.83,7.92,15829928,138875312.00
2014/04/17,7.92,7.98,7.85,7.88,8791977,76747072.00
2014/04/18,7.85,7.92,7.77,7.87,7644148,66432656.00
2014/04/21,7.76,7.86,7.65,7.68,9699699,83535096.00
2014/04/22,7.63,7.80,7.60,7.73,9232932,78894336.00
2014/04/23,7.73,7.80,7.66,7.75,6118475,52459148.00
2014/04/24,7.70,7.78,7.51,7.54,7871088,67088508.00
2014/04/25,7.56,7.63,7.26,7.29,11386001,94648336.00
2014/04/28,7.17,7.29,6.90,6.92,10793532,84795816.00
2014/04/29,6.92,7.12,6.92,7.09,6722060,53087304.00
2014/04/30,7.11,7.46,7.03,7.28,8440157,68743056.00
2014/05/05,7.33,7.47,7.22,7.36,7497174,61475152.00
2014/05/06,7.35,7.41,7.26,7.33,6557116,53763560.00
2014/05/07,7.33,7.33,6.99,7.05,7104823,56735600.00
2014/05/08,7.00,7.22,6.94,7.20,6620816,52534484.00
2014/05/09,7.36,7.43,7.11,7.15,8781034,71244800.00
2014/05/12,7.20,7.34,7.16,7.30,8168677,66196440.00
2014/05/13,7.29,7.31,7.15,7.23,6107148,49364992.00
2014/05/14,7.25,7.40,7.23,7.33,8409545,68618448.00
2014/05/15,7.40,7.42,7.19,7.19,7391491,60105212.00
2014/05/16,7.15,7.40,7.07,7.33,10800442,87613336.00
2014/05/19,7.28,7.28,7.13,7.19,5155542,41465288.00
2014/05/20,7.25,7.28,7.16,7.21,4675377,37665848.00
2014/05/21,7.26,7.26,7.07,7.19,4608428,36068664.00
2014/05/22,7.16,7.56,7.16,7.38,9810325,78536104.00
2014/05/23,7.34,7.38,7.25,7.35,5861803,46625688.00
2014/05/26,7.39,7.50,7.34,7.41,5977897,48205804.00
2014/05/27,7.42,7.45,7.29,7.31,5641543,45136752.00
2014/05/28,7.33,7.48,7.24,7.38,8508534,68258544.00
2014/05/29,7.37,7.38,7.23,7.24,6639406,52779068.00
2014/05/30,7.16,7.26,7.16,7.19,5209388,40863912.00
2014/06/03,7.20,7.24,7.16,7.18,3562398,27944682.00
2014/06/04,7.11,7.11,6.88,6.96,8811719,66968060.00
2014/06/05,6.95,7.03,6.92,7.02,4925793,37567512.00
2014/06/06,7.00,7.02,6.92,7.02,4717708,35928796.00
2014/06/09,6.96,7.01,6.87,6.89,4297536,32660584.00
2014/06/10,6.91,6.99,6.83,6.99,5773301,43764444.00
2014/06/11,7.13,7.16,7.03,7.07,9555932,73994208.00
2014/06/12,7.06,7.23,6.99,7.09,8978400,69827840.00
2014/06/13,7.09,7.13,6.97,7.07,8852152,68026184.00
2014/06/16,7.05,7.13,6.96,7.08,9757043,74979768.00
2014/06/17,7.06,7.61,7.00,7.35,31021616,247499232.00
2014/06/18,7.26,7.52,7.22,7.40,30008700,242143888.00
2014/06/19,7.38,7.43,7.13,7.19,13620773,107916888.00
2014/06/20,7.17,7.69,7.12,7.48,20697275,168286368.00
2014/06/23,7.56,7.63,7.37,7.49,16933018,137353840.00
2014/06/24,7.42,7.43,7.30,7.36,9954441,79631488.00
2014/06/25,7.33,7.39,7.25,7.28,6951127,55405068.00
2014/06/26,7.22,7.37,7.22,7.31,6676978,53136024.00
2014/06/27,7.31,7.50,7.26,7.39,12572399,101359760.00
2014/06/30,7.38,7.39,7.28,7.33,9313094,74280120.00
2014/07/01,7.33,7.46,7.30,7.44,15729980,126366272.00
2014/07/02,7.45,7.63,7.34,7.55,23640504,192513344.00
2014/07/03,7.55,7.70,7.46,7.59,26098810,215800112.00
2014/07/04,7.61,7.61,7.36,7.42,19527070,157889088.00
2014/07/07,7.43,7.45,7.35,7.38,9825893,78965144.00
2014/07/08,7.35,7.38,7.27,7.35,9165593,73008592.00
2014/07/09,7.35,7.37,7.16,7.17,12360053,97554240.00
2014/07/10,7.13,7.20,7.10,7.13,6913333,53946752.00
2014/07/11,7.14,7.20,7.13,7.17,6259742,48894220.00
2014/07/14,7.18,7.21,7.08,7.20,8397545,65444276.00
2014/07/15,7.22,7.28,7.18,7.24,7305125,57566308.00
2014/07/16,7.24,7.30,7.18,7.20,7686800,60614768.00
2014/07/17,7.19,7.20,7.08,7.11,6998378,54344084.00
2014/07/18,7.08,7.19,7.06,7.17,6420639,49932236.00
2014/07/21,7.15,7.25,7.15,7.20,6481471,50927416.00
2014/07/22,7.21,7.24,7.14,7.21,7419544,58258048.00
2014/07/23,7.21,7.46,7.21,7.33,15529685,123905752.00
2014/07/24,7.30,7.33,7.23,7.33,10609330,84179944.00
2014/07/25,7.35,7.38,7.28,7.35,7518028,59980368.00
2014/07/28,7.35,7.48,7.35,7.45,16394710,132528504.00
2014/07/29,7.46,7.61,7.43,7.50,20128265,164182352.00
2014/07/30,7.46,7.48,7.38,7.42,11679542,94278056.00
2014/07/31,7.42,7.45,7.37,7.43,9176617,73957600.00
2014/08/01,7.44,7.48,7.36,7.37,11285493,91013984.00
2014/08/04,7.32,7.49,7.32,7.47,11859741,95744408.00
2014/08/05,7.46,7.53,7.43,7.51,13186556,107274656.00
2014/08/06,7.48,7.56,7.43,7.56,15412499,125638496.00
2014/08/07,7.70,7.76,7.49,7.50,22449115,185663392.00
2014/08/08,7.53,7.61,7.44,7.59,14407026,117868168.00
2014/08/11,7.66,7.88,7.66,7.75,29437705,247742736.00
2014/08/12,7.82,8.12,7.78,8.07,42301596,363586368.00
2014/08/13,8.05,8.10,7.85,7.99,20210080,173763408.00
2014/08/14,7.97,7.97,7.85,7.86,15271225,130605368.00
2014/08/15,7.85,7.93,7.76,7.93,12250862,103965160.00
2014/08/18,7.90,8.12,7.86,8.07,18672961,161532832.00
2014/08/19,8.07,8.09,7.86,7.96,14642847,126092648.00
2014/08/20,7.94,8.19,7.88,8.04,20173901,176077440.00
2014/08/21,8.06,8.09,7.84,7.92,14533952,124482144.00
2014/08/22,7.92,8.41,7.85,8.22,38736068,342515520.00
2014/08/25,8.16,8.45,8.06,8.25,37274504,331356672.00
2014/08/26,8.20,8.35,7.95,7.98,22791563,199913136.00
2014/08/27,7.94,8.00,7.84,7.89,12299118,105138792.00
2014/08/28,7.86,7.88,7.77,7.77,10697385,90605776.00
2014/08/29,7.79,7.85,7.75,7.84,6236603,52714832.00
2014/09/01,7.85,7.98,7.81,7.95,11852973,101227008.00
2014/09/02,8.02,8.50,8.02,8.35,56048021,503784928.00
2014/09/03,8.55,8.60,8.26,8.32,48209282,437707040.00
2014/09/04,8.40,9.15,8.36,9.00,79077346,751950848.00
2014/09/05,9.01,9.72,8.79,9.27,82486790,816125056.00
2014/09/09,9.35,9.67,9.27,9.38,60751023,611696576.00
2014/09/10,9.34,9.34,8.97,9.12,39409890,384068000.00
2014/09/11,9.14,9.45,9.01,9.12,39796769,392281920.00
2014/09/12,9.05,9.23,8.87,9.12,31931018,309104992.00
2014/09/15,9.08,9.14,8.97,9.03,24980824,241791136.00
2014/09/16,9.02,9.02,8.53,8.54,37531098,354364064.00
2014/09/17,8.56,8.80,8.41,8.70,25113729,232730160.00
2014/09/18,8.69,8.84,8.56,8.73,16571552,155381136.00
2014/09/19,8.70,8.96,8.67,8.83,20560682,195394480.00
2014/09/22,8.98,9.71,8.98,9.63,102393018,1039078848.00
2014/09/23,9.58,9.58,9.25,9.47,47880194,480833376.00
2014/09/24,9.40,9.49,9.26,9.45,34679878,347880448.00
2014/09/25,9.46,9.70,9.42,9.49,41889814,428107776.00
2014/09/26,9.45,9.47,9.24,9.37,21646169,216121088.00
2014/09/29,9.44,9.53,9.29,9.47,25246296,254657808.00
2014/09/30,9.55,10.22,9.48,10.15,64657710,682831616.00
2014/10/08,11.07,11.23,10.90,11.23,63624445,752227840.00
2014/10/09,11.35,11.87,11.07,11.22,122744942,1483874176.00
2014/10/10,11.11,12.23,10.80,11.80,92574671,1134272512.00
2014/10/13,11.55,12.25,11.44,11.78,64790266,810447232.00
2014/10/14,11.79,12.02,11.38,11.44,45487779,558225408.00
2014/10/15,11.45,11.69,11.25,11.51,41290053,499067904.00
2014/10/16,11.35,11.46,11.03,11.14,35034376,417949536.00
2014/10/17,11.06,11.40,10.95,11.23,31578404,373941376.00
2014/10/20,11.30,11.60,11.14,11.50,40998734,496577312.00
2014/10/21,11.44,11.48,11.04,11.14,30462606,362118208.00
2014/10/22,11.28,11.39,10.80,10.95,27340911,321099328.00
2014/10/23,10.71,11.13,10.71,11.09,26527131,307324832.00
2014/10/24,11.09,12.25,11.02,12.16,65604599,810471808.00
2014/10/27,12.23,13.21,12.05,12.40,87669204,1164424832.00
2014/10/28,13.11,13.71,13.03,13.49,99923200,1396277376.00
2014/10/29,13.15,14.49,13.01,13.83,120035113,1737125248.00
2014/10/30,13.83,14.39,13.51,13.85,76272339,1114890624.00
2014/10/31,13.77,14.00,13.51,13.75,46900832,674186560.00
2014/11/03,13.78,14.33,13.77,14.15,63396674,937377088.00
2014/11/04,14.25,14.25,13.35,13.40,53719888,770672192.00
2014/11/05,13.45,13.74,12.87,13.43,44124244,617569344.00
2014/11/06,13.45,13.75,13.26,13.54,29018440,412174560.00
2014/11/07,13.54,13.73,13.36,13.61,30095855,426978880.00
2014/11/10,13.73,13.76,13.45,13.66,36692240,523965344.00
2014/11/11,13.66,13.66,12.65,12.67,51151755,699752640.00
2014/11/12,12.65,13.04,12.36,12.93,30772851,414647296.00
2014/11/13,12.81,13.40,12.40,13.15,45605508,619415104.00
2014/11/14,12.90,13.30,12.81,12.93,27424046,376868032.00
2014/11/17,13.36,14.22,13.23,14.10,64398589,933223680.00
2014/11/18,14.16,15.20,13.86,14.99,71738227,1079754112.00
2014/11/19,14.64,15.12,14.20,14.23,60372555,921895744.00
2014/11/20,14.05,14.59,13.85,14.38,43122571,640424064.00
2014/11/21,14.38,14.72,14.33,14.39,43919024,665787712.00
2014/11/24,14.25,14.63,13.95,14.38,51812168,774300032.00
2014/11/25,14.54,14.54,14.17,14.37,41714486,626494720.00
2014/11/26,14.26,14.52,14.09,14.33,43134087,644784320.00
2014/11/27,14.33,14.49,14.03,14.15,35527266,528171008.00
2014/11/28,14.07,14.83,13.95,14.68,64266434,975868416.00
2014/12/01,14.45,15.42,14.43,14.75,65806784,1028671040.00
2014/12/02,14.71,15.28,14.53,14.91,57778816,897463360.00
2014/12/03,15.04,15.22,14.43,14.81,59644179,924095552.00
2014/12/04,14.70,15.38,14.45,15.25,82534844,1283472768.00
2014/12/05,15.25,16.84,14.53,16.83,139291515,2294150656.00
2014/12/08,17.85,18.58,17.30,18.58,111908258,2095772288.00
2014/12/09,19.35,20.50,17.35,18.37,137005277,2787542528.00
2014/12/10,19.11,20.27,18.37,20.27,101812584,2041410816.00
2014/12/11,21.15,21.75,20.35,20.97,106190610,2303758848.00
2014/12/12,20.85,20.85,19.51,20.02,68125160,1404054912.00
2014/12/15,21.34,21.34,18.86,19.31,123671298,2561870592.00
2014/12/16,18.90,19.34,17.75,18.92,113127526,2169595392.00
2014/12/17,18.66,19.60,18.30,18.98,85597560,1681456640.00
2014/12/18,18.85,19.33,18.33,18.50,58755899,1133309952.00
2014/12/19,18.21,18.85,17.85,18.06,58314478,1103082624.00
2014/12/22,18.15,18.15,16.19,16.19,88617541,1531075968.00
2014/12/23,15.75,16.56,15.40,16.24,48690388,813249536.00
2014/12/24,16.25,17.10,16.25,16.88,52812594,915877632.00
2014/12/25,16.89,17.17,16.60,17.00,43126785,755291520.00
2014/12/26,17.01,17.96,16.71,17.93,71197764,1286318336.00
2014/12/29,18.45,18.59,17.06,17.35,66057395,1217054080.00
2014/12/30,17.05,17.13,16.23,16.32,48987064,841678784.00
2014/12/31,16.23,16.68,15.84,16.48,44424162,749970240.00
2015/01/05,16.49,16.54,15.88,16.32,37753297,637908288.00
2015/01/06,16.19,16.82,15.96,16.46,36682725,627711680.00
2015/01/07,16.46,17.27,16.15,17.25,65283075,1143414656.00
2015/01/08,17.24,17.84,16.96,17.26,63688142,1149109760.00
2015/01/09,17.10,17.67,16.85,16.87,52435314,944716352.00
2015/01/12,16.74,16.74,15.91,16.02,41181100,694662080.00
2015/01/13,15.97,16.43,15.95,16.21,24087437,404841024.00
2015/01/14,16.16,16.21,15.65,15.87,23827088,394546816.00
2015/01/15,15.88,16.50,15.73,16.39,33821959,570334656.00
2015/01/16,16.49,16.67,16.25,16.56,33081911,566385152.00
2015/01/19,16.08,17.16,15.69,16.74,69713640,1213577728.00
2015/01/20,16.88,18.40,16.88,18.30,99091215,1819613824.00
2015/01/21,18.35,18.53,17.86,18.22,77216722,1449946496.00
2015/01/22,18.22,18.61,17.93,18.30,58893199,1115277440.00
2015/01/23,18.27,18.70,18.00,18.16,63997100,1218142720.00
2015/01/26,18.20,18.32,17.73,18.15,43356858,807463296.00
2015/01/27,18.14,18.14,17.43,17.86,45521051,840743104.00
2015/01/28,17.73,18.04,17.54,17.75,31773291,585630848.00
2015/01/29,17.53,17.55,17.06,17.10,33298006,596979648.00
2015/01/30,17.28,17.47,16.63,16.70,26350974,466449440.00
2015/02/02,16.35,16.53,16.15,16.22,22161155,376260096.00
2015/02/03,16.33,16.61,16.31,16.57,18445389,315527072.00
2015/02/04,16.60,17.13,16.53,16.76,25554403,447502400.00
2015/02/05,17.12,17.12,16.22,16.24,26734052,463752320.00
2015/02/06,16.05,16.23,15.41,15.55,31326427,513126272.00
2015/02/09,15.61,15.74,15.23,15.65,16008732,258537968.00
2015/02/10,15.69,16.00,15.58,15.94,14514506,239730800.00
2015/02/11,16.31,16.52,16.07,16.29,19748109,335052960.00
2015/02/12,16.15,16.39,15.97,16.18,14317515,240434192.00
2015/02/13,16.28,16.42,16.22,16.27,17988625,305458464.00
2015/02/16,16.34,16.49,16.24,16.46,16799154,286121408.00
2015/02/17,16.51,18.02,16.50,17.79,47428800,846626880.00
2015/02/25,18.04,18.14,17.38,17.55,40382222,745456704.00
2015/02/26,17.71,17.81,17.46,17.74,30459481,558139264.00
2015/02/27,17.77,17.96,17.45,17.79,40056112,734969088.00
2015/03/02,17.85,17.93,17.51,17.67,32419592,592960064.00
2015/03/03,17.60,18.32,17.19,17.66,55324971,1021681984.00
2015/03/04,17.55,17.85,17.45,17.76,26081226,478085760.00
2015/03/05,17.88,18.34,17.83,18.15,53552823,1005341248.00
2015/03/06,18.16,18.17,17.55,17.59,30756066,566481664.00
2015/03/09,17.52,17.63,17.25,17.54,19639024,354895264.00
2015/03/10,17.65,18.09,17.60,17.96,31680676,587673472.00
2015/03/11,18.13,18.31,17.79,18.06,32011583,599134080.00
2015/03/12,18.04,18.04,17.75,17.87,21187008,391799584.00
2015/03/13,17.91,18.14,17.76,18.03,25677893,478158016.00
2015/03/16,18.25,18.74,18.04,18.67,50896383,972561152.00
2015/03/17,18.80,19.46,18.57,19.21,66481219,1311896960.00
2015/03/18,19.23,19.98,18.93,19.51,63846489,1277035264.00
2015/03/19,19.25,19.55,19.03,19.36,55315797,1100953984.00
2015/03/20,19.32,19.46,19.06,19.08,38545972,764168448.00
2015/03/23,19.10,19.55,18.96,19.47,56843733,1132169600.00
2015/03/24,19.61,20.49,19.05,20.26,93780931,1918230016.00
2015/03/25,21.51,22.35,20.89,21.15,132586417,2961630976.00
2015/03/26,21.00,21.00,20.15,20.17,61966749,1305601280.00
2015/03/27,20.14,20.35,19.73,20.30,40485071,834131264.00
2015/03/30,20.45,20.95,20.45,20.60,58680730,1249951872.00
2015/03/31,20.59,20.93,19.86,20.29,70667123,1483392896.00
2015/04/01,20.14,20.35,20.00,20.23,43346531,902971584.00
2015/04/02,20.31,20.53,20.06,20.36,49944406,1044863296.00
2015/04/03,20.06,20.48,20.06,20.23,48181000,1005743232.00
2015/04/07,20.35,20.44,20.08,20.40,52088900,1089995008.00
2015/04/08,20.40,20.45,19.85,20.07,53914659,1119882880.00
2015/04/09,19.89,20.00,19.06,19.39,51568507,1037015168.00
2015/04/10,19.25,19.78,19.08,19.56,32916862,663622528.00
2015/04/13,19.60,19.80,19.36,19.67,36658028,742455872.00
2015/04/14,19.68,20.54,19.65,20.22,70028796,1461245440.00
2015/04/15,20.23,20.33,19.27,19.35,45112874,918987520.00
2015/04/16,19.13,19.53,18.66,19.37,37563902,742750464.00
2015/04/17,19.52,20.45,19.51,20.37,91639602,1907745152.00
2015/04/20,20.75,21.85,20.70,21.03,130812226,2864851456.00
2015/04/21,21.65,22.25,20.46,20.82,95504921,2076261632.00
2015/04/22,20.93,21.28,20.53,21.25,81176048,1747307776.00
2015/04/23,21.35,21.85,21.02,21.81,105020785,2327123712.00
2015/04/24,21.63,21.63,20.74,20.88,63448559,1377863168.00
2015/04/27,21.00,21.13,20.54,20.82,56087996,1205654144.00
2015/04/28,20.85,21.34,20.02,20.06,59351300,1264381824.00
2015/04/29,19.85,20.54,19.35,20.24,43394553,894257472.00
2015/04/30,20.25,20.40,19.62,19.65,37463490,769523520.00
2015/05/04,21.04,21.34,20.36,20.60,89462218,1929305472.00
2015/05/05,20.48,20.48,19.02,19.29,54173850,1100897792.00
2015/05/06,19.45,19.73,18.35,18.51,40046384,791508160.00
2015/05/07,18.45,18.45,17.26,17.31,42754694,784602368.00
2015/05/08,17.42,17.90,17.41,17.76,36814030,672934592.00
2015/05/11,18.10,18.32,17.75,18.31,40608919,759013696.00
2015/05/12,18.33,18.55,18.06,18.43,43267317,819969664.00
2015/05/13,18.45,18.59,18.15,18.27,42933657,814015232.00
2015/05/14,18.29,18.29,17.73,17.85,36291974,672352576.00
2015/05/15,17.79,17.80,17.46,17.54,31785146,578809984.00
2015/05/18,17.50,17.51,17.25,17.36,26913358,485396608.00
2015/05/19,17.44,18.04,17.44,18.03,40139792,740914368.00
2015/05/20,18.23,18.49,17.94,18.07,48260347,908811008.00
2015/05/21,18.06,18.55,18.05,18.54,57380370,1093727744.00
2015/05/22,18.71,18.99,18.42,18.98,69969780,1349785216.00
2015/05/25,18.95,19.69,18.68,19.55,76180685,1527582464.00
2015/05/26,19.57,19.80,19.01,19.49,71300731,1428698112.00
2015/05/27,19.50,20.85,19.21,20.56,102074025,2102464128.00
2015/05/28,20.20,20.32,18.44,18.44,89048934,1798728704.00
2015/05/29,18.15,18.70,16.92,17.64,62423387,1148564480.00
2015/06/01,17.90,19.15,17.64,19.03,63126892,1198814336.00
2015/06/02,19.45,19.45,18.74,19.21,70022011,1385953152.00
2015/06/03,19.20,19.20,18.21,18.58,53628696,1035887360.00
2015/06/04,18.66,18.66,17.14,18.28,42327677,789635008.00
2015/06/05,18.56,19.73,18.35,19.16,75896773,1497561472.00
2015/06/08,19.16,19.93,18.96,19.79,94330951,1905614080.00
2015/06/09,19.81,20.14,19.25,19.92,79301300,1619098496.00
2015/06/10,19.73,20.15,19.26,19.81,68696652,1402982144.00
2015/06/11,19.75,20.49,19.66,20.39,92330100,1923229184.00
2015/06/12,20.39,20.62,19.75,20.06,84083095,1747147520.00
2015/06/15,20.24,20.70,19.83,19.89,76112514,1594093952.00
2015/06/16,19.43,19.56,17.99,18.38,59502868,1156148352.00
2015/06/17,18.37,19.03,17.55,18.76,45146206,850209280.00
2015/06/18,18.73,19.11,18.06,18.16,39279132,759169920.00
2015/06/19,17.55,18.20,17.16,17.21,38769020,702560320.00
2015/06/23,17.10,17.65,16.15,17.45,28915563,508140352.00
2015/06/24,17.64,17.83,17.33,17.80,34578171,625852928.00
2015/06/25,17.86,17.88,16.85,17.00,34567853,621678144.00
2015/06/26,16.54,16.64,15.26,15.26,38182159,623965312.00
2015/06/29,15.69,15.73,13.69,13.70,45523559,677715584.00
2015/06/30,13.45,14.75,12.30,14.54,50066132,696723520.00
2015/07/01,14.35,14.72,13.08,13.26,37102389,544234368.00
2015/07/02,13.45,13.75,12.06,12.31,38370660,512668000.00
2015/07/03,11.54,12.50,11.03,11.04,47788540,573182400.00
2015/07/06,12.19,12.19,10.48,11.75,55042284,658029952.00
2015/07/07,11.18,11.84,10.71,11.64,56460872,677275456.00
2015/07/08,10.55,10.78,10.43,10.43,36987128,403863648.00
2015/07/09,10.43,11.52,9.52,11.52,66074395,752894208.00
2015/07/10,11.56,12.72,11.52,12.72,67661501,874886784.00
2015/07/13,13.19,14.04,12.68,14.04,84424797,1181669504.00
2015/07/14,13.58,14.45,13.15,13.31,75424080,1070472192.00
2015/07/15,13.01,13.15,11.93,11.93,53905703,694612928.00
2015/07/16,11.93,12.49,11.32,12.19,33826282,422299936.00
2015/07/17,12.26,13.29,12.25,13.12,39743275,525104736.00
2015/07/20,13.14,13.43,12.72,13.04,41416696,561466240.00
2015/07/21,12.85,13.34,12.66,13.20,31791569,429588736.00
2015/07/22,13.12,13.31,12.80,13.10,29382862,398037824.00
2015/07/23,13.12,13.72,13.05,13.67,52929301,732729792.00
2015/07/24,13.68,14.25,13.16,13.27,61012025,861056384.00
2015/07/27,13.00,13.49,11.90,11.90,50209344,664929856.00
2015/07/28,11.45,12.23,10.87,12.02,44329981,534790496.00
2015/07/29,12.24,12.72,11.89,12.70,30275153,382803424.00
2015/07/30,12.68,13.15,12.20,12.38,34934706,462361632.00
2015/07/31,12.14,12.52,12.13,12.47,21984340,280513568.00
2015/08/03,12.39,13.05,12.24,13.03,30487704,398236800.00
2015/08/04,13.00,13.54,12.82,13.46,33406702,457310176.00
2015/08/05,13.41,13.43,12.92,13.01,26418627,360246816.00
2015/08/06,12.73,13.36,12.56,12.94,20262937,274313184.00
2015/08/07,13.07,13.66,13.05,13.47,35816942,494335712.00
2015/08/10,13.43,14.42,13.30,14.10,66683189,960216768.00
2015/08/11,14.03,14.06,13.66,13.88,48271141,690117120.00
2015/08/12,13.65,13.84,13.56,13.58,25180423,356465088.00
2015/08/13,12.68,13.35,12.68,13.28,111388398,1494737024.00
2015/08/14,12.97,13.92,12.73,13.88,127774187,1752261120.00
2015/08/17,13.33,13.80,13.15,13.69,89097764,1241958912.00
2015/08/18,13.75,13.91,12.28,12.28,81313696,1095552896.00
2015/08/19,11.85,12.79,11.05,12.43,50447749,620385792.00
2015/08/20,12.14,12.27,11.57,11.61,29470507,364667392.00
2015/08/21,11.51,11.84,10.55,10.67,35519415,415854176.00
2015/08/24,10.07,10.28,9.56,9.56,42356853,427210144.00
2015/08/25,8.85,9.09,8.56,8.56,46372394,423264512.00
2015/08/26,8.80,9.00,8.13,8.43,40699268,369607872.00
2015/08/27,8.55,8.82,8.33,8.81,28656121,259784576.00
2015/08/28,8.95,9.55,8.82,9.30,40399954,386491456.00
2015/08/31,9.25,9.86,8.95,9.79,48302326,477482560.00
2015/09/01,9.51,9.69,8.85,9.60,42336794,414799008.00
2015/09/02,8.95,9.90,8.88,9.61,40869101,408416384.00
2015/09/07,9.53,10.04,9.20,9.28,26617878,267768016.00
2015/09/08,9.18,9.64,9.05,9.55,15316200,149925712.00
2015/09/09,9.61,9.83,9.54,9.76,26713383,271580192.00
2015/09/10,9.56,9.69,9.42,9.46,15324216,153514240.00
2015/09/11,9.50,9.64,9.31,9.45,11358000,112894712.00
2015/09/14,9.54,9.58,8.46,8.99,33411938,313223264.00
2015/09/15,8.73,8.80,8.38,8.57,16490947,149512592.00
2015/09/16,8.59,9.42,8.59,9.22,17192225,161060720.00
2015/09/17,9.06,9.36,8.85,8.87,17726863,169497056.00
2015/09/18,8.87,9.36,8.80,9.15,16531696,157454080.00
2015/09/21,9.04,9.34,8.96,9.31,15841569,152663536.00
2015/09/22,9.28,9.85,9.22,9.62,30806331,309447264.00
2015/09/23,9.38,9.45,9.15,9.20,20496101,200048272.00
2015/09/24,9.26,9.72,9.26,9.42,18605686,184828992.00
2015/09/25,9.34,9.39,9.00,9.06,15643000,150360528.00
2015/09/28,9.23,9.54,9.15,9.43,19375708,190478800.00
2015/09/29,9.20,9.24,9.05,9.10,12306806,117943896.00
2015/09/30,9.13,9.22,9.07,9.11,8204566,78720008.00
2015/10/08,9.54,9.62,9.31,9.38,23975504,236975328.00
2015/10/09,9.32,9.58,9.32,9.48,22398638,222095712.00
2015/10/12,9.54,9.98,9.54,9.93,40411732,414258912.00
2015/10/13,9.77,10.51,9.76,10.41,46871824,503529440.00
2015/10/14,10.16,10.30,9.95,10.00,29697140,313816448.00
2015/10/15,9.94,10.34,9.88,10.28,26252747,278550848.00
2015/10/16,10.33,10.50,10.07,10.37,33720874,363153824.00
2015/10/19,10.38,10.60,10.14,10.23,27750858,300336480.00
2015/10/20,10.22,10.42,10.08,10.39,23096447,247576496.00
2015/10/21,10.45,10.67,9.73,9.79,41629421,446486016.00
2015/10/22,9.86,10.20,9.73,10.18,22983105,239313984.00
2015/10/23,10.21,10.66,10.16,10.47,36554674,396252192.00
2015/10/26,10.51,10.97,10.40,10.83,51347763,571916544.00
2015/10/27,10.65,10.78,10.28,10.64,32128803,353057120.00
2015/10/28,10.64,10.89,10.35,10.39,24111006,267114032.00
2015/10/29,10.56,10.77,10.46,10.64,25912718,287100000.00
2015/10/30,10.64,10.73,10.37,10.55,18627703,205342208.00
2015/11/02,10.44,10.61,10.27,10.28,17844948,194565072.00
2015/11/03,10.30,10.44,10.21,10.26,14487106,155839472.00
2015/11/04,10.31,10.78,10.30,10.77,35805216,396212640.00
2015/11/05,10.95,11.35,10.67,10.89,66317798,758428736.00
2015/11/06,10.87,11.29,10.86,11.26,45412468,523296544.00
2015/11/09,11.27,11.93,11.15,11.63,55257285,665970432.00
2015/11/10,11.60,11.60,11.29,11.44,47945448,569840960.00
2015/11/11,11.40,11.52,11.28,11.43,27974691,331353120.00
2015/11/12,11.43,11.44,11.17,11.28,25526020,300123136.00
2015/11/13,11.20,11.47,11.13,11.26,28398102,334138464.00
2015/11/16,11.26,11.77,11.20,11.74,44167376,532882176.00
2015/11/17,11.85,12.03,11.63,11.74,43617732,534418432.00
2015/11/18,11.73,11.75,11.35,11.37,27510545,329771808.00
2015/11/19,11.43,11.53,11.30,11.49,13795054,163721088.00
2015/11/20,11.47,11.65,11.43,11.51,18635252,223701616.00
2015/11/23,11.49,11.53,11.29,11.32,21109206,250351984.00
2015/11/24,11.31,11.35,11.13,11.33,15071346,175890592.00
2015/11/25,11.33,11.49,11.24,11.48,17011316,200964192.00
2015/11/26,11.51,11.58,11.34,11.36,15088681,179798928.00
2015/11/27,11.34,11.36,10.35,10.52,21474270,244090464.00
2015/11/30,10.56,10.62,10.05,10.51,17270917,187341584.00
2015/12/01,10.49,10.81,10.45,10.65,14773751,164357824.00
2015/12/02,10.69,10.95,10.50,10.93,22371857,250185232.00
2015/12/03,10.89,11.09,10.85,11.05,15043254,171719824.00
2015/12/04,11.01,11.01,10.74,10.78,13202352,149119744.00
2015/12/07,10.79,10.85,10.66,10.76,9850654,110488880.00
2015/12/08,10.70,10.70,10.43,10.45,13454162,147705872.00
2015/12/09,10.42,10.51,10.38,10.45,6814643,74272192.00
2015/12/10,10.49,10.57,10.26,10.35,8999304,97981704.00
2015/12/11,10.28,10.33,10.13,10.25,9851575,105192304.00
2015/12/14,10.20,10.70,10.10,10.60,11811087,128331296.00
2015/12/15,10.62,10.66,10.47,10.53,10071609,110993920.00
2015/12/16,10.55,10.72,10.52,10.55,10707014,118404480.00
2015/12/17,10.63,10.86,10.61,10.82,15508047,173921312.00
2015/12/18,10.83,10.90,10.68,10.75,13849378,155789808.00
2015/12/21,10.75,11.01,10.70,11.01,21151012,240664736.00
2015/12/22,11.00,11.13,10.94,11.02,14673719,168351696.00
2015/12/23,11.06,11.20,11.01,11.07,20401908,235717376.00
2015/12/24,11.03,11.10,10.78,10.91,15700420,179206432.00
2015/12/25,10.91,11.14,10.91,11.13,13842800,159453456.00
2015/12/28,11.13,11.21,10.85,10.87,16817958,193368128.00
2015/12/29,10.74,11.03,10.71,10.98,8847882,99764176.00
2015/12/30,10.95,11.09,10.90,11.00,9124246,104366176.00
2015/12/31,11.00,11.07,10.80,10.82,10088913,115023648.00
2016/01/04,10.78,10.84,9.90,9.97,17159316,187981728.00
2016/01/05,9.85,10.13,9.66,9.99,13119627,136247328.00
2016/01/06,9.94,10.20,9.93,10.18,13829702,146034224.00
2016/01/07,10.04,10.04,9.25,9.30,4442050,44796624.00
2016/01/08,9.55,9.64,9.07,9.47,20996501,206920464.00
2016/01/11,9.32,9.44,8.76,8.81,16240127,155725168.00
2016/01/12,8.85,9.01,8.78,8.88,9626926,90168352.00
2016/01/13,8.91,9.06,8.77,8.79,8391307,78725840.00
2016/01/14,8.63,8.95,8.52,8.94,10801234,99057512.00
2016/01/15,8.86,8.92,8.53,8.57,8980525,82202256.00
2016/01/18,8.52,8.73,8.42,8.63,8742919,78915312.00
2016/01/19,8.66,8.93,8.61,8.90,10210538,94496208.00
2016/01/20,8.87,9.15,8.80,8.96,13884388,130869088.00
2016/01/21,8.78,8.99,8.60,8.61,11310653,104480856.00
2016/01/22,8.68,8.79,8.57,8.72,6671404,60931280.00
2016/01/25,8.80,8.85,8.68,8.73,6627947,61155440.00
2016/01/26,8.66,8.70,7.94,8.08,11348288,100558960.00
2016/01/27,8.15,8.22,7.76,8.00,10429430,88195720.00
2016/01/28,7.91,8.10,7.71,7.74,6958692,58121812.00
2016/01/29,7.78,8.10,7.66,8.01,7529484,63222852.00
2016/02/01,8.05,8.07,7.78,8.00,7260694,60785092.00
2016/02/02,7.95,8.18,7.91,8.14,8510774,72792688.00
2016/02/03,7.97,8.07,7.90,8.04,7066902,59503660.00
2016/02/04,8.07,8.24,8.04,8.17,8587309,73886896.00
2016/02/05,8.17,8.41,8.13,8.19,10765025,94021288.00
2016/02/15,8.00,8.13,7.87,8.08,5705052,48263304.00
2016/02/16,8.12,8.43,8.11,8.41,12285833,107842008.00
2016/02/17,8.40,8.54,8.36,8.48,10969432,97577400.00
2016/02/18,8.53,8.61,8.45,8.49,11365223,102027264.00
2016/02/19,8.47,8.53,8.43,8.51,6277742,56104872.00
2016/02/22,8.59,8.75,8.54,8.70,11857723,107869872.00
2016/02/23,8.70,8.70,8.50,8.58,9359391,84495424.00
2016/02/24,8.53,8.66,8.48,8.65,8040586,72545904.00
2016/02/25,8.60,8.65,7.84,7.93,12396772,108276592.00
2016/02/26,8.07,8.15,7.95,8.11,7283487,61999744.00
2016/02/29,8.11,8.12,7.70,7.96,8953431,74306720.00
2016/03/01,7.98,8.13,7.87,8.07,6352006,53687396.00
2016/03/02,8.05,8.53,8.05,8.48,14277855,124927704.00
2016/03/03,8.45,8.58,8.42,8.52,13310110,119167568.00
2016/03/04,8.52,8.75,8.45,8.69,25258931,229499696.00
2016/03/07,8.80,8.85,8.59,8.72,13294880,121694208.00
2016/03/08,8.68,8.80,8.34,8.74,19139542,173161248.00
2016/03/09,8.47,8.60,8.41,8.59,10687325,95668736.00
2016/03/10,8.55,8.60,8.37,8.38,5855305,52347552.00
2016/03/11,8.34,8.42,8.23,8.35,5508593,48336408.00
2016/03/14,8.45,8.66,8.43,8.52,10154123,91540904.00
2016/03/15,8.49,8.69,8.43,8.67,9935028,89488896.00
2016/03/16,8.65,8.72,8.59,8.64,12780318,116512608.00
2016/03/17,8.67,8.78,8.61,8.75,10289210,94246928.00
2016/03/18,8.77,8.91,8.69,8.85,24137564,223833712.00
2016/03/21,8.90,9.03,8.88,8.97,20145995,189379904.00
2016/03/22,8.90,8.97,8.88,8.89,11542639,108116376.00
2016/03/23,8.89,8.95,8.84,8.90,7984555,74620056.00
2016/03/24,8.85,8.98,8.76,8.77,10225002,95033880.00
2016/03/25,8.81,8.94,8.80,8.88,9968013,92958088.00
2016/03/28,8.89,9.03,8.88,8.90,12753507,119927952.00
2016/03/29,8.86,8.99,8.70,8.75,12139095,113173032.00
2016/03/30,8.81,9.09,8.80,9.09,18450540,173979552.00
2016/03/31,9.11,9.66,9.10,9.58,40882933,406836768.00
2016/04/01,9.50,9.50,9.15,9.27,22828170,222614048.00
2016/04/05,9.26,9.43,9.18,9.38,14501902,141795024.00
2016/04/06,9.36,9.36,9.17,9.28,12955183,125827672.00
2016/04/07,9.31,9.32,9.11,9.14,10325002,99474440.00
2016/04/08,9.07,9.22,9.02,9.17,9955334,95322448.00
2016/04/11,9.25,9.36,9.17,9.23,15600201,151387456.00
2016/04/12,9.22,9.23,9.09,9.19,8828438,84823536.00
2016/04/13,9.24,9.49,9.21,9.35,19062371,187206880.00
2016/04/14,9.39,9.48,9.34,9.42,11396615,112401656.00
2016/04/15,9.42,9.45,9.32,9.35,8380059,82225064.00
2016/04/18,9.27,9.30,9.11,9.14,7445502,71624320.00
2016/04/19,9.15,9.24,9.11,9.16,4631668,44527856.00
2016/04/20,9.15,9.18,8.68,8.86,15208668,141618416.00
2016/04/21,8.84,8.87,8.73,8.74,7130287,65942676.00
2016/04/22,8.73,8.77,8.66,8.75,4989664,45750912.00
2016/04/25,8.76,8.76,8.65,8.71,3993259,36494256.00
2016/04/26,8.72,8.77,8.68,8.76,3858610,35392148.00
2016/04/27,8.79,8.88,8.75,8.79,5410267,50174464.00
2016/04/28,8.78,8.79,8.65,8.74,4720938,43327240.00
2016/04/29,8.77,8.80,8.72,8.76,3220822,29650072.00
2016/05/03,8.76,8.93,8.74,8.87,9929272,92457288.00
2016/05/04,8.89,8.99,8.86,8.91,9318070,87291264.00
2016/05/05,8.89,8.96,8.87,8.92,5644459,52829664.00
2016/05/06,8.93,8.96,8.61,8.62,9988474,91773752.00
2016/05/09,8.59,8.63,8.15,8.25,13562734,119811424.00
2016/05/10,8.24,8.33,8.14,8.22,9849192,85331064.00
2016/05/11,8.25,8.32,8.18,8.28,5530636,48192784.00
2016/05/12,8.20,8.34,8.13,8.32,5987276,52047112.00
2016/05/13,8.33,8.51,8.27,8.33,8339183,73905800.00
2016/05/16,8.31,8.45,8.20,8.43,6384178,56030832.00
2016/05/17,8.41,8.46,8.32,8.34,4605440,40674980.00
2016/05/18,8.30,8.33,8.19,8.25,6263676,54491972.00
2016/05/19,8.26,8.37,8.25,8.27,3540850,31042132.00
2016/05/20,8.21,8.33,8.18,8.32,2569023,22434896.00
2016/05/23,8.33,8.41,8.32,8.38,3460470,30479710.00
2016/05/24,8.34,8.37,8.21,8.29,4191526,36573028.00
2016/05/25,8.32,8.36,8.23,8.27,3636813,31843674.00
2016/05/26,8.28,8.32,8.13,8.26,4661615,40396124.00
2016/05/27,8.23,8.30,8.18,8.23,2902776,25227056.00
2016/05/30,8.25,8.25,8.14,8.22,2997922,25954756.00
2016/05/31,8.21,8.51,8.21,8.49,10823968,95841576.00
2016/06/01,8.47,8.58,8.44,8.49,9259715,82951640.00
2016/06/02,8.49,8.52,8.42,8.50,5866023,52337624.00
2016/06/03,8.48,8.54,8.45,8.52,7100885,63502188.00
2016/06/06,8.51,8.55,8.44,8.48,7215392,64489776.00
2016/06/07,8.49,8.49,8.41,8.45,6425151,57144024.00
2016/06/08,8.45,8.46,8.37,8.39,10901050,96446008.00
2016/06/13,8.35,8.35,8.15,8.16,9149159,79688120.00
2016/06/14,8.15,8.21,8.14,8.20,5482261,47319336.00
2016/06/15,8.16,8.34,8.12,8.30,6389688,55753092.00
2016/06/16,8.30,8.31,8.22,8.25,4995479,43526252.00
2016/06/17,8.25,8.48,8.25,8.47,7683680,67813272.00
2016/06/20,8.43,8.46,8.35,8.42,4560378,40356832.00
2016/06/21,8.42,8.50,8.34,8.35,5924741,52538576.00
2016/06/22,8.37,8.46,8.32,8.43,5444659,48176816.00
2016/06/23,8.46,8.46,8.34,8.35,5478668,47173864.00
2016/06/24,8.36,8.40,8.08,8.23,7503196,63877208.00
2016/06/27,8.20,8.34,8.18,8.34,5501516,46853656.00
2016/06/28,8.30,8.49,8.26,8.44,7342652,63140176.00
2016/06/29,8.43,8.52,8.39,8.45,8627071,75025192.00
2016/06/30,8.47,8.52,8.44,8.46,6116927,53258888.00
2016/07/01,8.49,8.55,8.46,8.51,6983450,60973512.00
2016/07/04,8.49,8.95,8.46,8.82,20794249,186571200.00
2016/07/05,8.83,9.00,8.80,8.97,16218603,148502336.00
2016/07/06,8.95,9.01,8.87,8.94,9082756,83286968.00
2016/07/07,8.92,9.42,8.92,9.33,31753877,300421536.00
2016/07/08,9.26,9.42,9.08,9.23,18565168,175572416.00
2016/07/11,9.28,9.63,9.19,9.50,28027544,273229312.00
2016/07/12,9.50,9.60,9.35,9.49,14511795,140424800.00
2016/07/13,9.52,9.64,9.37,9.41,14552581,141499616.00
2016/07/14,9.44,9.44,9.26,9.33,8376632,80015864.00
2016/07/15,9.35,9.45,9.26,9.34,6795910,65086152.00
2016/07/18,9.34,9.62,9.31,9.39,12363033,119330712.00
2016/07/19,9.39,9.43,9.15,9.24,12142691,114960344.00
2016/07/20,9.22,9.28,9.15,9.22,4702006,44403616.00
2016/07/21,9.20,9.27,9.17,9.20,7224537,68296600.00
2016/07/22,9.21,9.23,9.07,9.09,5842070,54967568.00
2016/07/25,9.13,9.29,9.10,9.21,5096669,48186064.00
2016/07/26,9.22,9.60,9.22,9.59,20014842,193959232.00
2016/07/27,9.75,10.45,9.75,9.89,60628886,619176128.00
2016/07/28,9.89,10.16,9.78,9.99,39582992,404862624.00
2016/07/29,9.90,10.18,9.78,10.08,22253319,227871312.00
2016/08/01,10.04,10.08,9.63,10.01,22466940,227230304.00
2016/08/02,9.95,10.08,9.78,9.96,13559572,137807536.00
2016/08/03,10.00,10.36,9.89,10.11,18179056,188608416.00
2016/08/04,10.02,10.05,9.82,9.95,12634898,128428064.00
2016/08/05,9.90,10.10,9.87,9.98,11854102,121123568.00
2016/08/08,9.87,10.03,9.83,9.91,10021469,101954616.00
2016/08/09,9.92,9.98,9.87,9.96,8580698,87071144.00
2016/08/10,9.91,10.01,9.87,9.87,6803992,68997680.00
2016/08/11,9.88,9.93,9.73,9.74,7839767,78648200.00
2016/08/12,9.70,9.93,9.70,9.88,7691970,77207088.00
2016/08/15,9.87,10.13,9.85,10.07,17720086,181822800.00
2016/08/16,10.13,10.39,10.07,10.15,16857720,175832320.00
2016/08/17,10.13,10.20,9.93,10.06,16262996,167298960.00
2016/08/18,10.02,10.26,10.00,10.24,15219674,157710288.00
2016/08/19,10.21,10.28,10.01,10.09,11970418,123830080.00
2016/08/22,10.05,10.10,9.85,9.86,9844527,100047848.00
2016/08/23,9.86,9.93,9.79,9.84,7529822,75976416.00
2016/08/24,9.85,9.93,9.82,9.88,5872689,59312728.00
2016/08/25,9.85,9.87,9.68,9.77,7621689,76199152.00
2016/08/26,9.80,9.93,9.76,9.85,7464193,75226000.00
2016/08/29,9.85,9.90,9.79,9.83,6521937,65687088.00
2016/08/30,9.83,9.89,9.80,9.87,5068160,51114472.00
2016/08/31,9.86,9.93,9.83,9.92,5296667,53632536.00
2016/09/01,9.93,10.00,9.82,9.84,6150178,62378148.00
2016/09/02,9.79,9.89,9.79,9.83,4262739,42938304.00
2016/09/05,9.85,9.91,9.79,9.85,5071209,51114300.00
2016/09/06,9.85,9.96,9.79,9.94,5286128,53534456.00
2016/09/07,9.95,10.04,9.92,9.95,6502206,66418948.00
2016/09/08,9.94,9.96,9.85,9.89,4847183,49073048.00
2016/09/09,9.91,9.99,9.88,9.91,5132601,52197328.00
2016/09/12,9.77,9.86,9.62,9.64,8925355,88933256.00
2016/09/13,9.67,9.75,9.49,9.58,6302361,61950448.00
2016/09/14,9.55,9.56,9.46,9.51,3399390,33086582.00
2016/09/19,9.51,9.56,9.44,9.47,5313806,51665192.00
2016/09/20,9.47,9.49,9.26,9.34,10381066,99602232.00
2016/09/21,9.32,9.51,9.31,9.44,6193057,59946176.00
2016/09/22,9.48,9.54,9.46,9.46,6523051,63443720.00
2016/09/23,9.49,9.50,9.30,9.30,5127201,49212596.00
2016/09/26,9.29,9.38,9.20,9.21,5078447,48411764.00
2016/09/27,9.18,9.28,9.18,9.27,3043326,28824950.00
2016/09/28,9.34,9.34,9.24,9.27,2448227,23284930.00
2016/09/29,9.28,9.36,9.24,9.35,4002874,38207028.00
2016/09/30,9.33,9.41,9.31,9.40,2787678,26780168.00
2016/10/10,9.41,9.51,9.38,9.49,4528944,43840844.00
2016/10/11,9.50,9.50,9.42,9.48,6116658,59275836.00
2016/10/12,9.44,9.55,9.40,9.48,7101011,68940184.00
2016/10/13,9.47,9.51,9.43,9.46,3496994,33886980.00
2016/10/14,9.43,9.48,9.34,9.45,4059682,39133440.00
2016/10/17,9.44,9.49,9.40,9.40,3207010,31054656.00
2016/10/18,9.39,9.54,9.39,9.54,5016296,48747544.00
2016/10/19,9.60,9.60,9.48,9.52,4362658,42659808.00
2016/10/20,9.53,9.56,9.50,9.53,2544111,24835020.00
2016/10/21,9.55,9.68,9.46,9.61,8503769,83318632.00
2016/10/24,9.60,9.79,9.55,9.74,12335264,122519120.00
2016/10/25,9.75,9.83,9.69,9.72,6694396,66818028.00
2016/10/26,9.77,10.02,9.62,9.94,16164104,162710592.00
2016/10/27,9.87,10.09,9.83,9.90,13189375,134382048.00
2016/10/28,9.88,10.08,9.88,10.03,14044515,143876480.00
2016/10/31,10.05,10.07,9.89,9.96,9342788,95269472.00
2016/11/01,9.96,10.00,9.77,9.91,11023051,111277840.00
2016/11/02,9.89,9.94,9.79,9.87,8113824,81844872.00
2016/11/03,9.85,9.96,9.79,9.90,8927471,90451112.00
2016/11/04,9.90,10.01,9.83,9.87,10074539,102398864.00
2016/11/07,9.87,9.97,9.85,9.89,7378232,74761504.00
2016/11/08,9.91,9.95,9.83,9.87,6718385,67915408.00
2016/11/09,9.85,9.90,9.72,9.77,9400745,94170912.00
2016/11/10,9.84,9.93,9.80,9.90,8980189,90820776.00
2016/11/11,9.91,10.23,9.88,10.20,18580736,191878096.00
2016/11/14,10.22,10.70,10.15,10.62,32774911,350748480.00
2016/11/15,10.66,11.07,10.45,10.49,28098777,307992032.00
2016/11/16,10.54,10.82,10.51,10.69,19991569,217735504.00
2016/11/17,10.75,10.87,10.55,10.58,18468300,201785072.00
2016/11/18,10.54,10.54,10.28,10.32,17203081,182461040.00
2016/11/21,10.36,10.52,10.32,10.39,10686982,113908504.00
2016/11/22,10.40,10.55,10.37,10.48,11085800,118647200.00
2016/11/23,10.51,10.54,10.26,10.31,12806317,135858240.00
2016/11/24,10.27,10.34,10.14,10.16,24727184,258484384.00
2016/11/25,10.19,10.26,10.07,10.25,15321498,159268016.00
2016/11/28,10.25,10.54,10.25,10.39,18326538,194396160.00
2016/11/29,10.38,10.60,10.31,10.49,21683910,232320672.00
2016/11/30,10.49,10.55,10.25,10.30,13485045,142717472.00
2016/12/01,10.32,10.68,10.24,10.61,27571221,296674464.00
2016/12/02,10.57,10.63,10.37,10.39,14470200,154820784.00
2016/12/05,10.30,10.34,10.18,10.28,11705522,122803880.00
2016/12/06,10.24,10.32,10.19,10.20,6846293,71735472.00
2016/12/07,10.23,10.26,10.08,10.25,13073790,135936240.00
2016/12/08,10.28,10.30,10.16,10.18,7710426,80599776.00
2016/12/09,10.18,10.32,10.15,10.30,8886400,93069512.00
2016/12/26,9.87,9.97,9.64,9.93,15443966,155106128.00
2016/12/27,9.88,10.03,9.88,9.94,5951468,60625320.00
2016/12/28,9.92,9.97,9.86,9.88,4419193,44800504.00
2016/12/29,9.85,9.90,9.77,9.87,6026613,60592800.00
2016/12/30,9.84,9.92,9.83,9.85,3916733,39574320.00
2017/01/03,9.85,9.97,9.85,9.94,4478147,45515212.00
2017/01/04,9.94,10.04,9.91,10.03,5742816,58612444.00
2017/01/05,10.04,10.10,9.97,10.01,5587574,57302672.00
2017/01/06,10.02,10.18,9.98,10.06,8740293,90020016.00
2017/01/09,10.02,10.09,9.95,10.07,7554562,77518224.00
2017/01/10,10.05,10.09,9.98,10.01,6514999,66766980.00
2017/01/11,10.01,10.06,9.90,9.91,5178359,52795044.00
2017/01/12,9.91,9.94,9.77,9.81,7208913,72717960.00
2017/01/13,9.79,9.85,9.74,9.79,5532847,55454576.00
2017/01/16,9.78,9.82,9.47,9.65,10200914,100935528.00
2017/01/17,9.64,9.78,9.63,9.76,5273090,52425360.00
2017/01/18,9.75,9.83,9.71,9.78,5306719,53164588.00
2017/01/19,9.75,9.79,9.68,9.69,4661900,46428448.00
2017/01/20,9.70,9.86,9.70,9.83,5666240,56833180.00
2017/01/23,9.83,9.90,9.79,9.85,5510188,55469360.00
2017/01/24,9.85,9.87,9.78,9.84,5060646,50829880.00
2017/01/25,9.80,9.96,9.80,9.92,6108472,61894760.00
2017/01/26,9.92,9.96,9.88,9.93,4199270,42624120.00
2017/02/03,9.93,9.94,9.83,9.87,3743359,37852572.00
2017/02/06,9.87,9.95,9.85,9.94,5184577,52535880.00
2017/02/07,9.95,10.05,9.91,10.03,9305784,95054048.00
2017/02/08,9.99,10.12,9.91,10.09,10702130,109655864.00
2017/02/09,10.06,10.13,10.02,10.11,6384156,65916336.00
2017/02/10,10.11,10.36,10.08,10.28,18944810,198984960.00
2017/02/13,10.32,10.50,10.22,10.28,17827336,188835360.00
2017/02/14,10.28,10.55,10.21,10.50,19576572,207586144.00
2017/02/15,10.47,10.71,10.40,10.50,29023201,313610752.00
2017/02/16,10.46,10.67,10.45,10.50,14048319,151195728.00
2017/02/17,10.50,10.79,10.47,10.58,23426373,254696192.00
2017/02/20,10.57,11.05,10.54,11.01,33336504,369599488.00
2017/02/21,11.02,11.16,10.87,11.03,27644084,310845984.00
2017/02/22,10.98,11.22,10.93,11.13,19056485,215405312.00
2017/02/23,11.10,11.19,10.92,11.00,16675896,188089664.00
2017/02/24,10.94,11.01,10.76,10.92,18907157,209803024.00
2017/02/27,10.87,10.99,10.71,10.71,17606104,194316656.00
2017/02/28,10.70,10.89,10.70,10.86,10510062,115807352.00
2017/03/01,10.86,10.95,10.81,10.88,9930159,110546792.00
2017/03/02,10.88,10.95,10.72,10.74,8225117,90937128.00
2017/03/03,10.68,10.91,10.64,10.90,9730667,107169968.00
2017/03/06,10.94,10.97,10.85,10.91,5894350,65622160.00
2017/03/07,10.93,10.99,10.83,10.89,6078054,67656240.00
2017/03/08,10.85,10.95,10.81,10.90,6889455,76453864.00
2017/03/09,10.87,10.89,10.71,10.77,8156786,89771696.00
2017/03/10,10.74,10.81,10.60,10.65,7525408,82126736.00
2017/03/13,10.72,11.07,10.71,10.91,19585620,218425312.00
2017/03/14,10.87,10.90,10.71,10.81,11561861,127474680.00
2017/03/15,10.76,10.85,10.70,10.82,7432992,81941264.00
2017/03/16,10.84,10.98,10.81,10.96,9658309,107832800.00
2017/03/17,10.97,11.02,10.72,10.74,8840943,98218728.00
2017/03/20,10.72,10.82,10.63,10.74,7587574,82994944.00
2017/03/21,10.73,11.01,10.73,11.00,15969953,178144288.00
2017/03/22,10.88,11.26,10.88,11.15,22582039,256112816.00
2017/03/23,11.06,11.13,10.88,11.04,17588102,197845232.00
2017/03/24,11.07,11.69,11.00,11.58,47465867,554233472.00
2017/03/27,11.77,12.25,11.63,11.88,56198964,685121856.00
2017/03/28,11.81,11.94,11.57,11.87,23910635,285329120.00
2017/03/29,11.85,13.05,11.79,12.48,73049265,929176512.00
2017/03/30,12.51,13.16,12.00,12.14,66421220,851857344.00
2017/03/31,11.92,11.95,11.37,11.53,37793499,448578976.00
2017/04/05,12.71,12.71,12.71,12.71,39895448,516247104.00
2017/04/06,14.00,14.00,14.00,14.00,16258955,231364928.00
2017/04/07,14.27,15.42,14.03,15.27,216768330,3237307648.00
2017/04/10,14.75,16.82,14.57,16.82,197939785,3215023616.00
2017/04/11,16.81,18.53,16.43,18.17,184043498,3357389312.00
2017/04/12,17.87,17.87,16.33,16.33,177072040,3049473792.00
2017/04/13,15.97,17.02,15.85,16.49,121325589,2037234176.00
2017/04/14,16.77,16.92,15.78,15.96,92069485,1517516544.00
2017/04/17,15.72,15.75,14.34,14.73,90180256,1355769472.00
2017/04/18,14.72,15.11,14.63,14.77,59948937,905579584.00
2017/04/19,14.69,15.16,14.53,14.93,68486874,1031164672.00
2017/04/20,14.89,14.89,13.79,14.19,72902384,1065473216.00
2017/04/21,14.17,14.43,13.62,13.69,56561850,802590720.00
2017/04/24,13.97,14.15,13.60,13.63,52792229,745089152.00
2017/04/25,13.62,14.54,13.34,14.05,72071262,1027187904.00
2017/04/26,13.85,14.74,13.78,14.53,81004514,1175280896.00
2017/04/27,14.32,14.97,14.01,14.67,97023913,1435704576.00
2017/04/28,14.46,14.93,14.38,14.83,65644466,983616960.00
2017/05/02,14.77,15.09,14.67,15.08,68001921,1031322432.00
2017/05/03,15.20,15.20,14.23,14.27,71505296,1062565440.00
2017/05/04,14.05,14.87,13.94,14.33,64817224,950722432.00
2017/05/05,14.26,14.51,13.99,14.01,40144185,582687936.00
2017/05/08,14.01,14.11,12.63,12.76,55806537,754754240.00
2017/05/09,12.72,12.95,12.55,12.92,32668557,425336288.00
2017/05/10,12.94,13.05,12.20,12.26,41834377,535815872.00
2017/05/11,12.22,12.73,11.95,12.72,48691351,613353728.00
2017/05/12,12.57,13.47,12.42,13.16,64616242,851254080.00
2017/05/15,13.22,13.27,12.91,12.96,39380923,524342144.00
2017/05/16,12.86,13.42,12.63,13.41,55380214,737695232.00
2017/05/17,13.36,13.76,13.27,13.56,63382566,872714496.00
2017/05/18,13.34,13.47,13.03,13.17,45469172,611991232.00
2017/05/19,13.27,13.74,13.07,13.45,54963598,753777600.00
2017/05/22,13.22,13.25,12.67,12.71,43114583,568406976.00
2017/05/23,12.55,12.83,12.18,12.24,33016933,420382016.00
2017/05/24,12.23,12.60,12.00,12.54,28714210,360694144.00
2017/05/25,12.44,12.82,12.19,12.66,30380277,387330688.00
2017/05/26,12.65,12.85,12.42,12.46,24061874,310009728.00
2017/05/31,12.61,12.75,12.46,12.48,20884702,268193232.00
2017/06/01,12.47,12.47,11.92,11.96,31164679,384519584.00
2017/06/02,11.87,12.28,11.87,12.27,26367966,326401984.00
2017/06/05,12.22,12.68,12.16,12.59,37282743,471889280.00
2017/06/06,12.60,12.94,12.58,12.74,48836664,635022528.00
2017/06/07,12.64,13.16,12.62,13.07,49608194,652849408.00
2017/06/08,13.00,13.25,12.93,12.97,40680397,541284608.00
2017/06/09,13.05,13.15,12.83,13.06,30505956,403032448.00
2017/06/12,12.97,13.13,12.83,12.85,23844465,315492896.00
2017/06/13,12.80,13.03,12.79,12.98,19307841,254433648.00
2017/06/14,13.12,13.60,13.08,13.10,47170884,639512768.00
2017/06/15,13.03,13.16,12.86,13.04,26941546,356244864.00
2017/06/16,13.05,13.18,12.96,13.07,20836732,277554208.00
2017/06/19,12.98,13.19,12.98,13.11,17488876,232998960.00
2017/06/20,13.12,13.31,13.08,13.28,26104432,349993184.00
2017/06/21,13.28,13.29,13.14,13.25,18778698,252209184.00
2017/06/22,13.25,13.26,12.68,12.72,31805154,414533216.00
2017/06/23,12.72,12.75,12.38,12.61,25410752,318861824.00
2017/06/26,12.57,12.71,12.57,12.67,15951852,201745168.00
2017/06/27,12.69,12.84,12.67,12.71,14953157,190605488.00
2017/06/28,12.67,12.67,12.40,12.43,20074908,250608528.00
2017/06/29,12.46,12.54,12.42,12.50,12084055,150907104.00
2017/06/30,12.43,12.51,12.32,12.49,12188603,151248832.00
2017/07/03,12.50,12.67,12.47,12.64,13309769,167664208.00
2017/07/04,12.65,12.65,12.50,12.56,10735225,134758240.00
2017/07/05,12.51,12.60,12.43,12.59,13595479,170331408.00
2017/07/06,12.60,12.85,12.54,12.69,23236127,295071040.00
2017/07/07,12.67,12.67,12.47,12.53,17756561,222795760.00
2017/07/10,12.51,12.67,12.45,12.53,14541161,182498976.00
2017/07/11,12.52,12.57,12.34,12.35,14871700,185446112.00
2017/07/12,12.34,12.39,12.00,12.22,19959489,243170064.00
2017/07/13,12.22,12.27,12.11,12.21,11525674,140565568.00
2017/07/14,12.18,12.27,12.15,12.20,10287869,125614104.00
2017/07/17,12.17,12.17,11.51,11.52,26770381,313964064.00
2017/07/18,11.50,11.89,11.44,11.75,14967577,174367168.00
2017/07/19,11.83,12.24,11.83,12.24,30479842,369013248.00
2017/07/20,12.14,12.30,12.10,12.19,20046567,243995168.00
2017/07/21,12.15,12.27,12.08,12.20,14630591,178678688.00
2017/07/24,12.17,12.53,12.15,12.42,23979621,297879776.00
2017/07/25,12.42,12.57,12.21,12.23,18677176,230463408.00
2017/07/26,12.26,12.29,12.01,12.09,17213048,208789088.00
2017/07/27,12.06,12.35,12.06,12.20,16922098,206688400.00
2017/07/28,12.19,12.21,12.11,12.14,8885300,108002912.00
2017/08/02,12.46,12.46,12.46,12.46,0,0.00
数据来源:通达信
