603203 快克股份 日线 前复权
      日期	    开盘	    最高	    最低	    收盘	    成交量	    成交额
2016/11/08,14.88,17.93,14.88,17.93,8101,192476.00
2016/11/09,19.76,19.76,19.76,19.76,4000,104560.00
2016/11/10,21.77,21.77,21.77,21.77,4000,115000.00
2016/11/11,23.98,23.98,23.98,23.98,4400,139172.00
2016/11/14,26.42,26.42,26.42,26.42,6300,219177.00
2016/11/15,29.09,29.09,29.09,29.09,10121,387331.00
2016/11/16,32.04,32.04,32.04,32.04,6600,277860.00
2016/11/17,35.28,35.28,35.28,35.28,22748,1053460.00
2016/11/18,38.84,38.84,38.84,38.84,54174,2759624.00
2016/11/21,42.75,42.75,42.75,42.75,39296,2201755.00
2016/11/22,47.06,47.06,47.06,47.06,46665,2875964.00
2016/11/23,51.80,51.80,51.80,51.80,58691,3978663.00
2016/11/24,57.02,57.02,57.02,57.02,87884,6553510.00
2016/11/25,62.75,62.75,62.75,62.75,485224,39802924.00
2016/11/28,69.06,69.06,69.06,69.06,612195,55238356.00
2016/11/29,67.35,67.35,62.12,63.23,13041241,1086794496.00
2016/11/30,61.19,62.72,59.82,60.15,6520390,518741792.00
2016/12/01,60.72,64.95,59.19,63.34,8328523,677472128.00
2016/12/02,62.23,64.25,60.87,60.94,7005732,569725312.00
2016/12/05,58.12,60.01,57.35,57.99,4278912,327861504.00
2016/12/06,58.12,59.81,57.88,58.12,3032319,232631568.00
2016/12/07,57.98,58.42,55.96,58.05,3726738,278434432.00
2016/12/08,57.80,60.18,57.73,59.13,3911910,302155904.00
2016/12/09,58.65,58.65,55.94,57.28,3369900,251708848.00
2016/12/12,56.59,56.92,52.42,53.38,3130600,226022560.00
2016/12/13,52.73,54.39,51.96,52.84,2053416,143100576.00
2016/12/14,52.38,53.86,51.96,52.02,2026612,140298784.00
2016/12/15,51.95,53.50,51.81,52.58,2007896,138540304.00
2016/12/16,52.72,53.47,51.96,53.30,1723662,119081576.00
2016/12/19,53.28,53.28,51.96,52.28,1374567,94306208.00
2016/12/20,52.35,53.02,52.08,52.52,1141988,78499584.00
2016/12/21,52.63,53.87,51.81,53.78,2204332,152302656.00
2016/12/22,53.39,53.41,51.88,52.38,1904819,131305168.00
2016/12/23,51.97,52.27,48.96,49.42,2245901,149121376.00
2016/12/26,49.19,50.65,47.95,50.29,1669882,107649040.00
2016/12/27,50.27,50.33,49.31,49.54,958599,62430624.00
2016/12/28,49.52,49.92,48.93,49.06,882591,57163224.00
2016/12/29,49.06,49.37,48.04,48.05,1042536,66456924.00
2016/12/30,48.08,48.46,47.74,48.05,909138,57264564.00
2017/01/03,48.41,49.87,48.06,49.40,1254338,80601328.00
2017/01/04,49.54,49.72,48.25,49.47,1269689,81680176.00
2017/01/05,49.28,49.56,48.73,48.84,947540,60905888.00
2017/01/06,48.49,48.73,46.27,46.35,1835028,113535408.00
2017/01/09,45.81,46.17,44.81,45.68,1204340,71644320.00
2017/01/10,45.58,45.96,44.72,44.82,853372,50707608.00
2017/01/11,44.60,44.61,42.64,42.68,1515165,86459640.00
2017/01/12,42.78,43.34,41.47,41.66,1213158,67289128.00
2017/01/13,41.66,41.83,40.16,40.26,1406866,75059640.00
2017/01/16,39.65,39.88,36.63,37.94,1724218,86797480.00
2017/01/17,37.45,40.81,36.88,40.22,1564317,80349528.00
2017/01/18,39.92,39.92,38.83,38.88,943679,48650804.00
2017/01/19,38.18,40.33,37.72,39.22,1218382,62753956.00
2017/01/20,38.88,41.26,38.65,41.12,1728904,91760688.00
2017/01/23,40.81,43.63,40.58,41.90,1840196,101910704.00
2017/01/24,41.88,41.88,40.42,40.52,807261,43429892.00
2017/01/25,40.54,41.81,40.04,41.54,735988,39689184.00
2017/01/26,41.32,41.84,40.56,41.48,706460,38121216.00
2017/02/03,41.50,43.29,40.72,42.41,1324223,73341936.00
2017/02/06,42.58,43.85,42.15,43.68,1094543,61933980.00
2017/02/07,43.64,43.64,42.35,42.60,967163,54252336.00
2017/02/08,42.46,43.19,41.72,42.97,974904,54323872.00
2017/02/09,42.79,43.29,42.58,42.90,879703,49472248.00
2017/02/10,42.90,42.95,41.59,41.67,893852,49310624.00
2017/02/13,41.42,42.95,41.27,42.63,1129842,62877996.00
2017/02/14,42.62,43.35,42.15,42.58,936111,52517024.00
2017/02/15,42.54,43.93,42.36,42.82,1380014,78170336.00
2017/02/16,42.81,42.91,41.81,42.07,946376,52386296.00
2017/02/17,42.07,42.73,40.84,41.03,1015129,55405748.00
2017/02/20,42.45,43.50,41.08,41.79,1598509,88567440.00
2017/02/21,41.10,43.50,41.09,43.44,1611445,89478024.00
2017/02/22,43.88,45.55,43.56,45.21,2819751,165495232.00
2017/02/23,45.51,45.55,44.50,45.15,1727748,101821344.00
2017/02/24,44.81,46.09,44.73,45.96,1716249,101862056.00
2017/02/27,45.96,46.04,44.10,44.13,1552765,91510160.00
2017/02/28,44.13,45.42,44.05,45.35,1326399,77800312.00
2017/03/01,45.04,45.76,44.55,44.59,1127075,66360104.00
2017/03/02,44.69,45.72,44.69,44.94,1358791,80277432.00
2017/03/03,44.65,45.17,44.11,44.99,1005206,58751596.00
2017/03/06,44.86,46.58,44.86,46.57,1937109,116870600.00
2017/03/07,46.30,46.95,46.04,46.68,1466908,89356888.00
2017/03/08,46.59,47.33,46.21,46.72,1581524,96755856.00
2017/03/09,46.35,46.77,45.19,45.36,1350759,81176272.00
2017/03/10,45.32,46.45,45.32,45.82,1254043,75485144.00
2017/03/13,45.52,48.72,45.52,48.60,2854558,178006720.00
2017/03/14,48.58,48.87,47.97,48.08,2163283,136752160.00
2017/03/15,47.73,48.08,47.38,47.81,1399768,87331680.00
2017/03/16,47.74,49.10,47.74,48.69,1959830,124542504.00
2017/03/17,48.67,48.86,46.80,46.85,1982748,124313136.00
2017/03/20,46.78,47.95,46.59,47.92,1235340,76695888.00
2017/03/21,47.82,49.27,47.82,49.22,1928215,122992696.00
2017/03/22,48.81,49.42,48.23,49.23,1850532,118381952.00
2017/03/23,48.88,49.84,47.37,48.80,2229489,142704784.00
2017/03/24,48.51,50.04,48.40,49.78,2223961,143875168.00
2017/03/27,49.77,50.24,49.42,50.10,1559497,101702872.00
2017/03/28,49.87,50.28,48.68,48.81,1628967,105003088.00
2017/03/29,48.42,48.73,45.22,45.28,2128925,130730200.00
2017/03/30,45.27,45.34,42.81,43.04,1650038,94557096.00
2017/03/31,43.25,43.77,42.35,42.86,902824,50945248.00
2017/04/05,42.96,44.17,42.58,43.71,855626,48789296.00
2017/04/06,43.72,44.48,43.50,43.87,819378,47215000.00
2017/04/07,43.81,44.27,43.33,43.42,871807,49960888.00
2017/04/10,42.73,43.27,40.44,40.52,1364100,73689768.00
2017/04/11,40.27,41.79,40.14,41.75,769969,41300260.00
2017/04/12,41.75,41.75,40.48,40.52,670683,35997812.00
2017/04/13,40.58,41.38,40.27,40.73,464155,24930308.00
2017/04/14,40.81,41.16,40.35,40.98,481750,25735896.00
2017/04/17,40.38,40.38,38.50,39.45,941956,48339172.00
2017/04/18,39.46,39.73,38.85,38.99,321978,16624816.00
2017/04/19,38.87,39.99,38.85,39.96,654251,33910584.00
2017/04/20,39.76,40.28,38.92,40.25,655810,34190936.00
2017/04/21,39.96,40.81,39.89,40.62,484180,25634698.00
2017/04/24,41.19,41.81,40.52,41.25,865351,46476376.00
2017/04/25,41.18,41.79,40.89,41.38,532021,28788530.00
2017/04/26,41.42,41.71,41.04,41.53,543730,29504980.00
2017/04/27,41.69,42.59,40.48,42.54,1022779,55704156.00
2017/04/28,42.38,42.70,42.05,42.52,570817,31690058.00
2017/05/02,42.65,42.70,42.12,42.25,415689,23079164.00
2017/05/03,41.98,42.57,41.03,41.80,677751,37092572.00
2017/05/04,41.44,41.85,41.08,41.15,519554,28255764.00
2017/05/05,40.82,41.72,40.61,41.08,454954,24498462.00
2017/05/08,41.04,41.35,40.64,40.67,356849,19138196.00
2017/05/09,40.49,41.62,40.49,41.57,599718,32350808.00
2017/05/10,41.57,41.87,40.52,40.78,673155,36393416.00
2017/05/11,40.55,41.82,40.04,41.72,840680,44713428.00
2017/05/12,41.42,41.70,41.17,41.65,526438,28616288.00
2017/05/15,41.82,41.92,41.38,41.52,345548,18851246.00
2017/05/16,41.08,42.64,40.27,42.46,848778,46213596.00
2017/05/17,42.02,42.88,42.02,42.44,698806,38993428.00
2017/05/18,41.96,42.57,41.85,41.98,514057,28405948.00
2017/05/19,41.97,42.28,41.65,41.77,352494,19395556.00
2017/05/22,41.76,42.04,38.54,39.20,994469,52129092.00
2017/05/23,39.14,39.32,36.99,37.19,748375,37358648.00
2017/05/24,37.21,37.96,36.58,37.72,395513,19378888.00
2017/05/25,37.75,37.96,36.58,37.87,530097,25925772.00
2017/05/26,37.87,38.61,37.62,38.16,327675,16364143.00
2017/05/31,39.35,39.82,37.96,37.97,491084,25137754.00
2017/06/01,37.65,37.72,36.27,36.38,460340,22336798.00
2017/06/02,36.58,37.58,36.16,37.42,590910,28548530.00
2017/06/05,38.12,38.12,37.43,37.76,398774,19796504.00
2017/06/06,37.42,37.87,37.41,37.82,171413,8471371.00
2017/06/07,37.82,39.41,37.55,39.21,714091,36514072.00
2017/06/08,39.12,39.46,38.56,38.67,486938,24891792.00
2017/06/09,38.44,39.06,38.14,38.68,328174,16554807.00
2017/06/12,38.02,38.06,37.04,37.10,479175,23577244.00
2017/06/13,37.32,38.83,37.32,38.60,539670,27100734.00
2017/06/14,38.64,39.02,38.19,38.69,434062,22017360.00
2017/06/15,38.65,39.56,38.61,39.50,577600,29832820.00
2017/06/16,39.50,39.62,38.89,39.04,425813,21828204.00
2017/06/19,39.06,39.39,38.60,39.03,285445,11124400.00
2017/06/20,39.42,39.48,38.70,38.77,444573,17350084.00
2017/06/21,38.82,38.99,38.11,38.74,519438,19977850.00
2017/06/22,38.68,38.81,38.02,38.09,454709,17459668.00
2017/06/23,38.02,38.28,37.27,37.91,556844,20957804.00
2017/06/26,37.85,38.38,37.50,38.30,329601,12567866.00
2017/06/27,38.29,39.45,38.29,38.99,872091,33967488.00
2017/06/28,38.98,38.98,37.80,38.06,468635,17964804.00
2017/06/29,38.00,38.45,37.80,38.10,440287,16756967.00
2017/06/30,38.19,38.65,37.81,38.49,418873,16022329.00
2017/07/03,38.38,39.00,38.38,38.95,501088,19454888.00
2017/07/04,38.90,39.09,38.59,38.95,303396,11765115.00
2017/07/05,38.60,39.40,38.60,39.21,601165,23522492.00
2017/07/06,39.03,39.70,39.03,39.54,788835,31080124.00
2017/07/07,41.09,42.99,41.00,41.43,3369929,141816832.00
2017/07/10,41.01,41.89,41.01,41.40,1228337,50778412.00
2017/07/11,41.50,41.50,39.54,39.77,1099652,44663420.00
2017/07/12,39.79,41.90,39.75,41.88,1438387,58687072.00
2017/07/13,41.97,42.40,41.53,41.83,1212207,50874152.00
2017/07/14,41.57,41.60,40.56,40.75,827316,33865120.00
2017/07/17,40.37,40.37,36.68,36.71,1754611,65849736.00
2017/07/18,36.20,37.37,36.20,37.10,683027,25205188.00
2017/07/19,37.05,37.17,36.40,36.94,684750,25198440.00
2017/07/20,36.94,37.63,36.52,36.71,649012,24091864.00
2017/07/21,36.65,37.20,36.61,36.74,428715,15775239.00
2017/07/24,36.27,37.27,36.27,37.21,589669,21761448.00
2017/07/25,37.21,37.37,36.80,37.30,586008,21727256.00
2017/07/26,37.50,37.63,37.03,37.29,221586,8237466.00
2017/07/27,37.12,38.69,37.03,38.33,750745,28519580.00
2017/07/28,38.00,38.22,37.38,37.45,757600,28589820.00
2017/08/02,37.36,37.36,37.36,37.36,0,0.00
数据来源:通达信
