600686 金龙汽车 日线 前复权
      日期	    开盘	    最高	    最低	    收盘	    成交量	    成交额
2010/10/08,8.52,8.63,8.38,8.48,8900149,82362784.00
2010/10/11,8.50,8.92,8.43,8.87,15350698,144578656.00
2010/10/12,8.78,9.50,8.73,9.07,17732996,176017120.00
2010/10/13,9.04,9.32,8.94,9.09,11858832,117543224.00
2010/10/14,9.11,9.14,8.57,8.59,11475847,109602104.00
2010/10/15,8.63,9.04,8.63,8.69,9094051,86935536.00
2010/10/18,8.84,8.87,8.30,8.38,10518044,97161856.00
2010/10/19,8.41,8.89,8.41,8.88,8312897,78169728.00
2010/10/20,8.68,9.04,8.53,8.84,15836541,151134512.00
2010/10/21,8.88,9.06,8.74,8.92,11042765,106783696.00
2010/10/22,9.01,9.33,8.93,9.15,16662796,164209824.00
2010/10/25,9.27,9.46,9.19,9.44,15733179,159157408.00
2010/10/26,9.49,9.53,9.14,9.24,14450333,144976800.00
2010/10/27,9.24,9.43,9.02,9.08,8844713,88262752.00
2010/10/28,9.11,9.41,9.02,9.38,9170091,91283632.00
2010/10/29,9.39,9.40,9.16,9.29,9784238,98067984.00
2010/11/01,9.34,9.69,9.30,9.66,15359067,157465152.00
2010/11/02,9.64,9.83,9.40,9.43,14999433,156014816.00
2010/11/03,9.45,9.64,9.31,9.33,9718036,99445736.00
2010/11/04,9.33,9.48,9.30,9.44,8372157,84835336.00
2010/11/05,9.69,9.69,9.35,9.43,8341674,85062216.00
2010/11/08,9.48,9.74,9.35,9.73,13622087,141270112.00
2010/11/09,9.74,9.79,9.50,9.60,9030993,93486928.00
2010/11/10,9.55,9.76,9.42,9.65,11164682,115385584.00
2010/11/11,9.59,9.88,9.45,9.49,15636745,163176336.00
2010/11/12,9.32,9.45,8.47,8.53,17695858,171794064.00
2010/11/15,8.65,8.74,8.54,8.71,9135745,85898464.00
2010/11/16,8.73,8.74,8.21,8.29,8925097,82525112.00
2010/11/17,8.34,8.44,8.05,8.16,5647255,51127532.00
2010/11/18,8.18,8.36,8.12,8.29,4403469,39668052.00
2010/11/19,8.30,8.45,8.19,8.44,5596562,50855024.00
2010/11/22,8.34,8.52,8.34,8.49,7362582,67681232.00
2010/11/23,8.49,8.57,8.21,8.39,7768715,71170368.00
2010/11/24,8.26,8.74,8.26,8.66,8262539,76857040.00
2010/11/25,8.69,8.81,8.59,8.70,6096460,57624632.00
2010/11/26,8.73,8.93,8.58,8.73,9928968,94219544.00
2010/11/29,8.73,8.83,8.66,8.76,5234077,49760296.00
2010/11/30,8.81,9.20,8.57,8.99,23658812,228557008.00
2010/12/01,8.85,9.12,8.79,8.90,9053371,87681776.00
2010/12/02,9.04,9.13,8.87,8.89,6819790,66276096.00
2010/12/03,8.88,9.03,8.74,8.84,5699301,54691276.00
2010/12/06,8.89,8.89,8.47,8.75,6967771,65441748.00
2010/12/07,8.65,8.93,8.45,8.90,6893569,65735736.00
2010/12/08,9.04,9.21,8.75,8.83,11154704,109011088.00
2010/12/09,8.71,8.74,8.38,8.39,6038176,56190576.00
2010/12/10,8.41,8.54,8.36,8.49,3343462,30769622.00
2010/12/13,8.49,8.83,8.48,8.82,5398734,51126408.00
2010/12/14,8.83,8.96,8.75,8.92,7599768,72914864.00
2010/12/15,8.87,8.97,8.76,8.81,6240400,60054032.00
2010/12/16,8.77,8.92,8.64,8.76,5344027,51119884.00
2010/12/17,8.70,8.87,8.69,8.84,3565049,34023376.00
2010/12/20,8.85,8.95,8.49,8.72,7200756,68554464.00
2010/12/21,8.77,8.95,8.67,8.93,4789109,45928632.00
2010/12/22,9.23,9.23,8.94,8.97,12705160,124607320.00
2010/12/23,8.95,8.99,8.61,8.71,5321005,50879012.00
2010/12/24,8.65,8.68,8.46,8.52,3509822,32707688.00
2010/12/27,8.55,8.77,8.35,8.39,4335798,40414408.00
2010/12/28,8.33,8.39,8.09,8.11,3480177,31308722.00
2010/12/29,8.16,8.24,8.10,8.23,2122869,18921216.00
2010/12/30,8.24,8.26,8.02,8.08,3549839,31525596.00
2010/12/31,8.09,8.38,8.08,8.33,2903950,25960204.00
2011/01/04,8.34,8.63,8.24,8.59,6497393,60069376.00
2011/01/05,8.74,8.80,8.30,8.59,7376931,69450408.00
2011/01/06,8.56,8.95,8.45,8.82,10127053,96695216.00
2011/01/07,8.75,9.04,8.69,8.79,6275599,60099280.00
2011/01/10,8.55,9.06,8.44,8.86,12401771,120517824.00
2011/01/11,8.85,8.87,8.54,8.73,4634175,43829572.00
2011/01/12,8.73,8.94,8.66,8.92,5461792,52356612.00
2011/01/13,8.86,9.12,8.84,9.05,10867321,106299704.00
2011/01/14,9.02,9.23,8.96,9.11,12624494,124725968.00
2011/01/17,9.09,9.25,8.73,8.85,15227596,148235872.00
2011/01/18,8.85,9.02,8.71,8.99,9338828,90305336.00
2011/01/19,8.97,9.39,8.75,9.25,18283531,180109088.00
2011/01/20,9.14,9.18,8.54,8.57,13055714,126469800.00
2011/01/21,8.54,8.71,8.24,8.64,9328641,86311272.00
2011/01/24,8.64,8.64,8.31,8.36,5699136,52358048.00
2011/01/25,8.33,8.38,8.05,8.11,4886138,43592116.00
2011/01/26,8.14,8.31,8.14,8.25,2838469,25538992.00
2011/01/27,8.22,8.59,8.15,8.52,5329846,49029032.00
2011/01/28,8.47,8.79,8.47,8.71,6379493,60140688.00
2011/01/31,8.63,9.09,8.62,8.91,8998372,86333080.00
2011/02/01,8.84,8.99,8.74,8.77,5123880,49400600.00
2011/02/09,8.77,9.00,8.67,8.74,5333478,51135372.00
2011/02/10,8.70,9.34,8.70,9.29,15344689,152178272.00
2011/02/11,9.29,9.42,9.19,9.27,12709210,127994128.00
2011/02/14,9.25,9.58,9.23,9.34,17732253,180357136.00
2011/02/15,9.34,9.70,9.24,9.44,13243143,135945056.00
2011/02/16,9.40,10.36,9.36,10.14,29301333,314869984.00
2011/02/17,10.04,10.53,10.04,10.33,22040041,243274784.00
2011/02/18,10.20,10.31,9.93,9.94,11915033,128912720.00
2011/02/21,9.90,10.65,9.89,10.63,14895570,164816064.00
2011/02/22,10.63,10.81,10.03,10.08,20012685,223000336.00
2011/02/23,10.02,10.18,9.82,9.99,14197784,151968816.00
2011/02/24,9.94,10.03,9.74,9.96,8649270,92150288.00
2011/02/25,10.14,10.29,9.94,10.07,12720947,138033840.00
2011/02/28,9.99,10.72,9.81,10.63,18355700,201621408.00
2011/03/01,10.49,10.67,10.19,10.32,15530110,173947776.00
2011/03/02,10.27,10.27,9.89,10.17,11066093,119626488.00
2011/03/03,10.12,10.61,9.99,10.33,17237296,191245520.00
2011/03/04,10.24,11.12,10.09,10.92,22210341,254159728.00
2011/03/07,11.05,11.29,10.80,11.02,18550956,218714240.00
2011/03/08,11.04,11.21,10.81,11.16,9183061,108194112.00
2011/03/09,11.12,11.44,10.94,11.03,12929927,154113696.00
2011/03/10,11.04,11.08,10.72,10.75,8680983,100779200.00
2011/03/11,10.65,10.86,10.40,10.45,13306620,151306144.00
2011/03/14,10.35,10.46,10.04,10.27,16559992,181435600.00
2011/03/15,10.19,10.23,9.82,10.09,11495650,123623144.00
2011/03/16,10.09,10.31,10.04,10.24,10050818,110068088.00
2011/03/17,10.12,10.14,9.85,9.87,6883664,73978272.00
2011/03/18,10.04,10.24,9.96,10.03,6698783,72667848.00
2011/03/21,10.02,10.31,10.02,10.21,8265477,90594416.00
2011/03/22,10.24,10.30,9.85,10.10,6252827,67537920.00
2011/03/23,10.10,10.25,9.96,10.18,5477161,59684372.00
2011/03/24,10.20,10.31,10.04,10.30,8262422,90492528.00
2011/03/25,10.29,10.43,10.25,10.36,11563239,128336320.00
2011/03/28,10.37,10.66,10.01,10.08,12345003,135986992.00
2011/03/29,10.04,10.22,9.57,9.62,14687096,154530656.00
2011/03/30,9.60,9.76,9.52,9.66,6599616,68727504.00
2011/03/31,9.70,9.86,9.52,9.52,5905308,61702532.00
2011/04/01,9.53,9.70,9.45,9.65,4870314,50416656.00
2011/04/06,9.65,9.80,9.54,9.72,4627697,48249176.00
2011/04/07,9.71,9.75,9.57,9.73,4399935,45876888.00
2011/04/08,9.74,9.97,9.69,9.91,8031165,85086832.00
2011/04/11,9.90,9.90,9.46,9.48,10777628,111914968.00
2011/04/12,9.49,9.53,9.31,9.40,6743412,68591592.00
2011/04/13,9.48,9.58,9.38,9.56,3962210,40693616.00
2011/04/14,9.57,9.66,9.50,9.57,4225983,43741528.00
2011/04/15,9.54,9.72,9.54,9.64,5748710,59878600.00
2011/04/18,9.64,9.64,9.42,9.48,6908687,70807528.00
2011/04/19,9.44,9.45,9.25,9.34,5049660,51025328.00
2011/04/20,9.30,9.43,9.30,9.40,4291135,43403400.00
2011/04/21,9.43,9.49,9.39,9.45,3798473,38747840.00
2011/04/22,9.47,9.52,9.34,9.44,6898761,70065560.00
2011/04/25,9.45,9.63,9.34,9.58,11807847,121258688.00
2011/04/26,9.54,9.67,9.21,9.49,8413620,86078960.00
2011/04/27,9.43,9.77,9.09,9.20,19982072,200813184.00
2011/04/28,9.18,9.21,8.34,8.52,15346920,145893296.00
2011/04/29,8.44,8.64,8.37,8.56,5928294,55018372.00
2011/05/03,8.58,8.62,8.48,8.61,2961971,27635120.00
2011/05/04,8.55,8.57,8.11,8.17,7280004,66072560.00
2011/05/05,8.17,8.28,8.15,8.24,2828105,25417476.00
2011/05/06,8.26,8.54,8.18,8.49,5225876,47860984.00
2011/05/09,8.48,8.51,8.31,8.39,4833839,44232896.00
2011/05/11,8.43,8.47,8.27,8.39,3747807,34225560.00
2011/05/12,8.31,8.32,8.19,8.21,3979691,35873960.00
2011/05/13,8.23,8.33,8.13,8.32,3080500,27644114.00
2011/05/16,8.29,8.35,8.17,8.20,3158211,28433430.00
2011/05/17,8.24,8.33,8.12,8.28,3236281,29100534.00
2011/05/18,8.27,8.43,8.23,8.36,3542412,32269990.00
2011/05/19,8.36,8.42,8.23,8.24,3643994,33045468.00
2011/05/20,8.24,8.27,8.14,8.17,2615596,23384862.00
2011/05/23,8.12,8.16,7.68,7.70,5338575,46154140.00
2011/05/24,7.71,7.73,7.48,7.69,2728460,22846032.00
2011/05/25,7.69,7.74,7.53,7.64,2237973,18813718.00
2011/05/26,7.64,7.74,7.55,7.57,2002413,16818308.00
2011/05/27,7.56,7.62,7.38,7.40,2278415,18880388.00
2011/05/30,7.32,7.45,7.31,7.37,2402644,19551608.00
2011/05/31,7.41,7.59,7.32,7.57,3303794,27130336.00
2011/06/01,7.50,7.91,7.50,7.82,7528758,63975744.00
2011/06/02,7.68,7.86,7.58,7.64,6135808,52033776.00
2011/06/03,7.71,7.80,7.63,7.73,1723758,14639066.00
2011/06/07,7.67,7.78,7.64,7.74,1504615,12739152.00
2011/06/08,7.74,7.74,7.55,7.70,1726231,14506338.00
2011/06/09,7.68,7.69,7.39,7.40,2323016,19313268.00
2011/06/10,7.39,7.49,7.32,7.48,2009351,16396470.00
2011/06/13,7.39,7.42,7.31,7.37,2223165,18028116.00
2011/06/14,7.37,7.52,7.36,7.49,2914547,23956068.00
2011/06/15,7.44,7.54,7.40,7.44,2393917,19700652.00
2011/06/16,7.34,7.66,7.31,7.34,3570160,29334424.00
2011/06/17,7.34,7.39,7.14,7.15,2749750,22066210.00
2011/06/20,7.05,7.18,6.98,7.02,2520004,19660600.00
2011/06/21,7.03,7.45,7.03,7.38,5044606,40603836.00
2011/06/22,7.38,7.54,7.24,7.37,4234405,34490464.00
2011/06/23,7.36,7.58,7.27,7.54,2991876,24646004.00
2011/06/24,7.54,7.73,7.46,7.66,4417703,37123824.00
2011/06/27,7.67,7.74,7.59,7.68,3401822,28682268.00
2011/06/28,7.69,7.89,7.54,7.86,5384795,45596844.00
2011/06/29,7.84,7.98,7.70,7.82,4578268,39161816.00
2011/06/30,7.83,7.88,7.78,7.82,6814021,58537388.00
2011/07/01,7.84,7.89,7.70,7.79,3590678,30298978.00
2011/07/04,7.84,8.10,7.84,8.07,6504732,56504404.00
2011/07/05,8.07,8.08,7.95,8.02,3314278,28733420.00
2011/07/06,8.02,8.02,7.85,7.95,2754311,23634852.00
2011/07/07,7.96,8.00,7.88,7.88,2693655,23166584.00
2011/07/08,7.89,7.93,7.72,7.79,3438874,29126444.00
2011/07/11,7.79,8.01,7.73,7.92,4416038,37804696.00
2011/07/12,7.84,7.87,7.74,7.77,3010095,25436584.00
2011/07/13,7.77,7.92,7.77,7.91,2545049,21697984.00
2011/07/14,7.91,7.96,7.82,7.94,2791310,23920064.00
2011/07/15,7.94,8.04,7.92,8.03,4052065,35107416.00
2011/07/18,8.04,8.08,7.94,7.97,3070439,26594452.00
2011/07/19,7.90,7.99,7.86,7.87,2570064,22024868.00
2011/07/20,7.91,8.05,7.85,8.04,3762855,32513464.00
2011/07/21,8.08,8.08,7.80,7.81,2900673,24874520.00
2011/07/22,7.85,7.87,7.73,7.74,3156041,26648284.00
2011/07/25,7.71,7.74,7.30,7.32,4040455,32924888.00
2011/07/26,7.32,7.79,7.32,7.77,10470858,86589056.00
2011/07/27,7.75,7.75,7.59,7.69,3898832,32474590.00
2011/07/28,7.61,7.68,7.50,7.56,2088362,17174862.00
2011/08/01,7.56,7.56,7.34,7.49,2177152,17681112.00
2011/08/02,7.48,7.48,7.36,7.45,1916138,15446151.00
2011/08/03,7.39,7.48,7.34,7.45,1523550,12333727.00
2011/08/04,7.49,7.54,7.45,7.53,1793787,14646596.00
2011/08/05,7.32,7.45,7.19,7.39,2543476,20359832.00
2011/08/08,7.33,7.33,6.72,6.82,3549896,27150132.00
2011/08/09,6.62,6.77,6.44,6.73,3230038,23456832.00
2011/08/10,6.84,6.98,6.80,6.84,3317554,24952812.00
2011/08/11,6.64,7.04,6.64,7.00,3129179,23680300.00
2011/08/12,7.04,7.09,6.98,7.05,4300832,33110756.00
2011/08/15,7.06,7.20,7.01,7.20,3704422,28889098.00
2011/08/16,7.19,7.25,7.08,7.18,2497647,19507616.00
2011/08/17,7.18,7.18,7.05,7.12,2423612,18802816.00
2011/08/18,7.08,7.31,7.02,7.21,3811005,29655632.00
2011/08/19,7.17,7.37,7.02,7.30,11341119,89514288.00
2011/08/22,7.29,7.33,6.93,6.95,8855304,69136728.00
2011/08/23,6.94,6.98,6.82,6.96,6214834,46910760.00
2011/08/24,7.01,7.07,6.86,6.87,6639545,50621832.00
2011/08/25,6.88,7.08,6.88,7.08,5914214,45455352.00
2011/08/26,7.05,7.12,7.02,7.04,6295233,48570932.00
2011/08/29,7.03,7.05,6.95,6.97,3219565,24650232.00
2011/08/30,7.04,7.08,6.91,6.91,6655164,50996712.00
2011/08/31,6.89,6.94,6.82,6.93,2627870,19792444.00
2011/09/01,6.95,6.98,6.71,6.76,5459998,41009168.00
2011/09/02,6.74,6.85,6.72,6.81,5112802,38197952.00
2011/09/05,6.73,6.86,6.69,6.72,3246604,24155002.00
2011/09/06,6.67,6.74,6.59,6.63,2382343,17422608.00
2011/09/07,6.69,6.89,6.68,6.86,4551917,33954328.00
2011/09/08,6.89,6.99,6.83,6.85,4237153,32134700.00
2011/09/09,6.88,6.94,6.80,6.89,3558480,26856600.00
2011/09/13,6.79,6.80,6.62,6.69,2820858,20738028.00
2011/09/14,6.71,6.84,6.63,6.84,2288196,16945090.00
2011/09/15,6.82,6.89,6.78,6.78,2241675,16811778.00
2011/09/16,6.82,6.88,6.79,6.82,2038419,15276020.00
2011/09/19,6.77,7.04,6.64,6.91,8758309,66223384.00
2011/09/20,6.86,7.12,6.80,7.08,6225324,47755892.00
2011/09/21,7.07,7.23,7.01,7.16,7051346,55149948.00
2011/09/22,7.10,7.11,6.89,6.92,4538894,34844016.00
2011/09/23,6.77,7.01,6.73,6.94,2880157,21729910.00
2011/09/26,6.94,6.98,6.74,6.80,1820869,13704773.00
2011/09/27,6.85,7.13,6.79,7.09,5905616,45157576.00
2011/09/28,7.08,7.22,7.01,7.04,6092599,47438676.00
2011/09/29,7.02,7.02,6.73,6.74,3510543,26300212.00
2011/09/30,6.76,6.81,6.59,6.74,1984632,14590706.00
2011/10/10,6.83,6.83,6.64,6.65,1520954,11191418.00
2011/10/11,6.78,6.88,6.56,6.65,2455051,18168044.00
2011/10/12,6.58,6.89,6.51,6.88,2436821,18139274.00
2011/10/13,6.86,7.01,6.83,7.01,3489400,26487012.00
2011/10/14,6.99,6.99,6.88,6.95,2483993,18859942.00
2011/10/17,6.98,7.03,6.88,6.97,1809469,13793899.00
2011/10/18,6.92,6.92,6.61,6.64,2508302,18605836.00
2011/10/19,6.68,6.70,6.60,6.66,1195180,8729378.00
2011/10/20,6.64,6.64,6.34,6.44,2306812,16393620.00
2011/10/21,6.44,6.48,6.34,6.36,1023925,7235443.00
2011/10/24,6.33,6.48,6.19,6.44,2555110,17951456.00
2011/10/25,6.43,6.64,6.39,6.59,2285814,16463013.00
2011/10/26,6.55,6.72,6.52,6.61,2170536,15851997.00
2011/10/27,6.60,6.71,6.59,6.61,1397731,10220981.00
2011/10/28,6.72,6.79,6.69,6.77,2131028,15768333.00
2011/10/31,6.64,6.79,6.60,6.75,3253877,23909992.00
2011/11/01,6.70,6.93,6.65,6.88,4574225,34254000.00
2011/11/02,6.73,6.89,6.65,6.87,3529985,26226692.00
2011/11/03,6.90,6.96,6.83,6.87,5462382,41333100.00
2011/11/04,6.91,7.02,6.83,6.98,3916441,29721108.00
2011/11/07,6.91,6.98,6.82,6.83,2649103,19993078.00
2011/11/08,6.83,6.89,6.73,6.75,2407635,17966594.00
2011/11/09,6.77,6.82,6.69,6.79,2570645,19054236.00
2011/11/10,6.73,6.83,6.68,6.69,2526147,18686728.00
2011/11/11,6.72,6.77,6.65,6.67,2705349,19909372.00
2011/11/14,6.72,6.88,6.71,6.88,9457622,70590752.00
2011/11/15,6.88,6.91,6.82,6.87,4901988,36888584.00
2011/11/16,6.87,6.89,6.59,6.61,5070555,37449592.00
2011/11/17,6.58,6.68,6.56,6.57,2199099,15985459.00
2011/11/18,6.56,6.78,6.45,6.54,4434118,32274428.00
2011/11/21,6.60,7.19,6.60,6.79,13650867,102840232.00
2011/11/22,6.69,6.71,6.43,6.44,8514302,61026408.00
2011/11/23,6.47,6.50,6.36,6.39,3631461,25694184.00
2011/11/24,6.27,6.40,6.25,6.39,2576773,17983264.00
2011/11/25,6.36,6.39,6.26,6.31,1980405,13813496.00
2011/11/28,6.54,6.74,6.37,6.48,10618291,76680272.00
2011/11/29,6.53,6.72,6.53,6.71,10216157,74544080.00
2011/11/30,6.65,6.68,6.31,6.38,5726652,40949112.00
2011/12/01,6.60,6.69,6.52,6.53,5631508,40913968.00
2011/12/02,6.49,6.49,6.31,6.36,3617917,25414720.00
2011/12/05,6.32,6.36,6.04,6.09,3175116,21712956.00
2011/12/06,6.11,6.25,6.05,6.20,3124021,21375514.00
2011/12/07,6.20,6.29,6.14,6.25,1239281,8543587.00
2011/12/08,6.24,6.37,6.17,6.32,2790067,19349408.00
2011/12/09,6.32,6.44,6.27,6.39,1893866,13252860.00
2011/12/12,6.42,6.59,6.30,6.34,2316128,16451768.00
2011/12/13,6.32,6.49,6.22,6.25,3314800,23195880.00
2011/12/14,6.25,6.25,6.01,6.06,2029998,13677424.00
2011/12/15,6.08,6.15,5.87,6.10,3420438,22936982.00
2011/12/16,6.06,6.33,6.06,6.31,2336884,15907268.00
2011/12/19,6.24,6.41,6.17,6.38,2452669,17120464.00
2011/12/20,6.33,6.42,6.22,6.25,1648056,11536604.00
2011/12/21,6.25,6.43,6.11,6.16,2026927,14164953.00
2011/12/22,6.12,6.17,5.89,6.03,1785119,11940568.00
2011/12/23,5.98,6.34,5.98,6.27,2718330,18717540.00
2011/12/26,6.27,6.39,6.19,6.30,1208503,8444030.00
2011/12/27,6.28,6.34,6.12,6.18,1017342,6995096.00
2011/12/28,6.22,6.22,6.05,6.16,1311357,8885016.00
2011/12/29,6.15,6.24,6.07,6.19,990661,6772229.00
2011/12/30,6.20,6.36,6.20,6.33,1776480,12358260.00
2012/01/04,6.37,6.39,5.94,6.03,3324648,22648984.00
2012/01/05,6.04,6.09,5.66,5.68,2960794,19328314.00
2012/01/06,5.67,5.68,5.44,5.62,3396584,21039160.00
2012/01/09,5.62,5.84,5.56,5.83,2755949,17664674.00
2012/01/10,5.84,6.14,5.76,6.11,5101341,34085656.00
2012/01/11,6.04,6.24,6.04,6.22,3553538,24212428.00
2012/01/12,6.13,6.23,6.08,6.11,2720934,18471694.00
2012/01/13,6.10,6.17,5.84,5.99,2302488,15372865.00
2012/01/16,5.97,6.02,5.78,5.80,1661857,10874504.00
2012/01/17,5.80,6.13,5.80,6.12,1953493,13004712.00
2012/01/18,6.14,6.19,6.01,6.08,2240841,15139383.00
2012/01/19,6.05,6.15,6.00,6.13,1922451,13015775.00
2012/01/20,6.15,6.25,6.10,6.18,1904502,13079357.00
2012/01/30,6.22,6.42,6.15,6.26,3042370,21180412.00
2012/01/31,6.26,6.27,6.15,6.26,869348,5976114.00
2012/02/01,6.23,6.28,6.15,6.15,1344693,9230296.00
2012/02/02,6.16,6.24,6.09,6.22,2497059,17035040.00
2012/02/03,6.23,6.25,6.13,6.22,3450407,23699442.00
2012/02/06,6.22,6.26,6.19,6.25,2142136,14751465.00
2012/02/07,6.21,6.21,6.09,6.13,1861522,12624930.00
2012/02/08,6.10,6.26,6.09,6.25,2903557,19869158.00
2012/02/09,6.24,6.35,6.22,6.28,2564622,17808012.00
2012/02/10,6.29,6.36,6.23,6.29,2915820,20272156.00
2012/02/13,6.22,6.34,6.19,6.30,2844549,19730768.00
2012/02/14,6.30,6.52,6.30,6.46,6771233,47968624.00
2012/02/15,6.44,6.52,6.39,6.48,2995880,21346770.00
2012/02/16,6.48,6.65,6.45,6.60,5603129,40623792.00
2012/02/17,6.60,6.76,6.59,6.66,4344192,31873924.00
2012/02/20,6.82,6.94,6.65,6.75,7789977,58384624.00
2012/02/21,6.76,6.89,6.65,6.83,3245858,24067306.00
2012/02/22,6.81,6.98,6.79,6.91,3940071,29839616.00
2012/02/23,6.88,7.09,6.86,7.06,4543502,34858096.00
2012/02/24,7.05,7.09,6.97,7.06,3665009,28182588.00
2012/02/27,7.12,7.35,7.12,7.15,7628332,60302952.00
2012/02/28,7.15,7.59,7.12,7.45,15649433,126617360.00
2012/02/29,7.46,7.69,7.39,7.57,8686537,71536040.00
2012/03/01,7.48,7.64,7.42,7.59,4848218,39863816.00
2012/03/02,7.58,7.63,7.42,7.62,7304113,59822040.00
2012/03/05,7.62,7.62,7.36,7.43,9149899,74234848.00
2012/03/06,7.41,7.54,7.37,7.44,5043233,40909800.00
2012/03/07,7.35,7.52,7.27,7.40,4157718,33561552.00
2012/03/08,7.43,7.50,7.31,7.49,5550307,44779856.00
2012/03/09,7.51,7.56,7.38,7.48,3542283,28702944.00
2012/03/12,7.49,7.49,7.33,7.43,4021974,32489668.00
2012/03/13,7.40,7.55,7.40,7.54,4110487,33504608.00
2012/03/14,7.55,7.60,7.05,7.07,10003093,80145344.00
2012/03/15,7.03,7.12,6.83,7.06,5235737,40178260.00
2012/03/16,7.09,7.25,6.95,7.10,4770090,37016852.00
2012/03/19,7.12,7.17,6.92,7.14,3687082,28474756.00
2012/03/20,7.12,7.12,6.94,6.97,3408795,26114192.00
2012/03/21,6.98,7.00,6.84,6.93,1893268,14348869.00
2012/03/22,7.03,7.16,6.99,7.14,2766146,21424824.00
2012/03/23,7.12,7.18,6.99,7.03,1613019,12484860.00
2012/03/26,7.01,7.25,6.95,7.23,2219490,17382590.00
2012/03/27,7.29,7.56,7.24,7.40,4392756,35663600.00
2012/03/28,7.36,7.44,7.09,7.16,2844469,22406406.00
2012/03/29,7.02,7.22,6.99,7.07,1706430,13267566.00
2012/03/30,7.14,7.17,6.57,6.85,6106021,45300780.00
2012/04/05,6.76,7.01,6.65,6.98,2819076,21276816.00
2012/04/06,6.97,7.14,6.84,7.01,1758428,13445414.00
2012/04/09,6.92,7.07,6.78,6.80,2632598,19826512.00
2012/04/10,6.76,6.84,6.36,6.60,5429399,39183468.00
2012/04/11,6.54,6.74,6.48,6.65,3767177,27507532.00
2012/04/12,6.67,6.82,6.63,6.80,3488750,25783052.00
2012/04/13,6.80,6.87,6.74,6.84,2925243,21844400.00
2012/04/16,6.83,6.93,6.71,6.83,3314933,24777922.00
2012/04/17,6.84,6.89,6.63,6.65,3238407,24081692.00
2012/04/18,6.70,6.89,6.64,6.87,4925871,36563036.00
2012/04/19,7.16,7.34,6.90,6.98,11920737,92765496.00
2012/04/20,6.92,7.05,6.87,6.99,5517657,42123980.00
2012/04/23,6.84,6.84,6.39,6.42,15101654,109078392.00
2012/04/24,6.40,6.44,6.14,6.28,7895085,54850768.00
2012/04/25,6.24,6.38,6.24,6.35,4835288,33790128.00
2012/04/26,6.36,6.42,6.22,6.25,6040632,41974288.00
2012/04/27,6.28,6.28,6.16,6.18,3359035,23132496.00
2012/05/02,6.26,6.38,6.20,6.29,5820777,40313324.00
2012/05/03,6.29,6.34,6.22,6.31,4472494,31060632.00
2012/05/04,6.34,6.39,6.31,6.37,4639311,32576378.00
2012/05/07,6.38,6.41,6.28,6.40,4386618,30721808.00
2012/05/08,6.38,6.40,6.31,6.36,3436913,24141700.00
2012/05/09,6.33,6.33,6.22,6.24,3876696,26811384.00
2012/05/10,6.23,6.24,6.14,6.19,3586101,24554238.00
2012/05/14,6.21,6.26,6.09,6.11,3912586,26658396.00
2012/05/15,6.09,6.09,5.91,6.06,2888395,19200724.00
2012/05/16,6.06,6.07,5.95,5.97,2244890,14964599.00
2012/05/17,5.97,6.08,5.96,6.07,2186702,14651090.00
2012/05/18,6.02,6.12,5.98,6.01,2472326,16575427.00
2012/05/21,6.01,6.10,5.99,6.07,2022098,13575489.00
2012/05/22,6.10,6.13,6.03,6.11,2456623,16581849.00
2012/05/23,6.11,6.15,5.97,6.03,2413798,16226563.00
2012/05/24,6.01,6.11,5.97,6.01,2079853,13936868.00
2012/05/25,6.01,6.03,5.83,5.88,2242756,14763817.00
2012/05/28,5.84,5.99,5.70,5.98,5206523,33762952.00
2012/05/29,6.00,6.19,5.96,6.14,6315269,42763116.00
2012/05/30,6.13,6.16,6.07,6.11,2126905,14406301.00
2012/05/31,6.08,6.17,6.03,6.13,3096651,21006436.00
2012/06/01,6.16,6.37,6.12,6.36,9187412,63671220.00
2012/06/04,6.26,6.45,6.21,6.28,6163112,42912272.00
2012/06/05,6.25,6.42,6.25,6.32,5483236,38531900.00
2012/06/06,6.32,6.38,6.09,6.14,3824358,26381806.00
2012/06/07,6.18,6.30,6.09,6.11,2919972,19992200.00
2012/06/08,6.19,6.21,5.98,6.01,2612292,17637626.00
2012/06/11,6.04,6.24,6.04,6.22,2613628,17796780.00
2012/06/12,6.22,6.25,6.14,6.15,1596963,10953539.00
2012/06/13,6.23,6.37,6.15,6.35,3770370,26249680.00
2012/06/14,6.44,6.49,6.24,6.28,4667846,32930544.00
2012/06/15,6.27,6.35,6.24,6.35,2814534,19635390.00
2012/06/18,6.35,6.44,6.26,6.30,2520908,17679496.00
2012/06/19,6.32,6.37,6.16,6.19,2355248,16277893.00
2012/06/20,6.15,6.21,6.11,6.14,1565553,10665791.00
2012/06/21,6.14,6.16,6.06,6.10,2069789,13994297.00
2012/06/25,6.09,6.13,6.02,6.11,2241336,15121693.00
2012/06/26,6.09,6.17,6.07,6.16,978578,6630529.00
2012/06/27,6.19,6.26,6.14,6.22,1405892,9657608.00
2012/06/28,6.24,6.25,5.95,6.01,2679041,18107228.00
2012/06/29,6.01,6.06,5.83,5.90,2580085,16876534.00
2012/07/03,5.79,5.88,5.69,5.86,4120881,26072456.00
2012/07/04,5.89,5.89,5.76,5.84,1993784,12709454.00
2012/07/05,5.82,5.82,5.65,5.69,1515792,9506324.00
2012/07/06,5.71,5.76,5.58,5.74,2073912,12917440.00
2012/07/09,5.74,5.74,5.50,5.55,1131932,6981531.00
2012/07/10,5.57,5.67,5.52,5.56,2156019,13259927.00
2012/07/11,5.68,5.71,5.59,5.64,1603868,9974155.00
2012/07/12,5.64,5.76,5.56,5.70,1938099,12096137.00
2012/07/13,5.69,5.78,5.69,5.75,1106622,6974895.00
2012/07/16,5.75,5.75,5.49,5.54,1809239,11086169.00
2012/07/17,5.54,5.64,5.45,5.59,1133823,6927295.00
2012/07/18,5.57,5.69,5.57,5.69,1077654,6681668.00
2012/07/19,5.70,5.86,5.69,5.77,2030765,12910364.00
2012/07/20,5.72,5.82,5.71,5.76,848035,5383180.00
2012/07/23,5.71,5.83,5.69,5.71,1103216,6942586.00
2012/07/24,5.70,5.82,5.70,5.76,1187139,7512048.00
2012/07/25,5.76,5.78,5.63,5.63,944291,5935467.00
2012/07/26,5.64,5.74,5.57,5.67,1229169,7659694.00
2012/07/27,5.71,5.71,5.60,5.66,1007082,6265762.00
2012/07/30,5.66,5.70,5.59,5.63,1026093,6372035.00
2012/07/31,5.61,5.68,5.50,5.50,1279846,7834084.00
2012/08/01,5.50,5.59,5.41,5.44,1972033,11925612.00
2012/08/02,5.40,5.44,5.30,5.35,2001732,11817457.00
2012/08/03,5.35,5.42,4.79,5.36,2434793,14324528.00
2012/08/06,5.29,5.47,5.27,5.44,2316987,13748616.00
2012/08/07,5.44,5.49,5.40,5.45,1606530,9638419.00
2012/08/08,5.45,5.46,5.24,5.34,1934295,11413362.00
2012/08/09,5.33,5.40,5.27,5.39,2012566,11851496.00
2012/08/10,5.38,5.48,5.34,5.47,2298152,13759260.00
2012/08/13,5.45,5.45,5.27,5.27,2320949,13734404.00
2012/08/14,5.26,5.30,5.19,5.23,1360439,7877050.00
2012/08/15,5.23,5.25,5.10,5.10,1258349,7185401.00
2012/08/16,5.10,5.18,5.01,5.04,1168615,6576840.00
2012/08/17,5.09,5.09,5.00,5.08,741559,4156025.00
2012/08/20,5.03,5.03,4.80,4.96,3041311,16614837.00
2012/08/21,4.95,5.01,4.90,4.99,2076700,11485661.00
2012/08/22,5.00,5.00,4.86,4.90,1801334,9865862.00
2012/08/23,4.92,4.97,4.79,4.85,6006542,32478132.00
2012/08/24,4.81,4.84,4.78,4.80,2525145,13544737.00
2012/08/27,4.75,4.78,4.66,4.69,2345946,12338643.00
2012/08/28,4.69,4.72,4.59,4.63,3355762,17461604.00
2012/08/29,4.62,4.64,4.56,4.62,1477562,7641066.00
2012/08/30,4.60,4.65,4.53,4.60,1695118,8742538.00
2012/08/31,4.61,4.69,4.56,4.61,1194752,6206308.00
2012/09/03,4.61,4.70,4.60,4.64,2089551,10884158.00
2012/09/04,4.68,4.69,4.56,4.57,1949568,10143465.00
2012/09/05,4.58,4.60,4.52,4.55,1600516,8184787.00
2012/09/06,4.55,4.69,4.55,4.66,2791473,14508252.00
2012/09/07,4.70,4.90,4.66,4.77,9774550,52195052.00
2012/09/10,4.76,4.83,4.73,4.81,5305566,28346516.00
2012/09/11,4.79,4.86,4.70,4.82,6070282,32514384.00
2012/09/12,4.80,4.88,4.79,4.85,5195486,27996102.00
2012/09/13,4.86,4.88,4.78,4.79,3271394,17599392.00
2012/09/14,4.84,4.85,4.74,4.80,2776303,14870366.00
2012/09/17,4.82,4.85,4.69,4.70,4134411,22024982.00
2012/09/18,4.70,4.70,4.57,4.61,3684663,19066768.00
2012/09/19,4.61,4.67,4.53,4.59,5823810,29902644.00
2012/09/20,4.57,4.58,4.39,4.39,2469149,12499730.00
2012/09/21,4.36,4.43,4.32,4.41,2558441,12647531.00
2012/09/24,4.37,4.59,4.35,4.51,3343318,16902320.00
2012/09/25,4.46,4.50,4.41,4.44,1384555,6956060.00
2012/09/26,4.44,4.46,4.24,4.25,1543686,7567985.00
2012/09/27,4.29,4.42,4.25,4.38,1671120,8220122.00
2012/09/28,4.34,4.50,4.34,4.48,2244698,11248933.00
2012/10/08,4.50,4.53,4.43,4.45,1433647,7204408.00
2012/10/09,4.45,4.60,4.45,4.60,2469728,12641329.00
2012/10/10,4.60,4.78,4.58,4.73,5578203,29458940.00
2012/10/11,4.85,4.95,4.71,4.72,7669736,41445324.00
2012/10/12,4.69,4.77,4.59,4.65,3653200,19099464.00
2012/10/15,4.64,4.65,4.50,4.55,2672359,13648928.00
2012/10/16,4.56,4.62,4.52,4.55,1971327,10113220.00
2012/10/17,4.56,4.58,4.43,4.50,3685267,18632238.00
2012/10/18,4.50,4.67,4.49,4.66,4407468,22788056.00
2012/10/19,4.66,4.73,4.63,4.65,2654117,13902875.00
2012/10/22,4.63,4.79,4.54,4.78,4060975,21387524.00
2012/10/23,4.77,4.95,4.72,4.81,8479897,46012728.00
2012/10/24,4.77,4.96,4.73,4.94,7136620,38744624.00
2012/10/25,4.94,5.01,4.71,4.75,6210009,33708472.00
2012/10/26,4.71,4.75,4.57,4.62,3052426,15901040.00
2012/10/29,4.71,5.14,4.69,5.14,14075761,79560968.00
2012/10/30,5.24,5.70,5.20,5.38,42795921,256761552.00
2012/10/31,5.28,5.28,5.04,5.18,17973658,102581904.00
2012/11/01,5.17,5.30,5.08,5.22,15305832,87924728.00
2012/11/02,5.16,5.54,5.09,5.45,20225869,119715016.00
2012/11/05,5.34,5.43,5.27,5.37,10313550,60947420.00
2012/11/06,5.35,5.35,5.07,5.21,8983963,51736536.00
2012/11/07,5.16,5.49,5.15,5.32,10540165,62385144.00
2012/11/08,5.22,5.91,5.15,5.66,23345768,143739120.00
2012/11/09,5.57,5.88,5.46,5.67,17420914,109317584.00
2012/11/12,5.65,5.74,5.47,5.60,9169493,56165140.00
2012/11/13,5.59,5.60,5.35,5.46,7743356,46468388.00
2012/11/14,5.42,5.50,5.24,5.40,6657654,39539164.00
2012/11/15,5.31,5.46,5.26,5.33,4774958,28190724.00
2012/11/16,5.28,5.40,5.26,5.34,3361838,19806828.00
2012/11/19,5.42,5.42,5.11,5.24,5585186,32313496.00
2012/11/20,5.22,5.28,5.10,5.13,3975856,22802804.00
2012/11/21,5.09,5.20,5.00,5.19,4354767,24626338.00
2012/11/22,5.17,5.17,5.04,5.05,3944306,22294408.00
2012/11/23,5.06,5.12,5.02,5.06,3361078,18937672.00
2012/11/26,5.06,5.44,4.95,5.43,11284147,65585072.00
2012/11/27,5.34,5.44,5.26,5.31,4978064,29340844.00
2012/11/28,5.26,5.39,4.98,5.02,3966009,22595094.00
2012/11/29,4.98,5.20,4.98,5.07,3261744,18449024.00
2012/11/30,5.10,5.19,4.99,5.16,3305625,18791738.00
2012/12/03,5.09,5.27,5.01,5.02,3551038,20169460.00
2012/12/04,4.97,5.12,4.74,5.04,6763335,36991456.00
2012/12/05,5.07,5.47,5.01,5.34,8663687,50772420.00
2012/12/06,5.29,5.39,5.19,5.30,5969847,34835120.00
2012/12/07,5.26,5.54,5.24,5.52,9929604,59426764.00
2012/12/10,5.52,5.59,5.38,5.50,10095722,61017156.00
2012/12/11,5.45,5.55,5.39,5.46,5803478,34896160.00
2012/12/12,5.40,5.62,5.39,5.58,5729777,34864164.00
2012/12/13,5.57,5.62,5.41,5.56,6428615,39077088.00
2012/12/14,5.47,5.82,5.47,5.72,8795901,55107724.00
2012/12/17,5.71,5.98,5.67,5.87,8340739,53365444.00
2012/12/18,5.85,5.94,5.74,5.78,5000816,32025058.00
2012/12/19,5.77,6.19,5.72,6.02,7628992,49766728.00
2012/12/20,5.99,6.00,5.83,5.91,6354852,41039844.00
2012/12/21,5.91,5.97,5.74,5.76,6089819,39044184.00
2012/12/24,5.76,6.06,5.74,6.02,12771165,83182120.00
2012/12/25,5.99,6.16,5.96,6.08,7081307,47055208.00
2012/12/26,6.10,6.36,6.08,6.26,9347442,63516656.00
2012/12/27,6.26,6.33,6.12,6.20,4919075,33209998.00
2012/12/28,6.20,6.27,6.10,6.21,3307492,22288540.00
2012/12/31,6.22,6.27,6.15,6.21,3416344,23154622.00
2013/01/04,6.25,6.28,5.96,6.03,4596462,30498006.00
2013/01/07,6.03,6.14,5.96,6.04,3698880,24326240.00
2013/01/08,5.99,6.26,5.99,6.18,5071656,34202392.00
2013/01/09,6.19,6.46,6.11,6.32,6520386,44692188.00
2013/01/10,6.30,6.35,6.20,6.34,4692725,32112636.00
2013/01/11,6.32,6.34,6.07,6.16,3572329,24105342.00
2013/01/14,6.14,6.42,6.05,6.37,5099181,34986864.00
2013/01/15,6.37,6.47,6.32,6.42,3838229,26748400.00
2013/01/16,6.40,6.44,6.14,6.27,3474608,23814340.00
2013/01/17,6.24,6.28,6.13,6.20,2537295,17145520.00
2013/01/18,6.26,6.48,6.21,6.46,4756560,33088722.00
2013/01/21,6.45,6.96,6.42,6.95,11332426,83153032.00
2013/01/22,6.94,7.10,6.85,7.02,7267431,54728192.00
2013/01/23,7.05,7.21,6.94,7.03,6723346,51542648.00
2013/01/24,6.98,7.23,6.74,6.82,7963251,59857080.00
2013/01/25,7.09,7.56,6.76,7.02,13975690,106878976.00
2013/01/28,6.93,7.32,6.84,7.21,10860598,83733112.00
2013/01/29,7.19,7.45,7.16,7.35,7888946,62454008.00
2013/01/30,7.40,7.41,7.17,7.32,5006965,39233088.00
2013/01/31,7.29,7.35,7.14,7.33,3179765,24819846.00
2013/02/01,7.34,7.52,7.21,7.42,6362798,50748576.00
2013/02/04,7.35,7.84,7.31,7.80,9900504,81271856.00
2013/02/05,7.66,7.83,7.53,7.70,6000195,49455504.00
2013/02/06,7.63,8.14,7.60,8.13,5909986,50156432.00
2013/02/07,8.04,8.44,8.00,8.11,7080378,61994128.00
2013/02/08,8.04,8.61,8.04,8.54,6287951,56496888.00
2013/02/18,8.58,8.74,8.39,8.44,5088896,46404408.00
2013/02/19,8.43,8.43,7.95,8.03,7786896,67460496.00
2013/02/20,8.03,8.37,7.97,8.28,3367789,29480042.00
2013/02/21,8.24,8.24,7.59,7.71,9674699,81231280.00
2013/02/22,7.65,7.76,7.34,7.41,7327980,59342280.00
2013/02/25,7.34,7.79,7.29,7.62,9101662,73385648.00
2013/02/26,7.56,7.98,7.48,7.73,5466756,45565800.00
2013/02/27,7.74,7.89,7.62,7.81,2319952,19222076.00
2013/02/28,7.83,7.97,7.70,7.89,3469539,29180386.00
2013/03/01,7.89,7.97,7.67,7.78,3856904,32200992.00
2013/03/04,7.74,7.74,7.22,7.36,6137654,48806404.00
2013/03/05,7.34,7.51,7.25,7.50,2472643,19767968.00
2013/03/06,7.52,7.99,7.52,7.92,8968666,75337672.00
2013/03/07,7.92,8.18,7.87,8.07,5988136,51387364.00
2013/03/08,8.00,8.22,7.78,7.90,3550605,30018072.00
2013/03/11,7.94,7.97,7.62,7.81,3126138,26076954.00
2013/03/12,7.77,7.82,7.38,7.40,2918212,23637498.00
2013/03/13,7.44,7.45,6.92,6.99,8430583,64286444.00
2013/03/14,6.98,7.19,6.98,7.04,5569711,42607372.00
2013/03/15,7.09,7.24,6.99,7.08,4319624,33092588.00
2013/03/18,6.94,6.94,6.66,6.71,5292951,38781112.00
2013/03/19,6.78,6.83,6.61,6.76,2705196,19631638.00
2013/03/20,6.76,7.12,6.73,7.09,5111370,38739512.00
2013/03/21,7.08,7.28,7.03,7.19,3507120,27075014.00
2013/03/22,7.18,7.24,7.12,7.17,1589651,12279873.00
2013/03/25,7.19,7.39,7.14,7.27,2250654,17586692.00
2013/03/26,7.25,7.38,7.07,7.23,2364003,18355240.00
2013/03/27,7.22,7.40,7.14,7.31,2543421,20095896.00
2013/03/28,7.24,7.24,6.84,6.85,3321800,25114628.00
2013/03/29,6.91,7.06,6.89,6.93,1399645,10535805.00
2013/04/01,6.89,7.11,6.86,7.05,1685882,12750152.00
2013/04/02,7.04,7.07,6.84,6.91,3661233,27472576.00
2013/04/03,6.89,6.94,6.62,6.74,1785537,13124418.00
2013/04/08,6.59,6.74,6.32,6.63,5499280,38767924.00
2013/04/09,6.61,6.96,6.61,6.85,4311498,31606716.00
2013/04/10,6.79,7.04,6.79,6.91,3309747,24885764.00
2013/04/11,6.92,7.39,6.92,7.29,4542407,35278400.00
2013/04/12,7.12,7.39,7.12,7.36,5496190,43171112.00
2013/04/15,7.29,7.48,7.14,7.20,2612051,20509774.00
2013/04/16,7.10,7.36,7.02,7.33,2849603,22248236.00
2013/04/17,7.36,7.67,7.25,7.39,5308416,42482944.00
2013/04/18,7.32,7.39,7.19,7.34,2111201,16637577.00
2013/04/19,7.35,7.52,7.24,7.44,4201417,33542714.00
2013/04/22,7.35,7.76,7.34,7.70,5384613,43742540.00
2013/04/23,7.70,7.79,7.44,7.49,4969536,40431736.00
2013/04/24,7.51,7.59,7.30,7.57,3804774,30431720.00
2013/04/25,7.49,7.69,7.47,7.57,4233016,34609980.00
2013/04/26,7.24,7.66,7.04,7.34,8460048,67683712.00
2013/05/02,7.24,7.46,7.14,7.42,2876347,22714616.00
2013/05/03,7.33,7.63,7.33,7.58,2674446,21649080.00
2013/05/06,7.63,7.97,7.56,7.86,6465345,54399612.00
2013/05/07,7.84,7.98,7.72,7.88,4846778,40674564.00
2013/05/08,7.89,8.13,7.83,8.02,5091105,43705864.00
2013/05/09,8.00,8.74,7.99,8.36,15075062,133685928.00
2013/05/10,8.59,8.99,8.54,8.56,11632138,107750984.00
2013/05/13,8.54,8.66,8.24,8.45,10311599,92925072.00
2013/05/14,8.62,8.79,8.15,8.54,8386060,76299304.00
2013/05/15,8.64,9.08,8.64,8.97,13726589,129524808.00
2013/05/16,8.74,9.56,8.74,9.52,12863903,126429792.00
2013/05/17,9.44,10.04,9.40,9.83,10823960,112163984.00
2013/05/20,9.86,9.99,9.44,9.91,9280704,95291384.00
2013/05/21,9.92,9.93,9.58,9.81,5976730,61602756.00
2013/05/22,9.83,9.88,9.34,9.35,9986424,100966400.00
2013/05/23,9.32,9.64,9.29,9.36,5200445,52039776.00
2013/05/24,9.33,9.59,8.97,9.30,5261779,51460984.00
2013/05/27,9.30,9.62,9.29,9.35,6923559,69289720.00
2013/05/28,9.59,9.81,9.49,9.79,8258360,84504768.00
2013/05/29,9.72,10.58,9.70,10.46,11942921,129905560.00
2013/05/30,10.37,10.85,10.32,10.46,7950996,88326336.00
2013/05/31,10.47,10.63,10.33,10.34,4887562,53589472.00
2013/06/03,10.32,10.58,10.22,10.42,3379919,36933480.00
2013/06/04,10.27,10.42,9.64,9.96,4274690,45082944.00
2013/06/05,9.97,10.20,9.65,10.12,2426085,25335132.00
2013/06/06,10.04,10.54,9.99,10.47,6217825,68162448.00
2013/06/07,10.52,10.58,9.65,9.90,6085393,64781904.00
2013/06/13,9.46,9.53,9.02,9.21,5233658,51405508.00
2013/06/14,9.10,9.48,9.09,9.42,4511973,44444524.00
2013/06/17,9.38,9.81,9.32,9.78,6171786,62782560.00
2013/06/18,9.78,10.08,9.70,9.75,2403808,25015132.00
2013/06/19,9.69,9.69,9.44,9.52,1783001,17945324.00
2013/06/20,9.51,9.51,9.09,9.10,3465762,34304676.00
2013/06/21,8.89,9.52,8.56,9.30,4697871,44346104.00
2013/06/24,9.29,9.42,8.59,8.79,1855380,17501904.00
2013/06/25,8.79,8.87,7.87,8.55,6325354,54278376.00
2013/06/26,8.55,8.64,8.24,8.42,3375056,29783776.00
2013/06/27,8.40,8.94,8.40,8.49,2678984,24379554.00
2013/06/28,8.49,8.95,8.49,8.94,8610970,79694512.00
2013/07/01,8.97,9.24,8.79,8.97,4106423,38991948.00
2013/07/02,8.95,9.37,8.79,9.28,3921767,37511748.00
2013/07/03,9.22,9.34,9.09,9.22,2158879,20719100.00
2013/07/04,9.09,9.35,9.07,9.17,2227190,21502564.00
2013/07/05,9.16,9.67,9.16,9.42,2312592,22648216.00
2013/07/08,9.34,9.67,9.09,9.54,3871674,38487548.00
2013/07/09,9.40,9.48,8.81,8.90,2477621,23548748.00
2013/07/10,8.90,8.98,8.25,8.68,6701528,59778756.00
2013/07/11,8.61,8.96,8.50,8.84,4113717,37692576.00
2013/07/12,8.80,8.82,8.49,8.50,2714776,24548392.00
2013/07/15,8.83,8.88,8.49,8.60,3352950,30416016.00
2013/07/16,8.62,8.81,8.40,8.77,3640843,32983754.00
2013/07/17,8.74,8.81,8.57,8.60,2256630,20465714.00
2013/07/18,8.60,8.63,8.39,8.48,1406846,12537537.00
2013/07/19,8.54,8.54,7.97,8.14,2077066,18086876.00
2013/07/22,8.09,8.24,8.00,8.16,2717715,23280528.00
2013/07/23,8.18,8.40,8.17,8.33,2061905,17963008.00
2013/07/24,8.31,8.58,8.29,8.56,3450924,30563056.00
2013/07/25,8.59,8.66,8.22,8.23,1818342,16011355.00
2013/07/26,8.11,8.28,7.99,8.13,1391612,11837224.00
2013/07/29,8.12,8.12,7.68,7.72,2072359,17102884.00
2013/07/30,7.77,7.79,7.42,7.52,3618121,28687728.00
2013/07/31,7.52,7.83,7.52,7.78,3556134,28968820.00
2013/08/01,7.79,8.06,7.79,8.01,2959143,24814928.00
2013/08/02,8.05,8.15,7.86,7.87,2170310,18381720.00
2013/08/05,7.87,7.94,7.59,7.91,7092173,57988364.00
2013/08/06,7.82,8.73,7.63,8.56,8713466,74109280.00
2013/08/07,8.38,8.42,8.14,8.20,5064757,44035264.00
2013/08/08,8.19,8.45,8.13,8.33,3546754,31018912.00
2013/08/09,8.24,8.41,8.09,8.25,1786514,15499509.00
2013/08/12,8.27,8.37,8.23,8.30,2738250,23829192.00
2013/08/13,8.25,8.37,8.24,8.33,1681797,14657936.00
2013/08/14,8.33,8.78,8.33,8.65,6398234,57811348.00
2013/08/15,8.62,8.79,8.35,8.40,3041613,27171116.00
2013/08/16,8.37,8.58,8.25,8.25,2870771,25336572.00
2013/08/19,8.12,8.42,8.10,8.35,1581533,13819464.00
2013/08/20,8.34,8.55,8.33,8.38,1845470,16336588.00
2013/08/21,8.34,8.44,8.19,8.23,2133848,18486306.00
2013/08/22,8.23,8.39,8.17,8.30,2270504,19727272.00
2013/08/23,8.37,8.44,7.90,8.08,2370516,20341380.00
2013/08/26,8.07,8.28,7.99,8.26,3242524,27773376.00
2013/08/27,8.29,8.36,8.19,8.31,3484022,30237964.00
2013/08/28,8.25,8.28,8.06,8.07,5074138,43310720.00
2013/08/29,8.01,8.13,7.82,7.85,3665405,30549676.00
2013/08/30,7.92,8.02,7.77,7.83,2741215,22802754.00
2013/09/02,7.89,7.98,7.69,7.94,2570087,21207272.00
2013/09/03,7.95,8.26,7.92,8.19,3588842,30718366.00
2013/09/04,8.16,8.36,8.16,8.25,2840008,24574498.00
2013/09/05,8.27,8.28,8.12,8.17,1456923,12517733.00
2013/09/06,8.22,8.60,8.00,8.58,5685280,49842932.00
2013/09/09,8.69,8.85,8.59,8.75,6478268,58942764.00
2013/09/10,8.74,8.77,8.53,8.76,3253859,29595176.00
2013/09/11,8.75,9.09,8.60,8.88,4628559,42908300.00
2013/09/12,8.89,8.89,8.66,8.67,2847267,26085268.00
2013/09/13,8.67,8.79,8.59,8.64,1625909,14732662.00
2013/09/16,8.69,8.87,8.68,8.78,2879528,26450352.00
2013/09/17,8.75,9.33,8.72,9.17,7297680,69163464.00
2013/09/18,9.33,9.47,8.97,9.19,3854094,36885128.00
2013/09/23,9.07,9.34,9.07,9.31,4764037,45834392.00
2013/09/24,9.24,9.34,9.09,9.20,3049051,29414584.00
2013/09/25,9.47,9.47,8.96,8.99,3015255,28933060.00
2013/09/26,8.91,9.24,8.79,8.95,4609634,43453408.00
2013/09/27,8.95,9.12,8.89,9.07,2753401,26061408.00
2013/09/30,9.06,9.34,8.99,9.14,4021200,38564528.00
2013/10/08,9.09,9.09,8.79,8.93,5155454,48021772.00
2013/10/09,8.89,8.89,8.67,8.73,4718495,43189412.00
2013/10/10,8.77,8.79,8.58,8.59,3072356,27890172.00
2013/10/11,8.63,8.81,8.56,8.78,2284801,20834712.00
2013/10/14,8.79,8.87,8.75,8.83,2173797,20040770.00
2013/10/15,8.86,8.95,8.77,8.84,5313329,49247620.00
2013/10/16,8.88,9.18,8.84,9.08,6475742,61173840.00
2013/10/17,9.14,9.28,9.07,9.19,4418802,42433320.00
2013/10/18,9.21,9.23,9.04,9.08,3510406,33573688.00
2013/10/21,9.13,9.34,8.94,9.33,3007827,28735046.00
2013/10/22,9.39,9.43,9.03,9.07,2303867,22092176.00
2013/10/23,9.05,9.14,8.57,8.59,3051542,28055840.00
2013/10/24,8.67,8.70,8.49,8.63,2189395,19699976.00
2013/10/25,8.59,8.60,8.16,8.33,2702444,23594128.00
2013/10/28,8.39,8.39,8.24,8.29,1036022,9019734.00
2013/10/29,8.38,8.40,7.83,8.03,1247492,10711192.00
2013/10/30,8.03,8.29,7.99,8.11,1037054,8859821.00
2013/10/31,8.07,8.26,8.07,8.13,885141,7593254.00
2013/11/01,8.22,8.36,8.18,8.27,1087230,9433506.00
2013/11/04,8.29,8.64,8.29,8.61,2726398,24286196.00
2013/11/05,8.62,8.69,8.52,8.63,1325247,11936798.00
2013/11/06,8.57,8.74,8.57,8.68,2048112,18573658.00
2013/11/07,8.65,8.90,8.63,8.81,3273396,30014916.00
2013/11/08,8.79,8.89,8.41,8.45,2921082,26439714.00
2013/11/11,8.43,8.75,8.39,8.70,1489466,13473279.00
2013/11/12,8.77,8.97,8.54,8.62,1846789,16820846.00
2013/11/13,8.59,8.59,8.27,8.35,1813237,15865936.00
2013/11/14,8.35,8.39,8.25,8.29,1434514,12472528.00
2013/11/15,8.37,8.52,8.29,8.32,1387712,12235201.00
2014/03/20,9.19,9.19,9.19,9.19,625203,6001949.00
2014/03/21,10.15,10.15,9.33,9.63,46722373,465582304.00
2014/03/24,9.46,9.77,9.12,9.43,25446014,247930112.00
2014/03/25,9.36,9.56,9.11,9.21,15719869,153570720.00
2014/03/26,9.26,10.02,9.21,9.68,25153538,253303056.00
2014/03/27,9.47,9.67,9.12,9.16,13186183,129149048.00
2014/03/28,9.16,9.27,8.53,8.55,13714064,126800016.00
2014/03/31,8.49,8.59,7.99,8.19,12601384,108039352.00
2014/04/01,8.09,8.22,8.02,8.15,8395224,71728112.00
2014/04/02,8.15,8.24,8.10,8.21,8387838,72156080.00
2014/04/03,8.22,8.55,8.15,8.38,8880982,78100432.00
2014/04/04,8.43,8.67,8.29,8.54,6101449,54674432.00
2014/04/08,8.49,8.64,8.32,8.56,7161871,63758100.00
2014/04/09,8.56,8.88,8.46,8.76,8102682,73373952.00
2014/04/10,8.76,8.96,8.74,8.82,6748168,62622320.00
2014/04/11,8.73,8.79,8.37,8.45,10822479,96512592.00
2014/04/14,8.41,8.60,8.41,8.48,6459705,57539856.00
2014/04/15,8.45,8.76,8.44,8.69,8350132,75925936.00
2014/04/16,8.65,8.97,8.61,8.95,7370795,68106936.00
2014/04/17,9.34,9.59,9.02,9.24,17886724,172955664.00
2014/04/18,9.22,9.45,9.11,9.27,7934990,77208544.00
2014/04/21,9.19,9.37,8.94,8.95,8425590,80127960.00
2014/04/22,8.90,9.08,8.77,9.02,5360262,50111544.00
2014/04/23,8.93,9.01,8.81,8.91,4882181,45498924.00
2014/04/24,8.91,8.99,8.78,8.79,2446924,22730016.00
2014/04/25,8.70,8.86,8.41,8.54,5770187,52273168.00
2014/04/28,8.52,8.52,8.13,8.19,4717822,41028860.00
2014/04/29,8.19,8.65,8.19,8.59,4789280,42338136.00
2014/04/30,8.64,8.67,8.43,8.49,3688898,32852832.00
2014/05/05,8.49,8.58,8.39,8.54,1599596,14286591.00
2014/05/06,8.55,8.66,8.49,8.55,2741303,24593748.00
2014/05/07,8.55,8.55,8.23,8.27,3226886,28167386.00
2014/05/08,8.25,8.43,8.08,8.14,5075373,44117560.00
2014/05/09,8.11,8.15,7.75,7.82,6280084,51949416.00
2014/05/12,7.88,8.03,7.67,7.99,5198129,43057088.00
2014/05/13,8.01,8.03,7.93,8.01,1804793,15123352.00
2014/05/14,8.00,8.16,7.94,8.01,2623876,22217244.00
2014/05/15,8.01,8.05,7.77,7.79,2110341,17566212.00
2014/05/16,7.83,7.83,7.66,7.78,2235456,18177752.00
2014/05/19,7.78,7.81,7.50,7.60,3265690,26191412.00
2014/05/20,7.63,7.71,7.36,7.47,5156064,40687192.00
2014/05/21,7.41,7.55,7.36,7.53,2579390,20386528.00
2014/05/22,7.53,7.65,7.50,7.57,3151965,25230690.00
2014/05/23,7.54,7.67,7.52,7.61,1981911,15873853.00
2014/05/26,7.75,7.96,7.72,7.80,5496931,45337672.00
2014/05/27,7.72,7.94,7.72,7.87,4412301,36492712.00
2014/05/28,7.87,8.35,7.78,8.08,6807833,57749688.00
2014/05/29,8.01,8.24,7.99,8.00,2861405,24351664.00
2014/05/30,8.01,8.05,7.94,7.98,1507020,12647116.00
2014/06/03,7.99,8.09,7.87,7.90,2033156,17074008.00
2014/06/04,7.89,7.89,7.59,7.67,3245022,26307552.00
2014/06/05,7.69,7.77,7.59,7.74,2271150,18390326.00
2014/06/06,7.75,7.75,7.61,7.68,1077244,8702904.00
2014/06/09,7.68,7.72,7.62,7.64,1785755,14429041.00
2014/06/10,7.67,7.70,7.59,7.66,1715494,13814125.00
2014/06/11,7.66,8.07,7.65,7.80,6620159,54562148.00
2014/06/12,7.84,8.06,7.75,7.97,3566378,29794324.00
2014/06/13,7.94,8.22,7.93,8.18,5575947,47645760.00
2014/06/16,8.16,8.20,8.01,8.08,3585173,30500924.00
2014/06/17,8.08,8.08,7.87,7.90,1878166,15695133.00
2014/06/18,7.91,8.01,7.73,7.77,2996382,24645596.00
2014/06/19,7.79,7.88,7.61,7.72,2181719,17859556.00
2014/06/20,7.69,7.82,7.68,7.78,1743800,14217023.00
2014/06/23,7.81,7.96,7.75,7.91,3182263,26362340.00
2014/06/24,7.94,7.94,7.79,7.88,2176918,18021208.00
2014/06/25,8.01,8.67,7.87,8.45,13331542,115969520.00
2014/06/26,8.32,8.69,8.32,8.51,6872929,61374176.00
2014/06/27,8.60,8.87,8.55,8.82,7667723,68628952.00
2014/06/30,8.84,8.84,8.65,8.74,4334243,38645636.00
2014/07/01,8.74,9.18,8.72,9.08,7723672,71176888.00
2014/07/02,9.14,9.72,9.10,9.65,14847073,144866192.00
2014/07/03,9.67,9.82,9.38,9.69,11004439,108424496.00
2014/07/04,9.64,9.71,9.42,9.55,11823687,115214528.00
2014/07/07,9.51,9.64,9.41,9.47,4660361,45531328.00
2014/07/08,9.47,10.17,9.29,10.03,13068222,131003048.00
2014/07/09,9.81,10.58,9.81,9.92,11179475,116363776.00
2014/07/10,9.92,10.61,9.79,10.54,12168696,128977664.00
2014/07/11,10.59,11.27,10.40,10.62,9759696,107413872.00
2014/07/14,10.67,11.24,10.67,11.05,8382466,94092488.00
2014/07/15,10.96,11.04,10.17,10.41,15393524,164897424.00
2014/07/16,10.26,10.59,10.11,10.28,6513421,68831712.00
2014/07/17,10.32,10.46,10.17,10.20,4105607,42941172.00
2014/07/18,10.24,10.44,10.13,10.37,3320812,35003900.00
2014/07/21,10.44,11.12,10.44,10.88,10336785,114377600.00
2014/07/22,10.98,11.38,10.90,11.11,9994054,113296856.00
2014/07/23,11.04,11.24,10.89,10.97,10069424,113378168.00
2014/07/24,10.90,11.24,10.66,10.89,8129083,90173992.00
2014/07/25,10.95,11.89,10.81,11.85,13606984,159634096.00
2014/07/28,11.89,12.14,11.54,11.83,9184880,110777264.00
2014/07/29,11.83,12.38,11.57,11.88,8339723,100776632.00
2014/07/30,11.79,12.18,11.71,11.82,4659051,56299332.00
2014/07/31,11.80,11.96,11.60,11.82,4915002,58882500.00
2014/08/01,11.80,11.80,11.34,11.35,6994936,82070208.00
2014/08/04,11.30,11.59,11.09,11.54,9183263,105928960.00
2014/08/05,11.54,11.59,11.17,11.28,7330057,84869496.00
2014/08/06,11.20,11.59,11.17,11.37,6340574,73708032.00
2014/08/07,11.34,11.67,11.23,11.49,6525294,76371384.00
2014/08/08,11.41,11.88,11.39,11.64,5462908,65087676.00
2014/08/11,11.58,12.21,11.42,12.06,6819036,82533160.00
2014/08/12,12.06,12.14,11.89,12.10,3737983,45724688.00
2014/08/13,12.07,12.13,11.61,11.69,6171501,74277336.00
2014/08/14,11.74,11.95,11.68,11.79,7114577,85324520.00
2014/08/15,11.78,11.78,11.44,11.64,3793304,44844896.00
2014/08/18,11.65,11.84,11.37,11.80,7244681,85296616.00
2014/08/19,11.75,11.99,11.58,11.92,6844607,81916248.00
2014/08/20,11.94,12.29,11.94,12.07,6601677,81236136.00
2014/08/21,11.97,12.06,11.67,11.70,3941922,47124136.00
2014/08/22,11.70,11.78,11.40,11.50,6046943,70758512.00
2014/08/25,11.49,11.51,11.07,11.16,10446440,119247624.00
2014/08/26,11.17,11.43,10.93,11.02,6876206,77858712.00
2014/08/27,11.01,11.12,10.96,11.01,2667471,29993100.00
2014/08/28,11.01,11.01,10.80,10.83,4107826,45566712.00
2014/08/29,10.89,11.11,10.67,11.08,5701132,62978680.00
2014/09/01,11.13,11.39,11.04,11.32,5016798,57464184.00
2014/09/02,11.32,11.32,10.97,11.23,10245214,116061024.00
2014/09/03,11.25,11.38,11.17,11.27,8054251,92422712.00
2014/09/04,11.20,11.29,11.01,11.09,6739544,76250504.00
2014/09/05,11.09,11.17,11.02,11.04,5704427,64339656.00
2014/09/09,11.06,11.64,11.04,11.62,14212595,164021872.00
2014/09/10,11.54,11.57,11.34,11.43,7250124,84339312.00
2014/09/11,11.44,11.46,10.99,11.11,9664565,110095536.00
2014/09/12,11.08,11.11,10.90,10.99,9507147,106359656.00
2014/09/15,10.98,11.21,10.93,11.20,6618060,74771480.00
2014/09/16,11.17,11.21,10.72,10.73,8107477,90434928.00
2014/09/17,10.73,10.74,10.42,10.56,5901701,63494124.00
2014/09/18,10.60,10.65,10.41,10.56,6381059,68409552.00
2014/09/19,10.51,10.61,10.43,10.59,5269333,56537712.00
2014/09/22,10.67,11.01,10.54,10.76,14801602,162735856.00
2014/09/23,10.76,11.29,10.69,11.25,11559468,129874608.00
2014/09/24,11.29,12.09,11.09,12.05,18383245,217994016.00
2014/09/25,12.02,12.79,11.80,12.07,12111840,150834448.00
2014/09/26,12.11,12.58,11.89,12.41,9747968,121481320.00
2014/09/29,12.43,12.69,12.20,12.38,6895657,87104304.00
2014/09/30,12.30,12.47,12.15,12.45,5755584,72185656.00
2014/10/08,12.48,12.56,12.33,12.47,4984789,62960360.00
2014/10/09,12.54,12.62,12.04,12.49,9544005,120031424.00
2014/10/10,12.35,12.43,11.99,12.09,6381329,79329992.00
2014/10/13,12.07,12.24,11.84,12.11,5039125,61593284.00
2014/10/14,12.09,12.41,12.06,12.22,5221857,64881584.00
2014/10/15,12.15,12.34,11.92,12.25,4667017,57502216.00
2014/10/16,12.18,12.20,11.91,12.01,3433829,42106516.00
2014/10/17,11.97,12.08,11.44,11.72,7506809,89244184.00
2014/10/20,11.62,12.18,11.54,12.12,5534488,66901120.00
2014/10/21,12.07,12.28,11.70,11.94,6083334,74020896.00
2014/10/22,11.92,12.33,11.82,11.98,8054467,99224832.00
2014/10/23,12.01,12.20,11.80,11.98,5285318,64616492.00
2014/10/24,12.01,12.41,11.85,12.35,7420191,92367432.00
2014/10/27,12.43,12.53,12.21,12.35,5123224,64359276.00
2014/10/28,12.37,12.62,12.27,12.61,5689428,71976800.00
2014/10/29,12.64,13.84,12.64,13.40,16373863,220046576.00
2014/10/30,13.36,13.65,13.15,13.24,9718651,132288560.00
2014/10/31,13.23,13.53,12.99,13.28,7333650,98459176.00
2014/11/03,13.74,13.74,13.18,13.37,7837784,106053248.00
2014/11/04,13.35,13.37,12.89,12.95,5928563,78691424.00
2014/11/05,12.84,13.00,12.67,12.95,4615404,60163280.00
2014/11/06,12.99,13.18,12.85,13.17,3450532,45602124.00
2014/11/07,13.17,13.29,12.39,12.55,7697592,101046160.00
2014/11/10,12.62,12.76,12.42,12.59,4876695,62372912.00
2014/11/11,12.59,12.82,12.20,12.38,7363136,93899568.00
2014/11/12,12.38,12.76,12.28,12.70,8092250,103255632.00
2014/11/13,12.70,12.97,12.43,12.84,4753744,61451252.00
2014/11/14,12.80,12.80,12.55,12.67,2488366,32064912.00
2014/11/17,12.67,12.89,12.67,12.69,3139562,40710208.00
2014/11/18,12.69,12.82,12.54,12.73,2624256,33863872.00
2014/11/19,12.64,12.76,12.59,12.59,2780631,35809420.00
2014/11/20,12.58,12.58,12.17,12.33,4021467,50280460.00
2014/11/21,12.27,12.39,12.02,12.37,3585238,44577596.00
2014/11/24,12.45,12.83,12.24,12.75,6003966,76464984.00
2014/11/25,12.65,12.88,12.58,12.75,6817000,88151256.00
2014/11/26,12.67,13.48,12.67,13.25,9437194,125977248.00
2014/11/27,13.27,13.40,12.85,13.10,6116140,81084424.00
2014/11/28,13.10,13.10,12.42,12.57,11626404,150063824.00
2014/12/01,12.58,12.62,12.19,12.34,9708977,122155776.00
2014/12/02,12.34,12.59,12.30,12.43,7350500,92962480.00
2014/12/03,12.46,12.58,12.37,12.55,7028961,89163616.00
2014/12/04,12.50,12.66,12.48,12.55,9875158,126073872.00
2014/12/05,12.56,12.66,11.65,12.02,12921159,159037280.00
2014/12/08,11.98,12.23,11.68,11.93,8474405,102914632.00
2014/12/09,11.90,12.47,11.74,12.09,11590181,142448480.00
2014/12/10,11.99,12.21,11.84,12.17,9624593,117779584.00
2014/12/11,12.16,12.39,12.03,12.38,7338895,91679936.00
2014/12/12,12.42,13.21,12.42,13.07,16502828,217606864.00
2014/12/15,13.00,13.15,12.72,13.09,8075913,106204088.00
2014/12/16,13.02,13.12,12.72,12.84,7411518,96878016.00
2014/12/17,12.85,12.99,12.50,12.69,9160969,118835024.00
2014/12/18,12.62,12.73,12.29,12.49,5390298,68749984.00
2014/12/19,12.34,12.44,12.02,12.16,6945480,86050880.00
2014/12/22,12.16,12.26,11.30,11.53,7786278,92394960.00
2014/12/23,11.54,11.79,11.39,11.56,5479665,64643980.00
2014/12/24,11.58,11.83,11.58,11.59,4766391,56707128.00
2014/12/25,11.62,11.87,11.57,11.66,5486365,65315508.00
2014/12/26,11.58,11.82,11.54,11.68,5583702,66324780.00
2014/12/29,11.68,11.73,11.29,11.48,10057923,117391592.00
2014/12/30,11.42,11.66,11.30,11.38,8439672,98743192.00
2014/12/31,11.40,11.78,11.29,11.71,5311160,62360120.00
2015/01/05,11.71,12.49,11.69,12.47,13070196,161011328.00
2015/01/06,12.42,12.86,12.16,12.47,8684409,110818432.00
2015/01/07,12.52,12.79,12.39,12.64,7177128,91805808.00
2015/01/08,12.68,12.78,12.50,12.66,7192944,92567952.00
2015/01/09,12.68,12.70,12.41,12.49,5293952,67572256.00
2015/01/12,12.38,12.63,12.24,12.54,5244213,66579452.00
2015/01/13,12.60,12.80,12.54,12.77,5818667,75227352.00
2015/01/14,12.59,12.69,12.44,12.49,3221946,41104720.00
2015/01/15,12.49,12.71,12.45,12.67,2807546,35929172.00
2015/01/16,12.65,12.90,12.50,12.85,4962766,64419844.00
2015/01/19,12.59,13.14,12.37,12.57,9366904,121491400.00
2015/01/20,12.71,13.11,12.56,13.09,6447053,84705808.00
2015/01/21,13.19,13.48,13.05,13.27,6696420,90458624.00
2015/01/22,13.19,14.62,13.19,14.62,18800296,276341184.00
2015/01/23,14.64,15.16,14.44,15.04,16949500,253453600.00
2015/01/26,14.91,15.38,14.64,15.32,10320216,156478240.00
2015/01/27,15.35,15.69,14.81,15.53,10070929,156696880.00
2015/01/28,15.19,15.61,14.84,15.21,9579479,148476272.00
2015/01/29,15.07,15.51,14.89,15.05,4750419,73356808.00
2015/01/30,15.04,15.25,14.74,14.80,3581643,54267988.00
2015/02/02,14.41,14.68,14.17,14.39,6466609,94353624.00
2015/02/03,14.46,15.03,14.45,14.89,3145094,46950432.00
2015/02/04,14.99,15.41,14.74,14.85,3796504,58270316.00
2015/02/05,14.89,14.99,14.34,14.50,3238942,47996552.00
2015/02/06,14.50,14.72,14.38,14.42,2213916,32711922.00
2015/02/09,14.42,15.19,14.42,14.49,2479656,37090624.00
2015/02/10,14.39,14.69,14.31,14.60,2395960,35335268.00
2015/02/11,14.74,15.09,14.55,15.03,3817550,57777144.00
2015/02/12,15.00,16.24,14.99,15.96,6392418,100649224.00
2015/02/13,15.96,16.41,15.64,15.93,6848975,111863032.00
2015/02/16,15.72,17.09,15.72,16.95,10512130,177597136.00
2015/02/17,17.24,18.67,17.09,18.17,16795200,307098016.00
2015/02/25,17.79,18.13,17.39,17.62,4861164,87116744.00
2015/02/26,17.52,17.79,16.99,17.22,4157676,73062904.00
2015/02/27,17.20,17.82,17.09,17.79,4460670,79137000.00
2015/03/02,18.02,18.56,17.31,17.60,5061145,91621400.00
2015/03/03,17.50,17.54,16.77,16.89,6574581,113484456.00
2015/03/04,16.99,17.23,16.54,17.05,5770193,98095776.00
2015/03/05,17.09,18.27,16.54,17.93,10876588,191080960.00
2015/03/06,17.60,17.79,16.81,16.96,5466941,94986320.00
2015/03/09,17.09,17.09,16.54,17.06,2725731,46299600.00
2015/03/10,17.24,18.41,17.15,18.38,13848057,252590640.00
2015/03/11,18.41,18.66,17.81,18.09,6430764,118866312.00
2015/03/12,17.64,17.79,17.34,17.71,4835709,85969552.00
2015/03/13,17.77,18.19,17.64,18.13,5085192,92165424.00
2015/03/16,18.29,18.54,17.79,18.24,8750865,160008288.00
2015/03/17,18.18,18.36,17.96,18.17,3966222,72641168.00
2015/03/18,18.27,18.31,17.63,17.97,10539351,190184352.00
2015/03/19,18.00,19.74,18.00,19.70,18580779,350228320.00
2015/03/20,19.45,20.45,19.10,20.22,9600042,191835968.00
2015/03/23,20.19,20.24,19.65,19.79,10174977,203633376.00
2015/03/24,19.79,19.79,18.79,19.46,6599604,129188680.00
2015/03/25,19.39,19.75,19.14,19.72,5082608,100409576.00
2015/03/26,19.79,19.79,18.98,19.08,4744640,92236480.00
2015/03/27,19.18,19.72,18.99,19.34,5376875,105516288.00
2015/03/30,19.19,19.71,19.09,19.67,5886242,115518640.00
2015/03/31,19.59,20.23,19.46,19.85,10125142,203949152.00
2015/04/01,19.88,21.59,19.88,20.83,10952845,232110944.00
2015/04/02,20.84,21.29,20.45,20.64,5573985,117175632.00
2015/04/03,20.69,20.86,20.49,20.80,3426000,71598544.00
2015/04/07,20.78,21.07,19.99,21.06,9963355,205522096.00
2015/04/08,20.79,20.99,20.20,20.65,7417512,153978080.00
2015/04/09,20.67,20.67,19.09,19.72,7506499,149646784.00
2015/04/10,19.72,19.91,19.33,19.74,8248220,163400512.00
2015/04/13,19.75,20.39,18.79,20.15,9911212,196339104.00
2015/04/14,20.02,20.06,19.58,19.79,7080005,141596464.00
2015/04/15,19.79,19.79,18.79,18.93,6456093,124719520.00
2015/04/16,18.69,19.89,17.88,19.55,8877314,170736960.00
2015/04/17,19.57,19.78,18.79,19.49,9018489,176945264.00
2015/04/20,19.29,19.29,18.59,18.67,8490926,161882256.00
2015/04/21,18.59,19.14,18.49,19.03,5485095,104898240.00
2015/04/22,19.11,19.87,19.10,19.68,7726813,152495872.00
2015/04/23,19.68,21.20,19.64,20.68,10313633,212640064.00
2015/04/24,20.47,20.89,19.74,20.20,7840249,161713536.00
2015/04/27,20.24,20.68,19.79,20.18,7128183,144851312.00
2015/04/28,20.20,20.47,19.66,19.89,6173567,124618768.00
2015/04/29,20.34,21.90,20.19,21.90,21214753,463600384.00
2015/04/30,22.56,23.81,21.89,22.96,17231342,400113504.00
2015/05/04,22.79,24.97,22.44,23.21,10293773,246564464.00
2015/05/05,23.19,23.21,21.79,22.31,7432631,168570288.00
2015/05/06,22.44,24.37,21.97,23.56,6679304,155938944.00
2015/05/07,23.54,24.67,23.03,24.44,10782520,260692768.00
2015/05/08,24.02,25.09,23.46,24.93,12265462,301094592.00
2015/05/11,24.93,25.58,24.09,25.46,11715921,291938368.00
2015/05/12,25.37,25.78,24.64,25.38,6801086,172056480.00
2015/05/13,25.02,25.09,23.89,24.58,6115052,151743744.00
2015/05/14,24.49,24.62,23.39,24.60,6512457,157232688.00
2015/05/15,24.63,25.07,24.07,24.40,5324619,132090640.00
2015/05/18,24.29,24.59,23.25,23.41,7655471,181782240.00
2015/05/19,23.69,24.19,23.14,23.87,4910200,117148232.00
2015/05/20,23.64,25.53,23.64,24.43,7320804,180872496.00
2015/05/21,24.06,25.54,23.99,25.46,7230343,183386336.00
2015/05/22,25.45,27.98,25.10,27.91,9759298,260889920.00
2015/05/25,27.59,29.96,26.83,28.87,11246076,326254784.00
2015/05/26,29.99,29.99,28.65,29.00,10597893,312831424.00
2015/05/27,29.68,29.84,28.28,28.95,9419980,276068512.00
2015/05/28,28.94,29.79,26.74,26.90,11051321,318330400.00
2015/05/29,26.29,27.29,24.89,26.72,8777215,233287536.00
2015/06/01,26.79,28.79,26.65,28.27,6597450,186056160.00
2015/06/02,28.39,30.91,28.00,30.49,8480243,252632400.00
2015/06/03,30.07,32.59,29.87,31.77,8432393,263702112.00
2015/06/04,31.38,31.79,28.94,31.06,5784034,176660768.00
2015/06/05,31.06,31.76,29.85,30.29,6475348,199197376.00
2015/06/08,30.29,30.29,28.80,29.23,5620186,165671392.00
2015/06/09,29.26,30.08,29.16,29.79,3954700,118150304.00
2015/06/10,29.79,29.79,28.99,29.28,5041152,148142624.00
2015/06/11,29.24,29.27,28.34,29.00,5956000,171941552.00
2015/06/12,29.29,29.82,28.80,29.22,8797659,259467040.00
2015/06/15,29.62,32.16,29.45,31.59,14746551,459158208.00
2015/06/16,31.56,32.04,29.44,30.94,10540192,325342464.00
2015/06/17,30.68,32.77,29.55,31.75,9892683,313425344.00
2015/06/18,31.58,33.94,30.79,33.07,10451996,345011936.00
2015/06/19,31.55,32.39,29.74,30.32,6185134,192423312.00
2015/06/23,30.44,30.45,27.29,29.71,6693444,194722832.00
2015/06/24,29.72,32.55,29.72,32.28,10732887,336486336.00
2015/06/25,31.84,32.78,29.03,29.34,8650410,269010304.00
2015/06/26,27.44,28.48,26.39,28.19,10747977,295811680.00
2015/06/29,28.59,28.59,25.35,25.35,9975336,262041200.00
2015/06/30,23.39,26.29,22.79,25.53,15747331,389527488.00
2015/07/01,25.44,26.80,23.09,23.72,10235018,263960608.00
2015/07/02,23.99,24.00,21.33,21.33,6880832,155299424.00
2015/07/03,19.79,21.32,19.18,19.57,8210423,162236528.00
2015/07/06,21.44,21.44,17.59,17.59,7306088,141047760.00
2015/07/07,16.49,16.49,15.81,15.81,1541500,24711948.00
2015/07/08,14.21,14.21,14.21,14.21,2675900,38586480.00
2015/07/09,12.77,15.65,12.77,15.65,40985865,585758848.00
2015/07/10,16.53,17.24,15.99,17.24,7296193,125938120.00
2015/07/13,18.14,18.99,18.14,18.99,10155011,193341552.00
2015/07/14,19.79,20.62,18.59,19.39,21449697,427365056.00
2015/07/15,18.86,19.80,17.43,17.47,15472978,287470208.00
2015/07/16,16.22,18.68,15.89,18.62,8224839,147702144.00
2015/07/17,18.60,20.44,18.60,20.39,9773981,194275872.00
2015/07/20,21.04,21.47,20.38,20.65,8450657,177964512.00
2015/07/21,20.39,22.74,19.99,22.74,8506554,190449136.00
2015/07/22,22.79,25.04,22.44,24.34,9345424,225500368.00
2015/08/05,22.28,25.75,22.00,22.91,12023575,280788800.00
2015/08/06,22.49,24.34,21.09,23.08,10657279,250773808.00
2015/08/07,22.59,23.74,22.32,23.59,8409510,195292000.00
2015/08/10,23.59,25.23,23.59,24.93,11057416,271634144.00
2015/08/11,24.77,26.77,24.29,25.08,7286175,187100224.00
2015/08/12,24.62,25.18,24.21,24.37,4051606,100363112.00
2015/08/13,24.37,24.65,23.50,24.55,4872503,118216000.00
2015/08/14,24.90,25.77,24.27,24.41,4821905,121712168.00
2015/08/17,24.29,25.18,23.39,25.10,5906918,143751040.00
2015/08/18,25.29,25.39,22.57,23.58,6855927,166194384.00
2015/08/19,22.42,24.77,21.37,24.58,6715575,159321120.00
2015/08/20,24.29,25.15,23.46,23.87,4896211,119604408.00
2015/08/21,23.55,23.57,21.46,21.46,7050915,154873632.00
2015/08/24,19.36,19.79,19.29,19.29,633300,12373234.00
2015/08/25,17.34,17.88,17.34,17.34,9719788,171535504.00
2015/08/26,17.37,17.58,15.59,16.51,10541852,174788288.00
2015/08/27,16.74,17.15,15.57,17.04,8353579,137905744.00
2015/08/28,16.99,18.46,16.80,18.44,6303881,112292536.00
2015/08/31,18.08,18.27,16.80,17.72,5308344,94225480.00
2015/09/01,17.17,17.17,15.93,15.93,5031963,81791880.00
2015/09/02,14.59,15.78,14.32,14.70,9534498,142665296.00
2015/09/07,14.74,15.94,14.74,15.21,5944535,93010240.00
2015/09/08,15.15,16.39,14.79,15.97,4114800,64250684.00
2015/09/09,16.14,17.59,16.07,17.23,7411783,126482080.00
2015/09/10,16.84,17.75,16.69,16.95,4263510,74105952.00
2015/09/11,16.95,17.14,16.29,16.64,3000900,50405896.00
2015/09/14,16.83,16.83,14.96,14.96,3414768,53802360.00
2015/09/15,14.70,14.70,13.44,13.44,8073397,112684208.00
2015/09/16,13.44,14.81,12.94,14.52,6613167,92701128.00
2015/09/17,14.49,15.22,14.09,14.19,6942144,103327208.00
2015/09/18,14.22,15.63,13.98,15.63,8217574,124375904.00
2015/09/21,15.47,16.44,15.09,16.11,7020690,113894400.00
2015/09/22,16.29,16.57,15.79,16.20,6713673,110515880.00
2015/09/23,15.91,16.93,15.70,16.20,3728566,62022904.00
2015/09/24,16.49,16.57,15.59,15.87,3639598,58823232.00
2015/09/25,15.87,15.87,14.37,15.15,4820400,74431304.00
2015/09/28,15.15,16.59,15.09,16.04,4576839,73436336.00
2015/09/29,15.67,16.78,15.40,16.38,6803870,112111592.00
2015/09/30,17.74,18.04,17.29,17.57,18056858,326953600.00
2015/10/08,17.43,18.35,17.34,17.87,19119812,345988128.00
2015/10/09,17.56,19.08,16.87,19.02,15260202,273787328.00
2015/10/12,18.59,19.72,18.42,19.29,13668850,263862400.00
2015/10/13,18.99,19.03,18.30,18.76,12059350,228096288.00
2015/10/14,18.59,18.59,17.81,18.13,9420558,173359392.00
2015/10/15,18.04,18.84,18.00,18.81,6892359,128570352.00
2015/10/16,18.86,19.27,18.31,18.93,6703888,126829264.00
2015/10/19,18.93,20.84,18.44,20.41,15304836,301141408.00
2015/10/20,20.45,20.49,19.55,19.95,9998591,201863456.00
2015/10/21,19.94,20.42,17.93,17.94,9551470,185547456.00
2015/10/22,17.99,18.65,17.66,18.49,7163697,132285944.00
2015/10/23,19.26,19.46,18.69,19.06,8547829,165012256.00
2015/10/26,19.45,20.10,18.90,19.76,15816589,314475744.00
2015/10/27,19.49,19.69,18.59,19.35,7638858,148256768.00
2015/10/28,20.49,21.31,20.19,21.31,50621212,1085439232.00
2015/10/29,21.79,21.79,20.41,20.98,26188691,562019520.00
2015/10/30,20.35,21.63,19.62,20.72,20461014,428191168.00
2015/11/02,19.64,20.30,19.47,19.51,14069939,280809920.00
2015/11/03,19.42,19.76,18.76,19.12,13562232,261016816.00
2015/11/04,19.30,20.30,19.17,20.19,18018184,356545792.00
2015/11/05,20.13,20.37,19.60,20.05,14968904,301926464.00
2015/11/06,20.53,20.54,19.99,20.26,11583192,236292480.00
2015/11/09,20.00,20.89,19.84,20.56,14941877,306785376.00
2015/11/10,20.45,20.89,20.32,20.69,11512125,239119920.00
2015/11/11,20.84,21.01,20.14,20.41,10690501,219926976.00
2015/11/12,20.40,20.40,19.79,20.06,10553560,213536224.00
2015/11/13,19.85,21.14,19.85,20.28,19435345,403694432.00
2015/11/16,19.94,21.00,19.86,20.97,13670134,283315904.00
2015/11/17,21.24,21.31,20.24,20.34,13473080,282740256.00
2015/11/18,20.45,20.52,19.49,19.69,7696353,155709376.00
2015/11/19,19.69,19.95,19.38,19.89,7586680,150752208.00
2015/11/20,19.92,19.98,19.59,19.86,8448940,168212528.00
2015/11/23,19.82,20.14,19.61,19.72,5578152,111687040.00
2015/11/24,19.66,20.47,19.38,20.43,9239258,185858080.00
2015/11/25,20.34,21.33,20.13,21.27,14641355,307354816.00
2015/11/26,21.43,21.52,20.84,20.96,10065613,214986272.00
2015/11/27,20.86,21.08,18.94,19.04,9801820,198810352.00
2015/11/30,19.32,19.32,17.85,18.74,6983148,131284832.00
2015/12/01,18.84,19.11,18.54,18.78,5309199,100952096.00
2015/12/02,18.96,19.13,18.49,19.02,4265356,81134312.00
2015/12/03,18.94,19.23,18.86,19.20,5127511,98358400.00
2015/12/04,19.04,19.44,18.72,18.89,4598629,88319504.00
2015/12/07,18.99,19.07,18.77,18.99,3425369,65423936.00
2015/12/08,18.92,18.92,18.09,18.22,3845663,71989328.00
2015/12/09,18.20,18.42,17.79,17.86,4957269,90449360.00
2015/12/10,17.97,18.03,17.51,17.57,4139888,74371888.00
2015/12/11,17.44,17.63,17.15,17.51,3839488,67462288.00
2015/12/14,17.36,17.93,17.32,17.93,4603341,81994736.00
2015/12/15,18.05,18.23,17.85,17.96,3375711,61298184.00
2015/12/16,18.05,18.36,17.96,18.09,2944776,53992980.00
2015/12/17,18.02,18.54,18.02,18.53,3870866,71936856.00
2015/12/18,18.42,18.72,18.07,18.37,3888518,72080736.00
2015/12/21,18.34,18.79,18.24,18.71,6408563,120157096.00
2015/12/22,18.63,18.81,18.37,18.57,3890688,72733640.00
2015/12/23,18.68,18.68,18.36,18.49,5436686,101275768.00
2015/12/24,18.30,18.52,18.24,18.33,4264971,79025936.00
2015/12/25,18.32,18.50,18.29,18.38,3970100,73730880.00
2015/12/28,18.47,18.73,18.20,18.38,7516945,139551152.00
2015/12/29,18.38,18.74,18.25,18.72,5651331,105346016.00
2015/12/30,18.83,19.09,18.59,18.64,3507510,66320052.00
2015/12/31,18.79,19.23,18.59,19.03,9998505,191898384.00
2016/01/04,19.13,19.13,17.65,17.78,9311067,170530688.00
2016/01/05,17.14,18.54,16.75,18.32,6623665,119057456.00
2016/01/06,18.35,19.76,18.12,19.43,8476204,163861776.00
2016/01/07,19.17,19.17,17.47,17.54,1217600,22542130.00
2016/01/08,18.09,18.87,16.60,18.43,8277287,152076048.00
2016/01/11,17.83,18.02,16.70,17.44,8512472,149116080.00
2016/01/12,17.34,17.49,16.44,16.65,5338798,90889352.00
2016/01/13,16.72,16.99,15.44,15.52,4936204,80201688.00
2016/01/14,14.74,16.26,14.32,15.94,3337966,52015824.00
2016/01/15,15.84,16.14,14.80,14.87,3985848,61900584.00
2016/01/18,14.42,15.44,14.33,15.22,4566047,69640784.00
2016/01/19,15.79,16.32,15.72,16.10,6551493,106008992.00
2016/01/20,15.89,16.39,15.80,15.90,3622858,58727048.00
2016/01/21,15.64,16.09,14.84,14.85,3636784,56936576.00
2016/01/22,15.19,15.19,14.17,14.86,4768457,70641696.00
2016/01/25,14.94,15.71,14.64,15.51,3483147,53521944.00
2016/01/26,15.04,15.44,14.19,14.25,3314246,49816856.00
2016/01/27,14.53,14.59,13.45,14.35,3410692,48538796.00
2016/01/28,14.32,14.46,13.49,13.78,2818704,39911116.00
2016/01/29,13.64,14.50,13.64,14.28,3839970,55018108.00
2016/02/01,14.39,14.48,13.67,13.93,3204837,45571904.00
2016/02/02,13.92,14.54,13.89,14.36,3313768,48077624.00
2016/02/03,14.34,14.61,14.00,14.52,2423739,34952168.00
2016/02/04,14.52,14.99,14.41,14.80,3097127,46355328.00
2016/02/05,14.94,15.19,14.64,14.92,2412707,36570612.00
2016/02/15,14.54,14.92,14.49,14.77,2239564,33158874.00
2016/02/16,14.82,15.34,14.82,15.28,3782808,57916924.00
2016/02/17,15.23,15.53,15.03,15.44,3166542,49082932.00
2016/02/18,15.49,15.61,14.94,15.05,4373798,66995536.00
2016/02/19,15.07,15.24,15.01,15.08,2151638,32880570.00
2016/02/22,15.20,15.89,15.20,15.46,5578639,87536904.00
2016/02/23,15.46,15.58,14.94,15.26,3528435,54457152.00
2016/02/24,15.28,15.93,15.08,15.90,5679692,88903248.00
2016/02/25,15.90,16.23,14.59,15.02,8846530,140704976.00
2016/02/26,14.96,15.17,14.34,14.86,3447104,51673528.00
2016/02/29,14.84,14.84,13.36,13.48,4443118,61861928.00
2016/03/01,13.49,13.69,12.75,13.36,7587989,102093904.00
2016/03/02,13.43,14.02,13.30,13.94,8610269,119218216.00
2016/03/03,13.79,14.22,13.79,13.96,5350122,75880016.00
2016/03/04,13.92,14.16,13.21,13.40,5850259,81732768.00
2016/03/07,13.47,13.89,13.43,13.56,4452645,61551588.00
2016/03/08,13.64,13.79,12.86,13.66,4853355,65742340.00
2016/03/09,13.41,13.69,13.19,13.53,3347664,45842212.00
2016/03/10,13.52,13.64,13.24,13.26,2707711,36716196.00
2016/03/11,13.12,13.37,13.12,13.33,1863270,24993498.00
2016/03/14,13.52,13.89,13.46,13.75,3771112,52443780.00
2016/03/15,13.68,13.93,13.57,13.73,3394584,47382348.00
2016/03/16,13.79,13.83,13.44,13.48,3101833,42640812.00
2016/03/17,13.51,13.79,13.38,13.78,7812555,107787616.00
2016/03/18,13.77,14.74,13.73,14.70,10414471,151095824.00
2016/03/21,14.88,15.11,14.54,14.94,10461513,156394528.00
2016/03/22,14.81,14.90,14.61,14.72,5414622,80831856.00
2016/03/23,14.89,15.34,14.64,15.00,7133826,108441360.00
2016/03/24,14.89,15.18,14.48,14.49,5875580,87750424.00
2016/03/25,14.43,15.01,14.32,14.93,7198714,106276752.00
2016/03/28,14.87,15.09,14.34,14.46,5811931,86959776.00
2016/03/29,14.49,14.54,14.14,14.18,4366972,63275032.00
2016/03/30,14.33,14.71,14.20,14.66,13708288,200016384.00
2016/03/31,14.68,14.78,14.26,14.61,15764205,231900208.00
2016/04/01,14.29,14.50,13.92,14.15,10647999,152525312.00
2016/04/05,14.34,14.79,14.18,14.70,11122953,163633744.00
2016/04/06,14.74,15.00,14.57,14.85,12575734,188548912.00
2016/04/07,14.85,15.08,14.45,14.46,14332081,212780464.00
2016/04/08,14.46,14.57,13.88,14.17,13143725,188075056.00
2016/04/11,14.13,14.47,14.13,14.30,12799356,185144288.00
2016/04/12,14.34,14.50,14.13,14.36,11763046,170104368.00
2016/04/13,14.49,14.90,14.35,14.64,17827584,264527824.00
2016/04/14,14.75,14.90,14.60,14.88,12207607,182338240.00
2016/04/15,14.87,14.89,14.65,14.81,7753337,115641168.00
2016/04/18,14.68,14.75,14.34,14.46,7786098,114142640.00
2016/04/19,14.60,15.19,14.42,14.70,17892953,267849024.00
2016/04/20,14.79,15.08,13.55,13.94,16907064,245774480.00
2016/04/21,13.81,14.21,13.70,13.72,9676633,136399632.00
2016/04/22,13.64,13.92,13.51,13.91,6541609,90990584.00
2016/04/25,13.84,13.93,13.51,13.60,7396511,101986376.00
2016/04/26,13.63,13.85,13.59,13.83,5974517,82827032.00
2016/04/27,13.83,14.00,13.66,13.68,5836234,81601128.00
2016/04/28,13.69,14.08,13.52,13.97,6398111,89184112.00
2016/04/29,13.85,14.21,13.85,13.97,8286107,117449808.00
2016/05/03,13.84,14.16,13.52,14.15,16704389,234919440.00
2016/05/04,14.01,14.17,13.90,13.99,10231763,145149728.00
2016/05/05,13.72,14.29,13.72,14.25,16277273,229988224.00
2016/05/06,14.24,14.69,14.06,14.27,25155375,365738848.00
2016/05/09,14.22,14.54,13.55,13.79,18348382,259617904.00
2016/05/10,13.59,13.78,12.99,13.23,13656011,183912784.00
2016/05/11,13.29,13.39,12.99,13.01,12239925,163527344.00
2016/05/12,12.64,13.17,12.55,13.13,8841154,115491456.00
2016/05/13,13.02,13.23,12.83,12.85,6784700,89386048.00
2016/05/16,12.69,13.02,12.64,12.99,8496596,110502912.00
2016/05/17,12.94,13.10,12.85,12.87,6433084,84569440.00
2016/05/18,12.83,12.89,12.34,12.52,6786770,86698688.00
2016/05/19,12.48,12.84,12.48,12.51,5845408,74711808.00
2016/05/20,12.44,12.80,12.38,12.67,5517777,70539616.00
2016/05/23,12.68,12.82,12.64,12.79,5609046,72328376.00
2016/05/24,12.85,13.33,12.83,12.84,12275092,162110496.00
2016/05/25,12.87,12.96,12.71,12.72,7151468,92973912.00
2016/05/26,12.69,12.76,12.37,12.71,6493017,82589880.00
2016/05/27,12.65,12.76,12.54,12.63,4711156,60342528.00
2016/05/30,12.54,12.73,12.46,12.65,4450077,56960348.00
2016/05/31,12.66,13.14,12.66,13.12,8887594,116993872.00
2016/06/01,13.36,13.44,13.13,13.14,12028905,161714656.00
2016/06/02,13.14,13.32,13.09,13.17,8082810,107829472.00
2016/06/03,13.21,13.47,13.13,13.25,8943219,120356408.00
2016/06/06,13.35,13.35,13.09,13.25,6614180,87179312.00
2016/06/07,13.17,13.32,13.12,13.25,6046719,80096080.00
2016/06/08,13.35,13.52,13.22,13.24,8934257,119033424.00
2016/06/13,13.03,13.23,12.53,12.55,9298418,120295632.00
2016/06/14,12.55,12.66,12.43,12.57,3790382,47503192.00
2016/06/15,12.42,13.83,12.42,13.83,31531277,431028640.00
2016/06/16,14.30,15.21,14.30,14.80,61729582,909392960.00
2016/06/17,14.69,15.47,14.61,15.11,39063811,586839936.00
2016/06/20,14.85,14.98,14.61,14.84,21052767,310867776.00
2016/06/21,14.95,15.28,14.32,14.51,22792426,338162432.00
2016/06/22,14.52,15.12,14.26,15.06,17501044,257916416.00
2016/06/23,14.99,15.06,14.58,14.81,12959400,192391744.00
2016/06/24,14.99,14.99,13.97,14.44,15039043,218339344.00
2016/06/27,14.24,15.00,14.20,14.88,14770569,218279696.00
2016/06/28,14.75,15.42,14.66,15.04,26181291,395325376.00
2016/06/29,15.04,15.08,14.60,14.75,15082042,223311712.00
2016/06/30,14.87,15.08,14.56,14.73,15293002,226397280.00
2016/07/01,14.67,14.78,14.32,14.42,13340775,193465024.00
2016/07/04,14.33,14.74,14.31,14.66,10631456,155219360.00
2016/07/05,14.67,14.88,14.40,14.79,13822160,202660288.00
2016/07/06,14.70,14.97,14.64,14.78,11039055,163713600.00
2016/07/07,14.58,15.32,14.45,15.04,26503696,396708928.00
2016/07/08,14.94,15.03,14.44,14.47,24204500,354018720.00
2016/07/11,14.38,14.70,14.37,14.49,11529586,167853984.00
2016/07/12,14.41,14.63,14.19,14.57,14301853,206827584.00
2016/07/13,14.65,14.67,14.50,14.56,11390862,165955984.00
2016/07/14,14.56,14.56,14.29,14.43,10070245,145419664.00
2016/07/15,14.48,14.80,14.43,14.70,15640539,228887760.00
2016/07/18,14.68,14.77,14.40,14.56,8864347,128857024.00
2016/07/19,14.52,14.60,14.18,14.41,12031285,172506400.00
2016/07/20,14.40,14.53,14.31,14.36,6933377,99892232.00
2016/07/21,14.36,14.47,14.27,14.32,7790648,111922712.00
2016/07/22,14.28,14.34,13.99,14.01,9629572,136142160.00
2016/07/25,14.02,14.12,13.91,14.11,6719207,94286904.00
2016/07/26,14.12,14.42,14.05,14.33,8762019,125049368.00
2016/07/27,14.33,14.42,13.30,13.51,14264167,197041952.00
2016/07/28,13.51,13.88,13.37,13.78,11158566,152915136.00
2016/07/29,13.80,13.94,13.42,13.46,9047395,123728488.00
2016/08/01,13.40,13.40,13.01,13.11,7963615,105093856.00
2016/08/02,13.15,13.25,13.00,13.24,5642708,74169440.00
2016/08/03,13.19,13.38,13.15,13.28,4410422,58517016.00
2016/08/04,13.28,13.40,13.17,13.38,4817078,64094348.00
2016/08/05,13.25,13.40,13.23,13.28,4664992,62056508.00
2016/08/08,13.18,13.45,13.08,13.44,4903187,65200764.00
2016/08/09,13.43,13.59,13.39,13.53,4754480,64073996.00
2016/08/10,13.53,13.59,13.35,13.39,3822633,51378664.00
2016/08/11,13.40,13.42,13.15,13.18,5274580,69891144.00
2016/08/12,13.13,13.38,13.13,13.38,5673263,75102008.00
2016/08/15,13.37,13.72,13.35,13.65,7754312,105189144.00
2016/08/16,13.68,13.75,13.61,13.64,5917172,80895024.00
2016/08/17,13.69,13.69,13.52,13.66,5367402,73010240.00
2016/08/18,13.62,13.74,13.55,13.60,4412400,60094148.00
2016/08/19,13.60,13.64,13.40,13.56,5146670,69530328.00
2016/08/22,13.56,13.61,13.38,13.42,5021568,67788096.00
2016/08/23,13.42,13.45,13.33,13.40,5650362,75649448.00
2016/08/24,13.42,13.49,13.35,13.39,4181237,56049536.00
2016/08/25,13.36,13.37,13.09,13.26,6413301,84505592.00
2016/08/26,13.30,13.51,13.27,13.36,5792816,77649672.00
2016/08/29,13.36,13.36,13.19,13.33,4244750,56329520.00
2016/08/30,13.32,13.57,13.32,13.44,5901561,79455408.00
2016/08/31,13.40,13.53,13.33,13.52,5077173,68166800.00
2016/09/01,13.49,13.53,13.33,13.34,4734467,63478192.00
2016/09/02,13.33,13.47,13.28,13.36,3756619,50193448.00
2016/09/05,13.30,13.43,13.24,13.29,3688824,49188268.00
2016/09/06,13.30,13.62,13.14,13.61,10169626,136205024.00
2016/09/07,13.60,14.00,13.52,13.66,14925730,205547712.00
2016/09/08,13.61,13.66,13.48,13.60,8461403,114663872.00
2016/09/09,12.71,12.98,12.51,12.58,50748440,643823872.00
2016/09/12,12.15,12.23,12.01,12.02,23628081,286181024.00
2016/09/13,12.08,12.34,12.06,12.26,10461165,127240832.00
2016/09/14,12.17,12.19,12.02,12.06,7298193,88317704.00
2016/09/19,12.04,12.06,11.74,11.95,16547615,196447856.00
2016/09/20,11.90,11.96,11.83,11.93,7350309,87266184.00
2016/09/21,11.90,11.90,11.80,11.84,8476302,100448488.00
2016/09/22,11.88,11.93,11.83,11.87,6670914,79176672.00
2016/09/23,11.89,12.09,11.82,12.00,12250292,147036944.00
2016/09/26,11.96,11.96,11.64,11.66,7995631,94421488.00
2016/09/27,11.60,11.74,11.57,11.74,4756015,55463916.00
2016/09/28,11.75,11.75,11.58,11.63,6257177,72806256.00
2016/09/29,11.65,11.70,11.60,11.64,4276297,49805620.00
2016/09/30,11.63,11.69,11.60,11.66,4302648,50148532.00
2016/10/10,11.69,11.94,11.67,11.93,8693573,102918544.00
2016/10/11,11.88,12.00,11.82,11.99,11428429,135736784.00
2016/10/12,11.92,11.96,11.80,11.87,7068406,83918656.00
2016/10/13,11.84,11.95,11.82,11.86,5964997,70818072.00
2016/10/14,11.82,11.87,11.71,11.84,8736985,102993408.00
2016/10/17,11.82,11.85,11.71,11.72,6353164,74847096.00
2016/10/18,11.67,12.20,11.67,12.17,22825701,274586112.00
2016/10/19,12.13,12.18,11.97,12.07,13330242,160982464.00
2016/10/20,12.02,12.78,12.02,12.45,27255930,340167584.00
2016/10/21,12.41,12.73,12.34,12.65,19085400,240018128.00
2016/10/24,12.60,12.79,12.46,12.64,11300086,142755056.00
2016/10/25,12.63,12.69,12.49,12.64,6673168,83946816.00
2016/10/26,12.61,12.61,12.30,12.45,7895708,98129968.00
2016/10/27,12.45,12.84,12.39,12.79,11444835,144791648.00
2016/10/28,12.76,12.85,12.49,12.51,7531934,95164440.00
2016/10/31,12.40,12.96,12.39,12.85,14365691,183379344.00
2016/11/01,12.82,12.95,12.76,12.86,8373917,107446552.00
2016/11/02,12.86,13.12,12.64,12.66,9607139,123508208.00
2016/11/03,12.60,12.98,12.50,12.76,7721135,98060752.00
2016/11/04,12.78,13.12,12.67,13.05,11166944,144746752.00
2016/11/07,13.08,13.58,12.91,13.15,15302620,203684592.00
2016/11/08,13.08,13.48,13.08,13.30,9943301,132568248.00
2016/11/09,13.21,13.65,13.04,13.45,11396393,152183296.00
2016/11/10,13.45,13.72,13.29,13.50,6732602,90525144.00
2016/11/11,13.41,13.41,12.91,12.99,13540255,177238800.00
2016/11/14,12.92,13.07,12.77,12.87,10098043,129879856.00
2016/11/15,12.92,12.98,12.83,12.88,6101838,78676608.00
2016/11/16,12.89,13.08,12.89,12.91,4799021,62208512.00
2016/11/17,12.89,12.92,12.75,12.78,4412965,56504852.00
2016/11/18,12.78,12.92,12.72,12.87,7446245,95675632.00
2016/11/21,12.85,13.14,12.76,12.98,10957208,142578928.00
2016/11/22,12.89,13.74,12.88,13.60,23127109,310239040.00
2016/11/23,13.52,13.60,13.29,13.40,11153341,149904240.00
2016/11/24,13.33,13.48,13.17,13.34,6060076,80632528.00
2016/11/25,13.39,13.64,13.14,13.40,9074520,121419232.00
2016/11/28,13.40,13.90,13.33,13.66,7874449,107774456.00
2016/11/29,13.61,13.96,13.53,13.63,6195841,85296208.00
2016/11/30,13.50,13.59,13.21,13.35,6511806,86731352.00
2016/12/01,13.36,13.76,13.32,13.67,5565739,75766640.00
2016/12/02,13.68,13.70,13.35,13.42,4001769,53953624.00
2016/12/05,13.31,13.75,13.27,13.38,5567780,75100040.00
2016/12/06,13.38,13.65,13.38,13.58,4508301,61094796.00
2016/12/07,13.51,14.15,13.51,14.13,12488713,174530416.00
2016/12/08,14.10,14.28,13.90,14.14,7594117,107098904.00
2016/12/09,14.05,14.27,13.83,14.01,4302200,60149036.00
2016/12/12,14.01,14.08,13.18,13.74,8770000,119931688.00
2016/12/13,13.52,13.74,13.30,13.68,5326935,72285920.00
2016/12/14,13.65,13.72,13.09,13.35,4080592,54996016.00
2016/12/15,13.35,13.53,13.11,13.37,4295266,57245956.00
2016/12/16,13.39,13.88,13.37,13.78,4846170,66237928.00
2016/12/19,13.80,13.93,13.58,13.78,3935488,53918336.00
2016/12/20,13.75,13.75,13.31,13.49,5291681,71368856.00
2016/12/21,13.48,13.81,13.39,13.80,4690308,63838224.00
2016/12/22,13.80,14.10,13.75,13.95,7282987,101468440.00
2016/12/23,13.84,14.13,13.70,14.00,6557336,91095392.00
2016/12/26,13.99,14.03,13.71,13.98,4621358,63953872.00
2016/12/27,14.00,14.46,13.95,14.37,12555882,179739008.00
2016/12/28,14.21,14.61,14.21,14.38,7460646,107623416.00
2016/12/29,14.29,14.30,13.92,14.20,5571889,78498512.00
2016/12/30,14.14,14.28,14.07,14.21,4921758,69914712.00
2017/01/03,14.21,14.78,14.00,14.63,8512506,123181872.00
2017/01/04,14.60,14.72,14.45,14.62,6653872,96789080.00
2017/01/05,14.60,15.11,14.56,15.00,12897621,192942848.00
2017/01/06,14.90,15.13,14.85,14.93,6085312,91267888.00
2017/01/09,14.93,15.19,14.85,15.10,6192973,93083600.00
2017/01/10,15.05,15.10,14.81,14.94,5495136,81858776.00
2017/01/11,14.86,14.89,14.50,14.62,5750765,84339960.00
2017/01/12,14.54,14.62,14.39,14.57,4805453,69676024.00
2017/01/13,14.57,14.70,14.51,14.63,4550186,66455424.00
2017/01/16,14.63,14.95,13.50,14.11,7599320,108956184.00
2017/01/17,14.02,14.25,13.80,14.08,4090802,57506176.00
2017/01/18,14.12,14.83,14.01,14.69,5492286,79790904.00
2017/01/19,14.56,14.86,14.50,14.71,3141422,46076592.00
2017/01/20,14.76,14.95,14.60,14.93,2301113,33906732.00
2017/01/23,14.90,14.99,14.80,14.93,2508706,37340268.00
2017/01/24,14.87,15.07,14.61,14.95,3144828,46837804.00
2017/01/25,14.98,14.98,14.71,14.93,2518665,37311056.00
2017/01/26,14.80,14.92,14.72,14.92,4075831,60382408.00
2017/02/03,14.88,14.88,14.16,14.69,6855326,100302656.00
2017/02/06,14.75,14.82,14.28,14.54,5212144,75320232.00
2017/02/07,14.49,14.55,14.00,14.32,7302993,104018624.00
2017/02/08,14.29,14.29,13.88,14.15,7233909,101750312.00
2017/02/09,14.13,14.41,14.07,14.32,5580555,79851664.00
2017/02/10,14.38,14.48,14.20,14.46,3890475,55691388.00
2017/02/13,14.46,14.95,14.36,14.91,8482157,124960280.00
2017/02/14,14.98,15.09,14.79,15.02,7056491,105519824.00
2017/02/15,14.94,15.08,14.76,14.92,4321969,64503928.00
2017/02/16,14.81,14.98,14.76,14.92,3545735,52712548.00
2017/02/17,14.92,15.07,14.79,14.80,4310944,64227228.00
2017/02/20,14.80,14.89,14.46,14.78,5650846,82739656.00
2017/02/21,14.75,14.82,14.53,14.79,4509341,66165668.00
2017/02/22,14.75,15.59,14.75,15.55,12566600,191473344.00
2017/02/23,15.36,15.48,15.26,15.45,7868444,120995416.00
2017/02/24,15.44,15.56,15.30,15.51,4716106,72718848.00
2017/02/27,15.50,15.82,15.10,15.42,9129386,141621248.00
2017/02/28,15.28,15.39,14.95,15.10,9437518,142332240.00
2017/03/01,15.10,15.25,14.94,15.12,4425715,66800264.00
2017/03/02,15.12,15.24,14.98,15.20,3399931,51408608.00
2017/03/03,15.10,15.43,15.01,15.41,4049779,61885028.00
2017/03/06,15.38,15.64,15.22,15.57,3788425,58772692.00
2017/03/07,15.56,15.65,15.36,15.51,3837732,59567352.00
2017/03/08,15.50,15.50,15.22,15.44,2383160,36538868.00
2017/03/09,15.34,15.47,15.15,15.43,2220357,33925352.00
2017/03/10,15.38,15.75,15.31,15.61,4836603,75331064.00
2017/03/13,15.39,15.82,15.39,15.73,3637301,56999936.00
2017/03/14,15.61,15.80,15.50,15.68,3870584,60276564.00
2017/03/15,15.64,16.13,15.56,15.97,8511560,135741504.00
2017/03/16,15.90,16.11,15.90,16.02,4673927,74651392.00
2017/03/17,16.00,16.46,15.93,16.33,13645461,222597408.00
2017/03/20,16.39,16.39,15.90,16.06,7472540,119952456.00
2017/03/21,15.98,16.14,15.90,16.08,6025831,96535056.00
2017/03/22,16.00,16.02,15.66,16.01,7757864,122876464.00
2017/03/23,15.92,16.33,15.86,16.14,5449705,87734472.00
2017/03/24,16.05,16.33,15.93,16.27,4770332,77061944.00
2017/03/27,16.08,16.38,15.49,15.62,13232044,208357744.00
2017/03/28,15.59,15.62,14.91,15.09,14999749,227951248.00
2017/03/29,15.11,15.25,14.70,15.18,7030682,105580360.00
2017/03/30,15.09,15.20,14.58,14.64,9613739,142795200.00
2017/03/31,14.60,14.85,14.52,14.65,3542583,51895772.00
2017/04/05,14.81,15.40,14.81,15.16,9171934,138063856.00
2017/04/06,15.16,15.41,14.91,15.07,6752572,102438664.00
2017/04/07,15.10,15.13,14.68,15.01,5337697,79488280.00
2017/04/10,14.83,14.91,14.22,14.29,9733763,141242448.00
2017/04/11,14.34,14.61,14.21,14.46,6072484,87593688.00
2017/04/12,14.46,14.65,14.37,14.49,3827318,55597628.00
2017/04/13,14.58,14.62,14.24,14.29,3921747,56662396.00
2017/04/14,14.34,14.35,13.74,13.87,7507333,104586576.00
2017/04/17,13.85,14.16,13.62,13.91,4743884,65895604.00
2017/04/18,13.88,13.99,13.01,13.26,10035357,134558320.00
2017/04/19,13.16,13.25,12.56,12.72,15020079,191955584.00
2017/04/20,12.72,12.93,12.55,12.75,6968746,88437864.00
2017/04/21,12.50,13.20,12.50,13.11,8406981,109336096.00
2017/04/24,13.07,13.07,12.50,12.93,3841745,49341248.00
2017/04/25,12.89,13.18,12.62,13.10,3457284,44817004.00
2017/04/26,13.04,13.59,13.00,13.52,5465217,73246568.00
2017/04/27,13.50,13.56,13.22,13.43,3429263,45928656.00
2017/04/28,13.43,13.50,13.26,13.41,3132159,41813424.00
2017/05/02,13.31,13.36,13.01,13.30,5145846,67859032.00
2017/05/03,13.21,13.34,13.13,13.32,1622482,21503160.00
2017/05/04,13.30,13.70,13.06,13.45,3915723,52500984.00
2017/05/05,13.28,13.58,13.05,13.21,2973600,39305320.00
2017/05/08,13.18,13.18,12.81,13.10,4136359,53750616.00
2017/05/09,13.00,13.57,12.90,13.53,4959871,65910520.00
2017/05/10,13.47,13.60,13.17,13.34,2743315,36672060.00
2017/05/11,13.20,13.40,12.92,13.32,2303334,30346108.00
2017/05/12,13.27,13.30,12.90,13.20,2917300,38162176.00
2017/05/15,13.17,13.18,12.87,12.99,4973098,64467088.00
2017/05/16,12.90,13.24,12.55,13.12,6997136,89195216.00
2017/05/17,12.98,13.16,12.92,13.02,3771530,49110636.00
2017/05/18,12.80,12.92,12.66,12.78,3021434,38537288.00
2017/05/19,12.68,12.73,12.50,12.59,3595750,45254368.00
2017/05/22,12.52,12.52,11.33,11.54,13674768,161238816.00
2017/05/23,11.52,11.55,10.95,11.05,8783471,97821288.00
2017/05/24,11.00,11.00,10.48,10.74,8820183,93844744.00
2017/05/25,10.70,10.86,10.46,10.82,5694813,60582224.00
2017/05/26,10.71,11.22,10.71,10.98,7283160,79992880.00
2017/05/31,11.14,11.18,10.81,10.97,3671736,40540948.00
2017/06/01,10.96,10.96,10.36,10.47,6878238,72482888.00
2017/06/02,10.40,10.44,9.92,10.41,12799103,130155080.00
2017/06/05,10.36,10.88,10.19,10.88,9083069,96009544.00
2017/06/06,10.72,11.02,10.71,11.01,6648614,72440896.00
2017/06/07,11.06,11.62,11.06,11.57,11767129,133015200.00
2017/06/08,11.60,12.07,11.55,12.03,11124497,132113936.00
2017/06/09,11.98,12.22,11.80,12.02,6483040,77569432.00
2017/06/12,11.99,12.10,11.46,11.66,9248774,107686176.00
2017/06/13,11.67,11.96,11.49,11.93,5246331,61770540.00
2017/06/14,12.01,12.40,11.87,12.05,6811376,82963176.00
2017/06/15,12.00,12.25,11.85,12.23,6384898,77110496.00
2017/06/16,12.19,12.19,11.85,12.00,3132672,37581292.00
2017/06/19,11.86,12.08,11.77,12.02,5357187,63881476.00
2017/06/20,12.01,12.06,11.71,12.00,8275978,98515248.00
2017/06/21,12.03,12.21,11.84,12.14,6115768,73526152.00
2017/06/22,12.14,12.25,11.81,11.95,2981276,35956108.00
2017/06/23,11.85,12.12,11.72,12.07,3915401,46710336.00
2017/06/26,12.08,12.32,11.93,12.18,8945552,108038320.00
2017/06/27,12.14,12.37,12.11,12.34,4922059,60304168.00
2017/06/28,12.29,12.89,12.20,12.86,6800247,85877128.00
2017/06/29,12.93,13.08,12.76,13.04,5450444,70412504.00
2017/06/30,13.09,13.33,12.86,13.30,4529767,59333704.00
2017/07/03,13.35,13.35,12.96,13.18,2657822,34815756.00
2017/07/04,13.10,13.23,12.85,12.97,3085279,39996480.00
2017/07/05,12.99,13.19,12.73,13.16,2174281,28303794.00
2017/07/06,13.12,13.20,12.89,13.16,3151176,41120868.00
2017/07/07,13.01,13.16,12.81,13.12,4523671,58631692.00
2017/07/10,12.97,13.01,12.68,12.75,4748345,60908844.00
2017/07/11,12.66,12.70,12.35,12.50,3551700,44390496.00
2017/07/12,12.49,12.60,12.06,12.48,3835401,47048584.00
2017/07/13,12.32,12.44,12.26,12.43,2165818,26709628.00
2017/07/14,12.32,12.43,12.18,12.38,2418402,29758236.00
2017/07/17,12.37,12.37,11.81,11.98,3285800,39615628.00
2017/07/18,11.95,12.10,11.12,11.60,5575271,64735716.00
2017/07/19,11.60,11.69,11.33,11.49,5928346,68033400.00
2017/07/20,11.48,11.95,11.44,11.82,5107478,59600732.00
2017/07/21,11.71,12.13,11.70,12.02,6140025,73493888.00
2017/07/24,12.00,12.05,11.75,11.87,9016670,106466472.00
2017/07/25,11.92,11.96,11.68,11.77,3890364,45918208.00
2017/07/26,11.77,12.25,11.77,12.20,6217790,74732864.00
2017/07/27,12.18,12.58,12.14,12.54,6399349,79889312.00
2017/07/28,12.50,12.78,12.48,12.55,3426300,43184244.00
2017/08/02,12.69,12.69,12.69,12.69,0,0.00
数据来源:通达信
