600209 罗顿发展 日线 前复权
      日期	    开盘	    最高	    最低	    收盘	    成交量	    成交额
2010/10/08,6.36,6.52,6.31,6.51,8254440,53248976.00
2010/10/11,6.61,6.61,6.46,6.53,10935227,71594696.00
2010/10/12,6.53,6.63,6.47,6.56,10156771,66732748.00
2010/10/13,6.56,6.67,6.49,6.60,10075295,66341376.00
2010/10/14,6.59,6.60,6.27,6.30,14840405,95404688.00
2010/10/15,6.27,6.27,6.11,6.12,13016683,80298968.00
2010/10/18,6.06,6.09,5.87,6.08,12587911,75300528.00
2010/10/19,6.02,6.31,6.01,6.27,11057809,68571608.00
2010/10/20,6.15,6.24,5.99,6.17,9583458,58854480.00
2010/10/21,6.17,6.17,6.09,6.13,7642603,46830708.00
2010/10/22,6.12,6.30,6.10,6.22,9764786,60718868.00
2010/10/25,6.20,6.33,6.13,6.29,12083460,75282480.00
2010/10/26,6.26,6.43,6.24,6.37,10767722,68454392.00
2010/10/27,6.38,6.69,6.35,6.69,23614172,156851440.00
2010/10/28,6.75,6.94,6.54,6.70,23796647,160127568.00
2010/10/29,6.65,6.75,6.57,6.67,11769856,78407008.00
2010/11/01,6.74,6.74,6.57,6.64,11466277,76183008.00
2010/11/02,6.62,6.62,6.42,6.50,14243109,92818808.00
2010/11/03,6.51,6.63,6.47,6.51,10251868,67269056.00
2010/11/04,6.55,6.84,6.51,6.84,21075564,142768400.00
2010/11/05,6.87,6.92,6.74,6.78,19063696,130208528.00
2010/11/08,6.77,7.12,6.74,7.12,30016615,212654544.00
2010/11/09,7.19,7.48,7.19,7.48,13808797,102696712.00
2010/11/10,7.85,7.85,7.85,7.85,4131908,32476796.00
2010/11/11,8.24,8.24,7.60,7.70,61065538,487967552.00
2010/11/12,7.51,7.69,7.31,7.31,23251292,172938496.00
2010/11/15,7.06,7.62,6.94,7.59,26944672,192926416.00
2010/11/16,7.48,7.74,7.21,7.21,23266594,171863152.00
2010/11/17,7.20,7.20,6.90,7.11,11369865,79847216.00
2010/11/18,7.13,7.18,6.99,7.10,8741769,62028512.00
2010/11/19,7.13,7.44,6.92,7.39,15410884,109947968.00
2010/11/22,7.21,7.35,7.17,7.18,11270962,81818200.00
2010/11/23,7.10,7.14,6.82,6.82,11815249,81733432.00
2010/11/24,6.66,6.85,6.66,6.83,11141836,75517400.00
2010/11/25,6.83,7.17,6.80,6.97,13050360,91978016.00
2010/11/26,6.88,7.05,6.80,6.89,8845045,61175588.00
2010/11/29,7.04,7.19,6.99,7.03,12401425,87954352.00
2010/11/30,7.00,7.09,6.68,6.69,12071634,82401432.00
2010/12/01,6.69,6.77,6.59,6.65,5334758,35528496.00
2010/12/02,6.71,6.78,6.64,6.69,6102610,41014112.00
2010/12/03,6.74,6.74,6.55,6.62,5640134,37539184.00
2010/12/06,6.59,6.63,6.29,6.30,13109826,83776928.00
2010/12/07,6.30,6.33,6.15,6.31,6768326,42253912.00
2010/12/08,6.29,6.42,6.25,6.33,6270074,39789832.00
2010/12/09,6.33,6.34,6.14,6.16,4443516,27607130.00
2010/12/10,6.19,6.32,6.15,6.25,4944306,30979596.00
2010/12/13,6.28,6.37,6.27,6.36,6279740,39786788.00
2010/12/14,6.38,6.62,6.31,6.50,8653239,56328144.00
2010/12/15,6.45,6.51,6.37,6.38,5903578,37994392.00
2010/12/16,6.39,6.59,6.35,6.46,6993546,45471528.00
2010/12/17,6.53,6.53,6.40,6.45,3641599,23471110.00
2010/12/20,6.51,6.52,6.14,6.27,6681495,42163796.00
2010/12/21,6.23,6.34,6.20,6.32,5505061,34647340.00
2010/12/22,6.34,6.48,6.26,6.34,6087501,38786456.00
2010/12/23,6.33,6.35,6.22,6.23,3962732,24927264.00
2010/12/24,6.39,6.48,6.27,6.38,8686464,55537076.00
2010/12/27,6.29,6.53,6.24,6.30,9248516,59167688.00
2010/12/28,6.26,6.32,5.98,5.98,8330089,50459416.00
2010/12/29,5.96,6.04,5.94,6.03,3951705,23706768.00
2010/12/30,6.04,6.08,5.96,6.02,3372782,20322758.00
2010/12/31,6.05,6.17,6.02,6.09,4090816,24953364.00
2011/01/04,6.13,6.24,6.11,6.19,5214479,32268298.00
2011/01/05,6.19,6.23,6.09,6.14,5663551,34885672.00
2011/01/06,6.04,6.24,6.01,6.14,4161924,25643192.00
2011/01/07,6.19,6.27,6.14,6.20,4829041,30036184.00
2011/01/10,6.21,6.24,5.96,5.97,5650601,34388712.00
2011/01/11,5.97,6.01,5.78,5.91,5869619,34537772.00
2011/01/12,5.91,6.02,5.89,5.98,4223537,25219764.00
2011/01/13,6.28,6.28,6.28,6.28,2134322,13424885.00
2011/01/14,6.48,6.59,6.34,6.59,22507670,147567952.00
2011/01/17,6.69,6.89,6.59,6.73,27313648,184433584.00
2011/01/18,6.73,6.85,6.39,6.39,14949865,98054480.00
2011/01/19,6.30,6.45,6.21,6.40,12012346,76063600.00
2011/01/20,6.38,6.38,6.08,6.08,9900577,61528032.00
2011/01/21,6.02,6.14,5.95,6.09,7602021,46080640.00
2011/01/24,6.07,6.07,5.86,5.89,7050794,42038432.00
2011/01/25,5.85,6.04,5.84,5.91,4531371,26919176.00
2011/01/26,5.90,5.99,5.89,5.97,3167755,18879612.00
2011/01/27,5.94,6.08,5.79,6.04,5266506,31437692.00
2011/01/28,6.02,6.11,5.92,6.06,5862640,35444640.00
2011/01/31,6.02,6.10,5.99,6.08,4998513,30268900.00
2011/02/01,6.09,6.17,6.05,6.14,4368489,26822090.00
2011/02/09,6.09,6.17,6.00,6.02,4227899,25694646.00
2011/02/10,6.02,6.11,6.00,6.10,4750078,28798056.00
2011/02/11,6.09,6.33,6.05,6.26,8059069,49967856.00
2011/02/14,6.24,6.33,6.19,6.28,8368113,52519748.00
2011/02/15,6.29,6.33,6.22,6.26,6863124,43148864.00
2011/02/16,6.24,6.37,6.22,6.34,6947523,43879272.00
2011/02/17,6.34,6.37,6.22,6.32,6038242,38045688.00
2011/02/18,6.30,6.30,6.18,6.22,5231509,32662964.00
2011/02/21,6.19,6.41,6.18,6.36,8127998,51321252.00
2011/02/22,6.37,6.39,6.09,6.10,8539268,53147544.00
2011/02/23,6.10,6.25,6.09,6.17,5428230,33508204.00
2011/02/24,6.19,6.39,6.11,6.30,8963288,56385760.00
2011/02/25,6.31,6.41,6.23,6.41,7426699,46897684.00
2011/02/28,6.40,6.44,6.32,6.41,6624380,42350308.00
2011/03/01,6.42,6.58,6.37,6.44,9224636,59811256.00
2011/03/02,6.40,6.46,6.30,6.39,7371825,46999104.00
2011/03/03,6.40,6.71,6.35,6.71,19998773,133702776.00
2011/03/04,6.69,6.83,6.60,6.73,18910488,126976288.00
2011/03/07,6.79,6.81,6.66,6.71,10276743,69137096.00
2011/03/08,6.70,6.87,6.68,6.76,9408786,63715508.00
2011/03/09,6.77,6.81,6.66,6.74,8100981,54477148.00
2011/03/10,6.73,6.74,6.57,6.58,7230407,48007356.00
2011/03/11,6.54,6.66,6.51,6.54,5949430,39214356.00
2011/03/14,6.49,6.58,6.39,6.54,7862161,51046728.00
2011/03/15,6.49,6.53,6.31,6.42,7403694,47455584.00
2011/03/16,6.41,6.53,6.39,6.50,5290356,34202640.00
2011/03/17,6.45,6.48,6.37,6.41,5369343,34502820.00
2011/03/18,6.42,6.69,6.41,6.53,7695883,50478000.00
2011/03/21,6.49,6.72,6.49,6.61,6622174,43792072.00
2011/03/22,6.79,6.94,6.78,6.94,19501727,135303808.00
2011/03/23,6.94,6.94,6.75,6.88,16774294,115013424.00
2011/03/24,6.84,6.87,6.70,6.76,10967776,74571808.00
2011/03/25,6.80,7.10,6.79,7.10,27051751,191987808.00
2011/03/28,7.04,7.16,6.96,7.06,17450018,123555584.00
2011/03/29,7.07,7.09,6.82,6.84,12371175,85825552.00
2011/03/30,6.82,6.95,6.82,6.87,6592713,45441048.00
2011/03/31,6.87,6.87,6.65,6.66,7071641,47820808.00
2011/04/01,6.67,6.98,6.65,6.93,6454321,44066824.00
2011/04/06,6.87,7.17,6.83,6.98,9583757,67309504.00
2011/04/07,6.99,7.09,6.92,6.98,6838471,47836780.00
2011/04/08,7.03,7.09,6.94,7.08,7893656,55588104.00
2011/04/11,7.12,7.42,7.04,7.17,15514321,112437432.00
2011/04/12,7.32,7.38,7.14,7.35,13748328,99912568.00
2011/04/13,7.25,7.35,7.20,7.29,8880313,64675764.00
2011/04/14,7.30,7.35,7.13,7.14,9625210,69362272.00
2011/04/15,7.14,7.26,7.13,7.22,6851592,49343776.00
2011/04/18,7.25,7.58,7.25,7.47,14673256,109312840.00
2011/04/19,7.41,7.42,7.20,7.23,10188609,74454016.00
2011/04/20,7.27,7.52,7.27,7.36,9599548,71024896.00
2011/04/21,7.39,7.42,7.19,7.33,9629836,70182368.00
2011/04/22,7.33,7.46,7.19,7.35,9527335,69979064.00
2011/04/25,7.42,7.43,6.98,6.98,17069961,120884296.00
2011/04/26,6.93,7.05,6.80,6.92,7676877,53105364.00
2011/04/27,6.90,7.07,6.65,6.77,6595573,45249332.00
2011/04/28,6.76,6.83,6.60,6.61,8323913,56138092.00
2011/04/29,6.61,6.85,6.59,6.81,5361178,36112556.00
2011/05/03,6.78,6.94,6.74,6.93,6579059,45140892.00
2011/05/04,6.86,6.89,6.69,6.79,5075469,34540632.00
2011/05/05,6.74,7.04,6.69,6.88,7200890,49670352.00
2011/05/06,6.85,7.14,6.81,7.07,10930683,77020888.00
2011/05/09,7.07,7.17,7.02,7.13,8726117,62122560.00
2011/05/10,7.16,7.18,7.04,7.17,5859611,41799016.00
2011/05/11,7.15,7.24,7.07,7.19,7909561,56740836.00
2011/05/12,7.13,7.24,7.04,7.08,7557535,53969620.00
2011/05/13,7.10,7.26,7.06,7.24,9165147,65925440.00
2011/05/16,7.23,7.29,7.18,7.22,5943358,43052228.00
2011/05/17,7.23,7.23,6.95,7.01,6570805,46639356.00
2011/05/18,7.01,7.11,6.90,7.08,4601143,32396168.00
2011/05/19,7.09,7.14,7.00,7.09,4061295,28753004.00
2011/05/23,7.10,7.13,6.74,6.74,5531013,38028460.00
2011/05/24,6.69,6.69,6.40,6.49,8269284,53445712.00
2011/05/25,6.47,6.63,6.42,6.50,5895817,38575052.00
2011/05/26,6.51,6.58,6.44,6.50,4559576,29778648.00
2011/05/27,6.47,6.59,6.29,6.51,7072108,45864656.00
2011/05/30,6.50,6.50,6.18,6.18,6927497,43119072.00
2011/05/31,6.14,6.26,6.03,6.24,5323142,32919238.00
2011/06/01,6.22,6.30,6.19,6.27,3657501,22926876.00
2011/06/02,6.19,6.20,5.97,6.02,5384785,32841032.00
2011/06/03,6.02,6.32,6.01,6.27,9067270,56414164.00
2011/06/07,6.25,6.42,6.21,6.40,5513859,34964952.00
2011/06/08,6.37,6.54,6.26,6.42,9483598,61060432.00
2011/06/09,6.41,6.56,6.31,6.41,9296641,60276036.00
2011/06/10,6.43,6.69,6.40,6.58,6757234,44235340.00
2011/06/13,6.50,6.66,6.35,6.62,7577585,49506420.00
2011/06/14,6.55,6.67,6.53,6.64,5046530,33370580.00
2011/06/15,6.62,6.65,6.44,6.45,4841736,31732016.00
2011/06/16,6.40,6.44,6.14,6.21,4436343,27940292.00
2011/06/17,6.21,6.33,6.12,6.18,3365258,21061304.00
2011/06/20,6.14,6.19,6.01,6.09,2586925,15806869.00
2011/06/21,6.10,6.35,6.09,6.27,5810121,36231312.00
2011/06/22,6.29,6.31,6.19,6.21,2398437,14979419.00
2011/06/23,6.19,6.37,6.13,6.32,5381410,33839188.00
2011/06/24,6.32,6.48,6.27,6.42,8049453,51662168.00
2011/06/27,6.41,6.54,6.39,6.45,5446858,35315972.00
2011/06/28,6.47,6.51,6.38,6.48,5727586,37086688.00
2011/06/29,6.46,6.55,6.39,6.40,4381884,28508348.00
2011/06/30,6.40,6.48,6.39,6.44,2304692,14866879.00
2011/07/01,6.46,6.55,6.41,6.47,4588099,29827156.00
2011/07/04,6.49,6.59,6.47,6.56,6140700,40274704.00
2011/07/05,6.55,6.74,6.50,6.67,9817452,65277916.00
2011/07/06,6.62,6.74,6.57,6.61,6724993,44829680.00
2011/07/07,6.60,6.66,6.53,6.53,4136637,27309574.00
2011/07/08,6.52,6.71,6.52,6.69,4691157,31009872.00
2011/07/11,6.67,7.03,6.62,6.93,13705764,94141304.00
2011/07/12,6.83,6.96,6.74,6.81,8834093,60556048.00
2011/07/13,6.81,6.93,6.78,6.89,4423617,30388764.00
2011/07/14,6.96,7.01,6.83,6.89,5152265,35586268.00
2011/07/15,6.85,6.96,6.79,6.88,5025159,34554544.00
2011/07/18,6.91,6.92,6.73,6.75,4197181,28694012.00
2011/07/19,6.77,6.78,6.66,6.70,3871501,26008380.00
2011/07/20,6.74,7.00,6.73,6.94,13837553,96057000.00
2011/07/21,6.93,7.12,6.89,6.97,14074420,98949976.00
2011/07/22,6.99,7.19,6.93,7.01,12714320,90386416.00
2011/07/25,6.94,7.13,6.69,6.75,8102010,55901904.00
2011/07/26,6.80,6.82,6.64,6.74,4085425,27432448.00
2011/07/27,6.73,6.78,6.67,6.76,4447046,29930680.00
2011/07/28,6.67,6.72,6.54,6.62,5076532,33625756.00
2011/07/29,6.63,6.66,6.38,6.49,4714967,30798104.00
2011/08/01,6.49,6.57,6.42,6.54,2074785,13567329.00
2011/08/02,6.49,6.51,6.30,6.39,2784617,17807508.00
2011/08/03,6.32,6.38,6.26,6.33,2628609,16681795.00
2011/08/04,6.34,6.44,6.34,6.39,2533257,16221415.00
2011/08/05,6.19,6.30,6.09,6.23,3589162,22409818.00
2011/08/08,6.11,6.19,5.92,5.92,5702556,34193720.00
2011/08/09,5.66,5.84,5.62,5.78,6245110,35613920.00
2011/08/10,5.88,5.96,5.81,5.85,3685982,21785934.00
2011/08/11,5.76,5.95,5.67,5.93,3870761,22647008.00
2011/08/12,6.01,6.05,5.95,6.01,3962812,23831568.00
2011/08/15,6.01,6.14,5.96,6.09,4012130,24405518.00
2011/08/16,6.11,6.15,6.07,6.14,4177565,25522128.00
2011/08/17,6.13,6.13,6.06,6.09,3034927,18526666.00
2011/08/18,6.09,6.15,5.95,6.14,4935404,29850534.00
2011/08/19,6.06,6.32,6.03,6.23,6154540,37901908.00
2011/08/22,6.23,6.25,6.06,6.07,3319752,20372964.00
2011/08/23,6.07,6.15,6.04,6.12,2306195,14059572.00
2011/08/24,6.14,6.15,6.05,6.06,2485578,15203368.00
2011/08/25,6.06,6.17,6.00,6.14,3367949,20641898.00
2011/08/26,6.13,6.25,6.10,6.21,3492957,21686044.00
2011/08/29,6.25,6.33,6.16,6.27,4743699,29868648.00
2011/08/30,6.32,6.32,6.20,6.20,3839300,24062116.00
2011/08/31,6.19,6.26,6.12,6.17,1559281,9648494.00
2011/09/01,6.21,6.48,6.14,6.48,9677499,62576404.00
2011/09/02,6.48,6.78,6.39,6.66,11166836,73260960.00
2011/09/05,6.56,6.74,6.44,6.66,5187220,34311688.00
2011/09/06,6.57,6.77,6.52,6.76,5476420,36526760.00
2011/09/07,6.79,6.88,6.71,6.82,5760609,39143064.00
2011/09/08,6.79,6.83,6.61,6.71,4568363,30753812.00
2011/09/09,6.71,6.96,6.67,6.92,5784502,39729564.00
2011/09/13,6.79,7.07,6.75,6.88,7563187,52705048.00
2011/09/14,6.85,6.90,6.71,6.87,7592008,51811024.00
2011/09/15,6.84,6.95,6.75,6.76,5989997,41216548.00
2011/09/19,6.69,6.71,6.42,6.42,4149324,26928200.00
2011/09/20,6.42,6.42,6.21,6.27,3619792,22746136.00
2011/09/21,6.27,6.45,6.23,6.44,3530078,22530380.00
2011/09/22,6.38,6.42,6.19,6.20,2555909,16169328.00
2011/09/23,6.14,6.21,6.04,6.19,2249588,13779956.00
2011/09/26,6.18,6.32,6.15,6.28,2909129,18226926.00
2011/09/27,6.31,6.44,6.27,6.38,4270374,27314048.00
2011/09/28,6.40,6.46,6.21,6.22,3897557,24914360.00
2011/09/29,6.22,6.26,5.94,5.96,3337329,20224306.00
2011/09/30,5.98,6.06,5.84,6.04,1337300,7969620.00
2011/10/10,6.04,6.10,5.92,5.94,1062912,6383600.00
2011/10/11,6.03,6.11,5.92,5.98,1161599,6978922.00
2011/10/12,5.94,6.18,5.89,6.18,2478922,15114459.00
2011/10/13,6.10,6.29,6.10,6.28,2641053,16493407.00
2011/10/14,6.28,6.31,6.20,6.28,2422447,15203769.00
2011/10/17,6.28,6.29,6.16,6.18,1736073,10778322.00
2011/10/18,6.14,6.27,6.05,6.08,2083822,12891138.00
2011/10/19,6.08,6.13,5.99,6.01,1080373,6535852.00
2011/10/20,6.01,6.04,5.75,5.77,1781688,10444280.00
2011/10/21,5.87,5.89,5.70,5.78,1085239,6283458.00
2011/10/24,5.78,5.87,5.62,5.85,1294982,7484943.00
2011/10/25,5.87,5.99,5.82,5.96,1263246,7473712.00
2011/10/26,5.94,6.04,5.90,5.98,1611262,9648173.00
2011/11/01,6.19,6.28,6.17,6.28,6806380,42737812.00
2011/11/02,6.18,6.39,6.09,6.29,10111017,63523604.00
2011/11/03,6.29,6.36,6.19,6.24,6071163,38102352.00
2011/11/04,6.25,6.33,6.22,6.28,5383332,33859004.00
2011/11/07,6.28,6.29,6.12,6.14,2986120,18560444.00
2011/11/08,6.45,6.45,6.22,6.23,8388009,53175128.00
2011/11/09,6.19,6.34,6.17,6.33,6354765,39843620.00
2011/11/10,6.24,6.29,6.17,6.17,2133529,13303710.00
2011/11/11,6.12,6.22,6.10,6.17,2860341,17729718.00
2011/11/14,6.21,6.29,6.17,6.27,2107750,13173334.00
2011/11/15,6.25,6.30,6.24,6.29,2051340,12883627.00
2011/11/16,6.31,6.31,6.06,6.09,3324500,20522000.00
2011/11/17,6.10,6.16,6.06,6.07,1859440,11353624.00
2011/11/18,6.06,6.21,5.79,6.18,7036742,42396036.00
2011/11/21,6.11,6.32,6.03,6.30,8766032,54643320.00
2011/11/22,6.26,6.40,6.19,6.32,10482314,66382592.00
2011/11/23,6.30,6.38,6.09,6.14,7746631,48520972.00
2011/11/24,5.99,6.09,5.90,6.04,2488506,14970534.00
2011/11/25,6.04,6.06,5.97,6.02,1628783,9793154.00
2011/11/28,6.02,6.05,5.77,5.85,2007545,11888622.00
2011/11/29,5.90,5.96,5.86,5.91,3804537,22443594.00
2011/11/30,5.89,5.89,5.61,5.61,2861667,16355043.00
2011/12/01,5.75,5.83,5.62,5.65,4111503,23524880.00
2011/12/02,5.60,5.65,5.37,5.37,4276574,23306228.00
2011/12/05,5.37,5.39,5.10,5.10,3824851,19770334.00
2011/12/06,5.03,5.09,4.85,4.91,3603826,17841440.00
2011/12/07,4.87,4.98,4.87,4.97,1492164,7378174.00
2011/12/08,4.99,4.99,4.87,4.93,1537834,7576266.00
2011/12/09,4.92,4.92,4.84,4.86,1301838,6365146.00
2011/12/12,4.87,4.88,4.62,4.62,1666991,7888004.00
2011/12/13,4.60,4.60,4.39,4.39,2517608,11128227.00
2011/12/14,4.24,4.34,4.17,4.17,3195125,13523841.00
2011/12/15,3.99,4.04,3.96,3.96,3083801,12274480.00
2011/12/16,3.93,4.06,3.83,4.02,2723662,10765489.00
2011/12/19,3.99,4.00,3.84,3.98,1960013,7743136.00
2011/12/20,3.98,4.18,3.94,4.13,5833364,24159328.00
2011/12/21,4.13,4.25,4.02,4.03,4559447,18975672.00
2011/12/22,4.00,4.00,3.83,3.89,2608970,10104547.00
2011/12/23,3.89,4.02,3.86,3.96,1667740,6581749.00
2011/12/26,3.96,4.13,3.91,4.09,3351690,13639431.00
2011/12/27,4.05,4.11,3.89,3.93,1975234,7961880.00
2011/12/28,3.94,3.98,3.84,3.96,2011464,7908526.00
2011/12/29,3.95,4.01,3.88,3.92,2875500,11384763.00
2011/12/30,3.94,4.02,3.92,4.00,2057271,8196710.00
2012/01/04,4.03,4.07,3.89,3.90,1476200,5905227.00
2012/01/05,3.87,3.91,3.70,3.70,2192815,8210813.00
2012/01/06,3.70,3.70,3.52,3.61,2314845,8286503.00
2012/01/09,3.61,3.78,3.55,3.77,3030853,11279090.00
2012/01/10,3.73,3.96,3.71,3.96,6045653,23726178.00
2012/01/11,3.93,4.08,3.91,4.01,6596974,26479188.00
2012/01/12,3.99,4.05,3.94,4.00,2809988,11247354.00
2012/01/13,4.00,4.02,3.80,3.84,2078302,8094255.00
2012/01/16,3.84,3.88,3.68,3.70,1195295,4558009.00
2012/01/17,3.74,3.89,3.69,3.89,3341441,12853928.00
2012/01/18,3.93,3.94,3.86,3.88,2515069,9827392.00
2012/01/19,3.92,4.04,3.83,4.01,4217359,16772605.00
2012/01/20,4.03,4.03,3.89,4.00,1935881,7724264.00
2012/01/30,4.02,4.04,3.96,4.03,1739522,6988616.00
2012/01/31,4.02,4.23,3.98,4.23,5059966,21228676.00
2012/02/01,4.23,4.29,4.09,4.13,4157712,17508252.00
2012/02/02,4.13,4.15,4.04,4.15,2662533,10964542.00
2012/02/03,4.13,4.27,4.11,4.20,2869509,12106164.00
2012/02/06,4.20,4.40,4.20,4.34,4742478,20679336.00
2012/02/07,4.29,4.30,4.12,4.19,4543139,18964088.00
2012/02/08,4.18,4.35,4.12,4.32,6808899,29062964.00
2012/02/09,4.27,4.52,4.26,4.33,8785088,38666340.00
2012/02/10,4.35,4.46,4.29,4.38,5431733,23910960.00
2012/02/13,4.37,4.47,4.31,4.42,5931874,26254406.00
2012/02/14,4.41,4.61,4.38,4.50,9656595,43577560.00
2012/02/15,4.51,4.63,4.47,4.53,7438087,33906632.00
2012/02/16,4.54,4.56,4.31,4.36,6844572,30229944.00
2012/02/17,4.40,4.47,4.35,4.39,4227912,18625816.00
2012/02/20,4.45,4.46,4.34,4.36,3130219,13845478.00
2012/02/21,4.43,4.58,4.42,4.58,9276539,42506952.00
2012/02/22,4.71,4.71,4.55,4.58,14292326,66086520.00
2012/02/23,4.51,4.57,4.44,4.48,9531860,42997688.00
2012/02/24,4.49,4.55,4.46,4.54,7454661,33688504.00
2012/02/27,4.55,4.64,4.50,4.51,10432772,47893656.00
2012/02/28,4.54,4.54,4.35,4.42,6474794,28846074.00
2012/02/29,4.42,4.56,4.35,4.48,6967944,31047468.00
2012/03/01,4.44,4.56,4.42,4.48,5891523,26576580.00
2012/03/02,4.53,4.55,4.49,4.52,4866106,22007176.00
2012/03/05,4.52,4.54,4.47,4.50,5782156,26092924.00
2012/03/06,4.50,4.54,4.36,4.46,5823004,26024700.00
2012/03/07,4.42,4.46,4.37,4.38,4515199,19970536.00
2012/03/08,4.40,4.46,4.38,4.41,4637850,20519504.00
2012/03/09,4.42,4.46,4.39,4.45,4216959,18718592.00
2012/03/12,4.44,4.50,4.39,4.48,4739925,21117172.00
2012/03/13,4.48,4.63,4.45,4.55,9182632,41864960.00
2012/03/14,4.55,4.59,4.32,4.32,6818405,30554332.00
2012/03/15,4.29,4.34,4.10,4.13,6757652,28188124.00
2012/03/16,4.12,4.20,4.12,4.20,3641655,15167297.00
2012/03/19,4.20,4.27,4.16,4.26,3240449,13727225.00
2012/03/20,4.23,4.24,4.13,4.15,4444584,18627660.00
2012/03/21,4.17,4.19,4.06,4.10,3027408,12512099.00
2012/03/22,4.09,4.16,4.07,4.14,2635013,10849491.00
2012/03/23,4.13,4.22,4.07,4.12,3857900,16020917.00
2012/03/26,4.09,4.16,4.07,4.13,2474689,10228712.00
2012/03/27,4.14,4.23,4.13,4.15,2543791,10626762.00
2012/03/28,4.13,4.13,3.94,3.94,4467823,17873536.00
2012/03/29,3.91,3.94,3.80,3.86,6227055,24250700.00
2012/03/30,3.90,3.90,3.74,3.81,2132170,8194969.00
2012/04/05,3.82,3.93,3.80,3.93,3077974,11943895.00
2012/04/06,3.91,4.02,3.89,3.95,3323110,13192467.00
2012/04/09,3.94,4.04,3.91,3.99,2933301,11737143.00
2012/04/10,3.98,4.04,3.89,4.04,2714853,10798727.00
2012/04/11,3.99,4.06,3.98,4.05,2158668,8715686.00
2012/04/12,4.04,4.19,4.04,4.15,3605179,14870119.00
2012/04/13,4.16,4.21,4.13,4.15,2809776,11735044.00
2012/04/16,4.12,4.36,4.08,4.36,11410741,49476704.00
2012/04/17,4.29,4.37,4.14,4.25,7590531,32403064.00
2012/04/18,4.22,4.33,4.15,4.29,4683131,19965832.00
2012/04/19,4.28,4.29,4.23,4.28,3278810,14016546.00
2012/04/20,4.28,4.34,4.26,4.31,3910272,16872620.00
2012/04/23,4.31,4.33,4.11,4.16,4143422,17638668.00
2012/04/24,4.11,4.37,4.11,4.36,16931097,73696376.00
2012/04/25,4.30,4.47,4.27,4.34,14739468,64815656.00
2012/04/26,4.36,4.56,4.26,4.51,12748220,56708844.00
2012/04/27,4.44,4.48,4.33,4.36,5766505,25321100.00
2012/05/02,4.45,4.58,4.35,4.41,8964010,40025952.00
2012/05/03,4.35,4.45,4.32,4.35,5498577,24208092.00
2012/05/04,4.33,4.52,4.33,4.49,6388931,28433198.00
2012/05/07,4.45,4.72,4.44,4.63,7229971,33483348.00
2012/05/08,4.62,4.76,4.59,4.66,7675851,36011408.00
2012/05/09,4.66,4.89,4.66,4.75,15702381,75705016.00
2012/05/10,4.72,4.79,4.65,4.75,10305242,48717416.00
2012/05/11,4.75,4.80,4.69,4.76,5296006,25231356.00
2012/05/14,4.77,4.81,4.63,4.67,5706348,26992430.00
2012/05/15,4.65,4.78,4.61,4.78,5141899,24327270.00
2012/05/16,4.74,4.78,4.54,4.54,8272847,38430340.00
2012/05/17,4.51,4.61,4.45,4.58,8756894,39967368.00
2012/05/18,4.57,4.81,4.52,4.81,10132078,48188876.00
2012/05/21,4.93,5.05,4.79,4.81,21552866,107211696.00
2012/05/22,4.77,5.02,4.69,4.97,18028661,87938600.00
2012/05/23,4.90,5.14,4.84,5.14,15243746,76234864.00
2012/05/24,5.07,5.15,5.05,5.08,9680742,49353696.00
2012/05/28,4.98,5.02,4.83,4.92,9973019,48999608.00
2012/05/29,4.91,5.04,4.87,4.99,9783868,48749836.00
2012/05/30,5.00,5.11,4.93,5.10,8625983,43528948.00
2012/05/31,5.04,5.09,5.01,5.05,6141679,31037920.00
2012/06/01,5.04,5.07,4.94,4.96,5453982,27328040.00
2012/06/04,4.85,4.96,4.74,4.80,7957230,38768812.00
2012/06/05,4.82,4.86,4.75,4.82,3936505,18937168.00
2012/06/06,4.81,4.83,4.58,4.58,8229611,38492428.00
2012/06/07,4.66,4.66,4.53,4.62,6070075,28015988.00
2012/06/08,4.64,4.65,4.39,4.48,8067702,36221444.00
2012/06/11,4.47,4.58,4.42,4.56,3848604,17391712.00
2012/06/12,4.55,4.55,4.44,4.46,3935111,17676206.00
2012/06/13,4.47,4.58,4.47,4.56,7002848,31623796.00
2012/06/14,4.57,4.64,4.51,4.53,5449084,24972572.00
2012/06/15,4.45,4.50,4.30,4.36,13986836,61043256.00
2012/06/18,4.34,4.43,4.32,4.36,4836528,21174918.00
2012/06/19,4.37,4.39,4.33,4.34,2628041,11501203.00
2012/06/20,4.37,4.40,4.33,4.37,3188879,13976419.00
2012/06/21,4.35,4.39,4.22,4.26,3852344,16556112.00
2012/06/25,4.37,4.47,4.26,4.27,8342053,36726492.00
2012/06/26,4.27,4.48,4.23,4.48,8985473,39331992.00
2012/06/27,4.45,4.55,4.35,4.37,9680013,43353108.00
2012/06/28,4.32,4.42,4.24,4.26,4685394,20407976.00
2012/06/29,4.16,4.22,4.05,4.21,5875382,24272436.00
2012/07/02,4.24,4.34,4.17,4.28,3163594,13498514.00
2012/07/03,4.30,4.35,4.24,4.26,2291018,9891128.00
2012/07/04,4.27,4.31,4.15,4.23,2701365,11439255.00
2012/07/05,4.23,4.24,4.02,4.03,3232447,13268176.00
2012/07/06,4.06,4.13,3.98,4.13,3390166,13805159.00
2012/07/09,4.06,4.15,3.94,4.00,3635592,14769561.00
2012/07/10,3.99,4.02,3.90,3.92,2165467,8567633.00
2012/07/11,3.91,3.96,3.88,3.95,2458116,9659200.00
2012/07/16,4.35,4.35,4.35,4.35,1597692,6965937.00
2012/07/17,4.69,4.79,4.61,4.79,22343191,106018176.00
2012/07/18,5.03,5.27,5.03,5.27,8828581,46604688.00
2012/07/19,5.80,5.80,5.80,5.80,2657090,15437693.00
2012/07/20,6.29,6.38,6.20,6.38,76774843,489095744.00
2012/07/23,6.54,7.02,6.22,7.02,69097591,467747104.00
2012/07/31,6.32,6.96,6.32,6.78,63513033,418043072.00
2012/08/01,6.70,7.42,6.43,6.72,68177482,473035424.00
2012/08/02,6.65,7.39,6.53,7.39,69319466,492131392.00
2012/08/03,7.69,8.13,7.40,8.13,71657238,557039360.00
2012/08/06,8.19,8.94,8.14,8.58,75495359,646005312.00
2012/08/07,8.57,9.44,8.49,9.44,50913991,465907904.00
2012/08/08,9.80,10.06,8.99,9.67,79780812,751721472.00
2012/08/09,9.39,10.60,9.10,10.09,75473160,748165440.00
2012/08/10,9.99,10.27,9.56,9.58,47570192,469962752.00
2012/08/13,9.46,9.65,9.11,9.27,50256509,468641888.00
2012/08/14,9.25,9.33,8.75,9.07,51909772,468464768.00
2012/08/15,8.87,9.19,8.65,8.80,39743485,352841952.00
2012/08/16,8.81,9.06,8.46,8.47,46073496,404042400.00
2012/08/17,8.38,8.64,8.21,8.58,41772429,353409152.00
2012/08/20,8.47,8.79,8.35,8.68,41432046,357436992.00
2012/08/21,8.58,9.02,8.45,8.70,54068791,471569984.00
2012/08/22,8.53,8.59,8.25,8.37,39736115,334625824.00
2012/08/23,8.29,8.55,8.26,8.42,32742273,275715392.00
2012/08/24,8.38,8.57,7.58,7.58,60904957,487475136.00
2012/08/27,7.53,7.64,7.43,7.53,29748154,223865328.00
2012/08/28,7.55,7.59,7.38,7.45,21529982,161589520.00
2012/08/29,7.42,7.69,7.28,7.44,34863285,263216736.00
2012/08/30,7.36,7.52,6.93,7.13,35789954,258449584.00
2012/08/31,7.09,7.42,7.09,7.25,25652917,186067008.00
2012/09/03,7.20,7.50,7.16,7.35,26272452,193967104.00
2012/09/04,7.29,7.41,7.10,7.14,23739297,171872640.00
2012/09/05,7.18,7.45,7.13,7.17,26388341,192717936.00
2012/09/06,7.21,7.46,7.09,7.31,23585164,172007136.00
2012/09/07,7.35,7.75,7.26,7.44,41317490,310005792.00
2012/09/10,7.29,7.37,7.19,7.34,32535745,237252784.00
2012/09/11,7.28,7.67,7.15,7.54,51478683,385077024.00
2012/09/12,7.54,8.30,7.43,8.30,74975227,595169344.00
2012/09/13,8.20,8.28,7.74,7.76,63394685,509246400.00
2012/09/14,7.69,7.89,7.36,7.48,41334757,312715040.00
2012/09/17,7.37,7.43,7.01,7.06,28893308,207873200.00
2012/09/18,7.03,7.29,6.95,7.18,24603511,176515376.00
2012/09/19,7.17,7.28,6.97,7.03,22712639,161820464.00
2012/09/20,6.99,7.00,6.55,6.57,25039095,169846832.00
2012/09/21,6.57,6.83,6.50,6.51,21278310,141732240.00
2012/09/24,6.44,6.79,6.35,6.62,19973349,132009520.00
2012/09/25,6.56,6.72,6.52,6.65,15842447,105257608.00
2012/09/26,6.59,6.84,6.44,6.48,27689871,185194160.00
2012/09/27,6.35,6.69,6.28,6.51,24129001,157061344.00
2012/09/28,6.47,6.64,6.44,6.60,16927695,111063248.00
2012/10/08,6.60,6.71,6.56,6.69,16821866,111647424.00
2012/10/09,6.66,6.92,6.64,6.88,24298757,165872448.00
2012/10/10,6.83,7.57,6.77,7.57,67151701,494597664.00
2012/10/11,7.44,7.48,6.87,6.88,52788899,379477856.00
2012/10/12,6.73,6.90,6.43,6.60,30652737,204264768.00
2012/10/15,6.60,6.61,6.32,6.44,13863148,89497080.00
2012/10/16,6.43,6.56,6.40,6.46,12658362,82231680.00
2012/10/17,6.48,6.78,6.44,6.66,21548841,143055184.00
2012/10/18,6.71,6.84,6.53,6.83,24931405,166900112.00
2012/10/19,6.77,7.16,6.75,6.90,33171956,232331520.00
2012/10/22,6.79,6.82,6.54,6.70,20192767,134825120.00
2012/10/23,6.65,6.76,6.61,6.62,12635138,84516712.00
2012/10/24,6.58,6.87,6.45,6.69,18815943,125999592.00
2012/10/25,6.62,6.68,6.41,6.42,17202879,112501024.00
2012/10/26,6.39,6.49,6.24,6.28,11230707,71664112.00
2012/10/29,6.22,6.28,6.07,6.17,9066642,55931060.00
2012/10/30,6.17,6.37,6.12,6.21,10217434,64241888.00
2012/10/31,6.13,6.27,6.07,6.24,8563704,52856928.00
2012/11/01,6.34,6.44,6.24,6.34,11683437,74381712.00
2012/11/02,6.36,6.85,6.32,6.59,29817072,197105680.00
2012/11/05,6.49,6.50,6.32,6.42,17934699,115027528.00
2012/11/06,6.41,6.41,6.18,6.28,12935194,81239760.00
2012/11/07,6.24,6.44,6.23,6.37,10318459,65426000.00
2012/11/08,6.27,6.29,5.90,5.92,19897493,122046632.00
2012/11/09,5.84,5.86,5.64,5.76,17431379,100775336.00
2012/11/12,5.80,5.80,5.56,5.67,14170701,80416760.00
2012/11/13,5.69,5.69,5.53,5.55,9840290,55146856.00
2012/11/14,5.57,5.63,5.51,5.59,8956822,50069408.00
2012/11/15,5.57,5.57,5.32,5.33,11490291,62795632.00
2012/11/16,5.40,5.86,5.38,5.51,26223265,148373248.00
2012/11/19,5.42,5.54,5.33,5.53,13885993,75674904.00
2012/11/20,5.53,5.59,5.45,5.55,11497029,63634976.00
2012/11/21,5.53,5.59,5.35,5.58,12090147,66427464.00
2012/11/22,5.51,5.71,5.47,5.66,16892477,94812040.00
2012/11/23,5.71,5.75,5.62,5.64,14378944,81902816.00
2012/11/26,5.63,5.63,5.43,5.44,9313657,51498924.00
2012/11/27,5.43,5.43,5.00,5.01,10601193,54835384.00
2012/11/28,4.92,4.97,4.77,4.83,8973958,43863544.00
2012/11/29,4.89,5.06,4.82,4.84,12681567,62839136.00
2012/11/30,4.88,5.33,4.81,5.33,19207116,99752680.00
2012/12/03,5.33,5.82,5.27,5.49,46375344,259916416.00
2012/12/04,5.29,6.04,5.24,6.04,35999342,209462768.00
2012/12/05,6.65,6.65,6.30,6.48,65796179,430685472.00
2012/12/06,6.39,7.13,6.29,7.13,57572474,393454400.00
2012/12/07,7.40,7.84,7.20,7.84,72680027,557347840.00
2012/12/10,8.21,8.63,8.02,8.63,42251540,358548288.00
2012/12/11,8.61,9.17,8.30,8.33,83089147,719942912.00
2012/12/12,8.24,8.30,7.62,7.89,68542779,542834048.00
2012/12/13,7.74,8.17,7.63,7.83,55302565,437869600.00
2012/12/14,7.71,8.61,7.67,8.61,49098809,408404704.00
2012/12/17,9.11,9.47,8.43,8.49,103984535,947234816.00
2012/12/18,8.19,8.53,8.04,8.31,57847825,478916640.00
2012/12/19,8.24,8.44,8.06,8.09,33967395,278219904.00
2012/12/20,7.99,8.79,7.89,8.59,60912619,516129952.00
2012/12/21,8.45,9.44,8.37,9.28,80671909,733219968.00
2012/12/24,9.25,10.12,9.09,9.99,70746212,691790784.00
2012/12/25,10.38,10.47,9.69,10.00,70664272,711591680.00
2012/12/26,9.94,10.46,9.87,10.08,62010156,631718912.00
2012/12/27,10.04,10.15,9.07,9.33,75191835,710965888.00
2012/12/28,9.23,9.87,9.07,9.60,56091171,533033504.00
2012/12/31,9.47,10.55,9.32,10.38,71657137,725547456.00
2013/01/04,10.37,10.48,9.79,9.86,62470265,626703616.00
2013/01/07,9.51,10.35,9.45,10.05,44008939,439047456.00
2013/01/08,9.97,10.07,9.55,9.78,33831989,331221248.00
2013/01/09,9.66,10.08,9.48,9.68,36209095,354236064.00
2013/01/10,9.56,9.76,9.35,9.51,35726549,340267264.00
2013/01/11,9.44,9.79,9.36,9.52,38637997,369410432.00
2013/01/14,9.37,9.64,9.01,9.53,35999669,339045408.00
2013/01/15,9.46,10.39,9.38,10.14,74262757,738258240.00
2013/01/16,9.99,10.09,9.58,9.67,45544267,445147424.00
2013/01/17,9.55,9.89,9.42,9.46,27450850,263943696.00
2013/01/18,9.97,10.41,9.95,9.97,78504466,805431104.00
2013/01/21,9.79,10.22,9.70,9.90,36994770,368794912.00
2013/01/22,9.79,9.85,9.54,9.60,30735879,296705440.00
2013/01/23,9.47,9.65,9.19,9.53,27804395,262163968.00
2013/01/24,9.52,9.89,9.39,9.51,30869568,297072896.00
2013/01/25,9.39,9.48,9.07,9.12,22438498,207690192.00
2013/01/28,9.01,9.34,9.00,9.24,19394917,178393312.00
2013/01/29,9.24,9.42,9.12,9.28,17705788,164439696.00
2013/01/30,9.26,9.32,9.07,9.13,17155555,156951296.00
2013/01/31,9.14,9.40,9.10,9.17,21242972,196768736.00
2013/02/01,9.21,9.21,8.87,8.89,23306290,209867712.00
2013/02/04,8.82,8.95,8.52,8.53,22898619,199078720.00
2013/02/05,8.49,8.76,8.41,8.70,17215563,149583264.00
2013/02/06,8.74,8.86,8.68,8.70,14124430,123567048.00
2013/02/07,8.70,8.75,8.52,8.60,10514561,90653960.00
2013/02/08,8.59,8.87,8.56,8.79,12999176,114138552.00
2013/02/18,8.84,9.52,8.74,9.34,35543394,326990720.00
2013/02/19,9.19,9.59,9.09,9.19,25543008,238983504.00
2013/02/20,9.19,9.29,8.91,9.21,16757993,151993392.00
2013/02/21,9.10,9.10,8.68,8.80,16119630,143778272.00
2013/02/22,8.77,9.04,8.67,8.73,11153779,98739856.00
2013/02/25,8.77,8.94,8.70,8.82,9444605,83392472.00
2013/02/26,8.82,9.29,8.57,9.03,27155310,244099040.00
2013/02/27,8.99,9.34,8.94,9.29,32739944,301403424.00
2013/02/28,9.32,9.38,9.11,9.31,28382167,262702496.00
2013/03/01,9.24,9.39,9.14,9.24,18984700,175752144.00
2013/03/04,9.08,9.56,8.89,9.39,45965911,430314080.00
2013/03/05,9.39,9.51,9.19,9.39,27688285,259303232.00
2013/03/06,9.38,9.81,9.19,9.77,41414865,393356128.00
2013/03/07,10.07,10.75,9.80,10.75,89825670,924835072.00
2013/03/08,11.28,11.83,11.18,11.70,100911629,1171170048.00
2013/03/11,11.32,11.47,10.53,10.54,62776434,685642368.00
2013/03/12,10.50,11.60,10.22,11.60,83392445,933924608.00
2013/03/13,11.39,12.65,11.09,11.14,100054144,1193949696.00
2013/03/14,10.87,11.74,10.78,11.43,61910926,699381056.00
2013/03/15,11.14,11.39,10.83,10.92,42855287,474634656.00
2013/03/18,10.79,11.14,10.22,10.56,46319509,489353536.00
2013/03/19,10.37,10.46,9.68,10.08,43463547,437032288.00
2013/03/20,10.09,10.38,9.91,10.29,34179896,349142464.00
2013/03/21,10.38,11.09,10.31,10.73,51361645,556326208.00
2013/03/22,10.52,10.68,10.34,10.51,31435523,329361280.00
2013/03/25,10.44,11.56,10.44,11.56,61030845,688729856.00
2013/03/26,11.95,12.31,11.59,11.76,74947136,895809472.00
2013/03/27,11.72,12.94,11.72,12.66,82675971,1046925248.00
2013/03/28,12.33,13.36,11.90,12.35,83865053,1066216640.00
2013/03/29,12.32,13.28,12.30,12.92,62816119,808252992.00
2013/04/01,12.76,12.92,12.05,12.21,51939123,645456512.00
2013/04/02,12.07,13.24,12.01,12.68,59287094,760444608.00
2013/04/03,12.39,12.49,11.78,12.04,43588592,527511264.00
2013/04/08,11.69,11.73,10.91,11.57,33264010,379040096.00
2013/04/09,11.59,12.69,11.38,12.43,49935062,606822912.00
2013/04/10,12.19,12.94,12.05,12.18,55351887,690947712.00
2013/04/11,12.52,12.96,12.08,12.27,43555330,545595584.00
2013/04/12,11.99,12.30,11.66,11.79,35303385,419828832.00
2013/04/15,11.74,12.02,11.42,11.90,27988171,331412192.00
2013/04/16,11.72,12.06,11.52,11.92,26027284,308759776.00
2013/04/17,12.14,12.54,12.01,12.13,32175168,393540032.00
2013/04/18,12.03,12.03,11.59,11.81,27338652,322534912.00
2013/04/19,11.69,12.08,11.69,11.93,27118275,323577984.00
2013/04/22,11.81,11.88,11.45,11.79,29844235,347795136.00
2013/04/23,11.85,12.38,11.74,11.83,43278035,523749792.00
2013/04/24,11.68,12.08,11.36,11.98,32643536,382618816.00
2013/04/25,11.86,12.08,11.39,11.49,29902105,351909600.00
2013/04/26,11.44,11.66,10.69,10.83,28736298,318456352.00
2013/05/02,10.78,10.98,10.56,10.85,16895485,182193712.00
2013/05/03,10.85,11.21,10.81,11.08,21669638,238840448.00
2013/05/06,10.98,11.38,10.80,11.27,23376515,261071360.00
2013/05/07,11.19,11.25,10.84,10.94,22298179,245691008.00
2013/05/08,10.85,11.24,10.84,11.10,15880346,176174752.00
2013/05/09,11.09,11.17,10.70,10.86,19453493,211928320.00
2013/05/10,10.75,10.93,10.69,10.87,14075709,152272528.00
2013/05/13,10.98,11.00,10.81,10.97,13396440,146579584.00
2013/05/14,10.91,11.24,10.91,11.09,22722691,252640848.00
2013/05/15,11.18,11.25,10.92,11.07,14624775,161647072.00
2013/05/16,11.07,11.13,10.77,11.09,18580110,203783520.00
2013/05/17,11.12,11.91,11.05,11.72,45396523,528993632.00
2013/05/20,11.63,12.18,11.51,12.08,40286901,477949440.00
2013/05/21,12.07,12.27,11.73,12.08,34759793,417375040.00
2013/05/22,12.00,12.34,11.81,12.14,35319950,428594560.00
2013/05/23,12.06,12.26,11.60,11.68,27735781,329673216.00
2013/05/24,11.70,11.86,11.59,11.68,15427965,180600704.00
2013/05/27,11.69,12.19,11.49,11.94,24940915,297785440.00
2013/05/28,11.88,12.67,11.69,12.40,53703607,661222656.00
2013/05/29,12.62,12.92,12.19,12.27,49074792,614863232.00
2013/05/30,12.17,12.57,12.10,12.20,23132086,283737248.00
2013/05/31,12.23,12.32,11.79,11.81,22947879,274525088.00
2013/06/03,11.71,11.99,11.71,11.79,11584451,137553008.00
2013/06/04,11.75,11.86,11.34,11.39,15712517,182128544.00
2013/06/05,11.32,11.48,11.24,11.42,9887774,112546912.00
2013/06/06,11.40,11.68,11.32,11.43,14815827,171019888.00
2013/06/07,11.43,11.76,10.85,10.96,17030138,191678880.00
2013/06/13,10.59,10.61,9.86,10.08,14964132,152106528.00
2013/06/14,10.08,10.34,10.08,10.22,9415733,96241432.00
2013/06/17,10.27,10.87,10.08,10.84,15926107,166309760.00
2013/06/18,10.59,11.05,10.59,10.80,15368874,166806464.00
2013/06/19,10.74,10.74,10.40,10.57,10332125,109233496.00
2013/06/20,10.37,10.58,10.02,10.04,10094623,103844112.00
2013/06/21,9.82,10.11,9.57,9.91,9736663,96142024.00
2013/06/24,9.98,10.05,8.92,8.92,13925147,129898760.00
2013/06/25,8.74,9.08,8.03,8.87,21601289,182236528.00
2013/06/26,8.85,9.05,8.52,8.97,15540542,137538448.00
2013/06/27,8.99,9.33,8.65,8.69,17299434,157308336.00
2013/06/28,8.75,8.99,8.52,8.71,13100653,114699080.00
2013/07/01,8.65,8.94,8.56,8.89,9870159,86594376.00
2013/07/02,8.84,9.11,8.79,9.10,15129278,136298896.00
2013/07/03,9.10,9.10,8.82,9.00,12898346,115714848.00
2013/07/04,8.84,9.22,8.71,9.07,17244696,155453696.00
2013/07/05,9.08,9.97,9.05,9.70,36966341,352869376.00
2013/07/08,9.42,9.70,8.95,9.00,22379571,210172096.00
2013/07/09,8.88,9.09,8.59,8.91,15285425,134731904.00
2013/07/10,8.91,9.47,8.79,9.25,19034740,174365472.00
2013/07/11,9.18,9.69,9.17,9.45,24635938,233474752.00
2013/07/12,9.39,9.84,9.34,9.45,23564572,225764560.00
2013/07/15,9.47,9.57,9.30,9.48,14704799,139366464.00
2013/07/16,9.45,9.85,9.41,9.67,20351729,196078816.00
2013/07/17,9.58,9.65,9.30,9.34,17043226,161825392.00
2013/07/18,9.34,9.58,9.30,9.35,12364640,116763504.00
2013/07/19,9.36,9.43,8.75,8.80,19628853,177582640.00
2013/07/22,8.69,9.07,8.49,9.04,18760385,164888336.00
2013/07/23,9.04,9.31,8.94,9.19,19805701,181459424.00
2013/07/24,9.13,9.34,8.92,9.09,18363798,167279024.00
2013/07/25,9.12,9.13,8.79,8.80,13435772,120261504.00
2013/07/26,8.81,8.94,8.70,8.85,9089718,80546416.00
2013/07/29,8.74,9.28,8.69,9.08,18285201,164660320.00
2013/07/30,9.13,9.32,8.77,8.97,22509041,204796064.00
2013/07/31,9.06,9.29,8.97,9.01,16030178,146399712.00
2013/08/01,9.01,9.91,9.00,9.65,49856866,476000768.00
2013/08/02,9.51,9.95,9.32,9.76,44318919,425922752.00
2013/08/05,9.65,9.94,9.55,9.76,26355632,257150720.00
2013/08/06,9.75,9.82,9.59,9.69,18753039,181607232.00
2013/08/07,9.64,9.86,9.42,9.64,24174728,233299328.00
2013/08/08,9.55,9.84,9.47,9.73,21840973,212082064.00
2013/08/09,9.69,9.77,9.43,9.51,19128640,183411952.00
2013/08/12,9.44,9.78,9.44,9.77,21003916,203461120.00
2013/08/13,9.74,9.84,9.65,9.70,17849851,173664144.00
2013/08/14,9.72,9.91,9.60,9.73,20895337,203824784.00
2013/08/15,9.68,9.93,9.64,9.78,26440358,259374080.00
2013/08/16,9.74,10.27,9.72,9.88,42732111,427793760.00
2013/08/19,9.74,9.82,9.50,9.74,19104533,185099696.00
2013/08/20,9.72,9.78,9.57,9.59,14682897,141855280.00
2013/08/21,9.58,9.68,9.46,9.61,13641833,130365992.00
2013/08/22,9.54,9.63,9.21,9.28,12670339,120317280.00
2013/08/23,9.21,9.40,9.12,9.31,13723561,127555632.00
2013/08/26,9.26,10.09,9.25,10.00,40832967,401023072.00
2013/08/27,9.88,10.14,9.82,9.93,33312756,333097920.00
2013/08/28,9.80,9.92,9.59,9.71,22018891,214454256.00
2013/08/29,9.79,10.47,9.77,10.19,42717006,436338880.00
2013/08/30,10.20,11.18,10.07,10.67,57351055,617944256.00
2013/09/02,10.42,10.97,9.74,10.95,46863440,489303840.00
2013/09/03,11.21,12.05,11.20,12.05,73988489,882218944.00
2013/09/04,12.39,13.07,11.84,12.19,111100138,1388748288.00
2013/09/05,11.48,11.99,11.28,11.71,53277941,620646528.00
2013/09/06,11.60,12.33,11.36,11.80,46862069,555561152.00
2013/09/09,11.81,12.48,11.59,11.90,50205182,607599104.00
2013/09/10,11.99,12.55,11.56,12.37,68595361,833726208.00
2013/09/11,12.15,12.96,11.75,12.01,68489317,844732672.00
2013/09/12,11.76,12.23,11.51,11.56,36885067,435724288.00
2013/09/13,11.63,11.84,11.43,11.58,20354411,236059440.00
2013/09/16,11.49,11.77,11.43,11.63,20848976,242202816.00
2013/09/17,11.77,12.13,11.43,11.46,37619328,445869472.00
2013/09/18,11.37,11.37,10.90,11.16,28751223,319023360.00
2013/09/23,11.15,11.73,11.14,11.62,28343920,326794816.00
2013/09/24,11.54,12.47,11.37,12.08,59157417,708707520.00
2013/09/25,11.99,12.67,11.89,12.08,55863729,685487424.00
2013/09/26,12.29,12.61,11.61,11.65,40038870,487896096.00
2013/09/27,11.44,11.49,10.49,10.84,34065919,371718016.00
2013/09/30,10.96,11.37,10.88,11.31,20389957,228240704.00
2013/10/08,11.30,11.99,11.11,11.48,30093420,351099648.00
2013/10/09,11.28,11.89,11.13,11.71,31870108,370808160.00
2013/10/10,11.72,11.84,11.40,11.44,26751469,310885824.00
2013/10/11,11.49,11.68,11.30,11.55,19357430,222694784.00
2013/10/14,11.68,12.11,11.65,11.91,37899785,453232032.00
2013/10/15,11.89,11.94,11.51,11.61,21771599,254836464.00
2013/10/16,11.52,11.53,10.79,10.91,24716910,272794720.00
2013/10/17,11.13,12.00,10.79,12.00,35959040,412596768.00
2013/10/18,12.11,12.48,11.77,11.89,47504735,575933824.00
2013/10/21,11.70,12.28,11.59,11.90,32971631,393730752.00
2013/10/22,11.92,13.09,11.76,13.09,96413326,1227702016.00
2013/10/23,12.79,13.07,12.25,12.37,52097940,657381760.00
2013/10/24,12.54,12.77,12.09,12.19,31823747,396613984.00
2013/10/25,12.38,12.47,11.24,11.66,32529478,382942784.00
2013/10/28,11.84,12.06,11.60,11.70,31533835,373773664.00
2013/10/29,11.33,11.33,10.59,11.17,36531078,402659744.00
2013/10/30,11.00,11.66,10.89,11.58,29140120,330205792.00
2013/10/31,11.69,11.86,11.17,11.19,29702208,342973376.00
2013/11/01,10.86,11.29,10.59,11.07,18776168,204454160.00
2013/11/04,11.07,11.17,10.81,10.99,11415711,125696368.00
2013/11/05,10.88,11.45,10.68,11.32,21167982,235704864.00
2013/11/06,11.17,11.28,10.92,10.93,17878624,199262992.00
2013/11/07,10.79,11.16,10.69,10.71,13649722,148446528.00
2013/11/08,10.46,10.66,10.24,10.37,15698600,164189504.00
2013/11/11,10.38,10.51,10.25,10.28,9381083,97523120.00
2013/11/12,10.25,10.37,9.64,10.07,17790966,177752720.00
2013/11/13,10.08,10.78,9.99,10.32,24798895,258126416.00
2013/11/14,10.14,10.57,10.09,10.24,16514565,170603360.00
2013/11/15,10.27,10.58,10.09,10.40,18572435,193234960.00
2013/11/18,10.47,10.97,10.39,10.80,24806167,266274800.00
2013/11/19,10.80,10.82,10.61,10.74,15568466,166620816.00
2013/11/20,10.74,11.15,10.70,10.99,22657736,247797088.00
2013/11/21,10.90,11.26,10.81,10.91,20866647,230560496.00
2013/11/22,10.84,11.03,10.55,10.58,15177267,162525888.00
2013/11/25,10.65,10.65,10.45,10.49,10047485,105836104.00
2013/11/26,10.39,11.11,10.39,10.90,24694653,268203104.00
2013/11/27,10.79,11.06,10.71,11.01,22456579,245144928.00
2013/11/28,11.00,11.24,10.88,10.89,25101671,278024320.00
2013/11/29,10.83,10.93,10.62,10.74,15820157,170111968.00
2013/12/02,10.44,10.57,9.80,10.01,19194613,196589248.00
2013/12/03,9.99,10.30,9.90,10.22,9298359,94647376.00
2013/12/04,10.26,10.49,10.26,10.33,12444735,129258864.00
2013/12/05,10.39,10.53,10.24,10.36,10618344,110469320.00
2013/12/06,10.37,10.44,10.16,10.20,7962857,81836776.00
2013/12/09,10.25,10.39,10.20,10.35,9686006,100073104.00
2013/12/10,10.36,10.65,10.23,10.50,15449219,161951648.00
2013/12/11,10.31,10.41,10.19,10.28,10526541,108165856.00
2013/12/12,10.28,10.34,10.17,10.20,7546039,77503704.00
2013/12/13,10.10,10.54,10.05,10.38,14067096,146200848.00
2013/12/16,10.27,10.34,10.03,10.04,10083842,102762632.00
2013/12/17,10.04,10.13,9.89,9.91,7945366,79308696.00
2013/12/18,9.92,9.99,9.78,9.82,5182170,51187920.00
2013/12/19,9.85,9.97,9.61,9.62,6050193,59039292.00
2013/12/20,9.71,9.77,9.11,9.27,9395798,87959088.00
2013/12/23,9.27,9.35,8.97,9.16,4986446,45645808.00
2013/12/24,9.49,9.77,9.34,9.57,11752210,112886704.00
2013/12/25,9.40,9.59,9.40,9.54,5471706,51933284.00
2013/12/26,9.55,9.55,9.14,9.15,7544625,70169768.00
2013/12/27,9.15,9.31,9.10,9.27,5235223,48384384.00
2013/12/30,9.47,9.55,9.37,9.49,6884034,65218116.00
2013/12/31,9.54,9.56,9.32,9.53,7568809,71723952.00
2014/01/02,9.45,9.52,9.42,9.44,4988397,47239556.00
2014/01/03,9.37,9.38,9.17,9.23,7037774,64968984.00
2014/01/06,9.20,9.20,8.79,8.80,7969277,71157712.00
2014/01/07,8.79,8.94,8.69,8.85,5172607,45801504.00
2014/01/08,8.92,9.03,8.79,8.86,4655934,41394712.00
2014/01/09,8.86,9.05,8.80,8.80,6006565,53564304.00
2014/01/10,8.76,8.84,8.39,8.43,6155578,52954560.00
2014/01/13,8.47,8.53,8.10,8.22,6170250,51388008.00
2014/01/14,8.44,8.59,8.41,8.51,6987417,59365888.00
2014/01/15,8.42,9.36,8.42,9.36,21438002,193919008.00
2014/01/16,9.29,9.65,9.15,9.32,22634210,212587312.00
2014/01/17,9.29,9.47,9.13,9.30,11858862,110626184.00
2014/01/20,9.44,9.47,9.00,9.04,8716763,80389584.00
2014/01/21,8.98,9.44,8.98,9.22,9224758,85507632.00
2014/01/22,9.12,9.63,9.12,9.47,14538274,137022352.00
2014/01/23,9.38,9.52,9.32,9.36,10259303,96370248.00
2014/01/24,9.28,9.47,9.25,9.34,8322534,78136320.00
2014/01/27,9.27,9.49,9.18,9.42,11050557,103350608.00
2014/01/28,9.38,9.42,9.17,9.19,6942180,64460704.00
2014/01/29,9.01,9.12,8.76,8.84,11966551,106493472.00
2014/01/30,8.84,8.91,8.79,8.83,4219131,37363020.00
2014/02/07,8.73,8.96,8.69,8.96,4231237,37659144.00
2014/02/10,8.97,9.27,8.97,9.23,9150291,83938136.00
2014/02/11,9.26,9.48,9.22,9.35,11311301,105867912.00
2014/02/12,9.29,10.02,9.26,9.91,29484097,285999936.00
2014/02/13,9.75,9.89,9.46,9.48,18538430,179428960.00
2014/02/14,9.44,9.74,9.44,9.60,9652677,93147536.00
2014/02/17,9.67,9.78,9.56,9.71,9772718,94809056.00
2014/02/18,9.83,10.05,9.67,9.80,18266376,180399312.00
2014/02/19,9.80,10.40,9.61,10.12,29121785,292615648.00
2014/02/20,9.98,11.13,9.89,10.95,55534500,592204928.00
2014/02/21,10.69,11.04,10.44,10.84,40222856,432353792.00
2014/02/24,11.03,11.03,10.41,10.64,23554918,250050464.00
2014/02/25,10.57,10.76,10.20,10.67,32579218,343229760.00
2014/02/26,11.29,11.29,10.32,10.87,46598926,499371936.00
2014/02/27,10.94,10.94,10.21,10.30,36061228,378898016.00
2014/02/28,10.37,10.42,9.68,9.91,23062955,229766432.00
2014/03/03,9.91,10.19,9.70,10.15,17060102,170585568.00
2014/03/04,10.01,10.31,9.95,10.22,17007342,172838272.00
2014/03/05,10.23,10.52,10.08,10.12,19532937,201290992.00
2014/03/06,10.01,10.03,9.72,9.79,15120951,148904560.00
2014/03/07,9.79,9.94,9.58,9.61,10520483,102385992.00
2014/03/10,9.46,9.52,9.04,9.08,10948248,100985944.00
2014/03/11,8.98,9.19,8.95,9.09,6475641,58913476.00
2014/03/12,9.14,9.20,8.97,9.04,6691654,60695704.00
2014/03/13,9.06,9.11,9.00,9.06,6091242,55174496.00
2014/03/14,8.99,9.02,8.85,8.91,6045039,54094464.00
2014/03/17,8.87,9.16,8.87,9.12,5738544,52034844.00
2014/03/18,9.14,9.29,9.13,9.20,7107496,65448848.00
2014/03/19,9.20,9.20,9.04,9.07,6044675,55028376.00
2014/03/20,9.09,9.20,8.85,8.87,7689831,70008680.00
2014/03/21,8.79,9.06,8.50,8.99,7114424,62999276.00
2014/03/24,8.97,9.15,8.96,9.08,6390163,58092624.00
2014/03/25,9.14,9.46,9.05,9.40,13576471,126102760.00
2014/03/26,9.34,9.53,9.26,9.33,9191617,86208352.00
2014/03/27,9.32,9.32,8.94,8.96,9183452,83924704.00
2014/03/28,8.89,9.03,8.72,8.79,7120108,63185472.00
2014/03/31,8.79,8.91,8.71,8.77,3818557,33663256.00
2014/04/01,8.78,8.98,8.78,8.91,4359790,38796548.00
2014/04/02,9.07,9.77,9.04,9.62,27616542,261348144.00
2014/04/03,9.58,9.84,9.40,9.66,22756367,219093056.00
2014/04/04,9.52,9.73,9.43,9.67,13837306,133252312.00
2014/04/08,9.52,9.94,9.40,9.89,20739761,201487408.00
2014/04/09,9.86,9.97,9.69,9.74,22599172,221521712.00
2014/04/10,9.75,9.78,9.51,9.56,15909241,152905792.00
2014/04/11,9.40,9.52,9.37,9.43,7858104,74288128.00
2014/04/14,9.39,9.49,9.31,9.43,6774818,63799808.00
2014/04/15,9.37,9.68,9.34,9.54,15160793,144985152.00
2014/04/16,9.46,9.70,9.25,9.54,14863552,141199776.00
2014/04/17,9.54,9.57,9.31,9.32,7589201,71563264.00
2014/04/18,9.29,9.36,9.20,9.25,6218610,57734048.00
2014/04/21,9.17,9.33,9.08,9.19,6959891,64056676.00
2014/04/22,9.14,9.22,8.86,9.01,7967030,71967968.00
2014/04/23,9.01,9.07,8.89,8.90,4315923,38733708.00
2014/04/24,8.91,8.96,8.67,8.70,7224962,63685480.00
2014/04/25,8.63,8.74,8.55,8.56,5552956,48092188.00
2014/04/28,8.55,8.59,8.22,8.24,4840224,40471568.00
2014/04/29,8.22,8.37,8.19,8.36,3865909,32021714.00
2014/04/30,8.37,8.46,8.30,8.44,3463220,29141196.00
2014/05/05,8.45,8.54,8.40,8.48,2625538,22254468.00
2014/05/06,8.49,8.52,8.38,8.45,3327078,28218072.00
2014/05/07,8.39,8.51,8.30,8.31,4123566,34673832.00
2014/05/08,8.26,8.41,8.20,8.28,3487737,29043132.00
2014/05/09,8.27,8.32,8.06,8.16,4851918,39667088.00
2014/05/12,8.20,8.45,8.18,8.41,6102615,50886860.00
2014/05/13,8.44,8.45,8.32,8.36,3453094,28965876.00
2014/05/14,8.37,8.42,8.34,8.38,2760516,23156102.00
2014/05/15,8.38,8.38,8.09,8.10,4193028,34510960.00
2014/05/16,8.09,8.16,8.05,8.12,2428074,19700562.00
2014/05/19,8.16,8.36,8.08,8.17,4655880,38355996.00
2014/05/20,8.22,8.33,8.07,8.11,3677524,30155428.00
2014/05/21,8.10,8.17,8.04,8.14,3093762,25121072.00
2014/05/22,8.16,8.22,8.06,8.08,4719196,38492308.00
2014/05/23,8.05,8.16,8.05,8.14,3054155,24822556.00
2014/05/26,8.17,8.64,8.13,8.46,13191585,111519320.00
2014/05/27,8.47,8.58,8.33,8.34,7904140,66742504.00
2014/05/28,8.34,8.45,8.28,8.41,5030736,42120404.00
2014/05/29,8.40,8.41,8.18,8.19,4934347,41024056.00
2014/05/30,8.22,8.25,8.13,8.20,2913788,23902636.00
2014/06/03,8.21,8.24,8.11,8.11,3940507,32161020.00
2014/06/04,8.11,8.26,8.08,8.15,5722567,46799268.00
2014/06/05,8.15,8.18,8.06,8.17,4851626,39496056.00
2014/06/06,8.22,8.22,8.09,8.10,3256531,26533290.00
2014/06/09,8.15,8.16,8.06,8.08,2819054,22867120.00
2014/06/10,8.09,8.17,8.06,8.15,3596945,29232412.00
2014/06/11,8.13,8.41,8.08,8.26,7652112,63103304.00
2014/06/12,8.20,8.32,8.16,8.21,7531618,61994128.00
2014/06/13,8.19,8.36,8.16,8.25,10215918,84613344.00
2014/06/16,8.29,8.57,8.21,8.40,14558454,122535208.00
2014/06/17,8.33,8.36,8.21,8.24,8293134,68693880.00
2014/06/18,8.20,8.25,8.10,8.10,5953383,48621256.00
2014/06/19,8.10,8.23,7.66,7.87,6995311,56437800.00
2014/06/20,7.90,7.90,7.71,7.83,4222760,33021996.00
2014/06/23,7.87,7.96,7.84,7.87,3920903,31019446.00
2014/06/24,7.87,8.02,7.83,7.96,4780404,37936656.00
2014/06/25,7.92,7.96,7.79,7.88,4643537,36522448.00
2014/06/26,7.86,8.11,7.82,7.96,6593840,52809768.00
2014/06/27,7.89,8.45,7.89,8.22,14597003,119975464.00
2014/06/30,8.18,8.25,8.12,8.18,6613245,54050240.00
2014/07/01,8.21,8.47,8.16,8.34,15672711,131165712.00
2014/07/02,8.28,8.43,8.25,8.35,9367783,78155544.00
2014/07/03,8.32,8.37,8.26,8.33,6232267,51947332.00
2014/07/04,8.35,8.35,8.19,8.22,6380733,52678356.00
2014/07/07,8.22,8.29,8.11,8.16,7044803,57681564.00
2014/07/08,8.19,8.19,8.09,8.18,3854712,31403392.00
2014/07/09,8.18,8.23,8.04,8.05,6085840,49549740.00
2014/07/10,8.06,8.10,8.03,8.04,3579501,28870292.00
2014/07/11,8.04,8.10,8.00,8.08,3564976,28761094.00
2014/07/14,8.08,8.15,8.08,8.13,4042778,32824084.00
2014/07/15,8.16,8.16,8.06,8.11,4434527,35951324.00
2014/07/16,8.11,8.25,8.03,8.21,8656842,70927536.00
2014/07/17,8.17,8.18,8.03,8.07,6560829,53134760.00
2014/07/18,8.06,8.23,8.02,8.18,7901601,64473104.00
2014/07/21,8.15,8.30,8.14,8.23,10466044,86243152.00
2014/07/22,8.20,8.26,8.10,8.22,9442988,77383232.00
2014/07/23,8.23,8.44,8.16,8.27,13316343,110671600.00
2014/07/24,8.29,8.33,8.13,8.17,12100245,99591920.00
2014/07/25,8.17,8.34,8.11,8.32,13771008,113844688.00
2014/07/28,8.31,8.53,8.29,8.47,21102395,177983296.00
2014/07/29,8.47,8.88,8.39,8.74,32962020,286288768.00
2014/07/30,8.67,8.74,8.54,8.68,16441473,142269312.00
2014/07/31,8.67,8.88,8.62,8.74,15793056,138670928.00
2014/08/01,8.74,8.87,8.51,8.53,15736368,137073104.00
2014/08/04,8.51,8.64,8.51,8.59,9735188,83645464.00
2014/08/05,8.60,8.88,8.51,8.78,20484740,178757312.00
2014/08/06,8.69,9.07,8.61,8.97,23929934,212586192.00
2014/08/07,8.87,9.06,8.77,8.79,15825401,141062912.00
2014/08/08,8.77,8.85,8.66,8.72,8836860,77312528.00
2014/08/11,8.73,8.95,8.70,8.87,12190411,107915648.00
2014/08/12,8.91,8.96,8.81,8.86,10427355,92569584.00
2014/08/13,8.85,8.87,8.66,8.73,11548204,101068312.00
2014/08/14,8.73,8.94,8.66,8.80,14677182,129859048.00
2014/08/15,8.78,8.91,8.73,8.82,9793248,86495288.00
2014/08/18,8.82,8.89,8.77,8.87,10333971,91420560.00
2014/08/19,8.91,9.34,8.83,9.18,33854765,308168224.00
2014/08/20,9.16,9.25,8.98,9.01,19321502,175979040.00
2014/08/21,8.99,9.14,8.87,8.95,12776021,114988496.00
2014/08/22,8.90,9.27,8.85,9.15,20087838,182889920.00
2014/08/25,9.10,9.24,8.99,9.01,12584715,114496920.00
2014/08/26,9.02,9.03,8.66,8.69,10862553,95804416.00
2014/08/27,8.67,8.75,8.58,8.60,6408513,55521400.00
2014/08/28,8.57,8.71,8.55,8.56,5236564,45171708.00
2014/08/29,8.54,8.67,8.54,8.63,4557487,39288492.00
2014/09/01,8.60,8.78,8.60,8.75,6380727,55525784.00
2014/09/02,8.77,8.87,8.74,8.85,8844454,78054848.00
2014/09/03,8.87,9.28,8.81,9.05,24886810,226465344.00
2014/09/04,8.99,9.07,8.93,9.03,11781882,106082168.00
2014/09/05,8.99,9.24,8.99,9.06,20211603,184220880.00
2014/09/09,9.06,9.17,8.99,9.10,12541756,113990544.00
2014/09/10,9.06,9.58,9.02,9.44,47167216,443101760.00
2014/09/11,9.35,9.83,9.25,9.59,47081354,451309120.00
2014/09/12,9.47,9.57,9.36,9.51,17837092,169081632.00
2014/09/15,9.49,9.70,9.46,9.64,18327465,175710512.00
2014/09/16,9.69,9.87,9.20,9.28,26418326,254000784.00
2014/09/17,9.35,9.82,9.15,9.55,27058613,258012640.00
2014/09/18,9.41,9.62,9.22,9.43,19368136,182426704.00
2014/09/19,9.44,10.37,9.40,10.37,46834003,467190848.00
2014/09/22,10.59,11.16,10.41,10.78,87811255,951008448.00
2014/09/23,11.05,11.86,11.05,11.37,88175120,1015490624.00
2014/09/24,11.35,11.67,11.05,11.54,74968515,853820224.00
2014/09/25,11.53,11.89,11.29,11.65,67822060,786534912.00
2014/09/26,11.49,12.07,11.40,11.57,67326706,790858304.00
2014/09/29,11.56,11.67,11.27,11.49,39970800,458729248.00
2014/09/30,11.39,11.45,10.64,10.79,62288023,682208576.00
2014/10/08,10.81,10.94,10.69,10.91,25936672,280978880.00
2014/10/09,10.84,11.06,10.62,11.00,35363754,385574464.00
2014/10/10,10.84,11.03,10.74,10.91,23280977,253264736.00
2014/10/13,10.87,10.88,10.63,10.79,20198625,216754656.00
2014/10/14,10.79,10.97,10.72,10.87,20742200,225346896.00
2014/10/15,10.82,11.07,10.77,11.02,27828348,305451744.00
2014/10/16,10.92,11.15,10.59,10.61,31241011,343300768.00
2014/10/17,10.46,10.60,10.20,10.35,26971771,280798816.00
2014/10/20,10.43,10.57,10.31,10.48,16608762,173859920.00
2014/10/21,10.35,10.49,10.07,10.10,17825074,183191952.00
2014/10/22,10.12,10.24,10.03,10.21,13405858,136308400.00
2014/10/23,10.14,10.46,9.97,10.26,18732219,192216768.00
2014/10/24,10.27,10.33,10.11,10.16,12182573,124559760.00
2014/10/27,10.09,10.36,9.88,10.29,12927864,131893512.00
2014/10/28,10.24,10.55,10.19,10.51,18958941,197962464.00
2014/10/29,10.49,10.69,10.41,10.59,22810622,241043712.00
2014/10/30,10.56,10.94,10.50,10.59,27585707,295615264.00
2014/10/31,10.54,10.61,10.15,10.30,20852602,215662192.00
2014/11/03,10.24,10.55,10.22,10.43,14396239,149910752.00
2014/11/04,10.34,10.44,10.18,10.35,14264672,147332672.00
2014/11/05,10.35,11.02,10.30,10.84,47438492,509892160.00
2014/11/06,10.69,10.76,10.51,10.68,20675097,220022224.00
2014/11/07,10.65,10.90,10.50,10.57,24711249,265435200.00
2014/11/10,10.54,10.61,10.31,10.59,16942335,177539472.00
2014/11/11,10.58,10.95,10.44,10.93,42797317,460332256.00
2014/11/12,10.88,11.14,10.64,11.07,40283040,442565728.00
2014/11/13,11.06,11.25,10.77,10.79,30832981,338873920.00
2014/11/14,10.79,10.85,10.22,10.40,20452876,214706624.00
2014/11/17,10.33,10.68,10.26,10.53,14437155,151408880.00
2014/11/18,10.45,11.19,10.41,10.83,34406170,373804544.00
2014/11/19,10.74,10.90,10.59,10.83,21179833,227644416.00
2014/11/20,10.74,11.04,10.68,10.75,22155125,241059008.00
2014/11/21,10.99,11.17,10.67,10.76,27453840,298457440.00
2014/11/24,10.78,11.14,10.63,11.07,33865864,370585152.00
2014/11/25,11.07,11.13,10.92,11.09,28003421,308699424.00
2014/11/26,11.14,11.33,10.87,11.01,27793897,308586688.00
2014/11/27,10.99,11.39,10.99,11.37,40477097,452944640.00
2014/11/28,11.38,11.38,11.00,11.12,26777609,299312704.00
2014/12/01,11.09,11.22,10.81,11.13,25047863,275672736.00
2014/12/02,11.07,11.19,10.99,11.08,20553355,227723056.00
2014/12/03,11.37,11.68,11.09,11.21,41984768,478581792.00
2014/12/04,11.21,11.26,11.02,11.23,29848344,332701088.00
2014/12/05,11.17,11.21,10.19,10.54,29641854,318619424.00
2014/12/08,10.49,10.77,10.29,10.59,20959355,221783952.00
2014/12/09,10.56,11.04,10.25,10.27,34243559,366355136.00
2014/12/10,10.20,10.44,10.06,10.44,21264987,218733728.00
2014/12/11,10.37,10.70,10.20,10.64,25026615,261368336.00
2014/12/12,10.65,10.68,10.48,10.52,14908328,157378544.00
2014/12/15,10.48,10.68,10.38,10.65,14964712,158370864.00
2014/12/16,10.68,10.72,10.51,10.58,14266135,151290096.00
2014/12/17,10.54,10.56,10.11,10.22,17047947,175310896.00
2014/12/18,10.22,10.34,10.14,10.20,10851972,111199472.00
2014/12/19,10.21,10.26,9.84,10.03,14841018,148921392.00
2014/12/22,10.21,10.38,9.33,10.33,32465168,323456416.00
2014/12/23,10.13,10.17,9.49,9.56,14960193,146799136.00
2014/12/24,9.59,9.73,9.46,9.66,7466858,71705152.00
2014/12/25,9.66,9.82,9.60,9.70,8465595,82153104.00
2014/12/26,9.74,10.01,9.55,9.87,14255079,139835216.00
2014/12/29,9.71,9.77,9.38,9.42,13616848,130211040.00
2014/12/30,9.48,9.65,9.09,9.16,9450849,88877336.00
2014/12/31,9.24,9.37,8.99,9.19,11096114,102368624.00
2015/01/05,9.29,9.57,9.22,9.49,12889741,122029496.00
2015/01/06,9.39,9.79,9.34,9.69,15523420,148766848.00
2015/01/07,9.63,9.71,9.52,9.59,9699801,93177648.00
2015/01/08,9.64,9.65,9.49,9.54,7942830,76041024.00
2015/01/09,9.54,9.99,9.39,9.47,12096820,117047168.00
2015/01/12,9.47,9.69,8.99,9.48,10462807,99431392.00
2015/01/13,9.29,9.53,9.20,9.50,8200242,76818072.00
2015/01/14,9.47,9.55,9.26,9.36,6534180,61596444.00
2015/01/15,9.36,9.49,9.35,9.48,6513516,61592588.00
2015/01/16,9.50,9.60,9.41,9.58,9177692,87466072.00
2015/01/19,9.49,9.56,8.85,8.99,13093232,121708488.00
2015/01/20,9.09,9.30,9.06,9.29,9254808,84967072.00
2015/01/21,9.37,9.58,9.28,9.52,13035981,122953488.00
2015/01/22,9.51,9.74,9.41,9.67,14726785,141895760.00
2015/01/23,9.64,9.89,9.54,9.58,14790900,143805776.00
2015/01/26,9.60,9.86,9.58,9.78,11587087,113128720.00
2015/01/27,9.73,9.93,9.70,9.91,16443471,162057920.00
2015/01/28,9.94,9.96,9.79,9.81,9933614,98117672.00
2015/01/29,9.74,9.98,9.68,9.82,11094025,109541856.00
2015/01/30,9.84,9.94,9.74,9.78,8780323,86422536.00
2015/02/02,9.69,9.88,9.59,9.65,8035392,78439072.00
2015/02/03,9.72,9.75,9.48,9.63,8155364,78354288.00
2015/02/04,9.63,9.68,9.49,9.51,9222903,88505344.00
2015/02/05,9.59,9.63,9.39,9.41,7998709,75980688.00
2015/02/06,9.35,9.38,9.10,9.16,7776481,71891912.00
2015/02/09,9.19,9.24,9.12,9.15,4041450,37136780.00
2015/02/10,9.18,9.27,9.15,9.26,4713796,43405676.00
2015/02/11,9.24,9.36,9.22,9.25,4632772,43047596.00
2015/02/12,9.27,9.67,9.26,9.55,11862946,112548600.00
2015/02/13,9.56,9.61,9.45,9.55,9875788,94396080.00
2015/02/16,9.56,9.65,9.51,9.62,9768813,93834824.00
2015/02/17,9.62,9.91,9.62,9.81,16080500,157713152.00
2015/02/25,9.89,10.18,9.85,10.03,23692990,238072496.00
2015/02/26,9.99,10.21,9.89,10.08,18597516,187233936.00
2015/02/27,10.21,10.44,9.98,10.38,34105162,348779488.00
2015/03/02,10.31,10.69,10.20,10.67,35312052,366886080.00
2015/03/03,10.49,10.69,10.37,10.38,23285810,244803264.00
2015/03/04,10.40,10.53,10.27,10.38,16728062,173460432.00
2015/03/05,10.40,10.45,10.20,10.40,17308757,178842048.00
2015/03/06,10.44,10.44,10.22,10.27,12578099,129884208.00
2015/03/09,10.24,10.54,10.23,10.46,15154422,158203072.00
2015/03/10,10.45,10.74,10.39,10.58,19390728,204975072.00
2015/03/11,10.69,10.77,10.33,10.35,16651809,175027792.00
2015/06/24,11.39,11.39,11.39,11.39,2392366,27249048.00
2015/06/25,12.53,12.53,12.53,12.53,3019349,37832444.00
2015/06/26,12.33,12.33,11.28,11.30,70652805,836771200.00
2015/06/29,11.30,12.43,11.11,12.43,82338948,985357632.00
2015/06/30,12.60,13.67,11.60,13.08,98433691,1255662976.00
2015/07/01,12.37,13.04,11.77,11.77,67319298,840378432.00
2015/07/02,12.30,12.95,12.00,12.95,66019301,843521728.00
2015/07/03,12.50,13.57,11.66,11.66,90539357,1150764800.00
2015/07/06,12.25,12.70,10.49,10.49,64814465,734059584.00
2015/07/07,9.45,9.45,9.44,9.44,5183101,48939588.00
2015/07/10,9.80,10.38,9.60,10.38,58637018,600867328.00
2015/07/13,10.39,11.42,10.18,11.42,67845170,739383424.00
2015/07/14,11.04,11.90,10.60,11.06,70926721,801139136.00
2015/07/15,10.70,10.75,9.95,9.95,33661294,343421248.00
2015/07/16,8.96,10.06,8.96,9.34,44539367,418215872.00
2015/07/17,9.20,10.08,9.10,9.85,39698557,382718464.00
2015/07/20,9.70,10.09,9.51,9.94,39890424,392531616.00
2015/07/21,9.77,10.48,9.58,10.25,41235614,417988512.00
2015/07/22,10.08,10.30,9.73,10.04,31911624,320572256.00
2015/07/23,10.06,10.70,10.05,10.61,42536571,443694848.00
2015/07/24,10.66,10.80,10.10,10.18,43297789,454846560.00
2015/07/27,9.85,10.05,9.16,9.16,28686870,277741856.00
2015/07/28,8.24,9.00,8.24,8.58,35320296,297934528.00
2015/07/29,8.55,9.00,8.01,8.98,30127191,259602912.00
2015/07/30,8.75,9.11,8.20,8.29,25752120,225555536.00
2015/07/31,8.10,8.34,7.79,8.04,21636164,175622208.00
2015/08/03,7.95,8.26,7.81,8.07,18675740,149948832.00
2015/08/04,8.11,8.56,8.06,8.53,20858188,173630448.00
2015/08/05,8.46,8.58,8.21,8.34,20807899,174916736.00
2015/08/06,8.18,8.88,8.03,8.68,21440074,181491200.00
2015/08/07,8.68,8.85,8.60,8.79,22912758,200330864.00
2015/08/10,8.77,9.20,8.73,9.14,26073162,234022160.00
2015/08/11,9.05,9.28,8.98,9.11,29112343,265248832.00
2015/08/12,8.97,9.80,8.88,9.12,42359285,394818496.00
2015/08/13,8.88,9.52,8.82,9.47,34385588,317994432.00
2015/08/14,9.62,9.62,9.22,9.32,25551996,240090400.00
2015/08/17,9.21,9.60,9.09,9.53,23808021,222000240.00
2015/08/18,9.45,9.80,8.72,9.10,37424858,350104480.00
2015/08/19,8.95,10.01,8.89,10.01,63429899,612895296.00
2015/08/20,9.99,10.79,9.81,9.98,77824996,802506112.00
2015/08/21,9.53,9.69,8.98,8.98,42557035,390435680.00
2015/08/24,8.48,8.48,8.08,8.08,14061859,114485048.00
2015/09/08,7.27,7.83,7.27,7.78,27156500,200826112.00
2015/09/09,7.60,8.11,7.50,7.90,32542004,253901184.00
2015/09/10,7.75,7.97,7.61,7.65,17374398,135583312.00
2015/09/11,7.70,7.78,7.51,7.74,16230100,124322152.00
2015/09/14,7.75,7.92,6.97,6.97,24003516,177304560.00
2015/09/15,6.60,6.78,6.27,6.27,21327702,137137952.00
2015/09/16,6.31,6.90,6.10,6.76,20335029,131662768.00
2015/09/17,6.63,6.86,6.38,6.41,19961326,132891992.00
2015/09/18,6.43,6.55,6.32,6.44,11264764,72602344.00
2015/09/21,6.36,6.67,6.28,6.63,12593270,82578768.00
2015/09/22,6.65,6.92,6.60,6.82,17089365,116158040.00
2015/09/23,6.67,6.77,6.51,6.59,13666614,90822280.00
2015/09/24,6.63,6.89,6.60,6.86,14392509,96857344.00
2015/09/25,6.78,6.94,6.43,6.54,15662900,105385352.00
2015/09/28,6.56,6.70,6.51,6.64,8625843,57066340.00
2015/09/29,6.51,6.85,6.47,6.63,12642064,84107216.00
2015/09/30,6.62,7.29,6.62,7.29,17562991,125350496.00
2015/10/08,8.02,8.02,8.02,8.02,6853565,54965592.00
2015/10/09,8.30,8.57,8.01,8.21,61751990,509515424.00
2015/10/12,8.13,8.91,8.08,8.47,55417640,466770048.00
2015/10/13,8.31,9.08,8.28,8.69,48326407,420252608.00
2015/10/14,8.68,8.68,8.14,8.21,43246358,360456736.00
2015/10/15,8.20,8.38,8.10,8.37,28655294,237094736.00
2015/10/16,8.40,8.48,8.18,8.46,32779030,273192672.00
2015/10/19,8.40,8.78,8.37,8.52,33809067,289451104.00
2015/10/20,8.38,8.77,8.34,8.65,33483511,287483904.00
2015/10/21,8.50,8.56,7.79,7.79,34234041,280956608.00
2015/10/22,7.77,8.01,7.61,7.94,21165893,166206192.00
2015/10/23,8.00,8.35,7.92,8.20,24427557,198909136.00
2015/10/26,8.22,9.02,8.22,9.02,22455309,197582752.00
2015/10/27,9.01,9.34,8.40,9.14,48001789,431305600.00
2015/10/28,8.92,9.00,8.49,8.61,26176353,230010512.00
2015/10/29,8.73,8.82,8.45,8.69,16868898,145903184.00
2015/10/30,8.66,8.79,8.40,8.57,14855450,128161488.00
2015/11/02,8.33,9.15,8.27,8.79,27741817,243023120.00
2015/11/03,9.06,9.67,8.94,9.39,58034805,544055936.00
2015/11/04,9.15,9.71,9.01,9.65,48646513,455285440.00
2015/11/05,9.50,9.63,9.29,9.34,33392879,315299584.00
2015/11/06,9.30,9.46,9.29,9.41,19389278,182004144.00
2015/11/09,9.28,9.87,9.11,9.67,33020367,315258016.00
2015/11/10,9.80,9.90,9.40,9.55,26806014,258734688.00
2015/11/11,9.50,9.62,9.35,9.53,18184906,172415616.00
2015/11/12,9.66,9.97,9.55,9.66,24377943,238001984.00
2015/11/13,9.46,10.10,9.22,10.02,35862469,350422912.00
2015/11/16,9.85,10.16,9.71,10.14,23280051,231043424.00
2015/11/17,10.19,10.26,9.75,9.77,26900290,269809472.00
2015/11/18,9.75,10.24,9.57,9.82,22041371,216892288.00
2015/11/19,9.74,10.04,9.74,9.98,15083348,149092272.00
2015/11/20,9.98,10.22,9.84,9.86,18121110,181121824.00
2015/11/23,9.78,10.35,9.71,10.17,24471333,247106160.00
2015/11/24,10.08,10.68,10.08,10.41,24718582,257503840.00
2015/11/25,10.31,10.56,10.21,10.50,17001947,177035408.00
2015/11/26,10.50,11.36,10.41,10.94,28183712,307327232.00
2015/11/27,10.91,11.36,10.04,10.09,30043325,324313184.00
2015/11/30,10.33,11.10,10.14,11.10,39159693,418519136.00
2015/12/01,11.00,11.90,11.00,11.58,44547480,511630720.00
2015/12/02,11.44,11.89,10.78,11.15,27230957,309474976.00
2015/12/03,10.98,12.27,10.92,12.22,44737430,534144160.00
2015/12/04,11.90,12.82,11.70,12.48,44924613,550974272.00
2015/12/07,12.20,12.76,12.15,12.21,26637648,329794976.00
2015/12/08,12.22,12.73,12.00,12.06,23286072,287448480.00
2015/12/09,11.80,13.27,11.80,13.27,45282322,582646912.00
2015/12/10,13.40,14.60,13.27,14.60,37239494,525801824.00
2015/12/11,15.07,15.80,13.80,14.12,53687493,774790272.00
2015/12/14,14.00,14.72,13.72,14.30,38377743,543769472.00
2015/12/15,14.03,15.73,13.93,15.73,47987183,721654784.00
2015/12/16,15.70,16.70,15.10,15.86,53507007,849238016.00
2015/12/17,15.82,16.15,15.57,16.01,37533103,596184064.00
2015/12/18,15.85,16.00,15.01,15.23,36363383,560450112.00
2015/12/21,15.18,15.68,14.73,15.64,33857268,514230336.00
2015/12/22,15.55,15.55,14.90,15.07,24276556,368378688.00
2015/12/23,15.07,15.17,14.22,14.37,31333093,456687712.00
2015/12/24,14.55,14.96,14.40,14.54,21475786,314114976.00
2015/12/25,14.62,15.10,14.34,14.70,22189000,327028064.00
2015/12/28,14.50,14.64,14.05,14.07,23020197,328513120.00
2015/12/29,14.07,14.30,13.96,14.20,14093263,199469280.00
2015/12/30,14.13,14.27,13.36,13.75,31133564,427270944.00
2015/12/31,13.75,13.98,13.33,13.41,16843236,230777008.00
2016/01/04,13.41,13.49,12.07,12.07,19967788,248847952.00
2016/01/05,11.30,11.85,10.86,11.22,29547583,333040000.00
2016/01/06,11.30,11.92,11.16,11.85,25387823,292157664.00
2016/01/07,11.55,11.64,10.67,10.67,6629100,73945744.00
2016/01/18,9.60,10.19,9.60,9.83,44669035,434393600.00
2016/01/19,9.60,10.64,9.50,10.31,31664755,316609312.00
2016/01/20,10.13,10.52,9.80,10.15,29454532,299967904.00
2016/01/21,9.94,10.22,9.14,9.14,27339956,266139952.00
2016/01/22,9.21,9.30,8.50,9.19,26365087,237896736.00
2016/01/25,9.20,9.87,9.15,9.74,31282216,296154080.00
2016/01/26,9.53,9.53,8.77,8.77,26580460,241875792.00
2016/01/27,8.62,9.20,8.25,9.07,27192173,239667504.00
2016/01/28,8.81,9.00,8.16,8.24,22931488,197129344.00
2016/01/29,8.31,8.85,8.11,8.73,20581988,175725312.00
2016/02/01,8.67,8.85,8.19,8.44,16430166,140422640.00
2016/02/02,8.45,8.98,8.44,8.80,17424058,152628704.00
2016/02/03,8.62,9.68,8.56,9.68,32932719,301002080.00
2016/02/04,9.70,9.98,9.50,9.82,33609626,327157824.00
2016/02/05,9.73,9.74,9.25,9.31,19598594,186361680.00
2016/02/15,8.89,9.53,8.84,9.46,15734324,144938080.00
2016/02/16,9.39,10.41,9.39,10.41,38809852,396524192.00
2016/02/17,10.20,10.47,10.11,10.39,32300544,333048576.00
2016/02/18,10.27,10.70,10.27,10.60,30930931,324351808.00
2016/02/19,10.50,10.76,10.27,10.69,23881164,250968192.00
2016/02/22,10.94,10.97,10.60,10.77,26898758,289572800.00
2016/02/23,10.70,11.19,10.60,11.13,28388844,310202240.00
2016/12/28,12.00,12.24,11.50,12.24,29932169,360181216.00
2016/12/29,12.50,13.37,11.60,11.66,86428933,1073239936.00
2016/12/30,11.51,12.83,11.51,12.83,83717297,1051932672.00
2017/01/03,12.95,14.11,12.62,14.11,80950784,1074946944.00
2017/01/04,14.85,15.52,14.61,15.52,34490140,520783264.00
2017/01/05,16.78,17.07,15.88,16.37,134301638,2226790144.00
2017/01/06,16.36,16.55,14.79,15.14,109024355,1716280448.00
2017/01/09,14.96,15.20,14.41,14.82,71933511,1064295552.00
2017/01/10,14.66,15.63,14.66,14.84,80927723,1215936128.00
2017/01/11,14.30,14.75,13.75,14.07,63214729,900325888.00
2017/01/12,14.10,14.33,13.81,14.02,39679401,557653376.00
2017/01/13,14.01,14.03,12.71,12.81,48226697,648103424.00
2017/01/16,12.90,13.04,11.53,11.87,52451367,642270464.00
2017/01/17,11.87,12.69,11.73,12.19,53599847,651429696.00
2017/01/18,12.23,13.27,12.13,12.59,69021528,873132224.00
2017/01/19,12.16,12.58,12.00,12.26,47803693,586745664.00
2017/01/20,12.29,13.00,12.16,12.58,48192781,608214592.00
2017/01/23,12.26,13.09,12.25,12.99,48155140,605287104.00
2017/01/24,12.83,13.04,12.30,12.36,38577356,487894176.00
2017/01/25,12.15,12.29,11.80,11.93,33741083,405830624.00
2017/01/26,11.95,12.44,11.75,12.01,27276338,330914656.00
2017/02/03,12.00,12.26,11.90,12.05,16822105,203391456.00
2017/02/06,12.23,13.10,12.23,12.82,51713821,657232256.00
2017/02/07,12.62,13.06,12.59,12.92,43860613,560842944.00
2017/02/08,12.78,12.89,12.58,12.84,26339602,335705760.00
2017/02/09,12.77,12.93,12.70,12.87,24581758,314499008.00
2017/02/10,12.89,13.40,12.70,12.72,46001980,600873728.00
2017/02/13,12.40,12.43,12.02,12.30,34340105,419861024.00
2017/02/14,12.31,12.49,12.16,12.45,24046851,296694112.00
2017/02/15,12.34,12.44,11.90,11.95,25314101,307673376.00
2017/02/16,11.91,12.45,11.82,12.30,25085560,305378528.00
2017/02/17,12.29,12.29,11.92,11.98,17245713,208399680.00
2017/02/20,11.95,12.13,11.69,12.00,16446003,195385760.00
2017/02/21,12.06,12.28,11.90,12.19,17076147,206736576.00
2017/02/22,12.17,12.34,12.03,12.17,16063671,195408320.00
2017/02/23,12.12,12.20,11.74,11.79,18970354,225514656.00
2017/02/24,11.64,12.00,11.57,11.93,19178693,226070592.00
2017/02/27,11.84,12.06,11.79,11.88,12934993,153940960.00
2017/02/28,11.97,12.15,11.80,12.05,13901879,166482400.00
2017/03/01,12.02,12.55,11.86,12.39,36902605,452702752.00
2017/03/02,12.30,12.50,12.16,12.35,26934308,332084544.00
2017/03/03,12.37,13.59,12.23,13.59,64696216,833810560.00
2017/03/06,13.79,14.95,13.60,14.95,89608502,1272281216.00
2017/03/07,14.98,15.00,13.88,14.06,76922660,1098978432.00
2017/03/08,14.14,15.47,14.03,15.47,80898126,1221119360.00
2017/03/09,15.50,16.99,14.87,16.08,123027188,1948860160.00
2017/03/10,15.60,16.21,15.23,15.34,74188704,1159072512.00
2017/03/13,15.02,15.05,14.50,14.76,61452112,905431872.00
2017/03/14,14.72,14.88,14.55,14.58,45417968,666385920.00
2017/03/15,14.45,14.45,13.93,13.96,50452086,710231616.00
2017/03/16,14.05,14.25,13.90,14.03,41350219,582689536.00
2017/03/17,13.99,14.85,13.82,14.36,65683469,946723584.00
2017/03/20,14.35,14.78,14.06,14.74,52509005,764723072.00
2017/03/21,14.56,14.67,14.09,14.15,40340323,577229952.00
2017/03/22,14.00,15.57,13.83,15.57,71957131,1061685888.00
2017/03/23,15.97,17.10,15.70,16.30,121778408,1996344960.00
2017/03/24,16.80,17.93,16.66,17.93,116025512,2029402752.00
2017/03/29,17.42,17.62,16.30,17.26,94408236,1608356480.00
2017/03/30,17.05,17.98,15.53,15.53,101686405,1644152832.00
2017/03/31,14.99,15.16,13.98,13.98,67502901,968562688.00
2017/04/05,13.85,14.39,13.84,14.10,43312150,613983744.00
2017/04/06,13.96,14.81,13.85,14.35,51756228,745651840.00
2017/04/07,14.21,14.48,13.98,14.11,34509233,489649376.00
2017/04/10,13.90,14.10,12.70,12.84,54300502,712521344.00
2017/04/11,12.75,13.78,12.75,13.62,46711994,620264256.00
2017/04/12,13.50,13.57,13.00,13.01,27921102,369657920.00
2017/04/13,12.97,14.30,12.89,14.06,60837962,841586368.00
2017/04/14,13.80,14.11,13.52,14.04,38156346,525310912.00
2017/04/17,13.86,13.99,13.28,13.74,25169155,347009696.00
2017/04/18,13.58,14.27,13.50,13.63,29122439,405169664.00
2017/04/19,13.50,13.50,12.80,13.09,27160081,355054240.00
2017/04/20,12.96,13.27,11.78,12.19,33005879,413512000.00
2017/04/21,12.16,12.70,11.66,12.47,28975146,353317312.00
2017/04/24,12.20,12.35,11.80,12.12,16697078,202255040.00
2017/04/25,12.26,12.36,11.86,12.05,17082384,207227968.00
2017/04/26,12.05,12.47,11.87,12.29,21179036,258935024.00
2017/04/27,12.10,12.60,11.90,12.44,25004839,309096352.00
2017/04/28,12.31,13.15,12.26,12.84,29868347,381939840.00
2017/05/02,12.65,12.82,12.53,12.76,18257131,231169504.00
2017/05/03,12.72,13.24,12.70,12.86,23288426,301606144.00
2017/05/04,12.80,12.80,12.42,12.46,19042287,238919968.00
2017/05/05,12.29,12.36,11.70,11.75,21817400,261904080.00
2017/05/08,11.80,11.97,11.61,11.69,12200930,144016112.00
2017/05/09,11.80,11.92,11.61,11.91,9717526,114905936.00
2017/05/10,11.91,12.15,10.72,10.73,26509904,300381760.00
2017/05/11,10.42,10.59,9.72,10.39,25420080,258761280.00
2017/05/12,10.28,10.49,10.10,10.13,12671067,130128032.00
2017/05/15,10.49,10.49,10.04,10.15,12553126,128810064.00
2017/05/16,10.06,10.38,9.57,10.30,20763051,206297216.00
2017/05/17,10.44,11.33,10.30,11.33,25106908,274396896.00
2017/05/18,11.50,12.28,11.33,11.80,49999488,589130624.00
2017/05/19,11.60,11.65,11.14,11.36,26331577,299313504.00
2017/05/22,11.36,12.17,11.30,11.54,30469079,359587360.00
2017/05/23,11.60,11.70,10.40,10.50,26910435,295742208.00
2017/05/24,10.04,11.27,10.04,11.14,24107585,261748080.00
2017/05/25,11.17,11.41,10.82,11.29,21674351,241238208.00
2017/05/26,11.31,11.77,11.10,11.18,22009788,252372256.00
2017/05/31,11.42,11.59,10.85,10.96,17373116,194662704.00
2017/06/01,10.99,11.25,10.45,10.75,17013858,184333648.00
2017/06/02,10.65,11.09,10.50,10.96,15265871,164940720.00
2017/06/05,11.03,11.64,10.81,11.50,24455158,275706816.00
2017/06/06,11.31,11.70,11.30,11.57,18506222,212445664.00
2017/06/07,11.43,12.01,11.42,11.85,26395945,310384928.00
2017/06/08,11.90,11.97,11.56,11.77,18642794,218698800.00
2017/06/09,11.61,11.76,11.34,11.57,16309513,187866208.00
2017/06/12,11.52,12.73,11.45,12.73,48791003,597550208.00
2017/06/13,12.91,13.32,12.44,12.92,63724133,822442880.00
2017/06/14,12.75,13.65,12.61,13.19,57353940,756851392.00
2017/06/15,12.90,13.23,12.70,13.19,36406902,471133600.00
2017/06/16,13.30,13.43,12.86,12.88,24616258,320521088.00
2017/06/19,12.74,13.33,12.66,13.06,24762354,320561120.00
2017/06/20,12.91,13.04,12.71,12.82,19578264,251500944.00
2017/06/21,12.80,12.98,12.70,12.86,15381917,197563808.00
2017/06/22,12.83,12.95,12.12,12.13,30148781,374844512.00
2017/06/23,12.26,12.57,12.12,12.39,19577692,242045104.00
2017/06/26,12.47,12.65,12.37,12.48,14333502,178838080.00
2017/06/27,12.42,12.88,12.25,12.79,26191114,329325216.00
2017/06/28,12.69,13.00,12.50,12.65,20043046,254942608.00
2017/06/29,12.66,12.84,12.54,12.67,13428502,170337312.00
2017/06/30,12.55,13.94,12.52,13.94,49972267,673039872.00
2017/07/03,14.01,14.20,13.66,13.95,56531937,786537344.00
2017/07/04,13.94,13.99,13.43,13.70,32361505,442373056.00
2017/07/05,13.59,13.88,13.51,13.71,25319518,346799456.00
2017/07/06,13.59,13.77,13.36,13.65,25984306,352663392.00
2017/07/07,13.50,14.33,13.44,13.80,54997457,770194432.00
2017/07/10,13.58,13.67,13.21,13.28,31117739,416158272.00
2017/08/02,13.28,13.28,13.28,13.28,0,0.00
数据来源:通达信
