603517 绝味食品 日线 前复权
      日期	    开盘	    最高	    最低	    收盘	    成交量	    成交额
2017/03/17,18.98,22.84,18.98,22.84,19706,456202.00
2017/03/20,25.16,25.16,25.16,25.16,5800,147842.00
2017/03/21,27.71,27.71,27.71,27.71,7493,210104.00
2017/03/22,30.51,30.51,30.51,30.51,13600,419424.00
2017/03/23,33.59,33.59,33.59,33.59,33031,1120412.00
2017/03/24,36.98,36.98,36.98,36.98,51030,1903929.00
2017/03/27,40.71,40.71,40.71,40.71,40300,1653912.00
2017/03/28,44.81,44.81,44.81,44.81,110205,4974654.00
2017/03/29,49.32,49.32,49.32,49.32,310983,15440306.00
2017/03/30,54.29,54.29,54.29,54.29,2399597,131065984.00
2017/03/31,54.29,58.67,50.19,50.23,28368946,1532726144.00
2017/04/05,46.00,47.12,45.17,45.17,18168168,837059712.00
2017/04/06,44.68,48.44,44.25,46.89,16262751,762082496.00
2017/04/07,46.07,46.62,45.22,45.45,9085587,419022496.00
2017/04/10,44.67,44.87,40.87,40.87,12190695,518872224.00
2017/04/11,39.86,42.17,38.95,42.04,9866953,406415104.00
2017/04/12,41.17,41.78,40.36,40.54,5488611,227380880.00
2017/04/13,40.07,41.62,40.07,40.55,3964971,163363856.00
2017/04/14,40.34,40.60,39.45,39.57,3627469,145730720.00
2017/04/17,37.47,38.12,36.27,37.29,5297598,199326144.00
2017/04/18,37.55,39.02,37.50,38.03,4238572,162791728.00
2017/04/19,37.87,40.32,37.63,40.22,6289231,249901728.00
2017/04/20,39.77,41.11,39.23,40.83,6098760,247194464.00
2017/04/21,41.07,41.66,40.03,40.24,3363812,137870592.00
2017/04/24,39.98,40.64,37.44,40.46,4023999,161753728.00
2017/04/25,40.37,41.12,39.95,40.37,3914793,159812464.00
2017/04/26,39.89,41.11,39.66,40.12,4208983,171086800.00
2017/04/27,39.92,42.17,38.68,41.93,8108754,333632160.00
2017/04/28,41.87,42.50,41.38,41.48,4921892,207261376.00
2017/05/02,41.29,41.80,40.53,40.68,3660065,151382816.00
2017/05/03,40.73,41.07,38.77,39.88,5482922,219617264.00
2017/05/04,39.48,39.52,38.57,38.83,3441423,135669248.00
2017/05/05,38.17,39.05,37.67,38.14,2845895,110048584.00
2017/05/08,37.79,38.97,37.79,38.41,2660644,103562480.00
2017/05/09,38.22,39.33,38.17,39.07,2576185,101027752.00
2017/05/10,39.05,39.33,36.70,37.29,3664017,141146208.00
2017/05/11,37.00,37.72,35.97,37.68,3720312,138085008.00
2017/05/12,37.65,38.03,37.22,37.88,2407587,91572960.00
2017/05/15,38.22,38.32,37.70,37.96,1919060,73622632.00
2017/05/16,37.85,39.07,37.27,39.02,2373460,91461184.00
2017/05/17,39.02,39.31,38.48,38.74,2509799,98539344.00
2017/05/18,38.27,38.54,37.48,37.77,2080104,79833528.00
2017/05/19,37.64,37.94,37.20,37.29,1432093,54223424.00
2017/05/22,37.19,37.54,35.28,35.84,3026395,110673488.00
2017/05/23,35.45,35.96,34.47,34.56,2049995,72761664.00
2017/05/24,34.54,34.94,33.67,34.81,1578393,54973000.00
2017/05/25,34.67,35.05,33.68,34.71,1767159,61459464.00
2017/05/26,34.90,35.48,34.50,34.95,1586844,55477716.00
2017/05/31,36.01,36.85,35.47,35.51,2953096,107225400.00
2017/06/01,35.23,35.70,34.10,34.17,1716331,59995288.00
2017/06/02,33.98,34.89,33.41,34.76,1785605,60981588.00
2017/06/05,35.17,35.79,34.80,34.99,1715008,60520312.00
2017/06/06,34.63,35.09,34.62,35.01,764477,26663638.00
2017/06/07,34.94,36.50,34.94,36.43,2926275,105501232.00
2017/06/08,36.45,36.45,35.80,35.89,1578536,56956756.00
2017/06/09,35.90,36.47,35.75,36.31,1329290,47938104.00
2017/06/12,36.15,37.35,35.99,36.39,2174815,79676136.00
2017/06/13,36.10,37.49,36.05,37.36,3190381,117827440.00
2017/06/14,37.11,37.51,36.72,37.19,2789443,103393352.00
2017/06/15,36.92,37.83,36.92,37.37,2424386,90732776.00
2017/06/16,37.50,37.50,36.00,36.53,2507481,91906200.00
2017/06/19,36.47,36.71,35.90,36.09,1790359,64645868.00
2017/06/20,36.30,36.43,36.00,36.10,1303505,47151072.00
2017/06/21,36.15,36.29,35.70,36.01,1257073,45205368.00
2017/06/22,36.04,36.19,34.40,34.58,2168521,76683432.00
2017/06/23,34.50,34.60,33.71,34.59,1607079,54938940.00
2017/06/26,34.56,34.93,34.05,34.89,1226843,42546940.00
2017/06/27,34.73,35.19,34.62,34.77,911835,31840180.00
2017/06/28,34.86,34.86,34.20,34.31,879830,30283256.00
2017/06/29,34.20,34.55,34.01,34.21,1055992,36157476.00
2017/06/30,34.15,35.38,34.03,34.87,2039972,70750760.00
2017/07/03,34.81,35.17,34.63,34.98,1327448,46331384.00
2017/07/04,34.96,35.61,34.93,35.23,1569956,55302948.00
2017/07/05,35.05,35.48,35.05,35.31,1426739,50254352.00
2017/07/06,35.33,35.59,34.75,35.09,1400890,49222540.00
2017/07/07,35.01,36.00,34.86,35.78,2818929,100550200.00
2017/07/10,35.60,35.60,34.45,34.57,2393638,83551616.00
2017/07/11,34.30,34.59,33.50,33.54,2234040,75857928.00
2017/07/12,33.51,34.38,33.42,34.21,1873850,63486688.00
2017/07/13,34.12,34.29,33.50,33.62,1511745,51186216.00
2017/07/14,33.53,34.12,33.51,33.69,852505,28794952.00
2017/07/17,33.48,33.49,30.78,31.01,2544900,80550424.00
2017/07/18,31.20,31.44,30.86,31.23,1008399,31387556.00
2017/07/19,31.19,31.43,30.88,31.34,946388,29499172.00
2017/07/20,31.28,31.97,31.11,31.30,1270044,40112780.00
2017/07/21,31.33,31.55,31.04,31.21,749650,23433044.00
2017/07/24,31.10,32.51,31.02,31.90,1120169,35590600.00
2017/07/25,31.79,32.15,31.76,31.89,612639,19567784.00
2017/07/26,31.95,31.95,31.01,31.13,806100,25260584.00
2017/07/27,31.19,31.94,31.00,31.65,1119088,35271568.00
2017/07/28,31.64,32.24,31.33,31.43,863300,27355280.00
2017/08/02,30.59,30.59,30.59,30.59,0,0.00
数据来源:通达信
