600069 银鸽投资 日线 前复权
      日期	    开盘	    最高	    最低	    收盘	    成交量	    成交额
2010/10/08,5.53,5.70,5.52,5.65,16659779,93583136.00
2010/10/11,5.66,5.79,5.60,5.74,25205682,143908832.00
2010/10/12,5.74,5.81,5.67,5.71,23282570,133584032.00
2010/10/13,5.71,5.77,5.66,5.74,23272703,132792160.00
2010/10/14,5.73,5.78,5.58,5.60,26598946,150882496.00
2010/10/15,5.56,5.89,5.53,5.82,40591122,232422176.00
2010/10/18,5.83,6.03,5.73,5.93,56828247,335209184.00
2010/10/19,5.89,6.01,5.85,5.96,33088928,196212896.00
2010/10/20,5.86,5.95,5.77,5.85,39079426,228822864.00
2010/10/21,5.85,5.88,5.69,5.75,27899933,160424896.00
2010/10/22,5.74,5.82,5.70,5.75,22707938,130731784.00
2010/10/25,5.79,5.96,5.73,5.94,40768012,238473760.00
2010/10/26,5.98,6.07,5.94,5.98,57363535,344571008.00
2010/10/27,6.00,6.00,5.86,5.89,30116890,178029312.00
2010/10/28,5.86,5.93,5.80,5.84,19096177,111634688.00
2010/10/29,5.85,5.88,5.76,5.85,16798257,97639896.00
2010/11/01,5.88,5.94,5.85,5.93,30044010,176942320.00
2010/11/02,5.94,5.95,5.81,5.87,30096078,176670784.00
2010/11/03,5.87,5.89,5.78,5.79,21563260,125632832.00
2010/11/04,5.79,5.99,5.76,5.96,29144931,170035648.00
2010/11/05,5.98,6.56,5.95,6.56,78601851,497985312.00
2010/11/08,6.70,6.98,6.60,6.79,156996543,1069376832.00
2010/11/09,6.79,7.00,6.51,6.94,77379083,517224448.00
2010/11/10,6.86,6.96,6.72,6.82,50168381,343164448.00
2010/11/11,6.72,7.00,6.60,6.64,56713901,386541312.00
2010/11/12,6.60,6.64,6.05,6.09,51030836,323463776.00
2010/11/15,6.02,6.30,6.02,6.28,29889268,184024992.00
2010/11/16,6.25,6.46,6.10,6.15,36537743,228000928.00
2010/11/17,6.02,6.20,5.92,5.98,19586215,118899664.00
2010/11/18,6.02,6.09,5.89,6.01,17578658,105100704.00
2010/11/19,6.06,6.09,5.84,6.04,17954631,107435488.00
2010/11/22,5.99,6.12,5.94,6.04,20878471,125829680.00
2010/11/23,6.02,6.04,5.66,5.79,18880934,110029776.00
2010/11/24,5.75,5.90,5.70,5.87,15199273,88699024.00
2010/11/25,5.88,5.99,5.84,5.97,19363473,114861384.00
2010/11/26,5.97,5.97,5.81,5.86,14489247,85005024.00
2010/11/29,5.85,6.28,5.80,6.19,41953325,257426144.00
2010/11/30,6.18,6.27,5.83,6.06,27768113,167984448.00
2010/12/01,6.03,6.08,5.93,6.02,13396192,80371792.00
2010/12/02,6.14,6.30,6.07,6.14,25853469,159953664.00
2010/12/03,6.11,6.18,6.02,6.14,13767013,84162664.00
2010/12/06,6.14,6.17,5.96,6.01,13541457,81528728.00
2010/12/07,5.98,6.06,5.93,6.05,11179807,67023104.00
2010/12/08,6.05,6.08,5.95,5.96,10290828,61585636.00
2010/12/09,5.94,5.94,5.77,5.78,13315859,77715936.00
2010/12/10,5.75,5.90,5.72,5.87,7755153,45269924.00
2010/12/13,5.87,5.95,5.85,5.94,18057216,106641368.00
2010/12/14,5.93,6.08,5.90,6.02,16702126,99993840.00
2010/12/15,6.01,6.07,5.94,5.97,11409686,68423120.00
2010/12/16,5.96,6.03,5.91,5.92,9196902,54713740.00
2010/12/17,5.94,5.97,5.90,5.95,6594996,39172792.00
2010/12/20,5.93,5.98,5.75,5.84,13147416,77001872.00
2010/12/21,5.83,6.05,5.81,6.02,16734930,99662032.00
2010/12/22,6.03,6.06,5.92,5.93,7358159,43984288.00
2010/12/23,5.88,5.93,5.80,5.82,9026903,52826712.00
2010/12/24,5.86,5.86,5.74,5.79,6640032,38391560.00
2010/12/27,5.79,5.84,5.53,5.56,10202633,58347464.00
2010/12/28,5.53,5.59,5.43,5.47,8935112,48963800.00
2010/12/29,5.52,5.60,5.45,5.57,5784641,31936356.00
2010/12/30,5.55,5.58,5.47,5.50,4608920,25387266.00
2010/12/31,5.52,5.68,5.52,5.64,6283829,35307480.00
2011/01/04,5.67,5.73,5.61,5.67,6779455,38522552.00
2011/01/05,5.69,5.99,5.63,5.94,23529821,137932960.00
2011/01/11,6.53,6.53,6.53,6.53,9218233,60195060.00
2011/01/12,7.18,7.18,7.18,7.18,8669614,62247828.00
2011/01/13,7.70,7.70,6.93,7.15,187417310,1368389248.00
2011/01/14,7.38,7.87,7.23,7.87,157213938,1199274368.00
2011/01/17,7.20,7.88,7.20,7.42,98171465,743840320.00
2011/01/18,7.70,8.16,7.58,8.16,37238699,298100320.00
2011/01/19,8.68,8.98,8.50,8.98,25826085,228077696.00
2011/01/20,9.59,9.85,8.61,9.19,147148688,1349126528.00
2011/01/21,8.90,9.08,8.48,8.75,90479139,791875840.00
2011/01/24,8.60,8.71,8.01,8.07,79280627,659982528.00
2011/01/25,7.96,8.09,7.60,7.82,63622546,495639136.00
2011/01/26,7.89,8.13,7.73,8.00,56468907,448365376.00
2011/01/27,7.86,8.17,7.64,7.99,57384292,453865792.00
2011/01/28,7.90,8.15,7.82,7.98,46528829,372369632.00
2011/01/31,8.01,8.28,7.71,8.26,58987868,471386880.00
2011/02/01,8.15,8.47,7.89,7.91,52632807,430837024.00
2011/02/09,7.76,8.70,7.63,8.61,73855044,605273728.00
2011/02/10,8.44,8.79,8.30,8.67,60218077,516722208.00
2011/02/11,8.67,8.97,8.53,8.57,50008570,435082976.00
2011/02/14,8.50,8.90,8.48,8.71,48039558,417195648.00
2011/02/15,8.72,8.95,8.56,8.65,58779845,514684000.00
2011/02/16,8.57,8.70,8.43,8.58,37118359,317024800.00
2011/02/17,8.60,9.09,8.46,8.90,68870718,608372864.00
2011/02/18,8.90,8.90,8.56,8.71,33317895,289642048.00
2011/02/21,8.64,8.88,8.57,8.79,32627554,286060960.00
2011/02/22,8.78,8.78,8.07,8.09,49134251,412140640.00
2011/02/23,8.00,8.35,8.00,8.27,26123240,214493808.00
2011/02/24,8.29,8.66,8.13,8.44,31586395,267901120.00
2011/02/25,8.43,9.28,8.33,9.28,59105342,528449888.00
2011/02/28,9.50,9.76,9.18,9.41,85686755,810818048.00
2011/03/01,9.28,10.35,9.21,10.24,108623067,1100187008.00
2011/03/02,10.03,10.21,9.53,10.08,70080102,695737280.00
2011/03/03,9.99,10.08,9.56,9.67,46254495,453244064.00
2011/03/04,9.85,10.63,9.71,10.33,67619383,695837632.00
2011/03/07,10.30,11.32,10.20,11.15,83050013,901674432.00
2011/03/08,10.98,12.27,10.93,12.27,135188154,1619714432.00
2011/03/10,11.80,12.19,11.05,11.31,146185372,1681530880.00
2011/03/11,11.24,11.75,10.90,11.14,112458367,1274544640.00
2011/03/14,10.91,11.56,10.77,11.25,74624810,836937152.00
2011/03/15,11.22,11.25,10.50,10.76,71578940,777204480.00
2011/03/16,10.73,11.10,10.48,10.89,57021136,616961408.00
2011/03/17,10.66,10.79,10.26,10.36,47281795,497791520.00
2011/03/18,10.46,11.18,10.46,10.75,56818926,618321856.00
2011/03/21,10.78,10.99,10.51,10.86,36621389,394358496.00
2011/03/22,10.86,11.95,10.61,11.82,95628381,1099002112.00
2011/03/23,11.71,12.56,11.59,12.24,94622714,1152522240.00
2011/03/24,12.17,12.47,11.93,12.23,56000042,683336832.00
2011/03/25,12.18,12.27,11.71,11.90,62921178,747758720.00
2011/03/28,11.75,12.48,11.55,12.21,70325814,847010304.00
2011/03/29,12.04,12.04,11.03,11.07,73917464,853461312.00
2011/03/30,11.08,11.35,10.76,10.99,38789326,428981504.00
2011/03/31,10.85,11.30,10.71,11.14,32557852,359211168.00
2011/04/01,11.00,11.57,11.00,11.43,37571163,427857280.00
2011/04/06,11.46,11.55,11.10,11.25,29100108,326753568.00
2011/04/07,11.28,11.28,10.82,11.04,27197486,298791968.00
2011/04/08,11.00,11.96,10.91,11.67,46788650,540654656.00
2011/04/11,11.62,11.62,11.30,11.34,32318107,369912096.00
2011/04/12,11.23,11.87,11.13,11.45,37646912,436582688.00
2011/04/13,11.36,11.55,11.14,11.46,22574384,255995840.00
2011/04/14,11.47,11.74,11.26,11.32,26090263,298463104.00
2011/04/15,11.32,11.40,10.79,11.02,42660009,469984928.00
2011/04/18,11.00,11.39,10.76,11.27,30958844,342934912.00
2011/04/19,11.11,11.84,10.89,11.32,54456607,622228544.00
2011/04/20,11.20,11.80,11.08,11.48,36358271,416830848.00
2011/04/21,11.90,12.63,11.61,12.63,107027596,1308467072.00
2011/04/22,12.90,12.99,11.98,12.02,92063807,1151485184.00
2011/04/25,12.36,12.95,12.01,12.41,86114142,1082983936.00
2011/04/26,12.00,12.01,11.17,11.33,57495060,667603520.00
2011/04/27,11.30,11.65,11.00,11.35,36102878,409519264.00
2011/04/28,11.27,11.35,10.89,10.99,27299601,302755584.00
2011/04/29,10.99,11.47,10.90,11.31,26490905,297124608.00
2011/05/03,11.28,11.88,11.15,11.71,36621274,423960928.00
2011/05/04,11.59,12.38,11.49,12.13,68669190,821563328.00
2011/05/05,11.89,12.28,11.71,11.89,39863071,477180416.00
2011/05/06,11.69,11.83,11.31,11.68,34946685,405016096.00
2011/05/09,11.62,12.23,11.60,12.19,46131557,551164992.00
2011/05/10,12.10,12.56,12.01,12.29,52796520,648008576.00
2011/05/11,12.20,13.00,12.10,12.64,78423357,991329856.00
2011/05/13,12.38,12.50,11.71,12.01,55561730,668938176.00
2011/05/16,12.08,12.36,11.90,12.15,33785760,410079712.00
2011/05/17,12.04,12.14,11.35,11.52,40992220,477770208.00
2011/05/18,11.40,11.70,11.30,11.55,20277450,233830496.00
2011/05/19,11.57,11.80,11.48,11.62,19448275,226289856.00
2011/05/20,12.00,12.38,11.81,11.93,49474711,597893376.00
2011/05/23,11.76,11.89,11.35,11.36,32721012,377853184.00
2011/05/24,11.41,11.98,11.41,11.82,28937114,339017024.00
2011/05/25,11.85,11.85,11.36,11.56,25569995,295002912.00
2011/05/26,11.56,11.66,10.47,10.48,51364973,559164288.00
2011/05/27,10.38,10.38,9.50,9.50,36594762,357226496.00
2011/05/30,9.33,9.46,8.93,9.17,20115886,185490144.00
2011/05/31,9.04,9.85,9.01,9.77,26325965,253745568.00
2011/06/01,9.71,10.18,9.63,10.02,22236434,221997952.00
2011/06/02,9.70,9.89,9.47,9.78,18432338,178999872.00
2011/06/03,9.71,10.15,9.71,9.97,17282234,172640672.00
2011/06/07,9.92,10.09,9.82,10.05,14502779,145127696.00
2011/06/08,10.04,10.48,9.71,10.20,26450259,267719136.00
2011/06/09,9.97,10.18,9.83,9.86,17751692,177425120.00
2011/06/10,9.77,9.91,9.61,9.88,13467320,131234392.00
2011/06/13,9.76,9.83,9.55,9.79,10169995,98495152.00
2011/06/14,9.83,10.09,9.72,9.98,14236719,141801040.00
2011/06/15,9.91,10.09,9.87,9.94,14110198,140852048.00
2011/06/16,9.81,9.82,9.51,9.52,15128578,145546320.00
2011/06/17,9.41,9.66,9.15,9.25,10544863,99584400.00
2011/06/20,9.15,9.15,8.69,8.94,15342609,136896912.00
2011/06/21,8.96,9.15,8.92,9.13,10990063,99361248.00
2011/06/22,9.14,9.16,8.93,9.04,8087484,73179184.00
2011/06/23,9.01,9.31,8.73,9.29,14485492,130940344.00
2011/06/24,9.28,10.07,9.17,9.82,29372964,288342720.00
2011/06/27,9.72,9.92,9.70,9.82,16842968,165322496.00
2011/06/28,9.82,9.87,9.65,9.78,10225642,99461464.00
2011/06/29,9.79,9.85,9.49,9.50,12854898,124012984.00
2011/06/30,9.46,9.77,9.46,9.62,10713101,103365392.00
2011/07/01,9.67,10.06,9.64,9.88,21296164,211120656.00
2011/07/04,9.87,10.17,9.82,10.03,22462865,225035760.00
2011/07/05,10.04,10.13,9.88,10.06,18146471,181314464.00
2011/07/06,9.99,10.45,9.84,10.29,24906401,251971920.00
2011/07/07,10.28,10.37,10.06,10.07,17741560,180609584.00
2011/07/08,10.03,10.28,10.00,10.10,11983742,121355696.00
2011/07/11,10.02,10.13,9.91,10.02,9866528,98849320.00
2011/07/12,9.96,9.96,9.70,9.73,12751503,125340960.00
2011/07/13,9.73,10.02,9.73,9.97,9947120,98759096.00
2011/07/14,9.96,10.20,9.96,10.19,17043594,172258208.00
2011/07/15,10.72,11.21,10.72,11.21,28656405,319039008.00
2011/07/18,11.69,11.83,11.27,11.45,72541425,837142400.00
2011/07/19,10.60,10.99,10.60,10.70,47644688,511862944.00
2011/07/20,10.69,10.86,10.29,10.54,30246683,318175552.00
2011/07/21,10.50,10.51,10.28,10.41,17252373,178788192.00
2011/07/22,10.41,10.56,10.28,10.36,15877484,165138752.00
2011/07/25,10.29,10.29,9.66,9.68,24761174,245603280.00
2011/07/26,9.68,9.85,9.54,9.79,13245445,128845616.00
2011/07/27,9.78,10.00,9.50,9.92,14638276,143265392.00
2011/07/28,9.75,9.82,9.65,9.77,10839153,105420816.00
2011/07/29,9.77,9.79,9.58,9.59,10291283,99519816.00
2011/08/01,9.39,9.62,9.22,9.58,13295248,125060240.00
2011/08/02,9.46,9.91,9.41,9.85,18778923,182401456.00
2011/08/03,9.73,9.86,9.58,9.65,11326677,110188984.00
2011/08/04,9.74,9.75,9.62,9.68,8376309,81034672.00
2011/08/05,9.20,9.48,9.00,9.05,15099215,139673344.00
2011/08/08,8.93,8.93,8.15,8.20,24109036,204200256.00
2011/08/09,7.95,8.43,7.63,8.23,20676775,166059232.00
2011/08/10,8.50,8.64,8.31,8.38,15994815,135229296.00
2011/08/11,8.04,8.75,8.04,8.57,21234450,181045312.00
2011/08/12,8.62,8.87,8.58,8.68,17568699,153206144.00
2011/08/15,8.72,9.15,8.64,9.03,19813371,176496512.00
2011/08/16,8.98,9.08,8.82,8.86,13485812,120402600.00
2011/08/17,8.78,9.10,8.77,8.88,10368911,92913656.00
2011/08/18,8.78,8.90,8.53,8.59,9572583,83088560.00
2011/08/19,8.29,8.47,8.24,8.43,7947211,66487304.00
2011/08/22,8.41,8.63,8.39,8.45,6463231,54881040.00
2011/08/23,8.49,8.56,8.40,8.55,6256421,53139872.00
2011/08/24,8.60,8.70,8.51,8.52,7016897,60375008.00
2011/08/25,8.51,8.90,8.50,8.80,12885412,112671056.00
2011/08/26,8.75,8.79,8.65,8.76,8423628,73458064.00
2011/08/29,8.69,8.69,8.56,8.58,6652061,57274156.00
2011/08/30,8.68,8.96,8.65,8.71,14598365,128277000.00
2011/08/31,8.68,8.89,8.61,8.75,8820025,77203216.00
2011/09/01,8.69,8.88,8.50,8.52,8051561,69651328.00
2011/09/02,8.42,8.53,8.23,8.30,7233903,60340216.00
2011/09/05,8.17,8.17,8.01,8.05,6991720,56434236.00
2011/09/06,7.96,8.13,7.92,8.06,4253284,34217088.00
2011/09/07,8.10,8.27,8.07,8.26,5713344,46723792.00
2011/09/08,8.34,8.38,8.11,8.13,4739398,39050048.00
2011/09/09,8.13,8.24,8.05,8.19,4378990,35665716.00
2011/09/13,8.14,8.14,8.00,8.08,3771409,30407998.00
2011/09/14,8.10,8.15,7.88,8.11,5866953,47134080.00
2011/09/15,8.18,8.49,8.14,8.22,9711190,80851064.00
2011/09/16,8.25,8.34,8.14,8.18,4868017,40003024.00
2011/09/19,8.18,8.18,7.98,7.99,4700409,37734980.00
2011/09/20,7.96,8.09,7.92,8.02,4210656,33668112.00
2011/09/21,8.02,8.31,7.98,8.26,7707181,63155672.00
2011/09/22,8.26,8.96,8.19,8.44,27826446,240193904.00
2011/09/23,8.09,8.37,8.02,8.29,10524034,86445200.00
2011/09/26,8.19,8.35,8.03,8.09,7186347,58863636.00
2011/09/27,8.16,8.24,8.06,8.21,5410343,44137700.00
2011/09/28,8.26,8.40,8.10,8.13,9039915,74735616.00
2011/09/29,8.00,8.08,7.68,7.71,10090834,79176816.00
2011/09/30,7.76,7.80,7.50,7.62,4838945,36993132.00
2011/10/10,7.66,7.82,7.56,7.64,4325628,33252134.00
2011/10/11,7.89,7.90,7.50,7.60,6012497,46266972.00
2011/10/12,7.59,7.89,7.46,7.88,12061497,93234704.00
2011/10/13,7.88,8.03,7.80,7.95,9555707,75702192.00
2011/10/14,7.87,7.96,7.76,7.87,6781797,53118712.00
2011/10/17,7.96,8.08,7.81,7.98,8436226,67092480.00
2011/10/18,7.99,7.99,7.65,7.66,6348824,49394956.00
2011/10/19,7.67,7.85,7.60,7.70,5164185,39788860.00
2011/10/20,7.71,7.71,7.33,7.41,6576895,49035116.00
2011/10/21,7.38,7.48,7.09,7.18,6423919,46494276.00
2011/10/24,7.00,7.32,7.00,7.28,5429396,39136896.00
2011/10/25,7.28,7.45,7.20,7.43,7216444,53177712.00
2011/10/26,7.38,7.75,7.31,7.53,15684082,118053792.00
2011/10/27,7.53,7.63,7.45,7.54,8350053,62743240.00
2011/10/28,7.61,7.72,7.55,7.65,12870372,98451632.00
2011/10/31,7.60,7.87,7.56,7.70,10851524,83847000.00
2011/11/01,7.64,7.79,7.58,7.72,7792162,59765996.00
2011/11/02,7.53,7.87,7.50,7.82,13015677,100220952.00
2011/11/03,7.82,8.05,7.73,7.87,15196973,119813440.00
2011/11/04,7.91,8.05,7.77,7.93,16042322,126912744.00
2011/11/07,7.95,8.04,7.80,7.95,11887252,94408976.00
2011/11/08,7.94,8.13,7.86,8.00,15889784,127411136.00
2011/11/09,8.09,8.56,8.07,8.29,27404139,228353216.00
2011/11/10,8.11,8.17,7.95,7.98,14725714,118848672.00
2011/11/11,7.96,8.07,7.89,7.91,8102284,64536800.00
2011/11/14,8.00,8.18,7.95,8.12,8700344,70269344.00
2011/11/15,8.08,8.43,8.05,8.31,14339129,118275488.00
2011/11/16,8.28,8.28,7.92,8.01,11399397,92207672.00
2011/11/17,7.98,8.07,7.95,7.96,6514792,52146592.00
2011/11/18,7.90,7.91,7.62,7.63,8015504,62120144.00
2011/11/21,7.68,7.71,7.47,7.63,6028489,45691904.00
2011/11/22,7.52,7.68,7.48,7.67,6961002,52612672.00
2011/11/23,7.80,7.99,7.67,7.68,10152030,79407616.00
2011/11/24,7.60,7.62,7.40,7.56,6321299,47559952.00
2011/11/25,7.51,7.75,7.50,7.52,3897341,29602956.00
2011/11/28,7.53,7.62,7.40,7.52,4540321,34032024.00
2011/11/29,7.60,7.63,7.46,7.62,6587047,49651160.00
2011/11/30,7.63,7.72,7.18,7.28,9898303,74025832.00
2011/12/01,7.48,7.75,7.38,7.55,14109735,107244096.00
2011/12/02,7.55,7.59,7.42,7.57,5812888,43704760.00
2011/12/05,7.70,7.75,7.45,7.55,6787045,51573520.00
2011/12/06,7.50,7.59,7.22,7.58,6572884,48594504.00
2011/12/07,7.57,7.66,7.45,7.58,10377681,78495304.00
2011/12/08,7.57,7.59,7.30,7.57,6527641,48686144.00
2011/12/09,7.42,7.54,7.40,7.49,2876698,21422416.00
2011/12/12,7.50,7.52,7.24,7.26,3762267,27672744.00
2011/12/13,7.23,7.23,6.53,6.53,15471485,103612784.00
2011/12/14,6.43,6.43,6.03,6.11,9821521,60737500.00
2011/12/15,6.07,6.07,5.69,5.76,9501355,55324512.00
2011/12/16,5.81,5.98,5.78,5.98,5673157,33365176.00
2011/12/19,5.97,5.97,5.73,5.90,6317913,37007080.00
2011/12/20,5.83,6.09,5.83,6.00,6956650,41835384.00
2011/12/21,6.06,6.09,5.81,5.82,4726519,28255152.00
2011/12/22,5.76,5.99,5.47,5.95,10252744,58654808.00
2011/12/23,6.48,6.48,6.13,6.21,14588312,91501488.00
2011/12/26,6.20,6.26,6.08,6.11,5908764,36370512.00
2011/12/27,6.05,6.13,5.90,5.91,4602453,27738344.00
2011/12/28,5.88,5.91,5.57,5.88,4980461,28611504.00
2011/12/29,5.85,5.95,5.76,5.91,4208991,24738616.00
2011/12/30,5.92,6.08,5.92,6.06,4056948,24468036.00
2012/01/04,6.10,6.15,5.94,5.95,5570948,33751816.00
2012/01/05,5.95,5.95,5.56,5.56,5642041,32327120.00
2012/01/06,5.55,5.80,5.46,5.77,5246122,29221782.00
2012/01/09,5.78,6.06,5.70,6.03,7984922,47360720.00
2012/01/10,6.04,6.38,5.96,6.33,13315105,82412504.00
2012/01/11,6.28,6.40,6.17,6.29,10123012,63407256.00
2012/01/12,6.20,6.35,6.20,6.23,7392006,46334936.00
2012/01/13,6.24,6.30,5.98,6.04,8895119,54427644.00
2012/01/16,5.85,5.99,5.83,5.85,4770746,28147940.00
2012/01/17,5.82,6.28,5.82,6.23,7851192,47860764.00
2012/01/18,6.24,6.38,6.09,6.10,6399915,39704664.00
2012/01/19,6.09,6.21,6.05,6.15,4961230,30484828.00
2012/01/20,6.15,6.22,6.08,6.14,4925448,30250444.00
2012/01/30,6.22,6.22,6.12,6.13,4128053,25458608.00
2012/01/31,6.10,6.18,6.04,6.10,4383312,26687336.00
2012/02/01,6.11,6.25,6.04,6.10,7340247,45187192.00
2012/02/02,6.10,6.21,6.08,6.19,4936742,30333108.00
2012/02/03,6.20,6.45,6.14,6.31,11137888,70192120.00
2012/02/06,6.25,6.36,6.24,6.30,6593762,41532168.00
2012/02/07,6.25,6.25,6.07,6.10,6978139,42755708.00
2012/02/08,6.14,6.37,6.04,6.32,8720596,54398128.00
2012/02/09,6.31,6.55,6.27,6.41,17291375,110931232.00
2012/02/10,6.36,6.47,6.31,6.41,9771968,62532684.00
2012/02/13,6.36,6.65,6.28,6.52,14503387,94078160.00
2012/02/14,6.50,6.55,6.43,6.55,9756211,63340780.00
2012/02/15,6.55,7.15,6.48,6.90,25931243,177963456.00
2012/02/16,6.80,6.87,6.69,6.77,14361685,97371768.00
2012/02/17,6.77,6.97,6.77,6.82,9858048,67559064.00
2012/02/20,6.95,6.96,6.69,6.70,10087961,68610512.00
2012/02/21,6.64,6.74,6.57,6.73,7205285,47979724.00
2012/02/22,6.70,6.93,6.70,6.86,10474784,71550368.00
2012/02/23,6.85,6.94,6.72,6.93,14109652,96680520.00
2012/02/24,6.92,7.00,6.82,6.90,11333206,77934168.00
2012/02/27,6.89,7.06,6.84,6.87,13304630,92636240.00
2012/02/28,6.85,6.87,6.69,6.82,9001833,61015612.00
2012/02/29,6.79,7.50,6.73,7.50,49971660,361492928.00
2012/03/01,7.49,8.17,7.41,7.80,63507942,489425664.00
2012/03/02,7.71,7.83,7.62,7.77,31395479,241964304.00
2012/03/05,7.71,7.97,7.65,7.68,36380025,282573440.00
2012/03/06,7.60,7.65,7.38,7.57,22726709,170568160.00
2012/03/07,7.48,7.65,7.45,7.48,16076072,121056440.00
2012/03/08,7.50,7.58,7.40,7.50,12539039,94053920.00
2012/03/09,7.50,7.75,7.47,7.68,21239740,161972080.00
2012/03/12,7.61,7.72,7.45,7.50,17419877,131941768.00
2012/03/13,7.52,7.74,7.38,7.69,20054858,152167840.00
2012/03/14,7.68,7.85,7.14,7.16,25526167,192694256.00
2012/03/15,7.16,7.25,6.80,6.92,17109364,119425704.00
2012/03/16,6.93,7.19,6.93,7.14,14055090,99287720.00
2012/03/19,7.13,7.28,7.00,7.24,9628813,68591824.00
2012/03/20,7.27,7.38,7.12,7.13,12146180,87980232.00
2012/03/21,7.18,7.36,7.02,7.22,10308405,74064648.00
2012/03/22,7.19,7.28,7.03,7.12,8134989,58070240.00
2012/03/23,7.09,7.09,6.84,6.91,8916363,62076368.00
2012/03/26,6.90,6.98,6.84,6.91,4352520,30051244.00
2012/03/27,6.96,7.06,6.88,6.91,4905143,34188528.00
2012/03/28,6.85,6.88,6.44,6.48,9521128,63093144.00
2012/03/29,6.44,6.47,6.23,6.30,6850545,43484000.00
2012/03/30,6.32,6.40,6.15,6.19,5135521,32123318.00
2012/04/05,6.21,6.45,6.21,6.43,5286559,33530230.00
2012/04/06,6.40,6.57,6.40,6.48,7518377,48729608.00
2012/04/09,6.42,6.52,6.32,6.43,5009668,32224996.00
2012/04/10,6.43,6.70,6.32,6.65,7729366,50051668.00
2012/04/11,6.55,6.66,6.46,6.63,6191258,40661960.00
2012/04/12,6.59,7.29,6.59,7.19,19658542,135761248.00
2012/04/13,7.11,7.19,7.00,7.04,11151544,78919720.00
2012/04/16,7.04,7.12,6.90,6.91,13624081,95425232.00
2012/04/17,6.88,7.02,6.78,6.89,7152073,49330752.00
2012/04/18,6.93,7.14,6.87,7.06,7574666,53147880.00
2012/04/19,7.04,7.12,6.93,6.96,5360906,37566672.00
2012/04/20,6.93,7.07,6.90,7.00,5925615,41543836.00
2012/04/23,6.96,6.99,6.70,6.79,8903477,60913776.00
2012/04/25,6.76,6.92,6.61,6.84,8583668,57718292.00
2012/04/26,6.85,7.36,6.79,7.04,21609996,155116976.00
2012/04/27,6.95,7.04,6.81,6.86,9036435,62274032.00
2012/05/02,6.98,7.02,6.88,6.93,7087832,49321760.00
2012/05/03,6.94,7.08,6.92,6.99,6219450,43410696.00
2012/05/04,7.00,7.03,6.87,6.95,6765076,46917212.00
2012/05/07,6.90,6.96,6.79,6.86,8467841,57939040.00
2012/05/08,6.85,6.85,6.70,6.73,7628121,51471096.00
2012/05/09,6.65,6.81,6.60,6.68,6663611,44780880.00
2012/05/10,6.68,6.79,6.60,6.66,4729506,31668072.00
2012/05/11,6.66,6.72,6.61,6.63,4723446,31416530.00
2012/05/14,6.70,6.78,6.66,6.68,5409772,36370668.00
2012/05/15,6.62,6.62,6.44,6.53,6449280,41911600.00
2012/05/16,6.53,6.59,6.44,6.45,4477810,29094898.00
2012/05/17,6.47,6.60,6.41,6.55,4581210,29852472.00
2012/05/18,6.47,6.53,6.33,6.37,5159873,33056956.00
2012/05/21,6.36,6.43,6.27,6.35,3576193,22657916.00
2012/05/22,6.37,6.51,6.35,6.47,5177756,33319864.00
2012/05/23,6.48,6.54,6.40,6.51,5461934,35385008.00
2012/05/24,6.50,6.52,6.36,6.37,4778811,30731262.00
2012/05/25,6.37,6.43,6.26,6.31,4451028,28215800.00
2012/05/28,6.30,6.44,6.21,6.43,5859048,37064040.00
2012/05/29,6.42,6.74,6.38,6.67,10950445,71746168.00
2012/05/30,6.64,6.71,6.55,6.66,15317723,101394352.00
2012/05/31,6.57,6.60,6.47,6.49,8775536,57243328.00
2012/06/01,6.50,6.55,6.43,6.44,4385417,28391172.00
2012/06/04,6.34,6.35,6.15,6.18,7291556,45493256.00
2012/06/05,6.20,6.28,6.17,6.20,4575220,28430348.00
2012/06/06,6.24,6.28,6.13,6.15,4163864,25711484.00
2012/06/07,6.20,6.22,6.03,6.05,3576133,21922868.00
2012/06/08,6.13,6.15,6.01,6.05,3099829,18824744.00
2012/06/11,6.06,6.17,6.05,6.14,3688923,22556418.00
2012/06/12,6.16,6.19,6.09,6.16,3905523,24012622.00
2012/06/13,6.20,6.25,6.10,6.24,4544817,28136752.00
2012/06/14,6.21,6.26,6.12,6.14,3636989,22534218.00
2012/06/15,6.18,6.26,6.13,6.18,3384141,20912530.00
2012/06/18,6.18,6.25,6.17,6.19,3842770,23863824.00
2012/06/19,6.18,6.18,6.11,6.12,3171636,19475824.00
2012/06/20,6.14,6.15,6.10,6.10,2372770,14528783.00
2012/06/21,6.14,6.14,6.00,6.04,2725243,16447588.00
2012/06/25,6.04,6.06,5.72,5.74,4699805,27483484.00
2012/06/26,5.75,5.83,5.67,5.81,3370585,19390684.00
2012/06/27,5.80,6.02,5.78,5.90,4584999,27063204.00
2012/06/28,5.91,5.95,5.71,5.73,2818988,16445067.00
2012/06/29,5.73,5.92,5.70,5.90,3039391,17752346.00
2012/07/02,5.99,5.99,5.88,5.90,2587434,15325859.00
2012/07/03,5.91,5.98,5.80,5.83,3240674,19118256.00
2012/07/04,5.84,5.87,5.77,5.81,1763914,10236000.00
2012/07/05,5.82,5.82,5.61,5.64,3447532,19544840.00
2012/07/06,5.65,5.74,5.51,5.72,3277796,18462428.00
2012/07/09,5.68,5.70,5.54,5.54,2200380,12349008.00
2012/07/10,5.51,5.58,5.47,5.52,2432785,13419379.00
2012/07/11,5.52,5.64,5.48,5.62,2974625,16558249.00
2012/07/12,5.57,6.02,5.52,5.85,5738051,33067072.00
2012/07/13,5.84,5.86,5.68,5.77,3943388,22799160.00
2012/07/16,5.76,5.78,5.49,5.53,4530122,25392076.00
2012/07/17,5.51,5.64,5.51,5.60,2522102,14058350.00
2012/07/18,5.60,5.69,5.50,5.67,3036678,16935492.00
2012/07/19,5.62,5.80,5.61,5.69,4586732,26183754.00
2012/07/20,5.60,5.79,5.59,5.73,3589060,20507288.00
2012/07/23,5.68,5.68,5.53,5.62,2886434,16176237.00
2012/07/24,5.58,5.74,5.56,5.72,2902305,16454531.00
2012/07/25,5.67,5.75,5.65,5.69,2355156,13392381.00
2012/07/26,5.70,5.76,5.64,5.67,2580230,14717278.00
2012/07/27,5.67,5.73,5.60,5.64,2054405,11607391.00
2012/07/30,5.50,5.79,5.31,5.70,12164458,67796760.00
2012/07/31,5.61,5.77,5.52,5.60,8861540,49975232.00
2012/08/01,5.62,5.69,5.55,5.61,7841415,43892932.00
2012/08/02,5.63,5.64,5.35,5.36,8261836,45238664.00
2012/08/03,5.36,5.41,5.19,5.33,5927882,31315518.00
2012/08/06,5.26,5.60,5.26,5.54,7978006,43535144.00
2012/08/07,5.57,5.57,5.44,5.45,9784133,53793464.00
2012/08/08,5.47,5.48,5.33,5.39,4642588,25122220.00
2012/08/09,5.39,5.49,5.37,5.44,4600478,24964958.00
2012/08/10,5.44,5.98,5.40,5.98,17080187,98973920.00
2012/08/13,5.92,6.00,5.67,5.73,15543664,90766488.00
2012/08/14,5.81,5.97,5.73,5.82,14791778,86743992.00
2012/08/15,5.74,5.75,5.55,5.71,9610819,54308068.00
2012/08/16,5.66,5.70,5.53,5.56,5692237,31837324.00
2012/08/17,5.56,5.63,5.48,5.54,3083226,17100728.00
2012/08/20,5.53,5.56,5.38,5.49,3982321,21688972.00
2012/08/21,5.45,5.61,5.44,5.52,6744406,37259740.00
2012/08/22,5.53,5.53,5.40,5.44,3326299,18207484.00
2012/08/23,5.45,5.57,5.43,5.52,3869835,21286938.00
2012/08/24,5.50,5.51,5.36,5.38,4314309,23334640.00
2012/08/27,5.38,5.38,5.16,5.19,5647032,29384624.00
2012/08/28,5.22,5.26,5.15,5.23,3153904,16419252.00
2012/08/29,5.22,5.24,5.17,5.21,2378603,12375865.00
2012/08/30,5.17,5.22,5.02,5.11,3484489,17885766.00
2012/08/31,5.08,5.18,5.06,5.14,2021197,10327856.00
2012/09/03,5.13,5.21,5.11,5.17,3231805,16694175.00
2012/09/04,5.17,5.23,5.14,5.15,3570329,18484624.00
2012/09/05,5.14,5.25,5.09,5.22,3775236,19513246.00
2012/09/06,5.22,5.31,5.20,5.26,3703104,19508150.00
2012/09/07,5.33,5.48,5.27,5.41,8642376,46618616.00
2012/09/10,5.41,5.46,5.33,5.43,5799284,31341024.00
2012/09/11,5.35,5.38,5.26,5.36,5698561,30333670.00
2012/09/12,5.39,5.67,5.36,5.46,9479701,52195988.00
2012/09/13,5.46,5.53,5.34,5.35,5263763,28636908.00
2012/09/14,5.43,5.45,5.32,5.39,4254091,22876058.00
2012/09/17,5.36,5.40,5.10,5.13,6436754,33583432.00
2012/09/18,5.10,5.17,5.06,5.10,2995430,15290764.00
2012/09/19,5.08,5.40,5.08,5.24,7641289,40060728.00
2012/09/20,5.19,5.22,5.08,5.09,5073826,26041150.00
2012/09/21,5.11,5.18,5.09,5.11,2496950,12808082.00
2012/09/24,5.11,5.18,5.03,5.15,3280962,16767032.00
2012/09/25,5.19,5.30,5.13,5.15,3894763,20277584.00
2012/09/26,5.11,5.15,4.99,5.00,4658814,23569836.00
2012/09/27,5.03,5.35,5.01,5.18,6894523,35606324.00
2012/09/28,5.18,5.28,5.14,5.23,7940445,41541876.00
2012/10/08,5.21,5.27,5.19,5.24,4652757,24357840.00
2012/10/09,5.26,5.34,5.23,5.32,6508053,34437964.00
2012/10/10,5.35,5.43,5.30,5.34,8278134,44425492.00
2012/10/11,5.39,5.87,5.35,5.87,25554390,148133392.00
2012/10/12,5.96,5.96,5.60,5.74,35184611,204287696.00
2012/10/15,5.67,5.97,5.59,5.83,20879786,121438592.00
2012/10/16,5.97,6.03,5.75,5.75,18666323,110048080.00
2012/10/17,5.76,5.82,5.62,5.64,9910841,56425556.00
2012/10/18,5.65,5.83,5.62,5.72,9368312,53553616.00
2012/10/19,5.70,5.81,5.68,5.72,6619805,37977808.00
2012/10/22,5.64,5.76,5.62,5.67,6611101,37555868.00
2012/10/23,5.68,5.71,5.48,5.50,9746533,54359148.00
2012/10/24,5.45,5.62,5.44,5.57,8753463,48441596.00
2012/10/25,5.55,5.61,5.44,5.45,5896420,32530904.00
2012/10/26,5.43,5.49,5.30,5.34,5794781,31214076.00
2012/10/29,5.34,5.45,5.21,5.40,6592981,35383440.00
2012/10/30,5.45,5.85,5.40,5.58,15681790,88908392.00
2012/10/31,5.48,5.51,5.36,5.47,6412841,34943048.00
2012/11/01,5.47,5.57,5.39,5.50,6474848,35650056.00
2012/11/02,5.51,5.64,5.48,5.62,5871031,32733960.00
2012/11/05,5.62,5.70,5.51,5.51,4677044,26047278.00
2012/11/06,5.50,5.53,5.35,5.43,5325789,28839188.00
2012/11/07,5.43,5.47,5.38,5.42,2541939,13768776.00
2012/11/08,5.36,5.37,5.24,5.25,5006588,26520012.00
2012/11/09,5.23,5.31,5.23,5.26,2240196,11786782.00
2012/11/12,5.30,5.35,5.26,5.33,2262958,12013699.00
2012/11/13,5.30,5.32,5.13,5.18,3106207,16256789.00
2012/11/14,5.18,5.34,5.18,5.23,2881277,15178807.00
2012/11/15,5.19,5.31,5.09,5.10,3809767,19802696.00
2012/11/16,5.10,5.13,4.98,5.02,3600566,18207552.00
2012/11/19,5.07,5.12,5.01,5.09,2438535,12348440.00
2012/11/20,5.13,5.16,5.09,5.09,1848300,9455477.00
2012/11/21,5.12,5.17,5.02,5.16,2696081,13772287.00
2012/11/22,5.15,5.15,5.07,5.07,1803472,9201382.00
2012/11/23,5.10,5.13,5.06,5.07,1900563,9681788.00
2012/11/26,5.10,5.11,5.04,5.05,1818920,9229005.00
2012/11/27,5.03,5.06,4.78,4.78,4907781,23844884.00
2012/11/28,4.80,4.80,4.53,4.61,3321959,15360587.00
2012/11/29,4.65,4.75,4.59,4.62,3391291,15816810.00
2012/11/30,4.66,4.74,4.58,4.67,2127662,9956351.00
2012/12/03,4.65,4.76,4.47,4.50,2102437,9776605.00
2012/12/04,4.50,4.56,4.41,4.55,3693710,16624511.00
2012/12/05,4.55,4.77,4.52,4.69,4940495,23075360.00
2012/12/06,4.69,4.73,4.65,4.67,3635534,17011568.00
2012/12/07,4.70,4.90,4.70,4.79,5066692,24284260.00
2012/12/10,4.79,5.05,4.75,5.02,9762175,48425564.00
2012/12/11,5.22,5.41,5.01,5.01,15603529,80661784.00
2012/12/12,4.93,5.11,4.93,5.01,5487986,27463912.00
2012/12/13,5.01,5.10,4.87,4.92,6730490,33535166.00
2012/12/14,4.90,5.10,4.90,5.08,8596441,43304088.00
2012/12/17,5.11,5.14,5.06,5.08,6289039,32019512.00
2012/12/18,5.08,5.21,5.04,5.11,7383079,37943744.00
2012/12/19,5.11,5.16,5.08,5.11,3645640,18628700.00
2012/12/20,5.11,5.13,4.97,5.03,4742150,23844240.00
2012/12/21,5.03,5.10,5.01,5.01,4048615,20470166.00
2012/12/24,5.01,5.07,5.00,5.03,2365553,11906872.00
2012/12/25,5.01,5.25,5.01,5.17,7696322,39562200.00
2012/12/26,5.18,5.23,5.13,5.20,7559119,39188144.00
2012/12/27,5.20,5.23,5.11,5.14,6410450,33093248.00
2012/12/28,5.15,5.22,5.12,5.19,5537181,28637818.00
2012/12/31,5.19,5.29,5.16,5.22,5295892,27608880.00
2013/01/04,5.45,5.58,5.23,5.25,12958618,69260480.00
2013/01/07,5.18,5.25,5.13,5.22,8307081,43005000.00
2013/01/08,5.22,5.27,5.18,5.24,8220434,42942880.00
2013/01/09,5.23,5.28,5.18,5.26,7281714,38133608.00
2013/01/10,5.32,5.75,5.25,5.58,21778263,118764176.00
2013/01/11,5.50,5.52,5.28,5.29,12928952,69559248.00
2013/01/14,5.26,5.47,5.21,5.39,9652877,51747968.00
2013/01/15,5.39,5.47,5.35,5.44,9407923,50954488.00
2013/01/16,5.45,5.58,5.37,5.49,11116214,61039120.00
2013/01/17,5.48,5.54,5.39,5.40,6431465,35059168.00
2013/01/18,5.40,5.47,5.34,5.42,6182049,33426296.00
2013/01/21,5.42,5.56,5.38,5.54,12274036,67364328.00
2013/01/22,5.51,5.65,5.45,5.52,15583318,86654320.00
2013/01/23,5.54,5.61,5.35,5.45,11059538,60653084.00
2013/01/24,5.44,5.50,5.20,5.24,8963880,47920968.00
2013/01/25,5.26,5.37,5.21,5.28,5413040,28604840.00
2013/01/28,5.28,5.38,5.25,5.36,6152435,32691416.00
2013/01/29,5.37,5.50,5.35,5.43,6816300,36978548.00
2013/01/30,5.42,5.44,5.32,5.40,6870824,36903352.00
2013/01/31,5.39,5.39,5.29,5.34,5021009,26705456.00
2013/02/01,5.31,5.38,5.29,5.33,5789006,30861112.00
2013/02/04,5.35,5.37,5.19,5.24,8190294,42986352.00
2013/02/05,5.22,5.34,5.19,5.29,5232665,27606060.00
2013/02/06,5.32,5.35,5.27,5.29,4229462,22395666.00
2013/02/07,5.29,5.36,5.27,5.34,5411886,28847964.00
2013/02/08,5.34,5.43,5.32,5.38,5782766,31078808.00
2013/02/18,5.42,5.59,5.37,5.44,11016295,60346600.00
2013/02/19,5.43,5.49,5.37,5.43,7308500,39621284.00
2013/02/20,5.43,5.53,5.42,5.50,6192013,33889096.00
2013/02/21,5.50,5.50,5.28,5.31,7566530,40653020.00
2013/02/22,5.31,5.50,5.29,5.39,7576153,40741412.00
2013/02/25,5.34,5.37,5.28,5.31,5978616,31813148.00
2013/02/26,5.27,5.31,5.21,5.22,5332173,28032914.00
2013/02/27,5.21,5.26,5.20,5.23,4187690,21884564.00
2013/02/28,5.24,5.47,5.21,5.39,8456996,45361596.00
2013/03/01,5.36,5.38,5.29,5.36,6968071,37111216.00
2013/03/04,5.30,5.32,5.13,5.17,7203254,37625840.00
2013/03/05,5.13,5.27,5.13,5.25,4326470,22551346.00
2013/03/06,5.25,5.36,5.22,5.34,6639539,35290588.00
2013/03/07,5.33,5.42,5.28,5.33,6563772,35101160.00
2013/03/08,5.31,5.46,5.30,5.39,8801027,47545928.00
2013/03/11,5.46,5.74,5.38,5.55,23687747,132461248.00
2013/03/12,5.55,5.62,5.30,5.44,13665491,74505744.00
2013/03/13,5.40,5.61,5.31,5.53,18765127,103069368.00
2013/03/14,5.47,5.67,5.43,5.61,15968986,89188416.00
2013/03/15,5.61,5.78,5.56,5.59,20419042,116111024.00
2013/03/18,5.51,5.54,5.40,5.46,9604615,52449268.00
2013/03/19,5.50,5.65,5.45,5.64,12418326,69353464.00
2013/03/20,5.60,5.87,5.48,5.78,23052684,130224736.00
2013/03/21,5.85,5.98,5.72,5.96,33873993,199577072.00
2013/03/22,5.90,5.94,5.80,5.86,16986317,99649072.00
2013/03/25,5.80,6.24,5.78,5.88,28727744,173556384.00
2013/03/26,5.88,5.98,5.65,5.80,14793408,85444680.00
2013/03/27,5.80,5.86,5.67,5.74,9814171,56421904.00
2013/03/28,5.70,5.70,5.47,5.48,10570068,58602456.00
2013/03/29,5.50,5.56,5.41,5.47,6381245,35045752.00
2013/04/01,5.44,5.55,5.40,5.50,4507312,24747228.00
2013/04/02,5.49,5.55,5.36,5.38,6447528,35101540.00
2013/04/03,5.35,5.42,5.30,5.33,4422101,23638108.00
2013/04/08,5.24,5.30,5.18,5.30,6224208,32543476.00
2013/04/09,5.40,5.49,5.37,5.39,5719011,30958100.00
2013/04/10,5.34,5.44,5.33,5.39,4266505,22945036.00
2013/04/11,5.44,5.44,5.33,5.37,3996034,21518820.00
2013/04/12,5.35,5.37,5.23,5.27,4273878,22582812.00
2013/04/15,5.24,5.26,5.15,5.18,3702441,19198012.00
2013/04/16,5.13,5.25,5.07,5.22,3101367,16070198.00
2013/04/17,5.25,5.25,5.13,5.20,3881794,20139358.00
2013/04/18,5.12,5.23,5.11,5.18,3589252,18569920.00
2013/04/19,5.18,5.31,5.18,5.27,5095607,26816924.00
2013/04/22,5.25,5.26,5.19,5.24,3792773,19830256.00
2013/04/23,5.21,5.22,5.10,5.15,5650475,29039024.00
2013/04/24,5.11,5.24,5.09,5.23,4256251,22033586.00
2013/04/25,5.22,5.22,5.14,5.16,3521509,18219856.00
2013/04/26,5.14,5.18,5.02,5.05,5477743,27878432.00
2013/05/02,5.03,5.07,4.98,5.04,2798207,14050427.00
2013/05/03,5.04,5.15,5.04,5.10,3315670,16895070.00
2013/05/06,5.10,5.18,5.09,5.16,3521368,18090564.00
2013/05/07,5.15,5.16,5.11,5.13,2733982,14014804.00
2013/05/08,5.15,5.23,5.14,5.19,3283486,17001642.00
2013/05/09,5.19,5.19,5.08,5.11,3369910,17228012.00
2013/05/10,5.10,5.16,5.06,5.15,3582176,18280932.00
2013/05/13,5.14,5.14,5.04,5.07,4820099,24428768.00
2013/05/14,5.08,5.08,5.00,5.03,3505137,17595220.00
2013/05/15,5.03,5.09,5.02,5.05,2664755,13475866.00
2013/05/16,5.05,5.08,5.00,5.06,5076643,25622656.00
2013/05/17,5.05,5.14,5.03,5.13,6573358,33520742.00
2013/05/20,5.13,5.21,5.11,5.19,7446903,38506324.00
2013/05/21,5.18,5.23,5.15,5.23,6148015,31866394.00
2013/05/22,5.27,5.29,5.15,5.18,7430627,38624024.00
2013/05/23,5.17,5.27,5.14,5.21,8473864,44184412.00
2013/05/24,5.20,5.24,5.16,5.24,6709819,34880956.00
2013/05/27,5.21,5.33,5.21,5.31,9318642,49274256.00
2013/05/28,5.28,5.38,5.23,5.35,10557416,56083688.00
2013/05/29,5.35,5.36,5.26,5.28,6564045,34848736.00
2013/05/30,5.27,5.39,5.25,5.31,8706997,46503904.00
2013/05/31,5.32,5.36,5.25,5.28,6139496,32542932.00
2013/06/03,5.28,5.34,5.22,5.29,6695331,35267776.00
2013/06/04,5.29,5.79,5.22,5.56,30160770,166993168.00
2013/06/05,5.48,5.54,5.43,5.51,9919582,54393700.00
2013/06/06,5.49,5.49,5.29,5.33,10612685,56905972.00
2013/06/07,5.31,5.35,5.13,5.16,7368728,38408592.00
2013/06/13,5.10,5.11,4.91,4.98,5670452,28364436.00
2013/06/14,4.99,5.09,4.99,5.05,2983470,15063655.00
2013/06/17,5.05,5.11,5.00,5.05,3802003,19264744.00
2013/06/18,5.05,5.09,4.99,5.04,3338200,16793604.00
2013/06/19,5.03,5.03,4.89,5.00,3642202,18066328.00
2013/06/20,4.97,4.98,4.87,4.89,2895983,14252297.00
2013/06/21,4.85,4.88,4.70,4.87,3251179,15613666.00
2013/06/24,4.84,4.84,4.40,4.57,5755840,26622478.00
2013/06/25,4.49,4.59,4.15,4.47,6837507,30044680.00
2013/06/26,4.48,4.52,4.35,4.39,3682276,16220024.00
2013/06/27,4.40,4.47,4.15,4.26,4677359,20305038.00
2013/06/28,4.22,4.37,4.16,4.24,3391059,14422479.00
2013/07/01,4.22,4.31,4.16,4.25,2934644,12409422.00
2013/07/02,4.25,4.28,4.20,4.27,3575971,15168535.00
2013/07/03,4.27,4.27,4.17,4.25,3021830,12728561.00
2013/07/04,4.25,4.34,4.18,4.31,4264004,18238920.00
2013/07/05,4.31,4.42,4.29,4.35,4148889,18047402.00
2013/07/08,4.30,4.30,4.14,4.19,3713664,15603710.00
2013/07/09,4.17,4.19,4.09,4.12,2469583,10182776.00
2013/07/10,4.10,4.22,4.10,4.21,3126051,13016908.00
2013/07/11,4.23,4.38,4.19,4.37,5519852,23826164.00
2013/07/12,4.35,4.36,4.27,4.28,3302563,14226505.00
2013/07/15,4.30,4.33,4.25,4.31,3668263,15754874.00
2013/07/16,4.31,4.42,4.27,4.40,4955377,21523844.00
2013/07/17,4.40,4.41,4.29,4.30,3242951,14074395.00
2013/07/18,4.29,4.29,4.21,4.23,2877480,12192411.00
2013/07/19,4.23,4.24,4.10,4.11,3799754,15852027.00
2013/07/22,4.09,4.34,4.00,4.23,3163051,12929305.00
2013/07/23,4.20,4.30,4.18,4.28,4673028,19887676.00
2013/07/24,4.28,4.28,4.17,4.23,3161204,13314929.00
2013/07/25,4.23,4.24,4.13,4.15,3175586,13275931.00
2013/07/26,4.12,4.21,4.06,4.15,3286285,13578029.00
2013/07/29,4.14,4.14,4.05,4.06,3181395,12947903.00
2013/07/30,4.06,4.11,4.03,4.06,3277572,13360704.00
2013/07/31,4.08,4.10,4.03,4.04,3401581,13819756.00
2013/08/01,4.03,4.16,4.02,4.14,4901006,20093828.00
2013/08/02,4.14,4.21,4.11,4.17,5265768,21919526.00
2013/08/05,4.17,4.26,4.14,4.22,4044421,17017912.00
2013/08/06,4.23,4.27,4.17,4.25,4456761,18824836.00
2013/08/07,4.26,4.49,4.23,4.30,10915238,47536080.00
2013/08/08,4.26,4.53,4.26,4.43,10512112,46489104.00
2013/08/09,4.40,4.47,4.31,4.37,5904163,25884950.00
2013/08/12,4.36,4.49,4.35,4.45,6090135,26971492.00
2013/08/13,4.44,4.46,4.39,4.44,4344096,19241788.00
2013/08/14,4.46,4.48,4.35,4.37,4795257,21091740.00
2013/08/15,4.36,4.45,4.32,4.43,4722139,20660488.00
2013/08/16,4.55,4.68,4.39,4.40,15511264,70685072.00
2013/08/19,4.29,4.39,4.21,4.36,6672076,28583434.00
2013/08/20,4.35,4.35,4.27,4.30,3566465,15367345.00
2013/08/21,4.30,4.42,4.25,4.40,4558068,19662148.00
2013/08/22,4.36,4.38,4.31,4.33,3696653,16037962.00
2013/08/23,4.33,4.36,4.24,4.32,3407178,14662069.00
2013/08/26,4.27,4.35,4.26,4.34,3302291,14267914.00
2013/08/27,4.34,4.40,4.29,4.39,5281014,22979656.00
2013/08/28,4.34,4.42,4.34,4.37,5312025,23294488.00
2013/08/29,4.39,4.53,4.36,4.45,8273318,36926932.00
2013/08/30,4.45,4.49,4.37,4.38,5464050,24207654.00
2013/09/02,4.39,4.43,4.33,4.40,3661142,16012777.00
2013/09/03,4.40,4.66,4.37,4.54,8890683,40332632.00
2013/09/04,4.54,4.55,4.45,4.49,4548403,20367460.00
2013/09/05,4.48,4.56,4.43,4.49,4964714,22330222.00
2013/09/06,4.49,4.51,4.44,4.47,3466392,15490411.00
2013/09/09,4.48,4.51,4.43,4.46,6588522,29462028.00
2013/09/10,4.45,4.52,4.45,4.52,5326682,23916966.00
2013/09/11,4.53,4.66,4.48,4.57,10604098,48524128.00
2013/09/12,4.57,4.63,4.52,4.59,6932851,31724440.00
2013/09/13,4.62,4.64,4.53,4.57,5586792,25547962.00
2013/09/16,4.65,4.76,4.59,4.63,10571070,49347532.00
2013/09/17,4.60,4.61,4.41,4.42,7529022,33834080.00
2013/09/18,4.42,4.46,4.39,4.44,3030200,13413223.00
2013/09/23,4.45,4.48,4.40,4.48,3824509,16977664.00
2013/09/24,4.48,4.48,4.37,4.41,4740917,20896844.00
2013/09/25,4.39,4.44,4.38,4.40,3592440,15807292.00
2013/09/26,4.39,4.65,4.32,4.49,11766751,52902504.00
2013/09/27,4.46,4.56,4.41,4.42,5580872,24923752.00
2013/09/30,4.44,4.50,4.40,4.43,3049690,13542378.00
2013/10/08,4.44,4.48,4.37,4.45,3648968,16208510.00
2013/10/09,4.44,4.50,4.41,4.46,4255233,18963472.00
2013/10/10,4.46,4.52,4.42,4.48,4880826,21759264.00
2013/10/11,4.48,4.65,4.48,4.57,9728881,44482352.00
2013/10/14,4.57,4.63,4.51,4.61,7310999,33427286.00
2013/10/15,4.61,4.63,4.52,4.56,6309760,28706544.00
2013/10/16,4.56,4.56,4.38,4.40,6066199,27005928.00
2013/10/17,4.42,4.61,4.42,4.48,8995830,40655752.00
2013/10/18,4.46,4.53,4.44,4.45,4105018,18385736.00
2013/10/21,4.45,4.50,4.41,4.49,5572346,24860408.00
2013/10/22,4.49,4.53,4.46,4.47,5306051,23831596.00
2013/10/23,4.47,4.50,4.39,4.42,5315749,23581180.00
2013/10/24,4.41,4.45,4.32,4.34,4294470,18840736.00
2013/10/25,4.34,4.37,4.24,4.25,4817200,20694824.00
2013/10/28,4.25,4.31,4.25,4.26,3061050,13077980.00
2013/10/29,4.26,4.29,4.11,4.17,4299668,18064652.00
2013/10/30,4.19,4.21,4.14,4.20,2156145,9025148.00
2013/10/31,4.21,4.22,4.16,4.19,2726907,11419732.00
2013/11/01,4.20,4.21,4.15,4.19,2956583,12344033.00
2013/11/04,4.19,4.21,4.16,4.20,2293900,9614340.00
2013/11/05,4.25,4.41,4.24,4.31,8115347,35054000.00
2013/11/06,4.25,4.33,4.25,4.26,3642898,15603391.00
2013/11/07,4.26,4.29,4.22,4.26,2850022,12133830.00
2013/11/08,4.22,4.25,4.14,4.17,3363651,14092561.00
2013/11/11,4.15,4.21,4.12,4.19,2187139,9131154.00
2013/11/12,4.17,4.28,4.17,4.28,2991352,12684286.00
2013/11/13,4.26,4.26,4.13,4.14,2881956,12088439.00
2013/11/14,4.15,4.18,4.12,4.16,3522552,14617120.00
2013/11/15,4.16,4.24,4.14,4.22,3604830,15193940.00
2013/11/18,4.22,4.28,4.22,4.27,4561146,19413796.00
2013/11/19,4.27,4.61,4.24,4.59,14613172,65478500.00
2013/11/20,4.55,4.60,4.40,4.52,15104934,68167016.00
2013/11/21,4.46,4.54,4.43,4.47,6746850,30213690.00
2013/11/22,4.46,4.66,4.44,4.55,13872905,63159800.00
2013/11/25,4.51,4.57,4.44,4.47,6503406,29166398.00
2013/11/26,4.45,4.50,4.40,4.43,3887520,17217860.00
2013/11/27,4.41,4.44,4.35,4.43,4123594,18164842.00
2013/11/28,4.43,4.48,4.41,4.44,5009832,22282516.00
2013/11/29,4.44,4.48,4.43,4.43,3538461,15737171.00
2013/12/02,4.38,4.38,4.09,4.18,7005004,29700548.00
2013/12/03,4.17,4.25,4.14,4.24,3758880,15817168.00
2013/12/04,4.22,4.30,4.20,4.28,4947610,21154980.00
2013/12/05,4.28,4.30,4.24,4.25,3613359,15407802.00
2013/12/06,4.25,4.31,4.23,4.29,3597855,15416041.00
2013/12/09,4.28,4.35,4.27,4.31,3159829,13627208.00
2013/12/10,4.33,4.33,4.28,4.30,2519711,10857499.00
2013/12/11,4.30,4.32,4.17,4.22,4301599,18161168.00
2013/12/12,4.22,4.25,4.18,4.24,3116943,13137831.00
2013/12/13,4.23,4.27,4.20,4.26,2193296,9319322.00
2013/12/16,4.26,4.29,4.16,4.19,3276142,13766881.00
2013/12/17,4.18,4.20,4.15,4.17,2024862,8439399.00
2013/12/18,4.19,4.19,4.14,4.16,2287023,9504786.00
2013/12/19,4.17,4.18,4.10,4.10,2629389,10868706.00
2013/12/20,4.10,4.13,4.05,4.07,2325365,9481679.00
2013/12/23,4.08,4.09,4.00,4.03,2085743,8415746.00
2013/12/24,4.06,4.09,4.00,4.07,2222690,8990642.00
2013/12/25,4.05,4.07,4.03,4.05,2553721,10325681.00
2013/12/26,4.06,4.07,3.94,3.99,3824453,15273460.00
2013/12/27,3.98,4.06,3.97,4.04,2278226,9158393.00
2013/12/30,4.05,4.07,4.03,4.04,1843271,7461126.00
2013/12/31,4.06,4.14,4.02,4.09,2823522,11547897.00
2014/01/02,4.08,4.14,4.06,4.12,2277823,9327837.00
2014/01/03,4.12,4.14,4.06,4.08,1512391,6185896.00
2014/01/06,4.06,4.06,3.91,3.92,3481342,13752480.00
2014/01/07,3.91,3.95,3.89,3.92,1428678,5603191.00
2014/01/08,3.93,3.95,3.89,3.89,2617555,10256569.00
2014/01/09,3.88,3.92,3.79,3.83,3713347,14276742.00
2014/01/10,3.82,3.82,3.70,3.72,3934251,14635268.00
2014/01/13,3.72,3.75,3.70,3.71,1598621,5949689.00
2014/01/14,3.70,3.76,3.69,3.76,1578266,5888416.00
2014/01/15,3.76,3.77,3.72,3.73,1764586,6586178.00
2014/01/16,3.72,3.75,3.70,3.74,1904444,7096940.00
2014/01/17,3.72,3.73,3.65,3.68,2813793,10342230.00
2014/01/20,3.68,3.68,3.60,3.64,1664096,6051553.00
2014/01/21,3.63,3.70,3.63,3.67,1775670,6516449.00
2014/01/22,3.66,3.75,3.65,3.75,2675386,9947576.00
2014/01/23,3.73,3.85,3.72,3.74,5015947,18987428.00
2014/01/24,3.74,3.80,3.73,3.78,2360727,8907303.00
2014/01/27,3.77,3.86,3.75,3.84,3311338,12657905.00
2014/01/28,3.84,3.84,3.79,3.81,1570126,5999024.00
2014/01/29,3.82,3.86,3.78,3.78,2100840,7987021.00
2014/01/30,3.77,3.77,3.69,3.69,2481997,9221952.00
2014/02/07,3.68,3.72,3.65,3.71,1251746,4615461.00
2014/02/10,3.71,3.84,3.71,3.80,4607259,17360168.00
2014/02/11,3.80,3.83,3.77,3.82,3824372,14555877.00
2014/02/12,3.82,3.88,3.80,3.86,5092070,19520140.00
2014/02/13,3.86,3.86,3.79,3.79,4187673,16018577.00
2014/02/14,3.79,3.84,3.79,3.84,3077506,11760469.00
2014/02/17,3.86,3.89,3.83,3.89,4638557,17910690.00
2014/02/18,3.89,3.89,3.82,3.84,3888585,14952955.00
2014/02/19,3.83,3.87,3.80,3.87,6556754,25130566.00
2014/02/20,3.87,3.87,3.81,3.82,4148063,15930089.00
2014/02/21,3.81,3.83,3.74,3.76,4930359,18646786.00
2014/02/24,3.74,3.74,3.65,3.69,4625115,16982864.00
2014/02/25,3.67,3.69,3.55,3.57,5311724,19293062.00
2014/02/26,3.58,3.64,3.54,3.64,3588098,12867644.00
2014/02/27,3.64,3.64,3.52,3.52,4244576,15209448.00
2014/02/28,3.52,3.58,3.47,3.56,3494257,12322963.00
2014/03/03,3.58,3.64,3.58,3.63,3805791,13765488.00
2014/03/04,3.60,3.62,3.55,3.60,2734522,9801849.00
2014/03/05,3.59,3.60,3.54,3.58,3211243,11453123.00
2014/03/06,3.55,3.59,3.51,3.56,4879200,17334476.00
2014/03/07,3.56,3.57,3.51,3.53,3001716,10626352.00
2014/03/10,3.51,3.51,3.38,3.38,4999483,17140174.00
2014/03/11,3.36,3.44,3.36,3.41,2105532,7156248.00
2014/03/12,3.42,3.43,3.37,3.41,2015558,6860155.00
2014/03/13,3.43,3.45,3.40,3.43,2432426,8346555.00
2014/03/14,3.44,3.45,3.38,3.41,2431133,8298668.00
2014/03/17,3.43,3.46,3.39,3.45,2152798,7376932.00
2014/03/18,3.45,3.80,3.42,3.80,15659214,58605016.00
2014/03/19,3.74,4.18,3.70,4.18,45641034,182807440.00
2014/03/20,4.18,4.34,4.05,4.07,37208301,154998016.00
2014/03/21,4.14,4.18,3.97,4.07,19847637,80615472.00
2014/03/24,4.08,4.13,4.00,4.08,17286795,70416480.00
2014/03/25,4.03,4.06,3.90,3.98,17005540,67358368.00
2014/03/26,3.98,4.12,3.92,4.00,17250574,69218472.00
2014/03/27,3.96,4.06,3.92,3.94,11051235,44188124.00
2014/03/28,3.94,3.97,3.77,3.79,11562226,44501924.00
2014/03/31,3.83,3.84,3.74,3.80,5208303,19703212.00
2014/04/01,3.79,3.85,3.76,3.84,4778568,18269802.00
2014/04/02,3.85,3.86,3.78,3.81,5432388,20707560.00
2014/04/03,3.81,3.86,3.77,3.79,5049802,19238296.00
2014/04/04,3.77,3.81,3.77,3.81,3397055,12881180.00
2014/04/08,3.81,3.85,3.77,3.83,5302414,20219968.00
2014/04/09,3.82,3.95,3.81,3.91,9804766,38254556.00
2014/04/10,3.91,3.92,3.85,3.88,6146697,23841656.00
2014/04/11,3.88,3.88,3.76,3.78,6755067,25627068.00
2014/04/14,3.77,3.83,3.74,3.81,3914579,14851612.00
2014/04/15,3.80,3.81,3.75,3.78,3430936,12970252.00
2014/04/16,3.79,3.81,3.76,3.79,3049868,11540956.00
2014/04/17,3.80,3.80,3.76,3.80,2189601,8275099.00
2014/04/18,3.80,3.80,3.76,3.78,2118203,7996435.00
2014/04/21,3.77,3.77,3.64,3.67,5710869,21114408.00
2014/04/22,3.68,3.68,3.55,3.64,3528475,12759757.00
2014/04/23,3.64,3.68,3.62,3.65,2364755,8621017.00
2014/04/24,3.62,3.67,3.59,3.63,2238361,8133040.00
2014/04/25,3.60,3.61,3.49,3.51,4169186,14739128.00
2014/04/28,3.50,3.50,3.33,3.39,4118171,13944708.00
2014/04/29,3.40,3.44,3.39,3.42,1970064,6730417.00
2014/04/30,3.44,3.45,3.40,3.44,1979738,6776695.00
2014/05/05,3.43,3.78,3.43,3.78,5048768,18664866.00
2014/05/06,3.93,4.11,3.85,3.99,25989583,103170496.00
2014/05/07,3.94,3.96,3.76,3.80,12325387,47505096.00
2014/05/08,3.83,3.97,3.78,3.82,10545173,40862008.00
2014/05/09,3.82,3.85,3.71,3.75,5662952,21362380.00
2014/05/12,3.76,3.89,3.72,3.85,8917513,34155756.00
2014/05/13,3.85,4.24,3.83,3.99,22666774,92660608.00
2014/05/14,3.96,3.97,3.81,3.88,11419593,44297800.00
2014/05/15,3.82,3.82,3.61,3.65,15869619,58685392.00
2014/05/16,3.60,3.71,3.57,3.69,5441346,19752808.00
2014/05/19,3.67,3.67,3.60,3.65,3591732,13058803.00
2014/05/20,3.68,3.70,3.61,3.64,3504176,12808106.00
2014/05/21,3.64,3.67,3.58,3.65,2974279,10831110.00
2014/05/22,3.62,3.68,3.61,3.61,3302076,12046193.00
2014/05/23,3.61,3.70,3.59,3.67,3589020,13075290.00
2014/05/26,3.67,3.69,3.64,3.68,3335943,12239908.00
2014/05/27,3.65,3.67,3.59,3.60,4599326,16658357.00
2014/05/28,3.61,3.61,3.50,3.56,7158136,25358114.00
2014/05/29,3.56,3.56,3.49,3.52,5508873,19378636.00
2014/05/30,3.51,3.55,3.48,3.54,3313793,11655308.00
2014/06/03,3.54,3.73,3.52,3.65,9367241,33972728.00
2014/06/04,3.62,3.63,3.52,3.56,4680059,16713490.00
2014/06/05,3.54,3.59,3.51,3.58,4031501,14333842.00
2014/06/06,3.57,3.59,3.52,3.52,2933251,10419051.00
2014/06/09,3.53,3.58,3.52,3.54,2325064,8255800.00
2014/06/10,3.54,3.56,3.50,3.56,3094295,10918503.00
2014/06/11,3.55,3.56,3.52,3.54,3195523,11285559.00
2014/06/12,3.54,3.56,3.51,3.54,3116486,11035989.00
2014/06/13,3.51,3.56,3.47,3.55,5787535,20389776.00
2014/06/16,3.55,3.59,3.53,3.57,4598727,16374071.00
2014/06/17,3.58,3.73,3.52,3.60,9454754,34141560.00
2014/06/18,3.59,3.76,3.55,3.71,16141683,59217584.00
2014/06/19,3.68,3.69,3.51,3.53,9946180,35837364.00
2014/06/20,3.51,3.61,3.51,3.56,4490945,15995453.00
2014/06/23,3.56,3.58,3.51,3.54,5023884,17814144.00
2014/06/24,3.53,3.55,3.49,3.54,6140889,21598636.00
2014/06/25,3.52,3.55,3.51,3.52,3831665,13499132.00
2014/06/26,3.51,3.55,3.50,3.55,4344400,15368783.00
2014/06/27,3.54,3.68,3.51,3.59,10008177,36140316.00
2014/06/30,3.57,3.66,3.55,3.60,8647306,31173424.00
2014/07/01,3.62,3.65,3.60,3.63,8924741,32297540.00
2014/07/02,3.62,3.65,3.59,3.64,6932115,25131106.00
2014/07/03,3.64,3.91,3.61,3.72,20103950,75592200.00
2014/07/04,3.72,3.75,3.60,3.67,9774580,35858476.00
2014/07/07,3.67,3.67,3.60,3.65,7172748,26065238.00
2014/07/08,3.63,3.66,3.60,3.65,5603358,20370492.00
2014/07/09,3.63,3.70,3.60,3.60,7527589,27456840.00
2014/07/10,3.62,3.62,3.57,3.59,4904646,17643258.00
2014/07/11,3.58,3.63,3.58,3.63,4438935,16029135.00
2014/07/14,3.63,3.74,3.63,3.71,9383654,34668264.00
2014/07/15,3.71,3.80,3.69,3.74,10816670,40451456.00
2014/07/16,3.73,3.76,3.69,3.71,6383572,23748150.00
2014/07/17,3.72,3.90,3.68,3.77,16531374,62630860.00
2014/07/18,3.74,3.80,3.73,3.79,8929878,33596304.00
2014/07/21,3.77,3.78,3.71,3.74,5415978,20230150.00
2014/07/22,3.74,3.82,3.70,3.80,10143557,38384552.00
2014/07/23,3.80,3.95,3.77,3.85,13752315,53129280.00
2014/07/24,3.84,4.18,3.81,4.00,29204083,116707632.00
2014/07/25,3.95,4.03,3.93,4.00,11747498,46758216.00
2014/07/28,4.02,4.11,3.99,4.01,16267501,65610760.00
2014/07/29,4.04,4.04,3.98,4.01,9629669,38547960.00
2014/07/30,4.00,4.02,3.92,3.94,11505147,45670392.00
2014/07/31,3.94,4.10,3.92,4.09,17078736,68485344.00
2014/08/01,4.05,4.12,3.95,4.00,16351942,66424836.00
2014/08/04,4.00,4.40,4.00,4.40,28747416,123022064.00
2014/08/26,4.60,4.84,4.56,4.84,14989830,70412968.00
2014/08/27,4.95,5.32,4.51,5.10,99810543,485490560.00
2014/08/28,4.87,4.95,4.59,4.61,47971175,229443104.00
2014/08/29,4.46,4.63,4.43,4.53,23245674,105379328.00
2014/09/01,4.53,4.71,4.47,4.65,19580843,90338008.00
2014/09/02,4.65,4.76,4.60,4.67,22629723,105573488.00
2014/09/03,4.67,4.80,4.60,4.73,28850247,135476704.00
2014/09/04,4.72,4.76,4.66,4.75,22652670,106745992.00
2014/09/05,4.75,5.22,4.73,5.01,52916329,262454272.00
2014/09/09,4.95,5.04,4.86,4.93,28496590,140780176.00
2014/09/10,4.90,4.90,4.80,4.84,20038840,97007504.00
2014/09/11,4.80,4.90,4.80,4.83,16939345,81992328.00
2014/09/12,4.82,4.91,4.75,4.87,16208983,78368344.00
2014/09/15,4.89,4.89,4.79,4.86,15065941,72875536.00
2014/09/16,4.87,5.08,4.77,4.78,26283998,129363528.00
2014/09/17,4.75,4.81,4.65,4.80,14286633,67526576.00
2014/09/18,4.80,5.00,4.75,4.95,20459669,100162320.00
2014/09/19,4.93,4.93,4.81,4.88,16103769,78207176.00
2014/09/22,4.85,4.88,4.71,4.75,12743730,60998232.00
2014/09/23,4.75,4.81,4.73,4.79,8079580,38555976.00
2014/09/24,4.77,4.87,4.75,4.86,12305852,59239440.00
2014/09/25,4.86,4.93,4.82,4.84,14052496,68538240.00
2014/09/26,4.81,5.05,4.81,4.96,23093038,114628280.00
2014/09/29,4.99,5.03,4.93,4.97,14885703,73988424.00
2014/09/30,4.95,5.05,4.95,5.05,16073248,80699464.00
2014/10/08,5.25,5.45,5.05,5.13,33520539,172782320.00
2014/10/09,5.12,5.14,5.03,5.09,22654405,115061920.00
2014/10/10,5.10,5.14,5.04,5.09,15830204,80489848.00
2014/10/13,5.12,5.26,5.09,5.18,19674374,101731208.00
2014/10/14,5.18,5.18,5.00,5.05,15699149,79813104.00
2014/10/15,5.03,5.08,4.95,5.06,12616162,63141552.00
2014/10/16,5.02,5.04,4.86,4.88,12861786,63986880.00
2014/10/17,4.85,4.89,4.67,4.79,12917432,61612400.00
2014/10/20,4.75,4.99,4.74,4.92,10099811,49238504.00
2014/10/21,4.95,4.96,4.84,4.86,5920000,29010608.00
2014/10/22,4.87,4.92,4.77,4.78,5271869,25557242.00
2014/10/23,4.78,4.84,4.67,4.67,7130977,33790552.00
2014/10/24,4.67,4.76,4.66,4.68,3959963,18603404.00
2014/10/27,4.68,4.70,4.60,4.69,4355468,20277572.00
2014/10/28,4.64,4.82,4.64,4.81,6697333,31993572.00
2014/10/29,4.82,4.94,4.78,4.89,11075432,53862968.00
2014/10/30,4.88,4.91,4.82,4.87,7701705,37527824.00
2014/10/31,4.87,4.96,4.86,4.93,10860768,53398620.00
2014/11/03,4.95,5.08,4.95,5.07,17167633,86487240.00
2014/11/04,5.05,5.13,4.95,5.04,15540241,78428240.00
2014/11/05,5.03,5.04,4.93,4.96,7345900,36406444.00
2014/11/06,4.96,4.96,4.89,4.96,5495214,27059934.00
2014/11/07,4.96,4.98,4.82,4.83,8716162,42855148.00
2014/11/10,4.86,4.89,4.82,4.88,6039853,29315348.00
2014/11/11,4.91,4.93,4.73,4.78,9821473,47118964.00
2014/11/12,4.76,4.91,4.70,4.90,8666271,42037352.00
2014/11/13,4.90,4.90,4.81,4.86,8829000,42847944.00
2014/11/14,4.86,4.87,4.78,4.82,4939778,23760324.00
2014/11/17,4.82,4.84,4.73,4.78,6867481,32743878.00
2014/11/18,4.80,4.93,4.75,4.92,12985977,63241844.00
2014/11/19,4.90,4.95,4.82,4.87,7301114,35519960.00
2014/11/20,4.85,5.03,4.83,4.99,17776830,88430216.00
2014/11/21,4.98,5.02,4.92,4.99,9858857,49083496.00
2014/11/24,5.04,5.05,4.97,5.00,13524982,67608696.00
2014/11/25,5.00,5.05,4.92,5.02,16513758,82184168.00
2014/11/26,5.00,5.00,4.92,4.97,12547753,62179564.00
2014/11/27,4.97,5.05,4.95,4.98,17022600,85057264.00
2014/11/28,4.99,5.23,4.96,5.15,35086775,179441552.00
2014/12/01,5.13,5.16,4.99,5.01,18814235,94766472.00
2014/12/02,5.00,5.05,4.96,5.02,12622532,63385160.00
2014/12/03,5.00,5.13,4.96,5.06,21460884,108051160.00
2014/12/04,5.09,5.57,5.04,5.57,39095677,209513536.00
2014/12/05,5.97,5.97,5.32,5.58,87268479,496788416.00
2014/12/08,5.50,5.50,5.29,5.44,33540792,181611008.00
2014/12/09,5.32,5.41,5.07,5.11,32860171,172984256.00
2014/12/10,5.06,5.28,4.99,5.26,19528202,100329032.00
2014/12/11,5.20,5.33,5.13,5.30,17319274,90713400.00
2014/12/12,5.28,5.35,5.19,5.28,14367089,75739512.00
2014/12/15,5.24,5.54,5.20,5.45,23858510,128220728.00
2014/12/16,5.45,5.52,5.37,5.47,19780776,107983144.00
2014/12/17,5.44,5.46,5.26,5.33,15724879,84142048.00
2014/12/18,5.35,5.51,5.28,5.39,17172300,93224832.00
2014/12/19,5.43,5.43,5.21,5.33,15607488,82717528.00
2014/12/22,5.33,5.35,4.93,5.03,22368549,113743360.00
2014/12/23,5.00,5.01,4.78,4.80,14679774,72221256.00
2014/12/24,4.81,4.91,4.79,4.89,8482506,41183664.00
2014/12/25,4.90,4.97,4.85,4.92,8343996,40986220.00
2014/12/26,4.92,4.95,4.83,4.93,11959410,58383536.00
2014/12/29,4.93,4.94,4.82,4.86,11371986,55373792.00
2014/12/30,4.86,4.94,4.82,4.83,8712496,42365988.00
2014/12/31,4.81,4.81,4.62,4.72,12489017,58584252.00
2015/01/05,4.69,4.83,4.61,4.80,13720602,64791120.00
2015/01/06,4.79,4.90,4.70,4.85,13647854,65998112.00
2015/01/07,4.82,4.94,4.82,4.91,9830247,48016424.00
2015/01/08,4.92,4.97,4.85,4.88,9202584,45078816.00
2015/01/09,4.88,4.90,4.75,4.77,7275700,35168664.00
2015/01/12,4.75,4.76,4.62,4.64,8306493,38726316.00
2015/01/13,4.63,4.69,4.61,4.67,6520673,30276916.00
2015/01/14,4.69,4.70,4.52,4.54,8834856,40814044.00
2015/01/15,4.54,4.65,4.39,4.63,20422566,91585560.00
2015/01/16,4.57,4.66,4.53,4.63,11030132,50907380.00
2015/01/19,4.54,4.87,4.44,4.58,18277841,84911120.00
2015/01/20,4.59,4.73,4.58,4.69,11206731,52208136.00
2015/01/21,4.58,4.79,4.50,4.73,26121535,122134912.00
2015/01/22,4.73,4.86,4.68,4.86,21812467,104747912.00
2015/01/23,4.84,5.01,4.81,4.86,24279500,119349792.00
2015/01/26,4.86,4.91,4.82,4.90,16762854,81511624.00
2015/01/27,4.90,4.90,4.78,4.86,13140250,63679108.00
2015/01/28,4.86,5.06,4.79,4.99,23496000,115934872.00
2015/01/29,4.91,5.03,4.88,4.95,17467234,86305736.00
2015/01/30,4.91,5.10,4.91,4.93,18347870,91882304.00
2015/02/02,4.86,4.89,4.76,4.81,9422314,45523644.00
2015/02/03,4.79,4.90,4.79,4.88,8715996,42321096.00
2015/02/04,4.86,4.92,4.82,4.83,8790488,42678476.00
2015/02/05,4.88,4.90,4.62,4.65,14327900,67988984.00
2015/02/06,4.65,4.66,4.55,4.57,7562413,34681440.00
2015/02/09,4.56,4.63,4.52,4.57,6858546,31286848.00
2015/02/10,4.57,4.59,4.48,4.54,6092874,27628376.00
2015/02/11,4.56,4.60,4.52,4.60,7862715,35782656.00
2015/02/12,4.58,4.67,4.56,4.63,7284754,33632444.00
2015/02/13,4.63,4.70,4.63,4.66,6858179,32048302.00
2015/02/16,4.68,4.74,4.68,4.71,6570727,30899092.00
2015/02/17,4.69,4.75,4.69,4.74,8082500,38259880.00
2015/02/25,4.79,5.01,4.75,4.93,20917354,102462048.00
2015/02/26,4.92,4.96,4.84,4.93,12020572,58895976.00
2015/02/27,4.92,5.06,4.85,5.02,20360629,100994208.00
2015/03/02,5.02,5.09,4.96,5.02,18010992,90463640.00
2015/03/03,4.93,4.93,4.76,4.82,31731636,153724960.00
2015/03/04,4.79,4.87,4.79,4.86,16693289,80694688.00
2015/03/05,4.85,5.35,4.82,5.35,78318749,411605344.00
2015/03/06,5.45,5.76,5.35,5.44,114119658,630754048.00
2015/03/09,5.30,5.36,5.00,5.25,47840999,248657168.00
2015/03/10,5.18,5.47,5.13,5.41,41422728,220491552.00
2015/03/11,5.38,5.44,5.21,5.27,26983920,143543488.00
2015/03/12,5.27,5.45,5.24,5.27,26514542,141372032.00
2015/03/13,5.26,5.29,5.16,5.28,20640688,107943632.00
2015/03/16,5.29,5.40,5.23,5.39,30001422,160268640.00
2015/03/17,5.41,5.59,5.35,5.50,45664001,250145792.00
2015/03/18,5.48,5.60,5.34,5.55,52255786,285457344.00
2015/03/19,5.51,6.11,5.44,5.88,104887573,620049024.00
2015/03/20,5.75,5.86,5.68,5.73,62814916,362360768.00
2015/03/24,5.44,5.44,5.44,5.44,17376800,94529792.00
2015/03/25,5.40,5.57,5.22,5.47,72506201,388925952.00
2015/03/26,5.40,5.48,5.29,5.32,41318173,222499184.00
2015/03/27,5.32,5.42,5.32,5.37,21068869,113131568.00
2015/03/30,5.33,5.37,5.23,5.27,32746090,173568496.00
2015/03/31,5.27,5.44,5.27,5.37,30679186,164031872.00
2015/04/01,5.37,5.45,5.35,5.42,24181557,130957016.00
2015/04/02,5.43,5.69,5.43,5.57,31495676,175208544.00
2015/04/03,5.55,5.71,5.55,5.63,25134100,141242880.00
2015/04/07,5.63,5.65,5.54,5.64,37342659,209087104.00
2015/04/08,5.66,5.75,5.51,5.62,37032911,208811168.00
2015/04/09,5.75,5.85,5.53,5.76,43180310,245961104.00
2015/04/10,5.75,5.84,5.71,5.81,30874824,178676256.00
2015/04/13,6.06,6.06,5.90,5.91,38347163,228650784.00
2015/04/14,5.92,5.97,5.84,5.89,29309471,172957120.00
2015/04/15,5.89,6.05,5.72,5.73,28120600,165541440.00
2015/04/16,5.69,5.79,5.62,5.72,27432135,156241264.00
2015/04/17,5.73,5.83,5.68,5.75,27861547,160090752.00
2015/04/20,5.75,5.79,5.58,5.61,34781380,198126464.00
2015/04/21,5.65,5.89,5.64,5.89,28646560,166563792.00
2015/04/22,6.10,6.18,6.00,6.18,16967715,104139384.00
2015/04/23,6.48,6.49,6.18,6.25,61132303,387504032.00
2015/04/24,6.20,6.56,6.10,6.53,40638236,256653296.00
2015/04/27,6.61,6.86,6.54,6.56,41319033,275733984.00
2015/04/28,6.52,6.64,6.23,6.23,37610660,239248928.00
2015/04/29,6.21,6.47,6.21,6.34,25250602,160579680.00
2015/04/30,6.38,6.60,6.30,6.37,25072738,160906288.00
2015/05/04,6.41,6.46,6.29,6.34,20017033,127340936.00
2015/05/05,6.34,6.37,6.02,6.07,27903764,172215120.00
2015/05/06,6.10,6.18,5.78,5.87,23006519,139015808.00
2015/05/07,5.89,5.89,5.58,5.59,23477539,133280768.00
2015/05/08,5.68,5.87,5.60,5.87,23576602,134621376.00
2015/05/11,5.92,6.08,5.82,6.04,24691848,147507152.00
2015/05/12,6.01,6.10,5.98,6.05,21177460,127707544.00
2015/05/13,6.02,6.22,5.95,6.19,27972926,169375472.00
2015/05/14,6.15,6.36,6.13,6.19,23648978,147443232.00
2015/05/15,6.21,6.24,5.92,6.15,25530124,155132752.00
2015/05/18,6.10,6.20,6.04,6.11,21888969,133825904.00
2015/05/19,6.09,6.35,6.08,6.24,27388664,171090352.00
2015/05/20,6.25,6.39,6.20,6.31,30531556,192939904.00
2015/05/21,6.31,6.45,6.24,6.35,29547996,187490960.00
2015/05/22,6.39,6.67,6.35,6.67,45636135,299807360.00
2015/05/25,6.76,7.00,6.68,6.84,49495796,339066368.00
2015/05/26,6.84,7.18,6.80,7.18,30443522,213025008.00
2015/05/27,7.45,7.54,7.23,7.25,65104427,483509216.00
2015/05/28,7.29,7.59,6.89,6.89,52927927,380332032.00
2015/05/29,6.75,6.90,6.55,6.69,42594750,285183968.00
2015/06/01,6.74,7.02,6.69,7.02,35036605,241194464.00
2015/06/02,7.00,7.09,6.85,7.04,36788556,256700352.00
2015/06/03,7.04,7.34,6.95,7.20,38412696,274781440.00
2015/06/04,7.11,7.21,6.84,7.00,45609163,317653120.00
2015/06/05,7.11,7.35,7.03,7.35,49800743,358403072.00
2015/06/08,7.56,7.72,7.42,7.72,42318158,324609344.00
2015/06/09,8.11,8.11,8.11,8.11,4819600,39087136.00
2015/06/10,8.50,8.50,7.90,8.15,78960385,650803712.00
2015/06/11,8.04,8.56,8.04,8.56,39716000,330242848.00
2015/06/12,8.78,8.99,8.65,8.99,20962596,187072320.00
2015/06/15,9.44,9.44,9.05,9.25,76076741,708650944.00
2015/06/16,9.15,9.15,8.79,8.79,40537393,359396640.00
2015/06/17,8.49,8.79,8.35,8.67,40643776,344449152.00
2015/06/18,8.60,8.88,8.24,8.31,34143154,292917344.00
2015/06/19,8.00,8.13,7.89,7.89,20543866,162651920.00
2015/06/23,7.50,7.72,7.50,7.51,27264027,205290000.00
2015/06/24,7.68,7.80,7.45,7.74,29232862,224239360.00
2015/06/25,7.79,7.89,7.35,7.39,30888554,236944320.00
2015/06/26,7.20,7.20,7.02,7.02,19199771,135288064.00
2015/06/29,6.94,7.05,6.67,6.67,19502400,131480512.00
2015/06/30,6.40,6.85,6.34,6.80,39716768,259913200.00
2015/07/01,6.82,7.08,6.46,6.46,37273497,255063040.00
2015/07/02,6.30,6.58,6.14,6.14,24153108,149733232.00
2015/07/03,5.83,5.98,5.83,5.83,16368200,95804040.00
2015/07/06,6.12,6.12,5.54,5.54,24015338,137256016.00
2015/07/07,5.26,5.26,5.26,5.26,951900,5006994.00
2015/07/08,5.00,5.00,5.00,5.00,263700,1318500.00
2015/07/09,4.75,5.25,4.75,5.24,76478726,379320704.00
2015/07/10,5.18,5.50,5.01,5.50,69392340,374197760.00
2015/07/13,5.42,5.70,5.31,5.51,66844766,367386848.00
2015/07/14,5.36,5.59,5.23,5.23,50038095,269687328.00
2015/07/15,5.02,5.11,4.97,4.97,22013804,110027800.00
2015/07/16,4.72,4.89,4.72,4.72,39561233,187683824.00
2015/07/17,4.73,4.96,4.73,4.96,22633537,110916952.00
2015/07/20,5.04,5.21,5.01,5.15,35269987,180619856.00
2015/07/21,5.08,5.25,4.99,5.20,26038570,134170544.00
2015/07/22,5.16,5.43,5.12,5.30,26138194,137682768.00
2015/07/23,5.34,5.55,5.25,5.49,31699047,171477088.00
2015/07/24,5.52,5.67,5.30,5.36,39333207,216780432.00
2015/07/27,5.24,5.32,5.09,5.09,26240278,135663168.00
2015/07/28,4.84,4.94,4.84,4.84,27117278,131448904.00
2015/07/29,4.89,4.93,4.60,4.90,30803828,145910256.00
2015/07/30,4.85,4.87,4.66,4.66,24780572,118869320.00
2015/07/31,4.54,4.63,4.44,4.49,20889753,94422904.00
2015/08/03,4.48,4.48,4.27,4.29,19962663,86210344.00
2015/08/04,4.31,4.50,4.30,4.50,20337269,89967704.00
2015/08/05,4.54,4.63,4.46,4.51,21226357,96643440.00
2015/08/06,4.45,4.54,4.38,4.50,11766433,52609424.00
2015/08/07,4.52,4.73,4.52,4.73,26153826,122897584.00
2015/08/10,4.77,4.95,4.71,4.91,28869942,139043904.00
2015/08/11,4.87,4.96,4.83,4.89,22642419,110655576.00
2015/08/12,4.80,5.04,4.80,4.94,25217121,124416720.00
2015/08/13,4.91,5.01,4.80,5.00,20327545,100007960.00
2015/08/14,5.01,5.17,5.00,5.11,24151044,122875872.00
2015/08/17,5.10,5.21,5.00,5.21,21704443,111204008.00
2015/08/18,5.25,5.26,4.95,4.95,29249941,148776064.00
2015/08/19,4.70,4.95,4.70,4.88,27823454,132305680.00
2015/08/20,4.87,4.92,4.73,4.78,15930054,76812000.00
2015/08/21,4.66,4.77,4.54,4.56,19315041,89350368.00
2015/08/24,4.34,4.39,4.33,4.33,6287300,27254572.00
2015/08/25,4.11,4.11,4.11,4.11,1777600,7305936.00
2015/08/26,3.90,4.05,3.90,3.90,25843569,101352808.00
2015/08/27,3.83,4.02,3.71,3.90,19821434,76920032.00
2015/08/28,3.97,4.10,3.91,4.10,21048281,84125720.00
2015/08/31,4.10,4.10,3.90,3.90,15981542,63267508.00
2015/09/01,3.89,3.89,3.71,3.72,17773489,66855856.00
2015/09/02,3.54,3.75,3.53,3.55,16170710,58158344.00
2015/09/07,3.61,3.72,3.59,3.66,11882503,43246916.00
2015/09/08,3.63,3.84,3.58,3.84,12221800,45620460.00
2015/09/09,3.86,4.03,3.83,3.93,14968082,58827424.00
2015/09/10,3.91,4.03,3.86,3.98,12181202,48238380.00
2015/09/11,3.97,4.02,3.90,3.95,9948500,39277568.00
2015/09/14,3.97,4.00,3.75,3.75,11037500,42676712.00
2015/09/15,3.60,3.70,3.56,3.56,10549799,38063968.00
2015/09/16,3.56,3.74,3.54,3.74,11038159,40139100.00
2015/09/17,3.74,3.85,3.69,3.72,11905280,44946048.00
2015/09/18,3.73,3.78,3.70,3.77,7043916,26357392.00
2015/09/21,3.74,3.93,3.72,3.91,8686376,33359570.00
2015/09/22,3.90,3.94,3.84,3.91,9896274,38632756.00
2015/09/23,3.84,4.11,3.82,4.08,19350174,77324432.00
2015/09/24,4.02,4.12,4.00,4.05,10713986,43416672.00
2015/09/25,4.04,4.09,3.85,3.89,9515200,37441396.00
2015/09/28,3.91,4.02,3.87,3.97,5646100,22315652.00
2015/09/29,3.91,3.95,3.82,3.87,7921946,30676184.00
2015/09/30,3.87,3.94,3.87,3.91,4773893,18644934.00
2015/10/08,4.01,4.03,3.96,4.01,9590316,38362372.00
2015/10/09,4.01,4.07,3.99,4.05,9245284,37238256.00
2015/10/12,4.05,4.22,4.04,4.18,11496532,47689832.00
2015/10/13,4.17,4.21,4.12,4.17,10271301,42774168.00
2015/10/14,4.17,4.21,4.12,4.12,9964956,41365872.00
2015/10/15,4.10,4.24,4.08,4.22,14192779,59073840.00
2015/10/16,4.24,4.26,4.15,4.24,16741501,70523248.00
2015/10/19,4.26,4.27,4.17,4.19,12318014,52021488.00
2015/10/20,4.20,4.25,4.19,4.23,10582693,44663784.00
2015/10/21,4.24,4.38,4.02,4.02,21196284,88975952.00
2015/10/22,4.05,4.11,3.98,4.09,13253459,53575976.00
2015/10/23,4.10,4.19,4.06,4.18,11639128,47847664.00
2015/10/26,4.20,4.39,4.17,4.39,26655259,115405352.00
2015/10/27,4.35,4.45,4.19,4.40,19764692,85415856.00
2015/10/28,4.35,4.52,4.33,4.38,19218352,84938760.00
2015/10/29,4.39,4.45,4.29,4.37,12377842,54058560.00
2015/10/30,4.45,4.50,4.38,4.40,13926488,61709680.00
2015/11/02,4.29,4.48,4.26,4.31,13150219,57719340.00
2015/11/03,4.33,4.38,4.29,4.33,9209793,39964608.00
2015/11/04,4.34,4.48,4.34,4.47,14964115,66297464.00
2015/11/05,4.48,4.56,4.44,4.55,20438322,91995608.00
2015/11/06,4.53,4.64,4.51,4.60,14813163,67954608.00
2015/11/09,4.56,4.63,4.50,4.58,16157094,73710144.00
2015/11/10,4.57,4.81,4.56,4.81,8995172,42763944.00
2015/11/11,4.93,5.05,4.92,5.05,13549654,67821704.00
2015/11/12,5.28,5.28,4.93,4.97,33153855,168443328.00
2015/11/13,4.90,4.94,4.72,4.74,22450788,108150592.00
2015/11/16,4.63,4.98,4.61,4.98,7920456,38401032.00
2015/11/17,5.23,5.23,5.03,5.07,23964570,124226968.00
2015/11/18,5.16,5.32,5.01,5.11,23033027,118717496.00
2015/11/19,5.11,5.17,5.01,5.11,15157900,77012128.00
2015/11/20,5.09,5.14,5.01,5.11,11267679,57289860.00
2015/11/23,5.05,5.16,5.00,5.02,15620234,79248528.00
2015/11/24,5.01,5.27,5.01,5.09,14966077,76908520.00
2015/11/25,5.11,5.18,5.07,5.12,11396146,58302176.00
2015/11/26,5.16,5.18,5.06,5.08,11472920,58547268.00
2015/11/27,5.21,5.27,4.83,4.84,31035580,157185200.00
2015/11/30,4.90,4.99,4.60,4.88,22070274,106507448.00
2015/12/01,4.84,4.94,4.80,4.92,9232001,45114592.00
2015/12/02,4.90,5.17,4.89,5.11,20035270,101887168.00
2015/12/03,5.13,5.16,5.08,5.15,10497713,53808896.00
2015/12/04,5.19,5.27,5.14,5.21,16024906,83433336.00
2015/12/07,5.23,5.44,5.16,5.41,22072352,117695920.00
2015/12/08,5.36,5.42,5.14,5.18,17438494,91771360.00
2015/12/09,5.16,5.21,5.04,5.10,11003452,56417936.00
2015/12/10,5.07,5.15,4.98,5.01,11774210,59275332.00
2015/12/11,5.02,5.09,4.97,5.07,8698542,43789792.00
2015/12/14,5.05,5.14,5.03,5.13,8221720,41718256.00
2015/12/15,5.12,5.19,5.08,5.10,6083142,31108260.00
2015/12/16,5.12,5.19,5.07,5.14,10853761,55618608.00
2015/12/17,5.13,5.21,5.13,5.17,12793174,66080872.00
2015/12/18,5.17,5.26,5.16,5.24,11439465,59546156.00
2015/12/21,5.24,5.27,5.20,5.25,9517135,49814512.00
2015/12/22,5.25,5.37,5.23,5.35,11806980,62655808.00
2015/12/23,5.34,5.36,5.17,5.20,10884618,57383804.00
2015/12/24,5.22,5.26,5.09,5.17,10501430,54296224.00
2015/12/25,5.15,5.35,5.15,5.35,10754300,56635844.00
2015/12/28,5.36,5.39,5.14,5.15,14243424,75091960.00
2015/12/29,5.15,5.23,5.14,5.20,9322755,48299312.00
2015/12/30,5.21,5.33,5.18,5.29,11065778,58254236.00
2015/12/31,5.36,5.39,5.24,5.25,10577346,56169128.00
2016/01/04,5.26,5.28,4.99,4.99,13329801,67502856.00
2016/01/05,4.74,4.85,4.74,4.74,14726026,70131760.00
2016/01/06,4.75,4.84,4.63,4.84,11564546,54963012.00
2016/01/07,4.75,4.77,4.60,4.60,3138000,14625080.00
2016/01/08,4.42,4.63,4.37,4.41,19057819,84514448.00
2016/01/11,4.31,4.33,4.19,4.19,7893601,33404040.00
2016/01/12,4.08,4.14,3.98,3.99,12523354,50282232.00
2016/01/13,4.01,4.09,3.94,3.98,9019001,36251496.00
2016/01/14,3.90,4.09,3.80,4.07,8596373,34056116.00
2016/01/15,4.09,4.16,3.93,3.99,9112776,37058608.00
2016/01/18,3.84,4.05,3.83,4.01,6192725,24463054.00
2016/01/19,4.04,4.19,3.99,4.18,6192137,25394136.00
2016/01/20,4.16,4.25,4.12,4.17,7095621,29693816.00
2016/01/21,4.12,4.21,4.02,4.03,7150524,29536584.00
2016/01/22,4.06,4.11,3.94,4.06,5588656,22562860.00
2016/01/25,4.10,4.15,4.07,4.13,4758431,19562878.00
2016/01/26,4.08,4.15,3.92,3.92,6220399,25107752.00
2016/01/27,3.86,3.90,3.72,3.76,9228293,34716912.00
2016/01/28,3.70,3.85,3.57,3.70,5884656,22088212.00
2016/01/29,3.67,3.83,3.67,3.81,7275330,27440608.00
2016/02/01,3.84,3.96,3.73,3.81,8447451,32650036.00
2016/02/02,3.81,3.95,3.80,3.93,5474525,21397574.00
2016/02/03,3.88,3.98,3.85,3.96,4939686,19369934.00
2016/02/04,3.96,4.05,3.95,4.02,5480845,21984380.00
2016/02/05,4.04,4.22,4.04,4.22,11378620,47376032.00
2016/02/15,4.09,4.14,4.02,4.11,7853534,32066164.00
2016/02/16,4.11,4.28,4.11,4.24,8126533,34167760.00
2016/02/17,4.21,4.27,4.16,4.23,6573071,27703008.00
2016/02/18,4.25,4.27,4.12,4.15,6497356,27260840.00
2016/02/19,4.15,4.20,4.11,4.16,5188751,21601436.00
2016/02/22,4.20,4.26,4.17,4.25,6005007,25316524.00
2016/02/23,4.25,4.30,4.20,4.25,7030051,29888684.00
2016/02/24,4.25,4.39,4.24,4.36,11531543,49687320.00
2016/02/25,4.35,4.35,4.14,4.14,11637800,49151020.00
2016/02/26,4.06,4.12,3.94,3.98,9585121,38468876.00
2016/02/29,3.98,4.01,3.78,3.78,10529702,40213536.00
2016/03/01,3.73,3.87,3.73,3.87,6701115,25659132.00
2016/03/02,3.87,4.06,3.85,4.03,6686153,26471560.00
2016/03/03,4.03,4.09,3.96,4.00,7731569,31172816.00
2016/03/04,4.00,4.03,3.80,3.90,10279799,40138056.00
2016/03/07,3.96,4.05,3.95,4.00,6304724,25169632.00
2016/03/08,4.02,4.11,3.88,4.10,8503604,34017768.00
2016/03/09,4.03,4.10,3.99,4.05,4685759,18958038.00
2016/03/10,4.04,4.07,3.95,3.97,5242303,21026080.00
2016/03/11,3.98,3.98,3.89,3.97,5253864,20671308.00
2016/03/14,3.99,4.14,3.98,4.07,7472226,30403226.00
2016/03/15,4.07,4.13,4.04,4.09,5344389,21821736.00
2016/03/16,4.13,4.19,4.05,4.08,5855640,24057586.00
2016/03/17,4.09,4.20,4.08,4.18,8469646,35102672.00
2016/03/18,4.21,4.29,4.17,4.28,10079986,42833308.00
2016/03/21,4.30,4.37,4.28,4.34,11239458,48578300.00
2016/03/22,4.31,4.35,4.20,4.28,9694250,41755576.00
2016/03/23,4.27,4.40,4.23,4.38,10213335,44371096.00
2016/03/24,4.35,4.55,4.33,4.41,10526099,46805704.00
2016/03/25,4.39,4.63,4.38,4.63,11799606,53413864.00
2016/03/28,4.61,4.70,4.50,4.56,14735280,68141944.00
2016/03/29,4.57,4.59,4.34,4.44,12459836,55648176.00
2016/03/30,4.45,4.61,4.44,4.58,10000392,45213000.00
2016/03/31,4.62,4.63,4.51,4.56,7335851,33500672.00
2016/04/05,4.66,4.89,4.58,4.79,59405684,280165312.00
2016/04/06,4.61,4.71,4.60,4.65,28444403,132369784.00
2016/04/07,4.65,4.71,4.44,4.50,26587531,122319440.00
2016/04/08,4.46,4.50,4.37,4.46,19409209,86040120.00
2016/04/11,4.47,4.61,4.46,4.55,13039019,59291368.00
2016/04/12,4.53,4.57,4.41,4.57,13960984,62746048.00
2016/04/13,4.56,4.64,4.53,4.56,15433891,71027040.00
2016/04/14,4.57,4.62,4.55,4.61,9051811,41467536.00
2016/04/15,4.63,4.64,4.56,4.61,9090638,41822388.00
2016/04/18,4.55,4.58,4.47,4.51,10932885,49372508.00
2016/04/19,4.53,4.55,4.48,4.52,5604951,25266106.00
2016/04/20,4.53,4.53,4.15,4.24,18860327,81577504.00
2016/04/21,4.20,4.32,4.20,4.22,8622357,36743928.00
2016/04/22,4.21,4.31,4.21,4.30,6795187,28998096.00
2016/04/25,4.28,4.65,4.26,4.54,20709806,93569056.00
2016/04/26,4.50,4.54,4.44,4.52,9008107,40409088.00
2016/04/27,4.50,4.65,4.49,4.56,13051334,59723964.00
2016/04/28,4.54,4.58,4.40,4.46,8279902,36973360.00
2016/04/29,4.41,4.49,4.40,4.45,3962216,17629434.00
2016/05/03,4.43,4.59,4.43,4.53,7758950,35077896.00
2016/05/04,4.54,4.85,4.54,4.59,21875185,102443688.00
2016/05/05,4.61,4.71,4.57,4.66,13503268,62784924.00
2016/05/06,4.65,4.71,4.44,4.46,17036736,77779088.00
2016/05/09,4.40,4.45,4.20,4.21,12873040,54994636.00
2016/05/10,4.25,4.28,4.17,4.26,6251406,26437428.00
2016/05/11,4.27,4.31,4.18,4.21,7626541,32358104.00
2016/05/12,4.17,4.18,4.02,4.11,6576178,27001168.00
2016/05/13,4.09,4.16,4.05,4.06,5112218,20940604.00
2016/05/16,4.10,4.17,4.03,4.16,7638233,31531556.00
2016/05/17,4.16,4.18,4.08,4.11,5159167,21247260.00
2016/05/18,4.09,4.11,3.98,4.03,6441749,25949826.00
2016/05/19,4.05,4.09,4.01,4.02,3367400,13623175.00
2016/05/20,4.03,4.17,3.99,4.15,8468883,34761504.00
2016/05/23,4.15,4.18,4.13,4.17,4930604,20471592.00
2016/06/07,4.59,4.59,4.59,4.59,809600,3716064.00
2016/06/08,5.05,5.05,4.90,5.05,53514630,270041280.00
2016/06/13,5.06,5.37,5.00,5.09,76134432,392388256.00
2016/06/14,4.93,5.04,4.84,4.90,34254740,169032096.00
2016/06/15,4.80,5.17,4.79,5.09,33380207,167692112.00
2016/06/16,5.05,5.34,5.01,5.13,32583574,168988224.00
2016/06/17,5.15,5.42,5.15,5.31,31819913,168463584.00
2016/06/20,5.27,5.27,5.05,5.10,25136524,128438320.00
2016/06/21,5.12,5.25,5.05,5.08,14845178,76227264.00
2016/06/22,5.03,5.15,5.03,5.12,9635997,49099160.00
2016/06/23,5.14,5.14,4.92,5.06,13223238,66510060.00
2016/06/24,5.02,5.07,4.81,4.98,14164143,70155352.00
2016/06/27,4.98,5.26,4.95,5.25,21767049,112956816.00
2016/06/28,5.20,5.43,5.17,5.35,19799064,106044360.00
2016/06/29,5.30,5.89,5.30,5.89,30332669,175059392.00
2016/06/30,6.06,6.35,5.90,5.97,45708021,278717952.00
2016/07/01,6.01,6.06,5.83,5.99,21225769,125656736.00
2016/07/04,5.95,6.48,5.90,6.29,32816256,205644336.00
2016/07/05,6.25,6.45,6.13,6.39,29255786,184232128.00
2016/07/06,6.38,6.43,6.25,6.36,14479930,91679136.00
2016/07/07,6.38,6.40,6.17,6.23,16559820,103729360.00
2016/07/08,6.20,6.57,6.18,6.34,17378448,110652416.00
2016/07/11,6.30,6.39,6.24,6.28,12885296,81425600.00
2016/07/12,6.28,6.48,6.21,6.41,17892801,113226648.00
2016/07/13,6.32,6.58,6.32,6.49,15544987,100683328.00
2016/07/14,6.49,7.14,6.44,7.14,37535303,260881600.00
2016/07/15,7.25,7.25,6.91,6.97,27037960,190926032.00
2016/07/18,6.98,7.67,6.89,7.63,32913232,241404320.00
2016/07/19,7.55,7.68,7.40,7.48,24188536,181600784.00
2016/07/20,7.49,8.09,7.42,7.53,41883662,326176256.00
2016/07/21,7.65,7.68,7.31,7.42,21377690,159535376.00
2016/07/22,7.42,7.53,7.15,7.22,20809797,151462544.00
2016/07/25,7.17,7.49,7.16,7.30,19765678,145114400.00
2016/07/26,7.32,7.53,7.25,7.50,16200948,120472528.00
2016/07/27,7.46,7.70,6.80,7.12,31858555,231386560.00
2016/07/28,7.05,7.19,6.50,7.02,29252306,202113328.00
2016/07/29,7.14,7.14,6.75,6.92,11355365,78549288.00
2016/08/01,6.90,6.90,6.53,6.61,16064025,106839448.00
2016/08/02,6.70,6.85,6.62,6.80,9791523,65858900.00
2016/08/03,6.89,6.99,6.79,6.97,13582946,93982192.00
2016/08/04,7.08,7.43,6.98,7.28,20377924,147650416.00
2016/08/05,7.25,7.37,7.15,7.20,11897373,86013792.00
2016/08/08,7.13,7.27,7.02,7.25,10270063,73306440.00
2016/08/09,7.29,7.50,7.22,7.28,14222839,104342160.00
2016/08/10,7.22,7.30,7.08,7.15,13760422,98087056.00
2016/08/11,7.16,7.17,6.97,6.98,11801901,82981408.00
2016/08/12,7.03,7.08,6.81,7.00,12568868,87261568.00
2016/08/15,7.02,7.19,6.95,7.18,14415976,102120192.00
2016/08/16,7.18,7.25,7.11,7.16,11228515,80304528.00
2016/08/17,7.16,7.18,6.95,7.02,11504328,80918240.00
2016/08/18,7.05,7.62,6.98,7.45,26716001,195435024.00
2016/08/19,7.40,7.73,7.35,7.69,26076803,198633680.00
2016/08/22,7.68,7.68,7.45,7.47,14077610,105951752.00
2016/08/23,7.51,7.57,7.39,7.49,7620440,56949112.00
2016/08/24,7.45,7.52,7.40,7.45,7583116,56503024.00
2016/08/25,7.21,7.50,7.21,7.37,9948090,72871032.00
2016/08/26,7.43,7.76,7.35,7.48,14425050,109302168.00
2016/08/29,7.42,7.54,7.36,7.38,9759217,72560304.00
2016/08/30,7.36,7.50,7.27,7.40,9499211,70326416.00
2016/08/31,7.43,8.06,7.43,7.91,31170546,244228784.00
2016/09/01,7.85,8.01,7.75,7.89,17334841,136326720.00
2016/09/02,7.90,8.10,7.79,7.94,20909122,166397232.00
2016/09/05,7.91,8.02,7.83,7.95,13741978,109234824.00
2016/09/06,7.91,8.07,7.86,8.02,13676389,108894640.00
2016/09/07,8.07,8.07,7.91,8.04,15614932,124764432.00
2016/09/08,8.03,8.31,8.00,8.30,24408562,199081600.00
2016/09/09,8.30,9.00,8.30,8.42,42264821,367172800.00
2016/09/12,8.11,8.27,7.75,7.86,43406692,347196832.00
2016/09/13,7.90,8.39,7.90,8.36,24057620,195716096.00
2016/09/14,8.29,8.80,8.23,8.36,30572994,260393072.00
2016/09/19,8.35,8.74,8.00,8.61,22815418,193564976.00
2016/09/20,8.62,8.88,8.54,8.58,15809792,136905664.00
2016/09/21,8.53,8.69,8.48,8.49,10835812,92781232.00
2016/09/22,8.58,8.77,8.51,8.58,13000640,112137664.00
2016/09/23,8.54,8.65,8.40,8.43,12161828,103206944.00
2016/09/26,8.31,8.43,8.13,8.17,14240833,117972800.00
2016/09/27,8.60,8.99,8.40,8.51,33806159,291317984.00
2016/09/28,8.36,8.55,8.18,8.28,21168585,175772096.00
2016/09/29,8.18,8.66,8.18,8.56,23067174,196016064.00
2016/09/30,8.51,9.42,8.45,9.27,57431126,525568768.00
2016/10/10,9.18,9.48,8.91,9.20,49650016,451533568.00
2016/10/11,9.05,9.45,9.05,9.13,31254138,288413024.00
2016/10/12,9.10,9.18,8.88,8.92,24898472,223201824.00
2016/10/13,8.87,8.93,8.68,8.77,21791852,191469072.00
2016/10/14,8.75,9.05,8.65,9.02,21344991,190175488.00
2016/10/17,9.07,9.07,8.66,8.78,18687336,165836032.00
2016/10/18,8.72,8.89,8.67,8.83,14880261,130882656.00
2016/10/19,8.79,9.17,8.74,9.04,23077495,207196512.00
2016/10/20,8.97,9.20,8.83,8.92,23993347,215997616.00
2016/10/21,8.92,9.14,8.76,9.08,18529026,165621216.00
2016/10/24,9.16,9.80,9.11,9.58,37638011,357976832.00
2016/10/25,9.50,10.54,9.43,10.54,59798304,602992896.00
2016/12/12,10.97,11.59,10.05,11.59,117509300,1312815744.00
2016/12/13,11.94,12.75,11.93,12.75,65433206,813215616.00
2016/12/14,13.95,14.03,13.64,14.03,25189699,349972736.00
2016/12/15,15.00,15.43,14.74,15.43,101274126,1550423168.00
2016/12/20,14.80,16.79,14.49,14.53,163487087,2539379968.00
2016/12/21,14.01,14.51,13.08,13.57,155054865,2094261888.00
2016/12/22,13.37,13.65,13.05,13.55,104100438,1394172160.00
2016/12/23,13.37,13.70,12.53,12.70,101832373,1333235968.00
2016/12/26,12.76,13.06,12.52,13.03,71643476,916797056.00
2016/12/27,12.90,13.78,12.70,13.30,115699555,1534736256.00
2016/12/28,13.06,13.89,12.87,12.92,114681111,1536849664.00
2016/12/29,12.55,14.21,12.22,14.21,104151141,1369034496.00
2016/12/30,14.66,14.85,13.23,13.29,132034864,1848002944.00
2017/01/03,12.99,13.51,12.72,13.20,73403376,960286528.00
2017/01/04,13.13,13.20,12.71,12.96,67390052,871584896.00
2017/01/05,12.84,13.95,12.84,13.24,90871753,1214056832.00
2017/01/06,12.93,13.13,11.92,11.93,95484818,1189117184.00
2017/01/09,11.70,12.12,11.41,11.83,56173929,659201280.00
2017/01/10,11.85,12.03,11.65,11.76,38179406,452161216.00
2017/01/11,11.41,11.78,11.05,11.12,50580614,577802752.00
2017/01/12,11.20,11.45,10.94,11.18,47467330,532075744.00
2017/01/13,11.18,11.65,10.96,11.31,55260222,625472512.00
2017/01/16,11.11,11.14,10.18,10.33,57806503,612200512.00
2017/01/17,10.51,10.69,10.25,10.59,38874676,408179712.00
2017/01/18,10.61,10.98,10.50,10.68,43051552,462002880.00
2017/01/19,10.58,10.97,10.51,10.73,36907068,398075520.00
2017/01/20,10.61,11.18,10.56,11.00,42194463,460296608.00
2017/01/23,10.84,11.04,10.75,10.91,32597900,354216448.00
2017/01/24,10.85,11.04,10.59,10.77,29819827,320660288.00
2017/01/25,10.75,11.05,10.64,10.72,31749370,344334400.00
2017/01/26,10.71,10.76,9.98,10.23,48871811,503257984.00
2017/02/03,10.13,10.29,10.01,10.09,17930061,181330960.00
2017/02/06,10.13,10.38,10.08,10.34,24824336,254887344.00
2017/02/07,10.35,10.95,10.35,10.87,47407360,506992736.00
2017/02/08,10.75,10.93,10.47,10.80,36900825,394365120.00
2017/02/09,10.75,11.53,10.65,11.22,69012208,769758400.00
2017/02/10,11.10,11.26,10.91,11.10,38532912,426986336.00
2017/02/13,11.00,11.45,10.95,11.44,40009030,450563008.00
2017/02/14,11.35,11.54,11.12,11.22,34843134,393991104.00
2017/02/15,11.17,11.44,10.82,11.38,46655887,519281920.00
2017/02/16,11.24,11.33,11.13,11.21,23919530,268524320.00
2017/02/17,11.24,11.24,10.55,10.61,33054701,360838784.00
2017/02/20,10.41,10.58,10.19,10.47,25163846,261116640.00
2017/02/21,10.39,10.68,10.39,10.56,17413111,183608672.00
2017/02/22,10.49,10.60,10.31,10.40,18992547,198226096.00
2017/02/23,10.40,10.57,10.30,10.39,18891802,196367344.00
2017/02/24,10.42,10.46,10.22,10.33,16089290,165870512.00
2017/02/27,10.22,10.23,9.91,10.11,27023711,272079552.00
2017/02/28,10.10,11.12,10.02,11.12,42884864,452187520.00
2017/03/01,11.27,12.20,11.00,11.59,105054302,1209975296.00
2017/03/02,11.46,11.48,11.11,11.19,47763559,539092672.00
2017/03/03,11.12,11.65,11.12,11.32,40897502,466328576.00
2017/03/06,11.33,11.65,11.03,11.59,35057526,401378432.00
2017/03/07,11.59,12.39,11.51,12.00,66055160,794355200.00
2017/03/08,12.48,12.70,11.72,11.74,57144196,689028224.00
2017/03/09,11.53,11.65,11.20,11.26,35554878,404110080.00
2017/03/10,11.37,12.30,11.37,11.93,63024921,755949248.00
2017/03/13,11.78,11.88,11.41,11.72,35481359,411318976.00
2017/03/14,11.59,11.76,11.36,11.44,26603251,305963040.00
2017/03/15,11.37,11.59,11.15,11.28,22350693,254023424.00
2017/03/16,11.40,11.66,11.32,11.51,26507083,305096544.00
2017/03/17,11.50,11.50,11.23,11.26,26141037,295830880.00
2017/03/20,11.24,11.26,10.77,10.94,26653591,293062944.00
2017/03/21,10.85,11.07,10.78,11.01,14550390,159778656.00
2017/03/22,10.87,10.98,10.63,10.70,18588958,200097888.00
2017/03/23,10.70,11.07,10.67,10.89,21000977,229015760.00
2017/03/24,10.82,11.02,10.80,10.91,13980373,152457056.00
2017/03/27,10.98,11.95,10.96,11.73,53293043,614290496.00
2017/03/28,11.58,11.59,11.23,11.38,28744488,327667328.00
2017/03/29,11.32,11.73,11.21,11.28,31628736,362096288.00
2017/03/30,11.12,11.12,10.71,10.72,27928117,303161984.00
2017/03/31,10.71,10.89,10.58,10.83,14920716,160316896.00
2017/04/05,10.73,11.03,10.66,10.91,15885291,172081792.00
2017/04/06,10.92,10.99,10.75,10.89,13737923,149138080.00
2017/04/07,10.85,10.88,10.70,10.71,14563215,156976880.00
2017/04/10,10.68,10.68,10.19,10.39,19582152,203834640.00
2017/04/11,10.36,10.65,10.26,10.62,16396285,172486000.00
2017/04/12,10.67,10.67,10.35,10.41,12154860,126913032.00
2017/04/13,10.33,10.55,10.30,10.40,8425390,87975984.00
2017/04/17,10.00,10.36,9.90,10.07,15416069,154811760.00
2017/04/18,10.07,10.15,9.06,9.06,16976501,164827312.00
2017/04/19,8.94,8.94,8.15,8.43,29084577,245672832.00
2017/04/20,8.41,8.62,8.32,8.57,14522427,123328984.00
2017/04/21,8.61,9.25,7.75,9.06,37906159,312805600.00
2017/04/24,8.70,9.10,8.32,8.76,23850525,208655472.00
2017/04/25,8.67,9.09,8.61,8.81,12865403,114385496.00
2017/04/26,8.90,9.03,8.51,8.73,11190681,98020600.00
2017/04/27,8.67,8.92,8.38,8.73,13044299,112795416.00
2017/04/28,8.67,8.83,8.62,8.78,8766149,76782648.00
2017/05/02,8.78,9.58,8.78,9.43,25022122,229468352.00
2017/05/03,9.32,9.47,9.21,9.26,13545205,126146160.00
2017/05/04,9.26,9.44,9.12,9.18,9924100,92038424.00
2017/05/05,9.13,9.27,8.93,8.99,10436855,94978872.00
2017/05/08,8.90,9.18,8.82,8.92,8497751,76728112.00
2017/05/09,8.88,9.05,8.81,8.95,6250398,55640424.00
2017/05/10,8.95,9.01,8.20,8.66,11709200,101770480.00
2017/05/11,8.51,8.76,8.26,8.67,11419064,97204168.00
2017/05/12,8.58,8.69,8.46,8.58,6894110,59171760.00
2017/05/15,8.58,8.65,8.55,8.62,5895766,50714604.00
2017/05/16,8.61,8.76,8.45,8.72,7211300,62459352.00
2017/05/17,8.73,9.15,8.72,8.92,12772532,114681248.00
2017/05/18,8.85,8.97,8.76,8.78,7673841,68051008.00
2017/05/19,8.74,9.08,8.72,8.88,7549511,67223944.00
2017/05/22,8.82,9.02,8.77,8.78,5727990,50940984.00
2017/05/23,8.75,8.87,8.40,8.47,8557984,73341184.00
2017/05/24,8.50,8.68,8.30,8.64,7537191,63985980.00
2017/05/25,8.64,8.75,8.51,8.70,6564322,56726708.00
2017/05/26,8.67,8.73,8.56,8.58,4864500,42067516.00
2017/05/31,8.60,9.07,8.58,9.05,15731538,138814240.00
2017/06/01,9.01,9.15,8.84,8.92,10624588,95531568.00
2017/06/02,8.83,8.99,8.82,8.90,7156301,63732744.00
2017/06/05,8.92,8.96,8.80,8.86,5809389,51410600.00
2017/06/06,8.84,8.96,8.81,8.88,4436252,39372728.00
2017/06/07,8.91,9.03,8.85,8.96,8718257,78048344.00
2017/06/08,8.94,8.99,8.82,8.84,7641327,67765616.00
2017/06/09,8.83,8.87,8.76,8.87,5021237,44288524.00
2017/06/12,8.80,8.81,8.62,8.70,6799100,59168232.00
2017/06/13,8.70,8.78,8.62,8.69,4441600,38655556.00
2017/06/14,8.67,9.48,8.65,9.24,31721585,289930080.00
2017/06/15,9.10,9.24,9.02,9.06,19551673,178016048.00
2017/06/16,9.06,9.23,8.89,8.92,14324533,129230952.00
2017/06/19,8.90,8.96,8.84,8.92,6700066,59589252.00
2017/06/20,8.94,9.17,8.85,9.03,12004001,108587760.00
2017/06/21,9.02,9.13,8.90,8.98,8901727,80139128.00
2017/06/22,9.00,9.03,8.80,8.81,7897731,70450216.00
2017/06/23,8.72,8.83,8.66,8.75,7185642,62811256.00
2017/06/26,8.84,9.01,8.78,8.90,8396578,74708856.00
2017/06/27,8.89,9.11,8.83,9.00,14903565,134251296.00
2017/06/28,8.91,9.27,8.91,9.15,18166674,166165952.00
2017/06/29,9.13,9.25,9.10,9.19,11564318,105897216.00
2017/06/30,9.18,9.25,9.12,9.13,7674014,70459704.00
2017/07/03,9.08,9.44,9.02,9.35,14366303,133392848.00
2017/07/04,9.30,9.96,9.27,9.65,23495850,225975056.00
2017/07/05,9.70,9.88,9.52,9.78,19784712,192127360.00
2017/07/06,9.76,9.86,9.62,9.77,12308622,120105824.00
2017/07/07,9.83,10.74,9.81,10.47,35376179,369273280.00
2017/07/10,10.28,10.57,10.20,10.32,20669051,213962048.00
2017/07/11,10.32,10.34,10.03,10.05,14345884,145708528.00
2017/07/12,10.07,10.15,9.80,9.96,12066201,119547736.00
2017/07/13,10.15,10.55,10.08,10.29,18683501,193469088.00
2017/07/14,10.20,10.24,9.93,10.07,10608800,106865992.00
2017/07/17,10.45,10.58,9.55,9.80,19494101,197827952.00
2017/07/18,9.82,9.97,9.58,9.92,13222751,129605296.00
2017/07/19,9.87,10.19,9.82,10.15,12637882,126669872.00
2017/07/20,10.70,10.70,10.20,10.21,22247501,232578240.00
2017/07/21,10.25,10.43,10.10,10.16,11016416,112605336.00
2017/07/24,10.05,10.17,9.82,9.94,14710957,146266560.00
2017/07/25,9.94,9.99,9.72,9.78,9412600,92286416.00
2017/07/26,9.81,9.90,9.61,9.85,8060262,78494536.00
2017/07/27,9.86,9.88,9.58,9.59,11417948,110129192.00
2017/07/28,9.56,9.73,9.51,9.59,7427700,71467128.00
2017/08/02,9.62,9.62,9.62,9.62,0,0.00
数据来源:通达信
