600819 耀皮玻璃 日线 前复权
      日期	    开盘	    最高	    最低	    收盘	    成交量	    成交额
2010/10/08,8.08,8.26,8.08,8.19,2770807,23317138.00
2010/10/11,8.28,8.42,8.17,8.42,5109193,43521580.00
2010/10/12,8.41,8.46,8.23,8.28,4347671,37000004.00
2010/10/13,8.36,8.47,8.28,8.46,3927262,33851564.00
2010/10/14,8.46,8.48,8.10,8.12,4073177,34483444.00
2010/10/15,8.06,8.15,7.82,7.85,4324268,35419464.00
2010/10/18,7.83,7.92,7.63,7.75,2845806,22656136.00
2010/10/19,7.68,8.22,7.68,8.19,3654270,30163616.00
2010/10/20,8.11,9.03,7.88,8.72,9585684,83021592.00
2010/10/21,8.70,9.08,8.51,9.01,7968575,72125072.00
2010/10/22,8.98,9.41,8.70,8.99,11343695,104306840.00
2010/10/25,8.90,9.30,8.86,9.18,12133641,112721968.00
2010/10/26,9.18,9.18,8.89,8.97,3654279,33697656.00
2010/10/27,8.97,9.11,8.85,8.86,3522855,32397100.00
2010/10/28,8.86,9.41,8.86,9.26,6505674,60781076.00
2010/10/29,9.28,9.58,9.11,9.37,6247155,60101016.00
2010/11/01,9.43,9.53,9.24,9.43,4478959,43050624.00
2010/11/02,9.43,10.40,9.32,10.38,11902402,122029632.00
2010/11/03,10.18,10.33,9.93,9.98,6353991,65640280.00
2010/11/04,9.96,10.35,9.82,10.21,5651450,57827060.00
2010/11/05,10.18,10.63,10.08,10.17,6000099,63208936.00
2010/11/08,10.18,10.78,10.01,10.59,5986138,64247424.00
2010/11/09,10.59,11.33,10.30,11.21,8191214,89513168.00
2010/11/10,11.11,12.24,10.93,12.00,10276610,122310616.00
2010/11/11,11.83,12.30,11.48,11.55,6444860,78691680.00
2010/11/12,11.50,12.28,10.89,11.19,8475285,101175592.00
2010/11/15,11.33,12.33,11.33,12.33,7169733,87791672.00
2010/11/16,12.60,13.25,12.00,12.57,10352264,133960096.00
2010/11/17,12.07,12.38,11.29,11.29,6535534,77744688.00
2010/11/18,11.39,11.68,10.41,11.45,5826986,66233672.00
2010/11/19,11.45,11.68,11.08,11.67,5315928,61906420.00
2010/11/22,11.50,12.23,11.46,12.05,4827658,58545852.00
2010/11/23,12.12,12.13,11.28,11.63,3430086,40722568.00
2010/11/24,11.62,12.82,11.59,12.82,9756789,125333224.00
2010/11/25,12.86,12.95,12.35,12.63,7240555,92840112.00
2010/11/26,12.54,13.16,12.38,12.67,5171405,67368848.00
2010/11/29,12.66,12.80,12.48,12.66,2664406,34192692.00
2010/11/30,12.69,12.78,11.46,12.07,4730099,58068444.00
2010/12/01,12.09,12.16,11.66,11.69,2417144,29016124.00
2010/12/02,11.88,11.93,11.48,11.57,2458586,29242234.00
2010/12/03,11.75,12.28,11.44,11.89,2483592,30220882.00
2010/12/06,11.59,12.60,11.59,11.89,1905517,22995424.00
2010/12/07,11.88,12.01,11.49,11.88,1457857,17425680.00
2010/12/08,11.83,11.99,11.49,11.58,2031105,24369844.00
2010/12/09,11.60,11.77,11.28,11.48,1678100,19765776.00
2010/12/10,11.43,12.33,11.34,12.16,4260018,52023248.00
2010/12/13,12.10,12.56,12.10,12.40,3641473,45707216.00
2010/12/14,12.57,12.57,12.24,12.39,2038808,25631324.00
2010/12/15,12.34,13.01,12.14,12.92,4491564,57577896.00
2010/12/16,12.74,13.15,12.66,12.67,3239883,42367400.00
2010/12/17,12.59,12.63,12.22,12.49,2583155,32476668.00
2010/12/20,12.38,12.66,11.79,12.08,2895655,35856844.00
2010/12/21,12.08,12.26,11.97,12.18,1831239,22616846.00
2010/12/22,12.21,12.28,12.06,12.11,1216199,15014018.00
2010/12/23,12.17,12.17,11.68,11.70,1650087,19974866.00
2010/12/24,11.70,11.85,11.38,11.70,1137347,13485925.00
2010/12/27,11.59,12.02,11.48,11.53,1071084,12795247.00
2010/12/28,11.55,11.58,11.14,11.29,1466232,16903298.00
2010/12/29,11.34,11.68,11.18,11.67,1078987,12619909.00
2010/12/30,11.68,11.85,11.28,11.84,1047095,12455227.00
2010/12/31,11.85,13.01,11.70,12.84,5494314,70318424.00
2011/01/04,12.78,14.15,12.48,14.15,13846523,194003392.00
2011/01/05,14.08,14.58,13.85,14.21,9504706,137189296.00
2011/01/06,14.23,14.23,13.86,14.10,4631590,65829616.00
2011/01/07,14.09,14.56,13.93,14.39,5857270,84946808.00
2011/01/10,14.38,15.18,14.13,14.29,5700492,84694552.00
2011/01/11,13.98,14.22,13.36,13.52,4412071,61045632.00
2011/01/12,13.61,14.89,13.61,14.89,6831221,99816824.00
2011/01/13,14.89,15.36,14.60,14.65,6611709,100436040.00
2011/01/14,14.78,15.08,14.38,14.78,3559967,53319096.00
2011/01/17,14.58,15.02,13.88,14.39,4054864,59540916.00
2011/01/18,14.19,15.04,13.99,15.00,2746877,40605852.00
2011/01/19,14.98,15.78,14.88,15.17,5055661,78991336.00
2011/01/20,14.79,15.75,14.78,14.86,4797454,73727920.00
2011/01/21,14.86,15.03,14.08,14.96,3882438,57436300.00
2011/01/24,14.78,14.97,13.98,14.04,2985137,43679676.00
2011/01/25,14.06,14.32,12.64,13.10,3936215,53725600.00
2011/01/26,12.93,13.36,12.93,13.07,2188771,29241004.00
2011/01/27,12.88,13.67,12.79,13.48,3472386,46932956.00
2011/01/28,13.53,14.85,13.40,14.85,5733558,84257832.00
2011/01/31,14.85,15.27,14.56,15.25,4131000,62807448.00
2011/02/01,15.21,15.28,14.70,14.87,2451722,37101128.00
2011/02/09,14.88,16.32,14.84,15.89,5252519,83910240.00
2011/02/10,15.78,16.43,15.58,16.32,5015948,81917888.00
2011/02/11,16.32,16.47,15.98,16.13,3356051,54960072.00
2011/02/14,15.97,16.37,15.80,16.12,3245732,52854064.00
2011/02/15,16.04,16.26,15.99,16.22,3001271,49091268.00
2011/02/16,16.17,16.76,16.07,16.45,3234760,53922448.00
2011/02/17,16.43,16.74,15.83,16.54,4334713,71436440.00
2011/02/18,16.46,17.23,16.28,16.83,4218281,71994328.00
2011/02/21,16.70,17.02,16.37,16.83,3702176,62800064.00
2011/02/22,16.96,18.45,16.86,17.89,9063764,162511024.00
2011/02/23,17.92,18.26,17.29,18.21,5002604,89777920.00
2011/02/24,18.18,18.37,17.69,18.02,3851509,70120960.00
2011/02/25,18.01,18.02,17.11,17.32,4551299,80162864.00
2011/02/28,17.18,17.51,16.99,17.23,3908209,68202104.00
2011/03/01,17.17,17.48,17.06,17.14,2887313,50296856.00
2011/03/02,17.08,17.23,16.50,16.82,3137874,53522824.00
2011/03/03,16.78,17.58,16.68,17.11,3202580,55923216.00
2011/03/04,17.08,17.43,16.91,17.35,2180969,38121760.00
2011/03/07,17.35,17.71,16.99,17.67,3662043,64389592.00
2011/03/08,17.58,17.63,17.20,17.32,2533672,44487424.00
2011/03/09,17.28,17.57,17.14,17.38,1518748,26646708.00
2011/03/10,17.44,17.72,17.28,17.61,2808000,49793432.00
2011/03/11,17.62,17.68,17.13,17.19,2263399,39791496.00
2011/03/14,16.81,17.54,16.43,17.48,3303464,56677760.00
2011/03/15,17.49,17.49,16.78,17.24,2292000,39589248.00
2011/03/16,17.18,17.32,16.87,17.17,1808920,31363500.00
2011/03/17,17.15,17.38,16.79,17.05,1936632,33647040.00
2011/03/18,17.03,17.23,16.53,16.56,2537911,43362096.00
2011/03/21,16.54,16.86,16.13,16.25,2676567,44280808.00
2011/03/22,16.27,16.45,15.94,16.02,1929325,31456464.00
2011/03/23,15.89,16.63,15.89,16.54,2482663,41322232.00
2011/03/24,16.53,16.54,16.04,16.07,2836375,46516872.00
2011/03/25,16.07,16.24,15.88,16.10,2471954,40171384.00
2011/03/28,16.11,16.50,15.91,16.39,2678264,44207388.00
2011/03/29,16.39,18.05,16.31,17.43,7157747,125114480.00
2011/03/30,17.28,17.66,16.98,17.44,3764510,65994872.00
2011/03/31,17.47,17.54,16.08,16.49,2830692,48101540.00
2011/04/01,16.56,16.59,16.11,16.38,1519606,25088476.00
2011/04/06,16.18,16.47,16.06,16.32,1120725,18521620.00
2011/04/07,16.34,16.92,16.34,16.46,1344193,22658532.00
2011/04/08,16.41,16.56,16.14,16.41,1274978,21205324.00
2011/04/11,16.40,16.71,16.16,16.31,1699917,28220170.00
2011/04/12,16.20,16.43,15.74,15.75,2673655,43263348.00
2011/04/13,15.88,15.88,15.16,15.66,2350787,36768600.00
2011/04/14,15.62,15.96,15.56,15.71,1348774,21556832.00
2011/04/15,15.71,16.05,15.63,15.86,958415,15358432.00
2011/04/18,15.86,15.86,15.33,15.39,1597264,25098012.00
2011/04/19,15.15,16.93,15.15,16.69,7502025,125827800.00
2011/04/20,16.74,17.73,16.57,17.50,7048879,123129920.00
2011/04/21,17.42,18.03,17.15,17.96,7818184,140845408.00
2011/04/22,17.94,18.14,17.56,17.94,4666316,84152464.00
2011/04/25,17.92,18.03,17.38,17.60,2972440,53425600.00
2011/04/26,17.41,17.60,16.64,17.51,2844784,49400052.00
2011/04/27,17.28,18.41,17.23,17.76,5336071,97160920.00
2011/04/28,17.78,17.94,15.96,17.00,4953610,84838648.00
2011/04/29,16.88,17.69,16.77,17.58,2909486,51331712.00
2011/05/03,17.58,17.76,17.23,17.64,2428149,43075000.00
2011/05/04,17.48,18.33,17.29,17.69,5495742,99494072.00
2011/05/05,17.64,17.72,17.10,17.17,3070341,54028836.00
2011/05/06,16.98,17.52,16.80,17.40,2625305,45678568.00
2011/05/09,17.40,17.77,17.07,17.40,2319104,40605092.00
2011/05/10,17.40,17.66,17.23,17.57,2341199,41500408.00
2011/05/11,17.56,17.95,17.11,17.90,4487427,79810264.00
2011/05/12,17.73,18.27,17.48,17.90,6001860,109467408.00
2011/05/13,17.70,18.38,17.49,18.32,7532063,136888128.00
2011/05/16,18.53,19.28,18.32,18.54,12024933,228514784.00
2011/05/17,18.52,18.54,16.78,16.97,7641452,136060032.00
2011/05/18,16.76,17.56,16.40,16.97,4163397,72051112.00
2011/05/19,16.95,17.26,16.61,16.66,2396092,40695920.00
2011/05/20,16.88,16.88,16.18,16.26,1637569,27314282.00
2011/05/23,16.26,16.42,14.61,14.61,5831450,89693744.00
2011/05/25,14.64,15.16,14.39,14.48,2571003,38658560.00
2011/05/26,14.53,14.78,13.06,13.51,7653561,105977120.00
2011/05/27,13.41,13.56,12.93,13.44,4636750,62315988.00
2011/05/30,13.63,13.63,12.65,12.67,2595292,34630708.00
2011/05/31,12.68,13.03,12.24,12.87,4941249,63519852.00
2011/06/01,12.98,13.17,12.78,13.05,3108857,41032536.00
2011/06/02,12.80,12.83,12.33,12.67,2811374,35929124.00
2011/06/03,12.93,13.64,11.88,13.39,6091306,81585312.00
2011/06/07,13.20,13.50,13.08,13.29,3257359,44098152.00
2011/06/08,13.19,13.63,13.19,13.51,3298283,45109816.00
2011/06/09,13.39,13.42,12.40,12.42,4224567,55491588.00
2011/06/10,12.39,12.65,11.87,12.48,3737788,46302220.00
2011/06/13,12.32,12.43,11.98,12.22,2320518,28841780.00
2011/06/14,12.36,12.50,11.80,12.39,2087426,26289216.00
2011/06/15,12.43,12.55,12.24,12.26,2027740,25508904.00
2011/06/16,12.34,12.57,11.86,12.05,2638098,32929980.00
2011/06/17,12.03,12.13,11.88,11.91,1415791,17281784.00
2011/06/20,11.95,11.95,11.14,11.31,2544744,29870330.00
2011/06/21,11.35,11.95,11.27,11.77,2706082,31899954.00
2011/06/22,11.79,12.00,11.64,11.78,1906389,22997174.00
2011/06/23,11.68,12.98,11.39,12.96,6718973,85534816.00
2011/06/24,12.78,13.23,12.57,12.92,8390968,110485320.00
2011/06/27,12.78,13.21,12.76,13.03,4973345,65898244.00
2011/06/28,13.02,13.22,12.85,13.16,3371148,44679780.00
2011/06/29,13.13,13.13,12.64,12.69,3314564,43212400.00
2011/06/30,12.62,12.99,12.62,12.83,2871050,37467672.00
2011/07/01,12.93,13.21,12.74,13.02,3512937,46194080.00
2011/07/04,13.12,13.62,13.04,13.58,6764161,91540632.00
2011/07/05,13.59,13.82,13.37,13.58,6316557,86944424.00
2011/07/06,13.60,14.51,13.52,13.58,5858813,81199656.00
2011/07/07,13.42,13.64,13.25,13.25,4901970,66502552.00
2011/07/08,13.20,13.59,12.97,13.50,3440933,46080648.00
2011/07/11,13.50,13.58,13.20,13.40,2187207,29686596.00
2011/07/12,13.25,13.25,12.98,13.03,1744664,23134988.00
2011/07/13,13.04,13.26,12.92,13.20,1725377,23058232.00
2011/07/14,13.31,13.39,13.05,13.28,2616610,35096788.00
2011/07/15,13.29,13.37,13.07,13.28,3135334,42095432.00
2011/07/18,13.22,13.70,13.18,13.68,5791979,79222432.00
2011/07/19,13.62,13.90,13.37,13.51,4103622,56492120.00
2011/07/20,13.54,13.68,13.15,13.35,2657764,36021272.00
2011/07/21,13.27,13.27,12.77,12.89,2497190,32915392.00
2011/07/22,13.01,13.02,12.43,12.77,3979606,51095800.00
2011/07/25,12.69,12.70,12.04,12.08,2019376,25214560.00
2011/07/26,12.08,12.08,11.66,11.97,1909456,22998644.00
2011/07/27,11.82,12.70,11.82,12.25,1873825,23260950.00
2011/07/28,12.07,12.07,11.76,11.97,1616579,19545820.00
2011/07/29,12.00,12.19,11.82,11.90,1059951,12916255.00
2011/08/01,11.82,12.10,11.82,11.95,854803,10405805.00
2011/08/02,11.95,11.95,11.42,11.83,2155808,25534276.00
2011/08/03,11.66,11.95,11.57,11.73,1041988,12432352.00
2011/08/04,11.74,12.27,11.73,12.16,2569911,31614620.00
2011/08/05,11.83,12.60,11.64,12.47,7542168,92585064.00
2011/08/08,12.47,13.07,11.88,12.56,12260107,157289456.00
2011/08/09,11.94,12.40,11.39,12.09,3739417,45220000.00
2011/08/10,12.32,12.89,12.22,12.69,5340878,68398888.00
2011/08/11,12.32,13.07,12.28,12.96,5463810,71293408.00
2011/08/12,12.93,13.12,12.75,13.05,5142456,67553248.00
2011/08/15,13.05,13.21,12.93,13.09,5004684,66322900.00
2011/08/16,13.12,14.31,13.02,13.97,14075765,196218368.00
2011/08/17,13.73,13.96,13.53,13.78,5783343,80657360.00
2011/08/18,13.63,13.77,13.12,13.23,5277440,71401128.00
2011/08/19,12.98,13.17,12.77,12.88,3594349,47113424.00
2011/08/22,12.85,13.12,12.64,12.71,2625240,34296856.00
2011/08/23,12.81,13.06,12.73,13.05,2014805,26432498.00
2011/08/24,13.12,13.39,13.04,13.11,3711795,49729904.00
2011/08/25,13.10,13.29,12.95,13.17,2608164,34818740.00
2011/08/26,13.20,13.50,13.14,13.36,2547172,34488244.00
2011/08/29,13.38,13.38,12.94,12.95,2536468,33586968.00
2011/08/30,13.03,13.12,12.47,12.49,2386591,31076452.00
2011/08/31,12.48,12.62,12.32,12.54,1640640,20736962.00
2011/09/01,12.62,12.77,12.12,12.36,1901040,23919660.00
2011/09/02,12.19,12.34,11.95,12.17,1696454,20790738.00
2011/09/05,12.05,12.05,11.46,11.50,2046394,24286104.00
2011/09/06,11.22,12.67,11.12,11.74,2338424,28157600.00
2011/09/07,11.69,11.98,11.62,11.95,1460097,17517516.00
2011/09/08,11.95,12.10,11.72,11.73,1006168,12128319.00
2011/09/09,11.72,11.92,11.52,11.62,979919,11584257.00
2011/09/13,11.52,11.52,11.25,11.48,768181,8918415.00
2011/09/14,11.48,11.70,11.42,11.63,840683,9880255.00
2011/09/15,11.63,11.90,11.58,11.71,942247,11255976.00
2011/09/16,11.62,11.87,11.62,11.72,565148,6748738.00
2011/09/19,11.72,11.73,11.20,11.22,987370,11452267.00
2011/09/20,11.37,11.42,11.20,11.31,584380,6713507.00
2011/09/21,11.40,11.87,11.27,11.73,1424941,16758531.00
2011/09/22,11.61,11.78,11.41,11.43,1028894,12094334.00
2011/09/23,11.28,11.47,11.20,11.22,1277877,14655750.00
2011/09/26,11.42,11.81,10.80,10.83,2319360,26077568.00
2011/09/27,10.97,11.02,10.41,10.60,1834811,19883448.00
2011/09/28,10.64,10.70,10.20,10.23,1001833,10627329.00
2011/09/29,10.22,10.37,9.94,9.95,1032277,10577123.00
2011/09/30,9.98,10.12,9.66,10.10,850005,8572348.00
2011/10/10,10.10,10.22,9.72,9.81,977869,9825607.00
2011/10/11,10.17,10.17,9.79,9.84,626686,6314169.00
2011/10/12,9.84,10.17,9.69,10.16,1138488,11624364.00
2011/10/13,10.12,10.48,10.03,10.35,1607777,16784112.00
2011/10/14,10.26,10.46,10.17,10.29,896121,9387560.00
2011/10/17,10.47,10.54,10.31,10.36,1214066,12889631.00
2011/10/18,10.33,10.33,10.04,10.08,1044829,10803813.00
2011/10/19,10.10,10.18,10.02,10.09,815097,8385113.00
2011/10/20,10.08,11.07,9.93,10.84,5836771,62919380.00
2011/10/21,10.82,10.91,10.51,10.60,2075139,22498486.00
2011/10/24,10.66,10.71,10.19,10.66,2025860,21549460.00
2011/10/25,10.68,11.16,10.56,10.99,2682629,29629602.00
2011/10/26,10.83,11.30,10.83,11.11,2680750,30158674.00
2011/10/27,11.23,11.55,11.11,11.23,2949855,33871520.00
2011/10/28,11.32,11.78,11.32,11.54,3680340,43264348.00
2011/10/31,11.57,11.57,11.00,11.33,3430206,39109044.00
2011/11/01,11.25,11.29,11.01,11.10,1864486,21062868.00
2011/11/02,11.00,11.36,10.77,11.31,2324150,26193024.00
2011/11/03,11.34,11.71,11.27,11.44,3132983,36593752.00
2011/11/04,11.46,11.78,11.46,11.57,2258606,26651108.00
2011/11/07,11.52,11.57,11.35,11.35,980025,11395463.00
2011/11/08,11.23,11.48,11.22,11.24,838619,9660215.00
2011/11/09,11.24,11.42,11.10,11.27,1288710,14745069.00
2011/11/10,11.17,11.27,10.92,10.97,1965523,21988880.00
2011/11/11,11.01,11.07,10.86,11.02,2225588,24866568.00
2011/11/14,11.03,11.27,11.03,11.21,1126643,12816786.00
2011/11/15,11.21,11.41,11.07,11.40,1614698,18540736.00
2011/11/16,11.46,11.91,11.26,11.81,5806012,68544088.00
2011/11/17,11.66,11.90,11.55,11.85,4348180,51774048.00
2011/11/18,11.88,11.88,11.54,11.77,3486410,41293932.00
2011/11/21,11.71,12.50,11.44,12.36,7692558,94399928.00
2011/11/22,12.42,12.74,12.02,12.24,8719730,108362280.00
2011/11/23,12.22,12.24,11.82,12.04,5183332,63201848.00
2011/11/24,11.83,11.99,11.56,11.98,2486108,29702074.00
2011/11/25,11.86,12.16,11.86,12.05,2645575,32269772.00
2011/11/28,12.05,12.49,11.72,12.43,4502062,55400036.00
2011/11/29,12.43,12.90,11.86,12.00,9665437,117998928.00
2011/11/30,11.80,11.80,10.78,10.78,7174964,80684720.00
2011/12/01,10.92,11.06,10.79,10.96,3852326,42900380.00
2011/12/02,10.78,10.82,10.58,10.67,1860691,20172348.00
2011/12/05,10.62,10.62,10.32,10.39,1127617,11930568.00
2011/12/06,10.39,10.59,10.34,10.55,992007,10597627.00
2011/12/07,10.52,10.66,10.52,10.65,852673,9175726.00
2011/12/08,10.60,10.70,10.42,10.67,1020564,10993023.00
2011/12/09,10.57,10.67,10.43,10.48,1042617,11177213.00
2011/12/12,10.58,10.58,10.37,10.37,629099,6679714.00
2011/12/13,10.29,10.29,9.93,9.95,1568717,16070596.00
2011/12/14,9.97,10.09,9.72,9.73,1140000,11559572.00
2011/12/15,9.62,9.79,9.58,9.67,1115841,11034481.00
2011/12/16,9.67,9.97,9.65,9.95,764587,7613181.00
2011/12/19,9.83,9.92,9.71,9.89,384406,3836108.00
2011/12/20,9.79,10.02,9.77,10.02,589750,5965616.00
2011/12/21,10.05,10.08,9.74,9.77,557800,5676613.00
2011/12/22,9.77,9.77,9.20,9.49,541170,5185333.00
2011/12/23,9.44,9.77,9.44,9.75,477890,4691883.00
2011/12/26,9.63,10.00,9.63,9.93,390687,3910505.00
2011/12/27,9.93,10.17,9.74,10.14,1023137,10338821.00
2011/12/28,9.99,10.37,9.48,9.55,1229180,12394157.00
2011/12/29,9.48,9.57,9.17,9.27,1437119,13654947.00
2011/12/30,9.47,9.50,9.21,9.32,779196,7379847.00
2012/01/04,9.42,9.42,9.22,9.24,379836,3601316.00
2012/01/05,9.25,9.25,8.50,8.60,1349300,12224894.00
2012/01/06,8.59,8.60,8.05,8.43,1067918,8956362.00
2012/01/09,8.33,8.73,8.33,8.71,691034,6075759.00
2012/01/10,8.72,9.22,8.71,9.04,1062344,9739282.00
2012/01/11,9.02,9.10,8.92,8.98,732105,6704936.00
2012/01/12,8.95,9.07,8.84,8.90,464451,4238726.00
2012/01/13,8.94,8.94,8.32,8.41,475354,4171703.00
2012/01/16,8.32,8.51,8.22,8.23,413982,3522189.00
2012/01/17,8.32,8.64,8.24,8.59,634587,5496826.00
2012/01/18,8.59,9.02,8.50,8.53,827635,7421657.00
2012/01/19,8.41,8.73,8.39,8.53,603263,5256565.00
2012/01/20,8.57,8.65,8.49,8.60,471518,4127930.00
2012/01/30,8.59,8.59,8.38,8.48,312740,2710662.00
2012/01/31,8.41,8.53,8.41,8.52,343149,2979079.00
2012/02/01,8.47,8.58,8.47,8.47,470610,4095335.00
2012/02/02,8.49,8.60,8.33,8.59,929263,8024638.00
2012/02/03,8.59,8.74,8.50,8.71,748681,6619186.00
2012/02/06,8.71,9.31,8.71,9.09,1679215,15595248.00
2012/02/07,9.03,9.05,8.83,8.83,821194,7427188.00
2012/02/09,9.02,9.42,9.02,9.09,2020495,18991044.00
2012/02/10,9.10,9.27,8.83,9.14,1061162,9863798.00
2012/02/13,9.04,9.24,8.99,9.15,1135517,10597814.00
2012/02/14,9.17,9.21,9.04,9.13,550439,5118622.00
2012/02/15,9.10,9.31,9.01,9.24,1438050,13489661.00
2012/02/16,9.24,9.40,9.17,9.33,1646286,15598120.00
2012/02/17,9.37,9.45,9.15,9.22,1010349,9535222.00
2012/02/20,9.34,9.37,9.16,9.19,1148865,10850684.00
2012/02/21,9.16,9.20,9.01,9.20,915115,8493434.00
2012/02/22,9.18,9.38,9.12,9.36,2030688,19195446.00
2012/02/23,9.37,9.45,9.27,9.42,1856304,17726556.00
2012/02/24,9.40,9.56,9.27,9.50,3571611,34376360.00
2012/02/27,9.50,9.67,9.46,9.50,2783569,27136136.00
2012/02/28,9.43,9.60,9.27,9.56,2578694,24773408.00
2012/02/29,9.52,9.67,9.48,9.66,3748464,36549112.00
2012/03/01,9.63,9.75,9.52,9.56,2936497,28847700.00
2012/03/02,9.52,9.65,9.52,9.61,2257602,22034628.00
2012/03/05,9.60,9.75,9.47,9.52,2711052,26455374.00
2012/03/06,9.45,9.47,9.18,9.22,1816729,17211432.00
2012/03/07,9.22,9.22,9.02,9.16,1666454,15506181.00
2012/03/08,9.17,9.32,9.16,9.32,1502199,14182052.00
2012/03/09,9.37,9.52,9.29,9.50,1708644,16344597.00
2012/03/12,9.50,9.60,9.44,9.52,1360074,13163523.00
2012/03/13,9.54,10.08,9.47,9.84,7564179,75701032.00
2012/03/14,9.82,9.82,9.07,9.09,5279136,51193236.00
2012/03/15,9.03,9.14,8.80,8.84,2834609,25884038.00
2012/03/16,8.93,9.04,8.83,9.03,1236394,11261710.00
2012/03/19,9.03,9.05,8.87,9.03,1459095,13337918.00
2012/03/20,9.03,9.03,8.75,8.82,1435255,12943673.00
2012/03/21,8.87,8.90,8.55,8.72,1389424,12351017.00
2012/03/22,8.72,8.81,8.57,8.75,1125709,9985066.00
2012/03/23,8.69,8.69,8.52,8.60,1217277,10675841.00
2012/03/26,8.60,8.62,8.53,8.60,525622,4603247.00
2012/03/27,8.60,8.69,8.60,8.66,637370,5623101.00
2012/03/28,8.67,8.67,8.02,8.11,1243813,10522219.00
2012/03/29,8.07,8.10,7.58,7.59,2043130,16231191.00
2012/03/30,7.58,7.74,7.54,7.58,964956,7510471.00
2012/04/05,7.59,7.80,7.58,7.76,961039,7572854.00
2012/04/06,7.80,7.88,7.72,7.79,677505,5399825.00
2012/04/09,7.77,7.79,7.64,7.64,595665,4700064.00
2012/04/10,7.67,7.76,7.52,7.69,1434104,11192037.00
2012/04/11,7.61,7.75,7.44,7.69,1105073,8635129.00
2012/04/12,7.72,7.87,7.67,7.86,1871570,14902664.00
2012/04/13,7.91,8.27,7.86,8.06,2260273,18676204.00
2012/04/16,8.00,8.12,7.90,8.09,1885044,15444819.00
2012/04/17,8.07,8.32,7.98,8.00,2069273,17145568.00
2012/04/18,8.00,8.16,7.91,8.14,2611217,21519694.00
2012/04/19,8.12,8.28,7.99,8.17,3183441,26546734.00
2012/04/20,8.12,8.20,8.02,8.15,2728181,22621352.00
2012/04/23,8.08,8.08,7.80,7.87,3524844,28513400.00
2012/04/24,7.79,7.91,7.50,7.72,2504317,19658428.00
2012/04/25,7.68,8.01,7.61,7.88,3645543,29287032.00
2012/04/26,7.89,8.01,7.83,7.87,1908364,15447417.00
2012/04/27,7.87,7.91,7.57,7.67,2109050,16608397.00
2012/05/02,7.73,7.78,7.44,7.60,3144942,24336264.00
2012/05/03,7.60,7.60,7.37,7.50,2495445,19048040.00
2012/05/04,7.49,7.66,7.47,7.62,1875154,14521858.00
2012/05/07,7.60,7.69,7.54,7.68,1635014,12730849.00
2012/05/08,7.68,7.80,7.62,7.79,2291341,18163604.00
2012/05/09,7.78,7.97,7.69,7.92,4156038,33405834.00
2012/05/10,7.91,7.98,7.80,7.92,2747059,22169192.00
2012/05/11,7.92,8.51,7.85,8.35,8083643,67657616.00
2012/05/14,8.22,8.41,8.07,8.10,7556161,63662332.00
2012/05/15,8.02,8.02,7.66,7.96,3250047,25996862.00
2012/05/16,7.88,7.91,7.57,7.58,2562550,20276652.00
2012/05/17,7.58,7.83,7.48,7.79,3176350,24914232.00
2012/05/18,7.63,7.90,7.63,7.77,2526069,20107656.00
2012/05/21,7.69,8.15,7.54,8.11,5513579,44588056.00
2012/05/22,7.92,8.07,7.87,7.95,4258307,34634232.00
2012/05/23,7.94,7.97,7.57,7.70,3132544,24808516.00
2012/05/24,7.65,7.81,7.59,7.63,1835721,14405383.00
2012/05/25,7.62,7.71,7.52,7.66,1818324,14107311.00
2012/05/28,7.69,7.79,7.55,7.78,2605649,20480074.00
2012/05/29,7.79,8.44,7.78,8.09,7616139,63779640.00
2012/05/30,8.00,8.08,7.90,7.97,3095346,25250160.00
2012/05/31,7.95,8.05,7.90,7.97,1843979,15006445.00
2012/06/01,7.98,8.02,7.79,7.81,1851720,14964682.00
2012/06/04,7.75,8.16,7.72,7.83,5345943,43703304.00
2012/06/05,7.75,7.85,7.53,7.60,2952544,23007568.00
2012/06/06,7.67,7.67,7.52,7.56,1473112,11432298.00
2012/06/07,7.58,7.67,7.49,7.52,1544497,11982428.00
2012/06/11,7.50,7.69,7.37,7.62,1719794,13244921.00
2012/06/12,7.64,7.77,7.52,7.59,1121392,8757980.00
2012/06/13,7.59,7.69,7.55,7.65,1353202,10556316.00
2012/06/14,7.60,7.74,7.59,7.64,1323879,10349676.00
2012/06/15,7.68,7.69,7.52,7.61,1073972,8367770.00
2012/06/18,7.63,7.72,7.57,7.67,1182622,9258287.00
2012/06/19,7.62,7.62,7.53,7.54,925337,7170164.00
2012/06/20,7.54,7.60,7.49,7.58,645772,4995428.00
2012/06/21,7.52,7.56,7.39,7.40,973853,7415064.00
2012/06/25,7.42,7.47,6.94,6.96,1452315,10716880.00
2012/06/26,6.91,7.01,6.87,6.97,627680,4468616.00
2012/06/27,7.03,7.04,6.89,6.90,552175,3938268.00
2012/06/28,6.93,6.98,6.44,6.48,1206654,8329875.00
2012/06/29,6.48,6.50,6.22,6.48,1290354,8436798.00
2012/07/02,6.49,6.61,6.45,6.53,858761,5734470.00
2012/07/03,6.56,6.56,6.40,6.43,883617,5864504.00
2012/07/04,6.44,6.47,6.22,6.28,1309361,8483183.00
2012/07/05,6.27,6.27,6.11,6.12,962843,6087664.00
2012/07/06,6.22,6.28,6.11,6.27,783704,4989893.00
2012/07/09,6.21,6.24,5.99,6.02,1065362,6652487.00
2012/07/10,5.95,6.08,5.92,6.06,439006,2699935.00
2012/07/11,6.08,6.08,5.96,6.07,526129,3263986.00
2012/07/12,6.01,6.13,5.96,6.12,1027556,6369739.00
2012/07/13,6.04,6.14,6.00,6.03,684299,4258089.00
2012/07/16,6.02,6.13,5.69,5.69,1025300,6166643.00
2012/07/17,5.73,5.74,5.57,5.74,685977,4000733.00
2012/07/18,5.73,5.86,5.69,5.85,697164,4133200.00
2012/07/19,5.85,6.36,5.79,6.15,2605456,16402675.00
2012/07/20,6.09,6.20,5.99,6.04,1254049,7835647.00
2012/07/23,6.04,6.17,5.84,5.93,631297,3836138.00
2012/07/24,5.95,6.54,5.94,6.28,3458182,22521036.00
2012/07/25,6.21,6.25,6.06,6.09,1595270,10056365.00
2012/07/26,6.09,6.13,5.90,5.98,984140,6085052.00
2012/07/27,5.97,6.04,5.91,5.95,604379,3694238.00
2012/07/30,5.91,5.98,5.63,5.72,1222007,7222218.00
2012/07/31,5.64,5.76,5.36,5.46,824737,4743777.00
2012/08/01,5.42,5.74,5.39,5.66,1069588,6161751.00
2012/08/02,5.67,5.79,5.59,5.68,1342517,7906520.00
2012/08/03,5.69,5.73,5.61,5.71,733394,4286665.00
2012/08/06,5.71,5.84,5.68,5.83,919742,5459127.00
2012/08/07,5.80,5.92,5.78,5.92,821904,4952258.00
2012/08/08,5.90,5.99,5.85,5.92,762808,4648371.00
2012/08/09,5.87,6.10,5.86,6.03,1334068,8201408.00
2012/08/10,6.09,6.09,5.86,5.95,1046941,6392772.00
2012/08/13,5.94,5.94,5.69,5.70,902862,5389812.00
2012/08/14,5.68,5.80,5.56,5.76,681023,3986619.00
2012/08/15,5.76,6.06,5.72,5.84,1442474,8760753.00
2012/08/16,5.89,5.89,5.73,5.75,624044,3719153.00
2012/08/17,5.76,5.82,5.66,5.78,535975,3153476.00
2012/08/20,5.79,5.79,5.64,5.71,594066,3468686.00
2012/08/21,5.71,5.82,5.70,5.77,705062,4183549.00
2012/08/22,5.79,6.00,5.74,5.91,1542712,9335589.00
2012/08/23,5.87,5.96,5.79,5.89,1065554,6416849.00
2012/08/24,5.90,5.96,5.70,5.79,951709,5688017.00
2012/08/27,5.79,5.79,5.58,5.58,724861,4186731.00
2012/08/28,5.56,5.66,5.49,5.57,677197,3875160.00
2012/08/29,5.55,5.63,5.50,5.51,444253,2534965.00
2012/08/30,5.49,5.56,5.37,5.50,614682,3455183.00
2012/08/31,5.41,5.54,5.41,5.48,437343,2454971.00
2012/09/03,5.48,5.58,5.45,5.55,580010,3302645.00
2012/09/04,5.55,5.56,5.34,5.41,567917,3192659.00
2012/09/05,5.37,5.40,5.23,5.39,696599,3810785.00
2012/09/06,5.34,5.47,5.34,5.44,417325,2328690.00
2012/09/07,5.44,5.78,5.44,5.75,2254963,13163239.00
2012/09/10,5.76,5.80,5.68,5.79,1595406,9444539.00
2012/09/11,5.76,5.81,5.64,5.80,1042359,6144702.00
2012/09/12,5.88,6.14,5.78,6.01,3678819,22601650.00
2012/09/13,6.00,6.01,5.88,5.89,1948053,11898913.00
2012/09/14,5.95,6.06,5.75,5.98,1523746,9248782.00
2012/09/17,5.98,6.01,5.74,5.74,1144912,6884937.00
2012/09/18,5.69,6.33,5.65,6.12,8022996,50768904.00
2012/09/19,5.99,6.52,5.86,6.24,7896106,50067784.00
2012/09/20,6.17,6.17,5.87,5.93,3556799,21917676.00
2012/09/21,5.88,5.94,5.52,5.53,3001584,17415920.00
2012/09/24,5.49,5.58,5.34,5.47,1163762,6531736.00
2012/09/25,5.47,5.47,5.29,5.38,1334315,7391863.00
2012/09/26,5.37,5.45,5.22,5.23,897221,4918418.00
2012/09/27,5.13,5.38,5.13,5.33,1278865,6978731.00
2012/09/28,5.33,5.47,5.27,5.44,1098276,6102074.00
2012/10/08,5.45,5.50,5.39,5.47,721724,4047384.00
2012/10/09,5.48,5.64,5.47,5.61,1131563,6503361.00
2012/10/10,5.64,5.90,5.53,5.78,2231456,13118852.00
2012/10/11,5.70,5.76,5.54,5.55,1767564,10246252.00
2012/10/12,5.59,5.64,5.50,5.56,859614,4908069.00
2012/10/15,5.54,5.54,5.42,5.48,796656,4475880.00
2012/10/16,5.49,5.67,5.47,5.61,1272668,7354158.00
2012/10/17,5.61,5.62,5.45,5.54,887855,5035311.00
2012/10/18,5.53,5.68,5.53,5.66,1205335,6980519.00
2012/10/19,5.66,5.81,5.62,5.73,1845429,10880189.00
2012/10/22,5.67,5.78,5.65,5.77,979349,5762023.00
2012/10/23,5.78,5.78,5.64,5.76,1235909,7229288.00
2012/10/24,5.72,6.22,5.72,5.91,3869447,23795410.00
2012/10/25,5.84,6.16,5.70,5.93,3744193,22915928.00
2012/10/26,5.87,5.91,5.60,5.64,2077673,12206673.00
2012/10/29,5.60,5.63,5.36,5.53,1380144,7797478.00
2012/10/30,5.50,5.60,5.45,5.51,690181,3933572.00
2012/10/31,5.60,5.61,5.35,5.59,715424,4051499.00
2012/11/01,5.54,5.70,5.54,5.67,1109961,6450166.00
2012/11/02,5.71,5.74,5.62,5.72,978812,5718244.00
2012/11/05,5.79,5.92,5.77,5.80,2577606,15444825.00
2012/11/06,5.79,5.94,5.67,5.86,1931666,11549771.00
2012/11/07,5.79,6.08,5.79,6.01,3984118,24518000.00
2012/11/08,5.89,6.12,5.71,5.72,2832122,17201416.00
2012/11/09,5.59,5.74,5.49,5.64,1558591,8972437.00
2012/11/12,5.65,5.65,5.56,5.62,908158,5245199.00
2012/11/13,5.61,5.62,5.44,5.48,838926,4761175.00
2012/11/14,5.45,5.54,5.35,5.48,845859,4732592.00
2012/11/15,5.39,5.49,5.34,5.36,645982,3597362.00
2012/11/16,5.29,5.44,5.27,5.34,492430,2694805.00
2012/11/19,5.35,5.41,5.29,5.39,482725,2658129.00
2012/11/20,5.39,5.48,5.37,5.39,332069,1851842.00
2012/11/21,5.38,5.48,5.30,5.46,464757,2573848.00
2012/11/22,5.46,5.46,5.35,5.43,349430,1944806.00
2012/11/23,5.48,5.49,5.39,5.43,477470,2675337.00
2012/11/26,5.47,5.55,5.40,5.45,531857,3001580.00
2012/11/27,5.41,5.42,5.09,5.15,957599,5181006.00
2012/11/28,5.12,5.16,4.91,5.14,867095,4498153.00
2012/11/29,5.09,5.12,4.98,4.99,526505,2741750.00
2012/11/30,4.99,5.12,4.89,5.11,608522,3160953.00
2012/12/03,5.09,5.18,4.92,4.94,511971,2666306.00
2012/12/04,4.88,4.94,4.59,4.84,918245,4499559.00
2012/12/05,4.85,5.09,4.72,5.03,1420082,7319889.00
2012/12/06,5.03,5.20,5.03,5.07,900769,4735260.00
2012/12/07,5.03,5.22,4.97,5.21,1511861,8026035.00
2012/12/10,5.17,5.30,5.17,5.25,1343500,7251594.00
2012/12/11,5.25,5.32,5.18,5.20,1098733,5941273.00
2012/12/12,5.21,5.26,5.11,5.20,780582,4157993.00
2012/12/13,5.19,5.20,5.06,5.07,802206,4237480.00
2012/12/14,5.07,5.33,5.07,5.26,1475415,7968097.00
2012/12/17,5.35,5.38,5.25,5.32,1287906,7056425.00
2012/12/18,5.34,5.47,5.29,5.41,1839085,10185285.00
2012/12/19,5.40,5.40,5.29,5.33,903187,4976734.00
2012/12/20,5.37,5.44,5.28,5.36,1222704,6750614.00
2012/12/21,5.36,5.64,5.27,5.40,2989677,16827488.00
2012/12/24,5.34,5.39,5.28,5.30,1155337,6320068.00
2012/12/25,5.30,5.42,5.22,5.42,2094274,11556996.00
2012/12/26,5.41,5.50,5.38,5.50,1877884,10549956.00
2012/12/27,5.54,5.54,5.40,5.40,1593807,8949676.00
2012/12/28,5.43,5.52,5.24,5.50,2221719,12379671.00
2012/12/31,5.49,5.59,5.47,5.50,1875433,10630787.00
2013/01/04,5.58,5.80,5.47,5.77,5118603,29832396.00
2013/01/07,5.72,5.79,5.64,5.72,3196860,18776906.00
2013/01/08,5.67,5.78,5.59,5.76,2453359,14376804.00
2013/01/09,5.76,5.79,5.67,5.71,1697799,9978931.00
2013/01/10,5.70,5.80,5.67,5.75,2631853,15477898.00
2013/01/11,5.79,5.93,5.62,5.64,3427308,20421856.00
2013/01/14,5.64,6.04,5.49,6.02,4307298,25618606.00
2013/01/15,6.08,6.64,5.90,6.64,9744263,63626232.00
2013/01/16,6.64,6.67,6.27,6.46,8454331,55917616.00
2013/01/17,6.38,6.38,6.19,6.23,3828443,24622048.00
2013/01/18,6.19,6.29,6.17,6.23,2946296,18806784.00
2013/01/21,6.25,6.43,6.25,6.27,3643541,23691288.00
2013/01/22,6.24,6.30,6.10,6.11,1975505,12497506.00
2013/01/23,6.04,6.14,5.91,6.07,1848342,11413785.00
2013/01/24,6.06,6.15,5.82,5.84,2560882,15712897.00
2013/01/25,5.84,5.90,5.78,5.83,1166903,7007950.00
2013/01/28,5.77,6.03,5.77,6.01,1547238,9477676.00
2013/01/29,6.07,6.26,6.01,6.07,2620619,16442063.00
2013/01/30,6.05,6.09,5.89,6.01,1897155,11658961.00
2013/01/31,5.99,5.99,5.86,5.91,1364836,8288314.00
2013/02/01,5.91,5.98,5.86,5.95,1176513,7174152.00
2013/02/04,5.98,6.22,5.84,6.16,3449425,21461696.00
2013/02/05,6.12,6.31,6.00,6.19,2879581,18229618.00
2013/02/06,6.21,6.34,6.12,6.17,2433382,15568360.00
2013/02/07,6.13,6.19,6.03,6.11,1349506,8454298.00
2013/02/08,6.05,6.17,6.05,6.16,1216708,7654544.00
2013/02/18,6.22,6.25,6.13,6.23,1360508,8648548.00
2013/02/19,6.24,6.32,6.06,6.13,2449802,15583600.00
2013/02/20,6.06,6.17,6.06,6.15,1527456,9572534.00
2013/02/21,6.08,6.12,5.87,5.89,1852900,11341053.00
2013/02/22,5.85,5.94,5.82,5.84,1287312,7761498.00
2013/02/25,5.84,5.92,5.80,5.86,1217741,7311543.00
2013/02/26,5.85,5.87,5.71,5.72,1015780,6050351.00
2013/02/27,5.72,5.79,5.70,5.78,917527,5414364.00
2013/02/28,5.78,5.92,5.78,5.90,1020625,6153290.00
2013/03/01,5.89,6.01,5.85,5.95,1692677,10316459.00
2013/03/04,5.89,5.89,5.59,5.63,1417767,8291935.00
2013/03/05,5.60,5.98,5.59,5.89,2124054,12689574.00
2013/03/06,5.88,5.94,5.79,5.93,1370393,8255618.00
2013/03/07,5.90,5.92,5.83,5.85,1193892,7191523.00
2013/03/08,5.86,5.89,5.79,5.80,708050,4250854.00
2013/03/11,5.79,5.84,5.75,5.81,795483,4736732.00
2013/03/12,5.77,5.86,5.60,5.72,1169283,6893457.00
2013/03/13,5.68,5.71,5.49,5.52,1164583,6689131.00
2013/03/14,5.56,5.59,5.35,5.44,1158300,6531117.00
2013/03/15,5.43,5.52,5.35,5.39,1288071,7220994.00
2013/03/18,5.36,5.41,5.30,5.30,792527,4366249.00
2013/03/19,5.31,5.37,5.25,5.36,768635,4207929.00
2013/03/20,5.35,5.53,5.34,5.51,1125420,6328405.00
2013/03/21,5.51,5.59,5.50,5.54,862309,4918647.00
2013/03/22,5.54,5.55,5.47,5.53,803359,4552665.00
2013/03/25,5.50,5.55,5.46,5.49,559580,3155554.00
2013/03/26,5.46,5.48,5.33,5.37,871878,4821788.00
2013/03/27,5.43,5.58,5.36,5.55,1506613,8485144.00
2013/03/28,5.49,5.60,5.42,5.58,1391770,7902626.00
2013/03/29,5.57,5.82,5.55,5.74,4218417,24679512.00
2013/04/01,5.64,5.71,5.53,5.55,2656746,15363610.00
2013/04/02,5.56,5.61,5.40,5.43,1515302,8602742.00
2013/04/03,5.44,5.44,5.17,5.25,1950287,10629228.00
2013/04/08,5.18,5.19,5.02,5.15,1343815,7089132.00
2013/04/09,5.16,5.23,5.14,5.20,1038386,5547486.00
2013/04/10,5.19,5.24,5.14,5.16,848478,4536977.00
2013/04/11,5.16,5.26,5.16,5.25,1035068,5565687.00
2013/04/12,5.20,5.23,5.05,5.14,719167,3836516.00
2013/04/15,5.09,5.19,5.05,5.08,493707,2593048.00
2013/04/16,5.05,5.24,5.05,5.23,800775,4257420.00
2013/04/17,5.23,5.28,5.13,5.21,615495,3300074.00
2013/04/18,5.19,5.28,5.18,5.25,628013,3390519.00
2013/04/19,5.26,5.34,5.26,5.33,1000281,5465137.00
2013/04/22,5.33,5.41,5.29,5.34,775039,4266494.00
2013/04/23,5.35,5.39,5.12,5.14,807177,4324414.00
2013/04/24,5.14,5.24,5.14,5.22,566839,3040784.00
2013/04/25,5.22,5.23,5.09,5.10,682787,3642267.00
2013/04/26,5.13,5.29,5.11,5.26,1224967,6599620.00
2013/05/02,5.28,5.39,5.25,5.34,1279463,7032240.00
2013/05/03,5.30,5.51,5.30,5.47,1354112,7575788.00
2013/05/20,5.94,5.94,5.62,5.71,4785561,28234620.00
2013/05/21,5.71,5.71,5.55,5.63,2769680,16006042.00
2013/05/22,5.58,6.01,5.57,5.98,4846602,28976556.00
2013/05/23,5.92,5.99,5.83,5.84,3350362,20298562.00
2013/05/24,5.82,5.92,5.79,5.86,1554448,9350483.00
2013/05/27,5.82,5.93,5.76,5.87,1666461,10006190.00
2013/05/28,5.89,6.40,5.88,6.18,6362291,40567980.00
2013/05/29,6.09,6.22,6.04,6.16,2773034,17412704.00
2013/05/30,6.16,6.16,6.04,6.06,1908011,11901593.00
2013/05/31,6.06,6.12,5.89,5.90,1767299,10870584.00
2013/06/03,5.89,5.98,5.84,5.87,1061145,6436854.00
2013/06/04,5.87,5.90,5.69,5.75,1164589,6905995.00
2013/06/05,5.80,5.94,5.69,5.93,1519545,9091588.00
2013/06/06,5.89,5.89,5.76,5.78,1001500,5988973.00
2013/06/07,5.78,5.88,5.52,5.65,1047861,6128705.00
2013/06/13,5.56,5.56,5.14,5.33,1217720,6679741.00
2013/06/14,5.34,5.41,5.24,5.39,609048,3372153.00
2013/06/17,5.39,5.75,5.37,5.58,1412985,8171363.00
2013/06/18,5.60,5.78,5.54,5.66,786653,4564032.00
2013/06/19,5.57,5.62,5.44,5.60,786281,4469484.00
2013/06/20,5.60,5.60,5.39,5.42,468605,2632657.00
2013/06/21,5.43,5.50,5.29,5.41,532600,2977102.00
2013/06/24,5.43,5.44,5.04,5.08,1006590,5376921.00
2013/06/25,5.06,5.08,4.56,4.94,1137086,5719427.00
2013/06/26,4.95,5.13,4.88,5.03,642485,3307328.00
2013/06/27,5.10,5.10,4.88,4.93,899596,4637853.00
2013/06/28,4.97,5.00,4.83,4.89,458049,2318352.00
2013/07/01,4.89,5.01,4.85,4.98,515490,2604600.00
2013/07/02,5.01,5.04,4.91,5.03,530804,2732895.00
2013/07/03,5.02,5.02,4.91,5.00,748271,3831519.00
2013/07/04,5.10,5.10,4.94,5.00,703027,3648873.00
2013/07/05,4.99,5.06,4.98,5.02,541178,2800856.00
2013/07/08,5.00,5.00,4.72,4.75,805982,4035263.00
2013/07/09,4.87,4.87,4.72,4.79,308300,1519808.00
2013/07/10,4.79,4.96,4.79,4.96,528731,2667791.00
2013/07/11,5.00,5.28,4.94,5.28,2267140,12017156.00
2013/07/12,5.26,5.26,5.09,5.16,1669213,8870859.00
2013/07/15,5.04,5.22,5.04,5.16,767045,4066986.00
2013/07/16,5.16,5.19,5.11,5.16,632583,3358853.00
2013/07/17,5.16,5.20,5.10,5.10,599561,3176350.00
2013/07/18,5.06,5.10,5.00,5.01,604144,3143726.00
2013/07/19,5.07,5.07,4.87,4.89,736300,3782060.00
2013/07/22,4.87,4.94,4.76,4.90,687043,3465283.00
2013/07/23,4.93,5.07,4.90,5.06,650651,3343525.00
2013/07/24,5.07,5.07,4.95,5.05,725665,3722074.00
2013/07/25,5.06,5.15,5.00,5.11,950968,4962353.00
2013/07/26,5.17,5.41,5.13,5.22,2989627,16171891.00
2013/07/29,5.08,5.20,4.90,5.16,2077298,10690603.00
2013/07/30,5.30,5.43,5.12,5.27,2191534,11912105.00
2013/07/31,5.17,5.27,5.16,5.19,833827,4440789.00
2013/08/01,5.14,5.22,5.10,5.21,1375933,7287589.00
2013/08/02,5.21,5.24,5.14,5.19,1064472,5668674.00
2013/08/05,5.21,5.23,5.13,5.21,879401,4676687.00
2013/08/06,5.23,5.28,5.16,5.27,1681317,9002409.00
2013/08/07,5.23,5.39,5.13,5.27,1971362,10655846.00
2013/08/08,5.26,5.30,5.19,5.23,1057549,5681810.00
2013/08/09,5.24,5.28,5.17,5.27,1133110,6074004.00
2013/08/12,5.29,5.35,5.24,5.34,2368081,12879501.00
2013/08/13,5.32,5.47,5.32,5.42,2032182,11247359.00
2013/08/14,5.42,5.43,5.33,5.35,1648771,9077821.00
2013/08/15,5.32,5.37,5.25,5.27,840963,4580734.00
2013/08/16,5.22,5.35,5.12,5.13,1355421,7279244.00
2013/08/19,5.12,5.23,5.02,5.22,802500,4247440.00
2013/08/20,5.22,5.32,5.14,5.20,864304,4650858.00
2013/08/21,5.22,5.30,5.17,5.29,903449,4858983.00
2013/08/22,5.29,5.34,5.24,5.33,809464,4382637.00
2013/08/23,5.35,5.68,5.23,5.67,5097513,28492276.00
2013/08/26,5.60,6.21,5.58,6.03,8057555,48847564.00
2013/08/27,5.97,6.26,5.89,5.96,4430985,27105426.00
2013/08/28,6.00,6.32,5.93,6.00,7981536,49524716.00
2013/08/29,6.09,6.09,5.80,5.95,3390852,20511582.00
2013/08/30,5.95,6.32,5.89,6.22,9618341,59866668.00
2013/09/02,6.22,6.31,5.78,5.87,5790827,35048140.00
2013/09/03,5.85,5.93,5.84,5.85,3011466,18086360.00
2013/09/04,5.85,6.15,5.85,5.92,3271013,19856596.00
2013/09/05,5.93,6.27,5.80,6.06,7343024,45009408.00
2013/09/06,6.09,6.68,6.06,6.68,21355679,139763584.00
2013/09/09,6.67,6.67,6.37,6.52,15925696,105664200.00
2013/09/10,6.47,6.83,6.38,6.58,12403221,83609632.00
2013/09/11,6.49,6.70,6.28,6.47,7954779,52616376.00
2013/09/12,6.37,6.70,6.37,6.53,6183300,41376768.00
2013/09/13,6.52,6.52,6.21,6.33,5061777,32721100.00
2013/09/16,6.31,6.44,6.25,6.36,2790337,18130276.00
2013/09/17,6.34,6.40,5.87,5.99,5466520,33944804.00
2013/09/18,5.97,6.09,5.93,6.04,2079352,12803951.00
2013/09/23,6.03,6.14,6.02,6.09,2727031,16934384.00
2013/09/24,6.07,6.32,6.06,6.26,4505343,28646292.00
2013/09/25,6.21,6.32,6.08,6.12,3586114,22619076.00
2013/09/26,6.08,6.10,5.78,5.79,2862652,17341596.00
2013/09/27,5.79,5.94,5.78,5.81,1330478,7933030.00
2013/09/30,5.84,5.85,5.72,5.78,2188453,12936513.00
2013/10/08,5.76,5.93,5.76,5.92,2035526,12142184.00
2013/10/09,5.87,6.00,5.85,5.97,2258148,13719743.00
2013/10/10,5.97,6.05,5.91,5.98,2335513,14260507.00
2013/10/11,6.02,6.14,5.95,6.13,3958689,24580866.00
2013/10/14,6.14,6.29,6.10,6.17,3913030,24735168.00
2013/10/15,6.18,6.61,5.99,6.41,6418402,41298636.00
2013/10/16,6.26,6.31,6.05,6.14,4169568,26316206.00
2013/10/17,6.10,6.33,6.10,6.21,3634234,23073020.00
2013/10/18,6.21,6.23,6.10,6.14,1801009,11308227.00
2013/10/21,6.14,6.24,6.08,6.20,2129859,13456265.00
2013/10/22,6.21,6.21,6.00,6.02,2729825,16966500.00
2013/10/23,6.01,6.12,5.87,5.91,1836983,11198043.00
2013/10/24,5.88,5.99,5.85,5.87,1203791,7268809.00
2013/10/25,5.88,5.93,5.72,5.79,1580446,9387346.00
2013/10/28,5.78,5.85,5.72,5.80,738990,4371075.00
2013/10/29,5.86,5.93,5.42,5.50,2207915,12655249.00
2013/10/30,5.52,5.60,5.47,5.58,1440067,8163828.00
2013/10/31,5.58,5.72,5.53,5.66,1873843,10776554.00
2013/11/01,5.62,5.74,5.57,5.68,1073158,6212058.00
2013/11/04,5.65,5.75,5.63,5.72,1010451,5893276.00
2013/11/05,5.67,5.75,5.63,5.72,1172381,6827955.00
2013/11/06,5.68,5.71,5.57,5.60,1221533,7062504.00
2013/11/07,5.62,5.62,5.43,5.44,954448,5378297.00
2013/11/08,5.43,5.47,5.33,5.36,858889,4736478.00
2013/11/11,5.36,5.49,5.36,5.48,768585,4268812.00
2013/11/12,5.49,5.53,5.43,5.49,476324,2672078.00
2013/11/13,5.47,5.50,5.38,5.38,525809,2916739.00
2013/11/14,5.37,5.48,5.37,5.42,702955,3905592.00
2013/11/15,5.42,5.60,5.42,5.55,1272267,7213059.00
2013/11/18,5.56,5.76,5.54,5.70,1590945,9200885.00
2013/11/19,5.73,5.80,5.67,5.74,1200356,7038470.00
2013/11/20,5.76,5.78,5.66,5.74,888887,5184870.00
2013/11/21,5.74,5.78,5.63,5.74,1450113,8433527.00
2013/11/22,5.77,6.23,5.75,5.92,4885576,30003216.00
2013/11/25,6.02,6.10,5.88,5.99,3295469,20263116.00
2013/11/26,5.99,6.06,5.93,5.97,1450656,8834419.00
2013/11/27,5.97,6.02,5.92,5.97,1761349,10762831.00
2013/11/28,6.02,6.14,5.98,6.02,2354473,14603853.00
2013/11/29,5.99,6.19,5.98,6.10,2500874,15597385.00
2013/12/02,6.01,6.06,5.75,5.83,1954262,11797126.00
2013/12/03,5.73,5.96,5.73,5.94,1339018,8081554.00
2013/12/04,6.00,6.18,5.99,6.07,3337666,20741072.00
2013/12/05,6.10,6.17,6.03,6.12,2543788,15899049.00
2013/12/06,6.11,6.23,6.07,6.15,2567879,16179180.00
2013/12/09,6.25,6.33,6.19,6.26,2841309,18147504.00
2013/12/10,6.30,6.70,6.30,6.43,7371672,49035212.00
2013/12/11,6.40,6.42,6.16,6.24,4213073,26883330.00
2013/12/12,6.30,6.45,6.22,6.25,2524074,16292730.00
2013/12/13,6.19,6.29,6.11,6.20,1469662,9329183.00
2013/12/16,6.23,6.32,6.03,6.22,2701746,17015456.00
2013/12/17,6.17,6.21,6.06,6.12,1720196,10761193.00
2013/12/18,6.12,6.12,5.94,6.01,1825749,11223180.00
2013/12/19,6.00,6.08,5.90,5.94,1143601,6995995.00
2013/12/20,5.94,6.04,5.90,5.94,1054266,6412979.00
2013/12/23,5.93,5.96,5.70,5.90,1306695,7833898.00
2013/12/24,5.89,5.98,5.77,5.91,1010970,6090102.00
2013/12/25,5.95,5.99,5.86,5.98,720801,4384996.00
2013/12/26,6.00,6.00,5.85,5.85,871156,5258813.00
2013/12/27,5.80,5.95,5.78,5.92,952792,5746332.00
2013/12/30,5.93,6.04,5.89,6.02,1501559,9163731.00
2013/12/31,5.99,6.12,5.97,6.08,1197101,7409329.00
2014/01/02,6.10,6.19,6.02,6.06,1010346,6273499.00
2014/01/03,6.03,6.05,5.87,5.89,1100197,6655460.00
2014/01/06,5.86,5.86,5.63,5.66,1397705,8168570.00
2014/01/07,5.64,5.72,5.52,5.64,671622,3882967.00
2014/01/08,5.65,5.72,5.52,5.57,1083185,6216512.00
2014/01/09,5.62,5.67,5.43,5.45,1036702,5900372.00
2014/01/10,5.45,5.51,5.40,5.42,741151,4133907.00
2014/01/13,5.37,5.50,5.37,5.47,476078,2656950.00
2014/01/14,5.47,5.65,5.47,5.63,650905,3701575.00
2014/01/15,5.56,5.62,5.53,5.60,569101,3234083.00
2014/01/16,5.59,5.69,5.56,5.60,490856,2826870.00
2014/01/17,5.57,5.62,5.37,5.55,1391104,7813934.00
2014/01/20,5.44,5.61,5.44,5.59,704706,3986589.00
2014/01/21,5.65,5.65,5.53,5.61,1218035,6961373.00
2014/01/22,5.57,5.75,5.53,5.75,1295317,7515544.00
2014/01/23,5.81,5.81,5.67,5.68,840059,4900973.00
2014/01/24,5.76,5.79,5.68,5.73,1007342,5914104.00
2014/01/27,5.76,5.83,5.66,5.66,2547996,14966457.00
2014/01/28,5.69,5.69,5.51,5.52,2598419,14798991.00
2014/01/29,5.55,5.58,5.52,5.57,972286,5521654.00
2014/01/30,5.57,5.64,5.47,5.58,875821,4983804.00
2014/02/07,5.57,5.63,5.49,5.63,866140,4948991.00
2014/02/10,5.71,5.79,5.57,5.76,2100070,12315066.00
2014/02/11,5.80,5.80,5.69,5.76,2638905,15530760.00
2014/02/12,5.78,5.99,5.73,5.99,4519326,27169926.00
2014/02/13,5.98,6.07,5.90,5.93,3707419,22722444.00
2014/02/14,5.92,6.10,5.92,6.07,3408881,21054690.00
2014/02/17,6.11,6.22,6.07,6.13,3912497,24550192.00
2014/02/18,6.15,6.25,6.05,6.14,3721762,23272424.00
2014/02/19,6.11,6.39,6.11,6.37,5523643,35528172.00
2014/02/20,6.39,6.52,6.21,6.30,3262059,21046412.00
2014/02/21,6.25,6.32,6.17,6.20,2239984,14235449.00
2014/02/24,6.18,6.42,6.07,6.37,3148289,20043480.00
2014/02/25,6.39,6.52,6.19,6.24,4016418,26223838.00
2014/02/26,6.19,6.22,5.98,6.15,2410045,15003879.00
2014/02/27,6.17,6.68,6.12,6.45,6443805,42365956.00
2014/02/28,6.46,6.57,6.32,6.50,4030454,26472576.00
2014/03/03,6.56,7.16,6.47,7.16,14656243,105321024.00
2014/03/04,7.20,7.38,6.95,7.26,11978867,87073104.00
2014/03/05,7.26,7.26,6.98,7.11,6677140,48227652.00
2014/03/06,7.08,7.20,6.86,7.15,6928307,49695184.00
2014/03/07,6.98,7.10,6.87,7.00,4994889,35512832.00
2014/03/10,6.87,7.18,6.80,6.94,6719385,48280432.00
2014/03/11,6.88,7.32,6.87,7.23,6690257,48649448.00
2014/03/12,7.24,7.97,7.16,7.62,11065926,85944096.00
2014/03/13,7.47,7.62,7.33,7.56,5907304,44886020.00
2014/03/14,7.47,7.54,7.18,7.21,4649615,34616452.00
2014/03/17,7.18,7.29,7.02,7.25,4077807,29845524.00
2014/03/18,7.26,7.87,7.16,7.76,9370973,71641624.00
2014/03/19,7.67,7.72,7.44,7.66,5507527,42413620.00
2014/03/20,7.58,7.82,7.27,7.37,4439870,34153224.00
2014/03/21,7.38,7.72,7.23,7.58,4811002,36651876.00
2014/03/24,7.67,8.04,7.59,7.76,7611944,60442988.00
2014/03/25,7.67,8.55,7.67,8.31,9481008,78661552.00
2014/03/26,8.25,9.15,8.10,9.15,16189069,145080928.00
2014/09/22,9.88,10.07,9.23,9.58,29929469,292693184.00
2014/09/23,9.31,9.41,8.72,9.01,21916631,198091504.00
2014/09/24,8.87,8.99,8.67,8.92,12957311,115490648.00
2014/09/25,8.84,8.97,8.71,8.76,10085740,90056272.00
2014/09/26,8.69,9.05,8.56,9.01,14116319,126221840.00
2014/09/29,8.96,9.31,8.92,9.26,10386297,95318872.00
2014/09/30,9.21,9.61,9.15,9.59,19444718,184372576.00
2014/10/08,9.36,9.60,9.28,9.32,12451429,117691048.00
2014/10/09,9.33,9.39,8.96,9.01,10146897,92828016.00
2014/10/10,8.96,8.96,8.75,8.88,6581396,58787440.00
2014/10/13,8.74,9.01,8.74,8.98,4009033,36129952.00
2014/10/14,8.99,9.05,8.76,8.82,4222680,37781768.00
2014/10/15,8.84,8.89,8.41,8.60,6197478,53653800.00
2014/10/16,8.49,8.56,8.28,8.30,4633698,39501696.00
2014/10/17,8.27,8.27,7.99,8.07,5277706,43142924.00
2014/10/20,8.12,8.23,8.12,8.21,2694474,22293916.00
2014/10/21,8.20,8.20,8.04,8.07,2339464,19190424.00
2014/10/22,8.13,8.16,7.95,7.96,2499650,20403296.00
2014/10/23,7.99,8.03,7.53,7.54,5016287,39115128.00
2014/10/24,7.60,7.69,7.57,7.63,2557145,19707428.00
2014/10/27,7.66,7.77,7.63,7.75,2545969,19848568.00
2014/10/28,7.76,7.94,7.73,7.94,3480473,27609544.00
2014/10/29,7.96,8.19,7.80,8.09,4966376,40213020.00
2014/10/30,8.05,8.15,8.00,8.03,3692991,30104248.00
2014/10/31,8.02,8.76,7.95,8.54,11316453,95479144.00
2014/11/03,8.39,8.74,8.37,8.69,8485013,73582360.00
2014/11/04,8.57,8.69,8.52,8.55,4077405,35409664.00
2014/11/05,8.59,8.70,8.41,8.61,3965729,34424084.00
2014/11/06,8.55,8.67,8.47,8.56,2083933,17975004.00
2014/11/07,8.57,8.79,8.28,8.50,6395249,55291892.00
2014/11/10,8.46,9.20,8.32,8.98,16478388,146857136.00
2014/11/11,8.96,9.08,8.07,8.46,13784058,120190368.00
2014/11/12,8.26,8.56,8.11,8.37,8430433,70297048.00
2014/11/13,8.26,8.31,7.99,8.02,5353777,43843972.00
2014/11/14,7.99,8.09,7.91,7.93,2837246,22959560.00
2014/11/17,7.93,8.05,7.81,7.95,2330939,18632336.00
2014/11/18,7.95,8.12,7.88,8.10,2836684,23058220.00
2014/11/19,8.08,8.40,7.88,8.33,6624406,55490672.00
2014/11/20,8.35,8.39,8.26,8.28,3815681,31991136.00
2014/11/21,8.27,8.65,8.26,8.56,9138802,78369712.00
2014/11/24,8.62,8.96,8.59,8.77,15439887,136824976.00
2014/11/25,8.87,9.66,8.87,9.66,31628782,300637600.00
2014/11/26,9.94,10.64,9.61,10.62,30376783,311545408.00
2014/11/27,10.49,10.59,10.17,10.51,15624360,162992160.00
2014/11/28,10.49,10.61,10.01,10.14,27647005,287073152.00
2014/12/01,10.06,10.07,9.48,10.03,14367830,140531328.00
2014/12/02,9.94,11.03,9.71,10.68,22669554,237017728.00
2014/12/03,10.34,10.95,10.00,10.43,19701378,205358672.00
2014/12/04,10.27,11.01,10.09,10.26,26618996,278169504.00
2014/12/05,10.29,10.29,9.33,9.51,11411183,111825800.00
2014/12/08,9.43,9.88,9.22,9.39,12040886,114826224.00
2014/12/09,9.46,9.54,8.44,8.49,11039473,100422088.00
2014/12/10,8.31,8.81,8.26,8.78,5664963,49363828.00
2014/12/11,8.79,9.19,8.79,9.11,5421144,49443288.00
2014/12/12,9.15,9.17,9.02,9.09,3130761,28700554.00
2014/12/15,9.08,9.30,9.00,9.26,4304493,39749952.00
2014/12/16,9.31,9.31,9.11,9.15,3575950,33126216.00
2014/12/17,9.16,9.16,8.71,8.87,4116201,37131508.00
2014/12/18,8.91,9.14,8.91,9.07,4272336,39094396.00
2014/12/19,9.11,9.11,8.68,8.80,4511015,40294692.00
2014/12/22,8.79,8.79,8.16,8.18,4560342,38692816.00
2014/12/23,8.19,8.38,8.16,8.35,2313617,19346692.00
2014/12/24,8.39,8.46,8.29,8.45,1820265,15398122.00
2014/12/25,8.52,8.61,8.42,8.60,1796867,15448968.00
2014/12/26,8.61,8.69,8.41,8.59,3129613,26965100.00
2014/12/29,8.63,8.63,8.22,8.25,3014794,25559516.00
2014/12/30,8.25,8.43,8.23,8.27,1639923,13808661.00
2014/12/31,8.26,8.59,8.26,8.58,2779566,23722894.00
2015/01/05,8.58,8.81,8.58,8.70,4440496,39045216.00
2015/01/06,8.62,8.84,8.56,8.81,5238439,46281740.00
2015/01/07,8.83,8.84,8.72,8.83,3211013,28490734.00
2015/01/08,8.86,8.86,8.71,8.75,2819212,24969474.00
2015/01/09,8.74,8.75,8.43,8.43,2971100,25892634.00
2015/01/12,8.41,8.41,7.90,8.01,4224051,34481580.00
2015/01/13,7.91,7.95,7.61,7.79,10657764,83054152.00
2015/01/14,7.76,8.12,7.69,8.03,6622223,53008404.00
2015/01/15,8.01,8.01,7.77,7.86,6415396,50768992.00
2015/01/16,7.73,7.94,7.73,7.83,8133016,64430836.00
2015/01/19,7.74,7.74,7.19,7.32,6968160,53133228.00
2015/01/20,7.36,7.55,7.35,7.49,7230094,54400984.00
2015/01/21,7.49,7.66,7.44,7.63,9254053,71217032.00
2015/01/22,7.66,7.86,7.64,7.85,12420181,96957280.00
2015/01/23,7.86,7.95,7.78,7.84,8675600,69016272.00
2015/01/26,7.85,8.21,7.74,8.21,10830764,87910480.00
2015/01/27,8.19,8.27,7.97,8.21,11068598,90829392.00
2015/01/28,8.15,8.15,7.99,8.02,10596513,86255744.00
2015/01/29,8.01,8.16,7.92,8.11,8063600,65748952.00
2015/01/30,8.17,8.23,7.86,7.87,6327293,51406028.00
2015/02/02,7.66,7.98,7.42,7.92,5690496,44897480.00
2015/02/03,8.15,8.15,7.98,8.07,6150607,50038084.00
2015/02/04,8.02,8.56,8.00,8.41,18877223,159114096.00
2015/02/05,8.39,8.55,8.10,8.15,10647006,89894936.00
2015/02/06,8.14,8.30,7.78,7.82,6969826,56315216.00
2015/02/09,7.72,7.81,7.52,7.54,7319700,56371592.00
2015/02/10,7.52,8.21,7.52,8.17,8809984,70166288.00
2015/02/11,8.16,8.30,8.02,8.23,8674499,71328208.00
2015/02/12,8.12,8.39,8.10,8.22,10514933,87463968.00
2015/02/13,8.26,8.49,8.06,8.18,33797785,280460576.00
2015/02/16,8.19,8.28,7.99,8.08,27578574,225206080.00
2015/02/17,8.09,8.22,8.01,8.19,17831800,146471632.00
2015/02/25,8.17,8.21,8.05,8.14,10851170,89211384.00
2015/02/26,8.12,8.33,8.09,8.32,15907189,132569184.00
2015/02/27,8.37,8.40,8.26,8.31,11564206,97251400.00
2015/03/02,8.32,8.56,8.27,8.54,18572312,158357824.00
2015/03/03,8.53,8.74,8.45,8.56,20394321,177780352.00
2015/03/04,8.56,8.82,8.55,8.73,17231409,151658800.00
2015/03/05,8.74,8.77,8.55,8.73,14606481,127603704.00
2015/03/06,8.73,9.10,8.67,9.03,31821219,286087072.00
2015/03/09,9.08,9.37,8.87,9.12,38375035,355641440.00
2015/03/10,9.07,9.23,8.98,9.02,24564556,225735296.00
2015/03/11,9.04,9.26,8.86,9.22,25260238,231700032.00
2015/03/12,9.23,9.42,9.16,9.41,29415581,276070016.00
2015/03/13,9.41,9.58,9.26,9.31,25250978,239244480.00
2015/03/16,9.41,9.41,9.19,9.33,30878044,289814272.00
2015/03/17,9.32,9.46,9.27,9.37,26135003,246443488.00
2015/03/18,9.34,9.46,9.27,9.44,27176301,256161792.00
2015/03/19,9.45,10.02,9.35,9.89,39847912,389856288.00
2015/03/20,9.81,9.88,9.67,9.73,19831768,195021184.00
2015/03/23,9.72,9.86,9.66,9.77,20012478,196703952.00
2015/03/24,9.77,9.77,9.17,9.40,27944643,267077072.00
2015/03/25,9.36,9.49,9.21,9.35,23454646,221584144.00
2015/03/26,9.31,9.46,9.19,9.27,22716658,213235392.00
2015/03/27,9.28,9.71,9.28,9.66,26932890,258227456.00
2015/03/30,9.66,9.83,9.62,9.79,26050013,255585824.00
2015/03/31,9.86,9.96,9.66,9.74,22687763,223862192.00
2015/04/01,9.71,10.01,9.67,9.98,27777001,276873568.00
2015/04/02,10.00,10.39,9.91,10.28,32293826,329338944.00
2015/04/03,10.17,10.48,10.09,10.38,25110600,261141664.00
2015/04/07,10.38,10.83,10.29,10.68,28868211,306815680.00
2015/04/08,10.61,10.83,10.24,10.38,25430623,269651648.00
2015/04/09,10.36,10.36,9.69,9.99,24389463,245728032.00
2015/04/10,9.92,10.36,9.82,10.27,18436750,190130144.00
2015/04/13,10.34,10.83,10.31,10.65,23691148,253036784.00
2015/04/14,10.64,11.32,10.62,10.97,27007438,299081184.00
2015/04/15,10.91,11.31,9.91,10.46,23817857,260919792.00
2015/04/16,10.39,10.97,9.96,10.85,19873202,214624608.00
2015/04/17,10.88,11.11,10.61,11.01,27636772,302895968.00
2015/04/20,10.99,11.29,10.68,10.75,25427598,281117152.00
2015/04/21,10.66,11.47,10.62,11.35,25962157,289319936.00
2015/04/22,11.51,11.51,11.21,11.38,22762644,260796480.00
2015/04/23,11.23,11.61,11.17,11.26,27469273,314690016.00
2015/04/24,11.08,11.48,10.84,11.42,25535350,290610496.00
2015/04/27,11.66,12.57,11.61,11.82,62579482,764723712.00
2015/04/28,11.66,11.69,11.02,11.10,32967872,376438208.00
2015/04/29,11.02,11.36,10.96,11.18,15240075,172195456.00
2015/04/30,11.70,11.90,11.22,11.28,20634136,240576832.00
2015/05/04,11.02,11.21,10.82,11.07,18115911,200980912.00
2015/05/05,11.07,11.08,10.28,10.42,17233977,185593936.00
2015/05/06,10.37,10.65,10.06,10.18,14904214,156990352.00
2015/05/07,10.11,10.33,9.88,9.96,9921982,100944840.00
2015/05/08,10.07,10.24,9.94,10.21,10736392,109302824.00
2015/05/11,10.32,10.65,10.12,10.64,13714607,144265648.00
2015/05/12,10.60,10.83,10.51,10.76,11957361,128847184.00
2015/05/13,10.67,10.94,10.54,10.78,12912384,139815312.00
2015/05/14,10.77,10.82,10.26,10.32,13299919,141702944.00
2015/05/15,10.65,11.36,10.51,11.13,59386744,668605376.00
2015/05/18,10.61,11.01,10.41,10.79,31799482,343038112.00
2015/05/19,10.72,11.16,10.63,11.11,24448364,269385888.00
2015/05/20,11.08,11.43,10.95,11.10,27384841,309283200.00
2015/05/21,11.10,11.57,11.07,11.55,24662636,283393952.00
2015/05/22,11.58,11.80,11.20,11.72,31718979,368716800.00
2015/05/25,11.61,12.29,11.51,12.03,27795657,334038560.00
2015/05/26,12.03,12.48,11.78,12.40,32365382,395343296.00
2015/05/27,12.40,13.34,12.11,13.02,36751573,465601824.00
2015/05/28,12.91,13.00,11.71,11.71,33189465,417514624.00
2015/05/29,11.67,11.89,10.93,11.44,26007500,299576704.00
2015/06/01,11.50,12.14,11.44,12.10,25250515,301330336.00
2015/06/02,12.14,12.55,11.90,12.43,28003470,345385216.00
2015/06/03,12.39,12.87,12.13,12.68,28954217,366459968.00
2015/06/04,12.73,12.80,11.62,12.47,24032579,297291008.00
2015/06/05,12.57,13.57,12.53,13.40,44593751,583970112.00
2015/06/08,13.41,14.00,13.09,13.78,40579501,557507456.00
2015/06/09,13.75,14.31,13.29,14.03,36009900,501219488.00
2015/06/10,13.81,14.40,13.55,13.93,25451795,359866368.00
2015/06/11,13.89,15.16,13.79,14.70,34711100,509105696.00
2015/06/12,14.87,14.89,14.43,14.60,26804120,394528576.00
2015/06/15,14.48,15.26,14.41,14.79,27166672,404467424.00
2015/06/16,14.51,15.18,13.90,14.19,24189324,354715008.00
2015/06/17,13.91,14.28,13.08,14.10,22772624,313567488.00
2015/06/18,14.01,14.69,13.55,13.68,17467620,249704752.00
2015/06/19,13.32,13.51,12.30,12.34,18269464,237483552.00
2015/06/23,12.44,12.62,11.16,12.17,19639005,236744400.00
2015/06/24,12.29,12.60,11.91,12.56,18563580,229906800.00
2015/06/25,12.56,12.65,11.51,11.91,18211117,225129056.00
2015/06/26,11.52,11.70,10.71,10.71,15498678,173268800.00
2015/06/29,11.01,11.12,9.63,9.63,19612973,201056480.00
2015/06/30,9.52,10.36,8.78,10.32,21415727,207174752.00
2015/07/01,10.11,10.44,9.28,9.28,18102641,182840528.00
2015/07/02,9.21,9.39,8.34,8.34,17663909,155940624.00
2015/07/03,7.99,8.29,7.50,7.50,17118159,133539920.00
2015/07/06,8.24,8.24,6.74,6.74,27007694,197140080.00
2015/07/07,6.51,6.51,6.06,6.06,11935700,74296024.00
2015/07/08,5.45,5.71,5.45,5.45,18612409,103386912.00
2015/07/09,5.21,6.00,5.21,6.00,33355665,196761616.00
2015/07/10,6.11,6.61,6.02,6.61,25923749,170956672.00
2015/07/13,7.01,7.28,6.79,7.28,43014642,308216128.00
2015/07/14,7.41,8.00,7.11,7.45,49010939,372704640.00
2015/07/15,7.19,7.26,6.70,6.70,24560500,172117584.00
2015/07/16,6.22,7.08,6.11,6.77,23283918,156592960.00
2015/07/17,6.76,7.33,6.75,7.25,23986742,171760752.00
2015/07/20,7.29,7.52,7.08,7.32,26714436,196643696.00
2015/07/21,7.14,7.54,7.10,7.51,25331738,188973600.00
2015/07/22,7.47,7.80,7.32,7.69,29246768,223593056.00
2015/07/23,7.69,8.15,7.65,8.10,33818177,271863616.00
2015/07/24,8.07,8.30,7.93,8.03,34585026,282566816.00
2015/07/27,7.80,8.08,7.22,7.22,27138434,209644416.00
2015/07/28,6.64,7.14,6.49,6.64,24655594,167541488.00
2015/07/29,6.76,7.13,6.43,7.12,19221316,131399232.00
2015/07/30,7.05,7.33,6.83,6.89,21684421,155981008.00
2015/07/31,6.74,7.00,6.63,6.89,13366934,91655416.00
2015/08/03,6.83,6.83,6.20,6.64,12397763,81732048.00
2015/08/04,6.59,7.15,6.59,7.14,23896561,164428240.00
2015/08/05,6.94,7.20,6.86,6.91,19340062,137286576.00
2015/08/06,6.72,6.90,6.56,6.82,12558499,86010400.00
2015/08/07,6.86,7.13,6.85,7.12,17676769,125451272.00
2015/08/10,7.19,7.61,7.12,7.56,25154291,188273104.00
2015/08/11,7.53,7.88,7.45,7.71,26467366,204254688.00
2015/08/12,7.54,8.20,7.51,7.95,34434009,273294816.00
2015/08/13,7.85,8.48,7.82,8.43,36619284,303392352.00
2015/08/14,8.48,8.88,8.18,8.24,43602419,374757088.00
2015/08/17,8.33,9.07,8.14,9.07,39682249,346509568.00
2015/08/18,9.28,9.33,8.16,8.16,37934051,332375968.00
2015/08/19,7.70,8.42,7.34,8.33,34910974,275331296.00
2015/08/20,8.11,8.26,7.64,7.68,23206267,186933600.00
2015/08/21,7.54,7.72,6.94,7.01,19115251,140758336.00
2015/08/24,6.69,6.81,6.30,6.30,14801899,95442856.00
2015/08/25,5.73,6.08,5.66,5.66,16059226,93862016.00
2015/08/26,5.79,6.09,5.38,5.54,18924343,110250632.00
2015/08/27,5.71,5.96,5.44,5.94,13493155,78032496.00
2015/08/28,6.07,6.41,5.95,6.40,18277610,114288968.00
2015/08/31,6.32,6.32,6.01,6.03,14085769,87349288.00
2015/09/01,6.05,6.06,5.58,5.65,12973700,75399680.00
2015/09/02,5.53,5.96,5.38,5.56,11888003,68573536.00
2015/09/07,5.70,5.96,5.63,5.75,9900671,58309664.00
2015/09/08,5.77,6.26,5.69,6.21,13524100,81966368.00
2015/09/09,6.20,6.53,6.18,6.40,18891587,121435864.00
2015/09/10,6.23,6.33,6.09,6.12,12068100,76199616.00
2015/09/11,6.10,6.65,6.10,6.56,21662500,139750640.00
2015/09/14,6.57,6.62,5.90,5.90,21385643,134765488.00
2015/09/15,5.74,5.89,5.49,5.62,11125904,64265912.00
2015/09/16,5.61,6.19,5.61,6.15,13878611,83309624.00
2015/09/17,6.07,6.38,5.93,5.96,15343166,95885224.00
2015/09/18,6.02,6.09,5.85,6.03,8778166,53065120.00
2015/09/21,5.96,6.28,5.89,6.27,8968234,55569488.00
2015/09/22,6.23,6.33,6.12,6.27,11041620,69721552.00
2015/09/23,6.15,6.50,6.13,6.31,16211486,103768248.00
2015/09/24,6.33,6.43,6.16,6.40,12151312,77479824.00
2015/09/25,6.34,6.41,5.96,6.06,11087100,68915216.00
2015/09/28,6.08,6.14,5.90,6.13,5947806,36337148.00
2015/09/29,6.02,6.06,5.91,5.95,6044700,36496736.00
2015/09/30,6.02,6.13,5.95,5.97,4281812,26072212.00
2015/10/08,6.15,6.28,6.09,6.18,9688011,60506972.00
2015/10/09,6.17,6.31,6.11,6.30,9994584,62882916.00
2015/10/12,6.33,6.61,6.30,6.54,17967014,117737040.00
2015/10/13,6.49,7.20,6.43,7.20,35928003,249680416.00
2015/10/14,7.13,7.15,6.88,6.90,21735333,153917072.00
2015/10/15,6.88,7.49,6.85,7.19,30535433,222317904.00
2015/10/16,7.16,7.62,7.03,7.35,31393848,230377680.00
2015/10/19,7.53,7.69,7.17,7.34,33748404,253113888.00
2015/10/20,7.32,7.45,7.20,7.35,16502350,121784360.00
2015/10/21,7.32,7.47,6.61,6.61,22321614,159132512.00
2015/10/22,6.58,6.96,6.56,6.85,15181627,103422032.00
2015/10/23,6.88,7.21,6.83,7.12,18823406,134106944.00
2015/10/26,7.22,7.23,6.98,7.13,15127263,108386832.00
2015/10/27,7.05,7.37,6.84,7.28,18671841,134501584.00
2015/10/28,7.21,7.39,6.98,7.03,12201663,88464848.00
2015/10/29,7.06,7.27,6.99,7.08,15231948,109826968.00
2015/10/30,7.08,7.61,7.04,7.32,29099114,216641328.00
2015/11/02,7.03,7.22,6.96,7.04,15195897,108765848.00
2015/11/03,7.06,7.20,7.00,7.10,12415685,89018208.00
2015/11/04,7.12,7.41,7.11,7.41,24406280,180010080.00
2015/11/05,7.37,7.58,7.28,7.46,25770779,192860960.00
2015/11/06,7.45,7.67,7.43,7.57,21650585,164695760.00
2015/11/09,7.52,7.94,7.40,7.75,26492181,204234496.00
2015/11/10,7.65,7.82,7.50,7.65,24533896,189714096.00
2015/11/11,7.59,7.67,7.51,7.63,16268946,124710624.00
2015/11/12,7.63,7.68,7.43,7.49,13466118,102516408.00
2015/11/13,7.38,7.53,7.33,7.35,12872355,96374728.00
2015/11/16,7.23,7.47,7.16,7.46,9348611,69391344.00
2015/11/17,7.51,7.60,7.40,7.43,12480169,94825600.00
2015/11/18,7.43,7.59,7.34,7.39,11892537,89764448.00
2015/11/19,7.39,7.55,7.36,7.53,9246205,69633296.00
2015/11/20,7.52,7.70,7.52,7.65,15397851,118252432.00
2015/11/23,7.62,8.33,7.59,8.15,47174835,380938080.00
2015/11/24,8.13,8.27,7.96,8.22,33670707,275889952.00
2015/11/25,8.28,8.64,8.18,8.54,45192722,383823872.00
2015/11/26,8.45,8.55,8.17,8.18,26022138,217698656.00
2015/11/27,8.18,8.18,7.36,7.36,19440856,152965968.00
2015/11/30,7.37,7.48,6.93,7.31,13968005,102803112.00
2015/12/01,7.30,7.68,7.17,7.66,18015595,135242448.00
2015/12/02,7.54,7.64,7.13,7.50,9989510,75045360.00
2015/12/03,7.49,7.64,7.48,7.61,8777478,67128952.00
2015/12/04,7.59,7.89,7.54,7.69,15079465,117295880.00
2015/12/07,7.65,7.82,7.59,7.80,10221075,79776256.00
2015/12/08,7.78,7.78,7.33,7.36,11119087,83977032.00
2015/12/09,7.34,7.40,7.14,7.23,8190526,59876148.00
2015/12/10,7.20,7.31,7.15,7.16,6758203,49405252.00
2015/12/11,7.15,7.26,7.11,7.24,8313426,60285488.00
2015/12/14,7.17,7.39,7.13,7.37,6848283,50178952.00
2015/12/15,7.44,7.73,7.38,7.46,9666377,73629120.00
2015/12/16,7.47,7.59,7.46,7.49,6961096,52820504.00
2015/12/17,7.49,7.69,7.49,7.68,11496902,88418984.00
2015/12/18,7.73,7.78,7.53,7.67,10642362,82497264.00
2015/12/21,7.66,7.83,7.63,7.82,11787537,91964432.00
2015/12/22,7.81,7.87,7.72,7.84,9373361,73726432.00
2015/12/23,7.84,7.93,7.68,7.70,10548513,83477096.00
2015/12/24,7.72,7.93,7.63,7.88,10235287,80288432.00
2015/12/25,7.83,8.12,7.83,8.03,13262800,107331152.00
2015/12/28,8.07,8.09,7.65,7.67,12852919,102323800.00
2015/12/29,7.67,7.86,7.61,7.85,7469871,58271604.00
2015/12/30,7.83,8.02,7.80,7.95,9063369,72484568.00
2015/12/31,7.96,8.04,7.81,7.83,8209578,65672336.00
2016/01/04,7.84,7.87,7.04,7.04,7466869,56240056.00
2016/01/05,6.91,7.10,6.67,7.01,10660415,74482368.00
2016/01/06,7.03,7.22,6.96,7.21,8488785,60597120.00
2016/01/07,7.09,7.10,6.48,6.49,2793202,19343802.00
2016/01/08,6.70,6.77,6.23,6.62,9274353,61751180.00
2016/01/11,6.56,6.70,6.08,6.14,8298923,53901072.00
2016/01/12,6.18,6.38,5.99,6.33,6289001,39431984.00
2016/01/13,6.35,6.63,6.31,6.49,11683520,76412584.00
2016/01/14,6.33,7.03,6.25,6.76,15414488,103453920.00
2016/01/15,6.73,6.85,6.43,6.68,10861850,72693712.00
2016/01/18,6.60,6.93,6.53,6.85,12904319,88576816.00
2016/01/19,6.85,7.00,6.75,6.96,16234410,113259528.00
2016/01/20,6.91,6.91,6.59,6.72,10384058,70836528.00
2016/01/21,6.46,6.82,6.38,6.52,8778338,58753036.00
2016/01/22,6.48,6.77,6.21,6.61,12194355,79797736.00
2016/01/25,6.67,6.79,6.54,6.66,10380811,69747952.00
2016/01/26,6.59,6.64,6.02,6.29,10634223,68584216.00
2016/01/27,6.32,6.57,6.03,6.46,14249463,91694928.00
2016/01/28,6.43,6.58,6.21,6.36,12066774,78191448.00
2016/01/29,6.34,6.73,6.26,6.62,13770253,91212576.00
2016/02/01,6.62,6.80,6.48,6.77,14642166,98468568.00
2016/02/02,6.65,6.91,6.65,6.80,12558166,86209360.00
2016/02/03,6.68,6.71,6.34,6.52,9565923,63239928.00
2016/02/04,6.51,6.68,6.51,6.66,9107020,60801308.00
2016/02/05,6.64,6.66,6.33,6.36,6768491,44616728.00
2016/02/15,6.11,6.20,5.96,6.16,5773222,35636264.00
2016/02/16,6.20,6.35,6.15,6.33,7049372,44799952.00
2016/02/17,6.29,6.47,6.29,6.44,9005316,58304380.00
2016/02/18,6.52,7.09,6.46,7.09,21554069,148492496.00
2016/02/19,7.43,7.49,7.04,7.13,35754771,261984272.00
2016/02/22,7.08,7.22,7.02,7.14,18188388,130558120.00
2016/02/23,7.14,7.18,6.75,6.88,13656932,95653504.00
2016/02/24,6.83,7.20,6.70,7.14,17140753,120663600.00
2016/02/25,7.03,7.07,6.42,6.42,15926478,107490816.00
2016/02/26,6.48,6.53,6.19,6.40,11437598,73867392.00
2016/02/29,6.39,6.39,5.75,5.89,8165585,49391240.00
2016/03/01,5.93,6.07,5.87,6.04,6156418,37248504.00
2016/03/02,6.03,6.58,6.01,6.47,11553293,73651888.00
2016/03/03,6.44,6.58,6.37,6.47,12470856,81521688.00
2016/03/04,6.40,6.46,6.03,6.19,7956574,50360408.00
2016/03/07,6.23,6.37,6.21,6.34,4930213,31446024.00
2016/03/08,6.62,6.88,6.39,6.53,12442346,82400688.00
2016/03/09,6.22,6.35,6.18,6.26,6849819,43290356.00
2016/03/10,6.29,6.35,6.03,6.08,4992470,31235132.00
2016/03/11,6.02,6.12,5.98,6.08,3183979,19513076.00
2016/03/14,6.18,6.31,6.11,6.24,4805271,30315204.00
2016/03/15,6.20,6.27,6.15,6.19,4122333,25851928.00
2016/03/16,6.26,6.30,6.09,6.14,3474100,21723228.00
2016/03/17,6.16,6.30,6.13,6.29,5514999,34796220.00
2016/03/18,6.27,6.51,6.27,6.48,9420484,60948888.00
2016/03/21,6.50,6.63,6.48,6.62,9496474,62872040.00
2016/03/22,6.53,6.62,6.43,6.48,7903330,52161200.00
2016/03/23,6.49,6.54,6.45,6.50,4647217,30458738.00
2016/03/24,6.48,6.48,6.34,6.37,6326433,41019248.00
2016/03/25,6.33,6.44,6.33,6.44,3568882,23083762.00
2016/03/28,6.46,6.56,6.38,6.48,5945209,39080672.00
2016/03/29,6.44,6.47,6.23,6.32,3925523,25155536.00
2016/03/30,6.33,6.57,6.33,6.54,5840567,38262504.00
2016/03/31,6.58,6.60,6.46,6.59,5552282,36583728.00
2016/04/01,6.57,6.61,6.46,6.60,5451583,35984712.00
2016/04/05,6.59,6.81,6.56,6.79,9760236,66543412.00
2016/04/06,6.73,6.79,6.66,6.75,5178843,35204316.00
2016/04/07,6.79,6.81,6.57,6.60,5738263,38609920.00
2016/04/08,6.56,6.59,6.46,6.58,4040793,26612808.00
2016/04/11,6.61,6.73,6.61,6.70,4705878,31797836.00
2016/04/12,6.66,6.96,6.59,6.80,12318708,84920832.00
2016/04/13,6.82,6.91,6.78,6.79,8938675,61898124.00
2016/04/14,6.81,6.87,6.77,6.84,5178525,35721376.00
2016/04/15,6.84,6.90,6.80,6.85,5471033,37883208.00
2016/04/18,6.81,6.83,6.66,6.74,4411118,30028006.00
2016/04/19,6.74,6.81,6.68,6.76,3510483,23881868.00
2016/04/20,6.73,6.79,6.34,6.45,7069420,46619520.00
2016/04/21,6.41,6.66,6.38,6.41,5197526,34349160.00
2016/04/22,6.42,6.50,6.34,6.49,2979120,19353592.00
2016/04/25,6.48,6.51,6.33,6.49,2629097,17086260.00
2016/04/26,6.48,6.61,6.46,6.59,2675795,17622016.00
2016/04/27,6.71,6.91,6.65,6.75,10342518,71168984.00
2016/04/28,6.71,6.74,6.50,6.66,5233497,34968208.00
2016/04/29,6.60,6.69,6.59,6.66,3838182,25803504.00
2016/05/03,6.70,6.81,6.60,6.78,6447495,43997408.00
2016/05/04,6.74,6.88,6.73,6.80,7057173,48581500.00
2016/05/05,6.74,6.82,6.72,6.80,4087424,27973012.00
2016/05/06,6.79,6.85,6.52,6.53,6559430,44363024.00
2016/05/09,6.42,6.54,6.19,6.26,4568905,29297908.00
2016/05/10,6.27,6.37,6.17,6.33,4908419,31036172.00
2016/05/11,6.33,6.34,6.20,6.21,3852232,24340216.00
2016/05/12,6.15,6.19,6.03,6.18,3236289,20002340.00
2016/05/13,6.19,6.21,6.10,6.20,2564028,15980601.00
2016/05/16,6.14,6.25,6.13,6.24,2311739,14467240.00
2016/05/17,6.22,6.28,6.14,6.19,2775320,17384412.00
2016/05/18,6.18,6.24,5.92,6.12,7352381,45101152.00
2016/05/19,6.07,6.18,6.04,6.07,3093335,19133026.00
2016/05/20,6.01,6.13,6.00,6.11,2511973,15411186.00
2016/05/23,6.10,6.16,6.10,6.13,2708912,16789708.00
2016/05/24,6.11,6.13,6.02,6.06,2269530,13918796.00
2016/05/25,6.08,6.13,6.03,6.05,1768973,10884210.00
2016/05/26,6.06,6.10,5.98,6.08,3256674,19893844.00
2016/05/27,6.04,6.14,6.03,6.12,2640796,16290613.00
2016/05/30,6.11,6.14,6.01,6.09,1958589,12062281.00
2016/05/31,6.10,6.31,6.10,6.26,7244708,45566216.00
2016/06/01,6.26,6.30,6.23,6.24,5641386,35741172.00
2016/06/02,6.26,6.69,6.21,6.52,16779471,110449400.00
2016/06/03,6.44,6.49,6.31,6.41,10995491,70794400.00
2016/06/06,6.38,6.42,6.33,6.39,5026288,32364850.00
2016/06/07,6.38,6.38,6.28,6.31,4154962,26512740.00
2016/06/08,6.36,6.36,6.26,6.31,3969917,25329836.00
2016/06/13,6.24,6.24,5.95,5.98,5083100,31468940.00
2016/06/14,6.11,6.11,5.96,6.01,3322963,20208840.00
2016/06/15,5.95,6.17,5.94,6.15,5002845,30869672.00
2016/06/16,6.13,6.16,6.03,6.07,3989411,24624114.00
2016/06/17,6.10,6.16,6.04,6.08,3505618,21670158.00
2016/06/20,6.09,6.15,6.04,6.14,3271196,20151614.00
2016/06/21,6.15,6.18,6.05,6.07,3737599,23121576.00
2016/06/22,6.07,6.13,6.03,6.12,3511844,21594704.00
2016/06/23,6.11,6.16,6.04,6.12,3898492,24028280.00
2016/06/24,6.11,6.14,5.86,6.00,4479277,27352868.00
2016/06/27,5.96,6.11,5.95,6.11,2957206,18128184.00
2016/06/28,6.16,6.17,6.09,6.16,4337220,26874582.00
2016/06/29,6.17,6.21,6.13,6.20,5478305,34216232.00
2016/06/30,6.20,6.22,6.14,6.16,3634432,22666150.00
2016/07/01,6.19,6.22,6.16,6.18,3529275,22083654.00
2016/07/04,6.14,6.30,6.14,6.28,5929344,37459688.00
2016/07/05,6.26,6.35,6.26,6.31,5903290,37681728.00
2016/07/06,6.27,6.38,6.27,6.37,5608659,35943292.00
2016/07/07,6.37,6.38,6.26,6.31,4786157,30578736.00
2016/07/08,6.33,6.43,6.28,6.34,4260049,27391216.00
2016/07/11,6.37,6.40,6.29,6.34,4426459,28399952.00
2016/07/12,6.35,6.44,6.28,6.43,6202015,39977092.00
2016/07/13,6.41,6.48,6.40,6.46,5054770,32910304.00
2016/07/14,6.46,6.50,6.42,6.48,3622867,23661388.00
2016/07/15,6.48,6.50,6.43,6.46,3954999,25842334.00
2016/07/18,6.45,6.45,6.32,6.39,3209542,20738532.00
2016/07/19,6.39,6.49,6.35,6.48,3365496,21814510.00
2016/07/20,6.49,6.51,6.42,6.46,3539582,23171088.00
2016/07/21,6.46,6.55,6.44,6.50,4403125,28925266.00
2016/07/22,6.50,6.51,6.35,6.46,4475081,29112444.00
2016/07/25,6.44,6.81,6.42,6.69,16297147,110143480.00
2016/07/26,6.65,6.71,6.57,6.70,7842938,52529156.00
2016/07/27,6.72,7.03,6.39,6.83,24561942,168180384.00
2016/07/28,6.75,7.39,6.74,7.25,28918370,205796992.00
2016/07/29,7.15,7.20,6.98,7.03,15559558,111232536.00
2016/08/01,7.18,7.30,6.95,7.03,23410862,168374880.00
2016/08/02,6.95,7.52,6.87,7.42,23838344,172499744.00
2016/08/03,7.31,7.55,7.27,7.33,19548066,145801248.00
2016/08/04,7.29,7.41,7.16,7.21,12149643,88902648.00
2016/08/05,7.20,7.38,7.18,7.21,9515361,69913144.00
2016/08/08,7.33,7.59,7.27,7.39,13561841,101292736.00
2016/08/09,7.42,7.56,7.25,7.48,13825163,103842440.00
2016/08/10,7.42,7.67,7.33,7.35,15358190,116391408.00
2016/08/11,7.28,7.71,7.13,7.63,29210967,220485504.00
2016/08/12,7.55,7.68,7.48,7.61,13475142,102942464.00
2016/08/15,7.66,7.76,7.58,7.68,13851003,107137936.00
2016/08/16,7.66,7.77,7.63,7.74,9566092,74347072.00
2016/08/17,7.70,8.06,7.68,7.92,15542571,123880688.00
2016/08/18,7.93,8.16,7.83,7.88,11626899,93557000.00
2016/08/19,7.89,8.08,7.83,7.97,7880142,63125468.00
2016/08/22,8.02,8.27,8.02,8.12,11747654,96672384.00
2016/08/23,8.13,8.27,8.03,8.10,9520703,78201272.00
2016/08/24,8.11,8.18,7.93,8.00,10264375,83334904.00
2016/08/25,7.95,7.96,7.69,7.85,11135003,87671912.00
2016/08/26,7.85,7.99,7.84,7.87,5583056,44498664.00
2016/08/29,7.86,7.92,7.75,7.91,6002316,47570812.00
2016/08/30,7.89,7.94,7.84,7.90,3800848,30231648.00
2016/08/31,7.88,7.90,7.78,7.86,5119575,40440992.00
2016/09/01,7.86,7.92,7.62,7.71,6258800,49294428.00
2016/09/02,7.71,7.77,7.53,7.62,6316704,48823532.00
2016/09/05,7.60,7.71,7.58,7.64,5026300,38820516.00
2016/09/06,7.59,7.73,7.44,7.72,6933927,53111496.00
2016/09/07,7.72,7.73,7.59,7.62,6458085,49889416.00
2016/09/08,7.61,7.66,7.58,7.59,4223075,32472344.00
2016/09/09,7.61,7.77,7.52,7.64,6994597,54147840.00
2016/09/12,7.39,7.56,7.26,7.32,6531487,48866984.00
2016/09/13,7.38,7.46,7.31,7.37,3409602,25343160.00
2016/09/14,7.36,7.51,7.32,7.44,4688501,35155912.00
2016/09/19,7.44,7.48,7.37,7.45,2470002,18540132.00
2016/09/20,7.46,7.52,7.37,7.41,2516507,18843764.00
2016/09/21,7.42,7.48,7.38,7.42,3111000,23374416.00
2016/09/22,7.52,7.68,7.46,7.57,6591183,50540896.00
2016/09/23,7.51,7.60,7.47,7.51,3506747,26607490.00
2016/09/26,7.49,7.51,7.03,7.06,9953017,73395648.00
2016/09/27,7.23,7.29,7.08,7.26,3976374,28797972.00
2016/09/28,7.24,7.24,7.11,7.16,3370571,24370480.00
2016/09/29,7.17,7.26,7.16,7.19,2644532,19263140.00
2016/09/30,7.19,7.35,7.14,7.31,4665195,34100840.00
2016/10/10,7.38,7.56,7.38,7.51,6290698,47628872.00
2016/10/11,7.54,7.58,7.46,7.52,3606566,27391520.00
2016/10/12,7.54,7.59,7.49,7.56,2970299,22648356.00
2016/10/13,7.54,7.59,7.44,7.48,2641369,20017756.00
2016/10/14,7.49,7.54,7.41,7.43,3237974,24405236.00
2016/10/17,7.45,7.55,7.33,7.40,4697900,35383180.00
2016/10/18,7.42,7.60,7.41,7.59,5793485,44057360.00
2016/10/19,7.61,7.66,7.58,7.61,4084116,31393396.00
2016/10/20,7.60,7.72,7.54,7.71,4647275,35836768.00
2016/10/21,7.78,7.82,7.43,7.54,5988950,46121172.00
2016/10/24,7.53,7.61,7.47,7.57,4834049,36808424.00
2016/10/25,7.58,7.63,7.54,7.60,3180495,24326978.00
2016/10/26,7.59,7.63,7.49,7.56,3900047,29705900.00
2016/10/27,7.54,7.60,7.53,7.59,2738238,20924556.00
2016/10/28,7.56,7.61,7.43,7.47,3999200,30302000.00
2016/10/31,7.47,7.47,7.27,7.43,5390665,40018096.00
2016/11/01,7.44,7.62,7.39,7.61,6132798,46663916.00
2016/11/02,7.61,7.88,7.58,7.67,9320676,72889328.00
2016/11/03,7.62,7.78,7.62,7.68,7587899,59076828.00
2016/11/04,7.67,7.74,7.63,7.67,4440668,34422228.00
2016/11/07,7.81,8.07,7.81,7.95,15238263,122321952.00
2016/11/08,7.93,8.00,7.78,7.90,9151743,72658280.00
2016/11/09,7.84,7.92,7.63,7.75,6116715,48068520.00
2016/11/10,7.74,7.91,7.74,7.83,4092504,32281664.00
2016/11/11,7.88,7.88,7.75,7.81,4705718,37027792.00
2016/11/14,7.79,7.84,7.71,7.76,5492404,42957528.00
2016/11/15,7.78,7.84,7.72,7.83,5823209,45790256.00
2016/11/16,7.84,8.03,7.80,7.99,11067712,88521096.00
2016/11/17,7.93,7.99,7.79,7.83,8842967,69988864.00
2016/11/18,7.83,7.85,7.75,7.79,4413623,34737256.00
2016/11/21,7.74,7.86,7.74,7.83,4763755,37565300.00
2016/11/22,7.83,7.90,7.78,7.90,6393665,50688828.00
2016/11/23,7.87,7.89,7.76,7.79,5352038,42187388.00
2016/11/24,7.78,7.84,7.59,7.64,9268965,72217088.00
2016/11/25,7.67,7.69,7.43,7.55,7122777,54052776.00
2016/11/28,7.58,7.64,7.46,7.60,6873333,52544912.00
2016/11/29,7.60,7.60,7.42,7.43,5432524,41201776.00
2016/11/30,7.43,7.49,7.40,7.41,3885142,29183968.00
2016/12/01,7.45,7.53,7.39,7.45,4879339,36662364.00
2016/12/02,7.45,7.48,7.22,7.24,4129242,30623308.00
2016/12/05,7.17,7.27,7.15,7.26,3667469,26726934.00
2016/12/06,7.28,7.33,7.25,7.30,2678593,19734646.00
2016/12/07,7.28,7.42,7.25,7.40,3520489,26065480.00
2016/12/08,7.40,7.44,7.37,7.40,2691804,20128244.00
2016/12/09,7.42,7.46,7.36,7.37,2270400,16988190.00
2016/12/12,7.41,7.47,7.06,7.08,4589800,33617564.00
2016/12/13,7.02,7.26,7.01,7.25,3736608,26887386.00
2016/12/14,7.23,7.59,7.17,7.47,8795545,65764484.00
2016/12/15,7.46,7.76,7.41,7.66,10052870,77341184.00
2016/12/16,7.65,8.43,7.61,8.43,28188573,231589936.00
2016/12/19,8.63,9.10,8.53,8.76,49807977,439282880.00
2016/12/20,8.57,8.67,8.21,8.40,27224918,231416064.00
2016/12/21,8.40,8.46,8.17,8.39,20881983,174968592.00
2016/12/22,8.38,8.51,8.20,8.42,21718268,183578384.00
2016/12/23,8.39,8.39,8.02,8.09,21310498,175590848.00
2016/12/26,8.03,8.23,7.98,8.21,12425731,101374832.00
2016/12/27,8.18,8.39,8.12,8.28,15123706,125775968.00
2016/12/28,8.23,8.30,8.06,8.10,10972357,90405296.00
2016/12/29,8.11,8.22,8.07,8.16,7859220,64554164.00
2016/12/30,8.15,8.22,8.00,8.02,9968278,81687552.00
2017/01/03,8.04,8.11,7.91,8.10,11396051,92322208.00
2017/01/04,8.09,8.36,8.04,8.35,18097123,150021568.00
2017/01/05,8.35,8.40,8.20,8.29,16767755,140438336.00
2017/01/06,8.27,8.57,8.23,8.37,17913695,151782112.00
2017/01/09,8.34,8.46,8.26,8.41,12347507,104096032.00
2017/01/10,8.39,8.51,8.25,8.26,11146600,94364704.00
2017/01/11,8.25,8.32,7.98,8.00,10312219,84345456.00
2017/01/12,8.01,8.07,7.95,7.97,5531673,44677976.00
2017/01/13,7.93,8.02,7.82,7.85,7323349,58423664.00
2017/01/16,7.89,7.93,7.18,7.55,8550052,66645820.00
2017/01/17,7.51,7.62,7.47,7.60,3758564,28645882.00
2017/01/18,7.51,7.75,7.51,7.64,4623039,35767352.00
2017/01/19,7.73,8.11,7.72,7.81,10281285,82163256.00
2017/01/20,7.74,7.98,7.65,7.92,7069229,55718732.00
2017/01/23,7.86,8.10,7.86,8.04,7000693,56580264.00
2017/01/24,8.07,8.13,7.97,7.99,4394798,35538024.00
2017/01/25,7.98,8.18,7.94,8.10,6235801,50925736.00
2017/01/26,8.11,8.23,8.06,8.16,4428177,36299632.00
2017/02/03,8.21,8.24,8.03,8.08,5659625,46363824.00
2017/02/06,8.07,8.22,8.06,8.21,5197634,42745568.00
2017/02/07,8.20,8.25,8.08,8.21,6140443,50522952.00
2017/02/08,8.19,8.26,8.00,8.25,11380147,93096512.00
2017/02/09,8.20,8.31,8.19,8.22,9249519,76827304.00
2017/02/10,8.22,9.05,8.21,9.05,34458396,303477856.00
2017/02/13,9.38,9.69,8.80,8.97,62556804,580476160.00
2017/02/14,8.81,9.53,8.73,9.43,50981370,468930048.00
2017/02/15,9.23,10.20,9.05,9.62,61392282,592662784.00
2017/02/16,9.45,9.67,9.27,9.46,39186758,373274144.00
2017/02/17,9.43,9.43,9.09,9.19,30472289,282592224.00
2017/02/20,9.08,9.32,9.08,9.31,23603908,219314032.00
2017/02/21,9.29,9.43,9.17,9.26,16680248,155913376.00
2017/02/22,9.24,9.61,9.08,9.54,33555469,318230464.00
2017/02/23,9.54,9.91,9.20,9.30,31292579,301720128.00
2017/02/24,9.15,9.18,8.95,9.08,20316245,185406064.00
2017/02/27,9.00,9.13,8.97,9.02,10074254,91847664.00
2017/02/28,9.04,9.11,8.93,9.01,9203241,83513384.00
2017/03/01,9.01,9.23,8.98,9.11,12126803,111117920.00
2017/03/02,9.13,9.18,8.95,9.00,9723890,88391400.00
2017/03/03,8.99,8.99,8.71,8.75,11090004,98371664.00
2017/03/06,8.68,8.82,8.68,8.79,6491150,57315532.00
2017/03/07,8.74,8.84,8.74,8.79,5073480,44911116.00
2017/03/08,8.79,8.80,8.60,8.64,6427396,56417772.00
2017/03/09,8.58,8.63,8.45,8.52,6193300,53201616.00
2017/03/10,8.49,8.64,8.49,8.55,5962326,51499848.00
2017/03/13,8.57,8.64,8.46,8.63,5387297,46455824.00
2017/03/14,8.63,8.87,8.63,8.81,9371859,83041400.00
2017/03/15,8.80,8.80,8.63,8.67,6288526,55144920.00
2017/03/16,8.67,8.81,8.66,8.76,6795038,59939756.00
2017/03/17,8.75,8.79,8.53,8.54,7491000,65380324.00
2017/03/20,8.53,8.59,8.38,8.55,6612817,56615120.00
2017/03/21,8.55,8.63,8.37,8.41,8816340,75442448.00
2017/03/22,8.38,8.46,8.12,8.23,12507107,104115040.00
2017/03/23,8.20,8.26,8.05,8.22,6824769,56320000.00
2017/03/24,8.22,8.51,8.22,8.51,12124350,102751648.00
2017/03/27,8.49,8.62,8.41,8.42,7041535,60237812.00
2017/03/28,8.42,8.61,8.38,8.60,6953305,59452240.00
2017/03/29,8.69,8.71,8.45,8.52,8649084,74819296.00
2017/03/30,8.45,8.45,8.08,8.15,9997619,83179824.00
2017/03/31,8.17,8.26,8.08,8.23,6842240,56466132.00
2017/04/05,8.24,8.53,8.22,8.52,10967605,93292776.00
2017/04/06,8.52,8.68,8.48,8.60,11541705,99978680.00
2017/04/07,8.56,8.66,8.48,8.66,8645509,74633264.00
2017/04/10,8.66,8.87,8.54,8.75,17605819,154953040.00
2017/04/11,8.73,8.83,8.53,8.78,13588101,118742400.00
2017/04/12,8.75,8.78,8.61,8.63,8659048,75829224.00
2017/04/13,8.63,8.77,8.57,8.72,7787412,68326600.00
2017/04/14,8.72,8.73,8.27,8.33,12890366,109496224.00
2017/04/17,8.27,8.41,8.18,8.32,6536685,54710128.00
2017/04/18,8.25,8.41,7.91,7.94,8968337,73856840.00
2017/04/19,7.91,7.93,7.46,7.68,10398420,80069472.00
2017/04/20,7.60,7.74,7.55,7.69,5657058,43770336.00
2017/04/21,7.66,7.75,7.38,7.43,5483743,41679568.00
2017/04/24,7.43,7.46,7.14,7.15,5539710,40511848.00
2017/04/25,7.16,7.25,7.05,7.15,4491772,32489016.00
2017/04/26,7.16,7.21,7.11,7.13,3204257,23148404.00
2017/04/27,7.13,7.14,6.72,7.12,7227496,50861848.00
2017/04/28,7.08,7.20,7.05,7.20,5073728,36610848.00
2017/05/02,7.20,7.21,6.97,7.03,7029589,50187776.00
2017/05/03,7.02,7.22,6.93,7.12,7048531,50433796.00
2017/05/04,7.07,7.18,6.99,7.05,4606668,32985314.00
2017/05/05,7.08,7.10,6.80,6.83,4543269,31972250.00
2017/05/08,6.81,6.89,6.66,6.69,4207814,28795282.00
2017/05/09,6.65,6.84,6.64,6.80,4371317,29824726.00
2017/05/10,6.79,6.88,6.58,6.59,3256026,22214572.00
2017/05/11,6.61,6.63,6.15,6.41,5720141,36944784.00
2017/05/12,6.40,6.53,6.34,6.48,3773657,24577910.00
2017/05/15,6.46,6.57,6.41,6.42,3023643,19810440.00
2017/05/16,6.42,6.58,6.30,6.58,4189341,27200392.00
2017/05/17,6.58,6.74,6.50,6.68,4583514,30872152.00
2017/05/18,6.60,6.78,6.57,6.61,3659913,24665588.00
2017/05/19,6.63,6.70,6.59,6.68,2741144,18425484.00
2017/05/22,6.66,6.67,6.43,6.44,3771155,24932326.00
2017/05/23,6.45,6.48,6.08,6.08,4456200,28189148.00
2017/05/24,6.10,6.15,5.97,6.12,3762032,23126704.00
2017/05/25,6.14,6.26,6.02,6.19,2863725,17781506.00
2017/05/26,6.22,6.28,6.17,6.23,2956483,18600284.00
2017/05/31,6.30,6.41,6.19,6.19,3709600,23693052.00
2017/06/01,6.20,6.25,6.06,6.09,2844623,17693676.00
2017/06/02,6.05,6.16,5.95,6.16,3225280,19791080.00
2017/06/05,6.16,6.24,6.16,6.23,2690319,16901760.00
2017/06/06,6.23,6.29,6.18,6.24,2456523,15459554.00
2017/06/07,6.27,6.41,6.24,6.39,3779149,24205736.00
2017/06/08,6.39,6.71,6.37,6.69,6596445,43412564.00
2017/06/09,6.60,7.03,6.57,6.69,13297778,90977304.00
2017/06/12,6.67,6.71,6.45,6.46,6964949,46080916.00
2017/06/13,6.44,6.62,6.40,6.51,4408496,29023658.00
2017/06/14,6.51,6.53,6.44,6.48,4015081,26281964.00
2017/06/15,6.48,6.60,6.44,6.55,4323218,28556908.00
2017/06/16,6.55,6.71,6.53,6.62,4705544,31601984.00
2017/06/19,6.60,6.73,6.60,6.67,2772665,18642806.00
2017/06/20,6.68,6.71,6.60,6.62,2926801,19665728.00
2017/06/21,6.63,6.80,6.59,6.71,5129595,34730808.00
2017/06/22,6.67,6.98,6.60,6.64,9315989,63963916.00
2017/06/23,6.72,6.72,6.40,6.55,5940550,39245736.00
2017/06/26,6.54,6.62,6.48,6.60,3703682,24547822.00
2017/06/27,6.61,6.66,6.57,6.62,2931311,19584968.00
2017/06/28,6.62,6.66,6.56,6.59,2414009,16113142.00
2017/06/29,6.59,6.64,6.58,6.63,3226309,21555744.00
2017/06/30,6.62,6.67,6.58,6.66,2890597,19356264.00
2017/07/03,6.66,6.76,6.63,6.74,4086595,27629416.00
2017/07/04,6.74,6.74,6.65,6.66,3988335,26930352.00
2017/07/05,6.65,6.81,6.65,6.74,3739741,25418316.00
2017/07/06,6.76,6.77,6.62,6.71,4286957,29002128.00
2017/07/07,6.67,6.87,6.63,6.82,6354783,43546632.00
2017/07/10,6.80,7.11,6.78,6.98,12001698,84304328.00
2017/07/11,6.95,7.16,6.90,6.93,8297280,58863632.00
2017/07/12,6.91,6.98,6.75,6.84,5492620,37912596.00
2017/07/13,6.86,6.96,6.79,6.96,4869835,33908344.00
2017/07/14,6.97,7.13,6.95,7.10,10261082,73312624.00
2017/07/17,7.08,7.08,6.54,6.58,9456232,64575024.00
2017/07/18,6.56,6.68,6.48,6.67,4031017,26813816.00
2017/07/19,6.72,7.34,6.71,7.34,32719565,240221920.00
2017/07/20,7.55,7.55,7.21,7.41,35261920,262326272.00
2017/07/21,7.28,7.33,7.16,7.24,14572143,106357120.00
2017/07/24,7.18,7.36,7.08,7.34,14946420,107655256.00
2017/07/25,7.30,7.35,7.15,7.21,9194772,66496556.00
2017/07/26,7.16,7.26,7.02,7.11,8581012,60963596.00
2017/07/27,7.11,7.21,7.06,7.21,7688412,54900520.00
2017/07/28,7.15,7.21,7.09,7.09,5847000,41664636.00
2017/08/02,7.14,7.14,7.14,7.14,0,0.00
数据来源:通达信
