600501 航天晨光 日线 前复权
      日期	    开盘	    最高	    最低	    收盘	    成交量	    成交额
2010/10/08,10.63,10.74,10.46,10.59,7135226,92527688.00
2010/10/11,10.56,10.87,10.30,10.47,10172231,131479264.00
2010/10/12,10.44,10.86,10.36,10.79,12967617,169848688.00
2010/10/13,10.78,10.78,10.21,10.43,11058967,140716256.00
2010/10/14,10.49,10.57,9.83,9.84,10901277,135347568.00
2010/10/15,9.80,10.04,9.71,9.95,7118213,86120664.00
2010/10/18,9.92,10.21,9.51,10.09,9198062,110935656.00
2010/10/19,9.96,10.33,9.93,10.24,6619710,82745608.00
2010/10/20,9.96,10.54,9.93,10.31,7918846,100110040.00
2010/10/21,10.44,10.53,10.20,10.47,7208103,91597072.00
2010/10/22,10.54,10.78,10.46,10.49,10179193,132186864.00
2010/10/25,10.46,11.04,10.36,11.02,15561326,205600640.00
2010/10/26,10.89,11.34,10.83,11.23,14611491,197795280.00
2010/10/27,11.20,11.59,10.96,11.03,14231865,195413984.00
2010/10/28,10.95,11.76,10.93,11.62,15363017,214886416.00
2010/10/29,11.50,12.27,11.36,11.89,19798417,286229888.00
2010/11/01,11.88,12.46,11.88,11.98,20283597,300050016.00
2010/11/02,11.88,12.94,11.75,12.71,19541999,298594912.00
2010/11/03,12.71,13.01,11.88,11.90,16830738,256523504.00
2010/11/04,12.11,13.11,12.09,13.11,12106567,189771648.00
2010/11/05,14.44,14.44,14.44,14.44,4281514,75269016.00
2010/11/08,15.39,15.62,13.99,14.79,47260076,853026624.00
2010/11/09,14.19,14.68,13.88,14.20,22695342,392523264.00
2010/11/10,14.17,14.61,13.97,14.24,15428088,268723328.00
2010/11/11,14.13,14.36,13.67,13.79,18004817,305820128.00
2010/11/12,13.49,13.69,12.39,12.40,18187436,286313344.00
2010/11/15,12.56,12.69,12.05,12.66,10060520,152977232.00
2010/11/16,12.54,12.92,11.89,12.01,10903455,165105024.00
2010/11/17,11.74,12.29,11.54,11.67,7447324,108577864.00
2010/11/18,11.88,11.97,11.65,11.92,6426011,92954424.00
2010/11/19,12.03,12.60,11.64,12.45,11176594,164994992.00
2010/11/22,12.22,12.69,12.13,12.39,9683947,146634640.00
2010/11/23,12.21,12.25,11.36,11.64,8937626,127967496.00
2010/11/24,11.99,12.27,11.82,12.15,8610716,126753360.00
2010/11/25,12.14,13.39,12.04,13.39,22470419,354605056.00
2010/11/26,13.29,14.38,13.00,13.79,30119028,501196352.00
2010/11/29,13.64,13.94,13.38,13.50,12413144,205740256.00
2010/11/30,13.47,13.88,12.22,12.78,13610555,214264656.00
2010/12/01,12.67,13.53,12.55,13.21,10517957,167500720.00
2010/12/02,13.29,13.53,13.03,13.05,8450705,136540592.00
2010/12/03,12.88,13.13,12.38,12.68,6195076,96036584.00
2010/12/06,12.54,12.80,12.18,12.68,8767542,133308672.00
2010/12/07,12.44,12.71,12.14,12.54,6048128,91885024.00
2010/12/08,12.54,13.14,12.42,12.97,8114439,126546200.00
2010/12/09,12.82,12.94,12.29,12.30,5936620,90857416.00
2010/12/10,12.18,12.58,12.00,12.39,3785877,56920108.00
2010/12/13,12.46,13.11,12.46,12.99,7285530,114159320.00
2010/12/14,13.00,13.67,12.88,13.64,12637262,204400016.00
2010/12/15,13.50,13.61,13.25,13.34,10469400,170978160.00
2010/12/16,13.38,13.64,13.28,13.41,8094322,132894128.00
2010/12/17,13.54,13.65,13.38,13.49,6886380,113473504.00
2010/12/20,13.87,14.46,13.13,13.89,23265726,395337376.00
2010/12/21,13.53,13.62,13.21,13.48,12353847,201758432.00
2010/12/22,13.45,13.76,13.25,13.60,9713906,159789120.00
2010/12/23,13.54,13.59,12.79,12.90,7706063,124277712.00
2010/12/24,12.74,12.79,12.28,12.42,6451999,97936328.00
2010/12/27,12.51,12.66,11.75,11.77,5612615,83605496.00
2010/12/28,11.64,11.94,11.51,11.61,3598291,51437228.00
2010/12/29,11.59,11.95,11.46,11.89,3243617,46553072.00
2010/12/30,11.89,11.90,11.54,11.71,2955372,42244680.00
2010/12/31,11.75,12.00,11.73,11.97,3435229,49844148.00
2011/01/04,12.09,12.22,11.88,12.15,4000775,58913724.00
2011/01/05,12.10,12.29,11.94,12.19,5152850,76217368.00
2011/01/06,12.63,13.04,12.42,12.45,8289978,128555736.00
2011/01/07,12.46,12.58,12.15,12.26,4629986,69836480.00
2011/01/10,12.21,12.46,11.81,11.86,3321521,49425196.00
2011/01/11,11.67,11.79,11.44,11.78,3366643,47781636.00
2011/01/12,11.80,11.92,11.48,11.72,2413871,34498504.00
2011/01/13,11.78,11.86,11.52,11.76,2609545,37169956.00
2011/01/14,11.75,11.75,11.10,11.19,3998989,55358564.00
2011/01/17,11.11,11.11,10.36,10.46,3829465,49777216.00
2011/01/18,10.29,10.59,10.21,10.48,2166085,27676308.00
2011/01/19,10.52,10.79,10.40,10.72,2969815,38575184.00
2011/01/20,10.70,10.81,10.26,10.29,3229421,41659020.00
2011/01/21,10.21,10.55,10.17,10.32,2514096,31861524.00
2011/01/24,10.28,10.67,10.04,10.07,2800230,35174096.00
2011/01/25,10.03,10.05,9.60,9.78,2527976,30222544.00
2011/01/26,9.76,10.31,9.64,10.25,3840804,47206256.00
2011/01/27,10.13,10.63,10.10,10.60,3814390,48792016.00
2011/01/28,10.63,11.67,10.54,11.00,7863029,106451104.00
2011/01/31,10.96,11.20,10.62,11.01,5120269,67983360.00
2011/02/01,11.02,11.09,10.79,10.81,2333638,30969816.00
2011/02/09,10.84,11.09,10.71,10.97,3199082,42555964.00
2011/02/10,10.88,11.19,10.80,11.18,3837446,51917500.00
2011/02/11,11.18,11.32,11.08,11.20,3910843,53652064.00
2011/02/14,11.19,11.45,11.13,11.35,4414796,61049056.00
2011/02/15,11.29,11.69,11.28,11.34,5880479,82806448.00
2011/02/16,11.35,11.65,11.25,11.64,4528498,63708132.00
2011/02/17,11.71,11.99,11.53,11.94,8239861,118684512.00
2011/02/18,11.84,11.95,11.59,11.60,5808998,82984816.00
2011/02/21,11.50,11.87,11.39,11.77,4095502,58436844.00
2011/02/22,11.75,11.84,11.25,11.39,6606254,92776144.00
2011/02/23,11.36,11.74,11.29,11.74,5861112,82868840.00
2011/02/24,11.74,12.09,11.65,12.08,8301091,120334880.00
2011/02/25,12.08,12.46,11.87,11.90,9528173,140992544.00
2011/02/28,11.92,12.21,11.75,12.14,6117611,89341424.00
2011/03/01,12.11,12.19,11.81,11.97,5413926,79551176.00
2011/03/02,11.96,11.96,11.54,11.81,5069891,72407704.00
2011/03/03,11.79,12.11,11.73,11.95,7032791,102290088.00
2011/03/04,11.88,12.27,11.88,12.23,9450174,139840704.00
2011/03/07,12.20,12.36,12.08,12.32,9392724,140340896.00
2011/03/08,12.29,12.62,12.22,12.49,7119194,107936824.00
2011/03/09,12.49,12.70,12.30,12.44,6712519,102175720.00
2011/03/10,12.38,12.39,12.04,12.13,5512962,81957920.00
2011/03/11,11.99,12.24,11.99,12.02,3529669,52233744.00
2011/03/14,11.88,12.03,11.76,11.98,4461989,64666516.00
2011/03/15,11.88,11.94,11.38,11.72,5419573,76966024.00
2011/03/16,11.75,11.96,11.64,11.84,4449226,64184176.00
2011/03/17,11.79,11.95,11.45,11.54,4051954,57575380.00
2011/03/18,11.63,11.80,11.52,11.71,3115319,44342788.00
2011/03/21,11.92,12.17,11.82,11.86,5785189,84569264.00
2011/03/22,11.90,11.96,11.61,11.67,3047748,43637204.00
2011/03/23,11.71,11.99,11.67,11.95,3349299,48364156.00
2011/03/24,11.92,12.18,11.89,12.04,5409352,79626736.00
2011/03/25,12.09,12.45,11.92,12.43,9034731,134795392.00
2011/03/28,12.53,13.38,12.33,12.88,18630810,291236352.00
2011/03/29,12.71,13.36,12.67,12.87,16122910,254509296.00
2011/03/30,12.71,13.24,12.38,12.44,8070539,124560816.00
2011/03/31,12.40,12.42,11.88,11.89,5656470,83347680.00
2011/04/01,11.89,12.12,11.71,11.99,3318901,48487124.00
2011/04/06,11.94,12.12,11.69,12.10,3891233,56244956.00
2011/04/07,12.03,12.21,11.94,12.19,3012125,44539872.00
2011/04/08,12.21,12.53,12.13,12.39,3913408,59127088.00
2011/04/11,12.38,12.46,11.97,12.00,4001071,59492852.00
2011/04/12,12.00,12.11,11.65,11.78,4619502,66811752.00
2011/04/13,11.71,11.96,11.71,11.92,2065302,29895676.00
2011/04/14,11.92,11.99,11.72,11.73,2557468,36974472.00
2011/04/15,11.71,11.84,11.46,11.76,3423631,48607440.00
2011/04/18,11.71,12.46,11.67,12.29,7313839,108774736.00
2011/04/19,12.17,12.34,12.04,12.14,5076551,75555032.00
2011/04/20,12.18,12.38,12.09,12.29,3827961,57361248.00
2011/04/21,12.39,12.42,12.17,12.29,3875768,58020352.00
2011/04/22,12.34,12.42,12.25,12.32,4158292,62602588.00
2011/04/25,12.34,12.37,11.59,11.63,4610963,67235320.00
2011/04/26,11.65,11.70,10.98,11.24,4174619,57433312.00
2011/04/27,11.36,11.39,10.94,11.08,2125853,29105288.00
2011/04/28,11.08,11.25,10.61,10.70,2412490,32250672.00
2011/04/29,10.89,10.93,10.70,10.91,1732643,22909714.00
2011/05/03,10.88,11.19,10.82,11.11,2085274,28015376.00
2011/05/04,11.06,11.67,10.86,11.42,6229644,86007272.00
2011/05/05,11.22,11.62,11.09,11.51,5694582,79391760.00
2011/05/06,11.30,12.25,11.21,12.06,9006916,129029880.00
2011/05/09,11.99,12.46,11.88,12.18,9761097,144612320.00
2011/05/10,12.00,12.37,11.88,12.04,5109104,74970016.00
2011/05/11,12.04,12.04,11.61,11.65,4184324,60010968.00
2011/05/12,11.54,11.54,11.13,11.17,4337969,59943200.00
2011/05/13,11.17,11.38,11.05,11.32,2223562,30616160.00
2011/05/16,11.28,11.49,11.27,11.30,1792221,24955278.00
2011/05/17,11.23,11.44,11.04,11.25,2235582,30679788.00
2011/05/18,11.26,11.40,11.18,11.34,1499532,20748388.00
2011/05/19,11.36,11.61,11.34,11.43,2474101,34673648.00
2011/05/20,11.39,11.46,11.07,11.15,1984936,27186416.00
2011/05/23,11.07,11.12,10.64,10.67,2829502,37489228.00
2011/05/24,10.63,10.80,10.62,10.78,1473753,19308432.00
2011/05/25,10.79,10.84,10.30,10.33,2064622,26658644.00
2011/05/26,10.43,10.57,10.14,10.17,1773320,22386788.00
2011/05/30,9.79,9.94,9.66,9.80,1751768,21083336.00
2011/05/31,9.87,10.05,9.75,10.04,1451829,17617432.00
2011/06/01,10.11,10.13,9.99,10.09,1278736,15766550.00
2011/06/02,10.00,10.00,9.63,9.87,1786984,21511742.00
2011/06/03,9.87,10.18,9.87,10.08,1813899,22372178.00
2011/06/07,10.08,10.15,10.00,10.10,1260396,15574861.00
2011/06/08,10.11,10.34,9.96,10.13,1571320,19422908.00
2011/06/09,10.12,10.22,9.79,9.80,1753457,21561952.00
2011/06/10,9.81,10.21,9.67,10.07,2684856,32624542.00
2011/06/13,9.94,10.46,9.82,10.29,3910541,49248424.00
2011/06/14,10.17,10.40,10.10,10.34,2690765,33827636.00
2011/06/15,10.31,10.34,10.14,10.14,1656518,20748148.00
2011/06/16,10.04,10.14,9.72,9.79,1843313,22340480.00
2011/06/17,9.79,10.01,9.71,9.81,1506111,18144308.00
2011/06/20,9.88,9.94,9.46,9.54,1772485,21016156.00
2011/06/21,9.55,9.73,9.55,9.73,1228232,14528824.00
2011/06/22,9.77,9.90,9.69,9.71,1317743,15801548.00
2011/06/23,9.69,9.84,9.56,9.82,1237147,14744209.00
2011/06/24,9.79,10.25,9.74,10.16,3724662,46028652.00
2011/06/27,10.18,10.65,10.13,10.54,5069582,64640172.00
2011/06/28,10.54,10.54,10.34,10.46,3070682,39167352.00
2011/06/29,10.47,10.68,10.38,10.44,3373706,43415900.00
2011/06/30,10.47,10.57,10.40,10.52,2571610,33057564.00
2011/07/01,10.63,10.69,10.35,10.36,3082615,39660304.00
2011/07/04,10.43,10.60,10.43,10.56,2760546,35556484.00
2011/07/05,10.57,10.86,10.55,10.68,4152781,54357020.00
2011/07/06,10.64,10.75,10.50,10.74,2806914,36453824.00
2011/07/07,10.74,10.92,10.63,10.64,3742897,49236464.00
2011/07/08,10.65,10.79,10.53,10.62,1973583,25662862.00
2011/07/11,10.67,11.02,10.64,10.99,4030498,53733416.00
2011/07/12,10.88,11.12,10.84,10.99,4524228,60908528.00
2011/07/13,10.99,11.43,10.93,11.39,4886477,66761940.00
2011/07/14,11.34,11.58,11.29,11.39,4158436,57903560.00
2011/07/15,11.30,11.92,11.30,11.89,4308174,51063640.00
2011/07/18,11.88,11.96,11.61,11.65,5987791,71613304.00
2011/07/19,11.61,11.94,11.34,11.85,5817045,68615104.00
2011/07/20,11.85,12.01,11.63,11.99,5642725,68131896.00
2011/07/21,12.02,12.04,11.55,11.58,12190909,146634576.00
2011/07/22,11.49,11.69,11.36,11.47,4481279,52474864.00
2011/07/25,11.51,11.77,10.81,11.03,5814977,67353984.00
2011/07/26,11.02,11.12,10.75,11.09,2651983,29683486.00
2011/07/27,11.11,11.24,10.95,11.16,3018109,34251264.00
2011/07/28,11.08,11.67,10.92,11.54,6674221,76627856.00
2011/07/29,11.53,11.53,11.09,11.12,3311922,38069284.00
2011/08/01,10.99,11.19,10.99,11.09,1569722,17713552.00
2011/08/02,11.10,11.51,10.99,11.15,1943538,22046506.00
2011/08/03,11.01,11.15,10.79,10.98,5381528,60192520.00
2011/08/04,10.95,11.09,10.91,10.97,2247147,25168780.00
2011/08/05,10.66,10.72,10.30,10.47,3214261,34615584.00
2011/08/08,10.31,10.62,9.59,9.77,4665593,47551140.00
2011/08/09,9.45,10.25,8.97,10.16,9235418,91387712.00
2011/08/10,10.20,11.20,10.07,10.75,14298600,156970656.00
2011/08/11,10.38,10.74,10.30,10.52,10257489,109965272.00
2011/08/12,10.56,10.74,10.44,10.50,6394286,68906144.00
2011/08/15,10.51,10.62,10.42,10.57,2843389,30570580.00
2011/08/16,10.57,10.63,10.31,10.32,3218887,34402828.00
2011/08/17,10.25,10.36,10.03,10.15,2068738,21499860.00
2011/08/18,10.14,10.23,9.83,9.88,2287877,23396368.00
2011/08/19,9.63,9.77,9.50,9.70,3187220,31371224.00
2011/08/22,9.71,9.85,9.67,9.79,2276921,22721102.00
2011/08/23,9.84,9.85,9.59,9.84,2238166,22283038.00
2011/08/24,9.94,10.11,9.84,9.90,2953676,30078314.00
2011/08/25,9.92,10.08,9.85,10.08,2427092,24764184.00
2011/08/26,10.04,10.13,9.95,10.07,1740486,17891508.00
2011/08/29,10.06,10.07,9.93,9.93,1616292,16486192.00
2011/08/30,10.06,10.18,9.84,9.86,1766077,18087500.00
2011/08/31,9.93,9.93,9.68,9.78,1704510,17022564.00
2011/09/01,9.86,10.74,9.79,10.55,13420054,141818928.00
2011/09/02,10.37,10.40,10.05,10.15,6190179,64572352.00
2011/09/05,9.85,10.01,9.69,9.85,4567591,46054456.00
2011/09/06,9.78,9.99,9.64,9.96,1836076,18488300.00
2011/09/07,9.96,10.09,9.92,10.06,4454089,45512980.00
2011/09/08,10.07,10.16,9.84,9.87,2710363,27655766.00
2011/09/09,9.91,10.00,9.78,9.86,2164312,21853428.00
2011/09/13,9.69,9.94,9.61,9.87,2297849,22932208.00
2011/09/14,9.98,10.11,9.77,10.08,3019830,30711700.00
2011/09/15,10.15,10.89,10.01,10.58,15212015,163538048.00
2011/09/16,10.59,11.29,10.49,10.89,19616940,218534496.00
2011/09/19,10.89,11.14,10.72,10.93,12984505,144807776.00
2011/09/20,10.88,11.22,10.63,11.14,17774065,199799616.00
2011/09/21,10.94,11.44,10.92,11.27,16675059,189919632.00
2011/09/22,11.12,11.46,10.84,10.92,11737103,133375352.00
2011/09/23,10.61,10.92,10.47,10.80,7878220,85864784.00
2011/09/26,10.74,10.97,10.41,10.53,7132841,77660312.00
2011/09/27,10.67,10.75,10.01,10.23,6912836,72437704.00
2011/09/28,10.29,10.50,10.07,10.48,6167095,64747360.00
2011/09/29,10.29,10.30,9.41,9.42,8834915,87580240.00
2011/09/30,9.39,9.54,8.99,9.04,4947820,46339204.00
2011/10/10,9.11,9.19,9.00,9.02,1773382,16465774.00
2011/10/11,9.25,9.33,8.94,9.06,2620724,24398010.00
2011/10/12,9.04,9.37,8.91,9.31,4486478,42215108.00
2011/10/13,9.28,9.48,9.22,9.41,3841352,36929992.00
2011/10/14,9.41,9.42,9.15,9.26,2670322,25275784.00
2011/10/17,9.32,9.40,9.24,9.40,2655538,25320394.00
2011/10/18,9.35,9.37,9.09,9.12,2503596,23638746.00
2011/10/19,9.15,9.20,8.97,8.98,1992389,18461924.00
2011/10/20,8.98,9.03,8.38,8.54,3220453,28364268.00
2011/10/21,8.61,8.61,8.33,8.41,1380094,11954772.00
2011/10/24,8.48,8.49,7.97,8.44,3433532,29052028.00
2011/10/25,8.45,8.85,8.41,8.78,3722089,33077388.00
2011/10/26,8.63,9.07,8.60,8.87,4915230,44594920.00
2011/10/27,8.93,9.06,8.79,9.04,3977181,36409208.00
2011/10/28,9.10,9.44,9.06,9.33,5169600,48757336.00
2011/10/31,9.39,9.51,9.15,9.28,6516132,62318496.00
2011/11/01,9.35,9.35,8.94,9.04,5201343,48380608.00
2011/11/02,8.87,9.12,8.61,9.10,5372787,48554516.00
2011/11/03,9.22,9.33,9.10,9.14,5742740,54123392.00
2011/11/04,9.17,9.31,9.13,9.28,4084427,38576992.00
2011/11/07,9.28,9.49,9.23,9.44,5757344,55274188.00
2011/11/08,9.37,9.51,9.28,9.33,4506943,43222796.00
2011/11/09,9.33,9.58,9.33,9.42,6333149,61237256.00
2011/11/10,9.32,9.66,9.27,9.30,7736831,75060728.00
2011/11/11,9.29,9.39,9.06,9.14,3874472,36458540.00
2011/11/14,9.27,9.41,9.19,9.39,3766111,35864888.00
2011/11/15,9.37,9.66,9.34,9.62,7710741,75302128.00
2011/11/16,9.62,9.71,9.42,9.43,4926228,48084716.00
2011/11/17,9.43,9.91,9.43,9.86,13293728,132518160.00
2011/11/18,9.75,10.62,9.71,10.29,21866374,228701568.00
2011/11/21,10.29,10.33,9.90,10.21,8214425,84769936.00
2011/11/22,10.01,10.08,9.51,9.82,6866502,68814664.00
2011/11/23,9.84,10.07,9.75,9.95,6046876,61412696.00
2011/11/24,9.80,9.95,9.53,9.83,4981819,49532212.00
2011/11/25,9.69,9.83,9.35,9.46,3432182,33610628.00
2011/11/28,9.44,9.56,9.18,9.21,2677003,25565360.00
2011/11/29,9.33,9.74,9.27,9.69,4351145,42567668.00
2011/11/30,9.79,10.56,9.74,9.98,13854656,142396032.00
2011/12/01,10.18,10.46,9.95,10.06,10722859,111220944.00
2011/12/02,9.97,10.01,9.60,9.87,5082777,50895460.00
2011/12/05,9.81,9.88,9.05,9.16,3836662,37257356.00
2011/12/06,9.14,9.42,8.92,9.34,3042461,28637356.00
2011/12/07,9.37,9.64,9.26,9.44,2513783,24424530.00
2011/12/08,9.45,9.67,9.21,9.53,2807109,27176994.00
2011/12/09,9.46,9.65,9.35,9.36,2256495,21944886.00
2011/12/12,9.43,9.43,9.08,9.10,1683548,15864322.00
2011/12/13,9.07,9.07,8.69,8.70,2167162,19569812.00
2011/12/14,8.70,8.77,8.17,8.21,1902788,16442925.00
2011/12/15,8.22,8.22,7.89,7.93,2152226,17720252.00
2011/12/16,7.91,8.18,7.89,8.14,2178883,17972820.00
2011/12/19,8.09,8.47,7.89,8.43,3498520,29513124.00
2011/12/20,8.27,8.46,8.19,8.19,2048774,17488260.00
2011/12/21,8.33,8.33,7.95,7.96,1465033,12274263.00
2011/12/22,7.90,8.04,7.44,7.84,2050663,16247146.00
2011/12/23,7.79,7.99,7.69,7.88,1338757,10866119.00
2011/12/26,7.90,8.01,7.82,7.83,773717,6300001.00
2011/12/27,7.83,7.87,7.39,7.46,2273697,17694352.00
2011/12/28,7.42,7.61,7.29,7.58,1496237,11443768.00
2011/12/29,7.56,7.66,7.42,7.60,1288342,10053190.00
2011/12/30,7.61,7.81,7.61,7.71,1255210,9952500.00
2012/01/04,7.76,7.85,7.52,7.53,891600,7056856.00
2012/01/05,7.31,7.57,7.08,7.10,1298947,9726940.00
2012/01/06,7.29,7.29,7.02,7.19,1241923,9120157.00
2012/01/09,7.25,7.55,7.11,7.54,1957289,14855990.00
2012/01/10,7.53,7.88,7.43,7.87,2991239,23814492.00
2012/01/11,7.87,8.12,7.79,7.90,2742131,22336460.00
2012/01/12,7.81,8.05,7.81,7.95,1881266,15289237.00
2012/01/13,7.95,8.01,7.51,7.60,2732346,21548156.00
2012/01/16,7.49,7.58,7.26,7.28,1131570,8635671.00
2012/01/17,7.26,7.70,7.25,7.65,2245412,17448364.00
2012/01/18,7.67,7.98,7.64,7.78,2893077,23238022.00
2012/01/19,7.67,7.88,7.67,7.83,2368066,18979210.00
2012/01/20,7.87,7.94,7.80,7.91,1768312,14281395.00
2012/01/30,7.98,8.11,7.87,7.89,1865313,15245135.00
2012/01/31,7.89,8.05,7.79,8.00,1948655,15843555.00
2012/02/01,7.95,8.03,7.81,7.84,1361225,11038459.00
2012/02/02,7.85,8.00,7.85,7.98,1532489,12500954.00
2012/02/03,7.99,8.14,7.87,8.09,2602002,21509422.00
2012/02/06,8.09,8.14,8.00,8.08,2068707,17129766.00
2012/02/07,8.06,8.06,7.84,7.92,2207119,17926734.00
2012/02/08,7.91,8.17,7.82,8.15,2578348,21280548.00
2012/02/09,8.11,8.27,8.09,8.13,3247168,27267020.00
2012/02/10,8.08,8.29,8.08,8.18,2602097,21873620.00
2012/02/13,8.12,8.39,8.10,8.27,3258499,27640772.00
2012/02/14,8.30,8.45,8.21,8.35,3142164,26857128.00
2012/02/15,8.32,8.55,8.26,8.54,4227900,36486392.00
2012/02/16,8.50,8.58,8.35,8.50,3617429,31360964.00
2012/02/17,8.47,8.69,8.30,8.63,6118009,53343992.00
2012/02/20,8.74,8.81,8.55,8.58,4774560,42391108.00
2012/02/21,8.58,8.67,8.36,8.62,3264099,28502288.00
2012/02/22,8.62,9.07,8.59,8.97,6393915,57738952.00
2012/02/23,8.94,9.78,8.91,9.64,14150975,135712784.00
2012/02/24,9.49,10.08,9.34,9.61,14074743,137873072.00
2012/02/27,9.50,9.75,9.38,9.39,9151171,88774992.00
2012/02/28,9.27,9.34,9.09,9.17,5517442,51879232.00
2012/02/29,9.20,9.32,9.12,9.21,3161960,29798112.00
2012/03/01,9.11,9.57,9.06,9.25,4944386,47308556.00
2012/03/02,9.21,9.44,9.15,9.35,5658007,53751828.00
2012/03/05,9.49,9.64,9.31,9.35,5635198,54651276.00
2012/03/06,9.34,9.34,9.01,9.15,5429502,50818956.00
2012/03/07,8.99,9.29,8.97,9.08,3638276,34136520.00
2012/03/08,9.08,9.24,9.08,9.17,2831020,26517784.00
2012/03/09,9.21,9.26,9.11,9.25,3105693,29190748.00
2012/03/12,9.29,9.42,9.25,9.41,4789535,45793252.00
2012/03/13,9.40,9.41,9.29,9.39,2913068,27861962.00
2012/03/14,9.40,9.57,8.64,8.77,6922860,65630352.00
2012/03/15,8.78,8.91,8.34,8.49,3984526,35307664.00
2012/03/16,8.47,8.69,8.41,8.65,2912955,25614992.00
2012/03/19,8.62,8.86,8.58,8.85,2970898,26543080.00
2012/03/20,8.79,8.85,8.52,8.59,2644532,23436856.00
2012/03/21,8.69,8.70,8.40,8.65,2443940,21449728.00
2012/03/22,8.62,8.69,8.50,8.65,1831038,16143881.00
2012/03/23,8.59,8.65,8.44,8.58,2003595,17566112.00
2012/03/26,8.46,8.76,8.46,8.73,3347760,29776230.00
2012/03/27,8.74,9.62,8.74,9.48,15505631,148068896.00
2012/03/28,9.34,9.88,9.16,9.26,17571643,169436128.00
2012/03/29,9.11,9.64,8.65,9.04,13756978,128534216.00
2012/03/30,9.09,9.35,8.81,9.33,10676658,99406872.00
2012/04/05,9.18,9.59,9.10,9.52,11230562,108051432.00
2012/04/06,9.41,9.51,9.18,9.45,8448238,80806000.00
2012/04/09,9.40,9.87,9.34,9.70,13365909,131686088.00
2012/04/10,9.60,9.70,9.26,9.68,8024739,77729648.00
2012/04/11,9.49,9.99,9.43,9.85,11860323,118622592.00
2012/04/12,9.85,9.98,9.69,9.87,10339136,103724016.00
2012/04/13,9.88,9.88,9.56,9.69,9575291,94713400.00
2012/04/16,9.57,9.64,9.42,9.53,5487066,53363748.00
2012/04/17,9.55,9.58,9.32,9.43,4769343,46169092.00
2012/04/18,9.46,9.74,9.46,9.55,7399116,72650728.00
2012/04/19,9.49,9.88,9.49,9.86,8972605,89348736.00
2012/04/20,9.79,9.99,9.75,9.87,9131647,92024032.00
2012/04/23,9.89,10.54,9.79,10.32,17692297,184684640.00
2012/04/24,10.11,10.19,9.28,9.63,13494658,134418880.00
2012/04/25,9.64,9.78,9.38,9.63,7152046,69788688.00
2012/04/27,9.54,9.63,9.24,9.29,5390883,51792040.00
2012/05/02,9.49,9.51,9.30,9.40,4576433,44105280.00
2012/05/03,9.39,9.59,9.34,9.56,3896679,37794376.00
2012/05/04,9.59,9.63,9.49,9.57,3388655,33088456.00
2012/05/07,9.47,9.56,9.37,9.48,3459660,33434168.00
2012/05/08,9.56,9.99,9.56,9.76,9417594,94438392.00
2012/05/09,9.77,10.08,9.75,9.96,12350801,125274544.00
2012/05/10,9.94,9.96,9.63,9.76,6391561,63638616.00
2012/05/11,9.71,9.77,9.37,9.39,5741707,55849792.00
2012/05/14,9.50,9.53,9.33,9.39,3406774,32753072.00
2012/05/15,9.29,9.52,9.25,9.49,3090201,29670668.00
2012/05/16,9.39,9.46,8.99,9.05,3469228,32890440.00
2012/05/17,9.04,9.22,9.04,9.17,2274712,21283624.00
2012/05/18,9.43,9.56,9.13,9.19,4891067,46723900.00
2012/05/21,9.09,9.61,9.08,9.39,4751555,45622332.00
2012/05/22,9.51,9.62,9.42,9.55,3663193,35613580.00
2012/05/23,9.55,9.67,9.33,9.41,4288703,41489008.00
2012/05/24,9.43,9.49,9.13,9.15,3858753,36664828.00
2012/05/25,9.15,9.23,8.97,9.03,3142393,29052726.00
2012/05/28,8.95,9.11,8.82,9.10,3006024,27597884.00
2012/05/29,9.14,9.25,9.05,9.24,3884916,36381600.00
2012/05/30,9.19,9.39,9.12,9.32,4594517,43549692.00
2012/05/31,9.25,9.27,9.14,9.15,2680717,25229144.00
2012/06/01,9.21,9.21,8.98,9.00,2732729,25388276.00
2012/06/04,8.86,9.16,8.80,8.98,4912494,45200996.00
2012/06/05,8.99,9.06,8.75,8.87,3188356,29055518.00
2012/06/06,8.87,9.00,8.84,8.91,2025535,18479960.00
2012/06/07,8.96,8.98,8.75,8.80,1921305,17443752.00
2012/06/08,8.90,9.04,8.77,8.92,2876530,26293404.00
2012/06/11,9.12,9.36,9.02,9.34,9734395,91969560.00
2012/06/12,9.27,9.28,9.15,9.22,2768856,26057014.00
2012/06/13,9.19,9.36,9.14,9.35,3831389,36335160.00
2012/06/14,9.37,9.54,9.16,9.22,4625621,44317040.00
2012/06/15,9.24,9.27,9.00,9.16,3412846,31990350.00
2012/06/18,9.19,9.21,9.05,9.08,2557803,23823778.00
2012/06/19,9.12,9.13,8.89,8.94,2070423,18962896.00
2012/06/20,9.00,9.00,8.90,8.96,1033930,9424703.00
2012/06/21,8.96,8.96,8.70,8.71,1885849,16890628.00
2012/06/25,8.72,8.77,8.45,8.47,1467102,12810890.00
2012/06/26,8.47,8.50,8.24,8.46,1822099,15518176.00
2012/06/27,8.49,8.55,8.39,8.40,1687651,14587750.00
2012/06/28,8.52,8.52,8.24,8.26,1180101,10107996.00
2012/06/29,8.25,8.49,8.24,8.40,1339476,11437726.00
2012/07/02,8.49,8.59,8.34,8.34,1433647,12325097.00
2012/07/03,8.35,8.44,8.32,8.43,1524838,13016183.00
2012/07/04,8.36,8.63,8.36,8.45,2349744,20336080.00
2012/07/05,8.44,8.44,8.02,8.06,2455165,20430048.00
2012/07/06,8.06,8.22,7.95,8.16,1514683,12521558.00
2012/07/09,8.14,8.18,7.74,7.76,2317392,18787722.00
2012/07/10,7.82,7.82,7.61,7.66,1885524,14763014.00
2012/07/11,7.49,7.77,7.49,7.73,1389616,10883851.00
2012/07/12,7.72,7.81,7.61,7.78,1813830,14293322.00
2012/07/13,7.78,7.97,7.74,7.95,2809358,22580544.00
2012/07/16,7.94,7.99,7.67,7.80,2366462,18888100.00
2012/07/17,7.85,8.14,7.70,8.09,3713269,30387118.00
2012/07/18,8.07,8.26,8.02,8.24,3614588,30134682.00
2012/07/19,8.20,8.32,8.15,8.24,2382071,20022848.00
2012/07/20,8.16,8.38,8.15,8.23,2515682,21281560.00
2012/07/23,8.19,8.22,8.04,8.11,1093525,9042216.00
2012/07/24,8.10,8.31,7.71,7.77,6088211,49708392.00
2012/07/25,7.68,7.78,7.62,7.68,2814984,22113666.00
2012/07/26,7.66,7.78,7.60,7.63,1387314,10899365.00
2012/07/27,7.70,7.72,7.50,7.55,1245603,9688296.00
2012/07/30,7.64,7.65,7.30,7.32,1344224,10300103.00
2012/07/31,7.30,7.46,7.05,7.40,2154897,16011310.00
2012/08/01,7.35,7.55,7.35,7.44,1778117,13550968.00
2012/08/02,7.44,7.45,7.20,7.24,1330006,9962415.00
2012/08/03,7.23,7.41,7.23,7.40,1270614,9494449.00
2012/08/06,7.35,7.58,7.35,7.55,1656990,12708381.00
2012/08/07,7.54,7.63,7.50,7.58,1846850,14296089.00
2012/08/08,7.54,7.63,7.51,7.54,1577006,12188338.00
2012/08/09,7.54,7.71,7.53,7.68,2346916,18275992.00
2012/08/10,7.62,7.72,7.55,7.63,2725032,21277660.00
2012/08/13,7.63,7.63,7.35,7.36,1704442,13015611.00
2012/08/14,7.36,7.49,7.22,7.46,1360343,10210049.00
2012/08/15,7.44,7.63,7.34,7.46,2122185,16301102.00
2012/08/16,7.46,7.58,7.42,7.44,1188255,9106720.00
2012/08/17,7.43,7.43,7.25,7.34,1208184,9052333.00
2012/08/20,7.31,7.37,7.24,7.36,806439,6008853.00
2012/08/21,7.34,7.55,7.34,7.51,1207425,9236913.00
2012/08/22,7.54,7.57,7.45,7.49,1142078,8753171.00
2012/08/23,7.45,7.55,7.42,7.51,1183081,9059358.00
2012/08/24,7.49,7.66,7.38,7.40,2179478,16792468.00
2012/08/27,7.23,7.32,7.22,7.26,1488446,11063290.00
2012/08/28,7.22,7.41,7.21,7.29,1482305,11093168.00
2012/08/29,7.24,7.34,7.24,7.30,1350412,10073673.00
2012/08/30,7.32,7.64,7.15,7.46,2857078,21506592.00
2012/08/31,7.42,7.79,7.35,7.56,4492587,34647548.00
2012/09/03,7.55,7.62,7.44,7.58,2604682,20027864.00
2012/09/04,7.59,7.62,7.50,7.55,1984747,15283967.00
2012/09/05,7.52,7.80,7.50,7.73,4269262,33551644.00
2012/09/06,7.68,7.71,7.58,7.67,2625960,20480248.00
2012/09/07,7.70,7.94,7.63,7.86,3971866,31702018.00
2012/09/10,7.87,8.04,7.80,7.97,3276858,26598772.00
2012/09/11,8.22,8.29,8.00,8.02,6058933,50006576.00
2012/09/12,8.04,8.48,7.94,8.32,8548004,71675168.00
2012/09/13,8.31,8.96,8.15,8.63,12663923,111090456.00
2012/09/14,8.53,8.94,8.39,8.44,9308342,81844000.00
2012/09/17,8.40,8.80,8.15,8.18,8114475,69870024.00
2012/09/18,8.13,8.22,7.95,8.01,3629063,29847728.00
2012/09/19,8.07,8.19,7.94,8.04,2767862,22730380.00
2012/09/20,8.04,8.24,7.81,7.82,3762111,30878230.00
2012/09/21,7.74,7.74,7.34,7.37,4363545,33219002.00
2012/09/24,7.38,7.48,7.35,7.46,1919519,14570215.00
2012/09/25,7.44,7.61,7.38,7.42,2106772,16073596.00
2012/09/26,7.39,7.46,7.13,7.17,1901673,14100311.00
2012/09/27,7.17,7.36,7.13,7.32,2188679,16271788.00
2012/09/28,7.31,7.48,7.26,7.47,1628006,12300590.00
2012/10/08,7.48,7.54,7.38,7.50,2482097,18927606.00
2012/10/09,7.44,7.62,7.44,7.60,2238258,17247580.00
2012/10/10,7.55,7.70,7.55,7.64,2176113,16934176.00
2012/10/11,7.59,7.60,7.42,7.42,2149696,16475939.00
2012/10/12,7.46,7.52,7.37,7.41,1598640,12155908.00
2012/10/15,7.40,7.55,7.30,7.51,2369574,17992704.00
2012/10/16,7.54,7.76,7.53,7.66,4673753,36606960.00
2012/10/17,7.67,7.79,7.54,7.75,2741299,21563528.00
2012/10/18,7.76,7.99,7.67,7.81,4454183,35616088.00
2012/10/19,7.82,7.89,7.77,7.83,2234014,17869820.00
2012/10/22,7.87,7.90,7.75,7.86,2122716,17010924.00
2012/10/23,7.90,7.99,7.76,7.79,2825212,22757182.00
2012/10/24,7.82,8.15,7.77,8.09,5724422,46734856.00
2012/10/25,8.13,8.20,8.01,8.11,5229448,43266288.00
2012/10/26,8.12,8.34,8.01,8.25,9483522,79199392.00
2012/10/29,8.22,8.30,8.12,8.25,3548500,29760570.00
2012/10/30,8.32,8.37,8.18,8.30,5244672,44371232.00
2012/10/31,8.36,8.36,8.23,8.28,2971568,25085522.00
2012/11/01,8.24,8.37,8.12,8.30,4351733,36826544.00
2012/11/02,8.31,8.82,8.25,8.71,10622659,92810376.00
2012/11/05,8.65,8.84,8.54,8.65,16849699,149164080.00
2012/11/06,8.58,8.64,8.34,8.43,10694334,92039392.00
2012/11/07,8.46,8.61,8.39,8.50,8839718,76530208.00
2012/11/08,8.44,8.73,8.21,8.60,22404216,196067808.00
2012/11/09,8.56,8.80,8.45,8.71,16198251,143567424.00
2012/11/12,8.72,8.89,8.59,8.65,13184569,116556704.00
2012/11/13,8.67,8.77,8.24,8.32,14474102,125565296.00
2012/11/14,8.34,8.70,8.00,8.67,11119136,93705064.00
2012/11/15,8.44,8.63,8.39,8.52,13036053,113064304.00
2012/11/16,8.55,8.71,8.43,8.59,12218212,106495728.00
2012/11/19,8.65,8.72,8.53,8.58,7875057,69032160.00
2012/11/20,8.61,8.77,8.54,8.64,11075164,97314672.00
2012/11/21,8.65,8.65,8.42,8.56,9259096,80353160.00
2012/11/22,8.57,8.62,8.10,8.20,11647488,99371168.00
2012/11/23,8.19,8.33,8.08,8.19,7097400,59680584.00
2012/11/26,8.14,8.28,8.04,8.25,4103312,34197064.00
2012/11/27,8.22,8.57,8.17,8.47,15981528,137162048.00
2012/11/28,8.39,8.57,8.35,8.39,9585308,82682952.00
2012/11/29,8.44,8.69,8.10,8.19,12420454,105323368.00
2012/11/30,8.18,8.24,7.41,7.61,12036049,96577168.00
2012/12/03,7.59,7.62,7.02,7.12,8483179,63140200.00
2012/12/04,7.02,7.11,6.63,7.06,8032502,56394632.00
2012/12/05,6.98,7.30,6.86,7.19,6643788,48644896.00
2012/12/06,7.16,7.42,7.08,7.18,4956403,36701076.00
2012/12/07,7.18,7.38,7.07,7.34,5680503,42091596.00
2012/12/10,7.37,7.47,7.29,7.44,5299981,40034368.00
2012/12/11,7.45,7.61,7.37,7.38,5515594,42098044.00
2012/12/12,7.40,7.41,7.14,7.24,4223091,31306794.00
2012/12/13,7.17,7.26,7.10,7.11,2915200,21395098.00
2012/12/14,7.12,7.43,7.11,7.40,5164971,38742024.00
2012/12/17,7.40,7.54,7.40,7.47,4595044,35079624.00
2012/12/18,7.44,7.55,7.35,7.50,4813547,36637240.00
2012/12/19,7.51,7.54,7.41,7.50,3644666,27823788.00
2012/12/20,7.50,7.59,7.40,7.57,4328980,33166472.00
2012/12/21,7.53,7.62,7.41,7.44,4319987,33116988.00
2012/12/24,7.39,7.46,7.35,7.40,2035616,15410424.00
2012/12/25,7.39,7.60,7.33,7.57,5230047,40207156.00
2012/12/26,7.54,7.73,7.54,7.72,4908020,38319128.00
2012/12/27,7.74,7.82,7.58,7.59,6264386,49136388.00
2012/12/28,7.58,7.74,7.54,7.64,4559458,35534728.00
2012/12/31,7.65,7.91,7.65,7.86,6430420,51294336.00
2013/01/04,7.87,7.98,7.64,7.71,4846435,38418032.00
2013/01/07,7.66,7.95,7.66,7.83,5639037,45033200.00
2013/01/08,7.84,8.11,7.80,8.01,7429241,60569144.00
2013/01/09,7.94,8.04,7.81,7.89,5689479,45915280.00
2013/01/10,7.89,8.20,7.88,8.16,7086671,57963860.00
2013/01/11,8.14,8.51,8.13,8.27,14265741,120586056.00
2013/01/14,8.23,9.11,8.11,9.11,18056164,161196128.00
2013/01/15,9.34,9.83,8.84,8.95,29603914,279194144.00
2013/01/16,9.04,9.35,8.77,9.34,19350832,179334368.00
2013/01/17,9.17,9.17,8.40,8.50,14834611,132354656.00
2013/01/18,8.49,8.69,8.47,8.56,8063402,70403424.00
2013/01/21,8.30,8.52,8.30,8.51,10268991,87929616.00
2013/01/22,8.51,8.51,8.15,8.30,6914076,58740148.00
2013/01/23,8.25,8.55,8.22,8.52,7907936,67983072.00
2013/01/24,8.54,8.89,8.45,8.52,12854710,113429424.00
2013/01/25,8.44,8.71,8.29,8.33,6286592,54133696.00
2013/01/28,8.40,8.91,8.37,8.78,11364924,100370512.00
2013/01/29,8.69,8.76,8.58,8.67,7167154,63236088.00
2013/01/30,8.69,8.78,8.44,8.61,6348910,55785792.00
2013/01/31,8.72,8.91,8.62,8.74,8305500,74069672.00
2013/02/01,8.66,8.94,8.56,8.82,9082055,81554312.00
2013/02/04,8.91,8.94,8.41,8.44,8221761,71850560.00
2013/02/05,8.35,8.62,8.24,8.39,4779080,40724248.00
2013/02/06,8.39,8.51,8.36,8.42,3863997,33149548.00
2013/02/07,8.42,8.61,8.33,8.47,7250988,62572524.00
2013/02/08,8.41,8.53,8.39,8.50,5097281,43996076.00
2013/02/18,8.52,8.81,8.47,8.76,8322000,73233864.00
2013/02/19,8.76,8.81,8.56,8.61,5776114,50880784.00
2013/02/20,8.55,8.78,8.55,8.74,5044202,44734772.00
2013/02/21,8.70,8.70,8.40,8.46,4443914,38664656.00
2013/02/22,8.49,8.89,8.34,8.64,7540725,66856956.00
2013/02/25,8.62,8.81,8.47,8.73,4912499,43340360.00
2013/02/26,8.75,8.93,8.56,8.74,10080890,90044712.00
2013/02/27,8.73,9.13,8.60,9.11,12721178,115346648.00
2013/02/28,9.04,9.22,8.90,9.16,10188550,93867136.00
2013/03/01,9.09,9.36,8.99,9.09,9356779,86932280.00
2013/03/04,9.04,9.07,8.74,8.82,7295140,66006032.00
2013/03/05,8.86,8.95,8.74,8.91,5414017,48843684.00
2013/03/06,8.92,8.99,8.79,8.96,6961120,63191120.00
2013/03/07,8.96,9.02,8.66,8.80,7189540,64733952.00
2013/03/08,8.80,8.81,8.54,8.56,4327514,38237272.00
2013/03/11,8.52,8.64,8.50,8.53,2624180,22906344.00
2013/03/12,8.53,8.61,8.24,8.35,4347993,37197488.00
2013/03/13,8.35,8.35,8.09,8.20,2627914,21970472.00
2013/03/14,8.19,8.31,8.14,8.22,1858212,15596522.00
2013/03/15,8.21,8.34,7.96,8.18,3519385,29335686.00
2013/03/18,8.12,8.14,7.93,7.99,2500410,20521420.00
2013/03/19,7.98,8.08,7.80,8.05,2483898,20121308.00
2013/03/20,8.04,8.24,8.00,8.23,3046881,25318338.00
2013/03/21,8.26,8.54,8.15,8.45,6444278,55370216.00
2013/03/22,8.43,8.45,8.31,8.39,3805988,32498080.00
2013/03/25,8.42,8.47,8.24,8.27,3151689,26678708.00
2013/03/26,8.24,8.26,8.00,8.22,2999659,24801980.00
2013/03/27,8.20,8.39,8.14,8.30,3509672,29638052.00
2013/03/28,8.22,8.71,7.86,8.55,9630539,82176064.00
2013/03/29,8.45,8.89,8.38,8.82,13388966,118512096.00
2013/04/01,8.74,9.14,8.52,8.70,12310853,110313248.00
2013/04/02,8.63,8.93,8.39,8.90,11466154,101178872.00
2013/04/03,8.83,9.07,8.62,8.66,13531281,122126208.00
2013/04/08,8.54,8.56,8.04,8.44,7380564,62716804.00
2013/04/09,8.44,8.44,8.30,8.34,4837100,41137576.00
2013/04/10,8.38,8.48,8.20,8.43,5284864,45031592.00
2013/04/11,8.44,8.48,8.22,8.24,4028362,34303632.00
2013/04/12,8.22,8.27,7.97,7.99,4240978,35099384.00
2013/04/15,8.00,8.05,7.90,7.97,1787140,14535699.00
2013/04/16,7.93,8.06,7.87,8.05,1318291,10754177.00
2013/04/17,8.05,8.09,7.92,8.01,1959111,15986327.00
2013/04/18,7.97,8.10,7.94,7.97,1982824,16165066.00
2013/04/19,7.98,8.19,7.98,8.14,3195541,26414996.00
2013/04/22,8.07,8.14,8.06,8.09,2245004,18512440.00
2013/04/23,8.10,8.12,7.76,7.88,2991636,24106024.00
2013/04/24,7.83,7.93,7.70,7.86,3126812,24952330.00
2013/04/25,7.83,7.87,7.60,7.61,3356990,26534696.00
2013/04/26,7.62,7.68,7.39,7.40,2360738,18129340.00
2013/05/02,7.41,7.54,7.41,7.52,1141670,8726849.00
2013/05/03,7.58,7.69,7.52,7.65,1410991,10996960.00
2013/05/06,7.73,7.75,7.65,7.73,1395046,10981750.00
2013/05/07,7.70,7.79,7.69,7.77,1494312,11806982.00
2013/05/08,7.81,7.86,7.76,7.83,1815251,14457342.00
2013/05/09,7.81,7.91,7.65,7.89,3124359,25033490.00
2013/05/10,7.86,8.03,7.84,7.95,2402643,19436016.00
2013/05/13,8.01,8.16,7.92,8.11,4371266,35948068.00
2013/05/14,8.11,8.17,7.89,7.97,2840064,23109280.00
2013/05/15,7.97,8.07,7.90,7.95,2177969,17784576.00
2013/05/16,7.96,8.09,7.92,8.03,2438622,19945628.00
2013/05/17,8.05,8.14,8.01,8.09,3887880,32016022.00
2013/05/20,8.13,8.19,8.10,8.19,4067423,33836112.00
2013/05/21,8.19,8.47,8.15,8.42,7613240,64797316.00
2013/05/22,8.38,8.51,8.16,8.23,6378929,54425396.00
2013/05/23,8.19,8.66,8.15,8.46,8951728,77345312.00
2013/05/24,8.45,8.70,8.44,8.63,7756748,67870880.00
2013/05/27,8.62,8.70,8.52,8.65,5458195,47861888.00
2013/05/28,8.77,9.06,8.66,8.71,12412166,112104552.00
2013/05/29,8.64,9.50,8.55,9.14,20262049,186948592.00
2013/05/30,9.09,9.61,8.92,9.43,23189370,219026352.00
2013/05/31,9.31,9.53,9.25,9.42,13516081,129330472.00
2013/06/03,9.33,9.80,9.25,9.60,16095701,156285824.00
2013/06/04,9.62,9.64,9.00,9.09,11602152,109548384.00
2013/06/05,9.09,9.16,8.73,8.95,9729139,88092496.00
2013/06/06,8.85,9.07,8.69,8.78,5016701,45366024.00
2013/06/07,8.76,8.89,8.45,8.48,6033511,53147808.00
2013/06/13,8.51,8.52,7.88,8.09,5898049,48584060.00
2013/06/14,8.08,8.16,7.87,8.09,5923564,48550704.00
2013/06/17,8.12,8.23,8.00,8.10,5065299,41728920.00
2013/06/18,8.11,8.35,8.06,8.20,5257806,43813604.00
2013/06/19,8.10,8.10,7.67,7.88,6657647,53378248.00
2013/06/20,7.82,7.91,7.56,7.57,4290699,33837544.00
2013/06/21,7.42,7.52,7.31,7.43,3964470,29920792.00
2013/06/24,7.45,7.49,6.87,6.95,4441644,32257070.00
2013/06/25,6.93,7.10,6.24,7.08,5691780,39217872.00
2013/06/26,7.09,7.18,6.90,7.07,3944582,28210454.00
2013/06/27,7.07,7.12,6.59,6.63,5707897,40013060.00
2013/06/28,6.62,6.83,6.49,6.77,4246410,28992470.00
2013/07/01,6.74,6.86,6.67,6.84,3046704,21052116.00
2013/07/02,6.82,7.04,6.77,7.03,4735690,33410464.00
2013/07/03,6.99,7.01,6.82,6.93,3339921,23457270.00
2013/07/04,6.87,7.16,6.68,7.00,4806532,34425376.00
2013/07/05,7.03,7.15,6.98,7.02,3336993,23960332.00
2013/07/08,6.86,6.86,6.55,6.56,2946561,20189728.00
2013/07/09,6.55,6.65,6.53,6.64,1560982,10487082.00
2013/07/10,6.65,6.85,6.58,6.84,2151567,14788512.00
2013/07/11,6.84,7.12,6.83,7.06,3835546,27396822.00
2013/07/12,7.02,7.14,6.93,6.96,3205112,22989196.00
2013/07/15,6.97,7.15,6.97,7.13,3169360,22892712.00
2013/07/16,7.13,7.27,7.08,7.25,3762473,27524952.00
2013/07/17,7.29,7.34,7.08,7.10,3948920,28996350.00
2013/07/18,7.05,7.42,6.98,7.30,5974067,43784316.00
2013/07/19,7.20,7.30,6.98,6.99,4324518,31518944.00
2013/07/22,6.98,7.11,6.78,7.07,2545770,18156368.00
2013/07/23,7.08,7.37,7.06,7.35,6423989,47417312.00
2013/07/24,7.31,7.60,7.29,7.50,8775108,66420864.00
2013/07/25,7.45,7.62,7.30,7.33,6284980,47419016.00
2013/07/26,7.30,7.30,7.08,7.22,3420764,25018180.00
2013/07/29,7.21,7.24,7.05,7.08,2557288,18528958.00
2013/07/30,7.08,7.17,6.95,7.07,2018852,14503706.00
2013/07/31,7.12,7.24,7.08,7.21,3227596,23573306.00
2013/08/01,7.21,7.62,7.14,7.56,7869157,59178768.00
2013/08/02,7.57,7.61,7.36,7.47,8824688,67168408.00
2013/08/05,7.37,7.45,7.28,7.43,5908126,44337028.00
2013/08/06,7.37,7.46,7.33,7.44,3964890,29900956.00
2013/08/07,7.42,7.55,7.33,7.43,4538391,34307616.00
2013/08/08,7.39,7.50,7.30,7.40,3505557,26447098.00
2013/08/09,7.44,7.46,7.27,7.36,2603212,19499402.00
2013/08/12,7.40,7.52,7.30,7.51,4228672,32057118.00
2013/08/13,7.50,7.59,7.45,7.55,3899745,29908558.00
2013/08/14,7.55,7.59,7.43,7.47,3557273,27152818.00
2013/08/15,7.49,7.54,7.41,7.43,2995804,22777932.00
2013/08/16,7.38,7.54,7.20,7.24,3389250,25402572.00
2013/08/19,7.21,7.36,7.15,7.35,1891690,14024535.00
2013/08/20,7.32,7.45,7.32,7.43,2813435,21180080.00
2013/08/21,7.43,7.53,7.38,7.51,3671860,27918760.00
2013/08/22,7.52,7.56,7.45,7.48,2686831,20491774.00
2013/08/23,7.47,7.81,7.38,7.78,13729720,106690360.00
2013/08/26,7.68,7.79,7.60,7.76,10029366,78579768.00
2013/08/27,7.74,7.99,7.60,7.84,8225370,65251672.00
2013/08/28,7.79,8.31,7.76,8.16,14743691,121874120.00
2013/08/29,8.16,8.25,7.97,8.09,6565524,53894012.00
2013/08/30,8.01,8.05,7.75,7.95,7765691,62185768.00
2013/09/02,7.98,8.37,7.97,8.05,7528973,62451424.00
2013/09/03,7.97,8.15,7.88,8.08,5176719,42200064.00
2013/09/04,8.07,8.33,8.03,8.26,7646836,63852316.00
2013/09/05,8.23,8.29,8.12,8.15,4364053,36329116.00
2013/09/06,8.15,8.28,8.12,8.26,5399375,45056268.00
2013/09/09,8.26,8.46,8.14,8.33,8850351,74509432.00
2013/09/10,8.30,8.36,8.19,8.31,6539760,54868900.00
2013/09/11,8.33,8.54,8.01,8.02,8256096,68994104.00
2013/09/12,8.01,8.10,7.98,8.05,3351292,27376300.00
2013/09/13,8.05,8.12,7.98,8.02,2441959,19915468.00
2013/09/16,8.04,8.10,8.00,8.04,2414624,19738684.00
2013/09/17,8.04,8.19,8.01,8.02,3591109,29541932.00
2013/09/18,8.02,8.16,8.01,8.16,2597960,21387900.00
2013/09/23,8.16,8.37,8.16,8.33,5684440,47890128.00
2013/09/24,8.30,8.34,8.21,8.24,3301755,27698956.00
2013/09/25,8.24,8.33,8.22,8.29,4618079,38818336.00
2013/09/26,8.30,8.51,8.11,8.12,7194235,61114920.00
2013/09/27,7.91,8.07,7.77,7.82,7256960,58263320.00
2013/09/30,7.85,7.96,7.77,7.83,2692875,21464110.00
2013/10/08,7.83,7.93,7.70,7.90,3405562,27127004.00
2013/10/09,7.86,8.21,7.83,8.11,5462414,44566852.00
2013/10/10,8.11,8.40,8.00,8.28,8876248,74195680.00
2013/10/11,8.29,8.32,8.18,8.26,4701204,39395800.00
2013/10/14,8.27,8.49,8.20,8.39,6408627,54380408.00
2013/10/15,8.31,8.43,8.21,8.24,5184012,43554288.00
2013/10/16,8.22,8.22,7.85,7.88,5483900,44377756.00
2013/10/17,7.97,7.99,7.78,7.81,3604257,28944408.00
2013/10/18,7.87,7.99,7.83,7.93,2405853,19374516.00
2013/10/21,7.92,8.12,7.92,8.12,3650617,29859516.00
2013/10/22,8.16,8.20,8.06,8.09,4013491,33160236.00
2013/10/23,8.12,8.14,7.83,7.85,3714954,29984448.00
2013/10/24,7.87,7.93,7.83,7.87,2176685,17411308.00
2013/10/25,7.88,7.93,7.62,7.70,2916977,23058824.00
2013/10/28,7.75,7.85,7.67,7.79,2345432,18567932.00
2013/10/29,7.78,7.88,7.22,7.40,3687891,28101048.00
2013/10/30,7.41,7.80,7.38,7.69,2873598,22163512.00
2013/10/31,7.69,7.69,7.52,7.56,2004865,15476103.00
2013/11/01,7.58,7.66,7.53,7.60,1178954,9110893.00
2013/11/04,7.65,7.67,7.59,7.62,1295106,10048386.00
2013/11/05,7.59,7.74,7.40,7.73,2265836,17529628.00
2013/11/06,7.67,7.79,7.67,7.70,2139439,16828646.00
2013/11/07,7.70,7.75,7.57,7.59,1512754,11821814.00
2013/11/08,7.58,7.67,7.41,7.47,1491618,11398680.00
2013/11/11,7.47,7.57,7.37,7.52,840454,6389021.00
2013/11/12,7.52,7.62,7.48,7.57,852543,6557615.00
2013/11/13,8.34,8.34,8.34,8.34,7428515,62919520.00
2013/11/28,9.19,9.19,9.19,9.19,466147,4344490.00
2013/11/29,10.12,10.12,10.12,10.12,2196081,22509830.00
2013/12/02,11.15,11.15,10.91,11.15,43235312,487240352.00
2013/12/03,11.15,11.26,10.57,11.24,43731199,486385120.00
2013/12/04,11.26,11.54,10.95,11.15,35786941,407774336.00
2013/12/05,11.03,12.18,10.98,11.05,52770537,615284608.00
2013/12/06,10.50,10.77,10.22,10.61,30161389,320896192.00
2013/12/09,10.65,10.82,10.43,10.48,20574272,220170208.00
2013/12/10,10.47,10.63,9.99,10.10,28272654,291888320.00
2013/12/11,10.12,10.24,9.93,10.15,18295174,187417968.00
2013/12/12,10.05,10.19,9.90,9.98,16200433,165029488.00
2013/12/13,9.87,10.12,9.77,10.04,12463823,125935792.00
2013/12/16,10.06,10.17,9.75,9.93,13644728,137863136.00
2013/12/17,9.93,10.44,9.78,10.10,30588923,314834144.00
2013/12/18,9.99,10.01,9.32,9.40,21510767,211364800.00
2013/12/19,9.42,9.47,9.24,9.26,10840637,102738104.00
2013/12/20,9.25,9.34,9.14,9.18,7957629,74562856.00
2013/12/23,9.19,9.39,9.16,9.23,8371086,78779504.00
2013/12/24,9.25,9.46,9.22,9.26,10279724,97409784.00
2013/12/25,9.26,9.44,9.11,9.43,9941083,93916640.00
2013/12/26,9.40,9.41,9.00,9.04,10022833,93648616.00
2013/12/27,9.07,9.30,9.02,9.21,7177351,66752648.00
2013/12/30,9.27,9.39,9.20,9.35,7742289,73011232.00
2013/12/31,9.30,9.33,9.15,9.24,5376389,50448560.00
2014/01/02,9.19,9.46,9.19,9.35,7610321,72226600.00
2014/01/03,9.35,9.35,9.04,9.10,8104572,75159200.00
2014/01/06,9.05,9.05,8.67,8.68,6731433,60347712.00
2014/01/07,8.62,8.92,8.60,8.75,5491104,48960592.00
2014/01/08,8.75,9.17,8.71,9.01,9225002,83693392.00
2014/01/09,8.87,9.05,8.66,8.67,6570595,59269600.00
2014/01/10,8.66,8.79,8.50,8.72,4292345,37852640.00
2014/01/13,8.75,8.85,8.61,8.65,3456220,30593250.00
2014/01/14,8.67,9.33,8.65,9.07,9280151,85217200.00
2014/01/15,8.98,9.28,8.93,9.19,11177580,103942928.00
2014/01/16,9.18,9.21,9.05,9.10,6306960,58378336.00
2014/01/17,8.99,9.09,8.92,8.97,4381984,39946616.00
2014/01/20,8.94,9.20,8.91,9.14,5791466,53423692.00
2014/01/21,9.13,9.32,9.09,9.31,8734056,81781176.00
2014/01/22,9.32,9.53,9.24,9.43,11076482,105586272.00
2014/01/23,9.47,9.47,9.29,9.32,8163069,77490256.00
2014/01/24,9.26,9.41,9.23,9.35,7166049,67826864.00
2014/01/27,9.43,9.56,9.26,9.27,8940193,85656640.00
2014/01/28,9.25,9.31,9.06,9.23,5687264,52825012.00
2014/01/29,9.23,9.72,9.18,9.60,10846102,104470624.00
2014/01/30,9.56,9.84,9.51,9.65,10912658,107262776.00
2014/02/07,9.53,10.04,9.51,10.03,13053245,130852312.00
2014/02/10,10.11,10.37,10.02,10.21,17497659,181044304.00
2014/02/11,10.21,10.21,9.93,10.00,12042360,122769432.00
2014/02/12,10.00,10.17,9.95,10.05,8900711,90635568.00
2014/02/13,10.05,10.05,9.67,9.67,10211518,102032056.00
2014/02/14,9.62,9.87,9.61,9.85,6116172,60706120.00
2014/02/17,9.99,10.53,9.89,10.49,18776382,197028480.00
2014/02/18,10.42,10.69,10.28,10.62,18430660,195648320.00
2014/02/19,10.65,10.65,10.35,10.40,10286815,108638872.00
2014/02/20,10.36,10.46,10.01,10.07,8507309,87899024.00
2014/02/21,10.12,10.32,10.04,10.31,8068634,83369928.00
2014/02/24,10.20,10.20,9.92,10.15,8199583,83402720.00
2014/02/25,10.17,10.19,9.20,9.38,9590920,94810120.00
2014/02/26,9.27,9.32,9.00,9.31,5861711,54666784.00
2014/02/27,9.31,9.70,9.26,9.28,7434033,71487280.00
2014/02/28,9.28,9.49,9.14,9.46,5195157,49104804.00
2014/03/03,9.61,9.80,9.57,9.73,6494977,63822208.00
2014/03/04,9.68,10.26,9.61,10.21,15586094,158863760.00
2014/03/05,10.14,10.32,9.98,10.03,7721725,78881280.00
2014/03/06,10.01,10.04,9.76,9.88,5416546,54173424.00
2014/03/07,9.88,10.11,9.78,9.87,4443707,44725828.00
2014/03/10,9.77,9.77,9.22,9.30,6164466,58782988.00
2014/03/11,9.31,9.37,9.11,9.22,4893193,45899928.00
2014/03/12,9.15,9.26,8.92,9.06,4705273,43337628.00
2014/03/13,9.07,9.31,8.99,9.26,6278396,58409760.00
2014/03/14,9.13,9.21,9.08,9.17,3333586,30889910.00
2014/03/17,9.22,9.39,9.19,9.37,3819387,36027268.00
2014/03/18,9.36,9.40,9.24,9.27,4037128,38177952.00
2014/03/19,9.27,9.30,9.04,9.22,4554045,42244832.00
2014/03/20,9.17,9.28,8.94,8.95,4103465,38031720.00
2014/03/21,8.95,9.15,8.80,9.15,4569664,41670024.00
2014/03/24,9.11,9.34,9.07,9.32,4364930,40775948.00
2014/03/25,9.27,9.58,9.24,9.40,5376035,51245552.00
2014/03/26,9.43,9.65,9.32,9.57,5336622,51276840.00
2014/03/27,9.59,9.73,9.44,9.46,12477467,121545584.00
2014/03/28,9.27,9.32,8.95,8.97,8888658,82066168.00
2014/03/31,8.95,9.12,8.89,9.03,6532401,59881672.00
2014/04/01,8.96,9.42,8.96,9.26,6570366,61486964.00
2014/04/02,9.27,9.47,9.19,9.36,6124373,57855360.00
2014/04/03,9.41,9.52,9.19,9.38,7358365,69761608.00
2014/04/04,9.36,9.73,9.29,9.72,11269095,108660536.00
2014/04/08,9.68,9.81,9.58,9.71,11047236,108904512.00
2014/04/09,9.73,9.76,9.56,9.64,7398043,72301840.00
2014/04/10,9.63,9.66,9.51,9.58,6125410,59502984.00
2014/04/11,9.53,9.73,9.43,9.70,5703052,55574712.00
2014/04/14,9.74,9.74,9.53,9.63,4580535,44583288.00
2014/04/15,9.71,9.81,9.45,9.46,4832559,47035852.00
2014/04/16,9.46,9.52,9.34,9.49,4369559,41779596.00
2014/04/17,9.50,9.50,9.28,9.31,3342270,31852748.00
2014/04/18,9.31,9.41,9.27,9.40,2281511,21609966.00
2014/04/21,9.28,9.39,9.08,9.13,3762217,35224512.00
2014/04/22,9.07,9.18,9.02,9.14,3327721,30701758.00
2014/04/23,9.14,9.34,9.10,9.33,3690385,34488320.00
2014/04/24,9.32,9.37,9.12,9.14,2811252,26394994.00
2014/04/25,9.14,9.17,8.78,8.83,4203002,38012960.00
2014/04/28,8.85,8.85,8.53,8.54,2045529,17891404.00
2014/04/29,8.52,8.72,8.48,8.72,1812274,15885415.00
2014/04/30,8.76,8.80,8.67,8.79,1354391,12049407.00
2014/05/05,8.80,8.89,8.76,8.86,1347889,12071916.00
2014/05/06,8.80,8.92,8.79,8.82,1512691,13599844.00
2014/05/07,8.77,8.85,8.66,8.76,2165018,19196128.00
2014/05/08,8.73,9.05,8.70,9.03,4607625,41778160.00
2014/05/09,9.03,9.07,8.92,9.04,2433508,22197040.00
2014/05/12,9.07,9.30,8.99,9.29,7153226,66571592.00
2014/05/13,9.22,9.23,9.08,9.17,4784302,44543076.00
2014/05/14,9.16,9.18,9.08,9.10,1764970,16327738.00
2014/05/15,9.03,9.28,9.03,9.05,3493523,32499448.00
2014/05/16,8.97,9.08,8.79,8.94,2309951,20943516.00
2014/05/19,9.06,9.17,8.85,8.93,2310374,21075232.00
2014/05/20,8.97,9.02,8.88,8.93,1759764,15968013.00
2014/05/21,8.90,9.03,8.83,9.02,1698161,15441647.00
2014/05/22,9.04,9.17,8.99,9.00,2587137,23810004.00
2014/05/23,9.02,9.06,8.91,9.05,1632776,14886694.00
2014/05/26,9.12,9.14,9.02,9.08,2116832,19476694.00
2014/05/27,9.08,9.09,8.95,8.96,1767290,16158997.00
2014/05/28,8.95,9.10,8.93,9.06,2411479,22072894.00
2014/05/29,9.07,9.10,8.93,8.94,2055363,18819704.00
2014/06/03,9.05,9.15,9.00,9.02,2749439,25325504.00
2014/06/04,9.00,9.00,8.77,8.85,2299007,20655704.00
2014/06/05,8.79,8.92,8.79,8.92,1609497,14469116.00
2014/06/06,8.89,8.92,8.78,8.88,1760363,15793816.00
2014/06/09,8.77,8.88,8.77,8.81,1398326,12530335.00
2014/06/10,8.85,8.93,8.74,8.91,1730322,15542348.00
2014/06/11,8.90,8.97,8.87,8.96,1620688,14681090.00
2014/06/12,8.96,9.06,8.93,9.02,2436239,22284644.00
2014/06/13,9.02,9.11,8.95,9.09,3387342,31129808.00
2014/06/16,9.10,9.23,9.05,9.17,3458182,32040628.00
2014/06/17,9.12,9.13,8.97,9.00,3036392,27860748.00
2014/06/18,8.98,9.12,8.94,8.95,2591854,23748764.00
2014/06/19,8.91,9.00,8.56,8.61,2744605,24400586.00
2014/06/20,8.62,8.72,8.58,8.71,1674020,14662453.00
2014/06/23,8.75,8.82,8.73,8.75,1288781,11442106.00
2014/06/24,8.72,9.19,8.71,9.08,4744284,43169784.00
2014/06/25,9.00,9.12,8.95,8.97,2849438,25991772.00
2014/06/26,8.95,9.08,8.92,9.00,2987981,27225202.00
2014/06/27,9.00,9.20,8.96,9.17,5726535,52852740.00
2014/06/30,9.24,10.10,9.23,10.10,16337401,164392432.00
2014/07/01,10.90,11.12,10.46,10.57,52614062,572309120.00
2014/07/02,10.41,11.40,10.31,11.05,41467443,458166528.00
2014/07/03,10.72,10.90,10.52,10.64,23320572,251328528.00
2014/07/04,10.53,10.69,10.33,10.56,15732482,166844720.00
2014/07/07,10.49,11.17,10.47,10.80,26182796,287789088.00
2014/07/08,10.86,10.99,10.50,10.76,16461908,177595120.00
2014/07/09,10.60,11.85,10.49,11.85,37392764,436442112.00
2014/07/10,12.03,13.05,11.92,13.05,78018707,993215424.00
2014/07/11,12.78,14.16,12.45,13.41,68759908,911895488.00
2014/07/14,13.68,13.83,13.05,13.19,42612900,573688256.00
2014/07/15,13.00,13.82,12.94,13.24,39443395,531376672.00
2014/07/16,12.94,12.98,11.92,12.05,35128716,436948192.00
2014/07/17,11.90,12.25,11.52,11.85,25055039,298992672.00
2014/07/18,11.86,12.04,11.67,11.82,15977346,190758960.00
2014/07/21,11.86,12.57,11.48,12.51,32001594,387420128.00
2014/07/22,12.10,12.31,11.95,12.15,21953236,268332560.00
2014/07/23,12.16,12.56,11.81,11.95,21861304,269955936.00
2014/07/24,12.01,12.03,10.90,11.41,18795298,217571008.00
2014/07/25,11.42,11.63,11.27,11.49,9116857,105516976.00
2014/07/28,11.62,12.12,11.54,12.10,19541249,234337152.00
2014/07/29,12.30,12.70,12.20,12.48,29636832,372942400.00
2014/07/30,12.34,13.49,12.26,12.88,31732012,411193856.00
2014/07/31,12.70,13.06,12.55,12.79,18220702,235029040.00
2014/08/01,12.71,12.95,12.20,12.21,17353101,219654224.00
2014/08/04,12.18,12.66,12.16,12.40,11865065,148964880.00
2014/08/05,12.40,12.73,12.21,12.60,13961297,176153808.00
2014/08/06,12.47,13.25,12.40,12.83,20568043,266576560.00
2014/08/07,12.96,13.27,12.79,12.95,20578859,270218368.00
2014/08/08,12.86,13.14,12.74,12.94,14219063,185695536.00
2014/08/11,13.61,14.24,13.61,14.24,14382602,205265136.00
2014/08/12,15.56,15.56,14.38,14.82,54279602,812384448.00
2014/08/13,14.68,14.85,14.10,14.38,28685237,414765856.00
2014/08/14,14.30,14.30,13.70,13.74,22600140,319375296.00
2014/08/15,13.66,13.98,13.66,13.87,14022774,195228736.00
2014/08/18,13.87,14.04,13.72,14.00,12159845,170249600.00
2014/08/19,13.94,14.37,13.66,14.18,21123924,298631648.00
2014/08/20,14.08,14.38,13.80,13.93,16936908,240268992.00
2014/08/21,13.90,14.27,13.82,13.99,14242283,201687248.00
2014/08/22,13.92,14.06,13.70,13.86,11235166,156581728.00
2014/08/25,13.80,13.86,13.50,13.57,9080917,124604360.00
2014/08/26,13.51,13.69,13.30,13.31,7927324,107622272.00
2014/08/27,13.32,13.87,13.31,13.62,9912430,136666944.00
2014/08/28,13.68,13.95,13.50,13.53,10886268,150571152.00
2014/08/29,13.45,13.85,13.45,13.80,7915152,109615256.00
2014/09/01,14.11,14.56,14.10,14.21,16540130,238119456.00
2014/09/02,14.22,15.46,14.20,15.01,37089809,552397952.00
2014/09/03,15.02,15.09,14.58,14.78,24498073,365226272.00
2014/09/04,14.72,15.45,14.66,15.02,26871512,409909216.00
2014/09/05,14.85,14.94,14.74,14.86,12354567,184459824.00
2014/09/09,14.89,15.10,14.71,14.84,11040281,165171824.00
2014/09/10,15.65,16.32,15.22,15.57,37817048,598024000.00
2014/09/11,15.19,15.62,15.07,15.32,22049434,340629920.00
2014/09/12,15.40,15.55,15.23,15.50,16097375,250017920.00
2014/09/15,15.50,15.82,15.25,15.40,18773360,292287040.00
2014/09/16,15.34,15.35,14.48,14.51,17503986,263220976.00
2014/09/17,14.60,14.69,14.31,14.65,8334984,121962408.00
2014/09/18,14.66,14.75,14.51,14.66,5847633,86281376.00
2014/09/19,14.61,15.00,14.61,14.95,7360522,109688152.00
2014/09/22,15.04,15.04,14.56,14.73,5753416,85218768.00
2014/09/23,14.80,15.41,14.74,15.19,15217889,232810304.00
2014/09/24,15.02,15.71,15.02,15.49,18551089,288832384.00
2014/09/25,15.52,16.28,15.41,15.93,29600431,473148032.00
2014/09/26,15.75,15.92,15.42,15.69,13314676,209942400.00
2014/09/29,15.67,15.96,15.47,15.54,9651167,152062928.00
2014/09/30,15.54,15.60,15.30,15.40,8273177,128148072.00
2014/10/08,15.42,15.80,15.38,15.79,10375628,163759568.00
2014/10/09,16.31,16.42,15.46,15.63,16633918,266183328.00
2014/10/10,15.38,15.87,15.15,15.62,12342143,193373920.00
2014/10/13,15.60,16.08,15.48,15.95,15665615,249637136.00
2014/10/14,15.86,16.16,15.45,15.59,13148136,209236304.00
2014/10/15,15.58,15.59,15.05,15.20,10594262,162625984.00
2014/10/16,15.10,15.32,14.62,14.64,9985501,150860336.00
2014/10/17,14.59,14.69,14.11,14.49,9710713,140589008.00
2014/10/20,14.50,14.67,14.44,14.61,7001125,102693104.00
2014/10/21,14.67,14.67,14.29,14.33,5078957,73943488.00
2014/10/22,14.35,14.83,14.28,14.47,8019293,117727576.00
2014/10/23,14.47,14.70,14.35,14.64,7701517,112915736.00
2014/10/24,14.64,14.75,14.45,14.47,5455251,80306920.00
2014/10/27,14.47,14.81,14.23,14.68,6628719,97356664.00
2014/10/28,14.93,15.10,14.74,15.10,9271639,139869952.00
2014/10/29,15.19,15.39,15.02,15.28,12152354,186276016.00
2014/10/30,15.27,15.35,14.77,14.85,10439306,158076080.00
2014/10/31,14.81,14.90,14.54,14.67,6097170,90163672.00
2014/11/03,14.79,15.10,14.75,14.94,7085871,106759792.00
2014/11/04,14.90,14.90,14.65,14.69,4363331,64732536.00
2014/11/05,14.68,14.98,14.66,14.80,4731936,70798464.00
2014/11/06,14.90,14.96,14.66,14.87,4518555,67404944.00
2014/11/07,14.89,15.01,14.69,14.73,5561699,83223776.00
2014/11/10,14.66,14.77,14.34,14.55,6545680,95480240.00
2014/11/11,14.59,14.70,13.54,13.69,9674701,136462512.00
2014/11/12,13.60,13.96,13.59,13.83,4314466,59837216.00
2014/11/13,13.83,13.83,13.03,13.21,6457810,86719760.00
2014/11/14,13.20,13.48,13.10,13.33,3456090,46333064.00
2014/11/17,13.32,13.67,13.20,13.48,3496596,47608924.00
2014/11/18,13.51,13.70,13.41,13.51,2943253,40145468.00
2014/11/19,13.53,13.85,13.30,13.76,6164384,84348352.00
2014/11/20,14.14,14.20,13.62,13.68,6097609,85050392.00
2014/11/21,13.57,13.77,13.50,13.71,3364710,46181096.00
2014/11/24,13.83,13.93,13.65,13.76,5211175,72316640.00
2014/11/25,13.80,14.00,13.80,13.91,4909232,68815856.00
2014/11/26,13.92,14.27,13.73,14.09,7929250,112031208.00
2014/11/27,14.07,14.18,13.92,14.05,5974885,84428032.00
2014/11/28,14.10,14.14,13.80,13.91,5950762,83802296.00
2014/12/01,13.90,13.90,13.43,13.49,5318785,72943352.00
2014/12/02,13.49,13.67,13.35,13.58,3975313,54336960.00
2014/12/03,13.60,14.00,13.36,13.99,9479632,130138592.00
2014/12/04,13.92,14.23,13.90,14.14,9089000,129079000.00
2014/12/05,14.30,15.56,13.66,15.56,39488615,597684608.00
2014/12/08,15.85,17.03,15.78,16.37,40192763,663783360.00
2014/12/09,16.25,16.68,14.72,14.72,26751807,420983552.00
2014/12/10,14.53,15.25,13.91,15.02,14259966,211199760.00
2014/12/11,14.95,15.77,14.70,15.43,14172977,217046144.00
2014/12/12,15.29,15.39,14.95,15.26,8241038,126030864.00
2014/12/15,14.61,15.74,14.40,15.43,13582052,209278016.00
2014/12/16,15.43,16.17,15.32,15.69,18159131,289193952.00
2014/12/17,15.68,15.68,15.00,15.24,14182687,217723216.00
2014/12/18,15.20,16.30,15.03,15.71,21709892,346144096.00
2014/12/19,15.40,15.48,14.77,15.19,13376481,203471104.00
2014/12/22,15.29,15.42,13.66,13.86,15050079,219107072.00
2014/12/23,13.89,14.20,13.55,13.70,5913729,83109208.00
2014/12/24,13.72,14.29,13.72,14.14,6244205,88300784.00
2014/12/25,14.10,14.40,13.93,14.31,6442990,92080888.00
2014/12/26,14.29,14.40,14.13,14.38,6049097,87049192.00
2014/12/29,14.35,14.35,13.80,13.99,6674780,94010880.00
2014/12/30,13.90,14.16,13.68,13.72,4893424,68509896.00
2014/12/31,13.84,14.05,13.80,13.95,4389983,61623412.00
2015/01/05,13.97,14.05,13.48,13.89,6160718,85415936.00
2015/01/06,13.83,14.57,13.73,14.35,10716488,153700672.00
2015/01/07,14.21,14.24,13.90,14.09,5815001,82318080.00
2015/01/08,14.08,14.18,13.91,13.94,4687792,66401512.00
2015/01/09,13.82,14.05,13.73,13.79,4209531,58860688.00
2015/01/12,13.73,13.73,13.22,13.32,4867502,66097512.00
2015/01/13,13.32,13.58,13.32,13.40,3201519,43298400.00
2015/01/14,13.88,13.92,13.58,13.67,6865325,95266968.00
2015/01/15,13.67,13.82,13.49,13.77,4232696,58471592.00
2015/01/16,13.79,13.88,13.64,13.86,5078258,70429152.00
2015/01/19,13.23,13.81,13.10,13.28,5670106,76975000.00
2015/01/20,13.50,13.75,13.35,13.74,5371558,73402768.00
2015/01/21,13.80,14.08,13.72,14.04,6863322,96431960.00
2015/01/22,14.04,15.04,13.94,14.88,17172607,250997680.00
2015/01/23,14.70,14.77,14.35,14.43,11199200,163743264.00
2015/01/26,14.58,14.78,14.46,14.60,6009515,88228968.00
2015/01/27,14.63,14.84,14.50,14.74,8270865,122261664.00
2015/01/28,14.69,14.69,14.41,14.44,5596829,81827952.00
2015/01/29,14.28,14.45,14.24,14.25,3749389,54095380.00
2015/01/30,14.36,14.47,14.15,14.21,3920284,56597108.00
2015/02/02,14.00,14.38,13.91,14.18,3268596,46694924.00
2015/02/03,14.20,14.41,14.10,14.38,4083540,58788608.00
2015/02/04,14.41,14.64,14.30,14.33,6067809,88489392.00
2015/02/05,14.42,14.51,14.10,14.12,5879676,84314184.00
2015/02/06,14.10,14.17,13.54,13.63,3914624,54268544.00
2015/02/09,13.69,13.88,13.65,13.74,2624763,36312236.00
2015/02/10,13.75,13.91,13.74,13.83,2489239,34658440.00
2015/02/11,13.91,14.00,13.82,13.93,2086095,29246292.00
2015/02/12,13.93,13.99,13.80,13.91,2623534,36691396.00
2015/02/13,13.96,14.20,13.93,14.13,4086801,58109344.00
2015/02/16,14.14,14.42,14.12,14.39,4247840,61292976.00
2015/02/17,14.39,14.50,14.24,14.35,5855900,84737072.00
2015/02/25,14.40,14.65,14.30,14.50,5264359,76751992.00
2015/02/26,14.48,14.53,14.38,14.52,5402744,78672080.00
2015/02/27,14.65,15.48,14.63,14.93,18079842,274809632.00
2015/03/02,15.00,15.10,14.77,15.10,11099105,167272352.00
2015/03/03,15.04,15.56,14.88,15.24,16530367,253704800.00
2015/03/04,15.20,15.59,15.16,15.43,12798383,198013536.00
2015/03/05,15.46,15.53,15.16,15.28,9743151,149797184.00
2015/03/06,15.23,15.25,14.82,14.84,8749681,132305112.00
2015/03/09,14.74,15.10,14.63,15.09,5866750,88008544.00
2015/03/10,15.09,15.33,15.00,15.11,6182795,94521280.00
2015/03/11,15.10,15.43,14.88,14.98,7379200,112316888.00
2015/03/12,14.98,15.23,14.92,15.02,7073907,107417856.00
2015/03/13,15.17,15.31,15.09,15.18,5571436,85106672.00
2015/03/16,15.38,15.59,15.20,15.57,15713797,243853424.00
2015/03/17,15.82,16.12,15.58,15.81,20862998,332184480.00
2015/03/18,15.85,16.18,15.70,16.07,14183419,226939600.00
2015/03/19,16.19,16.19,15.73,15.88,14190607,227388544.00
2015/03/20,15.87,15.98,15.70,15.88,11568626,184296000.00
2015/03/23,15.99,16.32,15.85,16.29,19268499,311103488.00
2015/03/24,16.30,16.65,15.65,16.36,21655995,353288352.00
2015/03/25,16.25,16.70,15.96,16.49,18289199,300330720.00
2015/03/26,16.56,16.87,16.07,16.48,17928382,298200000.00
2015/03/27,16.48,16.69,16.21,16.54,12846190,212905536.00
2015/03/30,16.60,17.02,16.45,16.86,19218403,323028160.00
2015/03/31,16.87,17.28,16.62,16.79,19626527,334878400.00
2015/04/01,16.72,16.94,16.55,16.90,15759679,265658032.00
2015/04/02,16.92,17.18,16.80,16.96,17174126,292928896.00
2015/04/03,16.99,17.80,16.89,17.61,26025000,454503904.00
2015/04/07,17.55,17.73,17.31,17.66,17953218,316442592.00
2015/04/08,17.64,17.78,16.92,17.02,18157756,315020448.00
2015/04/09,17.02,17.24,15.87,16.40,17293404,285008448.00
2015/04/10,16.30,17.10,16.22,16.99,12997077,218916784.00
2015/04/13,17.00,18.10,16.87,18.08,23784745,422159104.00
2015/04/14,17.91,18.76,17.81,17.88,22969292,421928352.00
2015/04/15,17.60,18.07,16.87,17.21,14274648,250063888.00
2015/04/16,16.85,18.00,16.46,17.60,14048028,246140176.00
2015/04/17,17.66,18.65,17.45,18.21,22744424,413150848.00
2015/04/20,18.01,19.30,17.60,18.65,29655640,551299968.00
2015/04/21,18.82,20.26,18.60,19.83,30980550,610343424.00
2015/04/22,19.84,20.12,19.60,19.90,23012094,460053440.00
2015/04/23,19.90,20.19,19.54,19.61,15350440,305555104.00
2015/04/24,19.28,20.09,19.00,19.30,13336687,261308560.00
2015/04/27,19.50,20.28,19.50,19.89,18990206,380461632.00
2015/04/28,19.89,19.90,18.70,18.90,14333203,278040000.00
2015/04/29,18.93,19.87,18.51,19.83,13953470,272977632.00
2015/04/30,19.80,20.15,19.60,19.64,14685925,293743136.00
2015/05/04,19.73,21.08,19.54,21.04,19659381,398043552.00
2015/05/05,20.90,20.98,19.68,19.74,17242144,350531680.00
2015/05/06,19.76,19.98,18.79,18.93,10469416,204191536.00
2015/05/07,18.80,19.04,17.75,17.87,8685009,161144320.00
2015/05/08,18.20,18.64,18.01,18.58,8619617,158746128.00
2015/05/11,18.69,19.57,18.69,19.54,10427367,200730944.00
2015/05/12,19.54,20.30,19.31,20.07,16353279,325158848.00
2015/05/13,19.90,20.35,19.42,19.62,12416996,247732112.00
2015/05/14,19.62,20.22,19.52,19.99,11834270,237334416.00
2015/05/15,20.21,21.50,20.21,21.16,25222731,528643936.00
2015/05/18,20.95,23.17,20.70,22.86,20736336,466497824.00
2015/05/19,22.90,23.45,22.17,22.97,15162334,347845184.00
2015/05/20,23.26,25.28,23.06,25.28,12190964,304786368.00
2015/05/21,26.20,27.82,25.90,27.04,23426807,631480000.00
2015/05/22,27.06,29.64,25.99,28.93,21353458,576935872.00
2015/05/25,27.70,30.90,27.42,29.94,23053131,686682944.00
2015/05/26,30.47,31.79,29.60,31.61,22820657,703878848.00
2015/05/27,31.50,32.55,30.03,30.35,23490847,735282176.00
2015/05/28,30.20,31.01,27.31,27.31,24939979,728494912.00
2015/05/29,26.40,28.20,26.02,27.70,18285903,501647424.00
2015/06/01,27.80,30.38,27.41,29.99,15599874,457737632.00
2015/06/02,30.37,30.70,29.41,30.39,12369229,373787744.00
2015/06/03,30.62,31.74,29.97,30.98,15937008,493821216.00
2015/06/04,31.02,31.47,28.38,30.77,11442031,346846080.00
2015/06/05,31.04,32.75,30.97,31.98,13823799,441002016.00
2015/06/08,32.07,32.15,29.80,30.05,15541766,473476096.00
2015/06/09,29.91,30.92,28.98,29.96,8368300,252173856.00
2015/06/10,29.94,32.96,29.17,32.96,19403101,619773056.00
2015/06/11,33.48,34.32,32.03,33.33,17785800,587432256.00
2015/06/12,33.52,36.67,32.77,36.67,23861137,842456448.00
2015/06/15,36.72,38.52,35.32,36.46,21892716,811449280.00
2015/06/16,35.27,36.03,32.97,34.76,13588420,471749248.00
2015/06/17,33.97,37.97,32.97,37.03,15760000,552932928.00
2015/06/18,36.57,38.17,35.55,36.00,12779511,472524448.00
2015/06/19,34.87,36.13,32.98,33.17,11844189,408913792.00
2015/06/23,32.97,35.97,29.85,35.53,16796965,559344256.00
2015/06/24,35.67,39.09,34.97,38.48,23888139,889467072.00
2015/06/25,37.05,38.67,34.77,35.98,18867903,699516736.00
2015/06/26,33.97,34.77,32.38,32.38,13221457,438301088.00
2015/06/29,32.97,33.27,29.14,29.14,21293382,662694912.00
2015/06/30,28.17,30.63,26.22,30.13,15424225,438339552.00
2015/07/01,29.87,30.38,27.11,27.11,14570653,420630464.00
2015/07/02,27.37,27.57,24.40,24.40,11264589,281501824.00
2015/07/03,21.96,23.96,21.96,21.96,10097273,224893728.00
2015/07/06,23.77,23.77,19.76,19.76,22733017,475768896.00
2015/07/07,18.47,18.47,17.78,17.78,4039919,72131152.00
2015/07/08,16.00,16.00,16.00,16.00,385700,6182771.00
2015/07/13,17.60,17.60,17.60,17.60,1692343,29836008.00
2015/07/14,19.36,19.36,19.36,19.36,169307,3282863.00
2015/07/15,21.30,21.30,19.55,19.58,44030926,912407936.00
2015/07/16,17.89,21.30,17.82,20.86,22610745,456896288.00
2015/07/17,21.51,22.95,21.02,22.95,16751729,377656288.00
2015/07/20,24.17,25.25,23.85,25.25,36329906,906387008.00
2015/07/21,25.17,26.55,23.97,25.49,31335047,806303680.00
2015/07/22,25.32,27.55,24.98,26.57,26869227,710742720.00
2015/07/23,26.67,28.03,25.57,27.34,26415713,701095360.00
2015/07/24,26.97,28.92,26.47,27.26,29636661,820377408.00
2015/07/27,26.45,28.17,24.53,24.53,24709349,657914816.00
2015/07/28,22.67,25.77,22.07,22.97,23170824,537967808.00
2015/07/29,23.58,25.27,22.75,25.27,20783722,494665888.00
2015/07/30,25.57,27.47,24.57,25.65,26970183,712130304.00
2015/07/31,25.00,25.96,23.17,23.91,16788600,415614048.00
2015/08/03,22.77,23.64,21.52,21.54,13177180,290969216.00
2015/08/04,21.47,23.70,21.46,23.70,19829452,449751904.00
2015/08/05,23.84,24.57,22.68,23.37,22370999,532385024.00
2015/08/06,22.57,24.26,22.17,23.39,14744938,348356576.00
2015/08/07,23.92,24.47,23.54,24.36,18556898,446704192.00
2015/08/10,25.30,26.76,24.64,26.28,20835734,535578656.00
2015/08/11,26.28,26.96,25.35,26.08,21890474,573717504.00
2015/08/12,26.47,27.52,26.07,26.23,23832387,640877824.00
2015/08/13,25.77,26.92,24.77,26.80,19241356,496998208.00
2015/08/14,26.65,27.42,25.98,26.77,20008856,536032768.00
2015/08/17,26.87,28.96,26.77,28.70,28452660,803999424.00
2015/08/18,28.89,28.97,25.83,25.83,26065406,707931904.00
2015/08/19,23.92,26.52,23.26,25.67,20436742,507058784.00
2015/08/20,25.17,26.09,23.47,23.62,14287885,357056928.00
2015/08/21,22.87,24.39,21.97,22.43,14400147,335079040.00
2015/08/24,21.27,22.23,20.18,20.18,8872597,181648816.00
2015/08/25,18.16,18.76,18.16,18.16,7863741,143640992.00
2015/08/26,18.32,18.56,16.34,16.34,17340858,299133312.00
2015/08/27,16.41,17.23,14.85,17.10,15122876,249294528.00
2015/08/28,17.48,18.81,17.08,18.81,17164726,311821024.00
2015/08/31,19.47,19.52,18.15,18.57,20476636,390201088.00
2015/09/01,18.27,18.27,16.71,16.71,13368695,227205888.00
2015/09/02,15.32,17.14,15.04,15.04,12292068,191199552.00
2015/09/07,15.22,16.15,14.89,15.16,9532197,148336288.00
2015/09/08,15.14,15.77,14.09,15.65,9626500,144350192.00
2015/09/09,15.65,17.13,15.65,16.59,14013782,229869312.00
2015/09/10,16.13,18.25,15.82,18.25,35838928,643856384.00
2015/09/11,17.80,18.56,17.07,17.71,26617100,476427072.00
2015/09/14,17.88,18.12,15.94,15.94,19617408,328037504.00
2015/09/15,14.84,15.17,14.34,14.34,14597718,213207920.00
2015/09/16,14.36,15.78,14.12,15.66,15360011,230377904.00
2015/09/17,15.38,16.22,14.67,14.74,18222710,285769088.00
2015/09/18,14.92,15.13,14.44,14.81,9467793,140137456.00
2015/09/21,14.81,16.29,14.68,16.29,24185116,388046624.00
2015/09/22,16.62,17.22,15.98,16.30,22688480,375222176.00
2015/09/23,15.77,16.20,15.64,15.91,12117007,193060112.00
2015/09/24,15.97,16.63,15.97,16.25,10672704,173973568.00
2015/09/25,16.16,16.73,15.39,15.62,11951900,192742720.00
2015/09/28,15.67,16.02,15.08,15.90,7357596,115382632.00
2015/09/29,15.42,15.74,15.08,15.33,6051009,93809208.00
2015/09/30,15.53,16.70,15.42,16.25,13471876,217626144.00
2015/10/08,16.95,17.84,16.77,17.19,12185946,210119184.00
2015/10/09,17.27,18.77,16.97,17.87,19294674,347084864.00
2015/10/12,17.89,18.97,17.57,18.46,20369592,373836000.00
2015/10/13,18.17,18.72,18.04,18.47,12315960,226511120.00
2015/10/14,18.66,19.57,17.48,17.68,16329122,302984672.00
2015/10/15,17.63,19.45,17.62,19.45,22277003,416844960.00
2015/10/16,19.57,20.45,19.27,20.28,25184765,501134080.00
2015/10/19,20.06,20.12,18.97,19.51,20461870,400334304.00
2015/10/20,19.37,19.90,19.28,19.77,17866299,351912352.00
2015/10/21,19.75,19.75,17.79,17.79,18654657,348879712.00
2015/10/22,17.79,18.67,17.58,18.48,12799653,233166032.00
2015/10/23,18.51,19.41,18.34,19.06,14181620,267554656.00
2015/10/26,19.77,20.97,19.54,20.97,37663879,771194688.00
2015/10/27,21.52,23.07,21.37,23.07,48568672,1100734976.00
2015/10/28,24.28,24.77,22.60,23.07,46013162,1101157120.00
2015/10/29,22.97,25.38,22.97,25.38,41455420,1014399872.00
2015/10/30,24.47,26.22,23.75,24.56,32042287,792788992.00
2015/11/02,23.71,24.47,22.10,22.48,22373688,518755136.00
2015/11/03,22.47,23.52,21.78,22.99,22837462,517253696.00
2015/11/04,22.99,25.29,22.58,25.29,30347503,721262144.00
2015/11/05,24.97,25.76,24.17,24.78,26575200,665358784.00
2015/11/06,24.57,27.26,24.47,27.26,38669911,1018166656.00
2015/11/09,27.37,29.27,26.72,27.80,35133750,978696832.00
2015/11/10,27.11,27.96,26.95,27.43,17953478,493195680.00
2015/11/11,27.52,27.92,26.86,27.42,13458424,367472864.00
2015/11/12,27.47,29.87,27.17,28.32,22995620,656565696.00
2015/11/13,27.87,28.11,26.35,27.01,20418765,554295168.00
2015/11/16,26.49,27.40,26.03,26.73,17191384,459124384.00
2015/11/17,26.97,29.02,26.77,27.65,29089425,817277952.00
2015/11/18,27.70,28.95,26.77,27.14,19881019,558257536.00
2015/11/19,27.17,29.27,27.14,29.15,22190790,629375360.00
2015/11/20,28.98,31.27,28.98,29.89,22345419,671801408.00
2015/11/23,29.89,31.04,28.82,29.06,14519801,432375456.00
2015/11/24,28.77,29.02,26.52,27.96,23173045,638741056.00
2015/11/25,28.65,29.17,27.25,27.89,27533845,767301504.00
2015/11/26,27.54,28.80,26.98,27.89,23655086,658761408.00
2015/11/27,27.55,27.67,25.10,25.10,32411333,854074240.00
2015/11/30,24.82,25.10,22.78,24.13,20814970,497648640.00
2015/12/01,24.22,24.22,22.88,23.31,17130531,403725728.00
2015/12/02,23.47,24.37,21.17,24.31,17936985,426908832.00
2015/12/03,24.34,25.26,24.12,24.85,14163039,351113600.00
2015/12/04,24.88,25.27,24.47,24.58,13102687,326833600.00
2015/12/07,24.72,24.76,23.87,24.54,8983682,218467920.00
2015/12/08,24.47,24.51,23.38,23.44,8616250,205103824.00
2015/12/09,23.53,24.13,23.42,23.89,10862659,259481472.00
2015/12/10,23.82,23.95,22.97,23.09,9136538,213928064.00
2015/12/11,22.96,23.27,22.58,22.94,7248680,166990432.00
2015/12/14,22.38,24.17,22.38,23.91,8928994,208964480.00
2015/12/15,23.86,24.95,23.86,24.39,10675289,262714352.00
2015/12/16,24.52,24.65,23.97,24.19,6783406,164644784.00
2015/12/17,24.24,25.12,24.24,24.83,10511640,261062640.00
2015/12/18,24.96,25.27,24.55,25.16,12282798,307590368.00
2015/12/21,25.12,25.54,24.77,25.11,9278748,233450752.00
2015/12/22,25.32,25.47,24.72,25.36,8467302,213120912.00
2015/12/23,25.35,25.41,24.57,24.74,7289656,182237168.00
2015/12/24,24.67,24.90,23.59,24.09,5828542,140685344.00
2015/12/25,24.10,24.60,23.97,24.30,5007500,121715920.00
2015/12/28,24.61,25.69,24.33,24.55,11026151,275979616.00
2015/12/29,24.45,25.04,24.10,24.67,7311788,179537792.00
2015/12/30,24.92,25.94,24.68,25.47,13847870,351475072.00
2015/12/31,25.62,27.25,25.53,26.37,19187896,510397824.00
2016/01/04,27.76,27.97,24.27,24.61,20541602,558621824.00
2016/01/05,23.28,26.98,22.97,26.23,31617019,809227392.00
2016/01/06,26.17,28.31,25.67,28.06,27976087,767604160.00
2016/01/07,27.24,27.25,25.25,25.25,5275373,137725776.00
2016/01/08,25.86,26.62,23.47,25.92,18761551,482467584.00
2016/01/11,24.69,24.76,23.33,23.33,12256824,290567776.00
2016/01/12,22.07,22.96,20.99,20.99,14179345,300994560.00
2016/01/13,20.97,21.34,18.97,19.08,10649749,217360816.00
2016/01/14,18.13,20.77,18.13,20.43,10375818,201725264.00
2016/01/15,20.28,21.44,19.08,19.67,14000634,286585696.00
2016/01/18,18.88,20.36,18.57,20.06,8991159,177683488.00
2016/01/19,19.77,21.62,19.69,21.13,9781633,202787424.00
2016/01/20,20.88,21.65,20.76,20.96,9283056,197243568.00
2016/01/21,20.42,21.01,19.17,19.25,8619996,174128752.00
2016/01/22,19.77,20.45,19.29,19.98,8255311,164737152.00
2016/01/25,20.17,20.94,19.84,20.93,9084245,185856528.00
2016/01/26,20.52,21.13,18.91,19.29,10436106,209822368.00
2016/01/27,19.34,20.08,17.67,19.63,9126102,171140576.00
2016/01/28,18.71,19.17,17.66,17.96,6568207,121772016.00
2016/01/29,17.47,18.78,17.42,18.21,8904189,162567600.00
2016/02/01,18.21,18.35,16.55,17.05,6958394,122038536.00
2016/02/02,17.32,18.19,17.17,17.76,6957392,124176088.00
2016/02/03,17.47,18.47,17.27,18.36,8576570,154667312.00
2016/02/04,18.36,19.02,18.17,18.65,7888269,147402160.00
2016/02/05,18.87,18.95,18.37,18.46,5330186,99633112.00
2016/02/15,17.55,18.84,17.55,18.61,5049843,92818008.00
2016/02/16,18.75,19.57,18.66,19.41,7791458,150157584.00
2016/02/17,19.53,21.35,19.41,21.35,9214355,193192176.00
2016/02/18,21.97,22.19,20.64,20.78,16307644,346193792.00
2016/02/19,20.48,21.46,20.48,21.42,11756252,248477632.00
2016/02/22,22.25,23.00,21.83,22.20,13055214,291676256.00
2016/02/23,22.36,22.76,21.81,22.69,11784585,262483232.00
2016/02/24,22.37,23.36,21.50,22.57,12704459,286498304.00
2016/02/25,22.05,22.29,20.31,20.31,12250492,258357936.00
2016/02/26,20.59,20.88,19.27,20.00,9254918,187214416.00
2016/02/29,20.17,20.17,18.00,18.26,9277888,172193728.00
2016/03/01,18.33,18.85,17.92,18.68,8257771,152934000.00
2016/03/02,18.82,20.55,18.50,20.55,14716314,293666912.00
2016/03/03,20.96,21.47,20.52,20.95,22289652,467132544.00
2016/03/04,20.77,21.57,19.27,20.01,16802500,346923712.00
2016/03/07,20.02,20.88,19.96,20.61,12615860,257498928.00
2016/03/08,20.30,20.44,18.97,20.13,10487444,206047472.00
2016/03/09,19.47,20.86,19.36,19.74,8735412,176188000.00
2016/03/10,19.17,19.92,18.97,19.09,7532643,145914144.00
2016/03/11,18.95,19.55,18.77,19.13,6456507,123796288.00
2016/03/14,19.56,20.22,19.33,19.83,8340684,165348240.00
2016/03/15,19.77,19.81,19.17,19.62,6339620,123734440.00
2016/03/16,19.71,19.72,18.89,19.00,5309845,102336896.00
2016/03/17,19.17,19.83,19.08,19.70,10646473,208160640.00
2016/03/18,19.82,21.02,19.70,20.66,15757869,322825920.00
2016/03/21,21.13,21.72,20.68,21.65,15135980,320030272.00
2016/03/22,21.27,22.27,21.13,21.45,14987098,326657504.00
2016/03/23,21.46,21.62,20.93,21.30,8438521,179339392.00
2016/03/24,20.97,21.88,20.79,20.99,11131458,239528224.00
2016/03/25,20.92,21.33,20.52,21.06,10028693,210517504.00
2016/03/28,21.48,22.09,20.66,20.82,9820172,210353824.00
2016/03/29,20.63,20.81,19.78,20.01,8846618,178993264.00
2016/03/30,20.09,20.95,20.09,20.92,7206767,147958560.00
2016/03/31,21.23,21.36,20.62,20.86,9196416,193143648.00
2016/04/01,20.82,21.08,20.00,20.54,6097994,125458064.00
2016/04/05,20.46,21.17,20.38,21.05,6953034,145085648.00
2016/04/06,20.88,22.17,20.80,21.43,14538382,312336256.00
2016/04/07,21.23,21.40,20.60,20.65,7841958,164309904.00
2016/04/08,20.47,20.86,20.27,20.82,7073813,145450960.00
2016/04/11,20.90,21.42,20.90,21.05,10270565,217307168.00
2016/04/12,20.94,21.36,20.68,21.05,8104119,170895280.00
2016/04/13,21.15,21.58,21.07,21.26,11118533,237817328.00
2016/04/14,21.50,21.64,21.17,21.58,9505389,203565200.00
2016/04/15,21.47,21.82,21.21,21.36,8227806,176658192.00
2016/04/18,20.77,20.90,20.34,20.52,8177241,168315344.00
2016/04/19,20.73,20.79,20.17,20.56,5883528,120334200.00
2016/04/20,20.52,21.04,18.85,19.72,11866376,239693216.00
2016/04/21,19.55,19.70,19.08,19.12,6191052,120254656.00
2016/04/22,19.10,19.32,18.87,19.29,4690169,90017608.00
2016/04/25,19.25,19.42,19.17,19.23,3868725,74797952.00
2016/04/26,19.23,19.45,19.03,19.40,3097597,59644320.00
2016/04/27,19.46,19.63,19.27,19.28,3999064,77899392.00
2016/04/28,19.29,19.37,18.65,18.99,4089777,77525384.00
2016/04/29,18.95,19.14,18.83,18.86,2985660,56703520.00
2016/05/03,18.86,19.69,18.86,19.66,5347235,103351008.00
2016/05/04,19.46,19.74,19.40,19.46,5023768,98362480.00
2016/05/05,19.57,19.72,19.35,19.41,6391594,124630656.00
2016/05/06,19.40,19.51,18.19,18.22,8120710,153421120.00
2016/05/09,17.98,18.12,17.22,17.30,7645311,135238128.00
2016/05/10,17.36,17.61,17.29,17.42,3191618,55825548.00
2016/05/11,17.54,17.67,17.10,17.42,2507344,43861500.00
2016/05/12,17.22,17.36,16.85,17.28,3537039,60551224.00
2016/05/13,17.19,17.46,16.97,17.10,3248629,56108060.00
2016/05/16,17.13,17.38,17.03,17.34,3947602,68097272.00
2016/05/17,17.37,17.47,16.78,17.29,4948214,84941840.00
2016/05/18,17.12,17.12,16.66,16.86,4226363,71497216.00
2016/05/19,16.85,17.08,16.64,16.76,4200386,71115520.00
2016/05/20,16.57,17.97,16.47,17.20,6593899,113467272.00
2016/05/23,17.06,17.37,17.06,17.30,4924716,84993824.00
2016/05/24,17.27,17.27,16.86,16.96,3225112,54966180.00
2016/05/25,17.08,17.22,16.90,16.93,2931101,50034412.00
2016/05/26,16.92,17.04,16.69,16.95,3846113,64977740.00
2016/05/27,17.03,17.55,16.99,17.36,6916310,119945408.00
2016/05/30,17.18,17.24,16.95,17.05,3428129,58703272.00
2016/05/31,17.13,17.96,17.02,17.67,8063424,141729392.00
2016/06/01,17.57,18.25,17.57,18.17,10182460,183397376.00
2016/06/02,17.95,18.13,17.76,18.06,6401639,115184168.00
2016/06/03,17.99,18.04,17.70,17.92,5677813,101604264.00
2016/06/06,18.04,18.04,17.67,17.77,3891707,69431520.00
2016/06/07,17.80,17.98,17.63,17.84,4178022,74470112.00
2016/06/08,17.72,17.89,17.41,17.71,6114629,108110408.00
2016/06/13,17.47,18.08,17.13,17.16,8539776,151479104.00
2016/06/14,16.65,17.27,16.40,16.78,6793260,113558160.00
2016/06/15,16.52,17.18,16.50,17.06,6215616,105554312.00
2016/06/16,16.93,17.01,16.66,16.77,5462830,92054848.00
2016/06/17,16.85,17.32,16.83,17.03,6720861,115140288.00
2016/06/20,17.03,17.16,16.57,17.13,5273419,89152320.00
2016/06/21,17.30,17.34,16.83,16.92,4918693,84511904.00
2016/06/22,16.82,17.30,16.80,17.27,4855318,83325976.00
2016/06/23,17.22,18.12,17.22,18.00,12587184,223562368.00
2016/06/24,17.72,18.17,17.00,17.63,9950506,176975904.00
2016/06/27,17.59,18.93,17.59,18.79,16986775,314477664.00
2016/06/28,18.57,18.70,18.05,18.53,12948084,238520768.00
2016/06/29,18.58,18.77,18.32,18.40,7213616,133713504.00
2016/06/30,18.37,18.53,18.27,18.37,4010918,73797928.00
2016/07/01,18.37,19.10,18.30,18.39,7988444,149625824.00
2016/07/04,18.35,19.56,18.06,19.30,16188937,308120000.00
2016/07/05,19.27,20.27,19.15,19.22,21656762,426648672.00
2016/07/06,19.15,19.46,18.97,19.29,8569875,164983104.00
2016/07/07,19.27,19.29,18.57,18.93,8722006,165249296.00
2016/07/08,18.94,20.12,18.76,19.42,14727133,288328480.00
2016/07/11,20.12,20.50,19.37,19.70,17088238,343325728.00
2016/07/12,19.44,20.47,19.37,20.20,15648421,313726816.00
2016/07/13,20.14,20.40,19.75,20.03,12643857,253126224.00
2016/07/14,19.89,20.38,19.66,19.89,7797260,155261760.00
2016/07/15,19.76,19.90,19.46,19.50,5412804,106244072.00
2016/07/18,19.40,19.66,19.14,19.17,4351345,84289368.00
2016/07/19,19.15,19.34,19.10,19.29,3352133,64454496.00
2016/07/20,19.30,19.39,19.16,19.18,3203789,61785168.00
2016/07/21,19.22,19.34,19.11,19.21,3044414,58591936.00
2016/07/22,19.37,19.56,19.05,19.08,5495870,106361160.00
2016/07/25,18.95,19.13,18.79,18.86,3932035,74413848.00
2016/07/26,18.86,19.14,18.84,19.08,4482868,85031600.00
2016/07/27,19.10,19.49,18.03,18.40,9679635,181894528.00
2016/07/28,18.37,18.69,18.17,18.49,4476976,82798072.00
2016/07/29,18.45,18.45,17.84,17.88,5018978,90769768.00
2016/08/01,17.84,17.96,17.31,17.34,4906702,85948392.00
2016/08/02,17.28,17.64,17.28,17.45,3436038,60021584.00
2016/08/03,17.45,17.61,17.29,17.50,2422851,42418024.00
2016/08/04,17.51,17.67,17.35,17.66,2934342,51519000.00
2016/08/05,17.64,17.66,17.39,17.44,2693867,47096740.00
2016/08/08,17.47,18.27,17.29,18.22,6532142,117073104.00
2016/08/09,18.16,18.16,17.87,18.13,4409334,79363312.00
2016/08/10,18.13,18.26,17.84,17.91,4157488,74798904.00
2016/08/11,17.99,17.99,17.46,17.49,3235325,57108880.00
2016/08/12,17.54,17.74,17.49,17.64,2366982,41740084.00
2016/08/15,17.64,18.12,17.61,18.04,4705468,84370992.00
2016/08/16,18.07,18.29,18.00,18.08,4418359,80253696.00
2016/08/17,18.05,18.41,18.01,18.30,4600303,84239368.00
2016/08/18,18.27,18.29,17.94,18.04,4619116,83699760.00
2016/08/19,17.99,18.12,17.87,17.95,2996995,53916048.00
2016/08/22,17.92,17.99,17.65,17.69,3246276,57855812.00
2016/08/23,17.71,17.87,17.59,17.80,1872175,33289992.00
2016/08/24,17.80,18.04,17.76,17.82,2782255,49806064.00
2016/08/25,17.71,18.16,17.39,18.08,5058136,90689272.00
2016/08/26,18.01,18.22,17.93,18.07,3763525,67990200.00
2016/08/29,18.19,18.34,17.92,17.99,2817535,50961516.00
2016/08/30,17.99,18.47,17.91,18.24,5138786,93790424.00
2016/08/31,18.19,18.23,17.96,18.08,2671625,48274328.00
2016/09/01,18.14,18.17,17.76,17.77,3207343,57550124.00
2016/09/02,17.76,17.84,17.62,17.71,2037075,36141080.00
2016/09/05,17.79,17.89,17.71,17.77,1357158,24176906.00
2016/09/06,17.87,18.02,17.63,18.01,2758779,49349244.00
2016/09/07,18.01,18.17,17.94,17.97,4449622,80328888.00
2016/09/08,17.89,18.06,17.82,17.98,2460674,44150376.00
2016/09/09,17.96,18.07,17.87,17.99,2661453,47852148.00
2016/09/12,17.79,17.90,17.39,17.46,3718050,65458744.00
2016/09/13,17.54,17.67,17.40,17.59,1744101,30599918.00
2016/09/14,17.44,17.63,17.38,17.44,1361443,23813844.00
2016/09/19,17.45,17.62,17.40,17.43,2020755,35347488.00
2016/09/20,17.44,17.59,17.32,17.34,1479630,25747500.00
2016/09/21,17.34,17.44,17.34,17.39,1065229,18524744.00
2016/09/22,17.46,17.53,17.39,17.41,1477417,25794866.00
2016/09/23,17.41,17.49,17.15,17.17,2068170,35687824.00
2016/09/26,17.16,17.19,16.67,16.74,2538618,42925076.00
2016/09/27,16.69,16.89,16.68,16.87,1521879,25549396.00
2016/09/28,16.85,16.87,16.70,16.78,1713331,28751398.00
2016/09/29,16.75,16.89,16.71,16.72,1406250,23656766.00
2016/09/30,16.78,17.24,16.75,17.09,2881852,49216760.00
2016/10/10,17.10,17.56,17.08,17.43,2785502,48529056.00
2016/10/11,17.40,17.77,17.40,17.75,4567380,80659392.00
2016/10/12,17.60,17.95,17.53,17.69,3068814,54521468.00
2016/10/13,17.69,17.84,17.62,17.72,1829111,32480132.00
2016/10/14,17.65,17.81,17.54,17.70,1467428,25947096.00
2016/10/17,17.87,17.96,17.30,17.33,2169590,38112144.00
2016/10/18,17.29,17.65,17.27,17.61,2472419,43289032.00
2016/10/19,17.65,17.92,17.61,17.75,2762573,49089836.00
2016/10/20,17.76,17.79,17.37,17.56,2441159,42822052.00
2016/10/21,17.63,17.63,17.30,17.46,1660098,28959358.00
2016/10/24,17.46,17.70,17.31,17.54,2217920,38931576.00
2016/10/25,17.57,17.67,17.44,17.54,1765278,30983292.00
2016/10/26,17.56,17.84,17.50,17.78,3747877,66323576.00
2016/10/27,17.78,17.83,17.34,17.43,3218413,56398628.00
2016/10/28,17.52,17.58,17.22,17.26,2175062,37851608.00
2016/10/31,17.25,17.76,17.21,17.68,3626193,63660608.00
2016/11/01,17.61,17.76,17.55,17.73,2511454,44411720.00
2016/11/02,17.72,17.76,17.37,17.39,3126939,54861596.00
2016/11/03,17.44,17.99,17.40,17.84,5844670,103507048.00
2016/11/04,17.85,17.93,17.64,17.71,3224744,57353152.00
2016/11/07,17.77,17.82,17.52,17.70,2790099,49261512.00
2016/11/08,17.74,17.86,17.54,17.79,3759593,66598984.00
2016/11/09,17.76,17.78,17.11,17.37,4419835,77129840.00
2016/11/10,17.50,17.55,17.29,17.49,3830167,66813744.00
2016/11/11,17.50,17.72,17.37,17.68,4078426,71760192.00
2016/11/14,17.66,18.13,17.66,18.06,7242318,129674936.00
2016/11/15,18.00,18.12,17.71,17.93,5008802,89528568.00
2016/11/16,17.93,18.34,17.85,18.19,8297852,150626560.00
2016/11/17,18.06,18.30,17.99,18.26,6249033,113572576.00
2016/11/18,18.23,18.32,17.97,18.01,4353055,78676880.00
2016/11/21,17.97,18.77,17.90,18.33,8666328,159667664.00
2016/11/22,18.35,18.67,18.30,18.46,5912289,109074808.00
2016/11/23,18.44,18.89,18.30,18.71,10339847,193308816.00
2016/11/24,18.59,19.02,18.50,18.71,6641961,124738616.00
2016/11/25,18.68,18.76,18.30,18.62,4706509,87122424.00
2016/11/28,18.62,18.64,18.22,18.38,4842388,88851368.00
2016/11/29,18.35,19.34,18.28,19.11,14503455,274955040.00
2016/11/30,19.07,19.10,18.72,18.97,6167526,116580760.00
2016/12/01,18.87,19.05,18.65,18.99,6178088,116390152.00
2016/12/02,18.89,18.99,18.38,18.39,5494828,102609384.00
2016/12/05,18.26,18.80,17.94,18.38,5916192,109007784.00
2016/12/06,18.42,18.46,18.01,18.03,4096490,74477200.00
2016/12/07,17.99,18.20,17.95,18.09,4531582,81890592.00
2016/12/08,18.11,18.17,17.69,17.71,4852572,86965264.00
2016/12/09,17.69,17.82,17.57,17.73,2838900,50200180.00
2016/12/12,17.74,18.03,17.04,17.11,6025400,106675832.00
2016/12/13,17.03,17.67,17.03,17.49,3880506,67314096.00
2016/12/14,17.49,18.19,17.35,17.97,5580996,99809056.00
2016/12/15,17.90,18.63,17.87,18.19,5452105,99969296.00
2016/12/16,18.34,18.68,18.17,18.41,5155070,94846312.00
2016/12/19,18.30,18.53,18.20,18.49,3990546,73404192.00
2016/12/20,18.43,18.54,18.10,18.27,2979667,54575708.00
2016/12/21,18.31,18.68,18.15,18.67,5566926,102801232.00
2016/12/22,18.65,18.65,18.28,18.30,3506100,64623740.00
2016/12/23,18.26,18.49,18.05,18.18,3007852,54956784.00
2016/12/26,18.04,18.38,17.57,18.34,3686755,66044604.00
2016/12/27,18.25,18.41,18.10,18.39,2975639,54423292.00
2016/12/28,18.29,18.74,18.23,18.49,5136236,95247928.00
2016/12/29,18.34,18.68,18.32,18.53,3701219,68716944.00
2016/12/30,18.47,18.59,18.07,18.23,3271525,59991672.00
2017/01/03,18.19,20.05,18.12,20.05,9119851,179240352.00
2017/01/04,20.73,21.59,20.32,21.36,40982638,858872128.00
2017/01/05,20.84,21.27,20.65,21.06,25448500,534643904.00
2017/01/06,21.17,21.64,20.57,20.71,21013642,443568288.00
2017/01/09,20.71,22.66,20.54,21.65,28031554,604352448.00
2017/01/10,21.19,21.55,20.91,21.03,15368876,325619680.00
2017/01/11,20.89,21.59,20.83,21.30,13946171,297827232.00
2017/01/12,21.10,21.44,20.64,21.02,10668063,223735984.00
2017/01/13,20.96,21.52,20.18,20.26,13692009,287310848.00
2017/01/16,20.24,20.68,18.69,19.78,15186218,302375488.00
2017/01/17,19.69,20.35,19.33,20.33,11226322,223791456.00
2017/01/18,20.12,20.27,19.84,19.87,8385798,168167728.00
2017/01/19,19.71,19.79,19.25,19.54,7720146,150681600.00
2017/01/20,19.47,20.18,19.47,19.99,7710128,153235648.00
2017/01/23,20.29,20.53,19.97,20.05,9039542,182958496.00
2017/01/24,19.91,20.36,19.59,20.05,5902600,117851648.00
2017/01/25,19.94,20.18,19.74,20.15,4795359,95841112.00
2017/01/26,20.13,20.28,19.85,20.10,4837374,97236208.00
2017/02/03,20.09,20.66,19.91,20.34,7396753,150625856.00
2017/02/06,20.49,21.05,20.19,21.04,9932918,205061392.00
2017/02/07,20.97,21.09,20.50,20.77,8041257,167003712.00
2017/02/08,20.55,21.12,20.39,20.99,9557815,199088096.00
2017/02/09,20.97,20.98,20.69,20.89,6561001,136588480.00
2017/02/10,20.97,20.97,20.19,20.21,7714363,158547904.00
2017/02/13,20.08,20.34,19.95,20.15,6150745,123600416.00
2017/02/14,20.17,20.35,19.70,19.83,8600584,171570192.00
2017/02/15,19.79,20.04,19.71,19.88,7235797,143786592.00
2017/02/16,19.89,20.18,19.75,20.08,5743293,114881392.00
2017/02/17,19.95,20.44,19.59,20.10,8887220,177669200.00
2017/02/20,20.09,20.39,19.91,20.30,7134964,143937488.00
2017/02/21,20.24,20.38,20.05,20.37,5762644,116507224.00
2017/02/22,20.31,20.89,20.24,20.75,11520469,238109728.00
2017/02/23,20.76,20.76,20.07,20.27,7877925,160733984.00
2017/02/24,20.17,20.69,20.10,20.63,7236130,148155552.00
2017/02/27,20.59,20.90,20.27,20.37,7498655,154542272.00
2017/02/28,20.36,20.83,20.26,20.79,6519601,133949400.00
2017/03/01,20.89,20.99,20.69,20.73,9249552,192761024.00
2017/03/02,20.79,20.86,20.12,20.32,8585713,174976480.00
2017/03/03,20.19,20.67,20.14,20.23,8213088,167519696.00
2017/03/06,20.19,20.42,20.13,20.34,5651089,114574864.00
2017/03/07,20.34,20.40,19.89,20.00,8117499,162847120.00
2017/03/08,19.99,20.35,19.95,20.05,5977087,120502736.00
2017/03/09,20.01,20.01,19.49,19.63,6417443,126643776.00
2017/03/10,19.69,19.72,19.26,19.37,4480369,87275104.00
2017/03/13,19.40,19.60,19.27,19.55,3050775,59480992.00
2017/03/14,19.64,19.67,19.43,19.49,3219497,62932936.00
2017/03/15,19.56,19.74,19.27,19.37,4729150,92260112.00
2017/03/16,19.38,19.62,19.37,19.60,3515031,68508368.00
2017/03/17,19.67,19.71,19.41,19.46,3630154,71113232.00
2017/03/20,19.49,19.55,19.09,19.29,3376564,65195788.00
2017/03/21,19.24,19.35,19.17,19.30,2447301,47117340.00
2017/03/22,19.25,19.28,18.91,18.94,4215828,80309840.00
2017/03/23,18.93,19.19,18.72,19.12,4023629,76416664.00
2017/03/24,19.08,19.37,19.00,19.29,3634763,69807832.00
2017/03/27,19.29,19.70,19.20,19.48,4869279,94837440.00
2017/03/28,19.48,19.58,19.24,19.25,2862382,55545716.00
2017/03/29,19.27,19.53,19.02,19.30,5188313,100154488.00
2017/03/30,19.26,19.26,18.79,18.81,4038246,76772456.00
2017/03/31,18.74,19.29,18.73,19.01,4339981,82704936.00
2017/04/05,18.98,19.27,18.49,19.26,5627536,106310112.00
2017/04/06,19.14,19.38,19.12,19.33,4401582,84717456.00
2017/04/07,19.31,19.87,19.27,19.62,8086544,158667536.00
2017/04/10,19.78,19.78,19.33,19.49,4837706,94486472.00
2017/04/11,19.50,20.71,19.33,20.47,19018323,384192256.00
2017/04/12,20.59,20.81,20.09,20.16,10237035,208518896.00
2017/04/13,20.11,20.26,19.57,19.89,10106022,200282208.00
2017/04/14,19.86,20.18,19.49,19.61,6539946,129395056.00
2017/04/17,19.46,19.47,18.70,18.99,5745957,109098328.00
2017/04/18,19.00,19.01,18.26,18.33,7918455,147229120.00
2017/04/19,18.33,18.33,17.41,17.73,5953938,105476400.00
2017/04/20,17.69,17.85,17.20,17.44,5006143,87807328.00
2017/04/21,17.46,17.60,17.39,17.50,3049016,53335008.00
2017/04/24,17.51,17.54,16.41,16.42,4874042,81793344.00
2017/04/25,16.23,16.62,16.20,16.54,3369193,55492080.00
2017/04/26,16.58,16.74,16.17,16.27,3192704,52558584.00
2017/04/27,16.27,16.35,15.40,16.01,5249080,82895472.00
2017/04/28,15.99,16.27,15.86,16.15,2992639,48136108.00
2017/05/02,16.14,16.45,16.07,16.30,2878947,46935844.00
2017/05/03,16.33,16.57,16.22,16.41,2806386,46080840.00
2017/05/04,16.28,16.36,15.66,16.18,3743976,60462516.00
2017/05/05,16.14,16.14,15.55,15.57,3686870,58308880.00
2017/05/08,15.57,15.67,14.79,14.80,4195722,63378212.00
2017/05/09,14.69,15.17,14.69,15.09,3152645,47153648.00
2017/05/10,15.02,15.13,14.85,14.89,3168577,47547864.00
2017/05/11,14.88,15.24,14.25,15.06,3769667,55392832.00
2017/05/12,14.98,15.27,14.94,15.12,2391669,36100112.00
2017/05/15,15.12,15.23,15.10,15.15,1429038,21689240.00
2017/05/16,15.12,15.46,14.65,15.42,3494817,52628100.00
2017/05/17,15.30,15.65,15.30,15.33,2839521,43949972.00
2017/05/18,15.19,15.27,14.93,14.97,2444192,36864884.00
2017/05/19,15.01,15.11,14.87,15.01,1058472,15881849.00
2017/05/22,14.92,15.07,14.47,14.48,1780100,26281420.00
2017/05/23,14.47,14.56,13.64,13.67,3300764,46236264.00
2017/05/24,13.38,13.79,13.16,13.67,2869937,38712456.00
2017/05/25,13.67,13.84,13.30,13.69,2532313,34469724.00
2017/05/26,13.72,13.74,13.49,13.60,2768138,37621396.00
2017/05/31,13.74,13.89,13.35,13.50,2675257,36574064.00
2017/06/01,13.47,13.47,12.34,12.44,5260745,67981056.00
2017/06/02,12.29,12.73,12.19,12.67,3831693,48023124.00
2017/06/05,12.75,12.98,12.65,12.88,3848438,49534020.00
2017/06/06,12.88,13.11,12.77,12.90,3533510,45821312.00
2017/06/07,12.88,13.22,12.88,13.15,5097848,66734616.00
2017/06/08,13.14,13.26,13.03,13.08,4848624,63760128.00
2017/06/09,13.07,13.18,12.90,13.13,5344510,69763600.00
2017/06/12,13.04,13.10,12.52,12.63,5573667,71505168.00
2017/06/13,12.60,12.91,12.59,12.89,4284820,54826664.00
2017/06/14,12.87,13.49,12.85,13.32,10737158,142441248.00
2017/06/15,13.27,13.79,13.24,13.62,8825039,119367288.00
2017/06/16,13.62,14.98,13.50,14.26,12986818,185325824.00
2017/06/19,14.27,15.28,14.27,14.89,14399135,213026656.00
2017/06/20,14.81,14.99,14.66,14.73,7959332,117953384.00
2017/06/21,14.74,15.04,14.37,14.55,6831036,99891880.00
2017/06/22,14.42,14.62,14.27,14.29,5833293,84116544.00
2017/06/23,14.29,15.27,14.09,15.18,11246870,165250016.00
2017/06/26,15.14,15.54,14.92,15.39,12052772,183642928.00
2017/06/27,15.27,15.59,15.11,15.22,6819448,104818512.00
2017/06/28,15.22,15.30,14.78,15.14,4220841,63405744.00
2017/06/29,15.14,15.39,15.00,15.16,3073616,46609336.00
2017/06/30,15.04,15.04,14.81,14.95,2671705,39907600.00
2017/07/03,14.87,15.12,14.87,14.97,2503800,37469536.00
2017/07/04,15.01,15.42,14.94,15.28,6346849,96684880.00
2017/07/05,15.14,15.68,15.14,15.49,7616690,117777424.00
2017/07/06,15.47,15.93,15.21,15.88,6231027,96622160.00
2017/07/07,15.72,16.15,15.58,15.70,8307904,131616928.00
2017/07/10,16.20,16.38,15.00,15.07,12824888,200469536.00
2017/07/11,15.05,15.26,14.85,14.97,4780055,72039048.00
2017/07/12,14.88,14.98,13.90,14.51,9032507,129925288.00
2017/07/13,14.47,14.71,14.30,14.46,4845685,70019200.00
2017/07/14,14.35,14.72,14.26,14.49,4259335,61923512.00
2017/07/17,14.36,14.42,13.04,13.05,9952589,134171824.00
2017/07/18,13.00,13.27,12.81,13.19,4706084,61469792.00
2017/07/19,13.16,13.63,13.02,13.59,5179476,69517416.00
2017/07/20,13.49,13.87,13.45,13.68,4513422,61792052.00
2017/07/21,13.65,14.05,13.56,13.79,6177812,85161128.00
2017/07/24,13.73,14.91,13.65,14.58,11035916,157184128.00
2017/07/25,14.13,14.81,14.12,14.43,10384999,149410816.00
2017/07/26,14.33,14.68,14.21,14.41,6378814,91663968.00
2017/07/27,14.38,14.77,14.14,14.71,9270878,134454512.00
2017/07/28,14.65,14.65,14.24,14.26,6110700,87781800.00
2017/08/02,13.82,13.82,13.82,13.82,0,0.00
数据来源:通达信
