603806 福斯特 日线 前复权
      日期	    开盘	    最高	    最低	    收盘	    成交量	    成交额
2014/09/05,30.47,36.99,30.47,36.99,247399,9671167.00
2014/09/09,40.90,40.90,40.90,40.90,188513,8115485.00
2014/09/10,45.21,45.21,45.21,45.21,363070,17194996.00
2014/09/11,49.95,49.95,49.95,49.95,927409,48318008.00
2014/09/12,55.16,55.16,49.85,51.03,34001910,1846915840.00
2014/09/15,48.93,49.85,48.15,48.52,13777413,700524672.00
2014/09/16,47.95,48.53,45.41,45.63,13086265,639246656.00
2014/09/17,45.51,46.23,44.36,45.68,6758281,321152960.00
2014/09/18,45.35,45.35,44.38,44.44,5761521,269907200.00
2014/09/19,44.50,44.84,44.05,44.46,3576601,166647168.00
2014/09/22,44.25,44.35,42.38,42.85,6742574,304839392.00
2014/09/23,42.85,43.19,42.67,42.93,3498182,157745632.00
2014/09/24,42.84,44.68,42.65,43.78,6693279,308207264.00
2014/09/25,43.78,44.14,42.87,42.98,3992022,181678448.00
2014/09/26,42.88,42.97,42.45,42.48,2843571,127274072.00
2014/09/29,42.67,43.59,42.67,43.11,3017420,136697760.00
2014/09/30,43.12,43.63,43.12,43.47,2692301,122639408.00
2014/10/08,43.47,43.64,43.08,43.52,2542987,115737680.00
2014/10/09,43.54,43.58,42.86,43.04,3375444,152952976.00
2014/10/10,42.85,42.85,42.51,42.58,3007885,134748352.00
2014/10/13,42.45,42.45,41.63,41.85,3495644,153814960.00
2014/10/14,41.89,42.32,41.65,42.24,2462698,108603320.00
2014/10/15,42.14,42.20,41.67,42.01,1944933,85700520.00
2014/10/16,41.73,42.30,41.64,41.81,2667676,117707936.00
2014/10/17,42.25,43.09,41.95,43.04,6306604,282068224.00
2014/10/20,43.03,43.03,42.38,42.60,3026383,135389168.00
2014/10/21,42.56,43.01,42.45,42.83,3464805,155858928.00
2014/10/22,42.93,44.33,42.93,43.38,6225157,285074208.00
2014/10/23,43.14,43.23,41.36,41.39,4567248,201933616.00
2014/10/24,41.41,41.65,39.73,39.92,4109660,175431968.00
2014/10/27,39.95,39.95,38.71,38.76,2779860,114279632.00
2014/10/28,39.00,39.73,39.00,39.71,2342286,97588440.00
2014/10/29,39.75,40.43,39.75,40.24,3196411,135055520.00
2014/10/30,40.29,40.42,39.89,39.95,2643620,111563488.00
2014/10/31,39.97,41.40,39.97,41.08,4782094,205821664.00
2014/11/03,41.00,41.33,40.80,41.06,2877299,124342600.00
2014/11/04,41.06,41.06,40.12,40.13,3221951,137325792.00
2014/11/05,40.25,41.21,40.03,40.91,2908065,124747976.00
2014/11/06,40.75,42.51,40.63,42.46,6458943,284032064.00
2014/11/07,42.45,46.76,42.38,44.25,14267597,668134976.00
2014/11/10,44.28,45.35,43.47,44.49,6750187,314834144.00
2014/11/11,44.62,44.65,42.55,42.89,6605481,300242464.00
2014/11/12,42.66,46.45,42.58,45.98,11000153,516760448.00
2014/11/13,44.95,47.15,44.85,45.36,10779299,519967040.00
2014/11/14,45.05,45.05,42.55,42.88,6537966,297562400.00
2014/11/17,42.66,43.47,41.93,42.54,3553750,159670832.00
2014/11/18,42.59,43.44,42.34,43.19,2685572,121362568.00
2014/11/19,43.09,43.12,42.13,42.36,3237974,144406176.00
2014/11/20,42.30,43.18,42.13,42.53,2718619,122042784.00
2014/11/21,42.56,43.33,42.37,42.83,3066464,138140272.00
2014/11/24,43.11,43.28,42.56,42.62,3881553,174333696.00
2014/11/25,42.61,42.94,41.03,41.34,6085156,267060848.00
2014/11/26,41.25,41.68,41.13,41.52,3159877,137800480.00
2014/11/27,41.72,42.84,41.72,42.51,4470654,199045296.00
2014/11/28,42.55,42.80,41.72,41.88,3475979,153943584.00
2014/12/01,41.98,42.00,41.20,41.47,2858561,124541408.00
2014/12/02,41.49,42.72,41.46,42.44,3990310,177473360.00
2014/12/03,42.33,42.55,41.65,42.21,3675851,162123936.00
2014/12/04,42.23,42.48,41.35,42.24,3529392,156217760.00
2014/12/05,42.40,42.40,40.73,40.87,4914081,213327904.00
2014/12/08,40.74,41.32,40.31,41.17,2773164,118834744.00
2014/12/09,40.86,40.95,39.06,39.18,4448820,187526368.00
2014/12/10,39.18,40.18,39.18,40.03,1951948,81845288.00
2014/12/11,40.09,40.33,39.56,40.30,1812458,76562000.00
2014/12/12,40.33,40.33,39.87,40.26,1621714,68453736.00
2014/12/15,40.15,40.77,39.88,40.59,1941364,82454400.00
2014/12/16,40.52,40.70,40.05,40.12,1551491,65735640.00
2014/12/17,40.40,40.40,39.09,39.33,2420975,101009608.00
2014/12/18,39.23,39.91,38.94,39.44,1867062,77745800.00
2014/12/19,39.55,39.60,37.86,37.94,2955898,119680312.00
2014/12/22,37.93,37.93,34.95,34.96,3420113,129621224.00
2014/12/23,34.96,37.32,34.96,36.06,2690178,103780744.00
2014/12/24,36.40,37.23,36.37,37.09,1947171,75985936.00
2014/12/25,37.31,37.45,36.38,36.83,1788908,69590552.00
2014/12/26,36.80,36.93,36.55,36.71,1150870,44669240.00
2014/12/29,36.75,36.75,35.65,35.82,1428613,54311880.00
2014/12/30,35.82,36.33,35.76,35.89,978543,37348780.00
2014/12/31,35.89,36.15,35.56,36.03,964373,36674400.00
2015/01/05,35.97,36.74,35.96,36.63,1529132,59004992.00
2015/01/06,36.35,37.35,36.29,37.32,2097746,82125992.00
2015/01/07,37.32,37.32,36.60,36.86,1467012,57143620.00
2015/01/08,36.69,37.04,36.65,36.68,1269082,49444440.00
2015/01/09,36.52,36.76,36.05,36.13,1537441,59328112.00
2015/01/12,36.04,36.04,35.00,35.10,1550802,58084172.00
2015/01/13,35.15,35.73,35.04,35.61,1135543,42631304.00
2015/01/14,35.43,35.68,34.83,34.99,1615734,60281224.00
2015/01/15,35.06,35.75,35.06,35.39,1094767,41137656.00
2015/01/16,35.39,36.00,35.27,35.89,1551257,58801516.00
2015/01/19,35.69,36.83,35.13,35.92,2850395,109514208.00
2015/01/20,36.40,38.00,36.10,37.88,4471070,176216128.00
2015/01/21,37.94,38.15,37.42,37.80,2961793,118024024.00
2015/01/22,37.84,38.29,37.55,38.13,2372302,95151792.00
2015/01/23,38.13,38.35,37.35,37.38,2140700,85351752.00
2015/01/26,37.35,37.63,37.07,37.57,1426310,56369588.00
2015/01/27,37.55,37.60,36.88,37.23,1574556,62037872.00
2015/01/28,37.29,38.05,37.06,37.81,2283121,91293112.00
2015/01/29,37.55,37.81,37.25,37.45,1216219,48200368.00
2015/01/30,37.56,37.69,36.87,36.90,1175840,46241936.00
2015/02/02,36.85,36.85,36.39,36.48,843514,32645166.00
2015/02/03,36.54,37.45,36.54,37.33,1322464,51895592.00
2015/02/04,37.39,37.72,37.06,37.09,1148350,45393148.00
2015/02/05,37.37,37.56,36.61,36.63,1033637,40569560.00
2015/02/06,36.63,36.63,35.40,35.54,1436787,54614104.00
2015/02/09,35.56,35.56,35.15,35.35,781574,29290704.00
2015/02/10,35.33,35.49,34.88,35.23,986189,36806964.00
2015/02/11,35.23,35.79,35.23,35.44,861794,32405484.00
2015/02/12,35.58,35.97,35.55,35.85,890279,33754616.00
2015/02/13,36.23,36.66,36.07,36.30,1231988,47526368.00
2015/02/16,36.33,36.89,36.33,36.87,1113173,43254240.00
2015/02/17,36.99,37.10,36.65,36.75,1003900,39090720.00
2015/02/25,36.76,36.95,36.18,36.21,859504,33292436.00
2015/02/26,36.21,36.88,36.21,36.84,803523,31070444.00
2015/02/27,36.94,37.26,36.73,37.19,1453459,57040312.00
2015/03/02,37.26,37.63,37.09,37.58,1654289,65340224.00
2015/03/03,37.35,37.35,36.92,36.95,2137105,83753016.00
2015/03/04,36.85,37.35,36.78,37.32,1534038,60262348.00
2015/03/05,37.55,38.84,37.27,38.81,5059657,203607248.00
2015/03/06,38.96,42.40,38.84,40.72,9557732,410207296.00
2015/03/09,40.81,40.81,38.75,39.84,4148333,173481360.00
2015/03/10,39.73,43.41,39.43,42.54,11241996,498059520.00
2015/03/11,41.91,42.42,41.54,41.64,5771616,254158768.00
2015/03/12,41.55,41.55,39.28,40.06,5577511,236299952.00
2015/03/13,39.53,40.55,39.53,40.15,2616070,110391328.00
2015/03/16,40.54,41.53,40.41,41.38,4286551,184744592.00
2015/03/17,41.40,41.64,40.86,41.25,4381263,190061872.00
2015/03/18,41.25,41.85,41.06,41.83,4327804,188689248.00
2015/03/19,41.67,41.83,40.94,41.24,3571794,155224544.00
2015/03/20,41.22,41.62,40.87,41.01,2870402,124191152.00
2015/03/23,41.01,42.21,41.01,41.85,4656019,203789664.00
2015/03/24,41.85,41.85,40.24,40.98,4917823,212433216.00
2015/03/25,41.00,41.69,40.46,41.51,4878626,212052960.00
2015/03/26,40.96,41.87,40.85,41.85,5036339,219864208.00
2015/03/27,41.96,44.70,41.96,43.33,8310048,380048832.00
2015/03/30,42.87,43.35,42.59,42.96,4330858,194872336.00
2015/03/31,42.97,43.29,42.53,42.57,3738890,168412512.00
2015/04/01,42.46,42.90,42.05,42.79,3271754,146251520.00
2015/04/02,42.87,43.14,42.56,43.00,3637106,163578704.00
2015/04/03,42.86,44.44,42.61,44.24,6486600,297044256.00
2015/04/07,44.38,45.14,43.75,45.01,6278028,292643072.00
2015/04/08,45.22,45.23,43.30,43.70,5823858,268930976.00
2015/04/09,43.65,44.48,42.29,43.46,4551461,207401904.00
2015/04/10,42.13,43.85,41.86,43.77,6201886,278873280.00
2015/04/13,43.78,45.10,43.73,45.05,7060870,330573888.00
2015/04/14,44.90,44.95,43.83,43.90,4985371,231525904.00
2015/04/15,43.93,43.93,41.99,42.11,3977957,178502048.00
2015/04/16,41.86,44.48,41.35,44.19,5938007,271190656.00
2015/04/17,44.56,45.79,44.45,44.56,6312891,298147424.00
2015/04/20,44.10,44.83,43.43,44.26,5251149,242933984.00
2015/04/21,44.45,48.90,44.45,48.90,11569992,568259584.00
2015/04/22,49.82,52.72,48.39,52.37,11504065,603611648.00
2015/04/23,51.60,52.60,50.87,52.01,5829849,313668352.00
2015/04/24,50.98,54.31,50.87,52.87,5463790,300509952.00
2015/04/27,55.35,55.35,52.18,52.25,4777549,265563408.00
2015/04/28,53.45,53.45,51.16,52.13,3920132,212663504.00
2015/04/29,51.70,54.53,50.85,54.20,5209140,286312352.00
2015/04/30,54.04,56.62,53.85,54.23,4168345,239927840.00
2015/05/04,53.85,55.34,53.36,54.68,3489967,198111120.00
2015/05/05,53.91,54.61,50.50,51.25,3623835,197676688.00
2015/05/06,51.35,51.64,49.35,49.89,3768006,198208160.00
2015/05/07,49.85,51.04,48.86,49.92,2094992,109372880.00
2015/05/08,50.41,52.35,50.07,52.34,2622026,139970064.00
2015/05/11,52.53,53.55,52.15,53.00,4284802,235792000.00
2015/05/12,53.08,54.91,52.56,54.54,3996565,224860848.00
2015/05/13,54.54,55.22,52.74,54.93,4662625,259706880.00
2015/06/05,60.59,60.59,60.59,60.59,1016707,63330680.00
2015/06/08,60.96,64.30,56.75,63.28,8067517,504215744.00
2015/06/09,63.28,65.30,61.00,63.53,4708300,304786976.00
2015/06/10,62.25,64.60,61.32,64.29,4945737,323237888.00
2015/06/11,63.38,66.21,63.33,64.57,3376000,224071360.00
2015/06/12,63.71,64.68,61.98,62.26,3296516,212924096.00
2015/06/15,62.31,63.58,59.00,60.11,3166782,198380656.00
2015/06/16,60.30,66.29,58.11,64.32,5164026,332248960.00
2015/06/17,63.50,70.30,62.80,69.93,5253762,366652864.00
2015/06/18,68.40,71.79,65.77,66.54,2722879,190829200.00
2015/06/19,64.26,65.07,59.90,62.73,2294516,147472048.00
2015/06/23,62.96,67.28,62.30,67.20,3342366,224171504.00
2015/06/24,68.30,69.75,63.30,65.83,3842879,258393056.00
2015/06/25,65.15,65.30,61.90,63.65,2623130,170964352.00
2015/06/26,61.40,62.16,57.12,61.24,3036781,184426640.00
2015/06/29,61.89,62.99,54.95,60.95,4378890,265962512.00
2015/06/30,59.30,64.30,55.11,63.49,3546737,220965808.00
2015/07/01,63.30,66.79,61.30,61.55,3213740,213658048.00
2015/07/02,59.31,61.51,55.23,58.32,3113664,184917520.00
2015/07/03,56.77,57.17,52.32,53.64,2855217,157818208.00
2015/07/06,58.74,58.74,48.11,50.97,3932346,208596272.00
2015/07/07,46.65,49.17,45.70,45.70,648300,30982576.00
2015/07/13,50.44,50.44,49.22,50.44,2668578,138996128.00
2015/07/14,52.30,54.77,50.41,51.72,3834335,209123072.00
2015/07/15,49.30,49.30,46.38,47.45,3033443,148274192.00
2015/07/16,44.10,47.30,42.65,46.15,2643338,123447584.00
2015/07/17,45.95,49.24,45.52,48.02,2784596,137068800.00
2015/07/20,49.30,49.49,46.20,46.69,2790600,137643680.00
2015/07/21,46.58,48.58,45.02,47.15,3765537,180762144.00
2015/07/22,47.16,48.30,45.45,47.48,3819017,186590016.00
2015/07/23,47.43,50.93,46.36,50.20,5245374,267134176.00
2015/07/24,49.80,50.54,48.23,48.37,4162447,213370800.00
2015/07/27,47.30,47.70,43.36,43.36,3144832,149510688.00
2015/07/28,38.87,42.08,38.85,38.94,4348570,179331744.00
2015/07/29,39.80,42.31,38.09,42.04,3575917,148732336.00
2015/07/30,41.30,43.87,40.46,40.91,3777194,166847504.00
2015/07/31,39.88,41.05,39.10,40.39,2653628,110663688.00
2015/08/03,39.30,40.40,37.90,39.76,2772204,113365064.00
2015/08/04,39.33,42.39,39.33,42.37,4941794,212336096.00
2015/08/05,41.80,42.29,40.50,41.20,3957310,170827680.00
2015/08/06,40.10,41.05,39.75,40.36,2646772,110966560.00
2015/08/07,40.71,41.95,40.51,41.89,3663355,158245264.00
2015/08/10,42.00,44.18,41.90,43.90,4486768,201091856.00
2015/08/11,44.12,44.12,42.76,43.26,4297724,193944208.00
2015/08/12,42.88,45.36,42.62,43.16,4209242,192408816.00
2015/08/13,42.91,43.87,42.50,43.77,2897991,130087608.00
2015/08/14,44.08,44.16,43.20,43.77,3107194,141194112.00
2015/08/17,43.70,43.80,41.30,42.96,2459901,109319344.00
2015/08/18,42.82,42.93,38.71,39.24,3801407,163559040.00
2015/08/19,38.63,43.33,38.40,43.33,5102060,218617024.00
2015/08/20,43.34,46.22,42.75,44.60,6360770,294495360.00
2015/08/21,43.36,44.08,40.30,41.63,3052085,134316768.00
2015/08/24,40.18,40.18,37.30,37.30,2908401,114987312.00
2015/08/25,33.40,35.17,33.40,33.40,8661452,305230368.00
2015/08/26,33.50,35.18,30.60,30.99,9220691,316753280.00
2015/08/27,31.80,32.62,28.30,32.09,7523189,244177584.00
2015/08/28,32.04,34.37,31.50,34.29,7794850,268092048.00
2015/08/31,33.80,33.80,30.69,30.75,5793059,196908032.00
2015/09/01,30.30,30.30,27.51,27.51,8462953,251026208.00
2015/09/02,25.32,28.68,25.31,26.01,5909608,167908176.00
2015/09/07,26.90,28.40,26.88,27.16,5080761,148395472.00
2015/09/08,27.08,29.77,26.80,29.45,6073600,182176192.00
2015/09/09,29.59,32.07,29.32,31.75,8702513,281279360.00
2015/09/10,30.81,31.29,30.06,30.11,5731511,185646416.00
2015/09/11,30.30,31.16,30.10,30.91,3953300,127899744.00
2015/09/14,30.86,30.91,27.65,27.65,5380398,164631536.00
2015/09/15,26.80,27.16,25.31,25.76,4850093,134839872.00
2015/09/16,26.20,28.51,25.47,28.39,4915229,141247488.00
2015/09/17,28.30,29.38,27.07,27.18,5955875,179778560.00
2015/09/18,27.55,28.20,27.20,27.96,3529220,103803184.00
2015/09/21,27.97,30.27,27.18,29.92,4739057,145295424.00
2015/09/22,29.70,30.40,29.41,29.89,4543734,143855408.00
2015/09/23,29.20,30.80,29.00,30.09,4975482,157140368.00
2015/09/24,30.07,31.16,29.90,30.39,3965616,127454048.00
2015/09/25,30.10,30.40,27.92,28.80,4793400,147479792.00
2015/09/28,29.07,29.65,28.44,29.62,2429839,75122560.00
2015/09/29,29.00,29.27,28.70,29.06,2311789,71020792.00
2015/09/30,29.38,30.05,29.00,29.72,2606288,81659096.00
2015/10/08,30.91,31.93,30.66,31.39,4692557,154978256.00
2015/10/09,31.41,32.69,31.19,32.30,4030428,135625984.00
2015/10/12,32.71,33.96,32.60,33.63,5319886,186696400.00
2015/10/13,33.64,34.01,33.07,33.67,4341788,153227520.00
2015/10/14,33.40,34.60,33.20,33.56,5009219,177497744.00
2015/10/15,33.27,35.06,33.26,34.99,4529916,163801184.00
2015/10/16,35.04,35.54,34.01,35.09,4780434,174655440.00
2015/10/19,35.20,35.88,33.90,34.48,4641810,169955744.00
2015/10/20,34.25,34.97,34.02,34.88,3198144,116170480.00
2015/10/21,35.10,35.17,31.88,32.14,5016120,176682784.00
2015/10/22,32.19,33.38,32.15,33.35,3697310,127746776.00
2015/10/23,33.68,34.99,33.18,34.61,4410596,156903104.00
2015/10/26,35.14,35.88,34.00,35.35,4635958,169701024.00
2015/10/27,35.26,35.50,32.39,35.05,4826564,173037312.00
2015/10/28,34.51,36.37,34.34,35.03,5088770,189688304.00
2015/10/29,35.30,36.33,34.80,36.15,4571970,171192448.00
2015/10/30,36.17,36.68,35.02,36.01,4185588,157625104.00
2015/11/02,35.10,37.55,34.80,36.22,5152475,195828912.00
2015/11/03,36.20,37.82,36.20,37.43,5198275,201680288.00
2015/11/04,37.82,40.29,37.10,39.74,6690745,267830912.00
2015/11/05,39.45,40.49,38.31,38.72,6315372,257549376.00
2015/11/06,38.74,39.71,38.30,39.52,4150022,170212384.00
2015/11/09,39.26,41.30,39.05,40.53,5440166,228327616.00
2015/11/10,40.22,40.51,39.14,40.02,4359281,181968320.00
2015/11/11,39.85,41.50,39.31,41.39,5958240,252060272.00
2015/11/12,41.85,45.57,41.76,44.17,6896772,310282624.00
2015/11/13,43.21,43.68,40.30,41.12,5959590,261243248.00
2015/11/16,40.05,42.08,39.68,41.79,3666113,157402752.00
2015/11/17,42.12,43.30,40.98,41.47,4307039,188743968.00
2015/11/18,41.31,41.75,39.70,39.83,3437071,145676304.00
2015/11/19,40.11,40.98,39.35,40.96,2666834,112097408.00
2015/11/20,40.98,41.98,40.62,41.59,3296908,141759600.00
2015/11/23,41.69,42.39,41.03,41.29,3106402,134860720.00
2015/11/24,41.30,43.50,41.10,43.44,4570390,201784688.00
2015/11/25,43.44,44.68,43.29,43.60,4433852,201951760.00
2015/11/26,43.68,45.18,43.42,43.88,4052459,186132896.00
2015/11/27,43.48,45.00,41.91,42.15,5566578,250882016.00
2015/11/30,41.81,43.58,39.36,43.39,5264010,230002144.00
2015/12/01,43.42,45.30,43.00,44.60,5898038,272224512.00
2015/12/02,43.98,44.49,40.33,42.67,3518221,156458880.00
2015/12/03,42.83,45.30,42.83,45.20,4536055,207685584.00
2015/12/04,44.75,45.50,43.65,44.43,4053083,187380784.00
2015/12/07,44.58,44.60,43.48,44.25,3299656,150524688.00
2015/12/08,43.83,44.18,42.43,42.49,2828456,127196752.00
2015/12/09,42.49,42.75,40.98,41.38,3053671,132706224.00
2015/12/10,41.49,42.24,41.20,41.40,2676690,116238176.00
2015/12/11,41.40,41.75,41.02,41.10,1528895,65926848.00
2015/12/14,41.05,42.48,40.68,42.43,1865676,80681472.00
2015/12/15,42.60,43.80,41.81,43.51,2130522,95802752.00
2015/12/16,43.80,43.96,43.05,43.25,1916560,86577848.00
2015/12/17,43.67,44.80,43.54,44.64,3337977,153359104.00
2015/12/18,44.50,44.95,43.48,43.53,2382310,108898184.00
2015/12/21,43.30,44.11,43.01,44.09,2007226,91105416.00
2015/12/22,44.50,45.12,44.01,44.85,2606544,120804048.00
2015/12/23,44.80,45.56,44.16,44.46,3184403,148673504.00
2015/12/24,44.48,45.14,43.57,45.07,2230698,102988568.00
2015/12/25,45.16,46.97,45.16,46.75,4617500,221338256.00
2015/12/28,46.77,48.15,44.33,44.91,4721971,227578192.00
2015/12/29,45.12,46.24,44.63,46.22,3041472,143404976.00
2015/12/30,46.29,47.29,46.06,46.98,2570233,124327736.00
2015/12/31,47.25,49.52,46.83,48.29,6184920,308693312.00
2016/01/04,48.29,48.39,43.29,43.29,3211698,152677328.00
2016/01/05,41.01,43.78,38.81,41.80,4348687,189490320.00
2016/01/06,42.20,42.85,41.30,42.79,2642178,115909888.00
2016/01/07,41.80,41.80,38.34,38.37,894867,37202548.00
2016/01/08,39.50,40.25,36.30,38.19,3375595,137306048.00
2016/01/11,36.62,37.78,35.45,37.12,3746311,143408800.00
2016/01/12,37.00,38.69,36.30,37.91,3200406,126287928.00
2016/01/13,38.19,38.44,36.68,36.93,1553796,61166264.00
2016/01/14,35.90,38.04,35.60,37.91,2820606,109933904.00
2016/01/15,37.70,37.92,35.18,35.56,2301694,88544568.00
2016/01/18,35.18,36.19,34.48,35.57,2620837,98021344.00
2016/01/19,35.57,36.69,34.98,36.59,2388893,90054512.00
2016/01/20,36.10,37.00,35.43,35.97,1805950,68454048.00
2016/01/21,35.30,36.30,33.74,33.87,1885718,69742976.00
2016/01/22,34.06,34.80,33.00,34.26,1784479,63536588.00
2016/01/25,34.80,34.85,33.74,33.97,1472215,53061228.00
2016/01/26,33.40,33.73,30.90,31.10,2650611,89762928.00
2016/01/27,31.30,31.52,29.30,31.28,2143792,69214632.00
2016/01/28,30.90,31.94,30.45,30.80,2073698,68640224.00
2016/01/29,30.38,32.30,30.38,32.24,3003955,100850608.00
2016/02/01,33.28,35.63,33.18,34.19,3800303,137840640.00
2016/02/02,33.58,37.78,33.58,36.47,4693454,176797936.00
2016/02/03,35.87,36.29,35.30,36.23,2020107,75854488.00
2016/02/04,36.25,36.95,36.00,36.47,1635317,62551112.00
2016/02/05,36.10,37.18,35.81,36.03,1054953,39960072.00
2016/02/15,34.30,36.18,34.27,35.66,1318203,48698668.00
2016/02/16,35.61,37.20,35.60,36.97,2261107,86930896.00
2016/02/17,36.37,37.27,36.21,37.11,4373390,167721280.00
2016/02/18,36.80,37.86,36.80,37.19,3362916,131672088.00
2016/02/19,36.81,37.28,35.91,36.57,2665503,102320728.00
2016/02/22,36.85,37.45,36.85,37.38,2148746,83479008.00
2016/02/23,37.38,38.75,37.00,38.71,4081408,163114656.00
2016/02/24,38.60,38.60,36.70,37.65,3012505,118590096.00
2016/02/25,37.70,37.70,33.72,33.75,3824346,141326384.00
2016/02/26,34.13,34.60,33.22,34.04,2087495,74335832.00
2016/02/29,33.92,33.99,31.08,31.61,2109693,70778808.00
2016/03/01,31.70,33.47,31.40,32.97,2553821,87597016.00
2016/03/02,33.06,34.84,32.76,34.77,2944328,104833968.00
2016/03/03,34.78,35.30,34.50,34.72,2201324,80529968.00
2016/03/04,34.79,34.79,33.06,33.53,1820256,64653900.00
2016/03/07,33.63,34.89,33.63,34.34,1166278,42205472.00
2016/03/08,34.50,34.78,33.08,34.60,1405405,49890092.00
2016/03/09,33.86,34.48,33.32,33.80,1071359,38103316.00
2016/03/10,33.82,34.40,33.67,33.75,1016350,36338316.00
2016/03/11,33.68,34.50,33.32,34.24,1117940,39866480.00
2016/03/14,34.50,36.30,34.50,35.61,2516494,94059120.00
2016/03/15,35.57,35.99,34.46,35.27,2970484,109246760.00
2016/03/16,35.27,35.55,33.88,34.07,2592284,94260848.00
2016/03/17,34.10,35.26,33.83,35.01,2386002,86699736.00
2016/03/18,35.29,37.07,35.10,36.30,3666716,138959648.00
2016/03/21,36.93,36.95,36.42,36.90,3989052,153223056.00
2016/03/22,36.69,37.29,36.41,36.92,3215374,124268576.00
2016/03/23,36.72,37.66,36.72,37.51,3756280,146547568.00
2016/03/24,37.35,38.62,36.96,38.06,4797429,190496272.00
2016/03/25,37.90,39.68,37.50,39.63,5867676,237052096.00
2016/03/28,38.80,38.80,36.90,37.13,8562423,340585952.00
2016/03/29,37.10,37.10,35.62,35.89,3225478,121991488.00
2016/03/30,36.30,37.23,36.11,37.04,4057217,155742896.00
2016/03/31,36.97,37.44,36.58,36.72,3247699,125843240.00
2016/04/01,36.71,36.71,35.86,36.48,2274110,86291720.00
2016/04/05,36.61,38.10,36.60,37.80,3999610,157155344.00
2016/04/06,37.84,38.48,37.61,38.15,2973636,118428736.00
2016/04/07,38.10,38.38,37.05,37.12,2747432,108160528.00
2016/04/08,36.73,37.31,36.70,37.29,2324281,89968128.00
2016/04/11,37.70,38.88,37.52,38.40,3957377,158285120.00
2016/04/12,38.29,38.70,37.60,37.97,2369212,94026408.00
2016/04/13,38.19,39.26,38.10,38.11,4201730,169557200.00
2016/04/14,38.45,38.96,38.22,38.89,2655587,107004640.00
2016/04/15,39.00,39.87,38.68,39.47,4283084,176098848.00
2016/04/18,39.26,39.26,38.17,38.30,2832566,113873472.00
2016/04/19,38.55,38.74,37.90,38.44,1765252,70614368.00
2016/04/20,38.38,38.76,35.92,36.49,3799219,147108800.00
2016/04/21,36.45,36.73,36.10,36.16,2237672,85434408.00
2016/04/22,35.93,36.53,35.72,36.49,1509380,57297500.00
2016/04/25,36.30,36.91,36.13,36.87,1551861,59455388.00
2016/04/26,36.90,38.08,36.80,38.04,2131741,83237984.00
2016/04/27,38.04,39.28,38.04,38.53,3194710,129223632.00
2016/04/28,38.62,38.95,37.31,37.90,2547009,100896832.00
2016/04/29,37.99,37.99,36.85,37.17,1875332,72012448.00
2016/05/03,37.21,38.74,36.90,38.60,2605955,101722128.00
2016/05/04,38.33,38.96,38.33,38.70,2899309,114957352.00
2016/05/05,38.41,38.78,37.81,38.29,3337825,130994368.00
2016/05/06,38.43,38.45,36.80,36.84,3029920,116875376.00
2016/05/09,36.78,36.78,35.15,35.38,2660909,98118208.00
2016/05/10,35.27,35.64,35.16,35.55,1323354,48177112.00
2016/05/11,35.92,35.92,35.02,35.07,1696513,61695104.00
2016/05/12,34.76,34.83,34.20,34.74,1628557,57868020.00
2016/05/13,34.74,35.09,34.56,34.80,1333498,47740888.00
2016/05/16,34.35,35.52,34.33,35.46,1338893,48152564.00
2016/05/17,35.50,35.55,34.85,35.07,1287824,46608044.00
2016/05/18,34.68,34.96,33.60,33.97,1719152,60383884.00
2016/05/19,33.85,34.69,33.85,34.00,1178044,41628624.00
2016/05/20,33.99,34.54,33.62,34.52,1346545,47488512.00
2016/05/23,34.56,35.27,34.54,35.11,1563221,56324404.00
2016/05/24,35.11,35.54,34.65,35.39,2058818,74411168.00
2016/05/25,35.51,35.85,34.90,34.99,1809861,65880400.00
2016/05/26,34.86,35.22,34.02,34.80,1807017,64295472.00
2016/05/27,34.80,35.50,34.61,35.10,1389014,50279692.00
2016/05/30,34.97,35.28,34.60,34.99,1029889,37034632.00
2016/05/31,35.01,36.63,35.01,36.61,2756873,102300848.00
2016/06/01,36.71,37.29,36.53,37.07,2415683,91417592.00
2016/06/02,36.90,37.56,36.69,36.94,2600481,99043040.00
2016/06/03,36.89,40.73,36.89,40.73,10763755,434844832.00
2016/06/06,41.60,44.90,41.60,44.90,15685006,699131392.00
2016/06/07,45.81,48.98,44.81,47.33,13615068,649039232.00
2016/06/08,50.00,51.33,48.82,49.34,12684404,642809536.00
2016/06/13,48.38,49.48,46.52,47.41,10481072,515100704.00
2016/06/14,47.42,48.39,45.53,47.51,8032733,386212192.00
2016/06/15,47.00,52.36,46.77,52.36,11767346,597898240.00
2016/06/16,52.00,52.30,49.69,50.38,9264528,479776544.00
2016/06/17,50.10,50.63,47.86,48.34,7700907,386637056.00
2016/06/20,49.00,53.27,48.50,52.82,11939496,624152704.00
2016/06/21,52.10,52.39,48.00,48.15,9657129,495051808.00
2016/06/22,49.10,50.10,46.70,49.33,8987754,443651936.00
2016/06/23,48.33,48.95,47.33,48.15,4556255,223732144.00
2016/06/24,47.81,53.07,47.58,51.31,12288307,635647744.00
2016/06/27,50.80,53.84,50.79,53.30,8117056,438056512.00
2016/06/28,53.15,53.30,51.58,53.10,5658383,302886912.00
2016/06/29,53.60,55.48,52.17,53.25,5304190,288871136.00
2016/06/30,52.88,53.50,50.19,51.19,6287615,329551776.00
2016/07/01,51.04,52.50,51.00,51.13,3362625,176812304.00
2016/07/04,50.51,52.05,50.51,51.59,3740116,196292144.00
2016/07/05,51.81,54.80,51.18,53.18,6828543,370921632.00
2016/07/06,52.89,52.89,51.33,52.08,4350188,230504672.00
2016/07/07,52.05,52.58,51.18,51.85,3928058,207115440.00
2016/07/08,52.00,52.13,50.70,51.26,3442262,179877968.00
2016/07/11,51.00,51.55,49.16,49.29,4401910,226522688.00
2016/07/12,48.94,49.88,47.68,49.49,3683085,183147808.00
2016/07/13,49.38,50.23,49.13,49.72,2379053,120538832.00
2016/07/14,49.39,49.98,48.81,49.54,1835497,92621648.00
2016/07/15,49.89,50.88,49.47,49.49,2991664,152894976.00
2016/07/18,49.00,49.00,48.05,48.20,2166827,107362424.00
2016/07/19,48.00,48.80,47.92,48.70,1698679,84052896.00
2016/07/20,48.45,50.39,48.45,48.69,4053816,204298320.00
2016/07/21,48.50,48.98,47.70,48.38,2624711,129402312.00
2016/07/22,48.41,49.58,46.87,47.07,5398598,266287216.00
2016/07/25,46.60,47.55,46.02,46.42,3508181,166929888.00
2016/07/26,46.62,47.48,46.30,47.41,2024059,97142968.00
2016/07/27,47.60,47.66,44.01,44.63,4070600,188897776.00
2016/07/28,44.21,45.44,44.18,45.22,2731294,125025320.00
2016/07/29,45.16,46.16,45.03,45.81,2588369,120751064.00
2016/08/01,45.25,46.45,44.50,46.03,2359243,109496488.00
2016/08/02,46.30,46.35,45.51,45.93,1431792,67043296.00
2016/08/03,45.81,46.46,45.29,45.90,1450882,68084136.00
2016/08/04,45.90,46.90,45.66,46.72,2069214,98088680.00
2016/08/05,46.61,46.79,46.06,46.13,1559417,73797840.00
2016/08/08,45.89,47.38,45.61,47.06,1864793,88915728.00
2016/08/09,47.06,47.42,46.78,47.38,1499458,72043216.00
2016/08/10,47.11,48.24,47.11,47.81,1782740,87115184.00
2016/08/11,47.50,47.98,46.16,46.29,1678432,80645976.00
2016/08/12,46.30,48.05,46.20,47.83,2151582,104117712.00
2016/08/15,47.83,49.40,47.50,49.29,3385249,168032608.00
2016/08/16,49.31,49.98,48.68,49.86,2382610,119806704.00
2016/08/17,49.85,51.89,49.51,50.98,4622371,239359968.00
2016/08/18,51.40,51.40,50.28,50.45,3236054,167047008.00
2016/08/19,50.70,51.18,50.30,50.35,1967365,101529736.00
2016/08/22,50.21,50.21,48.03,48.27,3918056,195062784.00
2016/08/23,48.15,48.85,48.09,48.41,1446741,71416336.00
2016/08/24,48.40,48.73,47.98,48.32,1331620,65619248.00
2016/08/25,48.04,48.44,47.66,48.34,1364967,66799280.00
2016/08/26,48.50,48.86,47.78,47.96,2104881,103991008.00
2016/08/29,47.89,48.34,47.50,48.00,1035033,50696852.00
2016/08/30,48.01,48.79,47.85,48.61,1669693,82562744.00
2016/08/31,48.72,48.75,47.86,48.25,1357921,66730136.00
2016/09/01,48.11,48.43,47.79,47.88,1241721,60908036.00
2016/09/02,47.98,48.07,46.22,46.76,2154415,103472752.00
2016/09/05,46.89,47.03,46.50,46.71,1191131,56899584.00
2016/09/06,46.80,48.42,46.38,48.34,2433553,117663072.00
2016/09/07,48.31,48.55,47.56,47.58,1701975,83589424.00
2016/09/08,47.58,48.38,47.58,47.97,1459800,71494936.00
2016/09/09,47.85,48.25,47.60,47.62,1296867,63316164.00
2016/09/12,46.33,46.72,45.70,45.82,2279455,107394096.00
2016/09/13,46.22,46.32,45.66,45.85,1091045,51217964.00
2016/09/14,45.88,46.06,45.70,45.86,818191,38334272.00
2016/09/19,45.90,46.68,45.90,46.15,996060,46994008.00
2016/09/20,46.47,46.47,45.62,45.76,927791,43519408.00
2016/09/21,45.68,46.46,45.68,46.06,1180158,55631984.00
2016/09/22,46.45,46.89,46.10,46.47,1568161,74603288.00
2016/09/23,46.70,47.16,46.34,46.96,1629840,78087688.00
2016/09/26,46.80,47.06,45.31,45.38,1648402,77686672.00
2016/09/27,45.40,45.78,45.00,45.77,1593713,73830704.00
2016/09/28,45.77,46.07,45.36,45.76,1015605,47408408.00
2016/09/29,45.80,46.10,45.63,45.70,909309,42572544.00
2016/09/30,45.61,45.94,45.52,45.65,679449,31751584.00
2016/10/10,45.85,46.72,45.62,46.37,2069617,97752216.00
2016/10/11,46.37,47.17,46.35,47.00,2179701,104025464.00
2016/10/12,46.71,46.83,46.26,46.30,2117148,100545400.00
2016/10/13,46.43,46.80,46.26,46.32,1149789,54520424.00
2016/10/14,46.20,46.88,46.20,46.68,2014637,95844816.00
2016/10/17,46.82,48.36,46.82,47.46,4658632,227478608.00
2016/10/18,47.48,48.49,47.26,48.38,2947041,144046688.00
2016/10/19,48.39,48.39,47.86,48.19,1877823,92146560.00
2016/10/20,47.56,47.86,47.00,47.67,2648658,128382976.00
2016/10/21,47.67,47.84,46.20,46.63,3247348,155416752.00
2016/10/24,46.64,46.89,46.09,46.58,2459222,116508864.00
2016/10/25,46.51,47.03,46.28,46.75,1732918,82619776.00
2016/10/26,46.50,46.78,45.70,45.85,2363222,111258120.00
2016/10/27,45.99,46.25,45.78,46.08,1421370,66854368.00
2016/10/28,46.25,46.25,45.76,45.91,1294587,60809064.00
2016/10/31,45.96,46.24,45.53,46.18,1587745,74396760.00
2016/11/01,46.15,47.95,46.05,47.74,5061607,245562272.00
2016/11/02,47.71,48.45,47.43,47.78,3369497,164800320.00
2016/11/03,47.76,48.20,47.55,47.86,2848899,139448464.00
2016/11/04,47.86,49.00,47.60,48.50,4516876,223819120.00
2016/11/07,48.74,48.83,47.80,47.98,2266384,111668336.00
2016/11/08,48.19,48.95,48.14,48.54,2215405,109947776.00
2016/11/09,48.65,48.73,46.60,47.20,3715025,180580528.00
2016/11/10,47.65,48.95,47.50,48.81,3686109,181965280.00
2016/11/11,48.90,53.70,48.82,51.78,9158854,481849568.00
2016/11/14,51.85,52.74,50.88,51.14,5279371,277227616.00
2016/11/15,50.85,51.54,50.50,50.96,2980794,154760928.00
2016/11/16,51.04,51.54,50.71,50.76,2313561,120620312.00
2016/11/17,50.60,50.76,49.50,49.69,2974522,151139088.00
2016/11/18,49.75,51.30,49.75,50.38,3227757,166826064.00
2016/11/21,51.00,51.71,50.72,51.42,3873537,202460016.00
2016/11/22,51.39,52.18,51.08,51.56,5116142,269277344.00
2016/11/23,51.24,51.60,50.38,50.54,3398443,176303408.00
2016/11/24,50.53,50.86,49.53,49.96,2479581,127392560.00
2016/11/25,49.90,50.12,48.00,49.69,2963431,148642496.00
2016/11/28,49.75,50.00,49.08,49.20,1698740,85666024.00
2016/11/29,49.18,49.69,48.79,48.86,1659501,83441840.00
2016/11/30,48.86,49.40,48.68,49.00,1394918,69782688.00
2016/12/01,49.28,49.38,48.80,49.00,1424113,71166488.00
2016/12/02,48.97,49.05,47.25,47.38,2595994,127227912.00
2016/12/05,47.01,47.89,46.80,47.50,1413479,68412208.00
2016/12/06,47.70,48.01,47.50,47.75,1261583,61555424.00
2016/12/07,47.55,48.30,47.52,48.10,1284777,62908284.00
2016/12/08,48.30,48.30,47.30,47.37,1391107,67927744.00
2016/12/09,47.37,47.99,47.05,47.23,1390000,67406408.00
2016/12/12,47.00,47.39,44.30,44.41,2901700,134824544.00
2016/12/13,44.20,45.20,43.91,44.91,1514766,68886320.00
2016/12/14,44.83,45.37,44.51,44.76,1473642,67709872.00
2016/12/15,44.65,45.87,44.65,45.58,1432496,66644980.00
2016/12/16,45.47,46.26,45.40,45.92,954635,44772748.00
2016/12/19,46.26,46.26,45.40,45.55,847991,39511340.00
2016/12/20,45.46,45.78,45.33,45.44,968618,45071328.00
2016/12/21,45.48,46.18,45.48,45.65,1029044,48082836.00
2016/12/22,45.90,45.90,45.50,45.77,659527,30829552.00
2016/12/23,45.76,45.85,44.58,44.88,1122307,51693248.00
2016/12/26,44.41,45.49,44.41,45.48,745623,34368392.00
2016/12/27,45.48,46.11,45.23,45.76,871375,40790040.00
2016/12/28,45.57,46.03,45.44,45.51,628647,29403272.00
2016/12/29,45.55,45.84,45.35,45.60,750336,35009592.00
2016/12/30,45.77,45.79,45.01,45.27,735172,34124792.00
2017/01/03,45.31,46.02,44.80,45.75,869644,40560472.00
2017/01/04,45.60,46.55,45.60,46.47,1272333,60016920.00
2017/01/05,46.45,46.49,46.01,46.23,881642,41635684.00
2017/01/06,46.38,46.38,45.50,45.52,859952,40222264.00
2017/01/09,45.04,45.55,45.01,45.30,907041,41936344.00
2017/01/10,45.25,45.83,45.12,45.33,805299,37421740.00
2017/01/11,45.35,45.54,44.00,44.02,1385720,63244776.00
2017/01/12,44.03,44.44,44.02,44.17,781336,35289080.00
2017/01/13,44.28,44.42,42.16,44.21,2267407,100363384.00
2017/01/16,43.80,45.08,42.40,44.86,4043417,181985840.00
2017/01/17,44.85,45.12,44.25,44.93,1209687,55236944.00
2017/01/18,44.87,44.92,44.03,44.06,861383,39199224.00
2017/01/19,43.88,43.88,42.98,43.01,1151801,51105832.00
2017/01/20,42.68,43.98,42.65,43.89,915402,40778040.00
2017/01/23,43.95,44.86,43.50,43.96,821921,37131536.00
2017/01/24,43.80,44.52,43.70,44.11,696399,31408372.00
2017/01/25,44.02,44.78,43.92,44.71,886591,40309104.00
2017/01/26,44.56,45.15,44.56,45.11,783295,35962920.00
2017/02/03,45.20,45.29,44.58,44.76,589491,27003348.00
2017/02/06,44.84,45.16,44.51,44.89,891709,40854024.00
2017/02/07,44.90,44.90,44.33,44.58,787839,35943636.00
2017/02/08,44.59,44.59,43.95,44.47,1758368,79650632.00
2017/02/09,44.36,45.19,44.32,44.89,1433040,65645696.00
2017/02/10,44.88,45.30,44.61,44.79,1148671,52812684.00
2017/02/13,44.71,45.56,44.60,45.45,1371528,63369672.00
2017/02/14,45.60,45.84,45.01,45.28,815053,37673912.00
2017/02/15,45.23,45.80,45.00,45.09,1417368,65824896.00
2017/02/16,45.28,45.43,45.05,45.28,1005159,46427968.00
2017/02/17,45.28,45.39,44.38,44.44,1085416,49654148.00
2017/02/20,44.31,45.37,44.12,45.33,1174546,53854708.00
2017/02/21,45.44,45.75,45.15,45.60,1058773,49277576.00
2017/02/22,45.70,46.45,45.49,46.27,1475835,69247480.00
2017/02/23,46.00,46.45,45.69,46.17,1146560,53872816.00
2017/02/24,46.17,47.08,45.94,46.71,1485563,70827600.00
2017/02/27,46.78,47.07,46.00,46.32,1300883,61905448.00
2017/02/28,46.16,46.49,46.16,46.42,656362,31041696.00
2017/03/01,46.26,46.56,46.03,46.40,1064541,50383056.00
2017/03/02,46.48,47.82,46.33,47.29,2503079,120763064.00
2017/03/03,47.12,47.65,46.95,47.45,2037499,98399040.00
2017/03/06,47.60,48.51,47.45,47.91,3146781,154450976.00
2017/03/07,47.85,48.37,47.69,47.91,1524514,74814952.00
2017/03/08,47.93,48.09,47.31,47.38,1279238,62120704.00
2017/03/09,47.39,48.48,47.21,48.18,2111797,103577464.00
2017/03/10,48.25,48.40,47.91,48.23,1534529,75524632.00
2017/03/13,48.07,48.75,47.15,48.17,1809620,89051728.00
2017/03/14,48.26,49.18,48.17,48.70,2040254,101468568.00
2017/03/15,48.50,48.99,48.35,48.70,1594886,79130096.00
2017/03/16,48.97,49.85,48.56,49.73,2779290,139754784.00
2017/03/17,49.70,51.85,49.70,49.98,4794969,248383488.00
2017/03/20,49.98,51.70,49.98,51.28,4638823,241500960.00
2017/03/21,49.20,49.48,47.78,47.85,7861706,387964160.00
2017/03/22,47.56,48.30,47.10,48.23,3226312,157487024.00
2017/03/23,48.30,48.37,47.07,47.62,2406806,117153720.00
2017/03/24,47.59,47.97,47.34,47.64,1739668,84769136.00
2017/03/27,47.72,47.90,47.42,47.46,1448613,70536416.00
2017/03/28,47.46,47.70,46.15,46.50,2892194,138006160.00
2017/03/29,46.50,46.50,45.67,45.70,1991365,93417424.00
2017/03/30,45.79,45.95,44.60,44.73,2246590,103601896.00
2017/03/31,44.72,45.47,44.72,45.40,1167418,53981576.00
2017/04/05,45.42,46.48,45.42,46.37,1609045,75764048.00
2017/04/06,46.45,46.65,46.19,46.25,1174635,55603576.00
2017/04/07,46.20,46.60,46.03,46.27,1131079,53486512.00
2017/04/10,46.31,46.34,45.00,45.08,1533583,71297488.00
2017/04/11,45.15,46.00,45.00,45.74,1521229,70881968.00
2017/04/12,45.77,45.77,45.02,45.15,889253,41239108.00
2017/04/13,45.14,45.56,44.97,45.03,940413,43484720.00
2017/04/14,45.03,45.03,44.37,44.70,1243704,56672084.00
2017/04/17,44.50,44.85,44.11,44.28,770935,34982708.00
2017/04/18,44.28,44.86,44.28,44.40,867286,39544528.00
2017/04/19,44.31,45.41,44.31,45.25,1120570,51466188.00
2017/04/20,45.35,45.63,45.06,45.22,814270,37701432.00
2017/04/21,45.26,45.26,44.45,44.86,782329,35848748.00
2017/04/24,44.98,45.00,44.30,44.34,1023815,46682260.00
2017/04/25,44.51,44.96,44.46,44.68,760127,34747820.00
2017/04/26,40.11,40.11,40.11,40.11,674900,27745140.00
2017/04/27,36.90,37.46,36.10,36.79,5303693,194027776.00
2017/04/28,36.50,36.85,36.10,36.64,1652406,60411040.00
2017/05/02,36.60,36.61,34.84,34.87,3007950,106856472.00
2017/05/03,35.00,35.51,34.85,35.33,1237908,43602184.00
2017/05/04,35.40,35.48,34.85,34.93,982842,34460392.00
2017/05/05,34.84,35.16,34.60,34.67,888028,31026008.00
2017/05/08,34.49,34.50,32.81,32.90,1822896,61146424.00
2017/05/09,33.15,33.50,32.62,33.28,1028237,34063504.00
2017/05/10,33.35,33.55,32.61,32.67,862220,28616704.00
2017/05/11,31.99,32.80,31.88,32.65,1245682,40220752.00
2017/05/12,32.78,32.78,31.99,32.20,1127918,36329008.00
2017/05/15,32.49,32.50,32.06,32.24,675188,21788164.00
2017/05/16,32.39,33.37,32.06,33.32,1037091,33949680.00
2017/05/17,33.29,33.66,33.00,33.38,1126348,37622112.00
2017/05/18,33.01,33.53,32.90,32.92,698557,23150584.00
2017/05/19,33.02,33.25,32.56,32.68,614200,20161808.00
2017/05/22,32.41,32.78,31.03,31.70,1243004,39480164.00
2017/05/23,31.44,31.98,30.45,30.55,1211670,37933768.00
2017/05/24,30.55,31.40,30.29,31.19,942543,29266184.00
2017/05/25,31.40,31.77,31.05,31.57,797937,25065394.00
2017/05/26,31.57,31.79,31.21,31.39,674625,21247734.00
2017/05/31,31.85,32.48,31.28,31.50,1110411,35369440.00
2017/06/01,31.66,31.66,30.50,30.82,684772,21320052.00
2017/06/02,30.60,31.53,30.53,31.44,898439,28015708.00
2017/06/05,31.88,32.46,31.56,32.04,811510,26116540.00
2017/06/06,31.98,32.39,31.98,32.32,639867,20661820.00
2017/06/07,32.34,32.80,32.34,32.73,911535,29740688.00
2017/06/08,32.73,32.87,32.20,32.44,927960,30092064.00
2017/06/09,32.44,32.48,32.01,32.37,625592,20154008.00
2017/06/12,32.34,32.34,31.61,31.62,588671,18802050.00
2017/06/13,31.52,32.80,31.40,32.56,871299,28167744.00
2017/06/14,32.58,32.86,32.34,32.71,790570,25754120.00
2017/06/15,32.71,33.33,32.56,33.02,911970,30053632.00
2017/06/16,33.03,33.15,32.58,32.70,666929,21928066.00
2017/06/19,32.90,33.30,32.63,33.23,901180,29836436.00
2017/06/20,33.02,33.41,32.79,32.88,803719,26641704.00
2017/06/21,32.92,33.20,32.63,32.88,604448,19832728.00
2017/06/22,32.89,33.00,32.35,32.39,603256,19769252.00
2017/06/23,32.37,32.68,31.29,32.28,1129250,36030216.00
2017/06/26,32.19,32.75,31.84,32.58,779935,25155788.00
2017/06/27,32.55,32.75,32.30,32.38,587965,19102328.00
2017/06/28,32.38,32.47,31.89,31.91,511931,16426647.00
2017/06/29,32.07,32.19,31.70,31.80,858593,27438706.00
2017/06/30,31.79,32.10,31.65,32.01,647045,20615704.00
2017/07/03,31.90,32.20,31.68,32.13,759636,24212760.00
2017/07/04,32.32,32.50,31.70,31.79,736080,23517688.00
2017/07/05,31.84,31.98,31.76,31.94,574100,18293544.00
2017/07/06,32.08,32.10,31.55,31.79,934835,29735768.00
2017/07/07,31.80,32.02,31.67,32.00,926835,29498672.00
2017/07/10,31.93,31.94,31.20,31.56,1232248,38829808.00
2017/07/11,31.56,31.56,31.02,31.03,851802,26618566.00
2017/07/12,31.02,31.19,30.38,31.05,943712,29001772.00
2017/07/13,31.05,31.05,30.66,30.70,596536,18340056.00
2017/07/14,30.70,30.82,30.42,30.49,633560,19386208.00
2017/07/17,30.47,30.47,28.33,29.19,1630900,47538360.00
2017/07/18,29.00,29.29,28.69,29.03,735344,21323544.00
2017/07/19,28.99,29.49,28.81,29.43,836260,24394388.00
2017/07/20,29.56,29.81,29.40,29.49,859200,25428224.00
2017/07/21,29.50,29.78,29.21,29.44,874125,25737376.00
2017/07/24,29.30,29.78,29.20,29.72,1411664,41553488.00
2017/07/25,29.70,29.83,29.46,29.60,639600,18922100.00
2017/07/26,29.51,29.68,29.23,29.37,644438,18939094.00
2017/07/27,29.30,30.21,29.24,30.09,1034421,30821740.00
2017/07/28,30.20,30.25,29.92,29.99,584900,17578116.00
2017/08/02,33.42,33.42,33.42,33.42,0,0.00
数据来源:通达信
