600707 彩虹股份 日线 前复权
      日期	    开盘	    最高	    最低	    收盘	    成交量	    成交额
2010/10/08,17.98,18.33,17.61,17.95,6681182,120764592.00
2010/10/11,17.99,18.15,17.01,17.12,14026325,246135616.00
2010/10/12,17.05,17.80,17.05,17.69,8299519,145934208.00
2010/10/13,17.70,17.97,17.15,17.43,6863426,119691176.00
2010/10/14,17.55,17.65,15.69,15.79,24991046,402830304.00
2010/10/15,15.80,16.12,15.35,15.79,13872153,218878144.00
2010/10/18,15.89,15.89,15.02,15.33,8746915,134013088.00
2010/10/19,15.19,16.28,15.19,16.19,10054623,160154880.00
2010/10/20,16.10,16.76,15.80,16.76,14038058,231469424.00
2010/10/21,16.58,17.11,16.44,16.61,9925715,165913600.00
2010/10/22,16.66,16.70,16.24,16.40,6528599,107029088.00
2010/10/25,16.31,16.79,16.04,16.65,8461549,139574656.00
2010/10/26,16.63,16.73,16.35,16.52,8527933,140309360.00
2010/10/27,16.45,17.63,16.25,17.36,17624162,300153760.00
2010/10/28,17.20,17.60,16.87,17.24,6939313,118981744.00
2010/10/29,17.16,17.90,17.16,17.43,11080181,194739856.00
2010/11/01,17.52,17.52,16.90,17.39,15431551,265422592.00
2010/11/02,17.45,17.90,17.18,17.21,11271172,197899056.00
2010/11/03,17.21,17.30,16.58,16.61,7480015,125872712.00
2010/11/04,16.60,16.76,16.23,16.68,7413841,122277696.00
2010/11/05,16.73,17.56,16.33,17.35,12784983,218551824.00
2010/11/08,17.41,18.68,17.22,18.55,18373183,328904800.00
2010/11/09,18.80,19.77,18.80,19.21,28229573,543346368.00
2010/11/10,19.14,19.77,18.81,19.47,14986106,291481952.00
2010/11/11,19.35,19.47,18.77,18.85,10799991,207685456.00
2010/11/12,18.88,18.88,17.01,17.19,12197149,218209216.00
2010/11/15,17.30,18.50,17.20,18.46,10027703,180255552.00
2010/11/16,18.50,20.25,18.49,18.99,23906020,464283136.00
2010/11/17,19.00,19.50,18.00,18.20,8316949,154364640.00
2010/11/18,18.50,18.93,17.45,18.26,8541213,154368608.00
2010/11/19,18.55,20.09,18.31,20.09,25344961,495931520.00
2010/11/22,20.40,21.81,20.00,20.89,27988997,582649344.00
2010/11/23,20.50,21.19,19.88,21.03,14021507,287245312.00
2010/11/24,20.63,21.66,20.45,21.02,11341383,237792992.00
2010/11/25,21.30,21.57,20.27,20.34,12110549,251182848.00
2010/11/26,20.39,20.99,20.05,20.96,8998868,184033056.00
2010/11/29,20.77,21.16,20.32,20.76,6227766,129572008.00
2010/11/30,20.70,20.70,19.00,19.59,13492000,264481856.00
2010/12/01,19.50,19.56,18.88,19.14,6999931,133931192.00
2010/12/02,19.31,19.78,19.08,19.23,6383331,124016384.00
2010/12/03,19.25,19.36,18.56,18.89,4200644,79167008.00
2010/12/06,18.89,19.35,18.50,19.31,6146344,116434560.00
2010/12/07,19.18,19.99,18.66,19.86,8037169,157766096.00
2010/12/08,19.85,20.08,19.61,19.74,5273672,104570320.00
2010/12/09,19.88,19.92,18.90,19.44,4976896,97372432.00
2010/12/10,19.41,19.79,19.03,19.52,4067348,79575472.00
2010/12/13,19.72,20.30,19.72,20.15,9666555,193619648.00
2010/12/14,20.25,20.40,19.60,19.91,8499303,169464160.00
2010/12/15,19.98,20.29,19.70,20.08,6902749,138205104.00
2010/12/16,20.00,20.15,19.60,19.72,6268684,124410368.00
2010/12/17,19.68,19.85,18.99,19.16,8551107,165431024.00
2010/12/20,19.28,19.33,18.12,18.69,8573987,159964832.00
2010/12/21,18.77,19.07,18.50,18.82,4391079,82555168.00
2010/12/22,18.85,19.24,18.63,18.69,5079899,96034400.00
2010/12/23,18.80,19.07,18.40,18.41,3897141,73076800.00
2010/12/24,18.30,18.30,17.45,17.75,4565984,81369976.00
2010/12/27,18.02,18.32,17.40,17.61,3812192,68409896.00
2010/12/28,17.60,17.60,17.00,17.33,3722111,64192952.00
2010/12/29,17.38,17.49,16.96,17.45,4144028,71288880.00
2010/12/30,17.41,19.20,17.08,19.18,10318431,190479296.00
2010/12/31,18.99,19.26,18.57,19.12,6835236,129688432.00
2011/01/04,19.10,19.20,18.61,18.86,5122258,96473080.00
2011/01/05,18.80,19.29,18.62,18.70,6283264,118701768.00
2011/01/06,18.61,19.01,18.05,18.18,6104803,112736240.00
2011/01/07,18.13,18.39,17.86,18.16,4623009,83867808.00
2011/01/10,18.18,18.24,16.88,17.05,7920943,137364112.00
2011/01/11,17.07,17.07,16.52,16.98,3654224,61623436.00
2011/01/12,17.02,17.54,17.00,17.20,6118984,105785696.00
2011/01/13,17.38,17.50,16.70,16.97,3218746,54710456.00
2011/01/14,16.98,17.01,16.47,16.58,2508048,41698644.00
2011/01/17,16.47,16.47,14.92,14.92,8204320,125898712.00
2011/01/18,14.70,15.07,14.58,14.92,3317634,49149792.00
2011/01/19,15.00,15.41,14.95,15.31,3981097,60925472.00
2011/01/20,15.31,15.60,14.61,14.73,4041988,60599756.00
2011/01/21,14.68,15.34,14.68,15.09,4156537,62657792.00
2011/01/24,15.18,15.30,14.24,14.28,4588089,67360448.00
2011/01/25,14.28,14.30,13.45,14.29,4315580,59943460.00
2011/01/26,14.21,15.12,14.09,15.11,5657676,84053240.00
2011/01/27,15.05,15.22,14.71,14.96,5939215,89246776.00
2011/01/31,15.01,15.29,14.78,14.84,6316323,94307976.00
2011/02/01,14.86,15.49,14.74,15.38,5733172,87078952.00
2011/02/09,15.35,15.92,15.11,15.43,4818237,75040288.00
2011/02/10,15.30,15.77,15.26,15.74,5283004,81734728.00
2011/02/11,15.80,15.96,15.50,15.76,4267444,67213536.00
2011/02/14,15.80,16.30,15.78,16.15,5773822,92641264.00
2011/02/15,16.20,16.30,16.01,16.04,5637010,91073688.00
2011/02/16,16.05,17.64,16.02,17.53,16120456,276463424.00
2011/02/17,17.38,17.61,17.10,17.55,7641298,132495896.00
2011/02/18,17.33,17.49,16.95,17.00,6018274,103136576.00
2011/02/21,16.80,17.24,16.59,17.14,8633876,146073776.00
2011/02/22,17.12,17.55,16.74,16.77,7678138,131445560.00
2011/02/23,16.60,17.33,16.57,17.12,5332410,90807544.00
2011/02/24,17.12,17.29,16.85,17.04,3978841,67962920.00
2011/02/25,17.05,17.09,16.38,16.40,8703050,143908720.00
2011/02/28,16.49,17.22,16.23,17.15,9675128,161292960.00
2011/03/01,17.02,17.45,16.90,17.02,7351789,126115504.00
2011/03/02,17.01,17.01,16.44,16.51,8748861,144844640.00
2011/03/03,16.51,16.65,15.70,15.75,10003370,161194624.00
2011/03/04,15.76,15.94,15.40,15.91,10726447,167122608.00
2011/03/07,15.90,16.70,15.79,16.41,15166054,244554656.00
2011/03/08,16.23,16.23,15.87,16.01,8333053,133167312.00
2011/03/09,16.17,16.17,15.55,15.91,10646464,168291168.00
2011/03/10,16.00,16.03,15.64,15.78,7381568,116636640.00
2011/03/11,15.67,15.78,15.41,15.58,9193936,143259280.00
2011/03/14,15.81,16.30,15.60,15.73,16667273,265041840.00
2011/03/15,15.74,15.74,14.90,15.41,10072952,154009008.00
2011/03/16,15.48,15.95,15.32,15.73,10051495,158108384.00
2011/03/17,15.50,15.59,15.16,15.25,6163469,94809880.00
2011/03/18,15.43,15.59,15.30,15.42,3489124,53767224.00
2011/03/21,15.39,15.50,15.19,15.20,5107559,78277848.00
2011/03/22,15.20,15.34,14.90,15.10,3806884,57305956.00
2011/03/23,15.10,15.54,15.09,15.51,6981102,107442520.00
2011/03/24,15.50,15.72,15.35,15.44,5520319,85672376.00
2011/03/25,15.48,16.26,15.41,16.08,18553880,296872032.00
2011/04/06,15.89,16.00,14.51,14.89,18649298,280408448.00
2011/04/07,14.66,14.98,14.39,14.84,8837287,129398080.00
2011/04/08,14.84,14.87,14.51,14.71,5950689,87434336.00
2011/04/11,14.74,15.05,14.71,14.75,6213646,92351056.00
2011/04/12,14.78,14.93,14.40,14.49,6527167,95174240.00
2011/04/13,14.47,14.55,14.22,14.53,5966370,85655512.00
2011/04/14,14.50,14.80,14.37,14.68,6518233,95549024.00
2011/04/15,14.60,14.72,14.33,14.49,3998629,58004632.00
2011/04/18,14.45,14.52,14.18,14.22,5833718,83332736.00
2011/04/19,13.96,13.96,13.66,13.70,9591253,132086720.00
2011/04/20,13.70,14.06,13.55,13.83,7187088,99437688.00
2011/04/21,13.85,14.25,13.85,14.04,5794982,81528152.00
2011/04/22,14.06,14.06,13.48,13.68,8355646,114262352.00
2011/04/25,13.50,13.68,13.09,13.15,6372072,84509048.00
2011/04/26,13.14,13.14,12.10,12.34,10127853,126627368.00
2011/04/27,12.39,12.46,11.60,11.85,12798361,153110640.00
2011/04/28,11.85,12.11,11.71,11.78,5226782,62186992.00
2011/04/29,11.80,12.10,11.79,12.00,4452517,53366584.00
2011/05/03,12.10,12.88,11.93,12.73,9531968,120035008.00
2011/05/04,12.65,13.10,12.54,12.59,8040294,103008408.00
2011/05/05,12.59,12.85,12.28,12.36,4592527,57069348.00
2011/05/06,12.36,12.66,12.20,12.49,3553622,44194696.00
2011/05/09,12.44,12.90,12.43,12.60,3831988,48624360.00
2011/05/10,12.61,12.70,12.27,12.44,3932972,48880804.00
2011/05/11,12.42,12.63,12.18,12.58,5602225,69394600.00
2011/05/12,12.43,12.45,12.15,12.19,4388895,54068156.00
2011/05/13,12.15,12.28,11.95,12.21,4079417,49417844.00
2011/05/16,12.26,12.47,12.03,12.05,5171121,63056776.00
2011/05/17,12.09,12.27,11.73,12.07,5752450,68856512.00
2011/05/18,11.95,12.19,11.90,12.11,2729690,32983232.00
2011/05/19,12.13,12.19,11.90,11.90,2914947,35083544.00
2011/05/20,11.89,12.32,11.83,12.24,5512075,66943848.00
2011/05/23,12.14,12.58,12.10,12.52,10563095,130644912.00
2011/05/24,12.36,12.69,12.21,12.66,8476364,105707104.00
2011/05/25,12.53,12.68,12.46,12.58,5996897,75191584.00
2011/05/26,12.65,12.70,12.53,12.61,5164798,65036784.00
2011/05/27,12.62,12.68,12.26,12.41,4858639,60250764.00
2011/05/30,12.41,12.45,12.02,12.11,4352885,52992540.00
2011/05/31,12.20,12.69,12.01,12.68,3801435,46795748.00
2011/06/01,12.68,13.28,12.50,13.25,10904412,141192928.00
2011/06/02,13.06,13.48,12.96,13.21,12009433,158759808.00
2011/06/03,13.21,13.35,13.06,13.32,5882820,77837808.00
2011/06/07,13.33,13.38,13.01,13.13,5102852,67178232.00
2011/06/08,13.02,13.25,12.84,13.14,5943878,77430864.00
2011/06/09,13.14,13.14,12.44,12.46,5378498,68777872.00
2011/06/10,12.44,12.49,11.96,12.20,5868112,71151536.00
2011/06/13,12.00,12.35,11.93,12.27,2188829,26726370.00
2011/06/14,12.28,12.46,12.19,12.37,2375573,29332628.00
2011/06/15,12.37,12.46,12.18,12.20,2423790,29889360.00
2011/06/16,12.02,12.14,11.63,11.65,5459139,64682236.00
2011/06/17,11.65,11.95,11.62,11.66,2842417,33511232.00
2011/06/20,11.68,11.85,11.39,11.43,2951009,34150652.00
2011/06/21,11.42,11.71,11.42,11.69,2055429,23828404.00
2011/06/22,11.67,11.76,11.61,11.73,1394266,16279440.00
2011/06/23,11.64,11.91,11.52,11.89,2430040,28564356.00
2011/06/24,11.83,12.27,11.77,12.05,4374544,52825828.00
2011/06/27,12.04,12.32,12.00,12.22,3380044,41209676.00
2011/06/28,12.19,12.41,12.12,12.35,3498203,43025232.00
2011/06/30,12.29,12.53,12.10,12.44,4459634,55115276.00
2011/07/01,12.43,12.73,12.22,12.25,3643015,44942524.00
2011/07/04,12.22,12.69,12.22,12.65,6527341,81609120.00
2011/07/05,12.65,12.88,12.53,12.67,4754518,60419692.00
2011/07/06,12.60,12.93,12.51,12.89,4602427,58492492.00
2011/07/07,12.83,12.88,12.54,12.62,5270145,67012924.00
2011/07/08,12.53,12.65,12.30,12.40,3279327,40746272.00
2011/07/11,12.39,13.05,12.19,13.01,7751163,98716392.00
2011/07/12,12.85,13.69,12.78,13.49,17390996,232501200.00
2011/07/13,13.37,13.64,13.24,13.50,8066561,108580288.00
2011/07/14,13.50,13.51,13.32,13.39,5010933,67193888.00
2011/07/15,13.33,14.05,13.33,13.77,10428949,144016192.00
2011/07/18,13.70,13.97,13.61,13.64,3911007,53676008.00
2011/07/19,13.48,13.48,12.60,12.79,10358668,133316400.00
2011/07/20,12.75,12.92,12.50,12.71,5218490,66083800.00
2011/07/21,12.71,12.87,12.62,12.63,3025464,38534668.00
2011/07/22,12.60,12.74,12.52,12.55,2672947,33682444.00
2011/07/25,12.55,12.81,12.24,12.42,5083802,63638356.00
2011/07/26,12.42,13.00,12.40,12.89,6668462,85575640.00
2011/07/27,12.88,13.13,12.62,13.08,6340602,81959608.00
2011/07/28,13.01,13.27,12.41,12.57,8522080,108674888.00
2011/07/29,12.47,12.58,11.75,12.01,7533279,91362040.00
2011/08/01,12.00,12.00,11.77,11.84,4890734,57904928.00
2011/08/02,11.72,11.90,11.65,11.81,3015394,35367448.00
2011/08/03,11.77,11.93,11.69,11.74,2091435,24713774.00
2011/08/04,11.75,11.87,11.60,11.76,3243587,38045960.00
2011/08/05,11.41,11.64,11.27,11.28,4074924,46574608.00
2011/08/08,11.05,11.10,10.15,10.19,7577856,79092352.00
2011/08/09,9.75,10.08,9.50,9.81,6042045,58929828.00
2011/08/10,10.06,10.47,10.00,10.13,5603039,57262996.00
2011/08/11,9.90,10.26,9.75,10.24,4410621,44036620.00
2011/08/12,10.34,10.41,10.22,10.34,3815355,39339644.00
2011/08/15,10.37,10.56,10.34,10.51,3216468,33688424.00
2011/08/16,10.55,10.61,10.23,10.28,2963300,30745806.00
2011/08/17,10.30,11.30,10.26,10.84,7689793,82947296.00
2011/08/18,10.86,10.86,10.42,10.44,3915538,41532144.00
2011/08/19,10.28,10.40,10.12,10.38,2444705,25131660.00
2011/08/22,10.25,10.49,10.25,10.37,1834076,19033184.00
2011/08/23,10.37,10.47,10.30,10.41,1720814,17905858.00
2011/08/24,10.57,10.83,10.46,10.65,3393766,36196228.00
2011/08/25,10.65,10.89,10.54,10.80,2938815,31586832.00
2011/08/26,10.78,10.98,10.69,10.94,2936810,31818348.00
2011/08/29,10.90,11.15,10.74,10.90,3289522,36015468.00
2011/08/30,10.90,11.14,10.70,10.77,2713167,29665980.00
2011/08/31,10.77,10.83,10.49,10.61,1959021,20782856.00
2011/09/01,10.63,10.80,10.22,10.27,2167197,22742552.00
2011/09/02,10.27,10.41,10.14,10.34,1885478,19422082.00
2011/09/05,10.29,10.29,9.92,9.99,1313201,13218106.00
2011/09/06,9.96,10.06,9.90,9.95,1070421,10669311.00
2011/09/07,10.05,10.30,10.01,10.20,1092895,11084073.00
2011/09/08,10.25,10.35,10.09,10.11,1065003,10821907.00
2011/09/09,10.15,10.16,9.97,10.05,1130057,11336784.00
2011/09/13,9.90,9.90,9.73,9.81,1192110,11673100.00
2011/09/14,9.92,9.92,9.63,9.83,1933610,18847900.00
2011/09/16,9.95,10.10,9.87,9.95,1233133,12287057.00
2011/09/19,9.89,9.89,9.66,9.67,1232860,12024334.00
2011/09/20,9.61,9.88,9.61,9.77,859227,8366500.00
2011/09/21,9.75,10.12,9.73,10.06,2019090,20173560.00
2011/09/22,10.00,10.00,9.60,9.63,1930358,19003576.00
2011/09/23,9.55,9.60,9.35,9.44,1882523,17780236.00
2011/09/26,9.44,9.55,9.28,9.35,1391591,13076031.00
2011/09/27,9.50,9.50,9.31,9.38,1262960,11858644.00
2011/09/28,9.45,9.56,9.15,9.35,1293766,12138097.00
2011/09/29,9.28,9.33,8.68,8.70,2566111,22765172.00
2011/09/30,8.75,8.82,8.46,8.68,1607967,13850481.00
2011/10/10,8.58,8.73,8.35,8.43,1863004,15773800.00
2011/10/11,8.50,8.64,8.01,8.17,2223113,18692196.00
2011/10/12,8.19,8.81,8.14,8.79,3763202,32254724.00
2011/10/13,8.78,8.96,8.73,8.85,2929563,25854038.00
2011/10/14,8.85,8.85,8.39,8.60,3151030,27078268.00
2011/10/17,8.54,9.14,8.45,9.12,6712595,59511952.00
2011/10/18,8.91,9.07,8.83,8.89,3281111,29300070.00
2011/10/19,8.87,9.09,8.60,8.94,2434804,21602244.00
2011/10/20,8.90,8.90,8.27,8.46,2905006,24658932.00
2011/10/21,8.45,8.60,7.80,8.20,3268347,26583968.00
2011/10/24,8.10,8.30,7.84,8.30,3690762,29901254.00
2011/10/25,8.29,8.55,8.08,8.43,4480073,37472088.00
2011/10/26,8.45,8.69,8.41,8.58,4457559,38341524.00
2011/10/27,8.52,8.73,8.38,8.45,4083177,34792356.00
2011/10/28,8.55,8.74,8.46,8.68,5305466,45607536.00
2011/10/31,8.60,8.78,8.56,8.64,3056219,26429812.00
2011/11/01,8.60,8.90,8.56,8.86,5239524,45685728.00
2011/11/02,8.74,8.95,8.38,8.87,7375355,63560536.00
2011/11/03,9.01,9.24,8.93,8.94,8880048,80612800.00
2011/11/04,8.99,9.04,8.92,8.99,3671380,32934332.00
2011/11/07,8.97,9.21,8.91,9.09,4642400,42248376.00
2011/11/08,9.08,9.15,8.75,8.77,3796964,33970108.00
2011/11/09,8.78,8.94,8.54,8.75,6487133,56462216.00
2011/11/10,8.70,8.70,8.38,8.40,5248740,44704408.00
2011/11/11,8.41,8.54,8.37,8.44,2707224,22881542.00
2011/11/14,8.53,8.67,8.46,8.65,3727251,32004362.00
2011/11/15,8.67,9.02,8.65,8.96,9523241,84947184.00
2011/11/16,8.94,9.48,8.89,9.15,17527125,161861120.00
2011/11/17,9.00,9.35,8.92,9.08,6495188,58946792.00
2011/11/18,9.05,9.05,8.44,8.60,5454577,47693248.00
2011/11/21,8.50,8.71,8.47,8.69,2538115,21739234.00
2011/11/22,8.56,8.63,8.46,8.58,2231249,19052924.00
2011/11/23,8.55,8.65,8.18,8.24,3952998,33248892.00
2011/11/24,8.10,8.28,7.90,8.13,4700909,38083856.00
2011/11/25,8.13,8.13,7.96,8.06,2423616,19466872.00
2011/11/28,8.00,8.08,7.89,8.02,2542785,20292174.00
2011/11/29,8.03,8.28,8.02,8.27,3278593,26643622.00
2011/11/30,8.26,8.26,7.78,7.92,3856004,30668628.00
2011/12/01,8.26,8.29,8.05,8.06,4070137,33227556.00
2011/12/02,8.07,8.07,7.77,7.90,2149058,16906424.00
2011/12/05,7.90,7.91,7.43,7.50,3423654,25933092.00
2011/12/06,7.50,7.52,6.99,7.27,3780784,27067264.00
2011/12/07,7.20,7.34,7.14,7.29,2110226,15304470.00
2011/12/09,7.28,7.50,7.06,7.25,3140598,22570272.00
2011/12/12,7.15,7.32,7.08,7.19,1701544,12221965.00
2011/12/13,7.24,7.25,6.84,6.95,2263083,15829285.00
2011/12/14,6.81,6.95,6.80,6.84,986979,6769893.00
2011/12/15,6.71,6.80,6.42,6.43,1874834,12394648.00
2011/12/16,6.45,6.66,6.36,6.63,1749280,11363556.00
2011/12/19,6.60,6.60,6.40,6.56,1340122,8702379.00
2011/12/20,6.57,6.82,6.49,6.62,4070598,27191076.00
2011/12/21,6.69,6.70,6.40,6.40,2303222,15088248.00
2011/12/22,6.36,6.70,5.90,6.38,3578451,22386492.00
2011/12/23,6.35,6.60,6.25,6.39,2663933,17152418.00
2011/12/26,6.33,6.53,6.24,6.47,2234914,14462132.00
2011/12/27,6.52,6.52,6.29,6.33,1562061,9955387.00
2011/12/28,6.21,6.37,6.05,6.26,1347801,8319273.00
2011/12/29,6.25,6.42,5.90,6.41,7633868,47239204.00
2011/12/30,6.21,6.48,6.19,6.41,4339419,27649616.00
2012/01/04,6.43,6.58,6.09,6.13,5579731,34673344.00
2012/01/05,6.04,6.09,5.52,5.52,6424740,36922424.00
2012/01/06,5.51,5.62,5.35,5.58,2253397,12297449.00
2012/01/09,5.54,5.83,5.50,5.82,3584160,20508796.00
2012/01/10,5.77,6.18,5.77,6.17,5448401,32908860.00
2012/01/11,6.17,6.33,6.03,6.28,9959744,61653344.00
2012/01/12,6.18,6.28,6.12,6.18,4661824,28879372.00
2012/01/13,6.18,6.18,5.79,5.98,7458745,44240528.00
2012/01/16,5.90,6.08,5.80,6.05,10794936,64760436.00
2012/01/17,6.20,6.66,6.10,6.35,15672027,99035984.00
2012/01/18,6.50,6.50,6.05,6.09,10691720,66199032.00
2012/01/19,5.91,6.09,5.90,5.93,5265806,31464648.00
2012/01/20,5.94,6.01,5.88,5.98,2564838,15312902.00
2012/01/30,5.99,6.02,5.87,5.91,2252511,13426143.00
2012/01/31,5.83,5.85,5.70,5.77,2303152,13297987.00
2012/02/01,5.76,5.87,5.69,5.77,2165318,12547049.00
2012/02/02,5.77,5.90,5.70,5.89,3193692,18564748.00
2012/02/03,5.88,6.45,5.85,6.28,13193792,81889920.00
2012/02/06,6.28,6.52,6.21,6.48,11016203,69989760.00
2012/02/07,6.40,6.45,6.17,6.30,7949176,50012232.00
2012/02/08,6.27,6.55,6.25,6.50,10029559,64379568.00
2012/02/09,6.45,6.65,6.41,6.48,7974125,52148076.00
2012/02/10,6.45,6.70,6.43,6.52,7170024,46905004.00
2012/02/13,6.48,7.17,6.41,7.04,20284270,141071520.00
2012/02/14,7.04,7.06,6.76,6.89,14018027,96796528.00
2012/02/15,6.91,7.58,6.78,7.58,23415974,170016064.00
2012/02/16,7.56,7.80,7.35,7.52,23550611,178184192.00
2012/02/17,7.53,7.61,7.38,7.57,10346312,77629112.00
2012/02/20,7.67,7.83,7.45,7.47,12845753,97655440.00
2012/02/21,7.45,7.55,7.21,7.54,7409670,54770512.00
2012/02/22,7.54,7.68,7.37,7.60,12781298,95902408.00
2012/02/23,7.55,7.60,7.38,7.47,8929478,66824132.00
2012/02/24,7.41,7.55,7.41,7.55,8309893,62312728.00
2012/02/27,7.57,8.01,7.50,7.74,20817789,162321312.00
2012/02/28,7.70,7.96,7.66,7.80,12008280,93938080.00
2012/02/29,7.61,7.76,7.40,7.41,9982008,75111992.00
2012/03/01,7.43,7.68,7.40,7.57,7815021,58988056.00
2012/03/02,7.63,7.83,7.51,7.80,9450057,72718608.00
2012/03/05,7.83,8.50,7.70,8.09,21911430,178410160.00
2012/03/06,8.00,8.80,8.00,8.59,24219452,203350128.00
2012/03/07,8.45,8.75,8.22,8.30,20461249,172321184.00
2012/03/08,8.31,8.38,8.22,8.33,9080289,75380800.00
2012/03/09,8.34,8.45,8.20,8.31,10798095,89776680.00
2012/03/12,8.25,8.34,8.08,8.22,8351961,68102392.00
2012/03/14,8.33,8.36,7.40,7.52,17813008,140054976.00
2012/03/15,7.50,7.58,7.06,7.24,11484292,83123424.00
2012/03/16,7.25,7.43,7.07,7.30,8950707,64896860.00
2012/03/19,7.38,7.55,7.30,7.39,8900263,66069436.00
2012/03/20,7.39,7.39,7.14,7.17,6040335,43697424.00
2012/03/21,7.18,7.29,6.96,7.15,7450541,52896976.00
2012/03/22,7.15,7.34,7.02,7.19,6275370,44997740.00
2012/03/23,7.20,7.30,7.00,7.10,5561618,40066128.00
2012/03/26,7.06,7.16,6.98,7.05,3815820,26937424.00
2012/03/27,7.06,7.21,7.06,7.08,4647369,33110788.00
2012/03/28,7.07,7.07,6.53,6.58,6327791,42990548.00
2012/03/29,6.57,6.57,6.15,6.17,6782605,43062388.00
2012/03/30,6.18,6.28,5.99,6.03,4960264,30268882.00
2012/04/05,6.07,6.25,6.03,6.24,4715294,29124688.00
2012/04/06,6.26,6.52,6.24,6.35,5570387,35379528.00
2012/04/09,6.29,6.35,6.04,6.07,9137401,56267032.00
2012/04/10,6.01,6.13,5.78,6.08,11200835,66636644.00
2012/04/11,6.25,6.68,6.25,6.51,19678686,127259952.00
2012/04/12,6.50,6.69,6.35,6.63,14965853,97593672.00
2012/04/13,6.60,6.80,6.59,6.64,10190452,68071896.00
2012/04/16,6.58,7.21,6.51,7.11,17933012,125576752.00
2012/04/17,7.01,7.16,6.76,6.86,14187796,98253464.00
2012/04/18,6.87,7.11,6.87,6.99,14051265,98121224.00
2012/04/19,7.01,7.08,6.80,6.86,12408465,86018032.00
2012/04/23,6.58,6.68,6.26,6.42,15924314,102735968.00
2012/04/24,6.30,6.56,6.18,6.36,10308759,65452480.00
2012/04/25,6.32,6.64,6.24,6.50,9863406,63967052.00
2012/04/26,6.50,6.75,6.46,6.59,9705304,64167244.00
2012/04/27,6.69,6.82,6.53,6.61,8806400,58645348.00
2012/05/02,6.65,6.69,6.08,6.32,11002327,69619984.00
2012/05/03,6.30,6.32,6.14,6.31,5974377,37173620.00
2012/05/04,6.27,6.45,6.25,6.39,5203208,33176996.00
2012/05/07,6.38,6.96,6.32,6.89,15255129,101715632.00
2012/05/08,6.89,7.34,6.77,7.15,24635522,174406224.00
2012/05/09,7.04,7.44,7.04,7.23,26308432,190749984.00
2012/05/10,7.23,7.42,7.11,7.32,15275426,111134080.00
2012/05/11,7.27,7.76,7.27,7.53,21362985,159706768.00
2012/05/14,7.50,7.74,7.46,7.56,13903328,105349936.00
2012/05/15,7.52,7.81,7.23,7.35,24249791,182293808.00
2012/05/16,7.30,8.06,7.25,7.90,33153287,257679808.00
2012/05/17,7.79,7.98,7.66,7.91,22081814,172495248.00
2012/05/18,7.87,7.94,7.64,7.71,10216219,79065184.00
2012/05/21,7.75,7.87,7.55,7.81,10676206,82504224.00
2012/05/22,7.81,8.06,7.62,8.00,18376461,144336896.00
2012/05/23,7.90,7.97,7.74,7.85,8830904,69264648.00
2012/05/24,7.86,8.08,7.79,8.01,13532953,107548272.00
2012/05/25,8.01,8.12,7.70,7.74,10630729,84409960.00
2012/05/28,7.70,7.81,7.48,7.80,9637010,73772608.00
2012/05/29,7.82,8.18,7.70,8.04,18490973,146787536.00
2012/05/30,8.04,8.21,7.96,8.08,15591078,126383960.00
2012/05/31,8.00,8.05,7.83,7.95,11005932,87595832.00
2012/06/01,7.87,8.03,7.80,7.94,7028386,55508460.00
2012/06/04,7.79,7.89,7.25,7.31,11638898,87584088.00
2012/06/05,7.32,7.43,7.05,7.18,11143247,80120592.00
2012/06/06,7.22,7.24,7.00,7.05,5618695,39791464.00
2012/06/07,7.12,7.17,6.75,6.94,7845325,54642256.00
2012/06/08,6.98,6.98,6.72,6.76,5688788,38837048.00
2012/06/11,6.75,6.96,6.70,6.89,3638414,24896576.00
2012/06/12,6.87,6.95,6.76,6.91,2761759,18893414.00
2012/06/13,6.95,7.40,6.91,7.33,10960397,79165112.00
2012/06/14,7.27,7.37,7.20,7.22,5751389,41634936.00
2012/06/15,7.35,7.38,7.03,7.12,6008893,43181304.00
2012/06/18,7.14,7.30,7.07,7.22,5246402,37699508.00
2012/06/19,7.21,7.23,6.62,6.68,20057179,139011168.00
2012/06/20,6.69,6.75,6.50,6.65,6829346,45079288.00
2012/06/21,6.63,6.63,6.38,6.47,5798730,37640492.00
2012/06/25,6.44,6.49,6.17,6.23,4890546,30769336.00
2012/06/26,6.16,6.20,5.85,5.94,27364379,163147136.00
2012/06/27,5.92,5.96,5.78,5.80,13741638,80551968.00
2012/06/28,5.86,5.92,5.76,5.80,17705747,103143680.00
2012/06/29,5.79,5.93,5.69,5.92,9891602,57593804.00
2012/07/02,6.06,6.06,5.91,5.97,8008826,47759332.00
2012/07/03,5.95,6.10,5.94,6.04,15147326,91425800.00
2012/07/04,6.04,6.06,5.80,5.95,11289214,66660760.00
2012/07/05,5.88,5.93,5.75,5.85,4732090,27581786.00
2012/07/06,5.90,5.96,5.75,5.94,7535438,44134040.00
2012/07/09,5.90,6.01,5.75,5.81,6738960,39703804.00
2012/07/10,5.81,5.83,5.67,5.76,4900116,28122316.00
2012/07/11,5.78,5.87,5.74,5.84,2933823,16973020.00
2012/07/12,5.84,5.98,5.79,5.94,5156289,30428232.00
2012/07/13,5.94,5.97,5.74,5.85,5600197,32765716.00
2012/07/16,5.80,5.85,5.27,5.27,12069843,65977320.00
2012/07/17,5.22,5.41,5.19,5.40,4717101,25034786.00
2012/07/18,5.37,5.45,5.27,5.40,4322147,23181060.00
2012/07/19,5.38,5.58,5.35,5.46,6633438,36446640.00
2012/07/20,5.46,5.53,5.42,5.48,4042622,22127648.00
2012/07/23,5.48,5.55,5.36,5.45,3311700,18036226.00
2012/07/24,5.44,5.55,5.40,5.49,3096220,16963780.00
2012/07/25,5.48,5.54,5.41,5.42,3409551,18656768.00
2012/07/26,5.44,5.48,5.31,5.32,3201172,17271548.00
2012/07/27,5.33,5.39,5.29,5.32,1818890,9690353.00
2012/07/30,5.32,5.35,4.79,4.79,9458087,46369512.00
2012/07/31,4.78,4.78,4.40,4.49,11691708,52757152.00
2012/08/01,4.50,4.61,4.48,4.55,7420180,33706120.00
2012/08/02,4.52,4.59,4.44,4.52,4911581,22234756.00
2012/08/03,4.52,4.67,4.48,4.65,5981777,27418008.00
2012/08/06,4.60,4.85,4.58,4.79,6148628,29051360.00
2012/08/07,4.80,4.86,4.77,4.84,7566754,36455288.00
2012/08/08,4.88,5.03,4.81,4.86,10691219,52440928.00
2012/08/09,4.84,4.93,4.81,4.90,5601414,27336164.00
2012/08/10,4.91,4.99,4.89,4.91,5343801,26365394.00
2012/08/13,4.88,5.05,4.80,4.90,7422041,36602792.00
2012/08/14,4.90,4.96,4.70,4.89,5601028,27026820.00
2012/08/15,4.88,4.89,4.66,4.67,6792619,32235668.00
2012/08/16,4.66,4.74,4.61,4.67,4097346,19153960.00
2012/08/17,4.66,4.88,4.64,4.79,6351677,30307504.00
2012/08/20,4.70,4.85,4.69,4.83,4244594,20182720.00
2012/08/21,4.83,5.11,4.82,5.06,12279499,61666768.00
2012/08/22,5.06,5.19,5.00,5.09,11038013,56343664.00
2012/08/23,5.10,5.14,5.01,5.05,5617539,28410548.00
2012/08/24,5.02,5.05,4.79,4.80,8142690,39761712.00
2012/08/27,4.77,4.77,4.65,4.70,4147098,19521588.00
2012/08/28,4.70,4.87,4.68,4.85,5615758,26859892.00
2012/08/29,4.86,5.20,4.81,5.09,13470430,67542968.00
2012/08/30,5.04,5.10,4.75,4.88,9006420,44547992.00
2012/08/31,4.86,4.92,4.79,4.84,5257472,25519144.00
2012/09/03,4.83,4.90,4.79,4.86,5374761,26036978.00
2012/09/04,4.86,5.04,4.81,4.89,6954175,34258184.00
2012/09/05,4.89,5.02,4.81,4.98,7233203,35735280.00
2012/09/06,4.98,5.04,4.88,5.00,7124336,35355552.00
2012/09/07,5.04,5.25,4.97,5.13,16439244,84201224.00
2012/09/10,5.11,5.32,5.09,5.27,14881904,77592136.00
2012/09/11,5.30,5.74,5.24,5.51,26264238,144737600.00
2012/09/12,5.48,5.61,5.43,5.53,10215613,56356656.00
2012/09/13,5.53,5.85,5.48,5.63,18015309,102680024.00
2012/09/14,5.63,5.77,5.50,5.58,13459138,75559320.00
2012/09/17,5.56,5.59,5.28,5.31,10950408,58928884.00
2012/09/18,5.30,5.50,5.08,5.40,5948235,32005190.00
2012/09/19,5.34,5.52,5.34,5.42,5493613,29892380.00
2012/09/20,5.39,5.43,5.09,5.13,7583209,39413616.00
2012/09/21,5.10,5.13,4.93,5.00,5226904,26279874.00
2012/09/24,5.00,5.24,4.84,5.16,8830200,44693156.00
2012/09/25,5.08,5.25,5.08,5.16,5260072,27194312.00
2012/09/26,5.16,5.30,5.09,5.18,7291152,37942096.00
2012/09/27,5.19,5.41,5.18,5.32,11916570,63224448.00
2012/09/28,5.28,5.56,5.28,5.48,12238726,66833736.00
2012/10/08,5.49,5.65,5.32,5.48,7807899,42753848.00
2012/10/09,5.50,5.64,5.44,5.60,9902807,55137916.00
2012/10/10,5.59,5.68,5.48,5.59,9334780,51871048.00
2012/10/11,5.57,5.65,5.50,5.56,7593444,42391768.00
2012/10/12,5.56,5.62,5.36,5.37,9110719,49608564.00
2012/10/15,5.37,5.45,5.18,5.35,7875754,41769516.00
2012/10/16,5.34,5.47,5.30,5.39,4509433,24359632.00
2012/10/17,5.41,5.45,5.35,5.41,2655231,14351253.00
2012/10/18,5.41,5.61,5.38,5.56,11771471,65079736.00
2012/10/19,5.56,5.64,5.50,5.57,6908163,38566740.00
2012/10/22,5.54,5.60,5.49,5.57,3595339,19909740.00
2012/10/23,5.60,5.60,5.46,5.49,5641611,31168828.00
2012/10/24,5.48,5.68,5.42,5.64,9544789,53514984.00
2012/10/25,5.64,5.79,5.50,5.51,8695989,49221900.00
2012/10/26,5.45,5.52,5.16,5.31,11318418,59964472.00
2012/10/29,5.26,5.33,5.10,5.15,5448883,28352830.00
2012/10/30,5.15,5.22,4.98,4.99,10827340,54758384.00
2012/10/31,5.00,5.17,5.00,5.16,5942187,30295996.00
2012/11/01,5.15,5.27,5.08,5.23,9230689,47816844.00
2012/11/02,5.26,5.38,5.20,5.36,8879777,46995488.00
2012/11/05,5.32,5.40,5.11,5.20,6191196,32405632.00
2012/11/06,5.21,5.21,4.98,5.12,8146153,41352896.00
2012/11/07,5.08,5.25,5.03,5.17,6545711,33732548.00
2012/11/08,5.13,5.21,4.99,5.03,5289547,27108840.00
2012/11/09,5.03,5.06,4.84,4.94,7206925,35489736.00
2012/11/12,4.95,5.07,4.94,5.01,6375216,31857200.00
2012/11/13,5.03,5.08,4.94,5.02,3257342,16314403.00
2012/11/14,5.00,5.14,4.94,5.11,5581672,28303032.00
2012/11/15,5.13,5.16,4.75,4.80,5949575,29639732.00
2012/11/16,4.80,4.84,4.58,4.73,5183585,24344004.00
2012/11/19,4.76,4.78,4.69,4.76,1853301,8757201.00
2012/11/20,4.79,4.82,4.71,4.74,2191350,10440239.00
2012/11/21,4.74,4.80,4.60,4.80,3262203,15300444.00
2012/11/22,4.78,4.87,4.70,4.79,3231993,15512712.00
2012/11/23,4.83,4.91,4.77,4.78,1914178,9241043.00
2012/11/26,4.78,4.83,4.70,4.74,1705805,8100181.00
2012/11/27,4.72,4.72,4.54,4.55,3068300,14107508.00
2012/11/28,4.47,4.53,4.43,4.45,3063241,13653413.00
2012/11/29,4.43,4.49,4.29,4.30,2818850,12390533.00
2012/11/30,4.30,4.73,4.22,4.46,6598562,29630124.00
2012/12/03,4.44,4.49,4.31,4.32,2537530,11152110.00
2012/12/04,4.30,4.40,4.15,4.36,4521493,19268210.00
2012/12/05,4.35,4.60,4.31,4.50,6147439,27576452.00
2012/12/06,4.50,4.68,4.45,4.46,3645125,16454910.00
2012/12/07,4.45,4.73,4.43,4.69,11134537,51052532.00
2012/12/10,4.66,4.86,4.60,4.78,11823414,56403112.00
2012/12/11,4.75,4.83,4.71,4.75,6512927,31123552.00
2012/12/12,4.76,4.83,4.70,4.81,3374089,16107905.00
2012/12/13,4.76,4.87,4.65,4.67,4125569,19560504.00
2012/12/14,4.68,4.89,4.66,4.81,15639710,75244688.00
2012/12/17,4.81,4.95,4.76,4.87,14796563,71669016.00
2012/12/18,4.81,5.02,4.79,4.82,11104033,54119032.00
2012/12/19,4.82,4.88,4.78,4.83,5363451,25881708.00
2012/12/20,4.80,4.82,4.63,4.74,7166906,33958928.00
2012/12/21,4.72,4.76,4.63,4.68,6168730,28900472.00
2012/12/24,4.64,4.87,4.63,4.86,12155280,58423736.00
2012/12/25,4.83,4.97,4.79,4.92,12107838,59148228.00
2012/12/26,4.89,5.01,4.88,4.99,8643703,42758668.00
2012/12/27,5.02,5.49,5.01,5.49,38819027,211712288.00
2012/12/28,5.47,5.58,5.31,5.54,35956723,195886080.00
2012/12/31,5.67,5.71,5.44,5.50,17352611,96177648.00
2013/01/04,5.65,5.74,5.40,5.49,19966916,110734128.00
2013/01/07,5.59,5.86,5.50,5.58,21965303,123210584.00
2013/01/08,5.66,5.94,5.53,5.85,31328288,180232944.00
2013/01/09,5.78,5.85,5.68,5.77,12800199,73659640.00
2013/01/10,5.76,5.77,5.66,5.69,10424362,59370788.00
2013/01/11,5.66,5.67,5.41,5.43,15612378,86358344.00
2013/01/14,5.44,5.62,5.42,5.59,13858771,76705256.00
2013/01/15,5.57,5.72,5.54,5.67,19919868,112080632.00
2013/01/16,5.70,5.95,5.63,5.87,24674702,143749664.00
2013/01/17,5.85,5.98,5.71,5.85,16275153,95430752.00
2013/01/18,5.85,6.44,5.80,6.43,41116779,257689648.00
2013/01/21,6.41,6.99,6.31,6.56,30992756,205808224.00
2013/01/22,6.53,6.90,6.42,6.74,23534954,157712512.00
2013/01/23,6.70,6.77,6.50,6.61,15934992,105385696.00
2013/01/24,6.58,6.70,6.10,6.24,21726272,138118400.00
2013/01/25,6.25,6.48,6.22,6.37,11177525,71334456.00
2013/01/28,6.30,6.84,6.27,6.73,20899514,138786880.00
2013/01/29,6.73,6.86,6.66,6.69,15738263,106079792.00
2013/01/30,6.56,6.75,6.10,6.44,33873084,217916432.00
2013/01/31,6.42,6.42,6.10,6.15,15687573,97483736.00
2013/02/01,6.03,6.35,6.03,6.33,10063843,62923304.00
2013/02/04,6.35,6.41,6.11,6.19,11028082,68869008.00
2013/02/05,6.11,6.25,6.11,6.21,4730303,29137738.00
2013/02/06,6.20,6.33,6.17,6.28,4179259,26154832.00
2013/02/07,6.35,6.35,6.22,6.28,3610011,22649448.00
2013/02/08,6.23,6.37,6.22,6.23,6092619,38389112.00
2013/02/18,6.29,6.68,6.23,6.55,9566094,62424320.00
2013/02/19,6.50,6.80,6.42,6.61,11057990,73265056.00
2013/02/20,6.63,6.73,6.55,6.66,6959493,46331396.00
2013/02/21,6.64,6.67,6.39,6.48,8793461,57145440.00
2013/02/22,6.48,6.55,6.25,6.27,7513541,47623408.00
2013/02/25,6.26,6.38,6.26,6.33,4334382,27401852.00
2013/02/26,6.32,6.37,6.17,6.21,5390361,33733100.00
2013/02/27,6.23,6.28,6.10,6.13,4718317,29022950.00
2013/02/28,6.20,6.34,6.11,6.26,4386442,27272098.00
2013/03/01,6.26,6.36,6.22,6.35,4441311,27937180.00
2013/03/04,6.33,6.35,5.96,6.05,8261104,50592944.00
2013/03/05,6.05,6.15,6.04,6.13,6259808,38168392.00
2013/03/06,6.14,6.36,6.14,6.34,9560226,60080320.00
2013/03/07,6.19,6.50,6.11,6.22,15246846,96070736.00
2013/03/08,6.15,6.18,6.00,6.05,7635076,46228932.00
2013/03/11,6.02,6.18,5.97,6.14,4691454,28483372.00
2013/03/12,6.20,6.20,6.00,6.06,6611107,40495176.00
2013/03/13,6.17,6.17,5.68,5.82,8491333,49767180.00
2013/03/14,5.78,6.27,5.64,6.19,17687284,107352304.00
2013/03/15,6.10,6.25,5.92,6.00,14749168,89634576.00
2013/03/18,5.93,6.00,5.73,5.76,6644291,38764028.00
2013/03/19,5.74,5.78,5.18,5.27,21784225,117327760.00
2013/03/20,5.20,5.31,5.06,5.29,15804397,82198992.00
2013/03/21,5.27,5.35,5.15,5.32,14147557,74254352.00
2013/03/22,5.28,5.30,5.18,5.22,8532735,44734800.00
2013/03/25,5.25,5.33,5.12,5.27,10210240,53451184.00
2013/03/26,5.15,5.32,5.07,5.16,14221789,73859648.00
2013/03/27,5.14,5.21,5.11,5.13,7727222,39828908.00
2013/03/28,5.11,5.12,4.96,4.97,9458681,47604640.00
2013/04/01,4.72,4.80,4.72,4.72,5365900,25342640.00
2013/04/02,4.48,4.72,4.48,4.59,13959845,63724396.00
2013/04/03,4.54,4.62,4.49,4.50,4442611,20144456.00
2013/04/08,4.48,4.50,4.35,4.48,4700082,20910690.00
2013/04/09,4.50,4.70,4.45,4.70,5383479,24762476.00
2013/04/10,4.69,4.94,4.66,4.93,11053754,54138192.00
2013/04/11,4.91,5.06,4.85,4.94,5784656,28756720.00
2013/04/12,4.94,5.00,4.88,4.99,4077282,20108636.00
2013/04/15,5.00,5.00,4.74,4.74,5290093,25684356.00
2013/04/16,4.64,4.98,4.63,4.88,6896020,33814172.00
2013/04/17,4.92,4.94,4.87,4.88,3009360,14769548.00
2013/04/18,4.90,5.12,4.83,5.07,7203007,36266552.00
2013/04/19,5.06,5.12,5.05,5.09,7236316,36816720.00
2013/04/22,5.08,5.19,5.02,5.15,4447346,22698028.00
2013/04/23,5.16,5.16,4.95,4.99,5197262,26128394.00
2013/04/24,4.98,5.05,4.84,4.96,6690711,33113440.00
2013/04/25,4.90,5.10,4.89,4.91,5786073,28836820.00
2013/04/26,4.91,4.98,4.72,4.75,3967594,19276014.00
2013/05/02,4.73,4.85,4.68,4.69,3031469,14441482.00
2013/05/03,4.72,4.79,4.70,4.76,4959135,23482612.00
2013/05/06,4.75,5.00,4.75,5.00,8860882,43706616.00
2013/05/07,5.01,5.14,4.98,5.11,6858090,34745736.00
2013/05/08,5.08,5.19,5.06,5.13,5529271,28339496.00
2013/05/09,5.17,5.21,5.03,5.10,7593316,38979892.00
2013/05/10,5.18,5.23,5.07,5.20,7047668,36355732.00
2013/05/13,5.16,5.28,5.10,5.27,6723608,34939388.00
2013/05/14,5.27,5.30,5.18,5.27,6768534,35498880.00
2013/05/15,5.30,5.30,5.24,5.28,4583010,24118518.00
2013/05/16,5.26,5.34,5.17,5.27,7412290,38981036.00
2013/05/17,5.23,5.35,5.23,5.33,7662269,40573216.00
2013/05/20,5.32,5.60,5.31,5.60,10153240,56354908.00
2013/05/21,5.60,5.83,5.60,5.77,8385276,47896168.00
2013/05/22,5.77,5.92,5.69,5.75,12614314,73389160.00
2013/05/23,5.73,5.90,5.70,5.86,6957120,40518796.00
2013/05/24,5.84,6.15,5.84,6.12,11864013,71573256.00
2013/05/27,6.12,6.43,6.12,6.43,15391508,96874016.00
2013/05/28,6.41,6.68,6.27,6.45,21187084,138125152.00
2013/05/29,6.40,6.70,6.35,6.60,11313949,74021520.00
2013/05/30,6.55,6.66,6.45,6.60,9459147,62166664.00
2013/05/31,6.60,6.73,6.45,6.52,8819205,58076676.00
2013/06/03,6.52,6.60,6.25,6.28,10624276,67932672.00
2013/06/04,6.27,6.35,6.08,6.19,9712084,60053476.00
2013/06/05,6.19,6.31,6.16,6.27,4447705,27846484.00
2013/06/06,6.21,6.30,6.11,6.16,4883830,30215042.00
2013/06/07,6.16,6.23,5.98,6.15,5368862,32781056.00
2013/06/13,6.10,6.10,5.84,5.84,6177346,36159268.00
2013/06/14,5.76,6.01,5.76,5.99,4341323,25788676.00
2013/06/17,5.99,6.29,5.98,6.28,9000546,56195260.00
2013/06/18,6.30,6.35,6.14,6.26,6310952,39329744.00
2013/06/19,6.20,6.27,6.12,6.25,3551551,21996176.00
2013/06/20,6.16,6.25,6.05,6.16,3597553,22120852.00
2013/06/21,6.08,6.12,5.85,6.10,4738926,28363888.00
2013/06/24,6.05,6.10,5.80,5.80,3921000,22988696.00
2013/06/25,5.65,5.77,5.51,5.73,8989069,50012740.00
2013/06/27,5.78,5.87,5.44,5.59,15209661,84027912.00
2013/06/28,5.50,5.54,5.31,5.41,14333608,76937840.00
2013/07/01,5.40,5.47,5.32,5.44,6447426,34828164.00
2013/07/02,5.43,5.52,5.38,5.46,4676490,25546722.00
2013/07/03,5.46,5.49,5.20,5.34,5035918,26772912.00
2013/07/04,5.34,5.34,5.07,5.07,11738626,60018160.00
2013/07/05,5.00,5.15,4.89,5.14,7720491,38918764.00
2013/07/08,5.01,5.08,4.90,4.95,2866478,14301356.00
2013/07/09,4.95,5.01,4.92,5.00,1893900,9419894.00
2013/07/10,5.00,5.14,4.98,5.12,2676749,13561760.00
2013/07/11,5.16,5.26,5.09,5.22,5534113,28632816.00
2013/07/12,5.20,5.23,5.09,5.14,4177857,21508720.00
2013/07/15,5.16,5.40,5.13,5.36,6003028,31726092.00
2013/07/16,5.38,5.54,5.30,5.43,5048326,27617878.00
2013/07/17,5.43,5.51,5.30,5.35,3278200,17742280.00
2013/07/18,5.31,5.39,5.20,5.32,3893993,20528902.00
2013/07/19,5.27,5.30,5.05,5.13,6010213,30916548.00
2013/07/22,5.15,5.19,5.01,5.17,4099660,20947492.00
2013/07/23,5.17,5.43,5.12,5.38,6334407,33835100.00
2013/07/24,5.38,5.42,5.24,5.28,4699018,24949378.00
2013/07/25,5.28,5.38,5.19,5.22,3608932,19038320.00
2013/07/26,5.22,5.25,5.13,5.15,2024150,10481618.00
2013/07/29,5.12,5.18,5.06,5.09,2543440,13007131.00
2013/07/30,5.11,5.16,4.84,4.84,7503690,37291824.00
2013/07/31,4.84,4.97,4.70,4.94,6462639,31435068.00
2013/08/01,5.03,5.08,4.90,5.06,6822075,34045640.00
2013/08/02,5.04,5.15,4.97,5.13,4474014,22694120.00
2013/08/05,5.09,5.26,5.08,5.24,5043343,26044894.00
2013/08/06,5.24,5.35,5.18,5.33,4236482,22367960.00
2013/08/07,5.32,5.33,5.10,5.18,5357569,27833616.00
2013/08/08,5.12,5.22,5.09,5.17,4692681,24102926.00
2013/08/09,5.17,5.17,4.99,5.16,6746834,34304152.00
2013/08/12,5.17,5.21,5.10,5.18,5254846,27107584.00
2013/08/13,5.15,5.34,5.12,5.30,5827987,30771328.00
2013/08/14,5.25,5.35,5.25,5.29,3841524,20311072.00
2013/08/15,5.29,5.55,5.27,5.55,12396857,68298888.00
2013/08/16,5.49,5.64,5.44,5.53,8832525,49007936.00
2013/08/19,5.51,5.60,5.43,5.59,6347982,35073800.00
2013/08/20,5.56,5.87,5.53,5.83,8379461,48220848.00
2013/08/21,5.83,5.92,5.72,5.84,5473398,31623324.00
2013/08/22,5.80,5.86,5.74,5.80,3922928,22685354.00
2013/08/23,5.78,5.81,5.57,5.66,7386917,41765032.00
2013/08/26,5.65,5.78,5.60,5.74,5340988,30378812.00
2013/08/27,5.70,5.84,5.62,5.75,3958018,22610360.00
2013/08/28,5.72,5.72,5.58,5.60,4619394,25985816.00
2013/08/29,5.61,5.67,5.48,5.62,4447244,24754150.00
2013/08/30,5.59,5.63,5.35,5.46,6549873,35976408.00
2013/09/02,5.46,5.47,5.24,5.29,5057500,26876480.00
2013/09/03,5.26,5.36,5.24,5.35,3632902,19335510.00
2013/09/04,5.32,5.39,5.29,5.38,3328948,17777004.00
2013/09/05,5.38,5.39,5.30,5.38,3321539,17725942.00
2013/09/06,5.35,5.46,5.32,5.42,4222124,22770580.00
2013/09/09,5.40,5.50,5.40,5.47,7681687,41851692.00
2013/09/10,5.48,5.60,5.42,5.55,7243245,40039400.00
2013/09/11,5.57,5.83,5.52,5.69,8287044,47269532.00
2013/09/12,5.69,5.83,5.63,5.73,5850506,33371212.00
2013/09/13,5.73,5.73,5.51,5.56,5592467,31300044.00
2013/09/16,5.56,5.61,5.42,5.54,5006308,27661168.00
2013/09/17,5.55,5.62,5.47,5.52,3624384,20034512.00
2013/09/18,5.55,5.78,5.47,5.75,4396072,24466360.00
2013/09/23,5.67,5.80,5.66,5.80,6116797,35037848.00
2013/09/24,5.76,5.82,5.72,5.81,4467115,25764388.00
2013/09/25,5.82,5.83,5.65,5.74,5394941,30762628.00
2013/09/26,5.69,5.73,5.57,5.63,4943144,27754154.00
2013/09/27,5.61,5.63,5.35,5.50,7467569,40861696.00
2013/09/30,5.42,5.65,5.42,5.65,4143929,23049472.00
2013/10/08,5.65,5.73,5.56,5.70,5463821,30873304.00
2013/10/09,5.64,5.75,5.62,5.69,5356159,30454962.00
2013/10/10,5.69,5.69,5.56,5.66,4556342,25570032.00
2013/10/11,5.61,5.81,5.60,5.78,5595655,31855502.00
2013/10/14,5.80,5.85,5.71,5.80,7507144,43446960.00
2013/10/15,5.82,6.09,5.75,6.09,12778061,75712808.00
2013/10/16,6.13,6.19,5.92,6.00,12241914,74238656.00
2013/10/17,5.99,6.05,5.78,5.87,11091432,65095652.00
2013/10/18,5.89,5.94,5.80,5.93,6540740,38408128.00
2013/10/21,5.93,6.09,5.85,6.00,6434068,38545432.00
2013/10/22,6.00,6.03,5.86,5.87,5573522,32979268.00
2013/10/23,5.89,5.90,5.58,5.58,8931400,50760336.00
2013/10/24,5.60,5.71,5.50,5.53,6965398,38969208.00
2013/10/25,5.54,5.58,5.35,5.45,5352039,29218178.00
2013/10/28,5.45,5.56,5.41,5.54,5112376,28103918.00
2013/10/29,5.49,5.61,5.26,5.27,9226102,49392824.00
2013/10/30,5.25,5.40,5.24,5.37,3677635,19617998.00
2013/10/31,5.34,5.63,5.29,5.57,5487289,30368996.00
2013/11/01,5.58,5.65,5.49,5.63,2571593,14374816.00
2013/11/04,5.60,5.91,5.60,5.91,9655904,56725176.00
2013/11/05,6.00,6.03,5.85,5.91,8710067,51681468.00
2013/11/06,5.91,6.21,5.85,6.16,15460124,94058960.00
2013/11/07,6.10,6.35,6.06,6.07,15423585,96027128.00
2013/11/08,6.01,6.08,5.85,5.91,8087041,48162476.00
2013/11/11,5.90,6.09,5.82,5.98,6507443,38777632.00
2013/11/12,5.98,6.28,5.90,6.25,10141926,63057972.00
2013/11/13,6.25,6.31,6.10,6.12,5615733,34949272.00
2013/11/14,6.12,6.43,6.12,6.43,12185664,77900064.00
2013/11/15,6.39,6.72,6.31,6.35,12844199,84249768.00
2013/11/18,6.31,6.49,6.26,6.37,9284481,59002468.00
2013/11/19,6.40,6.69,6.37,6.69,15415249,101815432.00
2013/11/20,6.73,7.02,6.73,7.02,14927884,103410200.00
2013/11/21,7.10,7.37,7.10,7.37,17235189,125468624.00
2013/11/25,7.44,7.53,7.04,7.08,14629675,105538528.00
2013/11/26,7.01,7.43,7.01,7.43,4896217,35672536.00
2013/11/27,7.80,7.80,7.39,7.53,18953217,145231504.00
2013/11/28,7.54,7.91,7.45,7.87,9641082,75122600.00
2013/11/29,7.96,7.96,7.72,7.85,6203886,48642512.00
2013/12/02,7.47,7.76,7.46,7.46,11196356,84311560.00
2013/12/03,7.20,7.70,7.20,7.58,10708318,80544456.00
2013/12/04,7.58,7.86,7.46,7.50,7750012,59054164.00
2013/12/05,7.49,7.75,7.49,7.68,7082400,54358876.00
2013/12/06,7.60,7.71,7.43,7.56,5505858,41537240.00
2013/12/09,7.50,7.60,7.18,7.19,11792203,85787784.00
2013/12/10,7.20,7.39,7.17,7.26,5138358,37335120.00
2013/12/11,7.26,7.45,7.13,7.23,3894811,28507428.00
2013/12/12,7.33,7.48,7.22,7.36,6596568,48441188.00
2013/12/13,7.30,7.56,7.30,7.52,5105669,38182012.00
2013/12/16,7.50,7.84,7.50,7.64,9924814,76495912.00
2013/12/17,7.73,7.91,7.44,7.48,9548731,73735464.00
2013/12/18,7.41,7.62,7.25,7.44,7301503,54258492.00
2013/12/19,7.42,7.62,7.28,7.35,4854678,36000032.00
2013/12/20,7.31,7.41,7.15,7.27,4552539,32959780.00
2013/12/23,7.37,7.37,7.18,7.31,2437162,17738204.00
2013/12/24,7.32,7.51,7.32,7.34,5672584,42032368.00
2013/12/25,7.45,7.65,7.40,7.55,9051852,67904416.00
2013/12/26,7.55,7.72,7.41,7.59,5795197,43816848.00
2013/12/27,7.56,7.65,7.54,7.59,3138309,23830896.00
2013/12/30,7.57,7.97,7.57,7.97,6304872,49479556.00
2013/12/31,8.10,8.37,8.05,8.24,11774004,97549520.00
2014/01/02,8.20,8.44,8.20,8.33,5281519,43974964.00
2014/01/03,8.27,8.39,8.13,8.33,6037103,49690540.00
2014/01/06,8.33,8.37,8.17,8.18,4459265,36798468.00
2014/01/07,8.11,8.22,7.90,7.94,5871248,47350296.00
2014/01/08,7.94,8.34,7.84,8.28,6605056,54255544.00
2014/01/09,8.28,8.34,8.10,8.11,5478472,45034372.00
2014/01/10,8.11,8.25,8.01,8.19,3374387,27580124.00
2014/01/13,8.19,8.36,7.92,7.98,7334352,59683960.00
2014/01/14,7.94,8.06,7.58,7.59,12231179,95040864.00
2014/01/15,7.64,7.96,7.64,7.94,7207715,56084464.00
2014/01/16,7.98,8.11,7.89,7.98,3834472,30739612.00
2014/01/17,7.98,8.07,7.85,7.87,2395001,19014324.00
2014/01/20,7.87,7.99,7.63,7.69,3089413,23952832.00
2014/01/21,7.71,7.90,7.71,7.89,2416794,18892824.00
2014/01/22,7.89,8.07,7.81,7.96,4215081,33629152.00
2014/01/23,8.04,8.20,7.90,8.10,5128108,41434548.00
2014/01/24,8.14,8.48,8.07,8.39,6631092,54902368.00
2014/01/27,8.35,8.66,8.21,8.61,6689415,56892392.00
2014/01/28,8.61,8.79,8.36,8.40,7286585,62262964.00
2014/01/29,8.41,8.59,8.31,8.37,3346050,28252534.00
2014/01/30,8.39,8.64,8.35,8.54,3369726,28825450.00
2014/02/07,8.53,8.97,8.28,8.97,6479679,57191112.00
2014/02/10,9.02,9.42,9.02,9.42,9297857,87122464.00
2014/02/11,9.36,9.60,9.18,9.22,8154188,76389176.00
2014/02/12,9.20,9.40,9.07,9.25,5289275,48789976.00
2014/02/13,9.28,9.61,9.22,9.31,4156826,39114616.00
2014/02/14,9.30,9.58,9.23,9.53,7165630,67791816.00
2014/02/17,9.52,10.01,9.52,10.01,8033700,79155008.00
2014/02/18,10.08,10.51,9.93,10.35,9304504,95415720.00
2014/02/19,10.38,10.45,9.83,9.90,11401772,114611992.00
2014/02/20,9.85,10.01,9.62,9.83,8614309,84413192.00
2014/02/21,9.80,9.99,9.64,9.83,5192402,50779020.00
2014/02/24,9.76,9.82,9.34,9.34,10867095,102660984.00
2014/02/25,9.33,9.49,8.87,8.94,10687374,98592528.00
2014/02/26,8.93,9.16,8.75,8.95,7745927,69271232.00
2014/02/27,8.95,9.38,8.95,9.14,8248425,75591448.00
2014/02/28,9.26,9.26,8.68,8.70,13460067,118034168.00
2014/03/03,8.73,9.14,8.70,9.14,6697116,60663372.00
2014/03/04,9.33,9.58,9.14,9.45,10564986,99437936.00
2014/03/05,9.62,9.81,9.35,9.58,9865109,94590304.00
2014/03/14,9.58,10.38,9.13,9.18,35367545,345194784.00
2014/03/17,8.90,9.09,8.40,8.85,18646227,164233504.00
2014/03/18,8.86,9.17,8.72,8.90,13561128,121283680.00
2014/03/19,8.86,8.96,8.24,8.42,15837562,134195664.00
2014/03/20,8.40,8.63,8.25,8.26,9246704,78238136.00
2014/03/21,8.09,8.40,7.99,8.20,9656005,78942848.00
2014/03/24,8.25,8.39,8.13,8.31,7588552,62728012.00
2014/03/25,8.30,8.70,8.20,8.52,11416892,96514088.00
2014/03/26,8.50,8.71,8.15,8.17,17429866,148349408.00
2014/03/27,8.15,8.22,7.70,7.78,13585158,107093680.00
2014/03/28,7.76,7.97,7.68,7.94,8919050,69747912.00
2014/03/31,8.01,8.22,7.80,8.06,7886375,63229184.00
2014/04/01,8.02,8.15,7.93,8.06,3766876,30390058.00
2014/04/02,8.06,8.13,7.86,7.92,4383524,35007948.00
2014/04/03,7.92,8.20,7.88,8.03,4323328,34844668.00
2014/04/04,7.97,8.34,7.97,8.27,5181444,42689048.00
2014/04/08,8.20,8.66,8.15,8.56,7781188,66496024.00
2014/04/09,8.48,8.77,8.44,8.50,5544575,47719720.00
2014/04/10,8.50,8.63,8.45,8.57,3471013,29633188.00
2014/04/11,8.69,8.69,8.38,8.43,3013890,25593728.00
2014/04/14,8.40,8.51,8.40,8.47,2488198,20999526.00
2014/04/15,8.47,8.50,8.09,8.13,6824998,56133556.00
2014/04/16,8.11,8.17,8.03,8.10,2348530,18985062.00
2014/04/17,8.09,8.17,8.06,8.14,2815954,22868388.00
2014/04/18,8.17,8.17,7.78,7.92,5674995,44980592.00
2014/04/21,7.86,8.10,7.80,7.82,4194258,33147336.00
2014/04/22,7.81,7.90,7.41,7.51,6958051,52717436.00
2014/04/23,7.51,7.53,7.36,7.45,3367369,25061564.00
2014/04/24,7.50,7.50,7.23,7.25,3602804,26379588.00
2014/04/25,7.24,7.30,6.87,6.88,7623492,53846768.00
2014/04/28,6.86,7.21,6.61,7.08,9515131,66169176.00
2014/04/29,7.10,7.35,7.01,7.22,4141474,29837184.00
2014/04/30,7.21,7.46,7.10,7.45,5899071,43394324.00
2014/05/05,7.43,7.50,7.22,7.38,3331986,24490548.00
2014/05/06,7.36,7.47,7.27,7.33,3404457,25124316.00
2014/05/07,7.30,7.30,6.90,6.91,6482897,45720848.00
2014/05/08,6.89,7.14,6.89,6.97,3261192,22935116.00
2014/05/09,6.97,7.10,6.93,6.99,1556724,10932872.00
2014/05/12,7.10,7.15,7.00,7.13,2687843,19062350.00
2014/05/13,7.13,7.32,7.08,7.15,2084632,15030860.00
2014/05/14,7.16,7.20,7.11,7.16,1300179,9292817.00
2014/05/15,7.12,7.19,6.77,6.88,5097803,35167656.00
2014/05/16,6.84,6.94,6.69,6.77,2397204,16222874.00
2014/05/19,6.72,6.85,6.70,6.70,1810177,12219150.00
2014/05/20,6.75,6.93,6.75,6.82,1928379,13209774.00
2014/05/21,6.76,6.98,6.75,6.98,1762744,12164091.00
2014/05/22,6.99,7.11,6.93,6.95,2076665,14618360.00
2014/05/23,6.99,7.11,6.88,7.08,2201047,15420127.00
2014/05/26,7.25,7.56,7.21,7.55,7672459,56569248.00
2014/05/27,7.41,7.45,7.18,7.22,12692145,92710240.00
2014/05/28,7.14,7.61,7.09,7.54,13340515,99092024.00
2014/05/29,7.50,7.65,7.34,7.60,11549326,86818488.00
2014/05/30,7.52,7.88,7.46,7.77,8377437,64131100.00
2014/06/03,7.85,7.85,7.55,7.59,10901048,83346200.00
2014/06/04,7.63,7.81,7.45,7.51,6912284,52655900.00
2014/06/05,7.45,7.60,7.40,7.53,7352481,55003824.00
2014/06/06,7.46,7.51,7.29,7.47,5499974,40649028.00
2014/06/09,7.36,7.47,7.26,7.37,3592179,26434868.00
2014/06/10,7.37,7.50,7.30,7.48,3813389,28431262.00
2014/06/11,7.47,7.66,7.40,7.47,8064263,60595192.00
2014/06/12,7.45,7.45,7.18,7.29,7359375,53545728.00
2014/06/13,7.26,7.40,7.20,7.29,4670912,34217920.00
2014/06/16,7.26,7.41,7.26,7.34,4319090,31642882.00
2014/06/17,7.39,7.41,7.21,7.24,4772955,34791336.00
2014/06/18,7.21,7.29,7.17,7.19,3638456,26290382.00
2014/06/19,7.20,7.27,6.81,6.85,5474845,38394756.00
2014/06/20,6.80,6.94,6.74,6.85,4165907,28451596.00
2014/06/23,6.85,7.06,6.85,7.00,3560282,24767452.00
2014/06/24,7.01,7.32,7.00,7.27,5142895,36902408.00
2014/06/25,7.27,7.43,7.23,7.36,6252473,46112876.00
2014/06/26,7.36,7.44,7.33,7.39,3473091,25648962.00
2014/06/27,7.40,7.44,7.27,7.29,3986709,29198464.00
2014/06/30,7.30,7.31,7.12,7.30,3785571,27323474.00
2014/07/01,7.30,7.64,7.21,7.55,10026174,75056848.00
2014/07/02,7.50,7.57,7.18,7.35,16155102,118484144.00
2014/07/03,7.27,7.33,7.21,7.27,5536336,40172576.00
2014/07/04,7.26,7.27,7.04,7.10,7424720,52978224.00
2014/07/07,7.12,7.23,7.10,7.15,4360079,31212640.00
2014/07/08,7.11,7.22,7.06,7.18,4118156,29450204.00
2014/07/09,7.20,7.23,7.02,7.05,5262897,37348516.00
2014/07/10,7.06,7.12,6.97,6.98,4557755,31996448.00
2014/07/11,7.00,7.16,7.00,7.10,5197174,36881364.00
2014/07/14,7.12,7.81,7.11,7.81,42691271,327171648.00
2014/07/15,7.50,7.72,7.41,7.61,28358831,214622080.00
2014/07/16,7.57,7.72,7.51,7.63,17049143,129917608.00
2014/07/17,7.64,8.00,7.56,7.86,22546679,176490752.00
2014/07/18,7.88,8.08,7.81,7.88,14984300,119065904.00
2014/07/21,7.94,8.17,7.73,7.81,16427067,131704104.00
2014/07/22,7.71,8.01,7.65,7.99,11064666,87435312.00
2014/07/23,8.04,8.16,7.90,8.05,8466159,67894904.00
2014/07/24,8.05,8.11,7.85,7.90,7050536,56126900.00
2014/07/25,7.99,8.26,7.95,8.11,10404874,84715992.00
2014/07/28,8.18,8.23,8.07,8.18,8810156,71907064.00
2014/07/29,8.18,8.45,8.15,8.28,10441133,87008936.00
2014/07/30,8.23,8.30,8.03,8.13,9025141,73429856.00
2014/07/31,8.15,8.19,8.07,8.17,5117458,41551060.00
2014/08/01,8.14,8.16,7.84,7.91,10123900,80900312.00
2014/08/04,7.90,8.13,7.90,8.08,9465864,76290312.00
2014/08/05,8.09,8.10,7.89,7.96,7782297,61974384.00
2014/08/06,7.95,7.96,7.75,7.92,12667088,99234440.00
2014/08/07,7.89,7.93,7.75,7.77,9964019,77869048.00
2014/08/08,7.77,7.94,7.77,7.94,9505158,74796176.00
2014/08/11,7.96,8.14,7.92,8.13,11945900,96464088.00
2014/08/12,8.12,8.25,8.06,8.11,10977006,89346880.00
2014/08/13,8.11,8.52,8.04,8.48,19758999,164041328.00
2014/08/14,8.47,8.77,8.40,8.45,25220585,216766336.00
2014/08/15,8.48,8.89,8.38,8.77,19676767,170714336.00
2014/08/18,8.85,8.93,8.67,8.87,16857477,148387584.00
2014/08/19,8.94,9.50,8.94,9.28,31238301,290354112.00
2014/08/20,9.20,9.49,9.02,9.23,22383745,207326272.00
2014/08/21,9.12,9.27,8.88,9.05,16901265,153094960.00
2014/08/22,8.95,9.36,8.88,9.10,12358688,112928824.00
2014/08/25,9.05,9.06,8.65,8.71,15404343,135789472.00
2014/08/26,8.62,8.86,8.47,8.54,10088353,86855176.00
2014/08/27,8.54,8.72,8.51,8.60,8260591,70864464.00
2014/08/28,8.52,8.67,8.39,8.50,6891832,58747916.00
2014/08/29,8.50,8.82,8.48,8.81,8455497,73851128.00
2014/09/01,8.83,9.03,8.73,8.99,10609063,94921104.00
2014/09/02,9.07,9.15,8.86,8.97,17414758,156002016.00
2014/09/03,8.97,9.16,8.95,8.99,13955535,125960976.00
2014/09/04,9.00,9.07,8.75,8.86,18968693,167939360.00
2014/09/05,8.88,8.88,8.70,8.79,14135270,123966096.00
2014/09/09,8.76,9.06,8.70,9.04,16167453,143626480.00
2014/09/10,9.05,9.21,8.95,9.08,13594799,123505368.00
2014/09/11,9.05,9.18,8.78,8.82,20314060,181617808.00
2014/09/12,8.82,9.37,8.71,9.20,26425595,239253168.00
2014/09/15,9.20,9.48,9.11,9.47,23264691,216747328.00
2014/09/16,9.60,9.65,8.90,9.11,26177082,244220768.00
2014/09/17,9.08,9.22,8.89,9.11,13101650,118738384.00
2014/09/18,9.10,9.34,8.96,9.23,12438749,114225056.00
2014/09/19,9.26,9.37,9.15,9.28,8460177,78423832.00
2014/09/22,9.30,9.62,9.20,9.41,18499347,173886208.00
2014/09/23,9.41,10.08,9.41,9.97,37182490,365915648.00
2014/09/24,9.91,10.66,9.91,10.33,38367191,396908384.00
2014/09/25,10.38,10.55,10.20,10.49,25510415,265068880.00
2014/09/26,10.41,10.55,10.14,10.21,25581567,263402368.00
2014/09/29,10.21,10.40,10.00,10.26,21776622,220825504.00
2014/09/30,10.25,10.67,10.09,10.59,23916745,250166256.00
2014/10/08,10.62,10.64,10.42,10.57,13694189,144058640.00
2014/10/09,10.55,11.07,10.45,10.88,22886217,247015744.00
2014/10/10,10.80,11.05,10.69,10.77,14657446,159038352.00
2014/10/13,10.60,10.60,10.18,10.38,19404714,200894304.00
2014/10/14,10.30,10.71,10.29,10.40,13343842,140066864.00
2014/10/15,10.30,11.12,10.28,10.86,30201037,325890176.00
2014/10/16,10.83,10.87,10.51,10.53,17928099,191782432.00
2014/10/17,10.62,11.36,10.46,11.26,39579175,432895648.00
2014/10/20,11.30,12.16,11.13,12.14,41406494,487096672.00
2014/10/21,11.99,12.06,11.65,11.82,27635756,327233344.00
2014/10/22,11.79,12.16,11.65,11.95,18385493,218791904.00
2014/10/23,11.84,11.90,10.76,10.76,31305219,352303072.00
2014/10/24,10.57,11.29,10.42,11.17,33595674,365921280.00
2014/10/27,11.16,11.42,10.76,11.14,21248366,233774208.00
2014/10/28,11.17,11.20,10.83,11.13,22894998,252917792.00
2014/10/29,11.13,11.67,10.89,11.64,31331624,354433248.00
2014/10/30,11.50,11.73,11.28,11.44,29902956,343008160.00
2014/10/31,11.42,11.47,10.71,10.94,25229024,278247584.00
2014/11/03,10.80,11.13,10.64,10.88,19860355,214758800.00
2014/11/04,10.88,10.88,10.29,10.46,19486448,206444832.00
2014/11/05,10.45,10.46,10.14,10.35,14645792,150798896.00
2014/11/06,10.34,10.69,10.31,10.54,16648900,175795136.00
2014/11/07,10.60,10.70,10.21,10.29,13440720,141224640.00
2014/11/10,10.32,10.82,10.32,10.71,19386998,205752528.00
2014/11/11,10.67,10.74,9.90,10.19,19187641,198037312.00
2014/11/12,10.15,10.49,10.10,10.29,10360564,107108048.00
2014/11/13,10.30,10.49,10.16,10.28,9328471,96286944.00
2014/11/14,10.28,10.32,9.85,9.95,15558402,156349200.00
2014/11/17,9.95,10.15,9.60,9.98,15606977,153152768.00
2014/11/18,9.89,10.08,9.81,9.99,8209884,81859168.00
2014/11/19,10.02,10.59,9.95,10.51,22690320,234115984.00
2014/11/20,10.41,10.76,10.41,10.52,12511792,132627936.00
2014/11/21,10.50,10.99,10.46,10.96,19564144,210362896.00
2014/11/24,11.10,11.17,10.85,11.02,22701033,249748320.00
2014/11/25,11.05,11.10,10.81,10.96,13693200,149808352.00
2014/11/26,10.92,11.30,10.87,11.21,20554187,228094016.00
2014/11/27,11.21,11.28,10.79,10.87,23707320,259866800.00
2014/11/28,10.80,10.80,10.40,10.59,23210613,245167424.00
2014/12/01,10.40,10.48,10.22,10.39,16297947,168332368.00
2014/12/02,10.41,10.66,10.30,10.37,13821925,145154496.00
2014/12/03,10.39,10.59,10.01,10.55,22904299,234982656.00
2014/12/04,10.60,10.71,10.43,10.50,18994973,200564752.00
2014/12/05,10.47,10.47,9.95,9.99,20857171,210766608.00
2014/12/08,9.97,10.18,9.67,10.00,23573425,233769088.00
2014/12/09,10.00,10.36,9.71,9.86,22443226,224696624.00
2014/12/10,9.88,10.14,9.76,10.08,12853311,128205800.00
2014/12/11,10.04,10.20,9.88,10.20,24519655,246014496.00
2014/12/12,10.24,10.47,10.20,10.35,16696752,172713088.00
2014/12/15,10.28,10.38,10.06,10.15,24088291,245371760.00
2014/12/16,10.15,10.37,10.10,10.20,14804257,151197136.00
2014/12/17,10.15,10.17,9.77,9.91,20169222,199697184.00
2014/12/18,9.90,10.12,9.81,9.95,12138295,121309992.00
2014/12/19,9.92,9.92,9.52,9.64,17805708,172451536.00
2014/12/22,9.60,9.63,8.68,8.68,24977833,222425280.00
2014/12/23,8.58,8.77,8.41,8.47,13672798,118047240.00
2014/12/24,8.51,8.64,8.45,8.51,11625895,99097896.00
2014/12/25,8.59,8.75,8.49,8.64,15445420,132988584.00
2014/12/26,8.64,8.74,8.33,8.42,21841009,185522112.00
2014/12/29,8.42,8.45,7.99,8.13,20675528,168629552.00
2014/12/30,8.13,8.48,8.06,8.34,14462169,121093824.00
2014/12/31,8.25,8.47,8.14,8.31,10627651,88029064.00
2015/01/05,8.31,8.51,8.11,8.42,12755952,106613408.00
2015/01/06,8.35,8.80,8.33,8.75,16720201,145027984.00
2015/01/07,8.76,8.78,8.65,8.73,8978478,78184248.00
2015/01/08,8.69,9.06,8.69,8.84,15433192,137583472.00
2015/01/09,8.70,8.94,8.69,8.70,10076668,88768696.00
2015/01/12,8.69,8.77,8.44,8.46,6599975,56607624.00
2015/01/13,8.47,8.75,8.39,8.73,8261007,70757816.00
2015/01/14,8.75,9.05,8.56,8.67,7610018,66918272.00
2015/01/15,8.65,8.85,8.61,8.80,6284745,55098464.00
2015/01/16,8.73,8.86,8.72,8.84,7473261,65775544.00
2015/01/19,8.66,9.03,8.40,8.53,13522752,118002504.00
2015/01/20,8.60,8.79,8.58,8.77,7998493,69436208.00
2015/01/21,8.75,8.99,8.74,8.94,14978998,133078296.00
2015/01/22,8.90,9.58,8.90,9.48,26040306,242687888.00
2015/01/23,9.55,10.00,9.44,9.99,32345700,315527488.00
2015/02/09,9.22,9.49,8.99,9.22,25800449,238638000.00
2015/02/10,9.13,9.35,9.05,9.18,10317096,94659896.00
2015/02/11,9.20,9.45,9.08,9.19,12299174,113999464.00
2015/02/12,9.21,9.62,9.10,9.48,14585270,137301664.00
2015/02/13,9.52,9.60,9.45,9.52,10832223,102967776.00
2015/02/16,9.53,10.47,9.50,10.47,31644060,323330016.00
2015/02/17,10.46,10.49,10.20,10.29,17577900,181541392.00
2015/02/25,10.30,10.70,10.20,10.29,15095346,157546992.00
2015/02/26,10.29,10.68,10.29,10.59,19924547,209577584.00
2015/02/27,10.60,11.29,10.60,11.07,29170719,321577888.00
2015/03/02,11.11,11.36,11.07,11.16,19080555,213719232.00
2015/03/03,11.00,11.26,10.90,10.99,17255011,191262064.00
2015/03/04,10.98,11.17,10.73,10.92,18067936,197281712.00
2015/03/05,10.88,11.27,10.70,11.22,18991651,207324720.00
2015/03/06,11.28,11.46,11.06,11.09,16246755,183174560.00
2015/03/09,11.12,11.46,10.90,11.12,21225056,238049920.00
2015/03/10,11.12,11.36,10.94,11.33,16877786,189365584.00
2015/03/11,11.32,11.67,11.21,11.50,16162876,185564448.00
2015/03/12,11.55,11.60,11.22,11.46,14794110,168506368.00
2015/03/13,11.30,11.80,11.16,11.69,27416061,313749856.00
2015/03/16,11.60,12.00,11.55,11.77,22273475,262902352.00
2015/03/17,11.77,12.36,11.69,12.10,25679816,309012608.00
2015/03/18,12.11,12.36,12.02,12.10,20505327,248578160.00
2015/03/19,12.01,12.47,12.01,12.34,20604445,253139568.00
2015/03/20,12.37,12.68,12.10,12.29,23734590,292404032.00
2015/03/23,12.29,12.36,11.98,12.16,23177277,280961056.00
2015/03/24,12.16,13.18,12.01,13.05,38649803,481466880.00
2015/03/25,12.88,13.50,12.71,13.04,28521403,374192672.00
2015/03/26,12.89,13.68,12.82,13.45,34890713,465734304.00
2015/03/27,13.40,14.55,13.30,14.03,31691970,442537472.00
2015/03/30,14.05,14.49,13.64,14.06,30023911,422493472.00
2015/03/31,14.10,14.13,13.71,13.77,21708039,300031360.00
2015/04/01,13.82,14.20,13.72,14.02,19479379,272536320.00
2015/04/02,13.98,14.13,13.48,13.85,25839886,357963808.00
2015/04/03,13.86,14.08,13.61,13.96,19433200,269009312.00
2015/04/07,13.90,14.56,13.81,14.47,26353417,378238752.00
2015/04/08,14.34,14.85,14.02,14.20,22780257,327225920.00
2015/04/09,14.19,14.29,13.16,14.01,21956069,301699136.00
2015/04/10,14.00,14.56,13.78,14.36,20010159,284434400.00
2015/04/13,14.30,15.50,14.12,15.42,34090696,503608992.00
2015/04/14,15.35,15.48,14.87,15.08,20356089,309348704.00
2015/04/15,15.03,15.08,14.46,14.60,16285483,239526272.00
2015/04/16,14.61,15.20,13.84,14.76,16467662,239608416.00
2015/04/17,14.85,14.95,13.28,13.77,54216882,757770112.00
2015/04/20,13.50,13.60,12.77,12.79,38479895,503580416.00
2015/04/21,12.77,13.25,12.65,13.14,19468974,253731088.00
2015/04/22,13.27,13.75,13.27,13.52,21613591,292303712.00
2015/04/23,13.54,13.83,13.37,13.52,20620155,279922976.00
2015/04/24,13.46,14.15,13.27,13.93,31804119,439387488.00
2015/04/27,13.95,15.32,13.95,14.96,55295161,834594176.00
2015/04/28,14.86,15.08,13.83,14.24,35485782,509772320.00
2015/04/29,14.24,14.70,14.03,14.42,19480420,281243232.00
2015/04/30,14.43,14.65,14.25,14.29,15147683,218225568.00
2015/05/04,14.27,14.27,13.77,13.98,20979648,291047456.00
2015/05/05,13.91,15.38,13.81,15.38,57724348,863545856.00
2015/05/06,15.47,16.16,15.00,15.89,44947270,702362880.00
2015/05/07,15.64,16.30,15.30,15.34,32602259,515159776.00
2015/05/08,15.11,16.87,15.01,16.87,40502212,651832384.00
2015/05/11,16.87,17.82,16.85,17.19,36069635,624632320.00
2015/05/12,17.02,17.59,16.83,17.49,30700878,531617792.00
2015/05/13,17.51,18.49,17.21,17.59,32857508,582599936.00
2015/05/14,17.58,18.08,16.70,17.95,36072995,626527296.00
2015/05/15,17.87,18.18,17.30,17.95,24392636,433005888.00
2015/05/18,17.70,18.05,17.32,17.45,25612595,450993536.00
2015/05/19,17.20,18.30,17.20,18.16,27953062,500757184.00
2015/05/20,18.03,18.90,17.87,17.95,34982775,639531776.00
2015/05/21,18.05,18.08,17.64,17.88,28003810,499653248.00
2015/05/22,17.91,18.50,17.70,18.05,25321696,458311072.00
2015/05/25,18.02,19.33,17.80,18.98,37606982,702388736.00
2015/05/26,19.02,19.90,18.81,19.79,35948826,696419136.00
2015/05/27,19.89,19.89,19.10,19.52,30994578,602201664.00
2015/05/28,19.45,20.19,17.57,17.95,32660441,626094016.00
2015/05/29,17.92,18.70,17.45,18.44,29047329,531266816.00
2015/06/01,18.45,19.36,18.10,19.16,20116159,379557824.00
2015/06/02,19.16,21.08,18.88,21.08,33166522,655802752.00
2015/06/03,21.68,23.19,21.57,23.19,52666868,1192751104.00
2015/06/04,23.50,23.50,20.90,23.18,37431321,852668800.00
2015/06/05,23.50,23.87,22.33,23.07,28148533,652259456.00
2015/06/08,23.10,23.62,21.70,22.04,37927590,861080384.00
2015/06/09,22.08,22.44,21.00,21.39,32040100,689843072.00
2015/06/10,20.90,21.98,20.01,21.70,34146430,714554688.00
2015/06/11,21.75,21.75,20.48,21.05,40201600,844605632.00
2015/06/12,21.11,23.09,20.90,22.57,40317122,880973248.00
2015/06/15,22.30,22.80,20.80,20.98,44108688,954750336.00
2015/06/16,20.72,20.72,19.48,19.91,26960592,538631552.00
2015/06/17,19.90,20.70,18.80,20.43,29471652,588339456.00
2015/06/18,20.80,21.46,20.01,20.24,29691033,623499008.00
2015/06/19,19.50,20.65,18.90,19.70,28656847,571222784.00
2015/06/23,19.70,20.35,17.87,19.78,23581298,455605568.00
2015/06/24,20.32,21.30,19.92,21.17,34092332,698334784.00
2015/06/25,21.30,21.50,19.30,19.51,30794718,632327808.00
2015/06/26,18.40,18.98,17.56,17.56,20019583,361894560.00
2015/06/29,18.09,18.33,15.80,15.80,27607789,454239168.00
2015/06/30,15.03,16.60,14.22,15.70,39782741,604004800.00
2015/07/01,15.70,16.28,14.13,14.13,33222112,500145536.00
2015/07/02,12.72,13.90,12.72,12.72,36165015,463578688.00
2015/07/03,11.45,11.97,11.45,11.45,26460146,304297312.00
2015/07/06,12.00,12.28,10.31,10.31,43998227,479046080.00
2015/07/08,9.28,9.28,9.28,9.28,487800,4526784.00
2015/07/09,8.35,10.21,8.35,10.21,122711354,1108905344.00
2015/07/10,10.21,11.23,9.81,11.23,112256743,1225379968.00
2015/07/13,11.25,12.35,10.80,12.35,149352148,1739797376.00
2015/07/14,11.86,12.93,11.22,11.47,116378817,1402395520.00
2015/07/15,11.04,11.20,10.32,10.32,45460916,481633024.00
2015/07/16,9.29,10.62,9.29,9.78,82390562,807650624.00
2015/07/17,9.80,10.76,9.70,10.64,63678873,657453056.00
2015/07/20,10.65,11.30,10.16,10.95,86409143,931687488.00
2015/07/21,10.65,11.75,10.39,11.63,86862994,973190080.00
2015/07/22,11.64,12.18,11.15,11.87,80797411,941306944.00
2015/07/23,11.86,12.69,11.72,12.41,77430221,948236800.00
2015/07/24,12.32,12.80,11.68,11.86,85822513,1060776000.00
2015/07/27,11.50,12.10,10.67,10.67,68289712,790186496.00
2015/07/28,9.88,10.69,9.60,9.60,75227996,740936768.00
2015/07/29,9.98,10.49,9.12,10.40,57281546,558509568.00
2015/07/30,10.29,10.79,9.85,9.98,59093212,613899392.00
2015/07/31,9.77,10.98,9.65,10.98,76385510,820469120.00
2015/08/03,10.92,11.10,9.88,10.19,77972891,820092544.00
2015/08/04,10.21,11.21,10.11,11.21,55770724,596579712.00
2015/08/05,11.25,12.08,11.23,11.67,84868580,984645952.00
2015/08/06,11.28,11.75,11.07,11.45,50107198,571761984.00
2015/08/07,11.61,12.08,11.55,11.82,54918253,649458432.00
2015/08/10,11.87,12.85,11.72,12.51,71800511,877645440.00
2015/08/11,12.48,12.81,12.21,12.47,61774854,774468736.00
2015/08/12,12.21,12.78,12.01,12.10,49727111,616591232.00
2015/08/13,11.93,12.66,11.79,12.62,54040664,659287424.00
2015/08/14,12.81,13.60,12.62,12.98,67802606,892361664.00
2015/08/17,13.03,13.96,12.96,13.82,60719266,815022272.00
2015/10/23,12.44,14.51,12.44,13.71,135412785,1810544512.00
2015/10/26,13.55,13.95,12.50,12.67,79381122,1034551744.00
2015/10/27,12.41,12.41,11.40,12.05,57576268,684103744.00
2015/10/28,11.90,12.53,11.60,11.72,37972885,458213248.00
2015/10/29,11.90,12.41,11.79,12.32,39186848,474929728.00
2015/10/30,12.18,12.95,12.05,12.52,45549137,570767616.00
2015/11/02,12.01,12.07,11.27,11.27,48519892,564102592.00
2015/11/03,11.04,11.35,10.30,10.50,47216251,500546880.00
2015/11/04,10.49,11.15,10.45,11.03,38499609,417293280.00
2015/11/05,11.00,11.09,10.69,10.83,40826691,442316832.00
2015/11/06,11.00,11.38,10.89,11.28,36846235,412961120.00
2015/11/09,11.10,11.44,10.88,11.23,39634614,443014944.00
2015/11/10,11.10,11.65,11.00,11.53,42285822,483628576.00
2015/11/11,11.50,11.84,11.43,11.71,36477004,425506656.00
2015/11/12,11.73,11.85,11.30,11.44,32991536,379394432.00
2015/11/13,11.27,11.35,10.75,11.19,36834092,408444672.00
2015/11/16,11.00,11.51,10.95,11.50,30501815,342917952.00
2015/11/17,11.71,11.78,11.29,11.36,35901091,413720832.00
2015/11/18,11.41,11.54,10.86,10.93,27692934,309948096.00
2015/11/19,10.85,11.18,10.85,11.12,22582991,248392336.00
2015/11/20,11.20,11.21,10.94,11.08,27664507,305443296.00
2015/11/23,11.13,12.19,11.00,12.19,74119502,873933504.00
2015/11/24,12.19,12.87,12.08,12.48,88850698,1105903104.00
2015/11/25,12.30,12.85,12.10,12.62,53479128,662992704.00
2015/12/25,12.80,13.12,11.71,11.92,60076200,733713600.00
2015/12/28,11.85,12.22,11.43,11.50,37853450,448200640.00
2015/12/29,11.41,11.81,11.35,11.72,19873801,230494704.00
2015/12/30,11.52,11.68,11.04,11.30,38673542,435609888.00
2015/12/31,11.30,11.30,10.80,10.84,22403091,247524512.00
2016/01/04,10.63,10.73,9.76,9.76,23112501,235051728.00
2016/01/05,9.18,9.62,8.78,9.15,36036502,330404384.00
2016/01/06,9.23,9.47,9.00,9.44,25733753,238569104.00
2016/01/07,9.19,9.23,8.50,8.50,7072000,61993176.00
2016/01/08,8.64,8.72,7.71,8.43,29162460,244499536.00
2016/01/11,8.04,8.19,7.59,7.59,26612080,210766464.00
2016/01/12,7.55,7.80,7.35,7.65,21008561,159652368.00
2016/01/13,7.72,7.91,7.45,7.53,19497910,150062000.00
2016/01/14,7.21,7.82,7.11,7.71,21895469,164527600.00
2016/01/15,7.60,7.77,7.05,7.12,23866211,176779168.00
2016/01/18,7.00,7.36,6.90,7.27,20218612,145489936.00
2016/01/19,7.22,7.59,7.14,7.54,23604683,174814128.00
2016/01/20,7.49,7.63,7.29,7.39,22357641,166364416.00
2016/01/21,7.24,7.46,6.99,7.02,19631608,142316112.00
2016/01/22,7.10,7.15,6.76,7.10,19228203,135229952.00
2016/01/25,7.17,7.81,7.12,7.81,14914330,112691112.00
2016/01/26,8.04,8.49,7.62,7.82,80368430,652929024.00
2016/01/27,7.81,8.00,7.11,7.78,47611526,361161920.00
2016/01/28,7.62,7.65,7.00,7.00,31374777,229282656.00
2016/01/29,6.84,7.34,6.79,7.20,28753174,203916032.00
2016/02/01,7.13,7.16,6.50,6.73,22970804,158153744.00
2016/02/02,6.73,7.05,6.71,7.00,18317352,127205344.00
2016/02/03,6.88,7.04,6.72,6.99,16779571,115182528.00
2016/02/04,7.04,7.28,7.00,7.19,23224182,166889312.00
2016/02/05,7.20,7.62,7.17,7.29,27843897,205789248.00
2016/02/15,6.92,7.23,6.91,7.17,18265664,128847296.00
2016/02/16,7.20,7.89,7.20,7.89,29845666,230661440.00
2016/02/17,7.93,8.09,7.70,7.93,47121700,372531040.00
2016/02/18,7.95,8.35,7.83,8.27,44654567,357023712.00
2016/02/19,8.08,8.19,7.93,8.05,34559943,278407776.00
2016/02/22,8.16,8.27,8.01,8.19,29560006,240537264.00
2016/02/23,8.12,8.16,7.78,7.98,29213252,232444192.00
2016/02/24,7.92,8.49,7.88,8.43,50284192,412992864.00
2016/02/25,8.35,8.35,7.59,7.59,41343659,326251840.00
2016/02/26,7.61,7.68,7.18,7.33,29597355,219616176.00
2016/02/29,7.22,7.27,6.60,6.60,26270554,177702032.00
2016/03/01,6.67,6.90,6.52,6.79,21843316,147063168.00
2016/03/02,6.81,7.45,6.76,7.27,31559700,224787888.00
2016/03/03,7.17,7.76,7.14,7.45,37424943,276546688.00
2016/03/04,7.35,7.43,6.88,7.05,29291019,210068048.00
2016/03/07,7.16,7.65,7.15,7.64,33060220,243373072.00
2016/03/08,7.52,7.74,7.12,7.66,37755419,279893472.00
2016/03/09,7.31,7.44,7.21,7.28,22053399,161496848.00
2016/03/10,7.33,7.38,7.00,7.06,16554548,118979320.00
2016/03/11,6.95,7.13,6.89,7.06,13289536,93171104.00
2016/03/14,7.16,7.52,7.12,7.32,23618521,173808672.00
2016/03/15,7.30,7.50,7.27,7.29,17873556,131638856.00
2016/03/16,7.32,7.42,7.00,7.14,18494273,133439872.00
2016/03/17,7.17,7.49,7.14,7.42,25789970,189387184.00
2016/03/18,7.47,8.05,7.42,7.88,40600296,314275872.00
2016/03/21,8.02,8.14,7.81,8.08,36671400,292220512.00
2016/04/13,8.89,8.89,8.89,8.89,5490816,48813352.00
2016/04/14,9.00,9.71,8.90,9.26,105950792,982093120.00
2016/04/15,9.02,9.14,8.89,9.01,54746006,491268224.00
2016/04/18,8.88,8.88,8.36,8.43,48996673,418766496.00
2016/04/19,8.54,8.64,8.41,8.53,29372541,250174032.00
2016/04/20,8.53,8.58,7.75,7.97,51531053,418469856.00
2016/04/21,7.95,8.05,7.81,7.88,26814084,213400784.00
2016/04/22,7.81,8.08,7.75,8.06,24096086,191096800.00
2016/04/25,7.97,7.98,7.75,7.93,18677438,146615152.00
2016/04/26,7.91,8.23,7.85,8.20,32293815,260793232.00
2016/04/27,8.15,8.19,7.92,7.99,25110517,202579888.00
2016/04/28,7.99,8.03,7.63,7.83,23718969,184821056.00
2016/04/29,7.72,7.93,7.70,7.80,16071050,125620168.00
2016/05/03,7.81,8.09,7.75,8.08,22108734,176430464.00
2016/05/04,8.05,8.89,8.01,8.89,58144629,497062400.00
2016/05/05,9.15,9.67,9.06,9.30,126596819,1173450368.00
2016/05/06,9.24,10.23,9.14,10.23,158473850,1586010752.00
2016/05/09,9.88,10.36,9.59,9.90,137923784,1374583680.00
2016/05/10,9.90,10.45,9.71,10.05,125867989,1270673792.00
2016/05/11,9.99,10.05,9.32,9.65,102529254,988122880.00
2016/05/12,9.43,10.62,9.26,10.62,151748175,1538133120.00
2016/05/13,10.39,11.20,10.28,10.56,157026390,1674698880.00
2016/05/16,10.41,10.99,10.08,10.80,120837993,1270968192.00
2016/05/17,10.65,10.80,10.21,10.23,104033698,1092548352.00
2016/05/18,9.99,10.55,9.90,10.34,85375530,875632576.00
2016/05/19,10.59,11.37,10.55,10.88,153886837,1690488448.00
2016/05/20,10.58,11.15,10.35,10.69,99056709,1062529344.00
2016/05/23,10.69,10.95,10.50,10.92,89543531,960133696.00
2016/05/24,10.83,10.87,10.31,10.52,63866989,676160320.00
2016/05/25,10.63,11.27,10.35,11.09,116614217,1255817984.00
2016/05/26,10.88,11.59,10.51,11.44,121075267,1340402816.00
2016/05/27,11.31,12.58,11.23,12.30,174726329,2120939648.00
2016/05/30,12.05,12.54,11.81,12.02,124433641,1509712128.00
2016/05/31,12.02,12.66,11.92,12.57,115390742,1420228352.00
2016/06/01,12.58,13.66,12.45,12.66,141443758,1836956544.00
2016/06/02,12.71,13.48,12.35,13.41,125416413,1610307456.00
2016/06/03,13.04,13.33,12.82,13.04,101687187,1329625856.00
2016/06/06,13.06,13.06,12.72,12.92,60701642,781767936.00
2016/06/07,12.88,13.28,12.72,12.91,78798451,1027308224.00
2016/06/08,12.78,12.84,12.20,12.39,88963493,1110980096.00
2016/06/13,12.12,12.66,11.17,11.44,69494022,845940928.00
2016/06/14,11.33,11.65,11.15,11.60,59657317,681763264.00
2016/06/15,11.43,12.76,11.31,12.34,83695745,1020606976.00
2016/06/16,12.30,13.10,12.22,12.83,99229522,1264691328.00
2016/06/17,12.70,13.08,12.35,12.66,63979980,809870144.00
2016/06/20,12.58,13.30,12.50,13.11,88564739,1151653376.00
2016/06/21,13.42,13.50,12.27,12.36,83380540,1065972416.00
2016/06/22,12.19,12.90,12.10,12.63,54771176,689897344.00
2016/06/23,12.49,12.83,12.29,12.35,44910197,561948224.00
2016/06/24,12.33,12.48,11.29,11.94,56441191,677684416.00
2016/06/27,11.83,12.45,11.83,12.29,43483683,530131488.00
2016/06/28,12.35,12.50,12.08,12.40,40896560,502521472.00
2016/06/29,12.41,12.49,12.15,12.36,40858247,503315712.00
2016/06/30,12.30,12.40,11.66,11.80,58924285,703690560.00
2016/07/01,11.72,11.88,11.50,11.56,38244484,445154176.00
2016/07/04,11.40,11.85,11.34,11.79,32966861,385959744.00
2016/07/05,11.81,11.97,11.52,11.77,38181725,448952480.00
2016/07/06,11.73,12.17,11.65,12.00,49218997,588124096.00
2016/07/07,12.20,12.78,12.20,12.51,85082710,1063647040.00
2016/07/08,12.43,12.55,12.21,12.27,40161312,495193664.00
2016/07/11,12.26,12.44,11.95,12.02,37520152,458164128.00
2016/07/12,11.91,12.05,11.48,11.89,38943716,457713824.00
2016/07/13,11.95,12.62,11.69,12.40,68245310,839570944.00
2016/07/14,12.30,12.68,12.25,12.53,49311266,613889152.00
2016/07/15,12.66,12.71,12.17,12.19,33566279,414132960.00
2016/07/18,12.10,12.10,11.80,11.87,27091957,322390560.00
2016/07/19,11.85,12.68,11.80,12.58,49793506,613392320.00
2016/07/20,12.56,12.76,12.38,12.70,62276427,783462016.00
2016/07/21,12.70,13.14,12.41,12.47,69794614,891847616.00
2016/07/22,12.48,13.47,12.20,13.28,107034589,1384110976.00
2016/07/25,13.18,14.17,13.08,13.77,124184962,1696316416.00
2016/07/26,13.60,14.04,13.41,13.79,76688831,1051608448.00
2016/07/27,13.75,13.94,12.42,12.48,97927978,1283057920.00
2016/07/28,12.46,12.65,11.97,12.24,53287756,654393856.00
2016/07/29,12.18,12.40,11.45,11.58,54644273,647145792.00
2016/08/01,11.35,11.44,10.71,11.00,43682597,478771680.00
2016/08/02,11.08,11.18,10.95,11.16,27844472,308477440.00
2016/08/03,11.07,11.21,10.95,11.11,27726958,307086496.00
2016/08/04,11.18,11.57,11.12,11.42,40372875,460982112.00
2016/08/05,11.45,11.54,11.10,11.16,29904543,337762048.00
2016/08/08,11.09,11.25,10.73,11.23,26521372,290922336.00
2016/08/09,11.12,11.42,11.11,11.33,31685372,357777344.00
2016/08/10,11.38,11.84,11.36,11.41,42282915,490087968.00
2016/08/11,11.42,11.53,11.12,11.22,28066823,315331360.00
2016/08/12,11.37,11.42,11.02,11.28,23992932,268661504.00
2016/08/15,11.20,11.57,11.07,11.49,41836944,476945696.00
2016/08/16,11.51,11.68,11.41,11.53,34559617,398626144.00
2016/08/17,11.48,11.54,11.35,11.49,26676850,305053312.00
2016/08/18,11.48,11.73,11.35,11.71,45514054,526884096.00
2016/08/19,11.60,11.67,11.47,11.57,25110568,290114816.00
2016/08/22,11.50,11.56,11.10,11.13,29787028,335469376.00
2016/08/23,11.09,11.26,11.01,11.13,15663201,174486960.00
2016/08/24,11.13,11.35,11.13,11.26,20606889,232222560.00
2016/08/25,11.20,11.20,10.75,10.90,25676029,279968096.00
2016/08/26,10.91,10.98,10.80,10.84,19060234,207393760.00
2016/08/29,10.88,11.47,10.81,11.08,28093454,313640192.00
2016/08/30,11.11,11.50,11.07,11.26,33399980,378098432.00
2016/08/31,11.10,11.16,10.90,11.05,26794263,294635424.00
2016/09/01,11.01,11.19,10.95,11.00,18938489,209625136.00
2016/09/02,10.95,11.00,10.81,10.89,16843491,183485056.00
2016/09/05,10.90,11.07,10.90,11.00,15398078,169191888.00
2016/09/06,10.98,11.17,10.82,11.14,21977384,242520080.00
2016/09/07,11.14,11.21,10.95,10.97,18719670,207161712.00
2016/09/08,10.95,11.07,10.90,10.98,11120433,121894728.00
2016/09/09,10.95,10.97,10.82,10.83,14203437,154505632.00
2016/09/12,10.60,10.60,10.00,10.05,29811638,305512384.00
2016/09/13,10.05,10.14,9.89,9.92,19426585,193642688.00
2016/09/14,9.92,9.92,9.54,9.64,18870464,182425088.00
2016/09/19,9.66,9.84,9.66,9.80,11977653,117161488.00
2016/09/20,9.75,9.97,9.75,9.83,12053550,118924352.00
2016/09/21,9.76,9.90,9.72,9.77,10879680,106633840.00
2016/09/22,9.86,9.90,9.75,9.77,13285897,130299176.00
2016/09/23,9.77,9.84,9.60,9.62,12058500,117306960.00
2016/09/26,9.58,9.58,9.11,9.12,20117294,187575072.00
2016/09/27,9.16,9.33,9.11,9.31,13751322,127267536.00
2016/09/28,9.40,9.41,9.26,9.31,9011658,83988920.00
2016/09/29,9.33,9.39,9.21,9.23,10386134,96421320.00
2016/09/30,9.25,9.32,9.19,9.25,9026191,83416624.00
2016/10/10,9.30,9.52,9.28,9.49,16484292,155269984.00
2016/10/11,9.49,9.66,9.49,9.58,16440590,157464560.00
2016/10/12,9.52,9.65,9.49,9.55,11880011,113565152.00
2016/10/13,9.51,9.64,9.51,9.59,13028889,124721384.00
2016/10/14,9.58,9.59,9.32,9.46,14330658,135042208.00
2016/10/17,9.43,9.49,9.26,9.30,12095337,113348928.00
2016/10/18,9.31,9.55,9.29,9.51,15660796,147926240.00
2016/10/19,9.53,9.69,9.47,9.51,16689520,159638304.00
2016/10/20,9.55,10.46,9.47,10.46,62560910,629391936.00
2016/10/21,10.49,10.49,9.99,10.18,51478375,525170496.00
2016/10/24,10.12,10.22,9.97,10.18,30305597,306630880.00
2016/10/25,10.18,10.25,10.05,10.23,22945837,232716592.00
2016/10/26,10.14,10.76,10.13,10.35,46237342,484702784.00
2016/10/27,10.29,10.44,10.09,10.22,23934923,244872080.00
2016/10/28,10.15,10.27,10.00,10.01,19857546,200157920.00
2016/10/31,10.02,10.27,9.83,10.14,17929025,181143152.00
2016/11/01,10.06,10.16,10.02,10.14,14441289,145705728.00
2016/11/02,10.14,10.15,9.91,9.96,17251882,173232768.00
2016/11/03,9.86,10.15,9.86,9.98,18016919,180560160.00
2016/11/04,10.01,10.09,9.90,9.97,12875115,128400944.00
2016/11/07,9.97,10.36,9.92,10.20,26389243,268129648.00
2016/11/08,10.18,10.25,10.10,10.20,17446160,177670688.00
2016/11/09,10.25,10.75,10.18,10.55,71887444,754831424.00
2016/11/10,10.56,10.73,10.43,10.62,46642695,493664672.00
2016/11/11,10.58,10.70,10.44,10.58,30796987,324204928.00
2016/11/14,10.64,10.68,10.40,10.53,27615636,291168640.00
2016/11/15,10.56,11.10,10.45,10.74,45001241,488008992.00
2016/11/16,10.60,10.76,10.49,10.51,25830348,272962432.00
2016/11/17,10.49,10.49,10.28,10.34,17691061,183221376.00
2016/11/18,10.35,10.48,10.21,10.30,13105870,135878256.00
2016/11/21,10.38,10.40,10.22,10.29,12072968,124183128.00
2016/11/22,10.22,10.37,10.21,10.35,13702875,141306176.00
2016/11/23,10.32,10.45,10.23,10.26,13379149,138392112.00
2016/11/24,10.26,10.31,10.02,10.08,15857161,161225632.00
2016/11/25,10.03,10.12,9.71,9.90,20696497,204168944.00
2016/11/28,9.88,9.96,9.84,9.91,10649877,105423808.00
2016/11/29,9.90,9.92,9.61,9.63,18564000,180640624.00
2016/11/30,9.57,9.78,9.52,9.67,10304120,99357904.00
2016/12/01,9.62,9.70,9.60,9.68,8009655,77283120.00
2016/12/02,9.70,9.70,9.40,9.41,11371900,108427552.00
2016/12/05,9.30,9.47,9.23,9.41,6826774,64017192.00
2016/12/06,9.49,9.74,9.47,9.58,12045044,116083256.00
2016/12/07,9.55,9.67,9.51,9.66,7000000,67242840.00
2016/12/08,9.67,9.74,9.51,9.53,10023516,96319016.00
2016/12/09,9.58,9.74,9.56,9.64,8973900,86546352.00
2016/12/12,9.56,9.65,9.02,9.13,15436400,143501888.00
2016/12/13,9.08,9.18,8.90,9.04,9462171,85281520.00
2016/12/14,9.08,9.11,8.88,8.92,8734760,78399112.00
2016/12/15,8.92,9.09,8.81,8.98,7694049,69217104.00
2016/12/16,9.02,9.44,8.93,9.14,12697706,116926096.00
2016/12/19,9.09,9.18,8.94,9.05,8627847,77971072.00
2016/12/20,9.05,9.15,8.98,9.08,8196300,74255136.00
2016/12/21,9.08,9.13,9.06,9.13,7559184,68787608.00
2016/12/22,9.13,9.15,9.04,9.11,5920000,53777768.00
2016/12/23,9.09,9.15,9.00,9.05,6653383,60343024.00
2016/12/26,9.04,9.14,8.91,9.13,6602680,59518244.00
2016/12/27,9.13,9.23,9.08,9.17,8234000,75370592.00
2016/12/28,9.17,9.19,9.05,9.06,5804901,52952704.00
2016/12/29,9.02,9.12,9.01,9.02,4635150,41998792.00
2016/12/30,9.02,9.08,8.98,8.99,4342255,39128576.00
2017/01/03,8.98,9.15,8.97,9.12,6979151,63457116.00
2017/01/04,9.09,9.19,9.06,9.18,11442563,104454080.00
2017/01/05,9.15,9.50,9.11,9.27,21212068,197623376.00
2017/01/06,9.28,9.44,9.16,9.36,18357627,170862752.00
2017/01/09,9.31,9.55,9.25,9.51,19065361,179852320.00
2017/01/10,9.51,9.51,9.33,9.37,12583081,118328040.00
2017/01/11,9.42,9.64,9.29,9.30,18158888,171891568.00
2017/01/12,9.30,9.38,9.09,9.12,12892697,119083096.00
2017/01/13,9.15,9.20,8.85,8.90,12536300,113282256.00
2017/01/16,8.91,8.96,8.01,8.15,20122081,168216128.00
2017/01/17,8.15,8.25,7.95,8.20,9544715,77637232.00
2017/01/18,8.24,8.29,8.12,8.14,6329586,51811372.00
2017/01/19,8.13,8.14,8.06,8.10,4535266,36770188.00
2017/01/20,8.07,8.31,8.03,8.24,6815617,55999784.00
2017/01/23,8.25,8.40,8.23,8.37,8034943,66951112.00
2017/01/24,8.34,8.36,8.15,8.17,8328915,68490936.00
2017/01/25,8.18,8.23,8.14,8.18,4561166,37328252.00
2017/01/26,8.23,8.24,8.17,8.18,4282058,35086512.00
2017/02/03,8.18,8.30,8.18,8.26,5781745,47686660.00
2017/02/06,8.32,8.32,8.18,8.29,6531348,53870224.00
2017/02/07,8.25,8.31,8.22,8.28,5600072,46221120.00
2017/02/08,8.28,8.37,8.24,8.36,7271575,60376928.00
2017/02/09,8.36,8.52,8.32,8.49,13734528,115910528.00
2017/02/10,8.55,8.55,8.40,8.42,9384918,79272168.00
2017/02/13,8.38,8.45,8.31,8.44,8026109,67209664.00
2017/02/14,8.40,8.50,8.37,8.43,7380487,62247068.00
2017/02/15,8.43,8.85,8.43,8.64,25846026,223603200.00
2017/02/16,8.57,8.70,8.51,8.66,11192345,96360016.00
2017/02/17,8.60,8.74,8.48,8.54,11821805,101495152.00
2017/02/20,8.46,8.58,8.38,8.57,9129800,77296448.00
2017/02/21,8.55,8.60,8.52,8.59,7771236,66550352.00
2017/02/22,8.60,8.62,8.56,8.61,6630538,56932208.00
2017/02/23,8.60,8.61,8.43,8.52,9529966,80908784.00
2017/02/24,8.50,8.58,8.45,8.56,7298007,62161472.00
2017/02/27,8.54,8.64,8.46,8.48,7795735,66576792.00
2017/02/28,8.42,8.64,8.42,8.59,9155573,78108544.00
2017/03/01,8.55,8.69,8.52,8.56,9225679,79235424.00
2017/03/02,8.55,8.60,8.43,8.50,8322467,70881808.00
2017/03/03,8.48,8.78,8.40,8.72,25503002,221281552.00
2017/03/06,8.69,8.72,8.60,8.72,14143302,122673096.00
2017/03/07,8.72,9.11,8.70,9.03,32182878,288811520.00
2017/03/08,9.02,9.02,8.86,8.95,15622423,139093808.00
2017/03/09,8.88,9.04,8.83,8.91,10869866,96793456.00
2017/03/10,8.93,8.96,8.75,8.77,9415423,83131296.00
2017/03/13,8.71,8.77,8.54,8.74,10190815,88321416.00
2017/03/14,8.75,8.79,8.63,8.66,9630728,83762672.00
2017/03/15,8.62,8.99,8.61,8.97,21674736,191888480.00
2017/03/16,9.00,9.07,8.89,8.97,17017301,152507552.00
2017/03/17,8.92,8.96,8.75,8.76,13292008,117760912.00
2017/03/20,8.78,8.83,8.71,8.82,7302977,64022280.00
2017/03/21,8.80,8.88,8.72,8.74,7331300,64213440.00
2017/03/22,8.70,8.73,8.50,8.52,12970092,111178352.00
2017/03/23,8.50,8.55,8.33,8.39,10785684,91085872.00
2017/03/24,8.41,8.44,8.30,8.41,8875751,74192608.00
2017/03/27,8.43,8.44,8.35,8.35,6759311,56719364.00
2017/03/28,8.37,8.37,8.29,8.30,6692865,55671640.00
2017/03/29,8.31,8.33,8.15,8.18,9044856,74315112.00
2017/03/30,8.16,8.26,8.11,8.18,9915149,81036888.00
2017/03/31,8.08,8.24,8.00,8.12,7778317,63187452.00
2017/04/05,8.12,8.30,8.10,8.29,8021596,65873652.00
2017/04/06,8.29,8.30,8.20,8.25,6308303,51973388.00
2017/04/07,8.26,8.30,8.22,8.27,5287277,43585720.00
2017/04/10,8.23,8.23,8.03,8.06,9529648,77063832.00
2017/04/11,8.00,8.10,7.97,8.08,9728889,77998760.00
2017/04/12,8.08,8.24,8.04,8.14,10682295,87299136.00
2017/04/13,8.13,8.13,8.07,8.08,4977001,40264864.00
2017/04/14,8.06,8.06,7.92,7.93,8518409,68057096.00
2017/04/17,7.90,7.95,7.63,7.67,9411015,72886016.00
2017/04/18,7.66,7.71,7.48,7.52,5070901,38628200.00
2017/04/19,7.49,7.50,7.11,7.31,9647541,70301248.00
2017/04/20,7.29,7.38,7.15,7.24,5099101,36940788.00
2017/04/21,7.29,7.30,7.20,7.22,3794000,27444640.00
2017/04/24,7.23,7.23,6.75,6.86,7471032,51593480.00
2017/04/25,6.85,6.94,6.85,6.88,4527800,31241300.00
2017/04/26,6.88,7.44,6.88,7.16,11516451,83134488.00
2017/04/27,7.07,7.18,6.88,7.14,8267272,58137856.00
2017/04/28,7.15,7.17,7.08,7.16,3987071,28440746.00
2017/05/02,7.02,7.18,7.00,7.11,4747304,33605620.00
2017/05/03,7.11,7.11,7.02,7.08,3829650,27119372.00
2017/05/04,7.07,7.07,6.88,6.95,5642242,39393016.00
2017/05/05,6.94,6.98,6.86,6.86,6507200,44956048.00
2017/05/08,6.82,7.05,6.79,6.80,6199726,42774504.00
2017/05/09,6.86,7.48,6.86,7.48,34915314,255939856.00
2017/05/10,7.61,7.86,7.48,7.56,50114813,384917504.00
2017/05/11,7.50,7.86,7.35,7.72,36601097,280116960.00
2017/05/12,7.55,7.66,7.45,7.57,24563514,185078512.00
2017/05/15,7.50,7.57,7.38,7.49,15624613,116839408.00
2017/05/16,7.42,7.96,7.33,7.88,35918886,278226848.00
2017/05/17,7.75,8.00,7.71,7.80,26349450,206069504.00
2017/05/18,7.65,7.88,7.62,7.70,16463248,127061392.00
2017/05/19,7.75,7.79,7.59,7.76,12017595,92464104.00
2017/05/22,7.70,7.92,7.61,7.66,15579901,121172512.00
2017/05/23,7.60,7.65,6.89,6.96,25283424,183281664.00
2017/05/24,6.86,7.66,6.86,7.66,16988306,125298112.00
2017/05/25,7.98,7.99,7.66,7.89,47521832,374377088.00
2017/05/26,7.95,8.35,7.87,8.23,49058524,399234016.00
2017/05/31,8.45,8.54,8.01,8.16,34226873,280956384.00
2017/06/01,8.10,8.53,8.07,8.20,41945122,349123104.00
2017/06/02,8.20,8.49,7.79,8.48,37187692,302844448.00
2017/06/05,8.51,8.52,8.33,8.39,23153283,194645200.00
2017/06/06,8.32,8.36,8.09,8.25,19677337,161255152.00
2017/06/07,8.19,8.65,8.17,8.43,32789638,277416640.00
2017/06/08,8.32,8.73,8.26,8.62,38536625,328311040.00
2017/06/09,8.55,8.57,8.37,8.47,19073255,161353728.00
2017/06/12,8.40,8.55,8.17,8.18,17486828,145887200.00
2017/06/13,8.18,8.38,8.16,8.30,13133018,108745912.00
2017/06/14,8.31,8.31,8.09,8.14,15478934,126270048.00
2017/06/15,8.11,8.29,8.11,8.16,13474517,110539712.00
2017/06/16,8.14,8.23,7.95,7.97,17868110,143881056.00
2017/06/19,7.99,8.14,7.93,8.12,13098201,105421448.00
2017/06/20,8.23,8.23,8.02,8.05,11571902,93900624.00
2017/06/21,8.06,8.12,7.96,8.11,9788548,78659432.00
2017/06/22,8.12,8.22,7.90,7.92,18880101,152919520.00
2017/06/23,7.81,7.93,7.63,7.86,14793227,115093840.00
2017/06/26,7.81,7.97,7.80,7.94,9376958,74082000.00
2017/06/27,7.88,7.99,7.83,7.90,7785509,61634824.00
2017/06/28,7.91,7.91,7.72,7.75,7805700,60821808.00
2017/06/29,7.76,8.04,7.75,7.99,13600673,108057744.00
2017/06/30,7.94,7.99,7.86,7.92,9256737,73325152.00
2017/07/03,7.92,7.98,7.87,7.96,6423161,50988336.00
2017/07/04,7.98,8.05,7.91,8.05,10412563,83156056.00
2017/07/05,8.04,8.15,7.94,8.05,9315543,74607832.00
2017/07/06,8.07,8.67,8.05,8.56,46643438,391423360.00
2017/07/07,8.48,8.54,8.38,8.49,22754732,192092272.00
2017/07/10,8.45,8.53,8.30,8.34,15801752,132519864.00
2017/07/11,8.34,8.42,8.17,8.22,12799117,106128448.00
2017/07/12,8.20,8.27,7.91,8.04,16350421,131575552.00
2017/07/13,8.01,8.22,7.86,8.19,15211505,122302728.00
2017/07/14,8.10,8.20,7.97,7.99,11694419,94434816.00
2017/07/17,8.00,8.01,7.19,7.43,21071098,159566384.00
2017/07/18,7.41,7.83,7.34,7.74,14848960,113376432.00
2017/07/19,7.70,7.80,7.58,7.74,11955886,92128704.00
2017/07/20,7.73,7.82,7.66,7.69,7374805,57071460.00
2017/07/21,7.65,7.73,7.47,7.54,9937111,75406784.00
2017/07/24,7.50,8.29,7.47,8.29,28352632,227969728.00
2017/07/25,8.29,8.34,8.11,8.22,25199593,207164576.00
2017/07/26,8.31,8.45,8.15,8.30,20963930,173764688.00
2017/07/27,8.22,8.56,8.16,8.43,23920918,200268064.00
2017/07/28,8.34,8.41,8.23,8.36,13602200,113117384.00
2017/08/02,8.49,8.49,8.49,8.49,0,0.00
数据来源:通达信
