600219 南山铝业 日线 前复权
      日期	    开盘	    最高	    最低	    收盘	    成交量	    成交额
2010/10/08,3.55,3.75,3.50,3.67,57025595,568301312.00
2010/10/11,3.82,3.94,3.73,3.74,69345297,719019456.00
2010/10/12,3.69,4.14,3.67,4.14,89972664,972275264.00
2010/10/13,4.16,4.28,3.97,4.07,83323501,922324736.00
2010/10/14,4.08,4.37,3.99,4.19,82208893,922448448.00
2010/10/15,4.11,4.42,4.02,4.23,85058709,966328640.00
2010/10/18,4.24,4.38,4.08,4.11,69840944,792448128.00
2010/10/19,4.10,4.24,4.02,4.18,46153981,513295776.00
2010/10/20,4.00,4.15,3.88,4.03,50568489,546942976.00
2010/10/21,4.06,4.16,3.99,4.10,38383852,422675488.00
2010/10/22,4.09,4.23,4.00,4.12,46509937,517371264.00
2010/10/25,4.13,4.36,4.08,4.35,66829706,763349248.00
2010/10/26,4.35,4.42,4.23,4.28,59181634,686970624.00
2010/10/27,4.24,4.38,4.18,4.20,45728872,525231232.00
2010/10/28,4.16,4.40,4.13,4.29,49763328,571344960.00
2010/10/29,4.24,4.29,4.04,4.12,49904001,558567552.00
2010/11/01,4.15,4.31,4.12,4.28,46103695,525349120.00
2010/11/02,4.28,4.72,4.23,4.42,94998077,1136881792.00
2010/11/03,4.45,4.52,4.20,4.25,51336900,602164288.00
2010/11/04,4.25,4.43,4.16,4.36,46382710,537298944.00
2010/11/05,4.51,4.57,4.34,4.37,41532403,491483200.00
2010/11/08,4.38,4.39,4.27,4.36,33067606,382693312.00
2010/11/09,4.34,4.45,4.29,4.35,31368377,367664320.00
2010/11/10,4.36,4.36,4.24,4.29,27972415,321872192.00
2010/11/11,4.27,4.45,4.27,4.30,45358007,533784032.00
2010/11/12,4.23,4.32,3.84,3.87,49743148,546719424.00
2010/11/15,3.88,3.92,3.72,3.86,23224571,241235840.00
2010/11/16,3.86,3.86,3.55,3.62,27713200,279173408.00
2010/11/17,3.52,3.68,3.49,3.53,18613103,181678416.00
2010/11/18,3.62,3.64,3.53,3.61,13710953,134392592.00
2010/11/19,3.64,3.65,3.45,3.61,19918808,192931984.00
2010/11/22,3.56,3.64,3.53,3.61,16472407,160823024.00
2010/11/23,3.56,3.56,3.37,3.44,17984172,169668256.00
2010/11/24,3.40,3.53,3.39,3.52,12991004,123604664.00
2010/11/25,3.56,3.61,3.50,3.60,16739853,162197440.00
2010/11/26,3.60,3.60,3.49,3.54,12472233,120449048.00
2010/11/29,3.51,3.51,3.42,3.47,12249484,115684160.00
2010/11/30,3.46,3.51,3.29,3.40,16724383,155462272.00
2010/12/01,3.39,3.44,3.37,3.41,8776507,81898472.00
2010/12/02,3.49,3.53,3.41,3.42,19263195,182888992.00
2010/12/03,3.42,3.45,3.38,3.44,8805770,82095992.00
2010/12/06,3.46,3.49,3.41,3.46,9686237,91416416.00
2010/12/07,3.43,3.52,3.36,3.49,12476304,117286080.00
2010/12/08,3.47,3.52,3.43,3.45,10559765,100302992.00
2010/12/09,3.45,3.47,3.39,3.39,7176158,67165240.00
2010/12/10,3.36,3.47,3.34,3.45,8206338,76580488.00
2010/12/13,3.47,3.57,3.44,3.57,19115094,183767056.00
2010/12/14,3.60,3.61,3.54,3.57,14004974,135972656.00
2010/12/15,3.57,3.59,3.48,3.52,14326907,138216768.00
2010/12/16,3.51,3.53,3.47,3.48,9637295,92079160.00
2010/12/17,3.48,3.59,3.47,3.56,16685576,161509392.00
2010/12/20,3.57,3.59,3.38,3.45,17223549,162951776.00
2010/12/21,3.46,3.56,3.43,3.55,16320204,156617440.00
2010/12/22,3.58,3.65,3.55,3.57,23224701,227724224.00
2010/12/23,3.55,3.82,3.54,3.69,45680536,461159904.00
2010/12/24,3.66,3.68,3.56,3.64,16210238,159572976.00
2010/12/27,3.63,3.73,3.46,3.50,19877701,196090192.00
2010/12/28,3.49,3.49,3.39,3.40,12188884,114027200.00
2010/12/29,3.43,3.45,3.36,3.42,7727940,71785152.00
2010/12/30,3.41,3.47,3.35,3.44,9281260,86469144.00
2010/12/31,3.43,3.57,3.43,3.56,15324273,147024016.00
2011/01/04,3.60,3.70,3.59,3.62,19312293,190908416.00
2011/01/05,3.58,3.59,3.53,3.58,13143061,127327136.00
2011/01/06,3.58,3.66,3.56,3.61,14644051,143725552.00
2011/01/07,3.65,3.72,3.61,3.66,24190482,240723152.00
2011/01/10,3.65,3.65,3.51,3.52,13824848,134618928.00
2011/01/11,3.48,3.53,3.42,3.51,9246903,87861904.00
2011/01/12,3.52,3.56,3.47,3.55,8288051,79568656.00
2011/01/13,3.56,3.59,3.49,3.50,6826936,65870224.00
2011/01/14,3.50,3.50,3.40,3.42,9924622,93077552.00
2011/01/17,3.37,3.44,3.26,3.28,17265200,157198528.00
2011/01/18,3.27,3.28,3.20,3.27,7544405,67267376.00
2011/01/19,3.26,3.35,3.26,3.35,7903267,71716856.00
2011/01/20,3.33,3.59,3.31,3.35,20570695,193315200.00
2011/01/21,3.29,3.41,3.25,3.37,12226999,111690608.00
2011/01/24,3.36,3.38,3.30,3.31,5979872,54555796.00
2011/01/25,3.31,3.34,3.29,3.31,5016291,45560328.00
2011/01/26,3.31,3.37,3.30,3.36,4614022,42151796.00
2011/01/27,3.34,3.41,3.31,3.39,8772605,81086120.00
2011/01/28,3.39,3.41,3.35,3.39,7170225,66149500.00
2011/01/31,3.39,3.43,3.38,3.41,7670852,71394120.00
2011/02/01,3.46,3.51,3.43,3.45,10170540,96179904.00
2011/02/09,3.44,3.48,3.37,3.38,9950675,93169856.00
2011/02/10,3.37,3.47,3.35,3.47,9106160,85186608.00
2011/02/11,3.47,3.50,3.45,3.48,11009209,104355160.00
2011/02/14,3.48,3.59,3.48,3.57,21395624,207092272.00
2011/02/15,3.59,3.95,3.56,3.95,81882963,853926208.00
2011/02/16,3.96,4.05,3.91,4.03,78886863,848180288.00
2011/02/17,4.01,4.10,3.93,3.98,46281731,499581056.00
2011/02/18,3.96,3.96,3.87,3.91,24873410,262921888.00
2011/02/21,3.87,4.06,3.87,3.99,32542839,351363136.00
2011/02/22,4.00,4.08,3.79,3.82,36960427,392895648.00
2011/02/23,3.79,3.86,3.74,3.80,24630819,253638864.00
2011/02/24,3.78,3.91,3.77,3.85,18902400,197049968.00
2011/02/25,3.86,3.95,3.76,3.94,21755234,227805712.00
2011/03/01,3.97,4.05,3.92,3.95,27825012,299016832.00
2011/03/02,3.90,3.93,3.81,3.87,14566170,152174512.00
2011/03/03,3.88,3.91,3.75,3.76,20924406,216062976.00
2011/03/04,3.76,3.89,3.76,3.89,15279112,158839024.00
2011/03/07,3.91,4.07,3.89,4.02,39883313,430491136.00
2011/03/08,4.01,4.11,3.98,4.06,36226184,396602432.00
2011/03/09,4.07,4.10,4.00,4.06,19835417,216202704.00
2011/03/10,4.03,4.04,3.93,3.97,17084289,183379248.00
2011/03/11,3.94,4.10,3.93,3.99,32952270,359951552.00
2011/03/14,3.97,4.02,3.90,3.99,20349264,217351872.00
2011/03/15,3.98,4.01,3.79,3.89,20345518,213214928.00
2011/03/16,3.88,4.16,3.88,4.09,45229501,494717312.00
2011/03/17,4.01,4.08,3.91,3.95,30395189,327859648.00
2011/03/18,4.00,4.06,3.97,3.98,17117938,185256944.00
2011/03/21,3.98,4.08,3.97,4.05,21159808,229715440.00
2011/03/22,4.08,4.16,3.98,4.15,37806841,415667808.00
2011/03/23,4.14,4.28,4.07,4.23,44976235,509025824.00
2011/03/24,4.23,4.27,4.15,4.16,31545551,355654624.00
2011/03/25,4.16,4.23,4.11,4.16,30125408,338238784.00
2011/03/28,4.17,4.31,4.14,4.19,49039923,558321920.00
2011/03/29,4.18,4.18,3.95,3.95,73457204,799858496.00
2011/03/30,3.92,4.01,3.84,3.95,37407842,396201280.00
2011/03/31,3.94,3.96,3.80,3.83,25390317,265914032.00
2011/04/01,3.86,3.91,3.83,3.88,21713807,227243920.00
2011/04/06,3.88,3.97,3.87,3.97,29455881,312400992.00
2011/04/07,3.99,4.03,3.95,3.99,28230816,304265472.00
2011/04/08,4.00,4.06,3.97,4.04,36516898,396860896.00
2011/04/11,4.14,4.31,4.03,4.13,106544538,1191318656.00
2011/04/12,4.09,4.25,4.06,4.14,55382626,617847936.00
2011/04/13,4.09,4.13,4.03,4.12,35886218,394924256.00
2011/04/14,4.13,4.24,4.10,4.14,42015810,471416320.00
2011/04/15,4.12,4.17,4.02,4.06,34051609,374071136.00
2011/04/18,4.04,4.09,3.95,4.02,30982013,336069568.00
2011/04/19,3.97,4.03,3.93,3.94,27726672,296594144.00
2011/04/20,3.99,4.06,3.96,4.04,23263947,251639728.00
2011/04/21,4.07,4.11,4.05,4.11,34798821,382982272.00
2011/04/22,4.12,4.14,4.02,4.03,26851198,294823200.00
2011/04/25,4.01,4.01,3.87,3.87,27635167,292383680.00
2011/04/26,3.87,3.92,3.77,3.83,20373093,211255296.00
2011/04/27,3.86,3.91,3.77,3.82,16329118,169538240.00
2011/04/28,3.80,3.86,3.63,3.65,23769526,240410768.00
2011/04/29,3.66,3.70,3.63,3.70,14469848,144418960.00
2011/05/03,3.70,3.77,3.67,3.77,15531226,156553360.00
2011/05/04,3.73,3.80,3.67,3.69,20155260,204065648.00
2011/05/05,3.65,3.68,3.53,3.57,24463649,239057712.00
2011/05/06,3.49,3.54,3.43,3.51,21286875,202545712.00
2011/05/09,3.52,3.55,3.49,3.51,14823494,142335584.00
2011/05/10,3.53,3.58,3.48,3.56,13619722,131684688.00
2011/05/11,3.60,3.69,3.59,3.61,25489252,251877136.00
2011/05/12,3.57,3.58,3.49,3.49,18985691,182777520.00
2011/05/13,3.49,3.58,3.47,3.58,17827856,170993520.00
2011/05/16,3.55,3.61,3.53,3.55,13295694,129174256.00
2011/05/17,3.56,3.67,3.48,3.61,25768313,251171968.00
2011/05/19,3.65,3.65,3.55,3.55,15379861,150351728.00
2011/05/20,3.56,3.60,3.53,3.59,10466828,101638248.00
2011/05/23,3.61,3.66,3.50,3.51,28858588,282187424.00
2011/05/24,3.48,3.52,3.38,3.52,18859467,177799296.00
2011/05/25,3.51,3.51,3.41,3.45,10589636,100185800.00
2011/05/26,3.48,3.51,3.41,3.41,11247048,106047600.00
2011/05/27,3.41,3.45,3.37,3.38,11378673,106053552.00
2011/05/31,3.34,3.40,3.28,3.39,17404401,159487408.00
2011/06/01,3.38,3.41,3.35,3.40,12129157,112241400.00
2011/06/02,3.35,3.39,3.29,3.37,13613759,124552376.00
2011/06/03,3.37,3.48,3.35,3.44,22873787,214093616.00
2011/06/07,3.43,3.47,3.41,3.47,10711061,100883712.00
2011/06/08,3.54,3.67,3.54,3.56,37266344,364522336.00
2011/06/09,3.50,3.52,3.43,3.43,18749252,178012288.00
2011/06/10,3.42,3.45,3.34,3.43,11991583,111729440.00
2011/06/13,3.40,3.54,3.36,3.49,17278830,163187936.00
2011/06/14,3.46,3.54,3.45,3.52,17001656,162649488.00
2011/06/15,3.49,3.55,3.45,3.45,11172396,106587024.00
2011/06/16,3.42,3.44,3.34,3.35,13513435,124874072.00
2011/06/17,3.34,3.38,3.29,3.32,8367618,76698272.00
2011/06/20,3.32,3.35,3.26,3.30,8720305,79044128.00
2011/06/21,3.33,3.35,3.29,3.35,7266652,66169384.00
2011/06/22,3.36,3.37,3.31,3.33,7269965,66325916.00
2011/06/23,3.32,3.40,3.28,3.39,10997919,100506456.00
2011/06/24,3.38,3.51,3.32,3.45,55157324,512358880.00
2011/06/27,3.42,3.49,3.41,3.47,28637405,267044640.00
2011/06/28,3.48,3.54,3.46,3.48,23906307,225459200.00
2011/06/29,3.48,3.51,3.42,3.43,16287528,151941472.00
2011/06/30,3.43,3.52,3.43,3.49,18964066,178478096.00
2011/07/01,3.53,3.54,3.46,3.51,25563095,241817632.00
2011/07/04,3.52,3.61,3.50,3.58,35385590,340009952.00
2011/07/05,3.58,3.58,3.52,3.55,24479887,234110160.00
2011/07/06,3.55,3.57,3.52,3.55,20290500,194110304.00
2011/07/07,3.55,3.59,3.52,3.53,23965351,229328672.00
2011/07/08,3.55,3.57,3.52,3.56,19830127,189483136.00
2011/07/11,3.54,3.56,3.49,3.52,20058954,190520160.00
2011/07/12,3.48,3.50,3.39,3.41,25241750,234127984.00
2011/07/13,3.40,3.46,3.40,3.45,22216132,206374528.00
2011/07/14,3.46,3.53,3.45,3.49,23094309,217486256.00
2011/07/15,3.48,3.55,3.45,3.53,22522762,213441504.00
2011/07/18,3.55,3.57,3.50,3.52,21892118,208542272.00
2011/07/19,3.50,3.52,3.44,3.47,18257286,170798688.00
2011/07/20,3.50,3.51,3.43,3.45,16064243,150311744.00
2011/07/21,3.47,3.47,3.39,3.40,14790759,136515392.00
2011/07/22,3.40,3.45,3.40,3.41,10510930,97189408.00
2011/07/25,3.39,3.40,3.29,3.30,19497139,176156400.00
2011/07/26,3.29,3.39,3.28,3.37,16035147,145230784.00
2011/07/27,3.35,3.63,3.35,3.57,66925150,637878272.00
2011/07/28,3.52,3.64,3.51,3.54,44552771,428356096.00
2011/07/29,3.52,3.55,3.43,3.45,25659669,240958496.00
2011/08/01,3.49,3.53,3.45,3.49,16814235,158496608.00
2011/08/02,3.46,3.46,3.34,3.40,22164134,202443808.00
2011/08/03,3.36,3.48,3.34,3.42,19958195,184415072.00
2011/08/04,3.42,3.44,3.37,3.39,16305571,149656832.00
2011/08/05,3.27,3.30,3.21,3.27,20094401,178278288.00
2011/08/08,3.23,3.25,2.95,3.04,21667701,183605824.00
2011/08/09,2.93,3.03,2.87,3.00,20386398,164751168.00
2011/08/10,3.07,3.09,3.02,3.03,14628774,122060832.00
2011/08/11,2.96,3.08,2.93,3.07,13399507,110692128.00
2011/08/12,3.10,3.15,3.08,3.10,15396523,130624184.00
2011/08/15,3.10,3.14,3.07,3.13,10238335,86713568.00
2011/08/16,3.13,3.15,3.09,3.09,9758322,82871184.00
2011/08/17,3.10,3.12,3.07,3.07,6928039,58249996.00
2011/08/18,3.09,3.10,3.01,3.02,7519700,62592712.00
2011/08/19,2.95,3.00,2.93,2.99,8773140,71199944.00
2011/08/22,3.02,3.03,2.96,2.98,7101518,58250776.00
2011/08/23,2.99,3.04,2.97,3.04,6844317,56320432.00
2011/08/24,3.06,3.08,3.01,3.01,6856916,57046512.00
2011/08/25,3.03,3.14,3.01,3.12,17452426,147146944.00
2011/08/26,3.10,3.12,3.07,3.11,12055143,101662240.00
2011/08/29,3.09,3.09,3.05,3.06,7614637,63592668.00
2011/08/30,3.09,3.12,3.03,3.05,9319050,78356768.00
2011/08/31,3.05,3.07,3.01,3.03,6042413,49996372.00
2011/09/01,3.04,3.06,3.01,3.01,4706469,38935524.00
2011/09/02,2.99,3.03,2.97,2.98,5125320,41831984.00
2011/09/05,2.96,2.96,2.92,2.94,7409156,59486816.00
2011/09/06,2.92,2.95,2.90,2.93,5577451,44674372.00
2011/09/08,3.00,3.01,2.94,2.94,9580091,77964992.00
2011/09/09,2.94,2.99,2.94,2.96,5157929,41780392.00
2011/09/13,2.93,2.93,2.88,2.91,5781100,45943408.00
2011/09/14,2.93,2.94,2.84,2.92,12824239,101349824.00
2011/09/15,2.92,2.94,2.90,2.91,8514250,68078528.00
2011/09/16,2.93,2.95,2.91,2.92,5844233,46844740.00
2011/09/19,2.90,2.90,2.83,2.85,7033327,55364224.00
2011/09/20,2.84,2.87,2.83,2.87,5486176,42926868.00
2011/09/21,2.87,2.98,2.84,2.96,12359187,99094464.00
2011/09/22,2.93,2.98,2.88,2.95,17824832,142937920.00
2011/09/23,2.88,2.94,2.87,2.93,11475098,91608080.00
2011/09/26,2.93,3.04,2.89,2.90,19245217,154656064.00
2011/09/27,2.91,2.93,2.87,2.90,11493151,91244016.00
2011/09/28,2.92,2.93,2.83,2.84,7712114,60974240.00
2011/09/29,2.83,2.84,2.76,2.77,10289634,78915976.00
2011/09/30,2.78,2.80,2.76,2.78,4546164,34688236.00
2011/10/10,2.78,2.80,2.77,2.77,4132593,31654674.00
2011/10/11,2.84,2.86,2.76,2.79,6514806,50319176.00
2011/10/12,2.77,2.88,2.75,2.87,9947599,77625152.00
2011/10/13,2.89,2.95,2.85,2.92,13945297,111130840.00
2011/10/14,2.89,2.93,2.85,2.88,8550327,67684176.00
2011/10/17,2.89,2.92,2.86,2.87,6171966,48832408.00
2011/10/18,2.85,2.87,2.77,2.77,9294520,71746072.00
2011/10/19,2.78,2.81,2.76,2.77,5947953,45458380.00
2011/10/20,2.76,2.78,2.67,2.68,7367277,54926148.00
2011/10/21,2.68,2.70,2.61,2.62,5148806,37770316.00
2011/10/24,2.65,2.69,2.59,2.69,8501768,62349424.00
2011/10/25,2.69,2.79,2.66,2.76,12469194,93904952.00
2011/10/26,2.73,2.81,2.73,2.78,12927067,98622584.00
2011/10/27,2.77,2.82,2.77,2.79,8928447,68533920.00
2011/10/28,2.83,2.87,2.83,2.85,15330258,119679488.00
2011/10/31,2.85,2.86,2.80,2.83,9128221,70820288.00
2011/11/01,2.78,2.85,2.78,2.81,10084866,77866872.00
2011/11/02,2.76,2.85,2.71,2.83,15233493,116049632.00
2011/11/03,2.83,2.92,2.83,2.85,21459645,169141712.00
2011/11/04,2.89,2.94,2.87,2.89,18172545,144308032.00
2011/11/07,2.87,2.89,2.85,2.85,10882311,85481096.00
2011/11/08,2.86,2.88,2.83,2.83,8552306,67005676.00
2011/11/09,2.85,2.87,2.82,2.87,8143573,63824924.00
2011/11/10,2.84,2.84,2.80,2.80,9969871,77230288.00
2011/11/11,2.82,2.83,2.79,2.80,5320078,41087820.00
2011/11/14,2.83,2.89,2.83,2.87,9554722,74929800.00
2011/11/15,2.87,2.87,2.85,2.87,7804131,61218960.00
2011/11/16,2.87,2.87,2.74,2.77,10126913,78216472.00
2011/11/17,2.77,2.79,2.75,2.75,7315667,55616912.00
2011/11/18,2.74,2.74,2.67,2.68,8217767,61164596.00
2011/11/21,2.69,2.69,2.66,2.67,6950201,51297264.00
2011/11/22,2.65,2.67,2.63,2.65,7895754,57743928.00
2011/11/23,2.66,2.67,2.62,2.63,6014587,43866544.00
2011/11/24,2.61,2.65,2.59,2.63,6087407,43945904.00
2011/11/25,2.61,2.67,2.61,2.63,5714418,41828012.00
2011/11/28,2.65,2.69,2.64,2.68,8192509,60370368.00
2011/11/29,2.71,2.71,2.69,2.71,7019076,52290552.00
2011/11/30,2.70,2.70,2.58,2.59,8686421,62922248.00
2011/12/01,2.67,2.72,2.66,2.68,12921283,95859080.00
2011/12/02,2.67,2.67,2.60,2.62,5534903,40226144.00
2011/12/05,2.64,2.64,2.59,2.59,5251370,37793800.00
2011/12/06,2.59,2.61,2.57,2.60,3746987,26893364.00
2011/12/07,2.60,2.61,2.59,2.61,3203988,23053760.00
2011/12/08,2.60,2.62,2.57,2.60,4427103,31771384.00
2011/12/09,2.58,2.61,2.57,2.59,3125063,22395938.00
2011/12/12,2.58,2.59,2.54,2.54,4838092,34344336.00
2011/12/13,2.53,2.53,2.43,2.44,8976343,61759700.00
2011/12/14,2.43,2.45,2.37,2.37,5199394,34920808.00
2011/12/15,2.35,2.35,2.26,2.27,8326418,53759804.00
2011/12/16,2.27,2.34,2.26,2.33,6730395,43294304.00
2011/12/19,2.31,2.33,2.25,2.32,7508654,48174944.00
2011/12/20,2.31,2.34,2.31,2.31,5683059,36920460.00
2011/12/21,2.34,2.35,2.27,2.27,4960739,32197792.00
2011/12/22,2.27,2.29,2.19,2.26,7501532,47126596.00
2011/12/23,2.26,2.31,2.24,2.27,6338022,40507764.00
2011/12/27,2.24,2.26,2.20,2.21,5167314,32312136.00
2011/12/28,2.20,2.23,2.17,2.22,4114966,25527238.00
2011/12/29,2.21,2.25,2.20,2.22,4327191,27122440.00
2011/12/30,2.24,2.27,2.22,2.25,6200266,39116672.00
2012/01/04,2.28,2.29,2.22,2.22,5714448,36267284.00
2012/01/05,2.22,2.26,2.20,2.21,6346804,39858992.00
2012/01/06,2.21,2.26,2.20,2.26,4989665,31258684.00
2012/01/09,2.26,2.38,2.24,2.36,10911506,71042920.00
2012/01/10,2.36,2.50,2.35,2.46,19159788,129096368.00
2012/01/11,2.45,2.49,2.41,2.45,14111875,96103824.00
2012/01/12,2.42,2.49,2.41,2.46,15118163,103486336.00
2012/01/13,2.45,2.47,2.36,2.38,11060912,74196744.00
2012/01/16,2.35,2.40,2.33,2.34,6262527,41385056.00
2012/01/17,2.35,2.61,2.35,2.61,30887978,217755664.00
2012/01/18,2.68,2.79,2.56,2.57,48850747,362301344.00
2012/01/19,2.53,2.63,2.50,2.62,22745835,162310896.00
2012/01/20,2.62,2.65,2.57,2.63,13979949,101175648.00
2012/01/30,2.65,2.66,2.57,2.57,12493739,90189992.00
2012/01/31,2.56,2.59,2.53,2.58,8290803,58928000.00
2012/02/01,2.58,2.59,2.49,2.51,8549751,60221680.00
2012/02/02,2.52,2.58,2.51,2.57,8758621,61848224.00
2012/02/03,2.56,2.60,2.53,2.58,9902037,70425776.00
2012/02/06,2.59,2.61,2.55,2.57,10441120,74418888.00
2012/02/07,2.54,2.56,2.47,2.52,11757526,81906408.00
2012/02/08,2.52,2.68,2.49,2.65,23639752,170826464.00
2012/02/09,2.65,2.65,2.61,2.64,19127935,139072848.00
2012/02/10,2.63,2.66,2.61,2.63,12184355,88725048.00
2012/02/13,2.59,2.65,2.57,2.63,12692531,91843696.00
2012/02/14,2.61,2.63,2.59,2.61,8148297,58689112.00
2012/02/15,2.61,2.70,2.60,2.67,22558068,166405760.00
2012/02/16,2.67,2.68,2.63,2.65,16636991,121882936.00
2012/02/17,2.68,2.68,2.63,2.66,9476485,69510848.00
2012/02/20,2.70,2.70,2.66,2.66,15198252,112320328.00
2012/02/21,2.67,2.68,2.61,2.67,11001074,80406472.00
2012/02/22,2.67,2.72,2.67,2.72,19983971,148765248.00
2012/02/23,2.71,2.73,2.67,2.71,27629507,206034144.00
2012/02/24,2.71,2.74,2.69,2.73,23336494,174565760.00
2012/02/27,2.78,3.03,2.78,2.87,69491551,553305920.00
2012/02/28,2.87,2.91,2.85,2.89,26711924,210985712.00
2012/02/29,2.87,2.95,2.85,2.87,25476632,202709488.00
2012/03/01,2.85,2.91,2.83,2.87,17172273,135376144.00
2012/03/02,2.87,2.93,2.87,2.91,18829566,149749200.00
2012/03/05,2.92,3.01,2.92,2.96,30317218,245411120.00
2012/03/06,2.96,3.02,2.91,2.93,26350511,212750752.00
2012/03/07,2.89,2.94,2.83,2.86,19827280,156476288.00
2012/03/08,2.87,2.94,2.87,2.91,15653245,124623736.00
2012/03/09,2.91,2.95,2.89,2.92,15467889,123554440.00
2012/03/12,2.93,2.95,2.89,2.91,13337007,106510192.00
2012/03/13,2.91,2.92,2.87,2.91,14963465,118597256.00
2012/03/14,2.92,2.95,2.73,2.77,30971141,243913216.00
2012/03/16,2.76,2.81,2.72,2.79,17218448,131177984.00
2012/03/19,2.78,2.82,2.76,2.82,11891338,91224280.00
2012/03/20,2.82,2.83,2.73,2.73,11781807,89608016.00
2012/03/21,2.77,2.93,2.75,2.83,30195353,235622096.00
2012/03/22,2.80,2.82,2.75,2.77,12407579,94572672.00
2012/03/23,2.76,2.78,2.67,2.70,12162141,91400912.00
2012/03/26,2.69,2.74,2.69,2.71,6548282,48910840.00
2012/03/27,2.73,2.77,2.69,2.70,7774490,58436908.00
2012/03/28,2.69,2.69,2.59,2.60,11224973,81779200.00
2012/03/29,2.59,2.59,2.50,2.52,10638985,74985584.00
2012/03/30,2.54,2.55,2.50,2.52,6057082,42397524.00
2012/04/05,2.53,2.61,2.53,2.60,9327050,66285476.00
2012/04/06,2.59,2.61,2.57,2.60,6700625,48050572.00
2012/04/09,2.59,2.61,2.57,2.58,5405261,38755548.00
2012/04/10,2.58,2.61,2.52,2.60,7578783,53868896.00
2012/04/11,2.58,2.64,2.57,2.61,6080997,43267624.00
2012/04/12,2.62,2.69,2.61,2.69,11751227,85151176.00
2012/04/13,2.70,2.71,2.68,2.70,9595363,70482672.00
2012/04/16,2.68,2.73,2.67,2.71,6369159,46854028.00
2012/04/17,2.71,2.72,2.66,2.66,6494472,47480652.00
2012/04/18,2.68,2.75,2.67,2.75,12430241,91769376.00
2012/04/19,2.74,2.76,2.72,2.76,10807683,80677088.00
2012/04/20,2.75,2.84,2.74,2.80,14195297,107904576.00
2012/04/23,2.83,2.85,2.77,2.81,12848014,97993816.00
2012/04/24,2.79,2.83,2.69,2.77,12842854,96371896.00
2012/04/25,2.77,2.81,2.73,2.79,10450648,78775864.00
2012/04/26,2.79,2.95,2.76,2.89,42617914,333426272.00
2012/04/27,2.88,2.89,2.82,2.84,16898077,130444936.00
2012/05/02,2.88,2.96,2.86,2.92,32712775,258396208.00
2012/05/03,2.93,2.98,2.89,2.92,23805609,189124992.00
2012/05/04,2.92,2.94,2.86,2.90,19072385,149039824.00
2012/05/07,2.87,2.97,2.86,2.93,20642625,163108272.00
2012/05/08,2.92,2.92,2.87,2.91,16547620,129508016.00
2012/05/09,2.87,2.87,2.81,2.81,13416061,103263520.00
2012/05/10,2.81,2.84,2.80,2.81,8324447,63483220.00
2012/05/11,2.81,2.83,2.77,2.77,10186641,77205728.00
2012/05/14,2.80,2.81,2.75,2.75,7627681,57598928.00
2012/05/15,2.73,2.78,2.72,2.77,8243262,61567492.00
2012/05/16,2.76,2.76,2.69,2.70,8299693,61379768.00
2012/05/17,2.71,2.77,2.69,2.76,6900351,51219856.00
2012/05/18,2.73,2.74,2.69,2.69,6589172,48565096.00
2012/05/21,2.69,2.74,2.67,2.71,5272901,38832344.00
2012/05/22,2.73,2.77,2.72,2.75,6736284,50303752.00
2012/05/23,2.74,2.75,2.71,2.72,6173644,45790064.00
2012/05/24,2.72,2.74,2.69,2.70,5233815,38643044.00
2012/05/25,2.70,2.73,2.68,2.69,5365219,39379648.00
2012/05/28,2.68,2.75,2.65,2.75,10560620,77759200.00
2012/05/29,2.75,2.81,2.73,2.79,13755515,103781472.00
2012/05/30,2.77,2.79,2.76,2.77,7797704,58720788.00
2012/05/31,2.74,2.79,2.73,2.76,7022240,52617852.00
2012/06/01,2.78,2.81,2.75,2.76,6826321,51525308.00
2012/06/05,2.66,2.70,2.63,2.65,9175284,66411900.00
2012/06/06,2.65,2.68,2.63,2.63,5542223,40074740.00
2012/06/07,2.67,2.69,2.59,2.59,5690459,40920644.00
2012/06/08,2.63,2.63,2.59,2.59,4697613,33440564.00
2012/06/11,2.61,2.65,2.60,2.63,3884458,27808582.00
2012/06/12,2.61,2.64,2.60,2.61,4019063,28746350.00
2012/06/13,2.63,2.65,2.61,2.65,4219551,30306612.00
2012/06/14,2.64,2.67,2.61,2.62,5679157,40888576.00
2012/06/15,2.63,2.65,2.61,2.63,4115872,29539454.00
2012/06/18,2.66,2.67,2.61,2.66,5081556,36776768.00
2012/06/19,2.66,2.66,2.61,2.62,3861625,27691596.00
2012/06/20,2.63,2.65,2.61,2.63,3923716,28139068.00
2012/06/21,2.62,2.63,2.57,2.57,5956511,42130432.00
2012/06/25,2.57,2.58,2.45,2.46,7007120,48453024.00
2012/06/26,2.46,2.46,2.40,2.43,10543090,70294512.00
2012/06/27,2.43,2.45,2.40,2.40,4256800,28366520.00
2012/06/28,2.41,2.43,2.39,2.39,4172027,27609596.00
2012/06/29,2.39,2.46,2.37,2.44,5411372,35987016.00
2012/07/02,2.47,2.47,2.42,2.44,5166019,34666776.00
2012/07/03,2.45,2.47,2.43,2.44,3903890,26273380.00
2012/07/04,2.45,2.48,2.43,2.47,4775741,32150474.00
2012/07/05,2.45,2.46,2.40,2.42,4272132,28415364.00
2012/07/06,2.44,2.51,2.41,2.49,7329574,49476672.00
2012/07/09,2.45,2.47,2.37,2.37,6426452,42840240.00
2012/07/10,2.37,2.40,2.37,2.39,3010008,19729636.00
2012/07/11,2.39,2.47,2.38,2.45,5493578,36663644.00
2012/07/12,2.43,2.53,2.40,2.49,10296633,69927920.00
2012/07/13,2.47,2.50,2.46,2.46,4507509,30670936.00
2012/07/16,2.48,2.49,2.39,2.39,4531876,30197928.00
2012/07/17,2.41,2.42,2.38,2.41,5706050,37652324.00
2012/07/18,2.39,2.41,2.37,2.41,4542726,29924204.00
2012/07/19,2.41,2.46,2.40,2.44,5753559,38454592.00
2012/07/20,2.43,2.44,2.41,2.41,3400076,22624532.00
2012/07/23,2.40,2.43,2.37,2.40,3072437,20244954.00
2012/07/24,2.40,2.43,2.38,2.41,2687445,17765768.00
2012/07/25,2.41,2.44,2.39,2.40,2976844,19730938.00
2012/07/26,2.40,2.45,2.38,2.41,5206320,34596800.00
2012/07/27,2.42,2.44,2.41,2.43,4428855,29514628.00
2012/07/30,2.43,2.46,2.42,2.42,6231681,41826064.00
2012/07/31,2.42,2.44,2.39,2.40,4347384,28765168.00
2012/08/01,2.40,2.47,2.39,2.44,5099692,34147176.00
2012/08/02,2.44,2.47,2.41,2.43,5676286,38087400.00
2012/08/03,2.43,2.47,2.43,2.46,6457353,43530756.00
2012/08/06,2.46,2.52,2.45,2.51,8059188,55019360.00
2012/08/07,2.52,2.52,2.48,2.51,6341469,43474528.00
2012/08/08,2.51,2.57,2.49,2.53,8104518,56151480.00
2012/08/09,2.52,2.54,2.49,2.53,5758642,39694688.00
2012/08/10,2.52,2.57,2.51,2.54,5967875,41516776.00
2012/08/13,2.52,2.53,2.49,2.49,6669573,45709404.00
2012/08/14,2.49,2.51,2.45,2.50,4967714,33712412.00
2012/08/15,2.48,2.50,2.45,2.46,2823322,19097860.00
2012/08/16,2.46,2.47,2.43,2.44,3279818,22046244.00
2012/08/17,2.44,2.46,2.41,2.45,3559002,23793180.00
2012/08/20,2.44,2.45,2.38,2.44,4153409,27514480.00
2012/08/21,2.42,2.46,2.42,2.45,3914611,26306024.00
2012/08/22,2.45,2.46,2.41,2.41,3670682,24498356.00
2012/08/23,2.41,2.47,2.41,2.44,4217574,28276950.00
2012/08/24,2.43,2.43,2.39,2.39,3652023,24158184.00
2012/08/27,2.37,2.40,2.37,2.37,4342595,28410360.00
2012/08/28,2.37,2.40,2.37,2.39,2940244,19273438.00
2012/08/29,2.38,2.40,2.34,2.34,3781208,24622880.00
2012/08/30,2.35,2.36,2.25,2.29,6714843,42463580.00
2012/08/31,2.28,2.31,2.28,2.29,2916415,18462870.00
2012/09/03,2.28,2.32,2.28,2.31,4374438,27768536.00
2012/09/04,2.30,2.31,2.25,2.26,4007732,25199090.00
2012/09/05,2.26,2.31,2.26,2.30,4455446,28141044.00
2012/09/06,2.32,2.33,2.29,2.33,3546933,22646204.00
2012/09/07,2.35,2.50,2.35,2.43,17422704,116094288.00
2012/09/10,2.44,2.49,2.43,2.46,9501961,64072576.00
2012/09/11,2.43,2.45,2.40,2.44,6291343,41812660.00
2012/09/12,2.46,2.55,2.44,2.50,17487585,118984168.00
2012/09/13,2.50,2.50,2.43,2.44,6892681,46515944.00
2012/09/14,2.51,2.54,2.46,2.47,11142131,76014560.00
2012/09/17,2.48,2.49,2.39,2.40,7450117,49869456.00
2012/09/18,2.39,2.39,2.33,2.34,5455025,35313636.00
2012/09/19,2.34,2.45,2.34,2.43,14251596,94404368.00
2012/09/20,2.45,2.46,2.36,2.37,6394308,42216756.00
2012/09/21,2.35,2.49,2.34,2.44,13991478,93797224.00
2012/09/24,2.42,2.47,2.39,2.46,8008250,53440608.00
2012/09/25,2.47,2.48,2.40,2.42,5008551,33492280.00
2012/09/26,2.42,2.43,2.36,2.37,3933335,25780492.00
2012/09/27,2.37,2.47,2.37,2.43,8380963,55979224.00
2012/09/28,2.43,2.48,2.41,2.46,11400306,76541992.00
2012/10/08,2.46,2.47,2.42,2.44,5339668,35765496.00
2012/10/09,2.45,2.52,2.44,2.50,12128540,82739208.00
2012/10/10,2.49,2.52,2.48,2.51,8256468,56554392.00
2012/10/11,2.52,2.56,2.47,2.50,17092734,118003728.00
2012/10/12,2.52,2.55,2.47,2.51,10979384,75422112.00
2012/10/15,2.51,2.52,2.44,2.48,16698818,113353296.00
2012/10/16,2.36,2.39,2.33,2.37,25685699,166883248.00
2012/10/17,2.37,2.37,2.34,2.37,6893925,44758988.00
2012/10/18,2.37,2.41,2.37,2.40,8399271,55173976.00
2012/10/19,2.40,2.40,2.38,2.40,8111298,53378104.00
2012/10/22,2.38,2.39,2.37,2.39,4791919,31332012.00
2012/10/23,2.39,2.40,2.37,2.38,4469103,29290726.00
2012/10/24,2.37,2.39,2.35,2.38,4028258,26307314.00
2012/10/25,2.39,2.41,2.37,2.37,5252474,34492136.00
2012/10/26,2.38,2.39,2.32,2.32,6909870,44483084.00
2012/10/29,2.32,2.32,2.30,2.30,3813306,24248628.00
2012/10/30,2.31,2.34,2.31,2.33,3387077,21691732.00
2012/10/31,2.33,2.35,2.31,2.34,4177865,26813476.00
2012/11/01,2.33,2.39,2.33,2.37,6487096,42272584.00
2012/11/02,2.37,2.38,2.36,2.37,3663577,23885296.00
2012/11/05,2.37,2.39,2.36,2.38,5706935,37250344.00
2012/11/06,2.37,2.39,2.35,2.37,5436691,35400504.00
2012/11/07,2.37,2.40,2.36,2.39,4601885,30177172.00
2012/11/08,2.37,2.38,2.33,2.33,6592762,42787904.00
2012/11/09,2.33,2.34,2.29,2.31,6393855,40881584.00
2012/11/12,2.31,2.35,2.30,2.35,4182356,26726804.00
2012/11/13,2.33,2.34,2.29,2.29,5175509,32931784.00
2012/11/14,2.29,2.43,2.29,2.34,8266096,53594756.00
2012/11/15,2.33,2.35,2.27,2.30,5642175,35933028.00
2012/11/16,2.30,2.31,2.27,2.28,4007607,25296828.00
2012/11/19,2.28,2.29,2.25,2.28,3932131,24643024.00
2012/11/20,2.30,2.30,2.25,2.25,3916195,24540192.00
2012/11/21,2.27,2.31,2.25,2.30,3674393,23097964.00
2012/11/22,2.29,2.29,2.26,2.27,3078483,19350818.00
2012/11/23,2.27,2.30,2.27,2.29,2998031,18900056.00
2012/11/26,2.28,2.29,2.27,2.28,2384149,15006042.00
2012/11/27,2.28,2.28,2.25,2.25,3272234,20432752.00
2012/11/28,2.24,2.24,2.20,2.21,3147348,19335032.00
2012/11/29,2.21,2.24,2.21,2.21,2340563,14364377.00
2012/11/30,2.21,2.25,2.21,2.23,3780318,23322914.00
2012/12/03,2.24,2.25,2.20,2.21,2974988,18350616.00
2012/12/04,2.21,2.25,2.21,2.24,4172150,25714120.00
2012/12/05,2.24,2.33,2.23,2.32,8802791,55802392.00
2012/12/06,2.31,2.33,2.29,2.29,4768627,30327932.00
2012/12/07,2.30,2.35,2.29,2.33,9738417,62423120.00
2012/12/10,2.34,2.39,2.33,2.38,15630906,101837184.00
2012/12/11,2.37,2.39,2.34,2.36,8665895,56439360.00
2012/12/12,2.36,2.37,2.34,2.36,6881325,44639096.00
2012/12/13,2.36,2.37,2.32,2.33,5884490,37900760.00
2012/12/14,2.33,2.44,2.32,2.43,18529077,122312104.00
2012/12/17,2.43,2.49,2.41,2.43,19652401,132112944.00
2012/12/18,2.43,2.48,2.41,2.42,12633115,84642552.00
2012/12/19,2.42,2.44,2.41,2.43,7297482,48598840.00
2012/12/20,2.42,2.46,2.41,2.45,11008745,73427304.00
2012/12/21,2.44,2.46,2.41,2.43,10684825,71376384.00
2012/12/24,2.43,2.45,2.43,2.43,5375682,35945872.00
2012/12/25,2.43,2.50,2.41,2.48,16639011,112679880.00
2012/12/26,2.48,2.50,2.47,2.49,12513694,85068320.00
2012/12/27,2.50,2.51,2.45,2.45,11001890,74427704.00
2012/12/28,2.46,2.49,2.45,2.47,10851637,73353912.00
2012/12/31,2.47,2.51,2.46,2.49,15008577,102229464.00
2013/01/04,2.51,2.55,2.49,2.51,24024208,165604944.00
2013/01/07,2.50,2.51,2.46,2.49,18299634,124589224.00
2013/01/08,2.49,2.57,2.46,2.54,20437852,140329504.00
2013/01/09,2.53,2.61,2.52,2.58,26574571,186906416.00
2013/01/10,2.67,2.68,2.56,2.59,33482952,238385312.00
2013/01/11,2.62,2.62,2.48,2.50,22671757,157408880.00
2013/01/14,2.48,2.58,2.47,2.56,14728309,102064936.00
2013/01/15,2.56,2.59,2.55,2.58,15471103,108867664.00
2013/01/16,2.58,2.63,2.53,2.57,19105354,134695856.00
2013/01/17,2.59,2.59,2.51,2.52,13093439,90694440.00
2013/01/18,2.53,2.57,2.52,2.56,12204769,84947208.00
2013/01/21,2.57,2.59,2.56,2.58,12874849,90454896.00
2013/01/22,2.58,2.61,2.55,2.56,16534025,116388432.00
2013/01/23,2.57,2.59,2.54,2.56,11434247,80014952.00
2013/01/24,2.57,2.60,2.50,2.52,17018323,119183128.00
2013/01/25,2.53,2.56,2.52,2.53,8198061,56868736.00
2013/01/28,2.54,2.59,2.53,2.58,11910272,83443576.00
2013/01/29,2.63,2.65,2.59,2.61,19374911,138299040.00
2013/01/30,2.59,2.62,2.59,2.61,13025559,92517408.00
2013/01/31,2.62,2.67,2.61,2.63,21236650,152691376.00
2013/02/01,2.62,2.63,2.59,2.62,12723842,90693640.00
2013/02/04,2.65,2.75,2.62,2.71,32839949,240351680.00
2013/02/05,2.69,2.74,2.68,2.71,23058101,169600672.00
2013/02/06,2.71,2.72,2.67,2.68,11191064,81992592.00
2013/02/07,2.67,2.71,2.65,2.70,15133835,110730144.00
2013/02/08,2.71,2.73,2.69,2.71,14466294,106680248.00
2013/02/18,2.72,2.73,2.65,2.66,13229343,96686600.00
2013/02/19,2.66,2.67,2.61,2.63,13939295,100202368.00
2013/02/20,2.63,2.66,2.62,2.65,9205801,66179828.00
2013/02/21,2.63,2.63,2.54,2.56,16469094,115661032.00
2013/02/22,2.55,2.58,2.54,2.55,10923259,76203200.00
2013/02/25,2.55,2.56,2.53,2.54,8965417,62326900.00
2013/02/26,2.52,2.55,2.48,2.49,10529847,72590344.00
2013/02/27,2.50,2.53,2.48,2.50,9632576,65893720.00
2013/02/28,2.51,2.55,2.50,2.55,9474488,65489360.00
2013/03/01,2.55,2.55,2.50,2.53,10353627,71367504.00
2013/03/04,2.50,2.50,2.40,2.41,20164336,134694816.00
2013/03/05,2.41,2.44,2.40,2.43,13811793,91802936.00
2013/03/06,2.44,2.46,2.43,2.45,10354399,69389880.00
2013/03/07,2.44,2.49,2.43,2.45,11337609,76229664.00
2013/03/08,2.46,2.47,2.43,2.44,6664868,44680356.00
2013/03/11,2.43,2.45,2.42,2.44,5988880,40035020.00
2013/03/12,2.44,2.48,2.40,2.42,10073009,67349376.00
2013/03/13,2.42,2.43,2.37,2.39,7644343,50405468.00
2013/03/14,2.38,2.40,2.36,2.38,4111162,26926346.00
2013/03/15,2.38,2.43,2.35,2.37,11815463,77563128.00
2013/03/18,2.37,2.38,2.35,2.36,5447930,35429412.00
2013/03/19,2.36,2.39,2.35,2.39,5404792,35323896.00
2013/03/20,2.36,2.41,2.35,2.41,19759140,129604224.00
2013/03/21,2.40,2.41,2.38,2.40,13625589,89811432.00
2013/03/22,2.39,2.40,2.37,2.38,11007784,71954312.00
2013/03/25,2.39,2.39,2.36,2.37,11103557,72421376.00
2013/03/26,2.36,2.39,2.34,2.35,11832068,76822544.00
2013/03/27,2.35,2.37,2.35,2.36,8177102,53105572.00
2013/03/28,2.35,2.35,2.29,2.29,11331293,72124960.00
2013/03/29,2.31,2.31,2.27,2.30,6516938,41203348.00
2013/04/01,2.30,2.30,2.28,2.28,5541365,35000532.00
2013/04/02,2.29,2.31,2.28,2.29,6085018,38464492.00
2013/04/03,2.29,2.32,2.29,2.30,6767656,42944652.00
2013/04/08,2.28,2.28,2.25,2.27,6648365,41612300.00
2013/04/09,2.29,2.30,2.28,2.30,6503522,41116076.00
2013/04/10,2.31,2.41,2.29,2.37,25135436,163807072.00
2013/04/11,2.35,2.35,2.31,2.34,11577636,74453696.00
2013/04/12,2.34,2.34,2.28,2.29,8608831,54618124.00
2013/04/15,2.27,2.28,2.25,2.25,7824277,48848844.00
2013/04/16,2.25,2.29,2.23,2.28,8366296,52104276.00
2013/04/17,2.28,2.28,2.25,2.26,5751986,35962176.00
2013/04/18,2.24,2.28,2.23,2.26,3503880,21876916.00
2013/04/19,2.27,2.31,2.27,2.30,8570587,54234480.00
2013/04/22,2.29,2.31,2.28,2.31,6721500,42652240.00
2013/04/23,2.31,2.31,2.25,2.25,7873837,49405736.00
2013/04/24,2.26,2.29,2.25,2.28,5674147,35574632.00
2013/04/25,2.28,2.28,2.24,2.25,6711052,41850560.00
2013/04/26,2.27,2.27,2.21,2.22,7653651,47332240.00
2013/05/02,2.20,2.21,2.18,2.20,6424722,38979344.00
2013/05/03,2.20,2.24,2.19,2.22,5441106,33455322.00
2013/05/06,2.24,2.25,2.22,2.25,6753134,41864588.00
2013/05/07,2.25,2.27,2.22,2.25,7076434,43913456.00
2013/05/08,2.27,2.27,2.25,2.25,6727068,42011900.00
2013/05/09,2.25,2.27,2.23,2.24,7550049,46946000.00
2013/05/10,2.23,2.26,2.23,2.25,6049934,37625608.00
2013/05/13,2.27,2.27,2.24,2.25,4592123,28569632.00
2013/05/14,2.25,2.27,2.21,2.27,11348110,70188376.00
2013/05/15,2.25,2.27,2.23,2.26,8582622,53389888.00
2013/05/16,2.25,2.28,2.24,2.27,13533623,84702096.00
2013/05/17,2.27,2.31,2.26,2.30,12318429,77772752.00
2013/05/20,2.30,2.32,2.29,2.31,10531840,67059952.00
2013/05/21,2.31,2.33,2.30,2.32,10629417,67797904.00
2013/05/22,2.33,2.34,2.31,2.32,8058616,50600316.00
2013/05/23,2.33,2.33,2.29,2.29,8944983,55802484.00
2013/05/24,2.29,2.31,2.28,2.30,6728609,41816200.00
2013/05/27,2.30,2.31,2.29,2.29,8120988,50439836.00
2013/05/28,2.30,2.32,2.26,2.32,15120167,93741168.00
2013/05/29,2.31,2.33,2.31,2.32,12019704,75393960.00
2013/05/30,2.32,2.32,2.30,2.31,8641556,53981896.00
2013/05/31,2.33,2.33,2.30,2.31,10236545,64199312.00
2013/06/03,2.30,2.31,2.29,2.31,7552232,47130792.00
2013/06/04,2.31,2.31,2.28,2.29,9682552,60090260.00
2013/06/05,2.29,2.30,2.27,2.29,6729593,41663188.00
2013/06/06,2.28,2.29,2.23,2.24,9015877,55221332.00
2013/06/07,2.25,2.25,2.18,2.19,11147326,66896912.00
2013/06/13,2.18,2.18,2.06,2.07,11474689,65857928.00
2013/06/14,2.08,2.09,2.06,2.07,7072832,40046940.00
2013/06/17,2.07,2.08,2.02,2.05,8634645,48342768.00
2013/06/18,2.06,2.07,2.03,2.05,5169726,28928312.00
2013/06/19,2.04,2.04,1.98,2.01,10669624,58674756.00
2013/06/20,2.00,2.00,1.91,1.92,10705470,57501360.00
2013/06/21,1.89,1.90,1.86,1.89,10048430,52046732.00
2013/06/24,1.88,1.88,1.74,1.75,13557304,67829776.00
2013/06/25,1.74,1.76,1.60,1.69,19333114,89684464.00
2013/06/26,1.69,1.74,1.66,1.69,13154820,61869156.00
2013/06/27,1.70,1.74,1.67,1.69,11803433,55898692.00
2013/06/28,1.68,1.73,1.64,1.69,9646404,45137848.00
2013/07/01,1.68,1.72,1.65,1.69,9555517,44678440.00
2013/07/02,1.69,1.71,1.66,1.68,7257414,33862564.00
2013/07/03,1.67,1.67,1.63,1.64,9349935,43054496.00
2013/07/04,1.63,1.70,1.63,1.67,17781401,82786352.00
2013/07/05,1.68,1.72,1.67,1.70,20383298,95949472.00
2013/07/08,1.66,1.67,1.61,1.61,10929894,49922048.00
2013/07/09,1.62,1.66,1.62,1.64,11467584,52469712.00
2013/07/10,1.64,1.70,1.62,1.69,11418083,52987696.00
2013/07/11,1.70,1.79,1.70,1.76,22593675,109320560.00
2013/07/12,1.75,1.77,1.71,1.72,14470323,70022824.00
2013/07/15,1.72,1.77,1.72,1.74,10798900,52116424.00
2013/07/16,1.73,1.75,1.71,1.75,11271034,54059276.00
2013/07/17,1.74,1.77,1.71,1.72,12118034,58592788.00
2013/07/18,1.72,1.74,1.67,1.68,8663301,40766176.00
2013/07/19,1.68,1.70,1.63,1.63,9868326,45836744.00
2013/07/22,1.63,1.65,1.61,1.65,6097878,27760708.00
2013/07/23,1.65,1.71,1.65,1.70,12287986,57887856.00
2013/07/24,1.70,1.71,1.66,1.69,9697243,45356112.00
2013/07/25,1.71,1.72,1.67,1.68,6477118,30473104.00
2013/07/26,1.66,1.68,1.65,1.66,5432926,25161658.00
2013/07/29,1.65,1.65,1.62,1.63,5804786,26472412.00
2013/07/30,1.63,1.67,1.62,1.65,5716812,26251490.00
2013/07/31,1.65,1.68,1.63,1.64,4687587,21609564.00
2013/08/01,1.65,1.68,1.64,1.67,9926718,46063240.00
2013/08/02,1.68,1.73,1.67,1.69,14864490,70319272.00
2013/08/05,1.69,1.71,1.68,1.71,8600506,40584036.00
2013/08/06,1.70,1.73,1.69,1.73,9559083,45537264.00
2013/08/07,1.72,1.73,1.71,1.71,9216577,44038516.00
2013/08/08,1.72,1.74,1.71,1.73,9107331,43637088.00
2013/08/09,1.73,1.79,1.73,1.79,22020966,107632376.00
2013/08/12,1.78,1.84,1.77,1.83,24499658,122723648.00
2013/08/13,1.83,1.89,1.83,1.86,25847984,132994800.00
2013/08/14,1.86,1.88,1.82,1.83,18425149,93868320.00
2013/08/15,1.84,1.85,1.79,1.80,11687372,58726436.00
2013/08/16,1.79,1.87,1.77,1.79,18613921,93295672.00
2013/08/19,1.78,1.83,1.77,1.82,8222128,40990280.00
2013/08/20,1.82,1.83,1.78,1.79,8521393,42449316.00
2013/08/21,1.78,1.83,1.78,1.82,9420384,47094104.00
2013/08/22,1.81,1.84,1.80,1.82,9873646,49694120.00
2013/08/23,1.83,1.85,1.77,1.81,10520494,52548224.00
2013/08/26,1.81,1.84,1.80,1.84,13050541,66033036.00
2013/08/27,1.84,1.85,1.83,1.85,10241618,52036408.00
2013/08/28,1.84,1.87,1.83,1.86,15852609,80878216.00
2013/08/29,1.85,1.86,1.81,1.83,12140551,61477392.00
2013/08/30,1.83,1.86,1.81,1.83,15107361,76601392.00
2013/09/02,1.82,1.84,1.81,1.83,9470812,47747952.00
2013/09/03,1.83,1.87,1.83,1.86,16540496,84460272.00
2013/09/04,1.85,1.87,1.84,1.87,10221783,52314032.00
2013/09/05,1.86,1.87,1.84,1.85,9616816,49189528.00
2013/09/06,1.85,1.86,1.83,1.85,11324588,57616056.00
2013/09/09,1.86,1.96,1.85,1.93,28996075,152160912.00
2013/09/10,1.93,2.03,1.91,1.99,29300062,158770336.00
2013/09/11,2.00,2.13,2.00,2.03,37009513,209070832.00
2013/09/12,2.04,2.05,2.00,2.02,18455467,101915984.00
2013/09/13,2.01,2.04,1.97,1.98,13637401,74717440.00
2013/09/16,1.98,2.00,1.95,1.99,12684910,68536560.00
2013/09/17,1.99,1.99,1.91,1.92,14185607,75956824.00
2013/09/18,1.93,1.97,1.91,1.96,9832754,52513136.00
2013/09/23,1.96,2.00,1.95,1.99,8961820,48726408.00
2013/09/24,1.99,2.01,1.96,1.97,9909339,53739400.00
2013/09/25,1.97,2.07,1.96,2.01,25396129,140635200.00
2013/09/26,1.99,2.02,1.93,1.93,15008378,80410984.00
2013/09/27,1.92,2.04,1.92,1.97,19997271,109043984.00
2013/09/30,1.98,2.00,1.95,1.96,9708902,52114016.00
2013/10/08,1.95,1.98,1.93,1.98,12826697,68609128.00
2013/10/09,1.97,1.97,1.95,1.96,9333668,50090968.00
2013/10/10,1.96,2.03,1.93,1.98,20509357,111076288.00
2013/10/11,1.98,2.04,1.98,2.02,20372904,112423888.00
2013/10/14,2.02,2.06,2.01,2.05,18487307,102766224.00
2013/10/15,2.03,2.07,2.01,2.06,16970014,94808088.00
2013/10/16,2.06,2.08,2.00,2.03,19499268,108580728.00
2013/10/17,2.04,2.07,2.01,2.01,16303741,90782584.00
2013/10/18,2.00,2.03,1.98,1.99,9491627,51925440.00
2013/10/21,1.98,2.03,1.97,2.01,11192603,61300892.00
2013/10/22,2.01,2.03,1.99,2.01,11139779,61335356.00
2013/10/23,2.03,2.03,1.93,1.93,19038326,103335512.00
2013/10/24,1.93,1.94,1.90,1.90,8913982,46931168.00
2013/10/25,1.90,1.92,1.87,1.88,8476315,44131732.00
2013/10/28,1.89,1.91,1.88,1.90,4980204,25956004.00
2013/10/29,1.90,1.94,1.82,1.85,11137549,57541872.00
2013/10/30,1.87,1.92,1.87,1.89,10541138,54855968.00
2013/10/31,1.88,1.89,1.86,1.88,6853425,35439420.00
2013/11/01,1.89,1.90,1.87,1.89,5183448,26901130.00
2013/11/04,1.90,1.91,1.88,1.89,6479098,33751020.00
2013/11/05,1.88,1.91,1.86,1.91,6228124,32377948.00
2013/11/06,1.90,1.92,1.88,1.88,6424115,33560472.00
2013/11/07,1.88,1.89,1.85,1.85,6367450,32632616.00
2013/11/08,1.85,1.86,1.83,1.83,5064664,25720976.00
2013/11/11,1.83,1.85,1.82,1.83,3432269,17338042.00
2013/11/12,1.84,1.85,1.83,1.85,3590343,18269300.00
2013/11/13,1.83,1.84,1.80,1.80,5684001,28520458.00
2013/11/14,1.81,1.82,1.79,1.81,4202487,20941796.00
2013/11/15,1.81,1.86,1.81,1.84,9739899,49549568.00
2013/11/18,1.84,1.90,1.84,1.90,9678383,49868744.00
2013/11/19,1.90,1.94,1.87,1.92,14129866,74158280.00
2013/11/20,1.92,1.93,1.89,1.91,9216230,48230372.00
2013/11/21,1.90,1.90,1.88,1.89,8759733,45493648.00
2013/11/22,1.89,1.91,1.88,1.88,7286052,37876152.00
2013/11/25,1.88,1.90,1.87,1.87,6361871,32964256.00
2013/11/26,1.88,1.89,1.87,1.87,4622342,23858048.00
2013/11/27,1.88,1.91,1.87,1.89,7970829,41387640.00
2013/11/28,1.89,1.94,1.88,1.92,17115200,90111248.00
2013/11/29,1.92,1.92,1.90,1.91,8272852,43461688.00
2013/12/02,1.89,1.92,1.86,1.87,12806443,66483256.00
2013/12/03,1.93,2.00,1.93,1.99,35892517,194631696.00
2013/12/04,1.97,2.01,1.96,2.00,25055452,136430400.00
2013/12/05,2.00,2.01,1.98,1.99,11321590,61854464.00
2013/12/06,1.99,2.02,1.99,2.00,9803004,53716436.00
2013/12/09,2.00,2.02,1.98,1.98,7413922,40499800.00
2013/12/10,1.99,2.01,1.97,1.98,9499781,51680972.00
2013/12/11,1.98,1.98,1.92,1.93,9803703,52337760.00
2013/12/12,1.93,1.95,1.93,1.94,4865736,25959076.00
2013/12/13,1.92,1.95,1.92,1.93,6656704,35297940.00
2013/12/16,1.93,1.94,1.89,1.89,6957119,36431884.00
2013/12/17,1.89,1.90,1.87,1.88,5116266,26515872.00
2013/12/18,1.88,1.89,1.87,1.89,3352267,17374568.00
2013/12/19,1.89,1.91,1.87,1.88,4527520,23543724.00
2013/12/20,1.89,1.89,1.82,1.83,7425791,38015284.00
2013/12/23,1.83,1.85,1.81,1.84,5080071,25679644.00
2013/12/24,1.84,1.86,1.82,1.85,4860933,24710124.00
2013/12/25,1.85,1.87,1.84,1.86,4165548,21332144.00
2013/12/26,1.86,1.87,1.83,1.85,6422758,32580208.00
2013/12/27,1.85,1.89,1.83,1.87,9317777,47933480.00
2013/12/30,1.89,1.91,1.87,1.89,5983203,31086858.00
2013/12/31,1.87,1.91,1.87,1.89,5133114,26760130.00
2014/01/02,1.89,1.89,1.85,1.86,8564603,43981080.00
2014/01/03,1.85,1.86,1.81,1.83,7818692,39579740.00
2014/01/06,1.82,1.82,1.75,1.75,7687505,37829348.00
2014/01/07,1.75,1.77,1.74,1.76,5444546,26435800.00
2014/01/08,1.77,1.77,1.74,1.75,4417770,21445208.00
2014/01/09,1.74,1.76,1.72,1.73,5222129,25228020.00
2014/01/10,1.72,1.75,1.70,1.72,6607043,31576740.00
2014/01/13,1.74,1.81,1.73,1.77,11717758,57655580.00
2014/01/14,1.75,1.77,1.72,1.76,6507919,31451108.00
2014/01/15,1.76,1.76,1.73,1.76,4784105,23183376.00
2014/01/16,1.75,1.79,1.74,1.78,7402967,36339000.00
2014/01/17,1.77,1.77,1.74,1.75,4601320,22364492.00
2014/01/20,1.75,1.76,1.74,1.76,3074549,14940894.00
2014/01/21,1.76,1.80,1.76,1.80,5303500,26175044.00
2014/01/22,1.80,1.85,1.80,1.84,7786785,39402592.00
2014/01/23,1.84,1.85,1.82,1.83,4727599,23901804.00
2014/01/24,1.82,1.85,1.81,1.83,6233898,31513324.00
2014/01/27,1.82,1.83,1.79,1.79,5299987,26418276.00
2014/01/28,1.80,1.82,1.80,1.81,3666481,18319630.00
2014/01/29,1.81,1.82,1.80,1.81,3493672,17484900.00
2014/01/30,1.81,1.81,1.77,1.79,4265012,21169836.00
2014/02/07,1.77,1.80,1.77,1.79,3189092,15722007.00
2014/02/10,1.79,1.84,1.79,1.83,7595380,38253016.00
2014/02/11,1.83,1.88,1.82,1.87,14447497,73810536.00
2014/02/12,1.87,1.87,1.85,1.86,8710758,44656000.00
2014/02/13,1.86,1.90,1.85,1.87,15019398,77765864.00
2014/02/14,1.86,1.88,1.86,1.87,6746443,34733748.00
2014/02/17,1.88,1.89,1.87,1.89,8019083,41541640.00
2014/02/18,1.89,1.89,1.85,1.87,8414095,43196020.00
2014/02/19,1.87,1.89,1.85,1.88,8290778,42739992.00
2014/02/20,1.88,1.95,1.87,1.88,19709226,103464864.00
2014/02/21,1.88,1.89,1.84,1.86,7371287,37772800.00
2014/02/24,1.85,1.85,1.79,1.80,10048231,50212008.00
2014/02/25,1.80,1.81,1.76,1.77,7184565,35558976.00
2014/02/26,1.76,1.77,1.74,1.76,9552159,46453760.00
2014/02/27,1.76,1.77,1.73,1.73,14465517,69783448.00
2014/02/28,1.73,1.78,1.72,1.77,11674993,56648104.00
2014/03/03,1.77,1.80,1.75,1.77,7545011,36968656.00
2014/03/04,1.76,1.77,1.73,1.76,7706394,37354100.00
2014/03/05,1.77,1.79,1.76,1.76,9279844,45534152.00
2014/03/06,1.75,1.77,1.73,1.76,6417761,31107904.00
2014/03/07,1.76,1.78,1.74,1.75,5517266,26881540.00
2014/03/10,1.73,1.73,1.66,1.67,8592873,40408396.00
2014/03/11,1.67,1.69,1.66,1.68,5295650,24698340.00
2014/03/12,1.67,1.70,1.67,1.69,4253594,19862300.00
2014/03/13,1.69,1.71,1.68,1.69,4579908,21581996.00
2014/03/14,1.68,1.69,1.66,1.67,5315371,24838578.00
2014/03/17,1.68,1.70,1.65,1.69,5177322,24228656.00
2014/03/18,1.69,1.70,1.68,1.69,3925535,18444784.00
2014/03/19,1.69,1.71,1.67,1.70,5648636,26546444.00
2014/03/20,1.71,1.74,1.70,1.70,10508801,50228588.00
2014/03/21,1.69,1.77,1.69,1.77,13116608,63185072.00
2014/03/24,1.76,1.79,1.75,1.79,11458045,56384592.00
2014/03/25,1.78,1.85,1.78,1.82,16925487,85079152.00
2014/03/26,1.81,1.83,1.79,1.80,7602071,37892492.00
2014/03/27,1.79,1.81,1.76,1.77,9622550,47441536.00
2014/03/28,1.77,1.84,1.77,1.79,13718773,68195872.00
2014/03/31,1.80,1.81,1.77,1.78,8778515,43582780.00
2014/04/01,1.78,1.79,1.77,1.78,5437183,26785084.00
2014/04/02,1.79,1.83,1.79,1.81,7474690,37295052.00
2014/04/03,1.82,1.85,1.78,1.80,15042350,75433928.00
2014/04/04,1.79,1.82,1.78,1.81,5899917,29380956.00
2014/04/08,1.80,1.85,1.80,1.83,18192814,92026984.00
2014/04/09,1.84,1.85,1.81,1.83,8708083,43953936.00
2014/04/10,1.83,1.85,1.81,1.84,14522309,73435032.00
2014/04/11,1.85,1.87,1.83,1.85,13645159,69605368.00
2014/04/14,1.85,1.86,1.84,1.85,8699532,44315184.00
2014/04/15,1.85,1.85,1.81,1.82,10299347,51928300.00
2014/04/16,1.81,1.83,1.80,1.81,6817308,34221728.00
2014/04/17,1.82,1.83,1.80,1.81,4798473,23997780.00
2014/04/18,1.80,1.81,1.79,1.81,5212619,25905096.00
2014/04/21,1.79,1.82,1.77,1.77,6586238,32590366.00
2014/04/22,1.77,1.78,1.73,1.76,10689297,51863588.00
2014/04/23,1.76,1.77,1.74,1.75,5262630,25556732.00
2014/04/24,1.75,1.77,1.74,1.77,5915300,28858144.00
2014/04/25,1.77,1.83,1.76,1.79,18724877,93244472.00
2014/04/28,1.79,1.80,1.73,1.74,10951033,53209180.00
2014/04/29,1.74,1.77,1.73,1.77,6803479,33036144.00
2014/04/30,1.76,1.77,1.75,1.76,4204546,20489520.00
2014/05/05,1.75,1.77,1.74,1.76,5140731,24928848.00
2014/05/06,1.76,1.78,1.75,1.78,5270033,25783716.00
2014/05/07,1.77,1.78,1.76,1.76,5393854,26430820.00
2014/05/08,1.77,1.80,1.75,1.77,5441082,25877352.00
2014/05/09,1.76,1.80,1.76,1.77,7470463,35709036.00
2014/05/12,1.79,1.88,1.79,1.86,22383787,110836088.00
2014/05/13,1.86,1.87,1.84,1.85,11182191,55432084.00
2014/05/14,1.86,1.86,1.84,1.84,8561928,42380536.00
2014/05/15,1.84,1.85,1.80,1.81,6538730,32021730.00
2014/05/16,1.80,1.82,1.79,1.81,5658874,27370442.00
2014/05/19,1.80,1.81,1.78,1.79,5609334,26948596.00
2014/05/20,1.81,1.81,1.79,1.80,3363295,16248573.00
2014/05/21,1.79,1.83,1.78,1.81,4679136,22666124.00
2014/05/22,1.82,1.83,1.80,1.80,6054417,29510068.00
2014/05/23,1.81,1.84,1.79,1.84,10590747,51731624.00
2014/05/26,1.85,1.86,1.83,1.85,8871010,43761884.00
2014/05/27,1.84,1.84,1.82,1.83,6745514,33022372.00
2014/05/28,1.83,1.85,1.81,1.85,7299026,35813032.00
2014/05/29,1.84,1.84,1.80,1.81,7957490,38804512.00
2014/05/30,1.81,1.83,1.81,1.83,6452469,31504280.00
2014/06/03,1.82,1.84,1.81,1.81,7307404,35731896.00
2014/06/04,1.81,1.81,1.79,1.79,5523213,26590812.00
2014/06/05,1.79,1.81,1.79,1.81,4575363,22083904.00
2014/06/06,1.81,1.81,1.79,1.80,3765171,18171886.00
2014/06/09,1.80,1.82,1.80,1.81,5150121,24974736.00
2014/06/10,1.81,1.85,1.81,1.85,16811346,82796248.00
2014/06/11,1.85,1.95,1.83,1.91,36516590,185413856.00
2014/06/12,1.89,1.92,1.87,1.89,23125976,117105184.00
2014/06/13,1.89,1.92,1.88,1.90,18333258,93051520.00
2014/06/16,1.89,1.90,1.87,1.89,12799049,64494944.00
2014/06/17,1.89,1.89,1.85,1.86,9299839,46378688.00
2014/06/18,1.86,1.87,1.84,1.87,10064336,50020716.00
2014/06/19,1.86,1.87,1.81,1.82,9995172,49213776.00
2014/06/20,1.82,1.84,1.82,1.84,6707382,32855604.00
2014/06/23,1.83,1.87,1.83,1.86,10529804,52214544.00
2014/06/24,1.86,1.88,1.85,1.86,9532775,47494880.00
2014/06/25,1.86,1.88,1.84,1.87,12125149,60438564.00
2014/06/26,1.87,1.88,1.86,1.86,11508575,57445040.00
2014/06/27,1.87,1.88,1.85,1.86,14082099,70185024.00
2014/06/30,1.86,1.88,1.85,1.88,9744436,48642656.00
2014/07/01,1.88,1.91,1.87,1.89,15078302,76178152.00
2014/07/02,1.88,1.89,1.87,1.88,9313444,46741656.00
2014/07/03,1.89,1.92,1.89,1.91,26354420,134138672.00
2014/07/04,1.91,1.93,1.89,1.91,16082449,82090680.00
2014/07/07,1.91,1.92,1.89,1.89,7242666,36734636.00
2014/07/08,1.89,1.90,1.88,1.90,8384835,42305776.00
2014/07/09,1.89,1.90,1.86,1.87,12585266,63099656.00
2014/07/10,1.87,1.89,1.86,1.88,9557348,48039176.00
2014/07/11,1.88,1.96,1.88,1.92,28918678,148949856.00
2014/07/14,1.93,1.94,1.92,1.93,12901935,66500616.00
2014/07/15,1.93,1.95,1.93,1.94,15480195,80160152.00
2014/07/16,1.94,1.99,1.94,1.97,34407444,180997376.00
2014/07/17,1.97,2.02,1.95,2.01,33128811,175675120.00
2014/07/18,2.00,2.07,1.99,2.01,41866997,226825136.00
2014/07/21,2.01,2.05,1.99,2.02,20977747,112791752.00
2014/07/22,2.05,2.23,2.04,2.23,130050867,758869312.00
2014/07/23,2.21,2.25,2.17,2.19,79527719,463156288.00
2014/07/24,2.16,2.23,2.12,2.21,59180775,342264832.00
2014/07/25,2.20,2.28,2.16,2.20,62890029,368198720.00
2014/07/28,2.17,2.33,2.17,2.25,86959834,519464448.00
2014/07/29,2.23,2.25,2.18,2.21,57256229,335696032.00
2014/07/30,2.17,2.21,2.16,2.19,35444778,205123664.00
2014/07/31,2.20,2.24,2.18,2.23,40031334,234779600.00
2014/08/01,2.20,2.22,2.17,2.17,42211454,244914064.00
2014/08/04,2.18,2.27,2.17,2.26,55657728,328270304.00
2014/08/05,2.29,2.30,2.21,2.25,44369381,263772016.00
2014/08/06,2.23,2.40,2.20,2.33,68997067,421840032.00
2014/08/07,2.30,2.33,2.24,2.25,43751044,263956128.00
2014/08/08,2.25,2.29,2.23,2.25,23239761,138509552.00
2014/08/11,2.25,2.27,2.23,2.27,26794299,159838784.00
2014/08/12,2.25,2.30,2.24,2.28,27793826,166377856.00
2014/08/13,2.28,2.29,2.24,2.26,22471574,134310176.00
2014/08/14,2.25,2.26,2.21,2.22,23647242,140094416.00
2014/08/15,2.20,2.23,2.19,2.21,18612815,108918912.00
2014/08/18,2.22,2.26,2.21,2.23,21078719,124428216.00
2014/08/19,2.23,2.24,2.20,2.23,16036068,94222848.00
2014/08/20,2.22,2.23,2.21,2.22,15719272,92454752.00
2014/08/21,2.26,2.32,2.24,2.28,52206625,314558048.00
2014/08/22,2.27,2.29,2.25,2.27,21155488,126817840.00
2014/08/25,2.27,2.29,2.24,2.25,17440454,104077568.00
2014/08/26,2.25,2.25,2.19,2.21,20953281,123456080.00
2014/08/27,2.21,2.25,2.21,2.24,16397789,96704864.00
2014/08/28,2.23,2.24,2.19,2.23,16917613,99226520.00
2014/08/29,2.23,2.25,2.21,2.25,12093291,71223184.00
2014/09/01,2.24,2.30,2.23,2.29,26235724,157683120.00
2014/09/02,2.30,2.53,2.29,2.53,98735196,625154432.00
2014/09/03,2.58,2.64,2.51,2.56,93765180,630622656.00
2014/09/04,2.53,2.57,2.47,2.56,53943536,356148864.00
2014/09/05,2.56,2.62,2.54,2.56,45354745,307108672.00
2014/09/09,2.57,2.60,2.53,2.57,34757996,233444624.00
2014/09/10,2.53,2.54,2.50,2.52,26997965,178904256.00
2014/09/11,2.52,2.58,2.49,2.51,28237637,187895888.00
2014/09/12,2.51,2.56,2.47,2.53,29599570,195293104.00
2014/09/15,2.53,2.59,2.51,2.56,32399191,217682224.00
2014/09/16,2.55,2.66,2.49,2.50,53711980,364327008.00
2014/09/17,2.50,2.57,2.47,2.54,28173826,187163040.00
2014/09/18,2.54,2.64,2.53,2.63,45142994,306939616.00
2014/09/19,2.63,2.65,2.57,2.59,31371275,214269488.00
2014/09/22,2.57,2.58,2.47,2.47,29109782,192833216.00
2014/09/23,2.47,2.53,2.47,2.51,17917954,118295952.00
2014/09/24,2.50,2.54,2.42,2.53,28841556,189409248.00
2014/09/25,2.53,2.57,2.50,2.51,32205757,213617520.00
2014/09/26,2.51,2.53,2.48,2.50,19224503,126450648.00
2014/09/29,2.51,2.53,2.49,2.52,19726017,130161168.00
2014/09/30,2.53,2.59,2.52,2.55,31065169,208847968.00
2014/10/08,2.55,2.60,2.55,2.59,25037709,169167568.00
2014/10/09,2.59,2.73,2.59,2.68,56766949,399839584.00
2014/10/10,2.68,2.71,2.63,2.67,29257608,204701408.00
2014/10/13,2.65,2.67,2.60,2.65,23043591,158824992.00
2014/10/14,2.64,2.65,2.58,2.61,24171444,165797760.00
2014/10/15,2.59,2.65,2.56,2.63,23669406,161702384.00
2014/10/16,2.59,2.65,2.57,2.57,26119580,178903824.00
2014/10/17,2.57,2.60,2.51,2.53,16752619,112032560.00
2014/10/20,2.57,2.65,2.57,2.62,33602828,230517392.00
2014/10/21,2.63,2.64,2.58,2.58,16495186,112733472.00
2014/10/22,2.58,2.63,2.53,2.55,13808999,93186088.00
2014/10/23,2.55,2.56,2.45,2.48,18725390,123342056.00
2014/10/24,2.49,2.50,2.43,2.45,11515293,74802088.00
2014/10/27,2.45,2.49,2.42,2.47,9983667,64657732.00
2014/10/28,2.46,2.57,2.46,2.57,19251163,127758080.00
2014/10/29,2.57,2.63,2.56,2.59,26932517,183471936.00
2014/10/30,2.61,2.70,2.61,2.65,47764676,333078720.00
2014/10/31,2.66,2.70,2.63,2.67,37965855,265421104.00
2014/11/03,2.70,2.73,2.65,2.67,40328544,284691104.00
2014/11/04,2.68,2.81,2.67,2.77,70352904,507262656.00
2014/11/05,2.75,2.77,2.69,2.70,36420613,259895040.00
2014/11/06,2.70,2.72,2.64,2.70,29128120,204527648.00
2014/11/07,2.73,2.77,2.64,2.65,39201148,279123296.00
2014/11/10,2.67,2.77,2.65,2.72,36128884,255918272.00
2014/11/11,2.73,2.75,2.63,2.65,46650996,328816768.00
2014/11/12,2.65,2.71,2.64,2.69,24698367,173026032.00
2014/11/13,2.70,2.76,2.64,2.75,46836675,332680096.00
2014/11/14,2.74,2.75,2.65,2.69,37376723,265191632.00
2014/11/17,2.72,2.74,2.67,2.70,23891390,169225856.00
2014/11/18,2.69,2.70,2.65,2.66,22372205,156545136.00
2014/11/19,2.66,2.68,2.64,2.66,19270841,134117168.00
2014/11/20,2.65,2.67,2.64,2.66,12313789,85906640.00
2014/11/21,2.65,2.72,2.65,2.71,25060875,176165648.00
2014/11/24,2.76,2.87,2.75,2.81,71016190,522027680.00
2014/11/25,2.81,2.95,2.79,2.94,62528187,473523168.00
2014/11/26,2.99,3.02,2.86,2.92,62124509,479077664.00
2014/11/27,2.95,2.99,2.90,2.95,44505712,341401920.00
2014/11/28,2.95,3.01,2.87,3.01,52361072,401445344.00
2014/12/01,3.00,3.25,2.97,3.08,83902833,678462976.00
2014/12/02,3.09,3.19,3.08,3.17,65415191,533634432.00
2014/12/03,3.17,3.46,3.17,3.33,116175273,1002128448.00
2014/12/04,3.35,3.46,3.31,3.39,88488573,776870336.00
2014/12/05,3.39,3.40,3.07,3.21,93061607,786616640.00
2014/12/08,3.19,3.34,3.11,3.31,70955734,599618752.00
2014/12/09,3.27,3.45,3.07,3.13,102325948,879709120.00
2014/12/10,3.12,3.22,3.07,3.20,58261785,477245920.00
2014/12/11,3.18,3.29,3.15,3.23,54701224,457898176.00
2014/12/12,3.27,3.33,3.25,3.30,60211717,516075328.00
2014/12/15,3.27,3.27,3.19,3.24,41717501,349529088.00
2014/12/16,3.21,3.27,3.19,3.26,49570887,417497088.00
2014/12/17,3.26,3.26,3.15,3.20,44519141,371620448.00
2014/12/18,3.19,3.30,3.18,3.27,56586645,479695360.00
2014/12/19,3.24,3.50,3.22,3.42,113587880,1002796544.00
2014/12/22,3.51,3.74,3.42,3.55,114215572,1059049408.00
2014/12/23,3.50,3.50,3.30,3.35,56050412,494015936.00
2014/12/24,3.35,3.42,3.27,3.32,37082954,321096448.00
2014/12/25,3.33,3.43,3.27,3.43,42330337,370161760.00
2014/12/26,3.43,3.52,3.41,3.47,47019685,422792896.00
2014/12/29,3.47,3.60,3.41,3.49,67154789,612219904.00
2014/12/30,3.46,3.50,3.38,3.41,37890569,336511776.00
2014/12/31,3.44,3.50,3.34,3.42,39395710,348743392.00
2015/01/05,3.43,3.71,3.42,3.68,114687637,1069967808.00
2015/01/06,3.95,4.06,3.87,3.87,185021222,1888281344.00
2015/01/07,3.83,4.11,3.76,3.99,117506427,1208098048.00
2015/01/08,3.95,4.04,3.84,3.95,71241926,724454016.00
2015/01/09,3.95,4.10,3.89,3.91,93661512,970628480.00
2015/01/12,3.82,3.83,3.58,3.63,75695446,728606336.00
2015/01/13,3.63,3.70,3.54,3.62,44240436,414013120.00
2015/01/14,3.64,3.68,3.60,3.65,33658391,316978240.00
2015/01/15,3.65,3.79,3.56,3.78,51002541,485601600.00
2015/01/16,4.03,4.09,3.85,3.87,86384523,882648192.00
2015/01/19,3.71,3.79,3.47,3.48,87687107,823527552.00
2015/01/20,3.50,3.61,3.50,3.57,54397352,503059328.00
2015/01/21,3.54,3.69,3.51,3.69,64836855,607903744.00
2015/01/22,3.65,3.89,3.63,3.79,104402741,1025816704.00
2015/01/23,3.82,3.82,3.71,3.72,54137300,524343616.00
2015/01/26,3.70,3.78,3.68,3.77,51775576,500049984.00
2015/01/27,3.75,3.78,3.59,3.65,86792680,825268672.00
2015/01/28,3.63,3.63,3.54,3.55,53770440,498634752.00
2015/01/29,3.52,3.55,3.44,3.46,63562658,574343808.00
2015/01/30,3.44,3.48,3.34,3.35,80651243,710706752.00
2015/02/02,3.27,3.27,3.15,3.16,87038816,724701952.00
2015/02/03,3.20,3.25,3.16,3.24,85115021,707785664.00
2015/02/04,3.24,3.32,3.21,3.25,100316536,853772736.00
2015/02/05,3.31,3.33,3.17,3.17,55648383,470062944.00
2015/02/06,3.17,3.17,2.99,3.02,79849980,638066816.00
2015/02/09,2.99,3.05,2.93,3.00,61423069,478087232.00
2015/02/10,3.00,3.11,2.98,3.10,59024682,471083744.00
2015/02/11,3.11,3.12,3.05,3.07,42257551,339065952.00
2015/02/12,3.07,3.11,3.06,3.10,33401193,269484768.00
2015/02/13,3.12,3.21,3.11,3.16,67937610,560437440.00
2015/02/16,3.18,3.19,3.16,3.19,32185580,266215680.00
2015/02/17,3.19,3.21,3.17,3.18,36948272,306255680.00
2015/02/25,3.19,3.38,3.17,3.33,105535205,901888128.00
2015/02/26,3.31,3.61,3.29,3.59,160386283,1435695744.00
2015/02/27,3.59,3.59,3.47,3.53,105896910,968569792.00
2015/03/02,3.55,3.61,3.49,3.59,127391541,1174155776.00
2015/03/03,3.56,3.96,3.51,3.96,372870530,3717782784.00
2015/03/04,3.95,4.05,3.85,3.91,253305468,2579773952.00
2015/03/05,3.87,4.01,3.85,3.94,164928391,1674344704.00
2015/03/06,3.92,4.05,3.77,3.84,260959451,2645136128.00
2015/03/09,3.75,3.81,3.67,3.75,151913869,1467997952.00
2015/03/10,3.75,4.07,3.73,3.95,199302785,2024942848.00
2015/03/11,3.91,4.03,3.88,4.03,137793812,1409675008.00
2015/03/12,4.37,4.44,3.97,3.98,301208779,3300158464.00
2015/03/13,3.99,4.00,3.82,3.86,195327156,1955945984.00
2015/03/16,3.88,3.95,3.83,3.92,165663141,1667925504.00
2015/03/17,3.93,4.15,3.89,4.13,206829915,2132267776.00
2015/03/18,4.09,4.29,4.07,4.18,191014593,2064556672.00
2015/03/19,4.19,4.46,4.10,4.33,211549709,2346285568.00
2015/03/20,4.36,4.41,4.23,4.28,136734982,1508983296.00
2015/03/23,4.34,4.45,4.28,4.35,181982187,2039372032.00
2015/03/24,4.35,4.35,4.08,4.23,213354489,2316787712.00
2015/03/25,4.19,4.19,4.02,4.09,179606482,1904087552.00
2015/03/26,4.08,4.19,4.03,4.13,123024462,1310961408.00
2015/03/27,4.17,4.22,4.11,4.21,116268185,1250727680.00
2015/03/30,4.14,4.27,4.09,4.24,160325949,1726502528.00
2015/03/31,4.25,4.32,4.11,4.20,162020238,1753247872.00
2015/04/01,4.23,4.30,4.18,4.26,162569121,1777429504.00
2015/04/02,4.29,4.38,4.21,4.38,189556076,2091435904.00
2015/04/03,4.31,4.45,4.28,4.38,152934400,1724230400.00
2015/04/07,4.45,4.70,4.36,4.65,217702808,2547930368.00
2015/04/08,4.68,4.74,4.48,4.57,203570253,2412627200.00
2015/04/09,4.65,4.65,4.35,4.43,167221066,1924973568.00
2015/04/10,4.42,4.53,4.36,4.48,120235362,1381879168.00
2015/04/13,4.49,4.54,4.44,4.52,151992069,1754930432.00
2015/04/14,4.50,4.50,4.39,4.41,139076077,1586903680.00
2015/04/15,4.41,4.54,4.27,4.41,176832698,2012011392.00
2015/04/16,4.33,4.57,4.27,4.51,165332610,1898169984.00
2015/04/17,4.57,4.72,4.54,4.63,258203346,3080997376.00
2015/04/20,4.65,4.82,4.52,4.56,278173052,3327195136.00
2015/04/21,4.57,4.78,4.51,4.73,203373242,2417602048.00
2015/04/22,4.76,4.91,4.73,4.83,221073340,2737371904.00
2015/04/23,4.85,5.29,4.76,5.13,294270297,3755418112.00
2015/04/24,5.02,5.11,4.88,4.94,211146739,2708159744.00
2015/04/27,4.97,5.08,4.89,4.98,172274716,2200436480.00
2015/04/28,4.97,4.98,4.63,4.67,198529461,2436696064.00
2015/04/29,4.62,4.81,4.61,4.75,115342176,1406520064.00
2015/04/30,4.75,4.79,4.60,4.61,133817510,1606655488.00
2015/05/04,4.61,4.66,4.52,4.63,98292145,1163005952.00
2015/05/05,4.63,4.63,4.27,4.31,136884783,1570819200.00
2015/05/06,4.35,4.41,4.13,4.20,97092032,1076875904.00
2015/05/07,4.19,4.30,4.13,4.19,75965905,826169152.00
2015/05/08,4.25,4.29,4.17,4.27,83420508,910829376.00
2015/05/11,4.34,4.41,4.27,4.40,99054580,1111672704.00
2015/05/12,4.42,4.44,4.34,4.39,99298318,1119657216.00
2015/05/13,4.39,4.42,4.33,4.35,91359521,1028351808.00
2015/05/14,4.35,4.59,4.33,4.56,168864264,1935225856.00
2015/05/15,4.51,4.61,4.33,4.35,132836553,1525482112.00
2015/05/18,4.27,4.30,4.19,4.21,91970730,1004689664.00
2015/05/19,4.19,4.35,4.18,4.35,84152750,930711296.00
2015/05/20,4.37,4.43,4.31,4.33,113665815,1281113728.00
2015/05/21,4.33,4.36,4.27,4.35,110879322,1232082304.00
2015/05/22,4.39,4.52,4.38,4.49,160648785,1841452544.00
2015/05/25,4.50,4.70,4.50,4.68,192670359,2289875968.00
2015/05/26,4.71,4.98,4.61,4.93,261126219,3214509568.00
2015/05/27,4.95,4.99,4.78,4.87,194764298,2431250176.00
2015/05/28,4.88,5.05,4.47,4.54,237685596,2962393600.00
2015/05/29,4.55,4.66,4.39,4.48,152889828,1783374720.00
2015/06/01,4.48,4.77,4.48,4.76,151821705,1807016960.00
2015/06/02,4.78,4.91,4.71,4.87,180831704,2237588736.00
2015/06/03,4.95,5.14,4.87,5.04,220423952,2832214272.00
2015/06/04,5.06,5.06,4.57,4.96,190626495,2369868544.00
2015/06/05,5.01,5.33,4.96,5.27,297982042,3944286208.00
2015/06/08,5.27,5.38,5.13,5.25,246590585,3322767360.00
2015/06/09,5.23,5.28,5.08,5.19,184883500,2460784128.00
2015/06/10,5.17,5.20,5.03,5.11,148248962,1934467328.00
2015/06/11,5.12,5.34,5.12,5.27,174910300,2331088128.00
2015/06/12,5.33,5.38,5.19,5.27,178240548,2393851392.00
2015/06/15,5.27,5.30,5.04,5.06,170378997,2234402560.00
2015/06/16,5.02,5.02,4.71,4.79,129209504,1603890048.00
2015/06/17,4.79,4.98,4.65,4.95,119152700,1462247296.00
2015/06/18,4.91,5.01,4.71,4.74,104450978,1301863680.00
2015/06/19,4.65,4.88,4.35,4.42,114003457,1356857984.00
2015/06/23,4.43,4.55,4.03,4.51,103945459,1158231040.00
2015/06/24,4.56,4.67,4.46,4.66,125755131,1466636928.00
2015/06/25,4.67,4.71,4.31,4.43,109578766,1283481984.00
2015/06/26,4.31,4.37,3.98,3.98,131142924,1391764352.00
2015/06/29,4.15,4.17,3.57,3.65,156119538,1528291712.00
2015/06/30,3.58,3.95,3.35,3.95,145474953,1363515904.00
2015/07/01,3.91,3.98,3.59,3.60,111196128,1097518080.00
2015/07/02,3.64,3.71,3.23,3.25,133724925,1179850752.00
2015/07/03,3.11,3.43,2.93,2.99,152038541,1217009920.00
2015/07/06,3.29,3.29,2.71,3.17,199938398,1572297600.00
2015/07/07,3.03,3.12,2.84,2.84,148155222,1114053504.00
2015/07/09,2.84,3.13,2.55,3.13,263897319,1983064704.00
2015/07/10,3.21,3.46,3.11,3.46,226346914,1971068288.00
2015/07/13,3.46,3.77,3.46,3.74,284439230,2635123200.00
2015/07/14,3.59,3.70,3.40,3.45,225015909,2049712896.00
2015/07/15,3.34,3.40,3.10,3.10,162075407,1337753600.00
2015/07/16,3.10,3.25,2.94,3.16,114454579,925263872.00
2015/07/17,3.19,3.40,3.17,3.34,113214275,952148544.00
2015/07/20,3.30,3.41,3.25,3.30,120149593,1029243264.00
2015/07/21,3.24,3.36,3.19,3.31,102281663,864620800.00
2015/07/22,3.31,3.34,3.20,3.31,104590001,881055744.00
2015/07/23,3.31,3.48,3.25,3.44,176749625,1528013056.00
2015/07/24,3.41,3.56,3.32,3.36,193067177,1708060416.00
2015/07/27,3.25,3.32,3.01,3.01,130566452,1068359040.00
2015/07/28,2.91,3.05,2.71,2.94,147301338,1092807936.00
2015/07/29,2.97,3.09,2.88,3.09,85428265,656118784.00
2015/07/30,3.04,3.12,2.92,2.94,92391953,724854720.00
2015/07/31,2.90,2.96,2.87,2.93,65199241,488573184.00
2015/08/03,2.87,2.94,2.82,2.92,68051752,503947936.00
2015/08/04,2.93,3.07,2.92,3.07,78821398,610209088.00
2015/08/05,3.05,3.10,3.00,3.02,69487169,545157376.00
2015/08/06,2.96,3.07,2.96,3.03,51198514,397381056.00
2015/08/07,3.05,3.11,3.04,3.09,63698098,504990336.00
2015/08/10,3.11,3.31,3.10,3.27,122699722,1009394304.00
2015/08/11,3.25,3.34,3.24,3.27,123761556,1044156160.00
2015/08/12,3.22,3.27,3.18,3.18,82649260,684529664.00
2015/08/13,3.19,3.29,3.16,3.28,88961287,738509120.00
2015/08/14,3.31,3.37,3.27,3.30,115245086,980859584.00
2015/08/17,3.31,3.39,3.28,3.39,111220077,956121152.00
2015/08/18,3.39,3.41,3.04,3.05,126090780,1045554816.00
2015/08/19,2.99,3.19,2.91,3.16,87623087,691137344.00
2015/08/20,3.11,3.21,3.07,3.08,65956186,531545504.00
2015/08/21,3.03,3.08,2.87,2.90,67017078,512901568.00
2015/08/24,2.79,2.81,2.60,2.60,89169287,609896000.00
2015/08/25,2.36,2.45,2.33,2.33,92261614,567591040.00
2015/08/26,2.38,2.44,2.22,2.30,94357641,575049216.00
2015/08/27,2.35,2.44,2.27,2.43,77355708,473579072.00
2015/08/28,2.48,2.61,2.45,2.60,98732463,644082048.00
2015/08/31,2.56,2.56,2.45,2.49,65969165,427448352.00
2015/09/01,2.55,2.65,2.48,2.51,116474310,768632128.00
2015/09/02,2.31,2.56,2.28,2.43,87576285,551385920.00
2015/09/07,2.47,2.57,2.45,2.48,68710082,448531072.00
2015/09/08,2.48,2.59,2.43,2.58,69793400,453385248.00
2015/09/09,2.59,2.68,2.57,2.66,105803301,720160256.00
2015/09/10,2.59,2.63,2.55,2.57,62927810,422803232.00
2015/09/11,2.57,2.60,2.54,2.57,44765800,297733280.00
2015/09/14,2.58,2.59,2.33,2.47,78971670,503856224.00
2015/09/15,2.41,2.45,2.31,2.33,42948649,266158800.00
2015/09/16,2.35,2.57,2.33,2.52,63653447,402193984.00
2015/09/17,2.53,2.78,2.50,2.68,244135104,1704553600.00
2015/09/18,2.69,2.71,2.58,2.68,134134112,915585536.00
2015/09/21,2.68,2.74,2.64,2.73,109949726,763744576.00
2015/09/22,2.73,2.84,2.66,2.75,143854196,1020516160.00
2015/09/23,2.67,2.69,2.61,2.64,81322872,557477696.00
2015/09/24,2.69,2.69,2.61,2.65,53637214,367112640.00
2015/09/25,2.63,2.64,2.49,2.52,67434500,446985280.00
2015/09/28,2.53,2.55,2.48,2.54,32702355,213782992.00
2016/01/25,2.71,2.71,2.53,2.60,122569604,833508416.00
2016/01/26,2.55,2.56,2.33,2.33,87736853,551503552.00
2016/01/27,2.32,2.33,2.11,2.21,79289320,456554944.00
2016/01/28,2.19,2.26,2.11,2.12,56862136,324469696.00
2016/01/29,2.12,2.22,2.12,2.20,47690309,269733664.00
2016/02/01,2.19,2.21,2.12,2.15,38642551,217907072.00
2016/02/02,2.16,2.26,2.15,2.24,43951320,252715728.00
2016/02/03,2.20,2.24,2.18,2.22,46136426,264549280.00
2016/02/04,2.26,2.38,2.24,2.33,79593197,479969952.00
2016/02/05,2.35,2.41,2.31,2.32,57575165,351584256.00
2016/02/15,2.23,2.41,2.21,2.37,59871965,362793024.00
2016/02/16,2.37,2.45,2.35,2.43,80632852,503208352.00
2016/02/17,2.41,2.44,2.38,2.42,58242802,364786816.00
2016/02/18,2.43,2.53,2.41,2.45,90830568,578788928.00
2016/02/19,2.43,2.46,2.41,2.44,46145339,291111200.00
2016/02/22,2.49,2.63,2.47,2.60,101625194,673036992.00
2016/02/23,2.63,2.72,2.60,2.67,134284202,928462016.00
2016/02/24,2.64,2.71,2.60,2.69,64635515,443250976.00
2016/02/25,2.69,2.74,2.45,2.48,89194433,603194944.00
2016/02/26,2.52,2.69,2.48,2.63,78968979,527011168.00
2016/02/29,2.60,2.64,2.43,2.59,83321562,551183488.00
2016/03/01,2.59,2.77,2.56,2.73,98471291,679946368.00
2016/03/02,2.69,2.90,2.67,2.87,136055153,983837760.00
2016/03/03,2.87,3.01,2.76,2.79,138480090,1024388288.00
2016/03/04,2.80,2.85,2.69,2.75,113205788,810030976.00
2016/03/07,2.79,2.90,2.74,2.79,81982559,594273088.00
2016/03/08,2.83,2.85,2.69,2.82,99451870,714202304.00
2016/03/09,2.71,2.71,2.60,2.65,85664910,588540544.00
2016/03/10,2.66,2.67,2.54,2.55,42350775,285601280.00
2016/03/11,2.51,2.66,2.50,2.59,41817914,278445184.00
2016/03/14,2.61,2.69,2.60,2.63,53272233,365612736.00
2016/03/15,2.62,2.64,2.55,2.58,33731542,225845088.00
2016/03/16,2.56,2.60,2.55,2.59,39094762,261033712.00
2016/03/17,2.61,2.65,2.59,2.64,44657239,303316096.00
2016/03/18,2.66,2.75,2.64,2.71,77939561,545120256.00
2016/03/21,2.72,2.75,2.69,2.73,93185640,654067776.00
2016/03/22,2.71,2.72,2.68,2.69,54860193,383154048.00
2016/03/23,2.68,2.70,2.65,2.67,40133362,276909568.00
2016/03/24,2.64,2.65,2.57,2.58,57001611,384328992.00
2016/03/25,2.57,2.61,2.56,2.61,26802574,179435440.00
2016/03/28,2.60,2.64,2.55,2.56,34518247,232188208.00
2016/03/29,2.57,2.62,2.55,2.58,41928729,280380640.00
2016/03/30,2.60,2.66,2.59,2.65,45682498,310216608.00
2016/03/31,2.65,2.73,2.64,2.69,63430651,440463904.00
2016/04/01,2.71,2.93,2.67,2.90,177181094,1279329792.00
2016/04/05,2.82,2.87,2.76,2.86,172233800,1249091712.00
2016/04/06,2.83,2.85,2.79,2.83,86849091,631472832.00
2016/04/07,2.83,2.84,2.74,2.75,63059461,451904320.00
2016/04/08,2.73,2.77,2.71,2.76,42513652,301233920.00
2016/04/11,2.79,2.86,2.79,2.85,85781850,627132160.00
2016/04/12,2.83,2.87,2.79,2.83,58028538,424486144.00
2016/04/13,2.89,3.01,2.88,2.91,140536347,1064585152.00
2016/04/14,2.93,2.95,2.90,2.93,53497887,403488608.00
2016/04/15,2.93,2.95,2.87,2.89,40176556,301385344.00
2016/05/06,2.95,3.01,2.71,2.79,96062422,716135168.00
2016/05/09,2.75,2.75,2.52,2.54,55559626,377199040.00
2016/05/10,2.52,2.64,2.51,2.61,45195811,301772192.00
2016/05/11,2.62,2.66,2.60,2.61,26346004,179331648.00
2016/05/12,2.57,2.60,2.50,2.59,25469476,168129104.00
2016/05/13,2.57,2.62,2.55,2.61,16760699,112119312.00
2016/05/16,2.61,2.68,2.59,2.67,28013911,192193664.00
2016/05/17,2.68,2.71,2.61,2.63,28310688,195178912.00
2016/05/18,2.59,2.59,2.49,2.53,29367255,193055536.00
2016/05/19,2.51,2.55,2.49,2.51,25960783,169870048.00
2016/05/20,2.48,2.53,2.47,2.51,15324940,99154592.00
2016/05/23,2.59,2.73,2.59,2.61,48098439,328143296.00
2016/05/24,2.61,2.63,2.54,2.59,25218192,168257280.00
2016/05/25,2.60,2.67,2.59,2.59,35533884,241560976.00
2016/05/26,2.59,2.64,2.53,2.63,31530609,210723232.00
2016/05/27,2.62,2.63,2.59,2.60,18261791,123283752.00
2016/05/30,2.59,2.60,2.54,2.57,19482754,129680440.00
2016/05/31,2.59,2.68,2.56,2.67,38684058,264399424.00
2016/06/01,2.67,2.81,2.66,2.77,63784232,452783456.00
2016/06/02,2.77,2.78,2.72,2.76,32666033,231988320.00
2016/06/03,2.75,2.80,2.73,2.73,34405937,245695408.00
2016/06/06,2.76,2.80,2.74,2.79,30978852,221763424.00
2016/06/07,2.78,2.84,2.75,2.81,36475351,262413424.00
2016/06/08,2.80,2.87,2.79,2.85,55463736,404761536.00
2016/06/15,2.95,3.11,2.92,3.03,135341995,1049605568.00
2016/06/16,3.03,3.10,2.97,3.01,85446294,667968960.00
2016/06/17,3.02,3.03,2.97,2.99,56797596,438535712.00
2016/06/20,2.99,3.00,2.91,2.93,50341138,380655232.00
2016/06/21,2.95,2.97,2.86,2.88,47571005,357716736.00
2016/06/22,2.87,2.93,2.86,2.91,40730596,303696896.00
2016/06/23,2.89,2.93,2.88,2.90,27638890,206865072.00
2016/06/24,2.89,2.92,2.74,2.82,55554438,405486688.00
2016/06/28,2.80,2.81,2.73,2.80,84365478,601377728.00
2016/06/29,2.80,2.86,2.80,2.84,47034604,343539520.00
2016/06/30,2.85,2.88,2.83,2.87,38565973,283225472.00
2016/07/01,2.87,2.92,2.87,2.92,44335154,330794624.00
2016/07/04,2.91,3.07,2.91,3.05,85253965,663412608.00
2016/07/05,3.04,3.09,3.00,3.03,64750585,505868064.00
2016/07/06,3.02,3.13,3.00,3.09,72394328,572165248.00
2016/07/07,3.07,3.18,3.06,3.16,84236089,680874112.00
2016/07/08,3.15,3.16,3.07,3.08,61988512,494937792.00
2016/07/11,3.09,3.16,3.04,3.05,60109462,481978432.00
2016/07/12,3.09,3.14,3.05,3.11,52884384,421573600.00
2016/07/13,3.15,3.19,3.12,3.19,69045695,561008448.00
2016/07/14,3.17,3.18,3.12,3.14,47032395,379882816.00
2016/07/15,3.14,3.15,3.12,3.14,25735928,207804448.00
2016/07/18,3.12,3.13,3.06,3.08,39649308,315051040.00
2016/07/19,3.09,3.13,3.05,3.13,35429482,281106848.00
2016/07/20,3.11,3.12,3.08,3.08,31326350,249328912.00
2016/07/21,3.08,3.09,3.06,3.07,31049110,245573504.00
2016/07/22,3.06,3.08,3.03,3.04,34693482,272373504.00
2016/07/25,3.03,3.07,3.03,3.04,25695423,201269152.00
2016/07/26,3.05,3.11,3.04,3.11,35853980,284584512.00
2016/07/27,3.11,3.13,2.95,3.01,66024033,515419936.00
2016/07/28,2.99,3.03,2.97,3.02,30627103,236628256.00
2016/07/29,3.01,3.02,2.98,2.99,22339033,172475312.00
2016/08/01,2.99,3.00,2.91,2.93,29840941,226161312.00
2016/08/02,2.93,2.98,2.92,2.98,14504158,110350144.00
2016/08/03,2.96,2.99,2.93,2.97,22792641,173833632.00
2016/08/04,2.97,3.05,2.95,3.04,29032235,224629584.00
2016/08/05,3.03,3.05,3.02,3.04,17545555,137066640.00
2016/08/08,3.03,3.07,3.02,3.07,23401775,183351456.00
2016/08/09,3.06,3.10,3.05,3.10,32880471,260530272.00
2016/08/10,3.09,3.15,3.09,3.12,44713395,358813312.00
2016/08/11,3.10,3.12,3.05,3.06,37781412,300158016.00
2016/08/12,3.06,3.15,3.06,3.13,44630942,356241760.00
2016/08/15,3.12,3.23,3.12,3.20,87303479,711414272.00
2016/08/16,3.19,3.23,3.08,3.09,167441085,1347376384.00
2016/08/17,3.09,3.30,3.09,3.28,158941684,1308207104.00
2016/08/18,3.24,3.27,3.20,3.24,84530070,701769152.00
2016/08/19,3.26,3.46,3.22,3.40,156264985,1340850048.00
2016/08/22,3.38,3.49,3.36,3.37,109124655,953811392.00
2016/08/23,3.35,3.35,3.17,3.21,175633574,1461954816.00
2016/08/24,3.21,3.25,3.18,3.19,68676122,567165632.00
2016/08/25,3.16,3.20,3.11,3.19,56074233,454244608.00
2016/08/26,3.19,3.23,3.12,3.14,100228091,815912448.00
2016/08/29,3.13,3.15,3.08,3.11,56437430,451706336.00
2016/08/30,3.15,3.17,3.04,3.07,79214921,250049872.00
2016/08/31,3.04,3.04,2.95,3.00,158954889,482525024.00
2016/09/01,2.99,3.01,2.97,2.97,77279764,234516112.00
2016/09/02,2.97,3.01,2.96,3.00,78241125,237115664.00
2016/09/05,3.00,3.05,2.98,3.02,84492193,259088064.00
2016/09/06,3.01,3.05,3.00,3.04,79607315,244973296.00
2016/09/07,3.04,3.05,2.99,3.00,77718043,238719648.00
2016/09/19,3.00,3.06,2.98,3.02,85708384,263038224.00
2016/09/20,3.03,3.04,2.98,2.99,51740201,157551904.00
2016/09/21,2.99,3.02,2.97,2.98,46309681,141002928.00
2016/09/22,3.00,3.01,2.96,2.98,59630203,181344864.00
2016/09/23,2.99,3.00,2.95,2.96,73140337,220407696.00
2016/09/26,2.95,2.95,2.84,2.86,100293500,295787040.00
2016/09/27,2.85,2.87,2.80,2.85,76189941,219716464.00
2016/09/28,2.85,2.85,2.81,2.82,50213805,144611120.00
2016/09/29,2.82,2.86,2.82,2.84,54438670,157327776.00
2016/09/30,2.83,2.85,2.83,2.83,38983605,112633432.00
2016/10/10,2.84,2.88,2.84,2.88,56188282,163735024.00
2016/10/11,2.88,2.91,2.86,2.89,53282744,156582800.00
2016/10/12,2.87,2.89,2.87,2.88,36856287,107862024.00
2016/10/13,2.87,2.88,2.85,2.87,48894427,142431472.00
2016/10/14,2.86,2.88,2.85,2.87,42592724,123961728.00
2016/10/17,2.87,2.89,2.84,2.85,54739164,159827536.00
2016/10/18,2.84,2.88,2.83,2.88,62944118,183348096.00
2016/10/19,2.88,2.93,2.87,2.91,91018761,269247872.00
2016/10/20,2.90,2.98,2.89,2.96,119569194,358111648.00
2016/10/21,2.95,2.98,2.92,2.95,83280579,249343888.00
2016/10/24,2.93,3.00,2.92,2.98,99556926,300261696.00
2016/10/25,2.98,3.04,2.97,3.04,132628561,405966496.00
2016/10/26,3.06,3.10,3.01,3.02,165655707,514480288.00
2016/10/27,3.01,3.03,2.97,2.98,88202198,268703072.00
2016/10/28,3.01,3.13,3.00,3.11,256491119,799754944.00
2016/10/31,3.08,3.09,3.03,3.07,165093807,513576704.00
2016/11/01,3.08,3.09,3.04,3.06,90379742,280780288.00
2016/11/02,3.05,3.06,3.00,3.00,105203156,323703200.00
2016/11/03,2.99,3.04,2.98,3.01,96513111,295066208.00
2016/11/04,3.01,3.02,2.98,3.00,70374147,214647088.00
2016/11/07,3.00,3.07,2.98,3.05,108939236,336599872.00
2016/11/08,3.08,3.18,3.08,3.10,248879185,790306432.00
2016/11/09,3.10,3.21,3.07,3.17,286103065,914140800.00
2016/11/10,3.33,3.48,3.30,3.32,442571492,1512327296.00
2016/11/11,3.30,3.66,3.27,3.66,525084258,1878885760.00
2016/11/14,3.73,3.83,3.57,3.71,799892444,3009524736.00
2016/11/15,3.65,3.68,3.52,3.55,419890272,1527596800.00
2016/11/16,3.54,3.58,3.43,3.50,280299906,989874112.00
2016/11/17,3.44,3.50,3.44,3.49,138389263,486954624.00
2016/11/18,3.49,3.53,3.42,3.43,182568914,642029888.00
2016/11/21,3.41,3.49,3.41,3.46,134546895,471044128.00
2016/11/22,3.48,3.57,3.45,3.51,216835531,770712320.00
2016/11/23,3.51,3.53,3.43,3.44,145653751,514272320.00
2016/11/24,3.44,3.53,3.44,3.46,166002693,588791168.00
2016/11/25,3.46,3.51,3.31,3.43,155918792,537942592.00
2016/11/28,3.45,3.57,3.38,3.52,270700081,957286080.00
2016/11/29,3.47,3.51,3.44,3.45,174813105,615385344.00
2016/11/30,3.42,3.43,3.32,3.35,164767810,564065664.00
2016/12/01,3.36,3.42,3.35,3.39,99633854,342256928.00
2016/12/02,3.38,3.39,3.32,3.33,99906259,339466336.00
2016/12/05,3.31,3.36,3.30,3.35,63958804,216610096.00
2016/12/06,3.36,3.37,3.30,3.31,70850751,239080592.00
2016/12/07,3.31,3.37,3.28,3.36,73638174,248496016.00
2016/12/08,3.35,3.39,3.33,3.34,70512787,240695360.00
2016/12/09,3.34,3.36,3.32,3.34,59403500,201446368.00
2016/12/12,3.34,3.38,3.26,3.28,139273710,468667680.00
2016/12/13,3.26,3.32,3.20,3.30,96266096,318197728.00
2016/12/14,3.28,3.29,3.23,3.25,67676803,223563120.00
2016/12/15,3.23,3.28,3.20,3.22,87828770,288331712.00
2016/12/16,3.22,3.23,3.18,3.19,63282521,205865200.00
2016/12/19,3.18,3.19,3.13,3.15,55248686,177337200.00
2016/12/20,3.14,3.15,3.09,3.11,60178503,190076192.00
2016/12/21,3.11,3.16,3.11,3.15,54388845,173474720.00
2016/12/22,3.15,3.18,3.13,3.18,41886830,133915000.00
2016/12/23,3.16,3.17,3.11,3.12,50137977,159287216.00
2016/12/26,3.11,3.12,3.04,3.11,49949452,156106384.00
2016/12/27,3.10,3.12,3.09,3.10,38247845,120581536.00
2016/12/28,3.09,3.11,3.05,3.06,49761291,155625696.00
2016/12/29,3.06,3.07,3.03,3.04,49947275,154537696.00
2016/12/30,3.04,3.05,3.02,3.04,40853970,126106736.00
2017/01/03,3.04,3.09,3.04,3.08,40591732,126973872.00
2017/01/04,3.07,3.14,3.07,3.12,56607104,178781344.00
2017/01/05,3.13,3.16,3.11,3.14,61228511,195089696.00
2017/01/06,3.14,3.19,3.11,3.16,70111134,223912016.00
2017/01/09,3.13,3.17,3.12,3.16,52252428,166969024.00
2017/01/10,3.14,3.18,3.13,3.16,53628162,171950944.00
2017/01/11,3.16,3.24,3.15,3.17,102918297,333477984.00
2017/01/12,3.18,3.18,3.10,3.11,58015001,184792768.00
2017/01/13,3.13,3.15,3.10,3.11,49113517,155892208.00
2017/01/16,3.10,3.18,3.08,3.17,132192906,419738368.00
2017/01/17,3.14,3.17,3.11,3.15,54814515,174857312.00
2017/01/18,3.15,3.18,3.13,3.15,57631477,184779360.00
2017/01/19,3.16,3.18,3.12,3.18,75766777,242678592.00
2017/01/20,3.16,3.18,3.15,3.17,67478521,216811376.00
2017/01/23,3.20,3.30,3.20,3.28,158441712,522960096.00
2017/01/24,3.26,3.30,3.25,3.28,74158969,246855200.00
2017/01/25,3.35,3.43,3.32,3.35,179384610,613253376.00
2017/01/26,3.33,3.43,3.32,3.42,166679806,574852864.00
2017/02/03,3.42,3.43,3.32,3.34,113411798,386739968.00
2017/02/06,3.33,3.34,3.27,3.32,94983463,318127488.00
2017/02/07,3.30,3.35,3.29,3.32,69794615,234838896.00
2017/02/08,3.31,3.32,3.28,3.32,66709907,223595248.00
2017/02/09,3.32,3.35,3.31,3.34,82115466,277795488.00
2017/02/10,3.33,3.41,3.30,3.38,138327403,471571200.00
2017/02/13,3.42,3.49,3.40,3.41,142731374,496468832.00
2017/02/14,3.41,3.53,3.38,3.52,240823275,846730624.00
2017/02/15,3.48,3.50,3.41,3.42,195371277,686829760.00
2017/02/16,3.42,3.49,3.42,3.46,148068209,518727456.00
2017/02/17,3.44,3.45,3.37,3.38,119444791,412670752.00
2017/02/20,3.38,3.42,3.38,3.42,84676737,291922848.00
2017/02/21,3.43,3.44,3.39,3.42,91999117,318416736.00
2017/02/22,3.41,3.41,3.38,3.40,72873923,250780448.00
2017/02/23,3.39,3.43,3.38,3.41,111133839,383795712.00
2017/02/24,3.38,3.38,3.31,3.35,128969010,437233536.00
2017/02/27,3.34,3.35,3.31,3.32,75879470,256443392.00
2017/02/28,3.32,3.35,3.32,3.33,43502655,147231840.00
2017/03/01,3.35,3.44,3.34,3.40,138360571,475734624.00
2017/03/02,3.40,3.44,3.35,3.36,88956866,306470688.00
2017/03/03,3.33,3.39,3.30,3.36,89330344,302782880.00
2017/03/06,3.35,3.36,3.33,3.35,47194014,160000704.00
2017/03/07,3.33,3.36,3.32,3.33,53788777,182132496.00
2017/03/08,3.34,3.34,3.31,3.33,41898701,141359536.00
2017/03/09,3.31,3.32,3.26,3.27,60119873,200584160.00
2017/03/10,3.27,3.32,3.27,3.29,49340546,165030880.00
2017/03/13,3.28,3.34,3.26,3.34,63536975,213873840.00
2017/03/14,3.33,3.34,3.30,3.31,32266801,108695584.00
2017/03/15,3.31,3.33,3.30,3.32,36067230,121338544.00
2017/03/16,3.33,3.36,3.32,3.35,52823746,179274336.00
2017/03/17,3.35,3.35,3.28,3.29,56524608,190075392.00
2017/03/20,3.29,3.31,3.25,3.28,48964513,162975040.00
2017/03/21,3.28,3.29,3.25,3.27,53516022,177076896.00
2017/03/22,3.25,3.27,3.23,3.25,50684459,167304592.00
2017/03/23,3.25,3.27,3.23,3.25,44023919,145229760.00
2017/03/24,3.25,3.29,3.24,3.28,51313364,170054464.00
2017/03/27,3.28,3.30,3.26,3.27,43924444,146217984.00
2017/03/28,3.26,3.27,3.23,3.24,39204718,129083360.00
2017/03/29,3.25,3.27,3.23,3.24,51299342,169246016.00
2017/03/30,3.25,3.25,3.18,3.21,59013077,192453568.00
2017/03/31,3.21,3.23,3.20,3.22,40081443,130922936.00
2017/04/05,3.22,3.33,3.22,3.32,110837418,370721536.00
2017/04/06,3.31,3.34,3.28,3.32,64082029,215179408.00
2017/04/07,3.30,3.33,3.29,3.32,60126982,202305744.00
2017/04/10,3.32,3.35,3.30,3.32,65381428,220716864.00
2017/04/11,3.32,3.49,3.32,3.42,229625558,796031680.00
2017/04/12,3.40,3.52,3.39,3.46,234281855,827036928.00
2017/04/13,3.47,3.50,3.43,3.48,108262931,380894912.00
2017/04/14,3.47,3.53,3.45,3.46,119290495,421562240.00
2017/04/17,3.52,3.59,3.41,3.47,149407788,529786752.00
2017/04/18,3.46,3.51,3.41,3.44,104775665,367691456.00
2017/04/19,3.41,3.42,3.32,3.36,100188324,341474848.00
2017/04/20,3.36,3.38,3.28,3.33,82210107,277427808.00
2017/04/21,3.34,3.41,3.34,3.38,75006912,257094704.00
2017/04/24,3.38,3.40,3.31,3.32,80414364,272909440.00
2017/04/25,3.32,3.41,3.32,3.41,69620912,238177264.00
2017/04/26,3.41,3.44,3.38,3.41,57909461,200433600.00
2017/04/27,3.40,3.44,3.32,3.43,80964491,278053728.00
2017/04/28,3.39,3.41,3.36,3.40,59189802,203309376.00
2017/05/02,3.39,3.42,3.36,3.39,45855187,157534656.00
2017/05/03,3.38,3.40,3.34,3.37,44003164,150329728.00
2017/05/04,3.38,3.38,3.30,3.32,64135909,217050944.00
2017/05/05,3.30,3.31,3.24,3.29,71465682,236885072.00
2017/05/08,3.27,3.27,3.22,3.25,54043709,178107968.00
2017/05/09,3.24,3.24,3.19,3.21,59040207,192628288.00
2017/05/10,3.21,3.23,3.17,3.18,52165100,169861376.00
2017/05/11,3.16,3.17,3.05,3.12,79305955,250410320.00
2017/05/12,3.11,3.15,3.10,3.13,37536671,119185704.00
2017/05/15,3.14,3.15,3.11,3.13,38306351,121707288.00
2017/05/16,3.12,3.18,3.09,3.18,46091087,146524160.00
2017/05/17,3.19,3.22,3.17,3.20,41666653,135343360.00
2017/05/18,3.18,3.20,3.16,3.17,23626693,76253520.00
2017/05/19,3.17,3.19,3.16,3.18,24407532,78746440.00
2017/05/22,3.19,3.21,3.14,3.16,35719442,115314232.00
2017/05/23,3.15,3.16,3.05,3.15,84348419,265424496.00
2017/05/24,3.10,3.12,3.06,3.11,49920528,156721328.00
2017/05/25,3.10,3.17,3.09,3.16,53626814,170614560.00
2017/05/26,3.17,3.17,3.13,3.14,33352476,106833672.00
2017/05/31,3.17,3.19,3.15,3.15,36238093,116554416.00
2017/06/01,3.14,3.15,3.09,3.13,68013098,215719872.00
2017/06/02,3.12,3.14,3.08,3.13,39856401,125785248.00
2017/06/05,3.13,3.15,3.12,3.14,34497844,110035712.00
2017/06/06,3.13,3.14,3.12,3.14,24577393,78158632.00
2017/06/07,3.14,3.19,3.13,3.19,49527309,159579552.00
2017/06/08,3.18,3.19,3.16,3.17,28853088,92993896.00
2017/06/09,3.17,3.18,3.14,3.16,36989530,118615376.00
2017/06/12,3.16,3.16,3.13,3.13,32915775,105091184.00
2017/06/13,3.12,3.20,3.11,3.18,65055329,209456128.00
2017/06/14,3.17,3.18,3.16,3.17,46508065,149808928.00
2017/06/15,3.16,3.19,3.16,3.19,31011222,100099224.00
2017/06/16,3.18,3.20,3.17,3.18,35035658,113177368.00
2017/06/19,3.17,3.20,3.16,3.19,34246653,110769248.00
2017/06/20,3.19,3.34,3.19,3.29,149235213,495551776.00
2017/06/21,3.28,3.32,3.27,3.28,66093404,220742064.00
2017/06/22,3.28,3.30,3.27,3.29,53894919,179828352.00
2017/06/23,3.28,3.29,3.20,3.28,72558805,239215680.00
2017/06/26,3.26,3.32,3.26,3.32,62516758,209333776.00
2017/06/27,3.31,3.32,3.28,3.30,41813011,139930768.00
2017/06/28,3.29,3.34,3.29,3.31,42974480,144710784.00
2017/06/29,3.32,3.35,3.31,3.34,57991827,196527296.00
2017/06/30,3.33,3.35,3.30,3.34,48022486,161942112.00
2017/07/03,3.33,3.38,3.32,3.37,47909066,163135280.00
2017/07/04,3.36,3.38,3.34,3.38,67477887,230532464.00
2017/07/05,3.39,3.44,3.37,3.41,84680597,288910112.00
2017/07/06,3.40,3.41,3.35,3.40,76914438,260484112.00
2017/07/07,3.39,3.48,3.36,3.46,108029915,369194048.00
2017/07/10,3.43,3.49,3.40,3.42,91194502,314285664.00
2017/07/11,3.41,3.42,3.37,3.38,82898419,281261440.00
2017/07/12,3.39,3.40,3.33,3.38,64479812,216659264.00
2017/07/13,3.39,3.44,3.36,3.40,74996306,255431792.00
2017/07/14,3.40,3.43,3.38,3.41,63162952,214999888.00
2017/07/17,3.41,3.52,3.28,3.46,216602657,746031104.00
2017/07/18,3.42,3.51,3.41,3.46,141958273,490903840.00
2017/07/19,3.47,3.65,3.46,3.65,340038388,1215755392.00
2017/07/20,3.63,3.65,3.56,3.58,181718508,653066048.00
2017/07/21,3.57,3.60,3.52,3.55,108550624,386556736.00
2017/07/24,3.54,3.60,3.52,3.55,100138023,356126656.00
2017/07/25,3.56,3.59,3.52,3.57,104338060,370768640.00
2017/07/26,3.63,3.66,3.54,3.54,150730191,539328320.00
2017/07/27,3.51,3.54,3.46,3.50,137987691,481186816.00
2017/07/28,3.48,3.51,3.46,3.49,74809200,260501552.00
2017/08/02,3.60,3.60,3.60,3.60,0,0.00
数据来源:通达信
