600825 新华传媒 日线 前复权
      日期	    开盘	    最高	    最低	    收盘	    成交量	    成交额
2010/10/08,10.92,10.95,10.73,10.92,24834806,273249472.00
2010/10/11,10.98,11.08,10.51,10.59,26413851,289482208.00
2010/10/12,10.59,10.69,10.10,10.25,21521772,225231904.00
2010/10/13,10.29,10.29,9.92,10.13,18322482,187502480.00
2010/10/14,10.13,10.21,9.68,9.68,17505038,176044032.00
2010/10/15,9.67,9.89,9.43,9.68,18048696,177817424.00
2010/10/18,9.75,9.77,9.21,9.45,15163971,145167488.00
2010/10/19,9.44,10.02,9.39,9.97,18627777,184596448.00
2010/10/20,9.78,10.13,9.70,9.86,16128484,162035104.00
2010/10/21,10.02,10.02,9.68,9.79,8705554,86561504.00
2010/10/22,9.79,9.86,9.62,9.76,9206063,91141528.00
2010/10/25,9.93,10.11,9.84,9.97,17608802,179176160.00
2010/10/26,9.96,10.14,9.53,9.79,26568801,264854896.00
2010/10/27,9.83,9.92,9.71,9.81,16428983,164043904.00
2010/10/28,9.86,9.99,9.59,9.70,13603503,135183888.00
2010/10/29,9.63,10.11,9.54,9.96,27965971,281232768.00
2010/11/01,9.91,10.06,9.82,10.04,23334855,236039360.00
2010/11/02,10.04,10.04,9.83,9.85,16528648,166525504.00
2010/11/03,9.85,10.06,9.83,9.91,13947305,140994224.00
2010/11/04,9.97,10.04,9.83,9.95,17916086,180740592.00
2010/11/05,10.01,10.60,9.88,10.40,35513503,371602784.00
2010/11/08,10.36,10.66,10.28,10.53,19827060,211945184.00
2010/11/09,10.55,10.60,10.23,10.46,15530377,163731200.00
2010/11/11,10.38,10.53,10.18,10.21,17016868,179367280.00
2010/11/12,10.11,10.16,9.18,9.26,19940795,197364160.00
2010/11/15,9.26,9.38,8.96,9.19,10857615,101130776.00
2010/11/16,9.17,9.20,8.71,8.76,12453250,113265552.00
2010/11/17,8.73,8.94,8.43,8.59,8806366,78332328.00
2010/11/18,8.71,8.85,8.58,8.71,4859210,43000632.00
2010/11/19,8.77,8.79,8.55,8.74,8312130,73459024.00
2010/11/22,8.68,9.01,8.64,8.88,9452946,85375008.00
2010/11/23,8.83,8.86,8.35,8.61,7894466,68925808.00
2010/11/24,8.46,8.72,8.46,8.70,7995669,69985808.00
2010/11/25,8.73,8.98,8.66,8.94,10311574,92813688.00
2010/11/26,8.95,8.95,8.70,8.77,6111430,54796992.00
2010/11/29,8.75,8.91,8.63,8.73,7467828,66796744.00
2010/11/30,8.73,8.81,8.23,8.35,7983006,68749480.00
2010/12/01,8.33,8.51,8.33,8.39,3325111,28497808.00
2010/12/02,8.45,8.50,8.31,8.44,9762339,83663912.00
2010/12/03,8.44,8.48,8.12,8.20,8073919,67887584.00
2010/12/06,8.19,8.25,7.83,7.99,8154670,66648168.00
2010/12/07,7.98,8.02,7.83,8.01,7315990,59236072.00
2010/12/08,8.05,8.13,7.94,7.97,6785888,55755268.00
2010/12/09,7.95,7.95,7.68,7.76,10219294,81542624.00
2010/12/10,7.77,7.91,7.70,7.90,11430865,91192208.00
2010/12/13,7.89,8.18,7.85,8.13,11386670,93396576.00
2010/12/14,8.16,8.33,8.11,8.23,11052877,92779864.00
2010/12/15,8.22,8.22,8.04,8.12,8021768,66563280.00
2010/12/16,8.11,8.19,8.10,8.12,4185068,34750744.00
2010/12/17,8.13,8.15,8.05,8.14,3848065,31824624.00
2010/12/20,8.14,8.20,7.78,8.00,7108027,57734984.00
2010/12/21,7.99,8.17,7.86,8.16,6637448,54602500.00
2010/12/22,8.21,8.28,8.07,8.08,9285207,77689256.00
2010/12/23,7.98,8.03,7.86,7.88,6114852,49427868.00
2010/12/24,7.86,7.88,7.71,7.79,5434786,43162944.00
2010/12/27,7.81,7.89,7.55,7.56,5861903,46488208.00
2010/12/28,7.56,7.68,7.34,7.57,6476351,49699352.00
2010/12/29,7.59,7.59,7.45,7.59,2853887,21960224.00
2010/12/30,7.58,7.58,7.35,7.48,5312187,40534408.00
2010/12/31,7.47,7.61,7.47,7.59,6476139,49742384.00
2011/01/04,7.59,7.68,7.53,7.68,7182199,55880756.00
2011/01/05,7.66,7.78,7.59,7.71,5649826,44390736.00
2011/01/06,7.68,7.72,7.60,7.62,4086617,31971660.00
2011/01/07,7.60,7.72,7.53,7.65,4835819,37734300.00
2011/01/10,7.59,7.67,7.42,7.43,3925435,30304680.00
2011/01/11,7.49,7.50,7.35,7.50,4712779,35897492.00
2011/01/12,7.50,7.93,7.50,7.89,16143736,127993776.00
2011/01/13,7.86,7.99,7.75,7.86,11345754,91059344.00
2011/01/14,7.82,8.16,7.78,7.87,11874636,96141280.00
2011/01/17,7.82,7.82,7.42,7.43,7370473,56799608.00
2011/01/18,7.37,7.50,7.31,7.39,4009167,30288560.00
2011/01/19,7.38,7.52,7.28,7.50,5561354,42095508.00
2011/01/20,7.47,7.52,7.09,7.11,5718190,42626228.00
2011/01/21,7.08,7.20,6.99,7.06,4119823,29873508.00
2011/01/24,7.03,7.13,6.83,6.90,3932992,28134076.00
2011/01/25,6.91,6.98,6.76,6.85,3936295,27530160.00
2011/01/26,6.89,6.99,6.83,6.98,2361456,16730288.00
2011/01/27,6.94,7.07,6.89,7.00,3845684,27599468.00
2011/01/28,7.02,7.09,6.98,7.04,3052477,21967112.00
2011/01/31,7.04,7.21,7.03,7.18,4104175,29992324.00
2011/02/01,7.18,7.20,7.08,7.15,2857146,20846704.00
2011/02/09,7.12,7.17,7.02,7.09,2589619,18820770.00
2011/02/10,7.04,7.27,7.03,7.25,4587433,33676168.00
2011/02/11,7.24,7.33,7.19,7.29,4603412,34232864.00
2011/02/14,7.30,7.45,7.29,7.44,6190951,46749000.00
2011/02/15,7.44,7.49,7.36,7.38,6482048,49242344.00
2011/02/16,7.39,7.56,7.37,7.55,6275711,47882692.00
2011/02/17,7.59,7.68,7.46,7.53,7298100,56285912.00
2011/02/18,7.52,7.53,7.36,7.43,4966006,37760264.00
2011/02/21,7.43,7.57,7.33,7.55,7472341,57056112.00
2011/02/22,7.54,7.55,7.28,7.29,6689980,50561828.00
2011/02/23,7.33,7.39,7.24,7.36,4815106,36056704.00
2011/02/24,7.33,7.67,7.27,7.59,11408203,87683456.00
2011/02/25,7.53,7.56,7.41,7.52,7489853,57290532.00
2011/02/28,7.54,7.71,7.47,7.69,8765352,68354552.00
2011/03/01,7.72,7.93,7.71,7.83,13136354,105069720.00
2011/03/02,7.78,7.80,7.63,7.78,6873745,54183600.00
2011/03/03,7.79,7.83,7.59,7.60,6832669,53619792.00
2011/03/04,7.58,7.73,7.54,7.70,5211163,40667908.00
2011/03/07,7.72,7.81,7.65,7.79,7368852,58356396.00
2011/03/08,7.80,7.86,7.73,7.83,6299865,50237240.00
2011/03/09,7.83,7.90,7.73,7.79,5927666,47282620.00
2011/03/10,7.79,7.79,7.65,7.66,5436932,42783012.00
2011/03/11,7.63,7.80,7.60,7.70,5002931,39397288.00
2011/03/14,7.63,7.72,7.61,7.72,5291821,41438280.00
2011/03/15,7.73,7.73,7.35,7.48,6849884,52414624.00
2011/03/16,7.47,7.56,7.44,7.54,4146473,31806944.00
2011/03/17,7.48,7.53,7.35,7.49,5459628,41404376.00
2011/03/18,7.66,7.70,7.42,7.48,6486334,49920592.00
2011/03/21,7.45,7.47,7.29,7.40,6103922,46046172.00
2011/03/22,7.39,7.70,7.39,7.68,14194463,109548504.00
2011/03/23,7.68,8.32,7.63,7.96,24476602,197680080.00
2011/03/24,7.91,8.20,7.85,7.98,16532997,134784928.00
2011/03/25,8.02,8.06,7.87,8.05,14751390,120247472.00
2011/03/28,8.05,8.69,8.03,8.54,34736896,297445696.00
2011/03/29,8.48,8.65,8.36,8.45,18793720,162759424.00
2011/03/30,8.45,8.55,8.22,8.27,12122922,102735976.00
2011/03/31,8.26,8.26,8.05,8.16,8488414,70390824.00
2011/04/01,8.17,8.31,8.08,8.30,8258247,69242496.00
2011/04/06,8.23,8.50,8.15,8.37,9488505,80668656.00
2011/04/07,8.41,8.41,8.22,8.27,7571640,64011712.00
2011/04/08,8.27,8.27,8.07,8.19,10298661,85716648.00
2011/04/11,8.20,8.21,8.05,8.12,6295284,52030880.00
2011/04/12,8.13,8.28,8.07,8.14,9764746,81576304.00
2011/04/13,8.13,8.19,8.01,8.18,5455308,45056256.00
2011/04/14,8.18,8.37,8.14,8.26,9167363,77391128.00
2011/04/15,8.25,8.31,8.09,8.23,7485926,62618748.00
2011/04/18,8.22,8.22,7.96,8.00,8862180,72848608.00
2011/04/19,7.99,8.06,7.74,7.86,8937778,71863432.00
2011/04/20,7.88,8.03,7.82,8.02,8651757,70254984.00
2011/04/21,8.17,8.17,7.83,7.99,10097357,82331832.00
2011/04/22,8.00,8.01,7.82,7.84,6603467,53249604.00
2011/04/25,7.84,7.85,7.63,7.70,5129878,40500868.00
2011/04/26,7.69,7.77,7.51,7.57,4104336,31927594.00
2011/04/28,7.58,7.58,7.13,7.14,7853539,58700668.00
2011/04/29,7.16,7.27,7.07,7.26,3780150,27767944.00
2011/05/03,7.27,7.41,7.17,7.37,6634058,49372340.00
2011/05/04,7.33,7.33,7.16,7.31,6372526,47147868.00
2011/05/05,7.30,7.59,7.24,7.58,6823798,52010096.00
2011/05/06,7.52,8.16,7.45,8.03,16138355,128329888.00
2011/05/09,7.98,8.18,7.83,7.95,18558817,150985632.00
2011/05/10,7.85,8.10,7.72,7.87,7745479,62003668.00
2011/05/11,7.87,7.87,7.64,7.71,4741655,37517400.00
2011/05/12,7.64,7.76,7.44,7.48,4566441,35564020.00
2011/05/13,7.47,7.57,7.38,7.48,4809505,36643448.00
2011/05/16,7.51,7.59,7.38,7.46,4833143,37010612.00
2011/05/17,7.43,7.53,7.36,7.48,3697192,28193666.00
2011/05/18,7.49,7.58,7.43,7.52,3003871,23117370.00
2011/05/19,7.52,7.56,7.40,7.41,3326368,25404132.00
2011/05/20,7.41,7.45,7.34,7.41,2551634,19299416.00
2011/05/23,7.39,7.42,7.11,7.13,4079150,30265588.00
2011/05/25,7.13,7.21,6.99,7.00,2416800,17604836.00
2011/05/26,7.03,7.12,6.98,7.01,1932882,13966282.00
2011/05/27,7.01,7.07,6.89,6.90,2579322,18386972.00
2011/05/30,6.90,6.97,6.81,6.89,1857188,13124578.00
2011/05/31,6.91,7.03,6.87,7.02,2237316,15951300.00
2011/06/01,7.00,7.06,6.94,7.04,1884046,13510042.00
2011/06/02,6.98,6.98,6.77,6.85,3038331,21347654.00
2011/06/03,6.88,6.93,6.86,6.92,2026175,14325061.00
2011/06/07,6.90,6.97,6.86,6.95,1753315,12457821.00
2011/06/08,6.99,6.99,6.88,6.96,2182895,15524371.00
2011/06/09,6.93,7.03,6.81,6.82,2837803,20146008.00
2011/06/10,6.77,6.86,6.69,6.79,3091412,21443820.00
2011/06/13,6.78,6.79,6.63,6.71,2301630,15767032.00
2011/06/14,6.70,6.79,6.67,6.77,2061478,14286018.00
2011/06/15,6.79,6.80,6.64,6.66,3041683,20968092.00
2011/06/16,6.64,6.66,6.42,6.44,3862400,25907710.00
2011/06/17,6.43,6.49,6.39,6.41,1698097,11242238.00
2011/06/20,6.39,6.45,6.28,6.34,1648745,10745857.00
2011/06/21,6.38,6.42,6.28,6.41,1637961,10693732.00
2011/06/22,6.41,6.46,6.36,6.43,1644276,10814286.00
2011/06/23,6.44,6.55,6.37,6.54,2326046,15435911.00
2011/06/24,6.56,6.68,6.50,6.63,4423909,29954716.00
2011/06/27,6.61,6.69,6.60,6.65,3160346,21554968.00
2011/06/28,6.64,6.66,6.56,6.60,2561737,17334752.00
2011/06/29,6.62,6.66,6.57,6.58,2735388,18557064.00
2011/06/30,6.56,6.74,6.53,6.70,4292662,29306462.00
2011/07/01,6.70,6.74,6.65,6.66,2255339,15476715.00
2011/07/04,6.68,6.81,6.66,6.79,3188576,22077200.00
2011/07/05,6.80,6.83,6.74,6.80,2275503,15806144.00
2011/07/06,6.81,6.85,6.73,6.78,2377362,16500880.00
2011/07/07,6.76,6.86,6.72,6.81,4769357,33207924.00
2011/07/08,6.79,6.85,6.76,6.78,2445799,17024178.00
2011/07/11,6.77,6.83,6.73,6.79,2793351,19445292.00
2011/07/12,6.76,6.76,6.54,6.60,4007988,27299348.00
2011/07/13,6.57,6.72,6.57,6.70,2330205,15919895.00
2011/07/14,6.69,6.81,6.67,6.80,3924661,27064588.00
2011/07/15,6.80,6.89,6.76,6.86,4637232,32524652.00
2011/07/18,6.88,6.90,6.83,6.86,2135380,14922289.00
2011/07/19,6.84,6.84,6.72,6.77,2052429,14142897.00
2011/07/20,6.80,6.83,6.72,6.79,3394472,23390200.00
2011/07/21,6.79,7.26,6.78,7.24,18243537,130716376.00
2011/07/22,7.09,7.63,7.05,7.51,20706044,154136208.00
2011/07/25,7.44,7.66,7.11,7.13,27468356,207014752.00
2011/07/26,7.12,7.17,6.86,7.00,6615042,47054336.00
2011/07/27,6.93,7.54,6.93,7.40,12808895,94350336.00
2011/07/28,7.28,7.54,7.15,7.15,17398346,129088336.00
2011/07/29,7.11,7.20,6.94,6.95,5910452,42236628.00
2011/08/01,6.98,7.09,6.88,6.89,5589080,39591928.00
2011/08/02,6.90,6.99,6.66,6.96,5880575,40608656.00
2011/08/03,6.88,7.03,6.79,6.91,7449710,52749248.00
2011/08/04,6.92,7.00,6.88,6.93,3041463,21455706.00
2011/08/05,6.72,6.81,6.58,6.63,5196617,35311756.00
2011/08/08,6.58,6.58,5.96,6.07,7274666,46187972.00
2011/08/09,5.87,6.37,5.68,6.25,11150998,69075280.00
2011/08/10,6.28,6.53,6.23,6.49,11539957,75191400.00
2011/08/11,6.28,6.63,6.27,6.52,12021984,79035576.00
2011/08/12,6.58,7.00,6.46,6.87,14296385,97074736.00
2011/08/15,6.83,7.17,6.69,6.77,14260733,99056600.00
2011/08/16,6.77,6.78,6.55,6.56,5758721,38963248.00
2011/08/17,6.58,6.65,6.52,6.54,2403794,16086375.00
2011/08/18,6.54,6.59,6.38,6.38,2593591,17129188.00
2011/08/19,6.21,6.34,6.16,6.31,2770364,17644390.00
2011/08/22,6.31,6.46,6.26,6.31,2858248,18448036.00
2011/08/23,6.32,6.42,6.30,6.40,1856174,12051478.00
2011/08/24,6.44,6.51,6.36,6.37,2181042,14302458.00
2011/08/25,6.40,6.54,6.35,6.52,3535579,23258164.00
2011/08/26,6.48,6.63,6.46,6.55,3100700,20701084.00
2011/08/29,6.53,6.53,6.45,6.46,1685011,11122771.00
2011/08/30,6.55,6.55,6.31,6.34,2542633,16749879.00
2011/08/31,6.32,6.42,6.21,6.41,2590872,16662288.00
2011/09/01,6.43,6.56,6.36,6.48,3256967,21466280.00
2011/09/02,6.49,6.53,6.33,6.34,1943094,12708152.00
2011/09/05,6.26,6.42,6.08,6.37,5316668,33952256.00
2011/09/06,6.28,6.37,6.20,6.24,2495510,16006855.00
2011/09/07,6.26,6.55,6.26,6.47,4781567,31352198.00
2011/09/08,6.50,6.51,6.30,6.35,3631067,23669988.00
2011/09/09,6.40,6.55,6.35,6.37,5055315,33213874.00
2011/09/13,6.28,6.28,6.08,6.18,2417959,15243979.00
2011/09/14,6.19,6.41,6.13,6.39,3000198,19097330.00
2011/09/15,6.39,6.52,6.33,6.45,3427808,22503254.00
2011/09/16,6.49,6.67,6.45,6.53,8909964,59723040.00
2011/09/19,6.46,6.49,6.33,6.36,2524094,16503169.00
2011/09/20,6.31,6.47,6.28,6.43,1874660,12205894.00
2011/09/21,6.39,7.00,6.39,6.81,7336577,49799112.00
2011/09/22,6.71,6.79,6.54,6.54,5572631,37963880.00
2011/09/23,6.42,6.68,6.36,6.63,10023303,67266984.00
2011/09/26,6.58,6.66,6.46,6.48,7872949,52937484.00
2011/09/27,6.57,6.75,6.54,6.61,15603246,105353344.00
2011/09/28,6.63,6.63,6.24,6.26,8256338,53951520.00
2011/09/29,6.21,6.35,6.08,6.10,4382355,27601124.00
2011/09/30,6.10,6.22,6.05,6.11,3756667,23474136.00
2011/10/10,6.16,6.41,6.16,6.39,10099741,64440720.00
2011/10/11,6.41,6.56,6.07,6.16,14510243,93462920.00
2011/10/12,6.06,6.48,5.91,6.47,10733548,68543808.00
2011/10/13,6.50,6.88,6.46,6.74,20168339,137683840.00
2011/10/14,6.72,6.96,6.64,6.77,14327696,99158128.00
2011/10/17,6.80,6.85,6.59,6.79,17673396,120876424.00
2011/10/18,6.68,6.71,6.54,6.66,6845114,46114524.00
2011/10/19,6.73,7.02,6.57,6.59,21378214,148708928.00
2011/10/20,6.52,6.54,6.26,6.35,9616133,62499680.00
2011/10/21,6.28,6.37,6.15,6.18,4825804,30677640.00
2011/10/24,6.23,6.63,6.06,6.61,12290923,80223960.00
2011/10/25,6.58,7.28,6.51,7.28,78108369,569226432.00
2011/10/26,7.19,7.78,7.10,7.50,69449555,522692608.00
2011/10/27,7.38,7.44,7.20,7.32,28778301,213671456.00
2011/10/28,7.34,7.83,7.31,7.51,50813266,389314464.00
2011/10/31,7.46,8.06,7.38,7.84,48593696,383778464.00
2011/11/01,7.69,7.85,7.56,7.70,32602152,255201056.00
2011/11/02,7.47,8.46,7.47,8.44,63960571,515594368.00
2011/11/03,8.36,8.51,8.08,8.12,60091802,501057440.00
2011/11/04,8.12,8.31,7.84,7.96,34991940,286170624.00
2011/11/07,7.98,8.10,7.82,8.04,19684396,159612736.00
2011/11/08,8.05,8.08,7.68,7.71,30143876,240699424.00
2011/11/09,7.73,8.11,7.53,8.07,40758520,325620608.00
2011/11/10,7.92,7.99,7.56,7.60,29292953,232182112.00
2011/11/11,7.63,8.37,7.60,8.17,81221556,675469632.00
2011/11/14,8.17,8.46,8.08,8.34,68384080,576161600.00
2011/11/16,8.40,8.42,7.89,8.04,36467166,300558976.00
2011/11/17,8.08,8.14,7.88,7.92,22277709,180288768.00
2011/11/18,7.87,8.05,7.69,7.75,24578122,196353856.00
2011/11/21,7.83,7.98,7.70,7.92,23653439,188747792.00
2011/11/22,7.77,8.06,7.67,7.85,23782971,189614768.00
2011/11/23,7.79,7.92,7.55,7.81,18679497,146864144.00
2011/11/24,7.73,7.77,7.48,7.56,31812807,246399280.00
2011/11/25,7.51,7.66,7.38,7.49,23830008,182229264.00
2011/11/28,7.49,7.74,7.41,7.52,17273159,132766008.00
2011/11/29,7.62,7.65,7.40,7.57,13397660,102300936.00
2011/11/30,7.56,7.62,6.86,6.99,21404429,155614544.00
2011/12/01,7.26,7.58,7.02,7.04,20806221,153240080.00
2011/12/02,7.02,7.27,6.87,7.07,15146103,108933008.00
2011/12/05,7.08,7.16,6.72,6.77,12419667,88060568.00
2011/12/06,6.76,6.99,6.56,6.90,17076422,118318896.00
2011/12/07,6.88,6.96,6.73,6.82,11587205,80694888.00
2011/12/08,6.82,7.23,6.70,7.01,22462647,160372896.00
2011/12/09,6.91,7.03,6.78,6.83,10804624,75692584.00
2011/12/12,6.83,6.90,6.64,6.65,7209470,49751088.00
2011/12/13,6.60,6.81,6.25,6.59,15053130,100045592.00
2011/12/14,6.51,6.62,6.24,6.32,10208434,67077140.00
2011/12/15,6.24,6.56,6.19,6.28,11802733,76517704.00
2011/12/16,6.22,6.52,6.22,6.50,9095342,59187656.00
2011/12/19,6.43,6.79,6.33,6.71,16583697,110792880.00
2011/12/20,6.62,6.75,6.50,6.52,11779058,79508944.00
2011/12/21,6.57,6.68,6.37,6.38,7619366,50805224.00
2011/12/22,6.31,6.36,5.88,6.15,11814581,74106576.00
2011/12/23,6.13,6.34,6.07,6.20,8395240,53084312.00
2011/12/26,6.17,6.28,5.99,6.00,6741598,42134120.00
2011/12/27,5.98,5.98,5.66,5.70,10365663,61565848.00
2011/12/28,5.63,5.63,5.37,5.59,11395987,64323692.00
2011/12/29,5.53,5.59,5.47,5.49,6916220,38986464.00
2011/12/30,5.53,5.78,5.53,5.62,9525877,54941732.00
2012/01/04,5.69,5.82,5.54,5.55,8553810,49586624.00
2012/01/05,5.46,5.57,5.31,5.39,7383173,40903400.00
2012/01/06,5.39,5.47,5.28,5.45,6148065,33797104.00
2012/01/09,5.46,5.66,5.35,5.65,8391118,47557796.00
2012/01/10,5.62,5.92,5.61,5.91,14320955,84719544.00
2012/01/11,5.86,6.28,5.76,6.00,17783531,109233368.00
2012/01/12,5.90,6.03,5.85,5.90,9819235,59399028.00
2012/01/13,5.93,5.96,5.55,5.57,9956025,57835572.00
2012/01/16,5.43,5.57,5.40,5.41,3748373,21001984.00
2012/01/17,5.41,5.75,5.38,5.75,7804430,44555920.00
2012/01/18,5.75,5.83,5.56,5.59,9046634,52767588.00
2012/01/19,5.57,5.65,5.39,5.50,11162000,62801040.00
2012/01/20,5.53,5.64,5.50,5.58,9357401,53344656.00
2012/01/30,5.57,5.68,5.53,5.58,6042231,34564932.00
2012/01/31,5.56,5.83,5.47,5.79,11649547,67401104.00
2012/02/01,5.72,5.78,5.59,5.62,8004372,46573016.00
2012/02/02,5.63,5.92,5.61,5.83,12379209,72960712.00
2012/02/03,5.80,5.91,5.77,5.82,12048449,71783920.00
2012/02/06,5.82,5.87,5.73,5.81,8532747,50637852.00
2012/02/07,5.78,5.90,5.73,5.78,11804958,70069760.00
2012/02/08,5.76,5.91,5.69,5.89,11731599,69730144.00
2012/02/09,5.90,6.03,5.84,5.87,14757774,89276976.00
2012/02/10,5.86,5.94,5.81,5.91,9573233,57442216.00
2012/02/13,5.88,6.03,5.80,5.93,13557925,81932576.00
2012/02/14,5.93,5.95,5.84,5.89,7939692,47642888.00
2012/02/15,5.90,6.12,5.83,6.06,22893137,139719104.00
2012/02/16,6.07,6.20,5.96,6.05,19893692,123567504.00
2012/02/17,6.04,6.10,5.93,6.03,9897462,60512460.00
2012/02/20,6.12,6.15,6.01,6.03,14389664,89361784.00
2012/02/21,6.03,6.23,5.97,6.19,21414483,133598648.00
2012/02/22,6.13,6.32,6.09,6.27,25731978,162514768.00
2012/02/23,6.23,6.27,6.10,6.17,17522956,110468576.00
2012/02/24,6.17,6.37,6.14,6.26,22686919,144853008.00
2012/02/27,6.29,6.40,6.25,6.26,18681390,120232824.00
2012/02/28,6.22,6.29,6.15,6.26,15779310,100138392.00
2012/03/01,6.14,6.22,6.11,6.15,9812451,61669396.00
2012/03/02,6.14,6.27,6.14,6.26,11285620,71505424.00
2012/03/05,6.30,6.38,6.25,6.28,16969964,108963920.00
2012/03/06,6.24,6.34,6.19,6.21,12470284,79588560.00
2012/03/07,6.15,6.18,6.04,6.10,12109437,75563096.00
2012/03/08,6.11,6.72,6.10,6.72,29170397,193258032.00
2012/03/09,6.85,7.35,6.71,7.30,62130809,443735488.00
2012/03/12,7.13,7.44,7.03,7.22,59449523,433839680.00
2012/03/13,7.22,7.22,6.99,7.09,28262270,202951408.00
2012/03/14,7.06,7.10,6.48,6.58,32936413,229428192.00
2012/03/15,6.65,6.73,6.42,6.68,28434358,191366992.00
2012/03/16,6.72,7.13,6.50,7.07,38797709,270753920.00
2012/03/19,6.94,7.11,6.83,7.01,25511461,181668784.00
2012/03/20,7.00,7.00,6.64,6.67,18270778,126458728.00
2012/03/21,6.68,7.28,6.67,7.11,38720811,277587712.00
2012/03/22,7.03,7.16,6.88,7.12,19046369,135842080.00
2012/03/23,7.09,7.48,6.98,7.35,44212776,327475520.00
2012/03/26,7.23,7.34,6.94,7.07,32589888,237135280.00
2012/03/27,7.08,7.13,6.96,6.99,13463883,96147712.00
2012/03/28,6.92,7.17,6.62,6.66,18552714,129195248.00
2012/03/29,6.47,7.08,6.38,6.89,35792795,245365760.00
2012/03/30,6.78,6.85,6.46,6.59,28940239,197292592.00
2012/04/05,6.55,6.81,6.51,6.75,16067398,109547720.00
2012/04/06,6.70,6.84,6.62,6.76,18123165,124056768.00
2012/04/09,6.72,6.72,6.38,6.40,15386487,102270072.00
2012/04/10,6.37,6.55,6.27,6.51,12683471,82773600.00
2012/04/11,6.40,6.53,6.36,6.46,9377209,61583544.00
2012/04/12,6.49,6.65,6.41,6.59,15592188,104029744.00
2012/04/13,6.61,6.73,6.57,6.65,15124752,102294320.00
2012/04/16,6.59,6.67,6.53,6.60,9863236,66290756.00
2012/04/17,6.60,6.74,6.44,6.60,16679799,112022152.00
2012/04/18,6.56,7.07,6.55,6.83,27900661,194722144.00
2012/04/19,6.80,6.86,6.73,6.82,14466904,99949336.00
2012/04/20,6.86,7.13,6.80,7.09,26771415,189252544.00
2012/04/23,7.07,7.08,6.76,6.83,21331184,150508848.00
2012/04/24,6.73,6.88,6.48,6.81,16326308,111424416.00
2012/04/25,6.75,7.06,6.63,6.95,21140134,147982480.00
2012/04/26,6.97,7.09,6.79,6.83,15511863,109240480.00
2012/04/27,6.83,6.93,6.65,6.66,13127426,90630704.00
2012/05/02,6.73,6.85,6.65,6.79,12226703,84156768.00
2012/05/03,6.74,6.84,6.60,6.64,14616825,99302288.00
2012/05/04,6.60,6.73,6.60,6.72,8183449,55616304.00
2012/05/07,6.66,6.76,6.58,6.75,9461569,64128652.00
2012/05/08,6.74,6.90,6.74,6.79,18200740,126444000.00
2012/05/09,6.72,6.73,6.49,6.50,12513020,84026640.00
2012/05/10,6.53,6.58,6.46,6.48,8550879,56701456.00
2012/05/11,6.54,6.58,6.46,6.46,6439924,42756784.00
2012/05/14,6.52,6.56,6.40,6.41,6272184,41456392.00
2012/05/15,6.36,6.36,6.14,6.28,10435858,66392244.00
2012/05/16,6.27,6.29,6.14,6.14,5409500,34247764.00
2012/05/17,6.14,6.77,6.14,6.77,33886918,229624352.00
2012/05/21,6.63,7.01,6.33,6.96,45043214,309510880.00
2012/05/22,6.81,6.90,6.70,6.77,31811750,220028464.00
2012/05/23,6.74,6.82,6.56,6.66,13635915,92374896.00
2012/05/24,6.61,6.78,6.51,6.67,13649532,92252088.00
2012/05/25,6.64,6.69,6.48,6.50,9097676,60899992.00
2012/05/28,6.48,6.64,6.29,6.54,9411741,61689768.00
2012/05/29,6.50,6.75,6.47,6.64,12294229,83396016.00
2012/05/30,6.66,6.72,6.55,6.61,8417509,56871024.00
2012/05/31,6.58,6.77,6.53,6.66,12514046,84869504.00
2012/06/01,6.59,6.69,6.53,6.56,8017357,53871264.00
2012/06/04,6.40,6.49,6.24,6.26,9627193,62348868.00
2012/06/05,6.28,6.35,6.21,6.28,5716049,36546792.00
2012/06/06,6.32,6.34,6.16,6.25,4797894,30551564.00
2012/06/07,6.31,6.35,6.18,6.21,4177443,26666476.00
2012/06/08,6.30,6.32,6.20,6.22,3549700,22601856.00
2012/06/11,6.21,6.35,6.21,6.31,4075029,26119048.00
2012/06/12,6.28,6.28,6.19,6.21,3558942,22570404.00
2012/06/13,6.21,6.30,6.20,6.27,6110994,38927312.00
2012/06/14,6.27,6.34,6.24,6.27,5594016,35822824.00
2012/06/15,6.32,6.35,6.19,6.27,5025587,32057708.00
2012/06/18,6.31,6.41,6.25,6.36,8506349,54923744.00
2012/06/19,6.39,6.45,6.35,6.38,8757343,57141632.00
2012/06/20,6.38,6.44,6.31,6.31,4701912,30486276.00
2012/06/21,6.33,6.33,6.15,6.21,4691639,29705332.00
2012/06/25,6.16,6.20,6.02,6.03,4689024,29064412.00
2012/06/26,5.97,6.03,5.91,5.96,4184228,25473240.00
2012/06/27,5.95,6.01,5.93,5.94,3492468,21281136.00
2012/06/28,5.97,5.98,5.72,5.74,4426116,26365594.00
2012/06/29,5.75,5.84,5.70,5.82,3646503,21487468.00
2012/07/02,5.86,5.93,5.81,5.83,3287154,19663256.00
2012/07/03,5.83,5.93,5.81,5.87,3499928,20994272.00
2012/07/04,5.86,5.90,5.75,5.78,3729331,22073052.00
2012/07/05,5.73,5.73,5.48,5.52,5674351,32286916.00
2012/07/06,5.59,5.65,5.45,5.64,4751927,26988160.00
2012/07/09,5.58,5.61,5.34,5.37,5464338,30555892.00
2012/07/10,5.38,5.76,5.33,5.59,7788809,44051812.00
2012/07/11,5.55,5.64,5.48,5.55,4278881,24296416.00
2012/07/12,5.52,5.61,5.48,5.60,3759948,21230938.00
2012/07/13,5.60,5.65,5.54,5.60,3248736,18455472.00
2012/07/16,5.60,5.61,5.32,5.33,4332047,23837646.00
2012/07/17,5.33,5.41,5.31,5.40,2041191,11112882.00
2012/07/18,5.41,5.46,5.29,5.44,2944052,16073352.00
2012/07/19,5.43,5.68,5.40,5.58,7010561,39669312.00
2012/07/20,5.57,5.60,5.48,5.49,3953531,22202244.00
2012/07/23,5.49,5.70,5.36,5.54,5115318,28660272.00
2012/07/24,5.47,5.63,5.45,5.58,4205238,23746008.00
2012/07/25,5.59,5.69,5.51,5.54,5936015,33691168.00
2012/07/26,5.52,5.60,5.44,5.45,3835909,21491390.00
2012/07/27,5.49,5.54,5.38,5.42,2741091,15201311.00
2012/07/30,5.40,5.48,5.27,5.29,3020475,16417367.00
2012/07/31,5.29,5.34,5.07,5.17,3052729,16021809.00
2012/08/01,5.18,5.32,5.17,5.25,2542921,13566265.00
2012/08/02,5.23,5.28,5.18,5.21,2155073,11430161.00
2012/08/03,5.23,5.37,5.19,5.35,4177355,22471104.00
2012/08/06,5.34,5.45,5.28,5.43,4230263,23113134.00
2012/08/07,5.50,5.69,5.47,5.53,7944794,44982464.00
2012/08/08,5.48,5.61,5.48,5.57,5347015,30094136.00
2012/08/09,5.57,5.61,5.49,5.58,3993693,22464310.00
2012/08/10,5.55,5.58,5.50,5.52,4553241,25548868.00
2012/08/13,5.52,5.52,5.30,5.30,5231507,28694580.00
2012/08/14,5.27,5.41,5.22,5.40,5776503,31267700.00
2012/08/15,5.40,5.52,5.35,5.42,7296940,40527812.00
2012/08/16,5.45,5.45,5.33,5.34,2179769,11871552.00
2012/08/17,5.34,5.46,5.31,5.41,2421408,13239404.00
2012/08/20,5.40,5.45,5.30,5.41,2346309,12781562.00
2012/08/21,5.38,5.52,5.38,5.49,3437066,19075510.00
2012/08/22,5.50,5.65,5.45,5.52,9603998,53924976.00
2012/08/23,5.47,5.54,5.44,5.51,5340110,29744856.00
2012/08/24,5.51,5.51,5.32,5.33,4424921,24236552.00
2012/08/27,5.30,5.31,5.14,5.15,3424120,18062702.00
2012/08/28,5.15,5.24,5.11,5.17,3182784,16698594.00
2012/08/29,5.17,5.19,5.08,5.08,2737821,14255978.00
2012/08/30,5.09,5.13,4.96,5.06,4146933,21271032.00
2012/08/31,5.02,5.09,5.01,5.05,1919110,9828397.00
2012/09/03,5.05,5.18,5.02,5.13,2798113,14522557.00
2012/09/04,5.14,5.16,5.04,5.06,2931444,15188972.00
2012/09/05,5.03,5.11,5.00,5.07,2624923,13500638.00
2012/09/06,5.07,5.17,5.07,5.13,3315939,17255536.00
2012/09/07,5.17,5.37,5.15,5.30,6898849,36935680.00
2012/09/10,5.32,5.36,5.26,5.33,4181861,22523368.00
2012/09/11,5.33,5.47,5.26,5.36,7739565,42191792.00
2012/09/12,5.35,5.40,5.29,5.36,4430349,24030060.00
2012/09/13,5.36,5.45,5.32,5.33,5206099,28428360.00
2012/09/14,5.37,5.38,5.26,5.34,4637043,25061964.00
2012/09/17,5.29,5.37,5.11,5.13,4292174,22700148.00
2012/09/18,5.11,5.15,5.08,5.12,2281134,11851351.00
2012/09/19,5.12,5.24,5.12,5.19,2609502,13717300.00
2012/09/20,5.18,5.18,5.00,5.01,2792356,14429145.00
2012/09/21,5.02,5.24,5.00,5.22,10662224,55821068.00
2012/09/24,5.25,5.36,5.17,5.32,15650741,83787776.00
2012/09/25,5.27,5.27,5.10,5.11,6761108,35414212.00
2012/09/26,5.14,5.14,4.97,4.98,5261111,26792284.00
2012/09/27,4.97,5.17,4.97,5.11,5670612,29217420.00
2012/09/28,5.07,5.20,5.05,5.17,5588150,29085796.00
2012/10/08,5.16,5.19,5.08,5.11,2949680,15360634.00
2012/10/09,5.13,5.29,5.12,5.26,6545587,34681184.00
2012/10/10,5.23,5.33,5.20,5.32,6192170,33154620.00
2012/10/11,5.30,5.67,5.26,5.58,28913738,162090496.00
2012/10/12,6.15,6.15,6.02,6.15,79008740,491505632.00
2012/10/15,6.09,6.09,5.69,5.84,45802740,271268640.00
2012/10/16,5.78,5.97,5.63,5.80,32575637,191273184.00
2012/10/17,5.75,5.78,5.59,5.67,18749592,107599480.00
2012/10/18,5.66,5.76,5.62,5.75,19603635,113533440.00
2012/10/19,5.75,5.80,5.64,5.71,17638717,102170008.00
2012/10/22,5.60,5.65,5.50,5.60,14705472,83187824.00
2012/10/23,5.62,5.68,5.55,5.56,12060522,68640360.00
2012/10/24,5.52,5.59,5.49,5.59,9214416,51862960.00
2012/10/25,5.57,5.60,5.48,5.49,9805537,55160332.00
2012/10/26,5.48,5.49,5.29,5.30,12370967,67487928.00
2012/10/29,5.30,5.34,5.25,5.28,4722381,25382728.00
2012/10/30,5.28,5.42,5.27,5.38,8145871,44144248.00
2012/10/31,5.37,5.39,5.28,5.35,5384671,29181092.00
2012/11/01,5.36,5.44,5.33,5.42,7989415,43827276.00
2012/11/02,5.42,5.50,5.39,5.49,8599926,47625520.00
2012/11/05,5.46,5.51,5.35,5.41,8707479,47896768.00
2012/11/06,5.40,5.40,5.22,5.28,8601843,46131280.00
2012/11/07,5.30,5.36,5.28,5.35,5791500,31282050.00
2012/11/08,5.32,5.32,5.15,5.17,7368365,39072180.00
2012/11/09,5.17,5.22,5.11,5.20,5235723,27429616.00
2012/11/12,5.20,5.22,5.16,5.21,4363388,22980144.00
2012/11/13,5.20,5.21,5.04,5.04,5328009,27541794.00
2012/11/14,5.04,5.11,5.02,5.07,3694883,18978812.00
2012/11/15,5.02,5.12,4.95,4.97,5729066,29239876.00
2012/11/16,4.97,4.99,4.85,4.89,5419802,26988604.00
2012/11/19,4.89,4.91,4.80,4.90,3277982,16172494.00
2012/11/20,4.92,4.93,4.86,4.86,2186056,10886768.00
2012/11/21,4.88,4.91,4.75,4.89,4417732,21668864.00
2012/11/22,4.87,4.87,4.77,4.80,2719611,13306933.00
2012/11/23,4.81,4.85,4.78,4.81,2549100,12484348.00
2012/11/26,4.80,4.84,4.72,4.73,3121924,15213787.00
2012/11/27,4.72,4.72,4.47,4.48,5671415,26309806.00
2012/11/28,4.44,4.46,4.34,4.35,3532182,15760691.00
2012/11/29,4.36,4.39,4.24,4.25,3208231,14103614.00
2012/11/30,4.25,4.38,4.24,4.34,3706519,16278033.00
2012/12/03,4.33,4.34,4.12,4.13,4014149,17294000.00
2012/12/04,4.14,4.21,4.04,4.18,4793979,20114588.00
2012/12/05,4.16,4.45,4.14,4.39,8903479,39434624.00
2012/12/06,4.40,4.50,4.32,4.44,7745585,34807204.00
2012/12/07,4.42,4.55,4.38,4.54,10011634,45823080.00
2012/12/10,4.55,4.68,4.47,4.63,10734981,49815920.00
2012/12/11,4.57,4.60,4.46,4.47,8465992,39046928.00
2012/12/12,4.45,4.51,4.38,4.50,6214694,28078616.00
2012/12/13,4.49,4.55,4.38,4.38,5037072,22884908.00
2012/12/14,4.38,4.60,4.38,4.57,9696995,44708852.00
2012/12/17,4.53,4.67,4.53,4.64,10569780,49628540.00
2012/12/18,4.62,4.78,4.56,4.63,10969828,51968032.00
2012/12/19,4.64,4.70,4.60,4.64,11337059,53638016.00
2012/12/20,4.64,4.64,4.55,4.61,5449904,25462128.00
2012/12/21,4.63,4.69,4.57,4.58,6185122,29122600.00
2012/12/24,4.56,4.61,4.55,4.57,3899794,18171820.00
2012/12/25,4.56,4.69,4.55,4.67,9571569,45274448.00
2012/12/26,4.67,4.79,4.64,4.76,10343964,49819760.00
2012/12/27,4.77,4.81,4.69,4.73,10474689,50626328.00
2012/12/28,4.72,4.77,4.66,4.76,8036076,38618072.00
2012/12/31,4.77,4.81,4.73,4.79,7261220,35277872.00
2013/01/04,4.85,4.86,4.76,4.77,7510063,36649652.00
2013/01/07,4.78,4.81,4.75,4.80,5030299,24462856.00
2013/01/08,4.79,4.93,4.73,4.88,12478261,61432860.00
2013/01/09,4.86,4.93,4.84,4.88,8583746,42647700.00
2013/01/10,4.89,5.02,4.87,5.00,12861870,64568992.00
2013/01/11,4.99,5.00,4.86,4.90,9953478,49829004.00
2013/01/14,4.86,5.30,4.86,5.21,20535411,105695984.00
2013/01/15,5.22,5.68,5.12,5.61,31106829,169445472.00
2013/01/16,5.51,5.73,5.33,5.47,31441209,175548912.00
2013/01/17,5.43,5.51,5.32,5.44,21750418,120082720.00
2013/01/18,5.39,5.71,5.38,5.45,31695421,176448480.00
2013/01/21,5.45,5.45,5.30,5.37,8500195,46153288.00
2013/01/22,5.34,5.37,5.24,5.28,7668566,41243088.00
2013/01/23,5.27,5.41,5.22,5.33,10200280,55103984.00
2013/01/24,5.32,5.50,5.13,5.21,21779991,118009536.00
2013/01/25,5.15,5.26,5.07,5.16,6731394,35266416.00
2013/01/28,5.17,5.33,5.13,5.31,12219000,64848620.00
2013/01/29,5.29,5.40,5.23,5.32,8473363,45875104.00
2013/01/30,5.35,5.40,5.22,5.32,11709402,63139548.00
2013/01/31,5.32,5.46,5.23,5.36,16525056,89604944.00
2013/02/01,5.34,5.40,5.27,5.32,15727391,84992928.00
2013/02/04,5.33,5.33,5.13,5.14,8782843,46520152.00
2013/02/05,5.07,5.23,5.07,5.19,4774203,25040144.00
2013/02/06,5.19,5.22,5.17,5.18,2752237,14503658.00
2013/02/07,5.18,5.22,5.14,5.16,3551364,18668720.00
2013/02/08,5.19,5.25,5.17,5.20,3348452,17750468.00
2013/02/18,5.23,5.29,5.18,5.26,6022445,32029676.00
2013/02/19,5.26,5.27,5.09,5.12,5619789,29439754.00
2013/02/20,5.12,5.21,5.08,5.20,5169653,27079408.00
2013/02/21,5.17,5.18,5.05,5.10,6007953,31198344.00
2013/02/22,5.09,5.31,5.08,5.23,12250647,64974524.00
2013/02/25,5.23,5.29,5.17,5.25,6445018,34213312.00
2013/02/26,5.22,5.42,5.19,5.29,18598450,100802528.00
2013/02/27,5.31,5.38,5.23,5.35,15026538,81237048.00
2013/02/28,5.38,5.48,5.35,5.42,15545186,85172448.00
2013/03/01,5.42,5.46,5.33,5.43,10787282,59084392.00
2013/03/04,5.41,5.41,5.12,5.20,9161935,48827256.00
2013/03/05,5.18,5.26,5.12,5.25,5453499,28815148.00
2013/03/06,5.26,5.38,5.25,5.35,8421090,45495616.00
2013/03/07,5.32,5.36,5.20,5.28,6747792,36259848.00
2013/03/08,5.28,5.45,5.21,5.26,11287575,60980312.00
2013/03/11,5.29,5.32,5.10,5.13,11934944,62843000.00
2013/03/12,5.12,5.16,4.83,4.88,11261822,57015416.00
2013/03/13,4.87,4.91,4.77,4.84,5086008,24895320.00
2013/03/14,4.84,4.90,4.80,4.82,3928350,19350240.00
2013/03/15,4.81,4.89,4.75,4.78,4771563,23364568.00
2013/03/18,4.76,4.80,4.72,4.74,3407312,16490027.00
2013/03/19,4.74,4.81,4.72,4.79,2609019,12646147.00
2013/03/20,4.79,4.89,4.75,4.88,4452858,21915260.00
2013/03/21,4.88,4.91,4.84,4.91,5317398,26367648.00
2013/03/22,4.91,4.91,4.86,4.88,3326408,16493668.00
2013/03/25,4.87,4.91,4.83,4.86,3326178,16404682.00
2013/03/26,4.85,4.85,4.73,4.77,4042318,19589472.00
2013/03/27,4.76,4.82,4.71,4.73,3667345,17731880.00
2013/03/28,4.69,4.69,4.48,4.48,5763495,26693610.00
2013/03/29,4.48,4.58,4.47,4.53,3255094,14985122.00
2013/04/01,4.53,4.57,4.51,4.55,2026708,9386889.00
2013/04/02,4.56,4.58,4.50,4.56,3074010,14220560.00
2013/04/03,4.56,4.57,4.48,4.50,2567860,11795370.00
2013/04/08,4.48,4.49,4.40,4.49,2698094,12220321.00
2013/04/09,4.49,4.57,4.47,4.56,2688463,12397548.00
2013/04/10,4.57,4.57,4.51,4.55,2257897,10443846.00
2013/04/11,4.57,4.68,4.57,4.59,5211856,24491482.00
2013/04/12,4.56,4.64,4.56,4.59,3074838,14429087.00
2013/04/15,4.57,4.65,4.53,4.59,3229448,15108704.00
2013/04/16,4.61,4.77,4.55,4.76,5536566,26218134.00
2013/04/17,4.76,4.78,4.70,4.74,3075117,14794431.00
2013/04/18,4.74,4.81,4.69,4.75,2922989,14160385.00
2013/04/19,4.74,4.81,4.74,4.78,3260591,15845357.00
2013/04/22,4.73,4.86,4.68,4.80,3817350,18608560.00
2013/04/23,4.80,4.80,4.62,4.63,3652249,17396644.00
2013/04/24,4.63,4.80,4.62,4.79,5480971,26508840.00
2013/04/25,4.79,4.83,4.72,4.73,4263878,20688660.00
2013/04/26,4.73,4.77,4.64,4.66,3053703,14571855.00
2013/05/02,4.66,4.66,4.59,4.63,2536873,11937851.00
2013/05/03,4.63,4.73,4.63,4.73,2828264,13511664.00
2013/05/06,4.74,4.90,4.71,4.86,7971402,39384460.00
2013/05/07,4.83,4.89,4.78,4.82,4030807,19766274.00
2013/05/08,4.82,4.97,4.80,4.96,7502834,37359584.00
2013/05/09,4.96,4.97,4.82,4.91,6412114,31935824.00
2013/05/10,4.91,4.94,4.85,4.88,3961300,19642756.00
2013/05/13,4.88,4.90,4.82,4.87,2889515,14268605.00
2013/05/14,4.87,4.88,4.77,4.79,3536967,17304052.00
2013/05/15,4.79,4.88,4.78,4.88,4148173,20402408.00
2013/05/16,4.89,5.00,4.82,4.94,8371572,41881852.00
2013/05/17,4.93,5.12,4.89,5.07,13847128,71004184.00
2013/05/20,5.09,5.12,5.01,5.08,10201545,52653200.00
2013/05/21,5.05,5.32,5.04,5.30,18098961,95713160.00
2013/05/22,5.26,5.27,5.12,5.18,11485885,60523912.00
2013/05/23,5.14,5.20,5.04,5.06,7033246,36634644.00
2013/05/24,5.06,5.57,5.06,5.51,49363070,275415776.00
2013/05/27,5.41,5.47,5.31,5.45,29983978,163625360.00
2013/05/28,5.38,5.39,5.23,5.32,18410591,98990152.00
2013/05/29,5.36,5.39,5.30,5.36,13238915,71822960.00
2013/05/30,5.36,5.36,5.28,5.34,8904296,48107360.00
2013/05/31,5.35,5.39,5.20,5.22,11375543,61387972.00
2013/06/03,5.23,5.25,5.13,5.20,7339725,38670440.00
2013/06/04,5.23,5.23,5.01,5.07,6741994,35007788.00
2013/06/05,5.08,5.13,5.02,5.12,3513478,18139612.00
2013/06/06,5.11,5.13,5.03,5.04,4072820,20955340.00
2013/06/07,5.10,5.10,4.91,4.92,4998286,25284588.00
2013/06/13,4.90,4.90,4.62,4.68,5079733,24336000.00
2013/06/14,4.72,4.87,4.70,4.79,5802613,28360428.00
2013/06/17,4.85,4.97,4.75,4.89,8631884,42990416.00
2013/06/18,4.89,5.23,4.77,5.07,12353121,63213700.00
2013/06/19,5.01,5.07,4.88,5.01,7167988,36210584.00
2013/06/20,4.95,5.21,4.93,5.01,13804819,71522808.00
2013/06/21,4.91,5.09,4.68,5.04,9871556,49112480.00
2013/06/24,4.99,5.15,4.66,4.75,9890873,49334316.00
2013/06/25,4.72,4.73,4.27,4.64,11239135,51537072.00
2013/06/26,4.64,4.87,4.57,4.84,11501008,55879748.00
2013/06/27,4.84,5.01,4.77,4.85,12840274,63585488.00
2013/06/28,4.77,5.06,4.67,4.90,13783223,68948312.00
2013/07/01,4.90,5.26,4.84,5.20,22590839,117485344.00
2013/07/02,5.19,5.25,5.07,5.19,15203159,79609768.00
2013/07/03,5.18,5.42,5.03,5.33,25821570,137887584.00
2013/07/04,5.28,5.36,5.20,5.22,15244520,81397112.00
2013/07/05,5.23,5.30,5.06,5.07,11917145,62623448.00
2013/07/08,4.97,4.98,4.65,4.66,14999407,72763864.00
2013/07/09,4.65,4.85,4.57,4.78,8560922,41278016.00
2013/07/10,4.77,5.10,4.74,5.03,12246484,61624228.00
2013/07/11,5.00,5.21,4.97,5.17,14552931,75684864.00
2013/07/12,5.17,5.41,5.12,5.22,30957878,166626400.00
2013/07/15,5.22,5.35,5.17,5.27,16091584,86048616.00
2013/07/16,5.30,5.50,5.24,5.45,31883341,174942704.00
2013/07/17,5.45,5.56,5.31,5.40,25908858,142585088.00
2013/07/18,5.42,5.78,5.39,5.59,42058315,239585104.00
2013/07/19,5.55,5.73,5.32,5.34,27912253,157061296.00
2013/07/22,5.33,5.64,5.30,5.61,23653312,131651328.00
2013/07/23,5.64,5.93,5.57,5.89,39885622,232833408.00
2013/07/24,5.83,5.97,5.69,5.86,37981016,225136672.00
2013/07/25,5.79,5.83,5.45,5.51,26015957,148016928.00
2013/07/26,5.49,5.59,5.33,5.52,13613492,75715256.00
2013/07/29,5.48,5.56,5.34,5.38,9351512,51598304.00
2013/07/30,5.40,5.51,5.13,5.49,14941878,81117920.00
2013/07/31,5.51,5.87,5.43,5.64,20200396,115735864.00
2013/08/01,5.62,5.77,5.57,5.74,19922348,114959008.00
2013/08/02,5.77,5.79,5.65,5.68,12796469,74108816.00
2013/08/05,5.70,5.77,5.63,5.71,12710783,73627472.00
2013/08/06,5.76,5.85,5.67,5.72,18163017,105885576.00
2013/08/07,5.67,5.67,5.41,5.46,18612724,103790920.00
2013/08/08,5.47,5.57,5.43,5.46,10467111,58285060.00
2013/08/09,5.47,5.53,5.29,5.39,10352619,56674056.00
2013/08/12,5.41,5.51,5.35,5.50,10389424,56824048.00
2013/08/13,5.48,5.59,5.47,5.54,10106594,56581592.00
2013/08/14,5.56,5.70,5.47,5.61,16020340,90425856.00
2013/08/15,5.57,5.60,5.47,5.49,8482777,47464028.00
2013/08/16,5.56,5.79,5.51,5.56,26479541,151045104.00
2013/08/19,5.48,5.60,5.38,5.60,11590955,64238952.00
2013/08/20,5.60,5.69,5.52,5.60,11922503,67368344.00
2013/08/21,5.58,5.77,5.56,5.72,16995257,97329344.00
2013/08/22,5.72,5.79,5.68,5.74,15697901,90853752.00
2013/08/23,5.74,6.04,5.62,6.03,38440406,226350368.00
2013/08/26,5.95,6.20,5.90,6.07,40220296,246188928.00
2013/08/27,6.05,6.19,5.98,6.12,25339056,155528864.00
2013/08/28,6.03,6.74,5.97,6.55,77167301,508034688.00
2013/08/29,6.37,6.54,6.26,6.35,33190232,213605776.00
2013/08/30,6.36,6.39,5.85,5.90,38055049,234714320.00
2013/09/02,5.93,6.09,5.85,6.08,18309505,110430320.00
2013/09/03,6.01,6.12,5.99,6.07,15611701,95544648.00
2013/09/04,6.05,6.17,5.94,6.08,16621818,101411464.00
2013/09/05,6.05,6.35,6.05,6.22,33041653,208024752.00
2013/09/06,6.21,6.42,6.13,6.33,25150936,159391120.00
2013/09/09,6.34,6.62,6.33,6.37,31324665,203296256.00
2013/09/10,6.38,6.71,6.33,6.59,34864800,230853792.00
2013/09/11,6.57,6.65,6.17,6.63,37205501,240646528.00
2013/09/12,7.25,7.30,7.25,7.30,46044332,338206848.00
2013/09/13,7.85,8.04,7.53,7.66,118954773,933199360.00
2013/09/16,7.32,7.63,7.16,7.36,57531798,427766208.00
2013/09/17,7.29,7.35,6.92,7.03,35843691,255473024.00
2013/09/18,6.97,7.39,6.96,7.25,36203304,263476512.00
2013/09/23,7.28,7.60,7.10,7.49,52198332,387506912.00
2013/09/24,7.40,7.49,7.25,7.35,38101140,283343808.00
2013/09/25,7.40,7.93,7.35,7.62,63687748,496109536.00
2013/09/26,7.52,7.52,6.85,6.88,53024564,379228192.00
2013/09/27,6.93,7.57,6.90,7.57,79985090,600170816.00
2013/09/30,7.77,8.33,7.67,8.33,70440486,581323392.00
2013/10/08,8.66,9.00,7.95,8.44,111249813,959579008.00
2013/10/09,8.85,9.29,8.85,9.29,23227476,214474272.00
2013/10/10,10.22,10.22,9.49,9.51,121768103,1216111744.00
2013/10/11,9.95,10.43,9.61,10.13,85613122,855384128.00
2013/10/15,10.94,11.15,10.33,11.15,81826340,902178624.00
2013/10/16,11.20,12.17,10.74,11.51,105534099,1225557248.00
2013/10/17,11.15,11.38,10.35,10.35,68795834,741323200.00
2013/10/18,9.85,10.50,9.75,10.26,49689097,503858400.00
2013/10/21,10.35,11.17,10.10,11.07,61471346,667722944.00
2013/10/22,11.17,11.24,10.25,10.43,54847629,586904384.00
2013/10/23,10.28,10.40,9.38,9.38,43794179,424893792.00
2013/10/24,9.39,9.65,9.18,9.52,28972090,275550560.00
2013/10/25,9.55,10.47,9.25,10.11,48456501,481680896.00
2013/10/28,10.06,10.67,9.67,9.98,44704930,459903520.00
2013/10/30,9.44,10.21,9.17,9.74,32095977,313885184.00
2013/10/31,9.55,9.79,8.84,8.85,35255570,326165696.00
2013/11/01,8.70,8.84,8.09,8.54,30920268,263143248.00
2013/11/04,8.50,8.75,8.27,8.55,17636132,151605280.00
2013/11/05,8.55,8.91,8.36,8.88,23782768,207819008.00
2013/11/06,8.70,8.83,8.40,8.41,26194691,227388944.00
2013/11/07,8.29,8.65,8.08,8.37,20763483,174694160.00
2013/11/08,8.29,8.44,8.10,8.18,16135655,133971336.00
2013/11/11,8.19,8.27,7.90,7.97,15013838,121508600.00
2013/11/12,7.98,8.21,7.95,8.13,14969313,121714144.00
2013/11/13,8.18,8.95,8.12,8.54,42187672,367661216.00
2013/11/14,8.34,8.94,8.23,8.87,35358441,306788064.00
2013/11/15,8.75,9.75,8.70,9.45,44939727,425361536.00
2013/11/18,9.64,10.03,9.51,9.73,39737406,390686976.00
2013/11/19,9.76,10.45,9.76,10.25,36055160,368757440.00
2013/11/20,10.37,10.52,10.03,10.30,30160664,309570240.00
2013/11/21,10.15,10.38,10.06,10.15,25308478,258679648.00
2013/11/22,10.12,10.25,9.60,9.81,27546268,273319648.00
2013/11/25,9.75,10.20,9.64,10.05,24435728,244066640.00
2013/11/26,10.15,10.19,9.75,9.79,15222574,151504656.00
2013/11/27,9.75,10.40,9.70,10.26,41827277,427245120.00
2013/11/28,10.20,10.35,10.11,10.19,23538111,241903920.00
2013/11/29,10.21,10.29,10.05,10.14,20298871,208082928.00
2013/12/02,9.75,9.91,9.12,9.12,29651510,281824064.00
2013/12/03,8.95,9.37,8.85,9.26,13403918,124237032.00
2013/12/04,9.27,10.00,9.18,9.79,24790339,241688832.00
2013/12/05,9.70,9.84,9.44,9.54,13865490,133511872.00
2013/12/06,9.61,9.78,9.49,9.66,12219953,118520568.00
2013/12/09,9.73,10.06,9.57,10.01,20976296,206589408.00
2013/12/10,9.94,10.43,9.92,10.02,28878405,295019008.00
2013/12/11,9.94,10.13,9.67,9.88,17106060,169659488.00
2013/12/12,9.86,10.18,9.84,10.02,21404903,216239760.00
2013/12/13,9.90,10.07,9.84,9.96,10367571,103907008.00
2013/12/16,9.96,10.04,9.47,9.53,16154935,156855600.00
2013/12/17,9.58,9.71,9.30,9.35,8785098,83219904.00
2013/12/18,9.31,9.42,8.87,8.95,15798258,143204320.00
2013/12/19,8.97,9.18,8.73,8.78,10457942,94464096.00
2013/12/20,8.85,8.99,8.63,8.74,8190651,72247952.00
2013/12/23,8.66,8.77,8.18,8.40,9195777,77861232.00
2013/12/24,8.50,8.65,8.40,8.50,8664275,74286504.00
2013/12/25,8.55,8.81,8.45,8.80,9699632,84488360.00
2013/12/26,8.82,8.82,8.41,8.44,10224104,88358320.00
2013/12/27,8.37,8.65,8.37,8.62,6993092,60265348.00
2013/12/30,8.64,8.84,8.55,8.81,9211958,80230928.00
2013/12/31,8.71,8.89,8.62,8.85,8418302,74209808.00
2014/01/02,8.85,8.85,8.69,8.72,8221885,72260240.00
2014/01/03,8.74,8.74,8.33,8.47,13152167,111469040.00
2014/01/06,8.33,8.35,7.74,7.83,15020588,120772952.00
2014/01/07,7.80,8.14,7.69,7.88,9980924,79437920.00
2014/01/08,7.97,8.16,7.92,8.12,12844159,103956360.00
2014/01/09,8.10,8.32,7.97,7.99,9280671,76433352.00
2014/01/10,7.95,7.96,7.70,7.73,6172455,48447352.00
2014/01/13,7.75,8.03,7.71,7.82,5215143,40898228.00
2014/01/14,7.84,7.95,7.70,7.93,7139550,56312888.00
2014/01/15,7.90,7.97,7.69,7.72,11485903,90049248.00
2014/01/16,7.74,7.83,7.68,7.75,9825864,76690136.00
2014/01/17,7.75,7.76,7.45,7.48,11308718,85769832.00
2014/01/20,7.52,7.65,7.40,7.53,9048290,68786512.00
2014/01/21,7.47,8.25,7.47,8.22,21207453,168816848.00
2014/01/22,8.17,8.56,8.11,8.54,28533251,239233232.00
2014/01/23,8.55,8.73,8.41,8.47,23704576,204176448.00
2014/01/24,8.40,8.84,8.29,8.74,26710819,229665984.00
2014/01/27,8.64,9.04,8.59,8.87,24461026,218092080.00
2014/01/28,8.86,8.94,8.47,8.61,15283777,133152744.00
2014/01/29,8.65,8.82,8.63,8.67,11630361,101887928.00
2014/01/30,8.65,8.97,8.52,8.74,12980403,114842744.00
2014/02/07,8.65,9.50,8.57,9.31,21420146,196078048.00
2014/02/10,9.31,9.61,9.12,9.60,28718972,270954016.00
2014/02/11,9.53,9.69,9.25,9.50,21482298,205283936.00
2014/02/12,9.50,9.57,9.16,9.38,18749599,175593856.00
2014/02/13,9.38,10.31,9.23,9.84,48033505,473486816.00
2014/02/14,9.74,10.31,9.65,9.99,35383384,355372128.00
2014/02/17,10.13,10.19,9.72,9.92,20600207,204229616.00
2014/02/18,9.89,10.66,9.78,10.48,52967914,550177728.00
2014/02/19,10.37,10.53,10.16,10.34,24063723,249957408.00
2014/02/20,10.37,10.47,9.90,9.98,25545031,260225872.00
2014/02/21,10.00,10.84,9.91,10.67,47745028,504376256.00
2014/02/24,10.65,10.99,10.50,10.85,32320159,348930816.00
2014/02/25,10.85,11.02,9.77,9.93,38354488,404169888.00
2014/02/26,9.76,9.93,9.16,9.48,24167130,230374592.00
2014/02/27,9.47,9.93,9.26,9.45,24055912,232408768.00
2014/02/28,9.46,9.60,9.11,9.52,14187801,134029056.00
2014/03/03,9.45,9.99,9.32,9.87,18543235,182121472.00
2014/03/04,9.76,9.83,9.54,9.69,11365254,110566536.00
2014/03/05,9.71,9.85,9.49,9.52,10292891,100102192.00
2014/03/06,9.51,9.75,9.30,9.74,13540735,129719296.00
2014/03/07,9.72,9.83,9.42,9.47,12546257,120934584.00
2014/03/10,9.38,9.38,8.56,8.59,19757096,176308608.00
2014/03/11,8.58,8.75,8.41,8.61,10693334,92482120.00
2014/03/12,8.60,8.79,8.47,8.76,11561607,100860976.00
2014/03/13,8.80,8.83,8.62,8.78,7342218,64532744.00
2014/03/14,8.75,8.89,8.60,8.63,8565135,75390464.00
2014/03/17,8.70,8.87,8.59,8.86,8100995,71402776.00
2014/03/18,8.90,9.25,8.86,9.19,16697716,152381168.00
2014/03/19,9.11,9.11,8.94,9.02,9433363,85604656.00
2014/03/20,9.07,9.13,8.55,8.56,9618770,85803904.00
2014/03/21,8.52,9.12,8.45,9.09,15468558,138005104.00
2014/03/24,9.06,9.36,9.01,9.19,13788486,127539648.00
2014/03/25,9.21,9.65,9.12,9.58,20976899,200051744.00
2014/03/26,9.60,9.67,9.39,9.62,11218045,107074368.00
2014/03/27,9.64,9.94,9.42,9.48,17826875,174316512.00
2014/03/28,9.53,9.76,9.25,9.28,15658598,149388848.00
2014/03/31,9.15,9.22,8.56,8.72,14206375,125390904.00
2014/04/01,8.64,8.84,8.63,8.80,6771328,59580332.00
2014/04/02,8.83,8.84,8.61,8.66,7177466,62656720.00
2014/04/03,8.73,8.75,8.59,8.65,4771439,41641888.00
2014/04/04,8.65,8.83,8.60,8.82,5746652,50646264.00
2014/04/08,8.80,9.03,8.74,8.93,7960604,71210784.00
2014/04/09,9.00,9.27,9.00,9.17,12390947,114075912.00
2014/04/10,9.18,9.24,9.10,9.19,10362492,95517408.00
2014/04/11,9.19,9.19,9.04,9.08,6643583,60822016.00
2014/04/14,9.08,9.16,9.05,9.09,6278241,57421548.00
2014/04/15,9.10,9.11,8.83,8.88,8130659,73230576.00
2014/04/16,8.81,8.93,8.81,8.85,9116603,81372864.00
2014/04/17,8.89,9.05,8.79,8.80,9875324,88423152.00
2014/04/18,8.77,8.84,8.70,8.80,5712196,50366308.00
2014/04/21,8.75,8.87,8.57,8.58,10833645,95005824.00
2014/04/22,8.58,8.68,8.48,8.62,6107323,52737680.00
2014/04/23,8.63,8.71,8.41,8.43,6179624,53102008.00
2014/04/24,8.43,8.49,8.05,8.08,9165548,75717520.00
2014/04/25,8.08,8.16,7.51,7.67,13873034,108618328.00
2014/04/28,7.67,7.67,7.43,7.51,6840119,51911844.00
2014/04/29,7.48,7.85,7.47,7.83,10159802,78940856.00
2014/04/30,7.84,8.08,7.78,7.98,8803416,70415016.00
2014/05/05,7.99,8.07,7.91,8.04,5564832,44716088.00
2014/05/06,8.04,8.12,7.98,8.06,5182437,42104328.00
2014/05/07,8.01,8.05,7.75,7.77,4705730,37413304.00
2014/05/08,7.74,7.92,7.69,7.82,4723223,37179640.00
2014/05/09,7.78,7.94,7.72,7.87,7263600,57268048.00
2014/05/12,7.96,8.14,7.96,8.12,7969893,64764692.00
2014/05/13,8.11,8.19,7.98,8.01,5842256,47395224.00
2014/05/14,7.99,8.10,7.98,7.99,3376110,27276592.00
2014/05/15,7.99,8.07,7.75,7.80,4484250,35628000.00
2014/05/16,7.79,7.85,7.71,7.84,3524255,27607828.00
2014/05/19,7.81,7.87,7.70,7.82,3511464,27535516.00
2014/05/20,7.90,8.04,7.83,7.84,4239147,33707536.00
2014/05/21,7.82,7.92,7.70,7.91,3149610,24752766.00
2014/05/22,7.91,8.01,7.83,7.88,4152959,33161716.00
2014/05/23,7.87,7.92,7.82,7.92,5183204,41121660.00
2014/05/26,7.94,8.08,7.87,8.07,8759245,70411000.00
2014/05/27,8.06,8.06,7.93,7.95,5506345,44198640.00
2014/05/28,8.00,8.03,7.89,8.02,5346210,42934672.00
2014/05/29,8.07,8.29,8.06,8.10,14174297,116508864.00
2014/05/30,8.09,8.20,8.07,8.09,6570283,53769976.00
2014/06/03,8.07,8.25,8.03,8.16,9016883,74000248.00
2014/06/04,8.15,8.20,7.91,7.99,6652566,53610788.00
2014/06/05,8.00,8.22,7.94,8.20,9506701,77545176.00
2014/06/06,8.15,8.20,8.00,8.05,5380726,43810328.00
2014/06/09,8.07,8.15,7.98,8.00,4877801,39532096.00
2014/06/10,8.01,8.07,7.95,8.03,6727448,54193100.00
2014/06/11,8.02,8.19,7.98,8.14,9770506,79811976.00
2014/06/12,8.11,8.15,8.02,8.05,7379862,59930776.00
2014/06/13,8.05,8.23,7.99,8.21,12862461,105422944.00
2014/06/16,8.23,8.25,8.13,8.19,6968684,57321760.00
2014/06/17,8.19,8.19,8.00,8.02,8490721,68913768.00
2014/06/18,8.00,8.05,7.80,7.81,6665709,53344692.00
2014/06/19,7.81,7.93,7.44,7.50,9144200,70399304.00
2014/06/20,7.51,7.57,7.48,7.55,4576709,34662696.00
2014/06/23,7.56,7.70,7.56,7.66,4058507,31236508.00
2014/06/24,7.67,7.79,7.65,7.68,4928693,38284420.00
2014/06/25,7.69,7.69,7.56,7.59,4069209,31184804.00
2014/06/26,7.57,7.71,7.56,7.70,4435588,34268012.00
2014/06/27,7.69,7.74,7.66,7.69,6082248,47156552.00
2014/06/30,7.74,7.77,7.66,7.76,7251092,56224880.00
2014/07/01,7.75,7.84,7.68,7.82,8369992,65385184.00
2014/07/02,7.82,7.93,7.74,7.92,10222699,80627904.00
2014/07/03,7.92,7.95,7.83,7.86,8552975,67876632.00
2014/07/04,7.90,8.01,7.87,7.96,11570818,92470240.00
2014/07/08,7.82,7.84,7.56,7.77,12709828,98463320.00
2014/07/09,7.72,7.73,7.44,7.45,12729984,96971408.00
2014/07/10,7.48,7.53,7.46,7.50,5377152,40568680.00
2014/07/11,7.67,8.26,7.67,8.26,20968736,169857216.00
2014/07/14,8.49,8.49,8.06,8.17,28738857,237835264.00
2014/07/15,8.13,8.28,8.00,8.16,14513047,119021264.00
2014/07/16,8.18,8.39,8.07,8.23,16735859,138738784.00
2014/07/17,8.16,8.19,8.00,8.05,8571826,69557720.00
2014/07/18,8.02,8.09,7.97,8.05,6504679,52576064.00
2014/07/21,8.03,8.06,7.77,7.92,8075787,64310368.00
2014/07/22,7.92,8.00,7.86,7.96,7785563,62087656.00
2014/07/23,7.96,7.99,7.70,7.76,9307863,73282776.00
2014/07/24,7.77,7.85,7.63,7.84,7618679,59367784.00
2014/07/25,7.84,7.86,7.76,7.85,6084535,47919156.00
2014/07/28,7.85,8.18,7.85,8.12,14360173,116004128.00
2014/07/29,8.13,8.25,8.05,8.14,14604508,119885424.00
2014/07/30,8.08,8.18,8.06,8.11,8121094,66274336.00
2014/07/31,8.12,8.43,8.10,8.33,21816617,182181456.00
2014/08/01,8.21,8.32,8.10,8.13,11240381,93125520.00
2014/08/04,8.15,8.24,8.13,8.21,10762046,88648360.00
2014/08/05,8.21,8.37,8.13,8.33,16840114,140159776.00
2014/08/06,8.31,8.31,8.15,8.25,11707921,97049760.00
2014/08/07,8.25,8.40,8.23,8.24,13722275,114653552.00
2014/08/08,8.22,8.28,8.15,8.19,8583533,70856600.00
2014/08/11,8.19,8.37,8.19,8.35,13821535,115424528.00
2014/08/12,8.33,8.39,8.28,8.37,13632672,114383096.00
2014/08/13,8.38,9.20,8.33,9.00,49363187,437327296.00
2014/08/14,8.85,8.88,8.68,8.72,26635650,235091968.00
2014/08/15,8.74,8.84,8.67,8.75,14223281,125440272.00
2014/08/18,8.85,9.16,8.84,9.06,26965663,245553952.00
2014/08/19,9.97,9.97,9.75,9.97,76064458,760596288.00
2014/08/20,10.00,10.45,9.81,9.84,70850509,718861440.00
2014/08/21,9.88,10.83,9.55,10.83,78777612,805279360.00
2014/08/22,11.92,11.92,11.56,11.92,78681513,940822912.00
2014/08/25,12.35,12.62,11.95,12.30,145278759,1788277248.00
2014/08/26,12.05,12.11,11.47,11.88,107210908,1270765824.00
2014/08/27,11.85,12.03,11.25,11.42,80520981,935643712.00
2014/08/28,11.55,11.74,11.17,11.20,71981296,833248704.00
2014/08/29,11.10,11.17,10.63,11.06,53637452,587061888.00
2014/09/01,10.97,11.54,10.90,11.20,57042830,643379008.00
2014/09/02,11.17,11.40,10.98,11.28,58011706,651132480.00
2014/09/03,11.37,11.97,11.19,11.63,86523256,1008028608.00
2014/09/04,11.52,11.55,11.17,11.34,58943689,669326784.00
2014/09/05,11.30,11.50,11.05,11.16,38859298,437445056.00
2014/09/09,11.13,11.43,10.92,11.42,39360957,442867296.00
2014/09/10,11.29,11.59,11.23,11.34,34089769,389131264.00
2014/09/11,11.28,11.95,11.17,11.41,58196194,672406080.00
2014/09/12,11.26,11.37,11.18,11.31,26477884,298704896.00
2014/09/15,11.38,11.64,11.25,11.44,37897542,435902464.00
2014/09/16,11.47,11.50,10.57,10.64,44466383,493286848.00
2014/09/17,10.68,10.76,10.37,10.56,23367506,247405888.00
2014/09/18,10.56,10.66,10.39,10.63,12888637,136233072.00
2014/09/19,10.67,10.82,10.55,10.77,16744652,179461744.00
2014/09/22,10.67,10.74,10.37,10.40,15670024,165373088.00
2014/09/23,10.44,10.80,10.44,10.65,16836980,179495712.00
2014/09/24,10.56,10.96,10.55,10.89,23806021,256822352.00
2014/09/25,11.44,11.72,11.01,11.13,45147994,512225024.00
2014/09/26,11.12,11.32,10.89,11.14,26620989,296179904.00
2014/09/29,11.15,11.36,11.08,11.22,22527065,253323792.00
2014/09/30,11.28,11.42,11.23,11.35,26235442,298412192.00
2014/10/08,11.42,11.46,11.11,11.27,19825331,222993712.00
2014/10/09,11.27,11.36,11.10,11.25,20769986,233991376.00
2014/10/10,11.34,11.44,11.20,11.27,27396461,310659936.00
2014/10/13,11.38,11.71,11.33,11.68,48250070,558496192.00
2014/10/14,11.67,11.67,11.21,11.33,29740965,341110752.00
2014/10/15,11.33,11.67,11.12,11.66,33639198,385424800.00
2014/10/16,11.67,12.17,11.54,11.67,63046770,749810880.00
2014/10/17,11.43,11.54,11.09,11.29,29652758,336626816.00
2014/10/20,11.29,11.45,11.14,11.36,24027620,271728128.00
2014/10/21,11.23,11.46,11.14,11.33,22337760,252742832.00
2014/10/22,11.28,11.33,10.75,10.78,20653694,228551520.00
2014/10/23,10.82,10.82,10.38,10.41,21938383,231499888.00
2014/10/24,10.41,10.87,10.41,10.64,17879421,191685216.00
2014/10/27,10.54,10.72,10.46,10.69,10006226,106351136.00
2014/10/28,10.72,10.99,10.69,10.94,14823412,161356752.00
2014/10/29,11.01,11.22,10.80,11.09,25813273,284720928.00
2014/10/30,11.12,11.12,10.85,10.90,16180038,178436000.00
2014/10/31,10.85,10.94,10.65,10.86,18830872,203348912.00
2014/11/03,10.83,10.99,10.80,10.91,12476479,136470016.00
2014/11/04,10.94,11.00,10.73,10.77,11906455,129379608.00
2014/11/05,10.76,10.76,10.59,10.62,10693599,114292288.00
2014/11/06,10.62,11.56,10.57,11.51,34233278,380618336.00
2014/11/07,11.27,11.71,11.27,11.43,46390133,534184352.00
2014/11/10,11.33,11.93,11.33,11.84,46426555,546023616.00
2014/11/11,11.82,11.82,11.08,11.29,35051590,402423648.00
2014/11/12,11.20,11.99,11.17,11.74,39380623,462436352.00
2014/11/13,11.68,11.89,11.37,11.43,24602292,284731712.00
2014/11/14,11.45,11.57,11.12,11.35,18964860,215364464.00
2014/11/17,11.45,12.49,11.07,12.15,91781574,1127173376.00
2014/11/18,12.02,12.60,11.95,12.39,63853031,790314688.00
2014/11/19,12.57,12.75,12.22,12.41,50253504,627863552.00
2014/11/20,12.27,12.62,12.04,12.51,59336475,733737088.00
2014/11/21,12.58,13.71,12.35,13.58,86907668,1144316800.00
2014/11/24,13.62,13.62,12.97,13.51,70965104,949245760.00
2014/11/25,13.36,13.52,13.12,13.31,47764686,637218176.00
2014/11/26,13.22,13.22,12.65,12.87,59744688,769456384.00
2014/11/27,12.83,13.10,12.64,12.92,46501874,598293888.00
2014/11/28,12.83,12.88,12.38,12.41,50468091,636498240.00
2014/12/01,12.47,12.75,12.27,12.45,29491140,369639744.00
2014/12/02,12.38,12.64,12.29,12.53,30307098,379357216.00
2014/12/03,12.71,13.03,12.46,12.89,56828967,726403264.00
2014/12/04,12.92,12.96,12.65,12.75,43800747,559741504.00
2014/12/05,12.68,12.68,11.50,11.86,56218200,678628224.00
2014/12/08,11.58,12.21,11.52,11.81,36891026,439627584.00
2014/12/09,11.63,12.48,11.52,11.98,66751242,812586304.00
2014/12/10,12.08,12.90,12.08,12.86,74089315,937930688.00
2014/12/11,12.77,13.05,12.35,12.48,50944032,643689216.00
2014/12/12,12.33,12.58,12.25,12.36,31395708,390480672.00
2014/12/15,12.28,12.55,12.05,12.46,26566049,327437024.00
2014/12/16,12.55,12.61,12.22,12.41,26668486,332481120.00
2014/12/17,12.35,12.35,11.87,12.01,29577883,358074208.00
2014/12/18,12.02,12.23,11.95,11.98,17947997,217290192.00
2014/12/19,11.90,11.96,11.47,11.57,26793488,313094272.00
2014/12/22,11.47,11.63,10.79,11.06,27222950,303514784.00
2014/12/23,10.87,11.36,10.85,11.00,13845622,154466272.00
2014/12/24,11.03,11.32,10.95,11.23,14741052,164876928.00
2014/12/25,11.23,11.28,11.05,11.21,11460121,128101760.00
2014/12/26,11.22,11.40,11.09,11.30,16916610,191341952.00
2014/12/29,11.34,11.50,11.04,11.17,17119452,192330096.00
2014/12/30,11.06,11.26,10.52,10.62,17933368,195214240.00
2014/12/31,10.58,10.78,10.47,10.67,12105462,128713384.00
2015/01/05,10.67,10.83,10.49,10.78,13312664,142738688.00
2015/01/06,10.74,11.24,10.59,11.17,18225507,200065872.00
2015/01/07,11.17,11.29,11.03,11.09,13615180,152004896.00
2015/01/08,11.10,11.23,11.00,11.10,10614860,118233040.00
2015/01/09,11.09,11.22,11.02,11.05,10838244,121047640.00
2015/01/12,11.05,11.06,10.54,10.66,10495518,112923320.00
2015/01/13,10.55,11.17,10.54,11.05,17165373,188816544.00
2015/01/14,11.01,11.05,10.77,10.89,10515624,114805760.00
2015/01/15,10.89,10.95,10.77,10.88,6384191,69430344.00
2015/01/16,10.90,11.28,10.72,11.16,21656020,240973888.00
2015/01/19,11.01,11.41,10.63,10.85,20177674,224840096.00
2015/01/20,10.89,11.32,10.83,11.24,17468570,195251792.00
2015/01/21,11.24,11.57,11.20,11.46,26247254,300216160.00
2015/01/22,11.46,11.65,11.40,11.54,20000495,231238400.00
2015/01/23,11.57,11.59,11.30,11.35,17047800,194821088.00
2015/01/26,11.36,11.74,11.34,11.68,23744534,275583936.00
2015/01/27,11.73,11.77,11.40,11.56,16557629,192367408.00
2015/01/28,11.58,12.14,11.48,11.84,41089032,488818592.00
2015/01/29,11.67,11.74,11.47,11.54,15644051,182066544.00
2015/01/30,11.57,11.74,11.45,11.47,14362424,167363472.00
2015/02/02,11.28,11.55,11.18,11.42,9165579,104618040.00
2015/02/03,11.40,11.77,11.39,11.65,13301086,154829392.00
2015/02/04,11.64,11.72,11.42,11.44,12128823,140125728.00
2015/02/05,11.50,11.92,11.45,11.61,30618442,360113920.00
2015/02/06,11.56,11.67,11.27,11.33,16337020,188250176.00
2015/02/09,11.27,11.36,10.86,10.89,13361143,147595280.00
2015/02/10,10.87,11.09,10.80,11.08,8848245,97148064.00
2015/02/11,11.08,11.21,11.01,11.08,8740803,97443480.00
2015/02/12,11.09,11.77,11.08,11.66,26561134,306224928.00
2015/02/13,11.68,12.13,11.59,11.84,41659639,495409024.00
2015/02/16,12.02,12.66,11.92,12.63,53649857,666731904.00
2015/02/17,12.57,12.57,12.22,12.23,26983100,333418432.00
2015/02/25,12.26,12.27,11.87,11.96,18614495,224145264.00
2015/02/26,11.90,12.19,11.90,12.11,16232875,196112992.00
2015/02/27,12.07,12.45,11.97,12.28,24952540,306907616.00
2015/03/02,12.33,12.48,12.08,12.38,28140467,348552512.00
2015/03/03,12.34,12.35,11.96,11.97,23690554,289642272.00
2015/03/04,12.00,12.77,11.90,12.61,46189156,575537152.00
2015/03/05,12.53,12.75,12.25,12.40,29109538,362041952.00
2015/03/06,12.44,12.54,11.96,12.04,20640941,251402496.00
2015/03/09,11.98,12.37,11.97,12.35,17185794,209700032.00
2015/03/10,12.31,12.64,12.22,12.36,28187948,352347200.00
2015/03/11,12.38,12.50,12.15,12.39,21949847,271204544.00
2015/03/12,12.39,12.80,12.37,12.64,34281914,432872224.00
2015/03/13,12.62,13.05,12.47,12.97,37223904,476481600.00
2015/03/16,13.14,13.55,13.04,13.46,51150999,683180416.00
2015/03/17,13.55,13.62,13.21,13.46,43952382,591883712.00
2015/03/18,13.37,13.82,13.32,13.76,40700851,551799872.00
2015/03/19,13.67,13.72,13.41,13.57,34856946,473517696.00
2015/03/20,13.97,14.93,13.87,14.23,91855553,1343371264.00
2015/03/23,14.02,14.35,13.78,14.31,66047289,925358656.00
2015/03/24,14.20,14.20,13.57,13.87,50441471,702060160.00
2015/03/25,13.85,13.92,13.53,13.74,31601539,434093216.00
2015/03/26,13.72,13.96,13.50,13.83,30806302,424050848.00
2015/03/27,13.83,13.94,13.58,13.86,24436466,337400832.00
2015/03/30,13.85,14.22,13.72,14.01,30821060,431086752.00
2015/03/31,14.05,14.15,13.68,13.74,29090139,405194432.00
2015/04/01,13.73,14.10,13.61,14.02,35703232,493518048.00
2015/04/02,14.07,14.27,13.93,14.22,37867445,536161024.00
2015/04/03,14.20,15.15,13.95,14.71,74327100,1081118720.00
2015/04/07,14.67,14.92,14.48,14.76,39782013,584080128.00
2015/04/08,15.32,16.24,15.07,15.57,97536199,1547996160.00
2015/04/09,15.61,15.76,14.15,14.89,64044363,959279872.00
2015/04/10,14.98,15.75,14.98,15.15,52537909,804168960.00
2015/04/13,14.97,15.46,14.74,15.32,42470756,640988864.00
2015/04/14,15.25,15.25,14.78,14.98,39145987,587596224.00
2015/04/15,14.97,14.98,14.14,14.16,29601205,431203744.00
2015/04/16,14.02,14.53,13.85,14.37,26757574,382348576.00
2015/04/17,14.45,14.74,14.27,14.45,33855939,491157760.00
2015/04/20,14.33,14.75,14.06,14.17,38315905,552040832.00
2015/04/21,14.20,14.72,14.20,14.68,30126079,439230336.00
2015/04/22,14.75,15.32,14.72,15.10,45752852,691320192.00
2015/04/23,15.36,16.16,15.07,15.82,67036818,1045356992.00
2015/04/24,15.12,15.75,15.12,15.34,40914371,631840832.00
2015/04/27,15.52,16.13,15.07,15.77,69902249,1094573696.00
2015/04/28,15.67,15.77,14.70,15.14,39436720,600473856.00
2015/04/29,15.17,16.21,15.08,16.12,54649763,856041024.00
2015/04/30,16.05,16.14,15.59,15.65,44330101,702635072.00
2015/05/04,15.97,16.19,15.36,16.17,69273667,1104477952.00
2015/05/05,16.47,16.79,15.62,15.75,92538668,1508784000.00
2015/05/06,15.28,15.74,14.55,14.71,46482018,710224448.00
2015/05/07,14.58,16.18,14.48,16.18,63759102,1000275840.00
2015/05/08,15.42,16.30,15.18,15.84,87189567,1384453120.00
2015/05/11,15.86,16.73,15.68,16.60,95380626,1551504384.00
2015/05/12,16.69,17.23,16.10,16.92,93088659,1555105664.00
2015/05/13,16.57,18.32,16.49,17.63,98366022,1725123200.00
2015/05/14,17.46,17.84,17.12,17.26,51006094,890083968.00
2015/05/15,17.27,17.47,16.41,17.16,40418353,684197632.00
2015/05/18,16.87,17.45,16.79,16.93,35553663,608153856.00
2015/05/19,16.95,17.73,16.75,17.59,48378528,843583936.00
2015/05/20,17.59,18.25,17.05,17.21,52904858,943392064.00
2015/05/21,17.23,17.65,16.97,17.61,50810193,876975296.00
2015/05/22,17.67,18.08,17.27,17.82,56099697,990361344.00
2015/05/25,17.75,18.61,17.50,18.45,64921930,1183630720.00
2015/05/26,18.52,19.47,18.04,19.25,70521227,1321575296.00
2015/05/27,19.07,19.35,18.59,18.87,48279064,913376064.00
2015/05/28,18.77,19.29,16.98,17.02,57680639,1059398336.00
2015/05/29,17.17,17.47,16.47,16.86,42076398,716756800.00
2015/06/01,17.02,17.97,16.88,17.93,46129951,811290752.00
2015/06/02,18.17,18.92,17.80,18.77,52653799,965539648.00
2015/06/03,18.97,20.20,18.57,19.82,71281883,1400173952.00
2015/06/04,19.97,20.19,17.97,19.43,49653192,952978624.00
2015/06/05,19.65,19.94,18.68,19.82,53239701,1039535744.00
2015/06/08,19.95,20.30,19.12,19.45,46678174,917220352.00
2015/06/09,19.38,20.19,19.13,19.87,62056400,1219490176.00
2015/06/10,19.84,21.44,19.38,20.81,65151112,1351109248.00
2015/06/11,20.56,21.31,20.49,20.90,48524900,1015167168.00
2015/06/12,21.27,22.99,21.07,22.99,62568437,1404021888.00
2015/06/15,23.47,24.82,22.47,23.72,74680458,1760251264.00
2015/06/16,22.97,23.47,21.35,21.83,56328256,1263859712.00
2015/06/17,21.59,24.02,21.36,24.02,52894885,1205416704.00
2015/06/18,25.07,25.52,22.77,22.99,68925258,1674841856.00
2015/06/19,21.87,22.36,20.69,20.70,47681819,1020538688.00
2015/06/23,20.69,21.12,18.63,20.28,40660408,810570368.00
2015/06/24,20.55,21.42,20.27,21.03,45328302,946958528.00
2015/06/25,20.78,21.13,18.98,19.09,40731893,828358784.00
2015/06/26,18.17,18.26,17.18,17.18,32010349,565316800.00
2015/06/29,17.56,17.67,15.46,15.46,39738143,641380160.00
2015/06/30,15.27,16.82,13.91,16.56,55907583,850422976.00
2015/07/01,16.27,17.33,14.96,15.02,47273415,789527168.00
2015/07/02,15.46,15.57,13.52,13.52,43143754,621889984.00
2015/07/03,12.62,13.90,12.17,12.17,45297548,574436288.00
2015/07/06,13.39,13.39,10.95,11.43,62620658,751583744.00
2015/07/07,10.71,10.96,10.28,10.28,21963731,229573264.00
2015/07/09,9.90,11.31,9.25,11.31,75786410,778903424.00
2015/07/10,11.77,12.44,11.31,12.44,44706109,549390208.00
2015/07/13,12.70,13.69,12.70,13.69,75566597,1002929408.00
2015/07/14,13.61,14.51,12.97,13.20,92353797,1267341056.00
2015/07/15,12.77,12.89,11.88,11.88,38949151,480524608.00
2015/07/16,11.87,12.50,10.82,11.96,47117910,558926912.00
2015/07/17,12.05,13.12,12.01,12.88,56037346,704037568.00
2015/07/20,12.88,13.53,12.65,13.12,52526059,689232064.00
2015/07/21,12.82,13.56,12.72,13.47,47156265,625141120.00
2015/07/22,13.51,13.77,12.87,13.48,52230225,700837888.00
2015/07/23,13.49,14.83,13.43,14.63,81085531,1159532416.00
2015/07/24,14.57,15.17,13.87,14.01,70460224,1017428544.00
2015/07/27,13.47,14.39,12.61,12.61,50265144,684190144.00
2015/07/28,11.97,12.67,11.35,11.95,55326674,658929024.00
2015/07/29,12.30,12.95,11.71,12.85,31997494,389179936.00
2015/07/30,12.62,13.26,12.22,12.33,35469090,460116096.00
2015/07/31,12.08,12.42,11.97,12.20,31035284,378076064.00
2015/08/03,11.91,12.09,11.25,11.93,29062585,340789312.00
2015/08/04,12.03,12.99,11.97,12.96,25388334,317549568.00
2015/08/05,12.97,13.32,12.72,12.78,28372342,369700576.00
2015/08/06,12.37,13.32,12.17,13.07,26442561,343125760.00
2015/08/07,13.22,13.65,13.12,13.50,29248099,393691616.00
2015/08/10,13.67,14.49,13.67,14.37,42016511,592873408.00
2015/08/11,14.36,14.84,14.12,14.38,40229311,584370368.00
2015/08/12,14.02,15.26,13.89,14.79,49158883,719785088.00
2015/08/13,14.53,15.55,14.45,15.29,46870814,708485888.00
2015/08/14,15.30,15.77,14.85,14.97,39162566,595909184.00
2015/08/17,14.97,15.47,14.37,15.38,44610563,667062592.00
2015/08/18,15.35,15.65,13.84,13.84,40805680,600980416.00
2015/08/19,13.16,14.16,12.50,13.92,34065275,454859264.00
2015/08/20,13.69,14.33,13.36,13.39,29103837,402232416.00
2015/08/21,12.91,13.24,12.09,12.13,26477867,335394880.00
2015/08/24,11.48,11.54,10.92,10.92,15833332,175155584.00
2015/08/25,9.83,10.06,9.83,9.83,20589416,203154480.00
2015/08/26,9.77,10.23,8.85,8.85,38819603,365896384.00
2015/08/27,8.88,9.53,8.24,9.28,33951766,306363872.00
2015/08/28,9.41,10.13,9.28,10.07,34421529,330953312.00
2015/08/31,9.89,10.20,9.34,9.66,31986758,311695200.00
2015/09/01,9.48,9.57,8.69,8.69,25575978,229986192.00
2015/09/02,8.29,9.02,8.00,8.20,27164410,230322496.00
2015/09/07,8.38,8.85,8.32,8.50,23441361,201868656.00
2015/09/08,8.58,9.35,8.34,9.28,28088800,248604912.00
2015/09/09,9.28,9.73,9.21,9.58,41145395,392207008.00
2015/09/10,9.29,9.68,9.23,9.37,22588920,213444608.00
2015/09/11,9.33,10.05,9.33,9.99,39068500,378738816.00
2015/09/14,10.16,10.16,8.99,8.99,32054417,307898240.00
2015/09/15,8.61,8.89,8.09,8.10,27391967,230703392.00
2015/09/16,8.19,8.91,8.10,8.91,26503034,225505264.00
2015/09/17,8.90,9.46,8.69,8.73,33355401,303373184.00
2015/09/18,8.88,9.18,8.66,9.12,26450865,237266224.00
2015/09/21,8.91,9.67,8.86,9.66,27164312,254581984.00
2015/09/22,9.63,9.82,9.35,9.60,29198458,281890880.00
2015/09/23,9.41,9.86,9.34,9.57,22998699,221077088.00
2015/09/24,9.68,9.97,9.52,9.70,24916094,242921008.00
2015/09/25,9.63,9.76,9.00,9.10,20146800,189419088.00
2015/09/28,9.16,9.46,8.89,9.34,14361256,132503416.00
2015/09/29,9.15,9.24,8.90,8.99,12831645,116525336.00
2015/09/30,9.09,9.20,8.98,9.03,9170299,83622656.00
2015/10/08,9.39,9.63,9.30,9.48,18635124,176606560.00
2015/10/09,9.48,9.93,9.40,9.76,22983262,223138976.00
2015/10/12,9.80,10.46,9.69,10.30,34699775,351575360.00
2015/10/13,10.16,10.78,10.06,10.45,32655685,339790656.00
2015/10/14,10.34,10.41,10.07,10.08,27517744,282163232.00
2015/10/15,10.09,10.61,10.09,10.58,30685155,319810528.00
2015/10/16,10.68,11.28,10.50,11.04,44855353,487564320.00
2015/10/19,10.98,11.32,10.54,10.90,41503864,457081152.00
2015/10/20,10.90,11.26,10.76,11.15,31006814,342132288.00
2015/10/21,11.24,11.56,10.03,10.05,47595268,517675776.00
2015/10/22,10.16,10.59,10.00,10.51,28280282,291988992.00
2015/10/23,10.61,11.18,10.44,11.07,36559994,396873504.00
2015/10/26,11.18,11.22,10.87,11.14,33231663,368198624.00
2015/10/27,10.98,11.98,10.48,11.76,53057828,604026560.00
2015/10/28,11.43,11.96,11.05,11.19,42557508,490711744.00
2015/10/29,11.26,11.52,11.06,11.37,28872636,327762304.00
2015/10/30,11.33,11.68,11.00,11.35,31645467,361726560.00
2015/11/02,11.18,11.33,10.72,10.80,25244425,278666176.00
2015/11/03,10.83,10.94,10.62,10.73,17995322,194350144.00
2015/11/04,10.82,11.47,10.78,11.44,29762020,332911104.00
2015/11/05,11.48,11.84,11.27,11.76,46057528,533506560.00
2015/11/06,11.92,12.18,11.83,11.95,41113407,493148032.00
2015/11/09,11.88,12.07,11.61,11.93,30349125,360697952.00
2015/11/10,11.93,12.47,11.80,12.18,42292160,514991904.00
2015/11/11,12.16,12.35,11.98,12.27,32141466,391411136.00
2015/11/12,12.27,12.53,11.85,12.30,42714753,521189792.00
2015/11/13,12.08,12.66,11.97,12.20,43504579,536574784.00
2015/11/16,11.83,12.88,11.83,12.85,40375843,500854208.00
2015/11/17,12.90,13.16,12.56,12.68,47122022,607233536.00
2015/11/18,12.81,13.00,12.14,12.27,32083062,405452064.00
2015/11/19,12.35,12.60,12.19,12.56,28144541,350235808.00
2015/11/20,12.63,12.74,12.50,12.66,32318717,408459904.00
2015/11/23,12.58,13.06,12.47,12.62,31864580,407680672.00
2015/11/24,12.61,12.77,12.42,12.71,20232712,254751200.00
2015/11/25,12.71,13.11,12.53,13.04,32957070,425882304.00
2015/11/26,13.07,13.16,12.62,12.94,27552980,354577344.00
2015/11/27,12.76,12.94,11.64,11.76,27839314,344089472.00
2015/11/30,11.85,11.88,10.89,11.58,21316001,244956160.00
2015/12/01,11.57,11.94,11.42,11.67,18369718,216172736.00
2015/12/02,11.64,11.79,11.19,11.65,13018017,150488688.00
2015/12/03,11.76,12.11,11.59,12.08,16341155,195032144.00
2015/12/04,12.03,12.16,11.69,12.03,16311785,194862000.00
2015/12/07,11.98,12.38,11.83,12.32,19993160,242991872.00
2015/12/08,12.13,12.28,11.76,11.84,14888662,177704640.00
2015/12/09,11.88,12.02,11.72,11.91,10490887,124706696.00
2015/12/10,11.89,12.03,11.77,11.84,11241567,134066112.00
2015/12/11,11.78,11.78,11.48,11.49,9768898,113703192.00
2015/12/14,11.33,11.71,11.26,11.69,9780984,112279752.00
2015/12/15,11.69,11.90,11.64,11.71,8767090,103224776.00
2015/12/16,11.78,11.90,11.66,11.71,10535855,124270264.00
2015/12/17,11.71,12.07,11.71,12.02,16687292,199769520.00
2015/12/18,12.00,12.28,11.91,12.14,20679663,250279840.00
2015/12/21,12.14,12.52,12.05,12.31,19085290,234832704.00
2015/12/22,12.29,12.41,12.13,12.37,16660399,204878336.00
2015/12/23,12.36,12.45,11.98,12.12,14757090,181021712.00
2015/12/24,12.12,12.29,11.90,12.15,11088591,134095120.00
2015/12/25,12.03,12.25,12.03,12.15,10006300,121724624.00
2015/12/28,12.18,12.43,11.68,11.78,19599283,238691520.00
2015/12/29,11.67,12.01,11.63,11.95,10257000,121724416.00
2015/12/30,12.00,12.23,11.88,12.22,11048129,133791144.00
2015/12/31,12.19,12.28,11.89,11.92,9455295,114538672.00
2016/01/04,11.84,11.91,10.73,10.74,10348616,116768448.00
2016/01/05,10.03,10.78,9.86,10.38,17551616,180771280.00
2016/01/06,10.32,10.59,10.24,10.54,14463232,150714608.00
2016/01/07,10.39,10.40,9.48,9.48,4054000,40162612.00
2016/01/08,9.64,9.80,8.89,9.48,15013998,142462336.00
2016/01/11,9.08,9.33,8.53,8.53,15009177,133326664.00
2016/01/12,8.38,8.68,8.33,8.58,9445100,80829408.00
2016/01/13,8.64,8.79,8.10,8.21,9635911,82833968.00
2016/01/14,7.79,8.53,7.79,8.46,18644886,152540176.00
2016/01/15,8.39,8.45,7.87,7.95,13565041,110867272.00
2016/01/18,7.68,8.33,7.66,8.16,10404849,84168384.00
2016/01/19,8.17,8.56,8.09,8.52,13720478,115241192.00
2016/01/20,8.44,8.57,8.31,8.44,12790032,108141104.00
2016/01/21,8.30,8.62,8.10,8.15,12757866,107740800.00
2016/01/22,8.28,8.38,8.07,8.33,8496335,70328104.00
2016/01/25,8.51,8.55,8.31,8.39,9476518,80091880.00
2016/01/26,8.33,8.37,7.55,7.63,13906913,110991792.00
2016/01/27,7.64,7.70,7.10,7.43,10886829,81078256.00
2016/01/28,7.41,7.53,7.16,7.19,10003827,74006688.00
2016/01/29,7.21,7.60,7.18,7.50,10730286,79940736.00
2016/02/01,7.50,7.50,7.26,7.43,7858288,58198816.00
2016/02/02,7.45,7.80,7.38,7.74,10254187,78516024.00
2016/02/03,7.62,7.78,7.51,7.72,8450378,64449192.00
2016/02/04,7.79,7.94,7.70,7.89,10962268,86401824.00
2016/02/05,7.88,8.19,7.78,7.79,12232920,97883944.00
2016/02/15,7.45,7.91,7.40,7.80,9282594,71153264.00
2016/02/16,7.98,8.58,7.89,8.58,20275668,167829312.00
2016/02/17,8.58,8.81,8.44,8.69,27437774,236153104.00
2016/02/18,8.76,9.17,8.55,8.90,30359173,268941024.00
2016/02/19,8.80,8.89,8.69,8.83,12773309,112352824.00
2016/02/22,9.05,9.15,8.92,8.95,17914310,162514400.00
2016/02/23,8.88,9.16,8.64,9.11,16031605,142641376.00
2016/02/24,9.04,9.13,8.73,9.07,15157354,136394400.00
2016/02/25,8.99,9.02,8.16,8.19,16379401,140131936.00
2016/02/26,8.28,8.45,8.10,8.31,9419977,78417816.00
2016/02/29,8.35,8.53,7.64,8.46,20458214,165535872.00
2016/03/01,8.47,8.86,8.27,8.71,30632490,265009216.00
2016/03/02,8.62,9.12,8.53,9.08,28088294,250368176.00
2016/03/03,8.98,9.20,8.90,9.06,23953741,217285472.00
2016/03/04,9.03,9.03,8.49,8.58,18009830,158656752.00
2016/03/07,8.67,9.02,8.66,8.87,15440889,136640896.00
2016/03/08,8.86,8.87,8.25,8.69,23484689,200018160.00
2016/03/09,8.47,8.59,8.28,8.38,11927467,100588432.00
2016/03/10,8.42,8.45,7.93,7.97,14730663,120365456.00
2016/03/11,7.88,8.00,7.79,7.95,8428312,66769696.00
2016/03/14,8.04,8.33,7.98,8.21,10259662,84263728.00
2016/03/15,8.19,8.26,8.06,8.09,8246864,67262624.00
2016/03/16,8.14,8.15,7.96,8.00,7972808,64266452.00
2016/03/17,8.03,8.31,7.98,8.31,14452752,118557456.00
2016/03/18,8.35,8.73,8.25,8.66,16766912,143633168.00
2016/03/21,8.77,8.89,8.65,8.87,16636591,146609792.00
2016/03/22,8.77,9.05,8.72,8.84,18671618,166982736.00
2016/03/23,8.77,8.91,8.71,8.87,10666788,94257256.00
2016/03/24,8.83,8.99,8.61,8.71,14464473,127950456.00
2016/03/25,8.71,9.02,8.70,9.00,15381059,136898784.00
2016/03/28,8.99,9.35,8.94,9.27,32392640,295339008.00
2016/03/29,9.34,9.43,8.79,8.89,32163853,294659744.00
2016/03/30,8.94,9.18,8.92,9.14,14071262,127428512.00
2016/03/31,9.21,9.36,9.08,9.19,16788940,154999616.00
2016/04/01,9.16,9.23,8.92,9.04,12134309,109899952.00
2016/04/05,9.13,9.35,9.03,9.25,15066921,139014864.00
2016/04/06,9.20,9.30,9.13,9.21,12540808,115725536.00
2016/04/07,9.30,9.30,8.93,8.99,11837962,107912512.00
2016/04/08,8.95,8.98,8.62,8.78,9894565,87409952.00
2016/04/11,9.03,9.12,8.90,9.02,12098594,109161592.00
2016/04/12,8.98,9.09,8.92,9.07,10728787,97051840.00
2016/04/13,9.10,9.30,9.07,9.13,22270390,204784320.00
2016/04/14,9.16,9.24,9.05,9.21,12966078,118982456.00
2016/04/15,9.20,9.23,9.02,9.15,11350999,103630496.00
2016/04/18,9.10,9.11,8.80,8.86,10351466,92686456.00
2016/04/19,8.93,8.98,8.81,8.88,7272979,64685520.00
2016/04/20,8.91,8.92,7.99,8.28,16875864,142290640.00
2016/04/21,8.23,8.37,8.16,8.17,7792982,64606240.00
2016/04/22,8.05,8.24,8.05,8.21,4414637,36183168.00
2016/04/25,8.17,8.20,8.01,8.14,5616575,45651048.00
2016/04/26,8.15,8.29,8.10,8.27,5497757,45204520.00
2016/04/27,8.23,8.30,8.15,8.19,6559947,54171804.00
2016/04/28,8.19,8.24,7.98,8.14,5496355,44631616.00
2016/04/29,8.13,8.21,8.08,8.18,4591250,37562368.00
2016/05/03,8.24,8.59,8.12,8.55,12705013,107432416.00
2016/05/04,8.50,8.62,8.42,8.46,7672453,65369168.00
2016/05/05,8.48,8.84,8.48,8.72,14424987,126039632.00
2016/05/06,8.61,8.72,8.18,8.20,15517333,131001608.00
2016/05/09,8.12,8.16,7.78,7.80,9779836,78133272.00
2016/05/10,7.81,7.92,7.81,7.84,4474316,35278044.00
2016/05/11,7.91,7.95,7.73,7.76,4985712,39265048.00
2016/05/12,7.69,7.75,7.40,7.67,6466223,49121920.00
2016/05/13,7.65,7.75,7.60,7.72,6366692,49041660.00
2016/05/16,7.69,7.85,7.63,7.82,4796638,37272216.00
2016/05/17,7.84,7.87,7.58,7.69,8925665,68869784.00
2016/05/18,7.63,7.64,7.21,7.33,9183022,68124216.00
2016/05/19,7.33,7.53,7.30,7.39,7458803,55694456.00
2016/05/20,7.35,7.58,7.32,7.56,5690746,42772024.00
2016/05/23,7.56,7.72,7.53,7.63,6274000,47954040.00
2016/05/24,7.58,7.63,7.40,7.46,5165401,38763244.00
2016/05/25,7.55,7.61,7.47,7.50,6555622,49511808.00
2016/05/26,7.49,7.67,7.36,7.62,7816337,59009292.00
2016/05/27,7.59,7.68,7.56,7.62,5742322,43810296.00
2016/05/30,7.55,7.62,7.45,7.51,4457463,33628800.00
2016/05/31,7.53,7.88,7.52,7.87,9922693,77135592.00
2016/06/01,7.91,7.95,7.85,7.88,7008810,55446748.00
2016/06/02,7.88,7.95,7.83,7.94,7066367,55959936.00
2016/06/03,7.94,7.99,7.88,7.95,7151138,56969588.00
2016/06/06,7.98,8.01,7.82,7.89,6484262,51394520.00
2016/06/07,7.89,7.93,7.79,7.90,5349512,42158344.00
2016/06/08,7.90,7.90,7.77,7.84,5559530,43643620.00
2016/06/13,7.76,7.80,7.34,7.37,6756020,51724376.00
2016/06/14,7.38,7.46,7.34,7.38,4455924,33007992.00
2016/06/15,7.35,7.74,7.31,7.59,6832653,51820244.00
2016/06/16,7.58,7.60,7.46,7.50,7558175,57081060.00
2016/06/17,7.53,7.67,7.51,7.59,7453254,56832820.00
2016/06/20,7.59,7.59,7.48,7.56,4353518,32892516.00
2016/06/21,7.61,7.74,7.51,7.56,7226554,55237452.00
2016/06/22,7.57,7.67,7.55,7.66,5219903,39857944.00
2016/06/23,7.66,7.66,7.52,7.63,5873864,44739844.00
2016/06/24,7.63,7.66,7.31,7.47,7136357,53656688.00
2016/06/27,7.43,7.68,7.41,7.63,5176336,39364716.00
2016/06/28,7.63,7.75,7.59,7.74,7489787,57617192.00
2016/06/29,7.74,7.86,7.69,7.82,11601127,90417768.00
2016/06/30,7.81,8.16,7.79,7.93,17725998,142505344.00
2016/07/01,7.87,7.98,7.83,7.87,6114425,48361420.00
2016/07/04,7.82,8.01,7.80,8.00,9602101,76596344.00
2016/07/05,8.03,8.17,7.95,8.14,14657552,118414968.00
2016/07/06,8.08,8.23,8.01,8.14,8992422,73056976.00
2016/07/07,8.12,8.14,8.02,8.07,8268697,66859288.00
2016/07/08,8.07,8.10,7.99,8.03,6658169,53752468.00
2016/07/11,8.05,8.10,7.98,8.01,9561243,77186208.00
2016/07/12,8.03,8.11,7.91,8.10,9778316,78661680.00
2016/07/13,8.11,8.35,8.09,8.28,18150241,149919792.00
2016/07/14,8.28,8.33,8.22,8.30,7956282,65934372.00
2016/07/15,8.36,8.39,8.23,8.29,8078090,67270472.00
2016/07/18,8.35,8.35,8.17,8.20,6204914,51157536.00
2016/07/19,8.20,8.25,8.14,8.23,4925042,40504568.00
2016/07/20,8.25,8.33,8.19,8.29,7184295,59572044.00
2016/07/21,8.31,8.46,8.23,8.36,11700515,97837160.00
2016/07/22,8.29,8.36,8.20,8.21,7452408,61968472.00
2016/07/25,8.18,8.33,8.15,8.29,5910554,48942624.00
2016/07/26,8.28,8.41,8.27,8.38,7789967,65238316.00
2016/07/27,8.40,8.60,8.08,8.22,22805000,191130528.00
2016/07/28,8.28,8.83,8.16,8.67,28561514,243323760.00
2016/07/29,8.59,8.70,8.39,8.46,16710379,142615568.00
2016/08/01,8.33,8.38,7.77,7.90,19883354,159341360.00
2016/08/02,7.84,8.21,7.84,8.20,13551766,109264464.00
2016/08/03,8.12,8.52,8.12,8.38,20781883,174319440.00
2016/08/04,8.36,8.72,8.31,8.51,21286724,182529696.00
2016/08/05,8.47,8.69,8.36,8.40,17071992,145919200.00
2016/08/08,8.38,8.93,8.38,8.84,26437626,230664080.00
2016/08/09,8.86,8.89,8.69,8.88,18851150,165893632.00
2016/08/10,8.87,9.01,8.71,8.72,16104149,142466800.00
2016/08/11,8.73,8.81,8.50,8.53,12211074,105182608.00
2016/08/12,8.51,8.68,8.46,8.66,9392021,80785144.00
2016/08/15,8.66,8.93,8.56,8.84,15056666,132383664.00
2016/08/16,8.86,8.93,8.79,8.86,11848889,105170832.00
2016/08/17,8.86,9.06,8.81,9.04,15685320,140953024.00
2016/08/18,9.06,9.06,8.81,8.90,13243291,118173792.00
2016/08/19,8.93,8.94,8.77,8.87,7154362,63181592.00
2016/08/22,8.89,8.95,8.70,8.75,7061475,62379772.00
2016/08/23,8.80,8.93,8.70,8.88,9579589,84521016.00
2016/08/24,8.90,8.93,8.73,8.75,8391338,74098864.00
2016/08/25,8.70,8.72,8.50,8.62,8297505,71413912.00
2016/08/26,8.68,8.74,8.60,8.63,6330500,54901584.00
2016/08/29,8.63,8.78,8.58,8.73,6246219,54333704.00
2016/08/30,8.77,8.77,8.63,8.65,4092278,35507644.00
2016/08/31,8.61,8.70,8.59,8.65,3989065,34512308.00
2016/09/01,8.90,8.92,8.67,8.76,14335358,126254472.00
2016/09/02,8.71,8.87,8.65,8.72,5696283,49778396.00
2016/09/05,8.72,8.79,8.68,8.72,4924541,43002840.00
2016/09/06,8.76,8.92,8.63,8.89,7546974,66187940.00
2016/09/07,8.88,9.16,8.83,8.99,15141996,136716384.00
2016/09/08,9.03,9.38,8.99,9.19,20817606,191727104.00
2016/09/09,9.20,9.26,9.10,9.12,11564866,106126480.00
2016/09/12,8.96,8.99,8.65,8.67,11899532,104753112.00
2016/09/13,8.70,8.84,8.70,8.78,4879386,42774872.00
2016/09/14,8.77,8.85,8.66,8.70,5148408,45103944.00
2016/09/19,8.74,8.86,8.67,8.85,4497092,39542452.00
2016/09/20,8.89,8.89,8.73,8.77,3918134,34387344.00
2016/09/21,8.81,8.83,8.75,8.77,3125646,27474412.00
2016/09/22,8.82,8.94,8.79,8.86,7205991,64019336.00
2016/09/23,8.90,8.91,8.68,8.70,5623200,49413516.00
2016/09/26,8.70,8.74,8.47,8.49,5794493,50102912.00
2016/09/27,8.50,8.69,8.50,8.68,3503397,30198540.00
2016/09/28,8.70,8.72,8.60,8.67,3357998,29071048.00
2016/09/29,8.68,8.76,8.63,8.67,2623341,22794576.00
2016/09/30,8.69,8.71,8.61,8.69,3393379,29400536.00
2016/10/10,8.73,8.86,8.65,8.85,6125316,53627092.00
2016/10/11,8.83,9.12,8.81,9.09,14265058,128620928.00
2016/10/12,9.07,9.17,8.98,9.10,8266640,75059032.00
2016/10/13,9.10,9.36,9.03,9.28,14415730,133315616.00
2016/10/14,9.23,9.43,9.21,9.35,15946391,148902944.00
2016/10/17,9.31,9.40,9.15,9.18,9870689,91333448.00
2016/10/18,9.13,9.32,9.13,9.31,7084561,65520872.00
2016/10/19,9.30,9.38,9.20,9.26,9275336,86157872.00
2016/10/20,9.25,9.33,9.14,9.19,6454819,59431644.00
2016/10/21,9.21,9.26,8.90,9.13,6439621,58517468.00
2016/10/24,9.15,9.32,8.97,9.27,8250638,75738440.00
2016/10/25,9.32,9.32,9.13,9.17,6295926,57946508.00
2016/10/26,9.17,9.22,9.00,9.11,7703789,70039792.00
2016/10/27,9.13,9.15,9.02,9.08,3739901,34015368.00
2016/10/28,9.13,9.24,9.05,9.06,6277945,57281140.00
2016/10/31,9.08,9.11,8.92,8.98,6126626,55055552.00
2016/11/01,8.99,9.06,8.89,9.04,6789576,60939652.00
2016/11/02,9.04,9.04,8.88,8.90,4971314,44464800.00
2016/11/03,8.88,9.07,8.85,8.96,9315027,83505672.00
2016/11/04,8.97,9.07,8.90,8.96,5598594,50251476.00
2016/11/07,8.97,9.07,8.94,9.05,6578397,59216304.00
2016/11/08,9.08,9.45,9.04,9.36,18765830,173891168.00
2016/11/09,9.33,9.37,9.11,9.25,11198858,103517024.00
2016/11/10,9.43,9.43,9.25,9.37,10680977,99759176.00
2016/11/11,9.39,9.41,9.26,9.36,7647629,71498640.00
2016/11/14,9.35,9.43,9.27,9.32,6885628,64308680.00
2016/11/15,9.35,9.53,9.22,9.48,9550260,89479008.00
2016/11/16,9.46,9.64,9.40,9.42,14032723,133374968.00
2016/11/17,9.38,9.51,9.31,9.46,8764400,82434088.00
2016/11/18,9.46,9.53,9.35,9.41,7467018,70552552.00
2016/11/21,9.39,9.45,9.32,9.37,6468238,60656812.00
2016/11/22,9.35,9.58,9.30,9.53,9479241,89713784.00
2016/11/23,9.56,9.56,9.29,9.32,10287527,96942944.00
2016/11/24,9.31,9.33,9.11,9.13,8634607,79711776.00
2016/11/25,9.15,9.29,9.03,9.28,9957954,91335304.00
2016/11/28,9.30,9.32,9.19,9.26,5673099,52483848.00
2016/11/29,9.28,9.29,9.08,9.11,6144828,56415280.00
2016/11/30,9.10,9.17,9.07,9.13,4439503,40473644.00
2016/12/01,9.18,9.22,9.09,9.20,4408112,40340168.00
2016/12/02,9.20,9.20,8.85,8.89,11101124,99494952.00
2016/12/05,8.78,8.93,8.73,8.84,4644405,41091272.00
2016/12/06,8.87,8.93,8.84,8.85,3136801,27902918.00
2016/12/07,8.83,8.99,8.79,8.97,4352730,38858416.00
2016/12/08,8.93,9.00,8.90,8.94,3546905,31769728.00
2016/12/09,8.96,8.97,8.86,8.89,3679000,32783616.00
2016/12/12,8.91,8.92,8.21,8.27,10064650,86022256.00
2016/12/13,8.27,8.38,8.16,8.34,5014159,41609020.00
2016/12/14,8.34,8.50,8.22,8.37,4133477,34541872.00
2016/12/15,8.35,8.56,8.30,8.52,4866328,41185504.00
2016/12/16,8.53,8.79,8.47,8.67,5727199,49620084.00
2016/12/19,8.64,8.71,8.55,8.62,4008019,34555836.00
2016/12/20,8.63,8.64,8.48,8.55,3250259,27859524.00
2016/12/21,8.60,8.71,8.46,8.67,4121617,35645492.00
2016/12/22,8.69,8.73,8.63,8.71,3522189,30613256.00
2016/12/23,8.70,8.78,8.58,8.59,3601594,31186904.00
2016/12/26,8.60,8.87,8.56,8.86,4351582,37770588.00
2016/12/27,8.79,8.86,8.69,8.74,4575980,40079088.00
2016/12/28,8.72,8.81,8.64,8.70,4893626,42705776.00
2016/12/29,8.69,8.74,8.65,8.69,3967753,34458280.00
2016/12/30,8.70,8.73,8.65,8.69,3475926,30219920.00
2017/01/03,8.74,8.80,8.69,8.79,4937919,43228628.00
2017/01/04,8.83,8.83,8.71,8.79,4286951,37572680.00
2017/01/05,8.81,8.83,8.75,8.80,4070835,35796232.00
2017/01/06,8.80,8.86,8.75,8.79,5223202,45980264.00
2017/01/09,8.80,8.92,8.76,8.91,5175633,45848960.00
2017/01/10,8.93,9.07,8.86,8.88,8007108,71917968.00
2017/01/11,8.90,8.91,8.74,8.80,3781518,33346284.00
2017/01/12,8.79,8.89,8.75,8.84,3481722,30676278.00
2017/01/13,8.78,8.84,8.52,8.58,4499899,39131560.00
2017/01/16,8.57,8.63,7.84,8.26,6122394,50878760.00
2017/01/17,8.16,8.32,8.01,8.26,5811997,47451752.00
2017/01/18,8.28,8.28,8.16,8.21,1859420,15266059.00
2017/01/19,8.21,8.28,8.15,8.20,1975959,16242325.00
2017/01/20,8.21,8.40,8.13,8.34,2430084,20175370.00
2017/01/23,8.37,8.48,8.30,8.39,2634321,22150356.00
2017/01/24,8.42,8.44,8.30,8.33,2382997,19894060.00
2017/01/25,8.33,8.39,8.31,8.34,1791983,14959995.00
2017/01/26,8.39,8.41,8.36,8.36,1672801,14021646.00
2017/02/03,8.36,8.53,8.31,8.52,3600097,30409188.00
2017/02/06,8.51,8.65,8.46,8.64,3908884,33556272.00
2017/02/07,8.66,8.69,8.58,8.68,4265763,36804944.00
2017/02/08,8.66,8.74,8.57,8.71,2998770,25991004.00
2017/02/09,8.71,8.82,8.68,8.73,3317700,29040056.00
2017/02/10,8.71,8.80,8.67,8.79,4357786,38056192.00
2017/02/13,8.77,9.02,8.77,8.88,8441497,75278704.00
2017/02/14,8.89,8.90,8.77,8.86,4760999,41986776.00
2017/02/15,8.94,8.96,8.76,8.85,10759032,95382360.00
2017/02/16,8.85,8.88,8.78,8.87,5900845,52075120.00
2017/02/17,8.88,8.89,8.63,8.67,5141380,44936744.00
2017/02/20,8.69,9.10,8.65,9.02,13134213,117480800.00
2017/02/21,8.95,9.25,8.92,9.11,13267292,121200952.00
2017/02/22,9.07,9.15,8.93,9.11,7452156,67380032.00
2017/02/23,9.11,9.17,9.00,9.07,5122212,46469120.00
2017/02/24,9.05,9.32,9.05,9.15,10680941,98061840.00
2017/02/27,9.15,9.21,9.00,9.01,5210100,47209920.00
2017/02/28,9.04,9.06,8.97,9.04,3054400,27525652.00
2017/03/01,9.06,9.08,8.89,8.89,6733600,60401416.00
2017/03/02,8.92,8.94,8.74,8.78,7530116,66456072.00
2017/03/03,8.75,8.89,8.72,8.82,4338949,38305636.00
2017/03/06,8.80,9.01,8.80,8.94,6268354,55848452.00
2017/03/07,8.92,8.97,8.80,8.91,7499750,66525028.00
2017/03/08,8.91,8.95,8.85,8.87,2350525,20861864.00
2017/03/09,8.89,8.89,8.70,8.73,3917330,34365352.00
2017/03/10,8.76,8.78,8.67,8.73,3087042,26958948.00
2017/03/13,8.70,8.90,8.67,8.87,5026025,44226552.00
2017/03/14,8.87,8.91,8.82,8.84,2959821,26256044.00
2017/03/15,8.84,8.86,8.74,8.79,3814902,33519894.00
2017/03/16,8.83,8.91,8.80,8.87,5279214,46752080.00
2017/03/17,8.90,8.90,8.75,8.78,4523671,40038904.00
2017/03/20,8.75,8.80,8.68,8.78,3457986,30231024.00
2017/03/21,8.76,8.82,8.71,8.74,2626451,23011932.00
2017/03/22,8.73,8.76,8.53,8.57,5176697,44588152.00
2017/03/23,8.58,8.67,8.53,8.63,4490130,38705728.00
2017/03/24,8.64,8.66,8.56,8.63,3109186,26767248.00
2017/03/27,8.62,8.68,8.55,8.57,3183505,27379888.00
2017/03/28,8.56,8.59,8.52,8.53,3501855,29943266.00
2017/03/29,8.54,8.57,8.45,8.47,3646661,30985468.00
2017/03/30,8.49,8.49,8.19,8.25,4803441,40014704.00
2017/03/31,8.26,8.36,8.25,8.33,2845102,23641168.00
2017/04/05,8.36,8.54,8.32,8.54,4144181,35136204.00
2017/04/06,8.53,8.59,8.45,8.57,4177338,35656712.00
2017/04/07,8.59,8.66,8.46,8.62,5325512,45746944.00
2017/04/10,8.60,8.65,8.53,8.55,3136371,26887640.00
2017/04/11,8.56,8.65,8.50,8.62,3619904,31027946.00
2017/04/12,8.60,8.62,8.51,8.53,3634032,31103152.00
2017/04/13,8.53,9.00,8.50,8.81,13901850,122714768.00
2017/04/14,8.76,8.95,8.57,8.67,6296310,54780640.00
2017/04/17,8.64,8.67,8.39,8.46,4606743,39214728.00
2017/04/18,8.47,8.55,8.32,8.33,3576201,30188484.00
2017/04/19,8.34,8.44,7.93,8.11,8611285,70077352.00
2017/04/20,8.13,8.17,8.00,8.08,2991915,24195340.00
2017/04/21,8.11,8.16,7.94,8.04,4468122,35917048.00
2017/04/24,8.00,8.05,7.62,7.69,5389298,41949524.00
2017/04/25,7.72,7.84,7.70,7.72,4297250,33306440.00
2017/04/26,7.80,7.80,7.68,7.72,2231495,17228920.00
2017/04/27,7.69,7.73,7.50,7.65,6370304,48582248.00
2017/04/28,7.65,7.71,7.56,7.64,4639295,35508136.00
2017/05/02,7.65,7.78,7.62,7.77,4677967,35990616.00
2017/05/03,7.73,7.77,7.60,7.74,3324177,25592852.00
2017/05/04,7.73,7.75,7.60,7.68,2434133,18720134.00
2017/05/05,7.65,7.79,7.63,7.71,2695174,20713900.00
2017/05/08,7.70,7.78,7.54,7.57,3881571,29781476.00
2017/05/09,7.58,7.71,7.54,7.67,2173212,16631075.00
2017/05/10,7.68,7.72,7.58,7.66,2974956,22819912.00
2017/05/11,7.63,7.67,7.04,7.29,10048398,73361648.00
2017/05/12,7.28,7.30,7.10,7.19,2751988,19769776.00
2017/05/15,7.25,7.31,7.11,7.29,2675734,19378852.00
2017/05/16,7.25,7.51,7.00,7.41,4689594,34041196.00
2017/05/17,7.40,7.49,7.34,7.40,2818919,20893966.00
2017/05/18,7.35,7.43,7.33,7.36,1461900,10795872.00
2017/05/19,7.38,7.41,7.17,7.27,2266135,16518472.00
2017/05/22,7.29,7.49,7.22,7.48,5398838,39741528.00
2017/05/23,7.40,7.49,7.23,7.25,3504967,25736238.00
2017/05/24,7.20,7.27,7.00,7.12,5100470,36363016.00
2017/05/25,7.13,7.15,6.90,7.13,4917204,34702688.00
2017/05/26,7.13,7.15,7.05,7.06,2211561,15689824.00
2017/05/31,7.14,7.19,6.96,7.00,3434382,24338934.00
2017/06/01,7.00,7.09,6.80,6.86,5363596,37277856.00
2017/06/02,6.88,6.90,6.71,6.86,4426191,30110028.00
2017/06/05,6.90,6.94,6.84,6.90,2520262,17345740.00
2017/06/06,6.87,6.95,6.85,6.93,2457214,16979476.00
2017/06/07,6.95,7.09,6.89,7.08,4805284,33708972.00
2017/06/08,7.06,7.08,7.02,7.05,3389501,23900582.00
2017/06/09,7.06,7.13,7.00,7.10,4588509,32508768.00
2017/06/12,7.08,7.08,6.90,6.93,3134208,21847406.00
2017/06/13,6.93,7.04,6.93,7.01,2913540,20386614.00
2017/06/14,7.03,7.03,6.97,6.99,1811567,12688791.00
2017/06/15,7.01,7.16,7.00,7.12,3950871,28034380.00
2017/06/16,7.11,7.15,7.05,7.08,2225624,15787224.00
2017/06/19,7.08,7.18,7.06,7.17,3025085,21560654.00
2017/06/20,7.15,7.20,7.10,7.13,3227633,23084044.00
2017/06/21,7.14,7.18,7.11,7.17,2733506,19534164.00
2017/06/22,7.19,7.25,7.11,7.12,4481597,32191256.00
2017/06/23,7.10,7.13,6.93,7.04,2859921,20161552.00
2017/06/26,7.04,7.17,6.98,7.16,3909695,27675312.00
2017/06/27,7.16,7.45,7.13,7.17,4912197,35552144.00
2017/06/28,7.15,7.15,7.05,7.08,2286016,16198054.00
2017/06/29,7.08,7.20,7.08,7.08,1851620,13178260.00
2017/06/30,7.07,7.12,7.03,7.09,1229453,8704697.00
2017/07/03,7.10,7.13,7.07,7.11,1938655,13768191.00
2017/07/04,7.12,7.13,7.05,7.07,2526434,17893744.00
2017/07/05,7.07,7.11,7.05,7.11,3444420,24389996.00
2017/07/06,7.11,7.13,7.03,7.08,3308349,23448760.00
2017/07/07,7.08,7.19,7.03,7.16,6399295,45399660.00
2017/07/10,7.13,7.19,7.11,7.17,5068955,36280592.00
2017/07/11,7.16,7.26,7.13,7.16,3627647,26110200.00
2017/07/12,7.16,7.18,7.00,7.09,3924202,27740946.00
2017/07/13,7.03,7.09,7.00,7.07,3148520,22173018.00
2017/07/14,7.04,7.06,6.96,7.00,2545491,17847188.00
2017/07/17,6.96,6.96,6.58,6.58,5279358,35764456.00
2017/07/18,6.60,6.70,6.58,6.66,2638673,17482088.00
2017/07/19,6.62,6.77,6.60,6.74,3839342,25753484.00
2017/07/20,6.72,6.80,6.71,6.75,2455534,16601857.00
2017/07/21,6.79,6.82,6.74,6.75,2714636,18393092.00
2017/07/24,6.75,6.81,6.71,6.78,2435353,16444319.00
2017/07/25,6.80,7.31,6.78,7.29,16948133,120008720.00
2017/08/02,7.29,7.29,7.29,7.29,0,0.00
数据来源:通达信
