600315 上海家化 日线 前复权
      日期	    开盘	    最高	    最低	    收盘	    成交量	    成交额
2010/10/08,23.82,24.40,23.49,23.80,2474423,100236792.00
2010/10/11,23.66,23.66,22.68,23.14,6167934,241169216.00
2010/10/12,22.70,23.29,22.69,22.94,2172239,84771288.00
2010/10/13,22.94,23.87,22.69,22.92,3519365,138366368.00
2010/10/14,22.99,23.18,21.89,22.02,4865881,184617376.00
2010/10/15,22.02,22.09,20.29,20.71,6297457,227342704.00
2010/10/18,20.74,20.80,19.56,20.32,5345916,187573264.00
2010/10/19,20.39,21.06,20.02,20.76,4696561,167693392.00
2010/10/20,20.26,21.59,20.26,21.02,4083099,148436544.00
2010/10/21,21.02,21.42,20.81,21.10,2042836,74262096.00
2010/10/22,21.33,21.34,20.89,21.20,1597051,57824056.00
2010/10/25,21.35,21.42,20.93,21.32,3319488,121006216.00
2010/10/26,21.48,21.48,20.36,20.44,5525116,196145952.00
2010/10/27,20.45,20.89,20.22,20.74,2822818,99977448.00
2010/10/28,20.76,20.82,20.42,20.52,1193596,42532736.00
2010/10/29,20.50,20.65,20.09,20.42,2712276,95178112.00
2010/11/01,20.30,21.08,20.01,21.03,7727484,271991808.00
2010/11/02,21.04,21.10,20.23,20.33,5594570,197855568.00
2010/11/03,20.34,20.42,20.15,20.36,3681805,129211200.00
2010/11/04,20.36,20.92,20.36,20.68,3685888,131690640.00
2010/11/05,20.82,20.96,20.62,20.90,4742031,169958304.00
2010/11/08,20.96,21.96,20.93,21.81,11292786,417914368.00
2010/11/09,21.84,22.60,21.84,22.24,4715887,179180928.00
2010/11/10,22.16,22.56,21.56,22.38,4680766,177641936.00
2010/11/11,22.16,22.69,21.89,22.24,4288098,163994240.00
2010/11/12,22.22,22.25,20.56,20.78,3212000,118608792.00
2010/11/15,20.89,21.72,20.42,21.64,3266592,118979296.00
2010/11/16,21.68,21.70,20.34,20.88,2868495,104449184.00
2010/11/17,20.56,20.96,20.15,20.28,2093104,74163984.00
2010/11/18,20.37,20.76,20.09,20.43,1394901,49048476.00
2010/11/19,20.49,21.10,20.46,21.07,3230438,116268528.00
2010/11/22,20.90,21.90,20.66,21.83,2257969,83822448.00
2010/11/23,22.09,22.09,21.27,21.68,2297461,85528800.00
2010/11/24,21.56,22.22,21.49,22.14,2230121,84108176.00
2010/11/25,22.17,22.56,21.81,22.08,2068041,78420880.00
2010/11/26,22.22,22.22,21.29,21.78,2428091,90334416.00
2010/11/29,21.66,22.21,21.36,22.12,3156471,117985160.00
2010/11/30,21.89,21.89,20.59,21.28,4485550,163341456.00
2010/12/01,21.06,21.33,20.88,21.26,1691204,61387744.00
2010/12/02,21.46,21.56,20.80,21.55,3728374,135506928.00
2010/12/03,21.54,21.72,21.02,21.64,1717473,63433340.00
2011/09/07,19.19,20.39,19.18,19.86,34883068,1176639872.00
2011/09/08,19.59,20.29,19.40,19.77,8378371,285784288.00
2011/09/09,19.59,20.97,19.59,20.17,7379434,256269776.00
2011/09/13,20.02,20.02,19.07,19.26,3197766,107245720.00
2011/09/14,19.18,19.59,18.92,19.30,2509115,83637816.00
2011/09/15,19.26,19.44,19.04,19.06,1791647,59332180.00
2011/09/16,19.08,19.26,18.78,18.98,2208635,72502952.00
2011/09/19,18.97,18.97,18.61,18.77,1218985,39701692.00
2011/09/20,18.74,18.84,18.59,18.68,1047848,33996424.00
2011/09/21,18.66,19.39,18.46,19.21,2128947,70010560.00
2011/09/22,19.06,19.38,18.39,18.74,1353663,44474688.00
2011/09/23,18.49,18.72,18.18,18.24,4885953,156530544.00
2011/09/26,18.09,18.51,18.09,18.25,1468798,46761160.00
2011/09/27,18.19,18.42,17.70,18.02,1540854,48178872.00
2011/09/28,18.18,18.30,17.60,18.00,2105167,65569640.00
2011/09/29,17.62,18.21,17.26,17.31,2839041,87714392.00
2011/09/30,17.52,17.52,17.06,17.35,3509682,106468464.00
2011/10/10,17.39,17.99,17.39,17.54,1728924,53407256.00
2011/10/12,17.55,18.49,17.46,18.38,2751924,86203968.00
2011/10/13,18.51,19.12,18.18,18.78,3232699,105096936.00
2011/10/14,18.86,18.86,18.31,18.42,1685038,54287608.00
2011/10/17,18.43,18.96,18.43,18.89,1589596,51854244.00
2011/10/18,18.86,19.28,18.73,18.82,1087954,35877000.00
2011/10/19,18.83,19.18,18.74,18.84,919399,30182856.00
2011/10/20,18.92,18.99,18.55,18.72,1950821,63376752.00
2011/10/21,18.99,18.99,18.37,18.46,1049621,33743488.00
2011/10/24,18.46,19.26,17.76,19.19,906280,29458790.00
2011/10/25,19.06,19.58,19.02,19.39,1032313,34407716.00
2011/10/26,19.39,19.83,19.26,19.46,1448646,49121064.00
2011/10/27,19.46,19.79,19.32,19.45,897487,30242916.00
2011/10/28,19.59,19.95,19.07,19.88,3049311,103842520.00
2011/10/31,19.95,20.22,19.75,20.06,2222944,76470584.00
2011/11/01,20.05,20.46,19.76,20.39,1726063,59630404.00
2011/11/02,20.24,20.70,19.99,20.64,2227469,77954584.00
2011/11/03,20.40,21.18,20.39,20.58,2133755,76413912.00
2011/11/04,20.76,21.00,20.39,20.48,1832100,64704828.00
2011/11/08,21.80,21.80,20.48,20.92,4436655,158825296.00
2011/11/09,20.96,21.12,20.55,21.06,2612267,93163064.00
2011/11/10,20.79,21.63,20.68,21.14,2074670,75109992.00
2011/11/11,21.07,21.39,20.85,21.08,1079489,38875628.00
2011/11/14,21.20,21.81,21.12,21.71,1680513,61737536.00
2011/11/15,21.60,21.72,21.49,21.65,749447,27596952.00
2011/11/16,21.69,21.90,21.14,21.23,1584770,57921128.00
2011/11/17,21.06,21.42,20.92,21.32,1766795,63836892.00
2011/11/18,21.12,21.52,20.46,21.39,2199249,78931192.00
2011/11/21,21.28,21.28,20.85,20.93,1809917,65107380.00
2011/11/22,20.83,20.92,20.48,20.74,2613581,92535552.00
2011/11/23,20.60,20.99,20.26,20.86,1347797,47782168.00
2011/11/24,20.52,21.86,20.52,21.66,2460588,90309408.00
2011/11/25,21.84,22.02,21.43,21.68,1594602,58909844.00
2011/11/28,21.79,22.26,21.49,22.18,2341548,86707768.00
2011/11/29,22.32,22.43,22.03,22.36,2258784,85233584.00
2011/11/30,22.32,22.37,21.66,22.32,1692450,63248876.00
2011/12/01,22.52,22.59,22.29,22.52,1632453,62122632.00
2011/12/02,22.52,22.52,21.79,22.40,1497913,56255116.00
2011/12/05,22.28,22.28,21.04,21.44,1794838,65946556.00
2011/12/06,21.39,21.46,20.59,21.41,1570032,56215784.00
2011/12/07,21.11,21.41,20.72,21.04,2454268,88627776.00
2011/12/08,20.98,21.05,20.34,20.97,1641203,58338920.00
2011/12/09,20.72,20.96,20.53,20.80,1151505,40840716.00
2011/12/12,20.40,20.90,20.40,20.80,470549,16690191.00
2011/12/13,20.72,20.72,20.16,20.38,1414770,49507800.00
2011/12/14,20.06,20.46,20.06,20.27,706691,24602006.00
2011/12/15,20.07,20.26,19.90,20.19,469725,16188401.00
2011/12/16,20.19,20.65,20.06,20.58,1394331,48520312.00
2011/12/19,20.58,20.58,20.06,20.38,1115780,38828024.00
2011/12/20,20.38,20.58,19.74,20.08,1581888,55068916.00
2011/12/21,20.38,20.52,19.79,20.38,2052798,71352272.00
2011/12/22,20.36,20.41,19.78,20.32,1089175,37801664.00
2011/12/23,20.18,20.32,19.94,20.08,469148,16244185.00
2011/12/26,20.02,20.11,19.64,19.96,495240,16946128.00
2011/12/27,19.72,20.06,19.06,19.58,1089898,36747840.00
2011/12/28,19.39,19.59,18.92,19.28,2690026,89288168.00
2011/12/29,19.18,20.16,19.08,19.78,916116,30864384.00
2012/01/04,20.22,20.22,19.39,19.52,1339255,45239160.00
2012/01/05,19.34,19.51,18.32,18.47,2010470,65059496.00
2012/01/06,18.39,18.92,17.72,18.81,2223269,69727152.00
2012/01/09,18.26,19.06,17.99,19.04,1323739,42593896.00
2012/01/10,18.82,19.48,18.81,19.24,1259653,41834792.00
2012/01/11,19.21,19.39,18.86,19.33,580458,19130324.00
2012/01/12,19.16,19.21,18.51,18.67,825131,27008020.00
2012/01/13,18.66,18.72,17.79,17.88,1235435,38733288.00
2012/01/16,17.64,18.14,17.39,17.46,879142,27252382.00
2012/01/17,17.59,17.99,17.06,17.78,1656199,50851428.00
2012/01/18,17.79,17.86,16.51,16.98,1514342,45734460.00
2012/01/19,16.72,17.16,16.33,17.02,2073130,61441068.00
2012/01/20,16.99,17.52,16.73,17.44,769320,23392884.00
2012/01/30,17.44,17.72,17.28,17.38,1124379,34393360.00
2012/01/31,17.58,17.58,17.30,17.42,351506,10735919.00
2012/02/01,17.54,18.02,17.32,17.89,1140634,35079384.00
2012/02/02,17.76,18.19,17.72,18.18,1059642,33345040.00
2012/02/03,18.26,18.53,18.00,18.46,937929,29840040.00
2012/02/06,18.46,19.42,18.46,19.00,2641819,87592264.00
2012/02/07,18.90,19.14,18.42,18.68,810766,26425152.00
2012/02/08,18.72,19.12,18.49,19.06,400323,13097833.00
2012/02/09,19.26,19.39,19.13,19.14,1027851,34234864.00
2012/02/10,19.06,19.39,18.99,19.24,875956,29100868.00
2012/02/13,19.10,19.51,18.96,19.24,551590,18440434.00
2012/02/14,19.22,19.46,19.14,19.36,585858,19559942.00
2012/02/15,19.33,19.49,19.18,19.34,880058,29414448.00
2012/02/16,19.29,19.45,19.12,19.18,727752,24179826.00
2012/02/17,19.42,19.43,19.11,19.19,215676,7158813.00
2012/02/20,19.26,19.29,18.72,18.90,1061260,34873972.00
2012/02/21,18.89,18.98,18.72,18.98,924830,30261784.00
2012/02/22,18.83,19.19,18.83,19.06,1172460,38631472.00
2012/02/23,19.46,19.46,18.74,18.99,1078409,35495644.00
2012/02/24,19.19,19.19,18.83,18.90,1451084,47753996.00
2012/02/27,18.99,19.46,18.94,19.40,1450616,48190224.00
2012/02/28,19.34,19.41,18.93,19.00,702656,23285836.00
2012/02/29,19.01,19.01,18.39,18.85,1229058,39745820.00
2012/03/01,18.62,18.83,18.56,18.76,445934,14474530.00
2012/03/02,18.72,18.86,18.51,18.72,2272104,73730792.00
2012/03/06,18.56,19.06,18.52,18.71,833832,27206416.00
2012/03/07,18.70,18.70,18.29,18.52,1542899,49527896.00
2012/03/08,18.54,18.68,18.13,18.26,1880112,60141816.00
2012/03/09,18.34,18.44,18.16,18.24,2767898,88141808.00
2012/03/12,18.42,19.59,18.24,19.44,2728531,90571504.00
2012/03/13,19.46,19.62,19.13,19.46,1481959,49669168.00
2012/03/14,19.44,19.55,18.76,19.12,1839292,61404200.00
2012/03/15,19.12,19.52,18.91,19.50,1427164,47487152.00
2012/03/16,19.52,20.25,19.34,19.87,3223974,110467016.00
2012/03/19,19.83,20.22,19.72,20.06,2476080,85517952.00
2012/03/20,20.06,20.06,19.26,19.41,1581247,53227008.00
2012/03/21,19.42,19.42,18.79,18.89,840538,27763742.00
2012/03/22,18.89,19.31,18.89,18.92,603828,19879408.00
2012/03/23,18.92,19.10,18.39,18.52,1530860,49386536.00
2012/03/26,18.39,18.72,18.33,18.49,2137721,68612448.00
2012/03/27,18.60,18.72,18.22,18.23,605473,19428320.00
2012/03/28,18.38,18.38,17.92,17.98,1229307,38771196.00
2012/03/29,17.91,18.16,17.72,18.02,1376009,42838624.00
2012/03/30,17.67,18.39,17.67,18.33,1075608,34136088.00
2012/04/09,18.06,18.96,18.05,18.39,1869761,60044128.00
2012/04/10,18.26,18.26,17.69,18.16,1987671,62170616.00
2012/04/11,17.66,18.24,17.66,18.16,820162,25757224.00
2012/04/12,18.16,18.72,17.92,18.52,658217,20962720.00
2012/04/13,18.46,19.04,18.36,18.76,817978,26651224.00
2012/04/16,18.87,19.04,18.62,18.64,605803,19735734.00
2012/04/17,18.62,18.63,18.37,18.48,300841,9652258.00
2012/04/18,18.48,18.89,18.40,18.74,401782,13044469.00
2012/04/19,18.68,18.84,18.21,18.40,1077481,34608640.00
2012/04/20,18.39,18.52,18.06,18.49,879739,28087290.00
2012/04/23,18.64,18.64,18.26,18.36,377678,12111627.00
2012/04/24,18.29,18.36,17.58,17.91,1032607,32340344.00
2012/04/25,17.91,18.25,17.76,18.25,681099,21420212.00
2012/04/26,18.26,18.31,18.02,18.24,606549,19239680.00
2012/04/27,18.31,19.39,18.24,19.36,3476692,114651824.00
2012/05/02,19.84,19.84,19.44,19.61,1987169,67114544.00
2012/05/03,19.60,19.94,19.32,19.82,1995245,68008424.00
2012/05/04,19.86,20.00,19.67,19.94,1049535,35906308.00
2012/05/07,19.94,21.16,19.92,20.74,3584415,127442632.00
2012/05/08,20.74,20.74,19.97,20.39,1515546,52829328.00
2012/05/09,20.10,20.59,20.09,20.48,953394,33374136.00
2012/05/10,20.54,20.86,20.14,20.82,1400599,49460844.00
2012/05/11,20.76,20.76,20.26,20.58,1761597,62074424.00
2012/05/14,20.72,20.72,20.15,20.58,1322732,46242104.00
2012/05/15,20.40,20.59,20.19,20.39,1079838,37854168.00
2012/05/16,20.39,20.49,20.20,20.24,1189276,41523252.00
2012/05/17,20.20,20.32,20.14,20.18,704376,24500338.00
2012/05/18,20.12,20.22,19.79,19.80,1100142,37926092.00
2012/05/21,19.72,20.29,19.60,20.13,534947,18459560.00
2012/05/22,19.99,20.48,19.99,20.39,1511772,52834160.00
2012/05/23,20.34,20.74,20.16,20.64,1175648,41478704.00
2012/05/24,20.39,20.77,19.89,19.92,880425,30744636.00
2012/05/25,19.84,20.46,19.80,20.28,1019437,35547752.00
2012/05/28,20.38,20.64,20.23,20.60,849360,29760972.00
2012/05/30,20.86,21.54,20.47,21.43,2892086,104260928.00
2012/05/31,21.35,21.56,21.06,21.52,1250910,45756740.00
2012/06/01,21.43,21.52,21.02,21.06,1032794,37519140.00
2012/06/04,20.99,21.52,20.86,21.10,2635205,95864672.00
2012/06/05,21.22,21.26,20.95,21.25,1833276,66115108.00
2012/06/06,21.06,22.00,20.96,21.48,2156969,79464496.00
2012/06/07,21.52,21.56,21.06,21.08,693310,25244326.00
2012/06/08,21.14,21.50,20.72,21.31,1066179,38445340.00
2012/06/11,21.26,21.99,21.06,21.90,1377742,51045968.00
2012/06/12,21.89,22.59,21.72,22.57,2290389,86866328.00
2012/06/13,22.42,23.26,22.42,22.70,2437957,94749024.00
2012/06/14,22.59,23.39,22.59,23.24,2178860,85539232.00
2012/06/15,22.96,23.50,22.96,23.07,1435942,56237864.00
2012/06/18,23.06,23.32,22.79,22.92,1119253,43620832.00
2012/06/19,22.88,23.52,22.79,23.28,1407392,55405840.00
2012/06/20,23.07,23.38,22.83,23.06,1116464,43467556.00
2012/06/21,22.98,23.11,22.39,22.82,985784,37941156.00
2012/06/25,22.72,22.79,22.33,22.44,1389324,53024740.00
2012/06/26,22.32,22.71,22.12,22.56,1158661,43980096.00
2012/06/27,22.39,23.14,21.44,23.01,3888513,147212560.00
2012/06/28,22.99,23.36,22.86,23.12,2418098,94533624.00
2012/06/29,22.86,23.51,22.31,23.06,4241591,164731520.00
2012/07/02,22.80,23.61,22.54,23.58,1578415,61609748.00
2012/07/03,23.64,24.52,23.52,23.86,3048556,122698824.00
2012/07/04,23.64,24.12,23.39,23.93,1527593,61113216.00
2012/07/05,23.61,25.15,23.61,25.02,4812040,199982400.00
2012/07/06,24.94,26.05,24.60,25.70,1519880,64952296.00
2012/07/09,25.89,27.31,25.89,26.82,4379302,195019824.00
2012/07/10,26.22,27.06,25.92,26.40,1298020,57032252.00
2012/07/11,26.14,27.19,26.14,26.88,2135425,95019312.00
2012/07/12,26.88,27.41,26.19,26.24,1592068,70967768.00
2012/07/13,26.06,28.04,26.06,27.52,2110196,95073568.00
2012/07/16,27.81,27.81,26.32,26.62,1868835,83098224.00
2012/07/17,26.10,26.52,25.34,26.38,1565366,67430344.00
2012/07/18,26.38,26.60,24.99,25.83,1938508,82042536.00
2012/07/19,25.79,26.82,25.33,26.79,1820369,78910008.00
2012/07/20,26.64,26.95,26.22,26.66,1206998,53149936.00
2012/07/23,26.10,26.65,26.09,26.11,470502,20413460.00
2012/07/24,25.99,26.64,25.91,25.92,586632,25433724.00
2012/07/25,25.93,26.86,25.93,26.69,806040,35210152.00
2012/07/26,26.79,26.85,26.42,26.70,1290703,56629212.00
2012/07/27,26.98,26.98,25.26,25.98,2336783,99584896.00
2012/07/30,25.59,25.98,25.16,25.56,1623229,68137808.00
2012/07/31,25.32,25.92,25.32,25.83,1267435,54026172.00
2012/08/01,25.83,26.19,25.46,26.14,1297142,55692856.00
2012/08/02,26.13,27.30,25.93,26.66,1077037,47303728.00
2012/08/03,26.72,27.06,26.39,26.67,989380,43535240.00
2012/08/06,26.72,28.06,26.65,27.92,1496326,67731552.00
2012/08/07,27.80,29.66,27.71,28.64,2175158,102458408.00
2012/08/08,28.24,28.98,28.05,28.84,1385047,64788820.00
2012/08/09,28.81,29.20,28.23,28.73,1026451,48124796.00
2012/08/10,28.73,29.86,28.64,28.96,1507448,72141960.00
2012/08/13,28.92,29.58,28.66,28.94,1551265,74069384.00
2012/08/14,28.94,29.16,27.52,28.92,1895928,87416224.00
2012/08/15,28.64,29.00,28.04,28.96,2060021,97151920.00
2012/08/16,28.68,29.16,28.52,28.86,1531092,72338480.00
2012/08/17,29.16,30.32,28.84,28.96,3611419,173954688.00
2012/08/20,28.52,28.99,27.86,28.81,1146513,53726624.00
2012/08/21,28.72,29.62,28.44,29.50,1478204,70915688.00
2012/08/22,29.51,30.02,28.86,29.31,1230073,59264112.00
2012/08/23,29.18,29.73,28.82,29.25,1156821,55237260.00
2012/08/24,28.89,29.28,28.56,28.82,740874,35026232.00
2012/08/27,28.66,29.32,28.01,28.69,943417,44024572.00
2012/08/28,28.66,28.69,28.07,28.10,793446,36885568.00
2012/08/29,27.86,28.06,27.26,27.90,1629977,74451648.00
2012/08/30,27.90,28.20,26.33,27.12,1846392,82649152.00
2012/08/31,26.89,27.91,26.55,27.71,1162192,51664836.00
2012/09/03,27.30,28.62,27.01,28.50,1267476,58867000.00
2012/09/04,28.17,28.66,27.41,28.34,1014264,47025076.00
2012/09/05,28.11,28.32,27.69,28.21,479407,22089526.00
2012/09/06,28.32,28.45,27.74,27.94,279278,12820507.00
2012/09/07,28.19,29.16,27.92,28.52,2008699,94176080.00
2012/09/10,28.67,29.29,28.33,28.85,1113566,52322896.00
2012/09/11,28.66,28.89,28.58,28.84,681409,32092154.00
2012/09/12,29.12,29.18,28.00,28.60,810762,37984640.00
2012/09/13,28.34,29.05,28.34,28.93,771966,36581148.00
2012/09/14,29.10,29.42,28.52,29.28,1065261,50708236.00
2012/09/17,29.02,30.38,29.02,29.32,1185971,57867092.00
2012/09/18,29.36,29.52,28.64,29.26,886804,42286168.00
2012/09/19,29.06,29.29,28.66,29.10,778956,36985748.00
2012/09/20,28.80,29.11,27.86,28.38,1407439,65349408.00
2012/09/21,27.98,28.13,27.32,27.61,1769792,80404136.00
2012/09/24,27.19,27.61,27.02,27.34,1126754,50770140.00
2012/09/25,27.35,27.74,27.29,27.48,651024,29519308.00
2012/09/26,27.85,27.85,26.89,27.01,1047823,47026496.00
2012/09/27,27.05,28.50,26.95,27.66,1275018,57812224.00
2012/09/28,27.22,28.58,27.22,28.42,954849,43925516.00
2012/10/08,28.66,29.26,28.32,29.20,1056298,50150352.00
2012/10/09,29.61,29.84,28.68,28.72,1354482,64849636.00
2012/10/10,28.43,28.43,27.13,27.88,6679393,303194080.00
2012/10/11,27.62,28.92,27.34,28.76,2339368,108711328.00
2012/10/12,28.51,29.06,27.99,28.13,1104451,51438984.00
2012/10/15,28.14,28.36,27.68,28.29,699596,32232860.00
2012/10/16,28.66,29.99,28.62,29.94,3167621,153004832.00
2012/10/17,29.94,30.16,28.99,29.24,1768028,85667456.00
2012/10/18,29.59,29.64,29.04,29.42,1028949,49431968.00
2012/10/19,29.44,29.49,29.22,29.44,590467,28332656.00
2012/10/22,29.43,31.39,29.43,31.36,4039410,203546704.00
2012/10/23,31.13,31.32,30.70,31.06,1350445,68290880.00
2012/10/24,31.12,32.12,30.81,31.06,1143953,58377336.00
2012/10/25,31.06,31.10,30.12,30.71,1631910,81641576.00
2012/10/26,30.52,31.04,30.14,30.78,2200004,109526152.00
2012/10/29,30.66,30.99,30.41,30.65,998734,50093424.00
2012/10/30,30.52,30.92,30.20,30.70,1608492,80192184.00
2012/10/31,30.79,31.06,30.33,30.90,895730,44761452.00
2012/11/01,30.92,32.26,30.64,31.92,1831499,94610312.00
2012/11/02,31.72,32.66,31.67,32.55,1186815,61996888.00
2012/11/05,32.39,32.39,31.25,31.94,3420836,175926272.00
2012/11/06,31.77,31.77,30.74,31.58,1420657,72324936.00
2012/11/07,31.39,31.98,31.39,31.70,680279,34992536.00
2012/11/08,31.57,32.32,31.32,31.99,1350901,70185760.00
2012/11/09,31.86,32.09,31.39,31.85,842449,43480572.00
2012/11/12,31.66,31.97,31.19,31.44,982971,50642000.00
2012/11/13,31.22,31.22,29.32,29.41,2634056,129824968.00
2012/11/14,29.33,29.89,29.33,29.73,955224,46442664.00
2012/11/15,29.42,30.28,29.34,29.56,833418,40735184.00
2012/11/16,29.59,29.90,29.04,29.54,695059,33519992.00
2012/11/19,29.39,29.52,28.58,29.43,1697228,80704744.00
2012/11/20,29.39,29.46,28.86,29.14,845706,40451836.00
2012/11/21,29.32,29.64,28.39,29.17,1478874,69960344.00
2012/11/22,28.92,29.16,28.66,28.80,391595,18560740.00
2012/11/23,28.80,29.44,28.80,29.32,657392,31399868.00
2012/11/26,29.13,29.28,28.30,28.52,2153076,101056496.00
2012/11/27,28.11,28.26,27.36,27.72,2577071,117515024.00
2012/11/28,27.70,27.86,26.72,27.53,1409942,63718572.00
2012/11/29,27.52,28.44,27.22,28.32,953872,43871436.00
2012/11/30,28.16,29.26,28.00,29.08,909105,42891492.00
2012/12/03,29.26,29.26,28.41,28.78,625180,29502980.00
2012/12/04,28.72,29.04,27.99,28.84,782708,36879880.00
2012/12/05,28.88,29.90,28.33,29.68,1209168,58020208.00
2012/12/06,29.58,29.71,29.18,29.37,404639,19440772.00
2012/12/07,29.32,29.56,29.06,29.32,884480,42396464.00
2012/12/10,29.32,29.88,28.99,29.18,2198923,106082128.00
2012/12/11,29.32,29.50,28.80,29.45,1008993,48359348.00
2012/12/12,29.73,29.73,29.03,29.24,1077571,51623464.00
2012/12/13,28.88,29.46,28.83,29.43,1051108,50311588.00
2012/12/14,29.76,30.84,29.43,30.66,1768304,87542976.00
2012/12/17,30.68,31.16,28.71,30.28,3411796,164830496.00
2012/12/18,30.22,30.22,29.28,29.84,1496917,72618512.00
2012/12/19,29.96,29.96,29.46,29.89,693698,33724044.00
2012/12/20,29.70,30.64,29.69,30.58,841471,41752956.00
2012/12/21,30.57,30.79,29.92,30.58,672531,33328252.00
2012/12/24,30.58,30.96,30.19,30.88,1034833,51679136.00
2012/12/25,30.88,31.66,30.55,31.22,1755200,88974456.00
2012/12/26,31.19,31.67,30.46,31.60,2393592,120008016.00
2012/12/27,31.46,31.46,30.66,31.31,2885373,146046496.00
2012/12/28,31.18,31.31,30.66,31.26,3462919,174691936.00
2012/12/31,31.16,31.46,29.86,31.32,6221054,312451488.00
2013/01/04,30.66,30.72,29.46,29.74,4712452,230879424.00
2013/01/07,29.66,30.16,29.34,29.82,1909558,93251240.00
2013/01/08,29.66,30.99,29.66,30.50,2367016,118051872.00
2013/01/09,30.22,30.98,29.99,30.67,859033,42943044.00
2013/01/10,30.57,30.99,30.21,30.52,1410885,70482096.00
2013/01/11,30.58,30.66,30.36,30.66,1440824,71829656.00
2013/01/14,30.66,31.49,30.32,31.34,1560846,79183936.00
2013/01/15,31.32,32.78,31.06,32.76,2157569,112682760.00
2013/01/16,32.67,34.47,32.66,33.48,2516138,137671328.00
2013/01/17,33.46,34.19,32.92,33.66,1785253,97299368.00
2013/01/18,34.00,35.52,33.84,34.04,2432915,137505824.00
2013/01/21,34.39,35.30,33.66,34.11,1995504,111862272.00
2013/01/22,34.11,34.98,33.09,33.92,1467308,80325656.00
2013/01/23,34.09,35.12,33.66,34.95,2511103,140248896.00
2013/01/24,35.04,36.73,34.76,35.77,2087695,120716984.00
2013/01/25,35.77,36.92,35.52,36.66,1515195,89191352.00
2013/01/28,36.76,37.76,36.09,36.26,2081684,123728816.00
2013/01/29,36.26,36.78,35.86,36.42,1351357,78906624.00
2013/01/30,36.14,36.91,35.19,35.95,1936176,111693464.00
2013/01/31,35.46,36.55,35.16,35.96,1201837,68945712.00
2013/02/01,35.86,35.94,35.19,35.38,829611,47482620.00
2013/02/04,35.32,36.42,34.77,36.36,2471583,142195632.00
2013/02/05,36.21,38.16,36.21,38.16,2308649,140056096.00
2013/02/06,37.99,39.54,37.86,38.20,1859421,115088904.00
2013/02/07,38.01,39.19,38.01,38.81,1259079,78400512.00
2013/02/08,39.32,40.12,38.84,39.66,1154221,73551032.00
2013/02/18,39.94,40.03,37.99,39.04,1428067,89920888.00
2013/02/19,39.31,39.78,38.46,38.54,705843,44107048.00
2013/02/20,38.65,40.12,38.32,38.64,1973766,123989464.00
2013/02/21,38.21,39.12,37.85,38.87,3137428,193065376.00
2013/02/22,38.79,38.82,37.91,38.40,2250099,138497936.00
2013/02/25,38.66,39.44,38.49,38.74,1776483,111219848.00
2013/02/26,38.59,38.76,37.66,38.08,1722610,105829496.00
2013/02/27,37.98,38.43,37.66,38.17,1389181,84976248.00
2013/02/28,38.17,39.24,37.94,38.86,1835373,113243472.00
2013/03/01,38.99,40.12,38.66,39.89,2117721,133944640.00
2013/03/04,39.99,40.79,39.19,39.82,2163205,139845472.00
2013/03/05,39.74,40.46,39.01,40.28,1752463,111305352.00
2013/03/06,40.32,40.59,40.00,40.23,1354204,87212408.00
2013/03/07,39.66,40.79,39.24,39.78,1429026,91399304.00
2013/03/08,39.92,40.12,39.39,39.64,1202553,76432848.00
2013/03/11,39.19,39.90,38.77,39.24,1596364,100571192.00
2013/03/12,39.18,39.30,38.20,38.61,1795121,111243128.00
2013/03/13,38.29,38.72,37.89,37.99,1227440,75651840.00
2013/03/14,38.06,39.91,37.65,39.87,2440520,152670576.00
2013/03/15,39.97,41.68,38.99,40.94,3138400,203940064.00
2013/03/18,40.66,41.82,40.66,41.10,1866894,123043536.00
2013/03/19,41.46,41.99,40.23,41.22,1867175,123734408.00
2013/03/20,41.22,42.30,40.69,42.20,2184288,144817104.00
2013/03/21,42.19,44.39,41.86,44.38,2198894,151844928.00
2013/03/22,44.26,44.38,43.33,43.66,1750978,122183032.00
2013/03/25,43.99,43.99,42.86,43.18,1617225,111498416.00
2013/03/26,42.67,43.68,42.39,43.54,1388366,95711256.00
2013/03/27,43.30,44.84,43.30,44.03,1221655,86195120.00
2013/03/28,43.23,44.96,42.79,44.88,1195196,84506856.00
2013/03/29,44.90,45.99,43.93,44.07,1916517,136467600.00
2013/04/01,43.32,43.96,40.86,42.88,1332856,91794936.00
2013/04/02,42.66,44.39,42.12,42.91,1868523,128432136.00
2013/04/03,43.26,43.26,41.32,42.24,2017267,134985520.00
2013/04/08,41.59,44.71,41.46,43.91,1714503,118795944.00
2013/04/09,44.38,44.38,42.52,42.72,1410703,96849392.00
2013/04/10,42.66,42.92,41.56,41.99,1653496,110939536.00
2013/04/11,42.57,42.57,41.60,42.14,959664,64222400.00
2013/04/12,42.06,43.99,41.79,43.65,1323573,90723216.00
2013/04/15,43.68,44.32,43.03,43.72,1060942,73677664.00
2013/04/16,43.99,43.99,43.35,43.52,923836,64257812.00
2013/04/17,43.58,44.98,43.32,44.93,2493859,174923712.00
2013/04/18,44.58,45.46,44.39,44.90,1353937,97112160.00
2013/04/19,44.80,45.67,44.26,44.45,1851401,131751664.00
2013/04/22,44.51,44.85,43.32,43.66,1820967,127024192.00
2013/04/23,43.86,44.33,42.93,43.00,1516687,104969984.00
2013/04/24,43.24,44.37,43.00,43.68,1795110,124529736.00
2013/04/25,43.71,44.34,43.32,43.99,1966195,137635056.00
2013/04/26,43.74,46.52,43.74,44.42,4082680,292629408.00
2013/05/02,43.99,47.52,43.99,47.26,4274044,314661600.00
2013/05/03,47.27,48.31,46.86,47.58,2883832,218023232.00
2013/05/06,47.58,48.18,46.60,47.22,1970606,147827616.00
2013/05/07,46.66,47.32,45.34,46.32,4578978,335025728.00
2013/05/08,46.59,47.17,45.51,47.12,2483132,181854416.00
2013/05/09,46.82,47.66,45.73,47.12,1985797,147448080.00
2013/05/10,46.64,47.46,46.45,46.60,1166420,86390200.00
2013/05/13,45.99,46.56,42.52,43.98,18130976,1266355712.00
2013/05/15,39.32,39.32,39.32,39.32,2224700,140133856.00
2013/05/16,37.33,41.54,36.74,40.71,30833998,1910717184.00
2013/05/17,40.12,41.12,39.64,40.87,11692114,757181888.00
2013/05/20,40.81,41.03,38.26,38.55,14487037,911949312.00
2013/05/22,37.32,39.82,37.32,39.42,13667161,850657216.00
2013/05/23,39.25,43.19,39.00,42.59,10633672,700297984.00
2013/05/24,42.59,43.22,41.52,42.64,4995624,337576768.00
2013/05/27,42.79,43.19,41.29,41.99,5868257,259166128.00
2013/05/28,41.86,41.89,40.09,41.24,8302514,356597344.00
2013/05/29,41.07,42.17,40.59,41.36,5835487,254902896.00
2013/05/30,41.09,41.59,40.56,40.72,6842355,295345696.00
2013/05/31,40.57,41.02,39.37,39.83,7802048,330856576.00
2013/06/03,38.81,40.62,37.72,40.57,15862355,651136448.00
2013/06/04,40.04,40.57,39.59,40.10,5624916,237569328.00
2013/06/05,40.17,40.17,39.11,39.60,4276584,178558480.00
2013/06/06,39.37,40.06,38.68,38.94,4943674,205850736.00
2013/06/07,38.20,39.41,38.04,38.35,6082263,249059504.00
2013/06/13,37.79,38.23,36.79,37.66,8188004,326495424.00
2013/06/14,37.79,39.02,37.28,38.76,8295156,335568768.00
2013/06/17,38.54,41.74,38.30,41.47,10561156,451060800.00
2013/06/18,41.68,41.84,40.35,41.68,5589273,242899776.00
2013/06/19,41.22,42.12,40.60,42.01,6369217,277683136.00
2013/06/20,41.78,42.26,40.47,41.00,3281357,142638128.00
2013/06/21,40.30,41.64,39.49,41.14,3356230,144608352.00
2013/06/24,41.08,41.77,39.00,39.15,7058249,301350144.00
2013/06/25,38.19,40.87,37.79,40.03,8118127,340002688.00
2013/06/26,40.19,42.07,39.79,41.18,7310782,319138464.00
2013/06/27,41.28,42.08,41.18,41.44,5291478,231740736.00
2013/06/28,40.99,43.39,40.89,42.78,7804846,349810976.00
2013/07/01,42.69,43.90,42.31,43.79,6723624,307841312.00
2013/07/02,43.79,46.17,43.59,46.01,9330120,441859936.00
2013/07/03,46.01,47.00,45.49,46.70,4655283,225367920.00
2013/07/04,46.99,47.03,45.41,45.54,5510560,265465344.00
2013/07/05,45.49,46.47,44.04,44.12,7009569,331139424.00
2013/07/08,43.87,45.04,43.62,43.85,3321731,154722672.00
2013/07/09,43.67,44.19,43.13,43.53,2946314,135073504.00
2013/07/10,43.54,45.09,43.09,45.01,4390507,202182848.00
2013/07/11,45.13,45.49,44.30,44.82,4970608,234481136.00
2013/07/12,44.84,45.92,44.61,45.02,5266824,251151296.00
2013/07/15,45.01,45.55,44.09,45.48,4911184,230540752.00
2013/07/16,45.29,45.67,44.28,44.55,6229408,292928704.00
2013/07/17,44.49,44.99,42.99,43.10,4401199,201688080.00
2013/07/18,41.99,43.47,41.20,43.10,5705044,254346512.00
2013/07/19,42.86,44.57,42.47,43.91,4800421,220834096.00
2013/07/22,43.29,45.32,43.29,45.25,5236734,246097520.00
2013/07/23,45.37,46.07,44.67,45.29,3486358,165645568.00
2013/07/24,45.29,46.68,44.57,46.50,8485485,409133536.00
2013/07/25,46.49,48.35,46.42,46.92,9365748,464577632.00
2013/07/26,46.79,48.16,46.60,47.32,5373321,268243024.00
2013/07/29,47.07,48.89,46.59,48.18,6385892,320494752.00
2013/07/30,48.37,49.06,46.79,46.89,6434016,325169888.00
2013/07/31,46.61,47.79,46.47,47.13,4050337,200021200.00
2013/08/01,47.77,47.91,46.52,47.39,3653534,180168720.00
2013/08/02,47.40,47.78,46.79,47.55,2132923,105582480.00
2013/08/05,47.69,50.29,47.69,50.04,5428819,281186496.00
2013/08/06,50.09,51.14,50.09,50.70,5686742,301351808.00
2013/08/07,50.71,52.89,49.34,52.27,6702216,360932288.00
2013/08/08,51.84,53.67,51.40,51.85,3766255,205227744.00
2013/08/09,51.81,53.89,51.79,53.78,6042595,333771392.00
2013/08/12,54.20,54.88,52.54,53.12,6106634,342241920.00
2013/08/13,53.09,53.09,51.56,52.35,3794041,206701472.00
2013/08/14,52.29,53.06,51.82,52.88,2711866,149192176.00
2013/08/15,52.10,53.99,51.88,52.00,2044796,112536016.00
2013/08/16,52.00,53.97,49.79,49.88,4072370,217538432.00
2013/08/19,49.89,52.19,49.89,52.11,3467816,186494896.00
2013/08/20,52.29,53.99,51.59,53.11,3316403,184256608.00
2013/08/21,53.44,53.69,52.41,52.65,1441913,79340016.00
2013/08/22,52.44,53.29,52.44,53.28,1800081,99434984.00
2013/08/23,52.97,54.91,52.97,54.72,4315526,243939632.00
2013/08/26,54.99,55.17,53.93,55.01,2829123,160582832.00
2013/08/27,54.62,54.97,53.39,54.06,3231853,181640160.00
2013/08/28,54.62,55.55,53.55,55.20,6034061,341974688.00
2013/08/29,54.89,54.89,53.49,53.98,2651308,149307088.00
2013/08/30,53.56,54.23,52.95,53.56,1348083,75321592.00
2013/09/02,53.48,53.52,52.04,52.15,3544995,194359824.00
2013/09/03,51.92,53.18,51.92,52.54,2142894,117241112.00
2013/09/04,52.36,53.62,52.24,52.69,1735011,95512952.00
2013/09/05,52.69,53.54,51.79,53.31,1636939,90184760.00
2013/09/06,53.34,53.64,52.35,52.49,1735518,95923312.00
2013/09/09,52.59,52.77,50.79,51.86,2886941,155479456.00
2013/09/10,51.69,52.16,50.47,50.85,3593649,191422720.00
2013/09/11,50.77,52.77,49.01,52.76,4185263,221988912.00
2013/09/12,51.89,52.76,51.07,51.13,2805793,151528176.00
2013/09/13,51.49,51.49,49.97,50.79,2613943,138401696.00
2013/09/16,50.69,51.71,50.04,51.03,2446082,130548784.00
2013/09/17,50.68,51.82,50.29,51.51,2006700,107659648.00
2013/09/18,46.14,46.14,46.14,46.14,6097800,294828640.00
2013/09/23,45.79,46.05,43.79,45.24,27998639,1316441856.00
2013/09/24,45.16,46.38,44.75,45.81,13547145,649192320.00
2013/09/25,45.59,45.59,42.61,43.20,17766172,816522560.00
2013/09/26,42.94,44.09,42.60,43.76,8399307,383491840.00
2013/09/27,43.69,43.73,40.99,41.09,12919897,572659840.00
2013/09/30,40.79,41.75,39.99,41.20,11244810,481704000.00
2013/10/08,40.87,43.72,40.55,43.08,11469814,515005344.00
2013/10/09,42.89,44.39,42.21,43.29,11649243,528461024.00
2013/10/10,43.35,43.88,42.64,42.78,5560923,252779088.00
2013/10/11,42.88,42.99,40.95,42.24,8430967,372673056.00
2013/10/14,42.09,42.09,40.73,40.84,12923442,558396736.00
2013/10/15,40.99,43.49,40.99,43.43,14768679,662359552.00
2013/10/16,43.82,45.45,43.33,45.00,18568459,868462080.00
2013/10/17,44.76,45.10,44.10,44.77,6480066,303334624.00
2013/10/18,44.56,44.66,43.68,43.95,3516253,162797488.00
2013/10/21,44.10,47.27,44.10,46.52,8521572,409235488.00
2013/10/22,46.29,48.15,45.88,47.50,6121054,301708480.00
2013/10/23,46.99,47.99,45.50,46.43,4649957,227202816.00
2013/10/24,46.43,46.43,43.52,43.86,6620777,310726816.00
2013/10/25,43.80,44.77,43.06,44.11,4662671,215395376.00
2013/10/28,44.09,44.09,40.98,41.31,10835212,482656320.00
2013/10/29,41.39,43.19,40.84,42.12,5959661,262075536.00
2013/10/30,42.12,42.19,40.93,41.70,6877282,300517440.00
2013/10/31,40.79,40.79,37.39,37.80,27606572,1112310272.00
2013/11/01,37.77,40.19,36.29,39.68,11262921,457378112.00
2013/11/04,39.58,40.97,39.57,39.86,5328125,226803184.00
2013/11/05,39.47,40.02,38.09,39.35,4842295,200174976.00
2013/11/06,39.33,39.45,37.79,38.85,6200304,252917264.00
2013/11/07,38.64,39.77,38.09,39.73,6516859,270366208.00
2013/11/08,39.69,39.99,38.34,38.86,3558733,147404224.00
2013/11/11,38.90,39.74,38.40,39.58,2471887,102525896.00
2013/11/12,39.85,40.69,39.58,39.86,3961452,167752528.00
2013/11/13,39.90,39.91,38.99,39.57,2846334,118625440.00
2013/11/14,39.77,40.14,39.40,39.70,4302995,180232160.00
2013/11/15,39.99,41.71,39.99,41.07,6296371,272571264.00
2013/11/18,41.59,42.59,40.99,41.37,8296553,365202784.00
2013/11/19,41.39,41.66,39.79,40.09,7624779,325730432.00
2013/11/20,40.43,40.57,38.81,39.47,7847997,326290208.00
2013/11/21,37.89,38.18,36.39,37.24,26192652,1029797312.00
2013/11/22,37.29,38.14,37.09,37.40,11392859,453081696.00
2013/11/25,37.21,38.08,36.79,37.64,6968662,277994336.00
2013/11/26,37.49,37.83,37.20,37.39,4528967,179584848.00
2013/11/27,37.39,37.93,37.23,37.62,4090844,162981296.00
2013/11/28,37.65,38.99,37.57,38.62,7979837,324988288.00
2013/11/29,38.39,39.09,38.39,38.75,4491300,183831024.00
2013/12/02,38.14,38.26,37.44,37.76,5488744,219701392.00
2013/12/03,37.73,38.24,37.54,38.12,3562087,142434160.00
2013/12/04,37.99,38.58,37.63,38.49,4486110,181712992.00
2013/12/05,38.44,38.48,37.68,38.00,3163174,126943520.00
2013/12/06,37.70,38.51,37.70,37.99,2676893,107933544.00
2013/12/09,37.99,38.23,37.40,37.79,4993771,199545456.00
2013/12/10,37.78,38.59,37.52,38.09,4067828,163951456.00
2013/12/11,37.81,38.34,37.74,38.21,3114016,125475976.00
2013/12/12,38.22,40.14,38.22,39.94,6375808,265113872.00
2013/12/13,39.69,40.14,39.49,39.79,3296921,138372480.00
2013/12/16,40.17,40.17,38.29,38.38,3732098,153438528.00
2013/12/17,38.29,38.79,37.79,38.52,2576634,104281560.00
2013/12/18,38.53,39.42,37.69,38.06,3148405,128108192.00
2013/12/19,38.04,38.27,37.75,37.87,2435807,97704408.00
2013/12/20,37.88,38.72,37.79,38.20,3376134,136747136.00
2013/12/23,38.09,38.49,37.89,38.19,1843086,74461776.00
2013/12/24,38.28,39.12,38.09,38.48,3460739,141199056.00
2013/12/25,38.59,39.56,37.99,39.03,4117785,169944864.00
2013/12/26,39.39,39.99,38.77,38.85,4125685,171334416.00
2013/12/27,39.29,39.88,38.88,39.51,3745995,156734032.00
2013/12/30,39.89,39.99,39.11,39.74,2775345,115850384.00
2013/12/31,39.25,40.99,39.25,40.02,7310492,312443072.00
2014/01/02,40.50,43.29,40.30,42.94,10597778,471783296.00
2014/01/03,42.89,43.26,42.26,42.93,4479004,201595216.00
2014/01/06,42.79,42.79,41.47,41.73,4151265,183155872.00
2014/01/07,41.40,42.49,41.14,42.40,3779150,167418656.00
2014/01/08,42.18,43.04,41.10,41.43,5418953,239492640.00
2014/01/09,41.43,42.29,41.04,41.11,2948092,128902544.00
2014/01/10,41.07,41.71,40.45,41.67,2167179,93740840.00
2014/01/13,41.68,42.34,41.34,41.41,2772344,122132776.00
2014/01/14,41.29,42.32,41.29,42.05,2207730,97430272.00
2014/01/15,42.20,42.28,40.06,40.18,4959668,212936928.00
2014/01/16,40.03,40.67,35.94,36.93,20064407,789359232.00
2014/01/17,36.29,36.91,35.59,35.70,8873183,340535264.00
2014/01/20,35.64,36.16,34.49,35.73,5400917,203739520.00
2014/01/21,35.73,35.97,34.61,34.85,8339199,310848000.00
2014/01/22,35.07,35.79,34.91,35.70,9210672,345898880.00
2014/01/23,35.56,35.97,35.39,35.61,3927987,148997568.00
2014/01/24,35.64,36.47,35.64,36.04,6351792,243102592.00
2014/01/27,35.69,35.84,33.89,34.36,10390508,384167008.00
2014/01/28,34.26,34.29,32.77,33.49,9200969,326604160.00
2014/01/29,33.49,33.79,32.27,32.67,9680250,339291776.00
2014/01/30,32.64,32.87,31.79,32.36,6055872,208557488.00
2014/02/07,32.09,32.86,31.85,32.59,6074313,210958144.00
2014/02/10,32.61,34.07,32.25,33.76,10051303,356833952.00
2014/02/11,33.78,33.78,33.29,33.40,8454594,302095424.00
2014/02/12,33.75,35.54,33.46,35.38,12373419,457872000.00
2014/02/13,35.59,35.65,34.11,34.15,9778001,360127392.00
2014/02/14,34.09,34.69,34.09,34.35,5821319,212286832.00
2014/02/17,34.58,34.76,33.59,34.13,7491571,271133280.00
2014/02/18,34.29,34.43,33.74,33.82,7097274,256758544.00
2014/02/19,33.89,33.89,33.06,33.61,5555250,197966240.00
2014/02/20,33.64,34.91,33.49,34.38,10409541,380666976.00
2014/02/21,34.44,34.75,33.87,34.22,4371802,159512384.00
2014/02/24,34.15,34.15,32.84,33.20,5777213,204682496.00
2014/02/25,33.14,33.58,30.80,31.10,9612646,330845504.00
2014/02/26,31.10,31.49,29.49,30.30,8620715,281035456.00
2014/02/27,30.77,30.80,28.51,29.69,11829993,374423712.00
2014/02/28,29.41,30.17,28.81,29.84,6596365,210494096.00
2014/03/03,29.78,29.79,28.95,29.36,14462003,455423744.00
2014/03/04,29.37,31.05,29.33,30.62,12222248,398443840.00
2014/03/05,30.69,30.78,29.69,30.71,7822670,253701552.00
2014/03/06,30.39,31.73,30.21,31.39,8951703,298778304.00
2014/03/07,31.29,32.07,31.10,32.04,8229104,278614080.00
2014/03/10,31.55,33.96,31.54,32.71,15141859,536340640.00
2014/03/11,32.73,33.46,32.09,32.42,7772568,271285856.00
2014/03/12,32.15,32.94,31.78,32.00,6584583,227171664.00
2014/03/13,32.79,34.74,32.79,34.25,17240230,624974016.00
2014/03/14,34.25,35.34,33.49,34.52,9331193,344394304.00
2014/03/17,34.52,35.79,34.49,35.35,8928527,335524256.00
2014/03/18,35.39,35.78,34.63,34.99,6676462,248424000.00
2014/03/19,34.80,34.87,33.60,33.84,6952553,252426160.00
2014/03/20,33.65,34.17,32.35,32.59,7178489,252917312.00
2014/03/21,32.47,33.27,31.97,33.10,4403184,154060704.00
2014/03/24,33.12,33.18,31.71,32.14,6953294,238837536.00
2014/03/25,32.08,32.48,31.87,31.96,4024804,138225456.00
2014/03/26,31.96,32.67,31.87,32.25,3203613,110579824.00
2014/03/27,32.26,32.26,30.53,30.62,7404999,247313264.00
2014/03/28,30.49,31.19,30.44,30.85,3922309,129631480.00
2014/03/31,30.82,32.07,30.67,31.50,6415352,216078080.00
2014/04/01,31.49,32.75,31.49,32.40,5207714,180205856.00
2014/04/02,32.45,32.52,31.34,31.57,4709160,159944528.00
2014/04/03,31.69,32.09,31.51,31.88,3180417,108288560.00
2014/04/04,31.68,33.15,31.47,32.88,5187205,179758560.00
2014/04/08,32.77,33.48,32.47,33.34,6046112,213492192.00
2014/04/09,33.56,34.14,33.19,33.59,4457081,160254176.00
2014/04/10,33.69,33.69,32.45,32.78,8261432,289433984.00
2014/04/11,33.78,35.77,33.78,34.86,13848093,512099008.00
2014/04/14,34.62,35.69,34.29,35.10,7202450,269707744.00
2014/04/15,34.80,34.85,34.15,34.28,3339499,122193184.00
2014/04/16,34.18,34.59,33.64,34.03,3179060,115005824.00
2014/04/17,33.99,34.45,33.69,33.81,2334995,84394088.00
2014/04/18,33.64,34.78,33.30,34.55,3983081,145200272.00
2014/04/21,34.44,34.44,33.45,33.62,2555199,92497192.00
2014/04/22,33.40,33.94,33.24,33.33,2680699,95846984.00
2014/04/23,33.27,33.52,33.02,33.18,1987942,70556768.00
2014/04/24,33.30,33.53,32.33,33.23,3507529,121636408.00
2014/04/25,33.23,33.23,32.35,32.39,2130512,72950144.00
2014/04/28,32.39,32.42,31.10,31.75,4298185,143856336.00
2014/04/29,31.31,32.57,31.30,32.52,3161025,106834584.00
2014/04/30,32.76,33.94,32.49,33.61,4378879,153967296.00
2014/05/05,33.20,34.06,32.98,33.64,2302885,81268656.00
2014/05/06,33.65,34.77,33.64,33.93,2807442,100908424.00
2014/05/07,33.88,33.91,33.10,33.79,1298032,45767000.00
2014/05/08,33.68,34.43,33.18,33.23,2046374,72560096.00
2014/05/09,33.10,33.76,32.91,33.22,1433896,50224272.00
2014/05/12,33.57,34.32,33.15,34.22,3220028,114556560.00
2014/05/13,34.10,34.22,33.60,33.88,1707293,60792648.00
2014/05/14,33.00,33.58,32.19,33.08,8448199,291436448.00
2014/05/15,32.70,32.80,31.04,31.40,10462112,348692992.00
2014/05/16,31.29,31.70,30.77,31.31,4180162,137468752.00
2014/05/19,30.91,31.51,30.78,31.12,3206469,105314568.00
2014/05/20,31.33,31.64,31.18,31.21,2484936,82125824.00
2014/05/21,31.00,31.55,31.00,31.43,2307845,76131856.00
2014/05/22,31.53,32.25,30.88,30.93,2948822,97657352.00
2014/05/23,30.93,31.07,29.80,30.26,4879188,155918912.00
2014/05/26,30.10,30.38,29.43,30.20,7960215,251308928.00
2014/05/27,30.21,30.21,29.18,29.55,9499359,297045504.00
2014/05/28,29.35,29.93,29.35,29.77,6523045,204454880.00
2014/05/29,29.90,31.31,29.89,30.77,10359432,336892544.00
2014/05/30,30.77,30.93,30.31,30.70,2508018,81011736.00
2014/06/04,31.10,31.10,30.40,30.86,7679483,249727488.00
2014/06/05,30.86,30.95,30.36,30.66,4339160,140215568.00
2014/06/06,30.70,30.71,29.99,30.13,3150039,100819368.00
2014/06/09,29.10,29.67,28.29,29.42,16191670,496119936.00
2014/06/10,29.01,29.50,28.95,29.47,4955475,153603392.00
2014/06/11,29.51,30.77,29.40,30.60,6781159,215976864.00
2014/06/12,30.62,32.30,30.62,32.22,15252701,509753888.00
2014/06/13,32.26,32.26,31.33,31.88,6760161,226969120.00
2014/06/17,32.41,32.65,31.47,31.60,6672661,224558688.00
2014/06/18,31.51,32.56,31.47,32.45,4250393,143408512.00
2014/06/19,32.30,32.45,31.85,31.91,3646470,123120912.00
2014/06/20,32.00,32.07,31.30,31.88,6963105,231462528.00
2014/06/23,31.68,31.77,30.55,31.26,5027467,165787664.00
2014/06/24,31.33,33.19,31.33,32.95,11620029,398043392.00
2014/06/25,32.60,33.09,32.40,32.96,6697540,230775472.00
2014/06/26,32.98,33.35,32.82,33.11,3793711,132060664.00
2014/06/27,32.99,34.37,32.52,33.71,8814224,312875072.00
2014/06/30,33.71,35.05,33.71,34.95,8922572,323631840.00
2014/07/01,34.80,34.96,34.25,34.51,3780838,136738912.00
2014/07/02,34.51,35.65,34.50,34.88,6091412,224134944.00
2014/07/03,35.88,35.98,34.70,35.01,4022187,148405392.00
2014/07/04,34.99,35.30,34.05,34.09,5264105,190975632.00
2014/07/07,34.00,34.66,33.41,34.41,4460186,159055808.00
2014/07/08,34.38,34.38,33.61,34.12,2624677,93498944.00
2014/07/09,33.75,34.02,33.12,33.60,4211098,148541824.00
2014/07/10,33.30,33.64,32.15,32.17,6376862,218845536.00
2014/07/11,31.87,32.26,30.95,32.00,6260354,207713440.00
2014/07/14,31.85,32.27,30.98,32.21,5523125,183856560.00
2014/07/15,32.16,33.09,31.88,32.73,3569130,122681680.00
2014/07/16,32.75,33.09,31.72,32.24,3692653,125144944.00
2014/07/17,32.20,32.20,31.52,31.79,3413803,114132728.00
2014/07/18,31.45,32.58,31.39,32.40,3250264,110267576.00
2014/07/21,32.15,32.62,31.76,32.61,3854204,130385912.00
2014/07/22,32.61,33.25,32.30,32.66,2737498,94763792.00
2014/07/23,32.75,32.78,32.00,32.35,2532263,86044424.00
2014/07/24,32.36,33.10,32.31,32.93,3679794,126889304.00
2014/07/25,33.10,33.20,32.75,33.04,2598766,90203744.00
2014/07/28,33.04,33.94,32.80,33.73,5093510,178647072.00
2014/07/29,33.70,34.19,33.38,33.86,4375049,154971536.00
2014/07/30,33.69,34.05,33.33,33.37,4487371,158616304.00
2014/07/31,33.50,33.86,32.95,33.73,3146688,110216376.00
2014/08/01,33.61,35.59,33.45,34.88,8517458,309936192.00
2014/08/04,34.89,35.89,34.70,35.41,6694670,248374192.00
2014/08/05,35.41,35.48,34.60,35.02,3814131,139907136.00
2014/08/06,35.02,35.39,34.65,34.69,2795825,102361136.00
2014/08/07,34.73,34.90,34.38,34.59,4321513,157016400.00
2014/08/08,34.73,34.76,33.78,33.99,6258734,224773984.00
2014/08/11,34.18,34.39,33.91,34.00,6064021,217142992.00
2014/08/12,33.98,33.99,32.96,33.27,13241882,463558240.00
2014/08/13,33.20,33.30,32.89,33.17,7458389,259069632.00
2014/08/14,33.22,33.68,32.90,33.23,8701662,304859616.00
2014/08/15,33.23,33.53,32.95,33.31,5820809,203283920.00
2014/08/18,33.35,33.77,33.30,33.71,12051154,425027840.00
2014/08/19,33.78,33.80,32.85,33.02,13555319,474947808.00
2014/08/20,32.98,33.01,32.65,32.95,7286389,251549568.00
2014/08/21,32.99,33.15,32.76,32.90,4623449,160020624.00
2014/08/22,32.90,33.17,32.82,33.16,6217491,216002400.00
2014/08/25,33.18,33.20,32.86,33.02,3858215,133837416.00
2014/08/26,33.02,33.72,32.94,33.56,10057422,353754848.00
2014/08/27,33.59,33.80,32.65,33.09,8787170,307354688.00
2014/08/28,33.10,33.49,31.70,31.98,9914318,338358208.00
2014/08/29,31.92,32.44,31.88,32.19,7561504,255791856.00
2014/09/01,32.21,32.75,32.19,32.47,8398697,286884384.00
2014/09/02,32.59,32.79,32.33,32.64,7289110,249633152.00
2014/09/03,32.72,33.04,32.40,32.96,11104192,381888064.00
2014/09/04,32.96,33.44,32.70,33.20,9665696,336637984.00
2014/09/05,33.20,34.87,33.16,34.68,22407504,797878464.00
2014/09/09,34.32,34.99,34.13,34.47,11069477,400703424.00
2014/09/10,34.32,35.25,34.01,35.14,9889858,359464480.00
2014/09/11,35.05,35.25,34.21,34.42,8588732,312886592.00
2014/09/12,34.43,34.66,33.76,34.49,9208736,330054496.00
2014/09/15,34.29,34.71,33.79,34.24,7741532,278144384.00
2014/09/16,34.35,34.50,33.05,33.11,9097434,323187296.00
2014/09/17,33.25,33.75,33.15,33.63,7357395,258611680.00
2014/09/18,33.31,33.78,33.31,33.74,4833657,170307808.00
2014/09/19,33.80,33.98,33.21,33.70,4887914,173231568.00
2014/09/22,33.70,33.75,33.01,33.09,7434993,260033216.00
2014/09/23,33.14,33.75,33.14,33.60,4292737,150960688.00
2014/09/24,33.45,33.93,33.07,33.76,6217355,219001280.00
2014/09/25,33.95,34.09,33.31,33.46,6617940,234550944.00
2014/09/26,33.20,33.71,33.13,33.18,5598171,196044928.00
2014/09/29,33.30,34.15,33.18,34.01,8145699,287930368.00
2014/09/30,34.06,34.46,33.80,34.20,8528777,305969312.00
2014/10/08,34.31,35.79,34.05,35.29,14299475,525768224.00
2014/10/09,35.32,35.65,34.70,35.22,8075841,298254432.00
2014/10/10,34.97,35.35,34.26,34.52,10099965,368080960.00
2014/10/13,34.31,34.87,34.01,34.63,7255385,262518560.00
2014/10/14,34.58,36.23,34.42,35.89,14395630,536205600.00
2014/10/15,35.89,36.29,35.21,36.05,8075183,303371808.00
2014/10/16,35.80,36.00,35.05,35.10,6847615,255173024.00
2014/10/17,35.02,37.70,35.00,37.58,23525054,893000896.00
2014/10/20,37.21,38.42,37.00,37.43,14883525,586878080.00
2014/10/21,37.30,38.75,37.20,38.31,15018571,597081984.00
2014/10/22,38.10,38.64,37.10,37.16,8529663,336527808.00
2014/10/23,37.21,37.38,35.98,36.12,10301966,393264928.00
2014/10/24,36.11,36.60,36.00,36.37,5496189,208961760.00
2014/10/27,36.30,36.60,35.48,36.44,5163452,195380480.00
2014/10/28,36.46,36.57,34.10,34.73,30377547,1113636992.00
2014/10/29,34.31,34.80,33.80,34.75,20225965,727826624.00
2014/10/30,34.52,35.40,34.40,34.98,11875717,435886464.00
2014/10/31,35.02,35.13,33.90,34.47,13348704,481170432.00
2014/11/03,34.47,34.75,34.04,34.13,13283019,478296288.00
2014/11/04,34.11,34.45,33.84,34.36,8631600,310503968.00
2014/11/05,34.59,34.59,34.20,34.41,6144903,221530368.00
2014/11/06,34.40,34.67,34.05,34.23,6983935,251492816.00
2014/11/07,34.35,34.35,33.72,33.78,11029833,393638176.00
2014/11/10,33.80,34.38,33.80,34.22,12944691,463381440.00
2014/11/11,34.30,34.67,34.05,34.65,13874981,500148608.00
2014/11/12,34.65,34.75,34.30,34.63,9501979,344048640.00
2014/11/13,34.60,34.83,34.12,34.19,9360097,338501504.00
2014/11/14,34.08,35.46,33.77,35.45,18161330,666426304.00
2014/11/17,36.08,36.13,34.91,35.05,9649764,356516416.00
2014/11/18,35.05,35.38,34.10,34.27,11698361,423682624.00
2014/11/19,34.30,34.30,33.87,33.99,8953708,319845408.00
2014/11/20,34.01,34.06,33.48,33.52,9241436,326478304.00
2014/11/21,33.53,33.89,33.45,33.80,6573597,232535376.00
2014/11/24,34.05,34.09,33.34,33.59,18246959,643805376.00
2014/11/25,33.58,33.74,33.08,33.72,18402341,644393600.00
2014/11/26,33.71,34.14,33.58,34.04,12977021,462729632.00
2014/11/27,34.30,34.33,33.45,33.77,13456643,477710976.00
2014/11/28,33.77,33.77,33.34,33.48,12679765,446104544.00
2014/12/01,33.47,34.09,33.35,33.82,14673551,519387488.00
2014/12/02,33.80,34.01,33.65,33.99,15943543,566524352.00
2014/12/03,34.02,35.37,33.84,35.28,30742176,1121325952.00
2014/12/04,35.39,35.44,34.79,35.33,20817103,766617792.00
2014/12/05,35.40,35.45,33.92,34.04,22691979,822459840.00
2014/12/08,34.31,34.56,33.56,33.97,24070624,858598592.00
2014/12/09,33.98,35.28,33.40,33.99,30288169,1088633216.00
2014/12/10,33.77,35.20,33.73,35.11,20691891,752150336.00
2014/12/11,34.90,35.16,34.48,34.87,16507192,601759744.00
2014/12/12,34.86,35.45,34.59,35.11,15182637,557644480.00
2014/12/15,33.40,33.96,32.16,33.50,46270029,1611248768.00
2014/12/16,33.30,33.58,32.44,32.67,23209848,801837952.00
2014/12/17,32.70,33.38,32.68,32.83,16087020,558072896.00
2014/12/18,32.75,33.31,32.33,32.81,11302990,390085408.00
2014/12/19,32.75,32.88,31.20,31.53,19007216,635607808.00
2014/12/22,31.50,31.53,29.82,30.46,16590678,534295136.00
2014/12/23,30.45,32.53,30.28,32.36,8304719,274851328.00
2014/12/24,32.43,32.90,31.70,32.88,14037379,476277952.00
2014/12/25,32.77,33.29,32.43,32.77,6968672,240799440.00
2014/12/26,32.78,32.89,32.10,32.55,7889026,269268096.00
2014/12/29,32.43,32.89,32.29,32.77,11029927,378775168.00
2014/12/30,32.77,32.86,32.00,32.16,5419261,185314704.00
2014/12/31,32.20,32.77,31.90,32.62,6161993,210145152.00
2015/01/05,33.95,34.57,33.31,34.28,22538202,803362944.00
2015/01/06,34.30,36.30,34.01,35.66,18704650,694443008.00
2015/01/07,35.34,35.55,34.69,35.00,11192619,410896064.00
2015/01/08,34.81,35.59,34.60,35.51,10089729,372511136.00
2015/01/09,35.51,35.79,34.36,34.41,9810397,362468544.00
2015/01/12,34.39,35.05,34.19,34.97,8117058,294429440.00
2015/01/13,35.00,36.18,35.00,35.90,11304329,423936256.00
2015/01/14,35.98,36.55,34.97,35.29,9015151,335872384.00
2015/01/15,35.43,35.65,34.81,35.09,6578619,242001584.00
2015/01/16,34.92,35.38,34.65,35.29,7974143,293388096.00
2015/01/19,34.55,35.36,33.92,34.21,11277993,408976256.00
2015/01/20,34.31,34.79,34.06,34.59,9492272,343094624.00
2015/01/21,34.60,35.80,34.50,35.78,13126919,485033952.00
2015/01/22,35.65,36.03,35.18,35.55,8748680,325956640.00
2015/01/23,35.60,38.28,35.59,37.51,23107000,897967936.00
2015/01/26,37.30,38.17,37.01,37.77,12877139,508143552.00
2015/01/27,37.52,38.55,37.05,37.57,9853819,389043968.00
2015/01/28,37.25,37.91,36.91,37.03,6460786,253072736.00
2015/01/29,36.62,37.59,36.61,37.15,6417267,249574096.00
2015/01/30,37.14,37.57,36.61,36.70,6475905,251165360.00
2015/02/02,36.31,36.50,35.56,35.84,6900121,260092576.00
2015/02/03,36.24,36.28,35.60,36.27,6266883,236173840.00
2015/02/04,36.23,36.67,36.05,36.06,6301509,239781984.00
2015/02/05,36.44,36.45,34.90,35.00,8686097,324176800.00
2015/02/06,35.08,35.50,34.80,35.01,4901262,180094768.00
2015/02/09,35.18,35.38,34.60,34.65,5632970,206736384.00
2015/02/10,34.65,35.29,34.60,35.28,5548767,203913712.00
2015/02/11,35.29,36.77,35.11,36.58,7600262,287863744.00
2015/02/12,36.58,36.75,36.09,36.40,3574874,136075712.00
2015/02/13,36.50,36.78,36.19,36.23,6382319,243735072.00
2015/02/16,36.20,36.55,36.10,36.42,4822599,183504128.00
2015/02/17,36.36,37.18,36.36,36.69,6309500,242857264.00
2015/02/25,36.80,36.80,35.53,35.78,7954406,300773088.00
2015/02/26,35.80,36.48,35.51,36.31,5157642,194232688.00
2015/02/27,36.29,36.86,36.13,36.38,6047099,231177328.00
2015/03/02,36.40,36.70,35.97,36.49,9187804,349344704.00
2015/03/03,36.41,36.41,35.20,35.30,9704715,363878976.00
2015/03/04,35.31,35.79,35.22,35.78,7007076,260862896.00
2015/03/05,35.78,35.85,35.16,35.40,6829806,253411360.00
2015/03/06,35.42,38.05,35.22,37.12,17108712,658194432.00
2015/03/09,37.15,37.62,36.33,37.38,12829212,498573760.00
2015/03/10,37.38,40.08,37.38,39.71,21929504,891088896.00
2015/03/11,39.70,40.56,38.97,39.46,16874873,702465728.00
2015/03/12,39.60,39.96,38.81,39.05,8101335,332335840.00
2015/03/13,39.40,40.20,39.15,39.53,8279599,341838784.00
2015/03/16,39.80,41.12,39.32,40.72,10938396,462782176.00
2015/03/17,40.50,40.79,39.86,40.13,13426137,563099776.00
2015/03/18,40.10,40.53,39.90,40.34,9362039,392706496.00
2015/03/19,41.52,41.89,40.43,40.58,15307936,652705664.00
2015/03/20,40.30,40.50,39.65,39.98,13062789,543760576.00
2015/03/23,40.03,40.19,39.30,39.90,16747850,693705472.00
2015/03/24,40.18,41.49,39.72,41.28,21418719,901919424.00
2015/03/25,41.10,41.53,40.46,41.05,15030896,641368256.00
2015/03/26,41.10,42.71,40.92,41.76,17999434,784556672.00
2015/03/27,41.80,42.79,41.51,41.55,11875086,518580928.00
2015/03/30,41.20,42.02,40.46,41.51,18814771,804237760.00
2015/03/31,41.41,42.10,40.80,40.83,12720709,548922880.00
2015/04/01,40.95,41.49,40.57,41.39,12479036,533607520.00
2015/04/02,41.49,42.60,41.20,41.50,13748848,597119296.00
2015/04/03,41.30,41.49,40.98,41.32,11484400,492953792.00
2015/04/07,41.69,43.48,41.50,43.01,20717374,916194368.00
2015/04/08,43.30,43.49,42.30,43.11,16741343,748422144.00
2015/04/09,42.90,42.99,41.13,41.94,14301264,623703744.00
2015/04/10,41.65,46.30,41.42,46.14,21673783,972472512.00
2015/04/13,45.65,46.00,44.81,45.33,14526864,684821632.00
2015/04/14,45.36,46.69,45.10,46.03,12736003,605617152.00
2015/04/15,45.55,45.59,43.97,44.06,11453049,530326528.00
2015/04/16,43.77,46.69,43.30,45.41,13722332,641599872.00
2015/04/17,45.86,46.48,44.80,45.05,11952543,564966592.00
2015/04/20,44.80,45.04,43.85,44.08,17883478,823358208.00
2015/04/21,44.50,46.30,44.30,46.07,13370539,631753664.00
2015/04/22,46.28,48.29,46.00,47.73,17957648,880392320.00
2015/04/23,47.94,48.58,46.70,47.77,13579288,670073024.00
2015/04/24,47.09,47.98,46.34,46.93,8699614,423770592.00
2015/04/27,47.25,47.88,46.20,46.95,11092248,540598848.00
2015/04/28,46.59,46.79,44.61,44.93,11961363,566862912.00
2015/04/29,44.60,45.83,44.51,45.69,7485564,353290720.00
2015/04/30,45.77,46.02,44.10,44.35,14493241,673094848.00
2015/05/04,44.40,44.75,43.71,44.69,7425067,340571456.00
2015/05/05,44.68,44.69,43.05,43.49,7541403,344257664.00
2015/05/06,43.88,44.19,42.13,42.31,7356370,332260128.00
2015/05/07,42.30,43.28,42.00,42.86,7415941,328901472.00
2015/05/08,42.92,43.89,42.40,43.11,8376821,375741152.00
2015/05/11,43.30,43.95,42.98,43.81,16763346,757230080.00
2015/05/12,43.78,44.45,43.59,44.02,11805530,539642368.00
2015/05/13,43.99,44.86,43.59,44.01,15317921,702350336.00
2015/05/14,43.67,44.07,41.90,42.44,20210498,898846976.00
2015/05/15,42.40,42.98,41.90,42.44,10290138,453815104.00
2015/05/18,42.51,43.01,42.24,42.49,11346575,496367136.00
2015/05/19,42.30,43.71,41.71,43.49,12553728,550312640.00
2015/05/20,43.57,44.75,43.55,43.68,15824043,714731584.00
2015/05/21,43.91,44.56,43.39,44.12,14901364,671858816.00
2015/05/22,45.12,45.61,44.51,45.43,20136703,931238720.00
2015/05/25,45.43,47.75,45.43,47.51,21446127,1012570560.00
2015/05/26,47.00,48.51,46.34,48.13,20062975,972091648.00
2015/05/27,48.12,51.72,47.21,50.66,23227583,1159932544.00
2015/05/28,50.41,50.61,46.41,46.49,20979205,1051458880.00
2015/05/29,46.11,47.50,44.78,46.15,15316237,725384960.00
2015/06/01,46.17,49.19,45.41,48.68,18404386,901606848.00
2015/06/02,48.73,49.88,47.71,49.83,19266302,965876608.00
2015/06/03,49.81,49.91,47.71,48.38,15682671,781387136.00
2015/06/04,47.94,48.21,44.67,46.68,17689803,839342656.00
2015/06/05,47.27,48.10,46.26,47.10,15382788,742659520.00
2015/06/08,47.11,48.11,46.21,47.66,15530291,747129664.00
2015/06/09,47.61,48.31,46.57,47.11,12498600,605581696.00
2015/06/10,46.71,48.77,46.41,47.88,17942639,874480384.00
2015/06/11,48.11,48.26,46.91,47.45,14696100,716383552.00
2015/06/12,47.84,49.41,47.72,48.66,20333935,1010507840.00
2015/06/15,50.81,51.51,48.93,49.38,26428529,1356111232.00
2015/06/16,49.41,52.42,48.36,50.40,30191759,1561064832.00
2015/06/17,50.68,52.18,49.71,50.97,22256622,1158949632.00
2015/06/18,50.92,50.97,47.42,47.57,17326743,875426048.00
2015/06/19,46.91,47.56,42.82,43.24,19028066,878093568.00
2015/06/23,43.96,45.29,41.91,45.19,13893311,624952320.00
2015/06/24,45.89,46.20,44.63,45.88,14001575,653491584.00
2015/06/26,43.51,44.10,41.18,41.58,23888140,1033311168.00
2015/06/29,42.66,43.17,37.32,39.97,22005772,919646208.00
2015/06/30,39.73,42.89,37.91,42.31,22596343,947427584.00
2015/07/01,41.43,43.21,40.41,40.54,15758028,679864000.00
2015/07/02,40.57,40.88,36.38,37.14,24379966,959416576.00
2015/07/03,36.81,38.29,34.04,36.92,30653821,1149926016.00
2015/07/06,40.72,40.72,35.12,39.17,38316252,1536166656.00
2015/07/29,38.91,39.71,35.94,39.03,42643977,1673513088.00
2015/07/30,37.91,38.71,37.41,37.64,16087964,629311744.00
2015/07/31,36.96,38.11,36.42,37.53,10023457,384978272.00
2015/08/03,38.71,39.71,38.11,38.37,17339016,692530688.00
2015/08/04,38.11,39.91,38.00,39.87,17391797,698866624.00
2015/08/05,40.76,40.91,39.43,39.82,15134598,626173056.00
2015/08/06,39.06,39.72,38.94,39.28,6055611,244522832.00
2015/08/07,39.81,40.85,39.41,40.13,12743192,526605824.00
2015/08/10,40.51,41.49,40.11,41.25,13725726,576278016.00
2015/08/11,40.96,41.33,40.66,40.73,11516415,484457856.00
2015/08/12,40.40,40.90,39.41,39.57,8802132,362689312.00
2015/08/13,39.24,40.25,39.19,40.10,6312981,257922416.00
2015/08/14,40.09,41.27,39.94,40.53,8828950,368587296.00
2015/08/17,40.30,41.46,40.26,41.07,9220653,387692864.00
2015/08/18,41.21,41.29,37.56,37.93,10323554,419678336.00
2015/08/19,37.56,38.92,37.16,38.83,9829201,386550688.00
2015/08/20,38.36,38.91,37.79,37.86,9548763,375953856.00
2015/08/21,37.17,37.78,35.46,35.54,11970991,448461056.00
2015/08/24,34.06,34.49,31.88,31.94,25052851,833691328.00
2015/08/25,30.51,32.52,30.44,30.78,15606731,505311168.00
2015/08/26,30.88,32.91,30.02,31.21,15878551,517926944.00
2015/08/27,31.95,32.94,31.52,32.89,11435725,380911584.00
2015/08/28,33.01,34.26,32.39,33.96,15917641,546944896.00
2015/08/31,33.36,33.39,32.44,33.05,9751108,331425344.00
2015/09/01,32.86,32.99,31.21,32.49,14647987,487817952.00
2015/09/02,30.94,32.99,30.79,32.69,15741443,523565088.00
2015/09/07,32.66,33.85,32.62,33.07,6869541,235699376.00
2015/09/08,32.90,34.33,32.41,34.21,8094100,277157952.00
2015/09/09,33.90,35.08,33.81,34.27,9826097,349294528.00
2015/09/10,34.01,34.63,33.73,33.95,5537078,195062192.00
2015/09/11,33.90,34.28,33.41,33.84,3488500,121528816.00
2015/09/14,34.10,34.11,31.06,32.87,11891853,400057600.00
2015/09/15,32.41,32.41,31.39,31.44,5843997,192657088.00
2015/09/16,31.71,34.17,31.49,33.46,6007799,202839376.00
2015/09/17,33.09,33.79,32.49,32.62,5907929,202977440.00
2015/09/18,32.67,33.16,32.23,32.64,3076938,103771640.00
2015/09/21,32.26,33.49,32.13,33.37,4188208,143038176.00
2015/11/02,36.82,36.82,36.82,36.82,751035,28471736.00
2015/11/03,38.91,38.91,38.41,38.48,34011122,1350857984.00
2015/11/04,38.40,38.80,38.11,38.66,23677920,936951936.00
2015/11/05,38.51,38.69,38.36,38.42,20232597,800258176.00
2015/11/06,38.46,38.64,38.46,38.59,13662172,541665600.00
2015/11/09,38.70,39.28,38.58,38.71,21029301,838046656.00
2015/11/10,38.71,38.83,38.55,38.61,18758464,745859008.00
2015/11/11,38.63,38.77,38.62,38.75,11778479,468535168.00
2015/11/12,38.75,38.78,38.67,38.72,8689540,345816192.00
2015/11/13,38.69,39.09,38.62,38.90,21279572,849321216.00
2015/11/16,38.81,38.99,38.77,38.91,11574677,462033984.00
2015/11/17,38.92,39.06,38.86,39.02,17386819,695913600.00
2015/11/18,38.96,39.01,38.87,38.95,10824487,433080704.00
2015/11/19,38.91,38.95,38.85,38.90,8365934,334435104.00
2015/11/20,38.90,38.94,38.84,38.91,12404026,495858464.00
2015/11/23,38.89,38.91,38.81,38.89,9386844,374962080.00
2015/11/24,38.86,38.90,38.83,38.90,6484274,259018912.00
2015/11/25,38.87,38.90,38.83,38.90,6631269,265034976.00
2015/11/26,38.90,42.68,38.87,40.44,43847605,1836024704.00
2015/11/27,39.89,39.89,38.90,39.02,21771798,878647296.00
2015/11/30,39.12,39.51,38.84,39.14,20090773,804863872.00
2015/12/01,39.08,39.21,38.94,38.97,12318730,494045312.00
2015/12/02,38.91,39.50,38.91,39.32,18307089,736373504.00
2015/12/03,39.46,40.51,38.95,39.30,28216925,1145449088.00
2015/12/07,39.15,39.17,37.41,38.11,18356923,721255616.00
2015/12/08,37.91,38.10,37.21,37.23,11715532,451830048.00
2015/12/09,37.51,38.50,37.51,38.00,9851181,386013152.00
2015/12/10,38.11,38.85,37.80,38.32,9231997,364557312.00
2015/12/11,38.10,38.40,37.89,38.03,4623442,181277648.00
2015/12/14,37.56,37.96,37.33,37.89,6575486,254606992.00
2015/12/15,37.89,38.05,37.54,37.72,6474981,251655456.00
2015/12/16,37.87,37.95,37.37,37.46,6630676,256775456.00
2015/12/17,37.71,38.01,37.51,37.82,10308180,400869888.00
2015/12/21,37.99,40.32,37.87,39.82,23206945,941841280.00
2015/12/22,39.91,40.21,39.24,39.51,12120718,492839552.00
2015/12/23,39.63,40.20,39.33,39.63,12649685,516552672.00
2015/12/24,39.68,40.08,39.25,39.46,7463061,303137152.00
2015/12/25,39.63,41.28,39.30,40.30,14678500,608955072.00
2015/12/28,39.70,39.97,38.92,38.95,11505257,466348928.00
2015/12/29,39.01,39.22,38.84,39.14,5362932,215162176.00
2015/12/30,38.99,39.13,38.53,38.90,7261682,290141632.00
2015/12/31,38.92,38.98,38.30,38.40,5051009,200507760.00
2016/01/04,38.23,38.30,35.43,35.57,7537030,289859008.00
2016/01/05,35.51,36.79,35.20,36.26,10595278,394273408.00
2016/01/06,36.41,36.74,36.01,36.69,6050352,227047760.00
2016/01/07,36.21,36.21,33.51,33.79,2236700,80236128.00
2016/01/08,35.11,35.71,33.52,34.64,10187122,364906240.00
2016/01/11,34.11,34.39,32.07,32.33,14240519,489022880.00
2016/01/12,32.57,32.87,31.99,32.29,7129839,238928560.00
2016/01/13,32.64,32.83,31.79,31.85,5761484,192905728.00
2016/01/14,31.11,32.56,30.91,32.39,6531395,214090880.00
2016/01/15,32.01,32.46,30.99,31.23,5070370,166240960.00
2016/01/18,30.91,31.95,30.91,31.58,4791548,155895136.00
2016/01/19,31.78,32.74,31.49,32.51,5456193,181774480.00
2016/01/20,32.40,32.50,31.48,31.57,4871825,161030800.00
2016/01/21,31.19,32.08,30.71,30.73,4663489,151753872.00
2016/01/22,30.96,31.26,30.46,31.08,4899108,156527472.00
2016/01/25,31.21,31.60,31.04,31.40,4386353,142216672.00
2016/01/26,31.06,31.27,29.07,29.25,7562127,236702576.00
2016/01/27,29.27,29.59,28.13,28.96,10136384,303783360.00
2016/01/28,28.80,29.60,28.53,28.61,5968888,180412256.00
2016/01/29,28.60,29.69,28.56,29.30,4805573,145575856.00
2016/02/01,29.22,29.70,28.99,29.41,4376955,133342600.00
2016/02/02,29.34,30.29,29.31,29.98,5357154,165926464.00
2016/02/03,29.59,29.88,29.47,29.78,2957696,91016656.00
2016/02/04,30.09,30.54,29.87,30.32,5150945,161684176.00
2016/02/05,30.26,30.54,30.02,30.09,3071576,96415496.00
2016/02/15,29.34,29.76,28.81,29.58,3130689,95645528.00
2016/02/16,29.83,30.65,29.69,30.60,4633333,145621776.00
2016/02/17,30.42,31.03,30.41,30.80,4893088,155988608.00
2016/02/18,31.16,31.37,30.59,30.75,5028161,160967680.00
2016/02/19,30.69,30.94,30.53,30.72,4113333,130864840.00
2016/02/22,30.96,31.59,30.77,31.15,6119002,197098112.00
2016/02/23,31.36,31.36,30.59,30.76,3936810,125798120.00
2016/02/24,30.69,31.02,30.24,30.94,4558012,144809984.00
2016/02/25,30.91,30.96,28.72,28.88,6870749,212167904.00
2016/02/26,29.13,29.70,28.94,29.43,5054436,153565312.00
2016/02/29,29.78,29.78,27.30,28.32,8598510,252635760.00
2016/03/01,28.31,28.57,27.87,28.34,4287418,125822736.00
2016/03/02,28.51,29.45,28.41,29.42,6258426,188412064.00
2016/03/03,29.46,29.88,29.00,29.37,6637658,202744176.00
2016/03/04,29.39,30.59,29.01,30.12,12272613,377703456.00
2016/03/07,30.11,30.54,29.76,30.07,6315196,197628688.00
2016/03/08,30.06,30.06,28.93,29.79,6440652,196301680.00
2016/03/09,29.36,29.91,29.14,29.83,4073831,124643304.00
2016/03/10,29.71,30.74,29.61,30.21,6651012,207757360.00
2016/03/11,29.71,29.71,28.64,28.74,14575369,438302080.00
2016/03/14,28.81,29.39,28.31,29.05,16637559,499860096.00
2016/03/15,28.74,28.87,28.22,28.38,11289324,333361824.00
2016/03/16,28.33,28.65,28.33,28.40,9725954,287789472.00
2016/03/17,28.49,28.80,27.91,28.73,13781248,408267520.00
2016/03/18,28.73,29.59,28.66,29.52,19827579,600519936.00
2016/03/21,29.62,30.15,29.32,29.89,23958076,736945664.00
2016/03/22,29.81,29.81,29.50,29.52,11400777,350299360.00
2016/03/23,29.53,29.86,29.44,29.64,9643209,296221856.00
2016/03/24,29.29,29.39,28.75,28.77,13102266,394561760.00
2016/03/25,28.53,29.07,28.53,29.01,6813619,203939664.00
2016/03/28,29.06,29.70,28.90,29.08,10717141,326429088.00
2016/03/29,29.02,29.22,28.76,28.90,7404011,222491792.00
2016/03/30,29.06,29.66,29.06,29.64,12584862,383618240.00
2016/03/31,29.85,30.11,29.47,29.60,12704337,392357280.00
2016/04/01,29.60,29.63,29.09,29.46,7225356,219917616.00
2016/04/05,29.51,30.02,29.46,29.89,13456402,416204512.00
2016/04/06,29.86,29.98,29.60,29.75,9511438,293873792.00
2016/04/07,29.85,30.38,29.76,29.80,16553174,515858656.00
2016/04/08,29.51,29.66,28.75,28.91,15357154,463126720.00
2016/04/11,29.07,29.44,29.02,29.30,12092629,366938592.00
2016/04/12,29.31,29.31,28.79,28.96,8846084,265774032.00
2016/04/13,29.08,29.86,29.08,29.73,18974865,581575872.00
2016/04/14,30.04,30.15,29.33,29.77,12079547,372341408.00
2016/04/15,29.91,29.98,29.60,29.71,10709719,330548160.00
2016/04/18,29.72,29.72,29.12,29.23,7759882,236001360.00
2016/04/19,29.31,29.36,28.97,29.32,6147586,186346432.00
2016/04/20,29.32,29.35,27.91,28.31,14383322,425208416.00
2016/04/21,28.29,28.43,28.05,28.12,6085300,178611952.00
2016/04/22,28.12,28.30,27.85,28.13,6942657,202211744.00
2016/04/25,28.13,28.13,27.81,28.06,4115317,119630720.00
2016/04/26,27.49,27.89,27.41,27.77,9822461,282189440.00
2016/04/27,27.71,27.84,27.54,27.58,6536512,187612656.00
2016/04/28,27.57,27.69,26.91,27.19,7334651,207743168.00
2016/04/29,27.06,27.45,26.99,27.29,5493763,155752416.00
2016/05/03,27.46,28.19,27.24,27.98,11375216,328859360.00
2016/05/04,27.91,28.03,27.69,27.78,6369751,184347072.00
2016/05/05,27.88,28.12,27.71,28.08,7601549,220735936.00
2016/05/06,28.17,28.21,26.96,27.02,8989067,257086480.00
2016/05/09,26.88,26.88,25.87,26.01,11222720,306458112.00
2016/05/10,25.84,26.21,25.81,26.06,5188552,140562288.00
2016/05/11,26.14,27.29,26.02,26.65,10153335,282340544.00
2016/05/12,26.36,26.44,25.93,26.30,4654671,126920576.00
2016/05/13,26.11,26.79,26.11,26.30,4173269,114781664.00
2016/05/16,26.14,26.64,26.13,26.55,3689037,101486168.00
2016/05/17,26.55,26.61,26.17,26.36,3542417,97395048.00
2016/05/18,26.19,26.21,25.81,26.07,5626173,152246576.00
2016/05/19,26.06,26.28,26.01,26.16,4226693,115214032.00
2016/05/20,26.01,26.21,25.86,26.06,6542392,176971904.00
2016/05/23,26.08,26.51,26.06,26.50,6813702,186204512.00
2016/05/24,26.50,26.56,26.11,26.53,3913765,107048872.00
2016/05/25,26.51,26.59,26.15,26.18,3783517,103788896.00
2016/05/26,26.18,26.25,25.87,26.12,3784749,102638080.00
2016/05/27,26.06,26.14,25.95,26.01,3138177,85120176.00
2016/05/30,25.99,26.06,25.81,25.90,3138688,84755808.00
2016/05/31,25.91,26.73,25.91,26.70,8120929,223388224.00
2016/06/01,26.61,26.79,26.48,26.62,7310933,202541136.00
2016/06/02,26.58,26.66,26.47,26.61,4822276,133326128.00
2016/06/03,26.63,27.03,26.53,26.79,9435354,263622672.00
2016/06/06,26.87,26.97,26.47,26.63,6384192,177286864.00
2016/06/07,26.72,26.74,26.45,26.57,4964229,137150752.00
2016/06/08,26.58,26.59,26.28,26.31,7496496,205850208.00
2016/06/13,25.99,26.17,25.47,25.62,7295222,197283776.00
2016/06/14,25.54,25.83,25.51,25.65,4153389,111137072.00
2016/06/15,25.49,26.16,25.47,26.02,5779700,156145856.00
2016/06/16,26.00,26.11,25.89,25.92,4276382,115789592.00
2016/06/17,26.01,26.25,25.96,26.21,5499669,149596576.00
2016/06/20,26.19,26.39,25.96,26.19,4475395,121936200.00
2016/06/21,26.31,26.34,25.83,25.96,5401424,147255456.00
2016/06/22,25.95,26.06,25.86,26.05,4579876,123875456.00
2016/06/23,26.01,26.66,25.99,26.40,8429763,230877376.00
2016/06/24,26.41,26.56,25.41,25.96,7128918,193882832.00
2016/06/27,25.96,26.36,25.89,26.26,5391722,146444272.00
2016/06/28,26.11,26.61,26.04,26.49,7721391,211453360.00
2016/06/29,26.51,26.81,26.33,26.68,9887463,273493792.00
2016/06/30,26.58,27.91,26.49,27.75,23635082,668984768.00
2016/07/01,27.77,29.29,27.62,28.65,27847786,826889024.00
2016/07/04,28.51,28.81,28.21,28.68,11085942,329116320.00
2016/07/05,28.70,29.21,28.54,28.89,10957809,329265152.00
2016/07/07,29.10,29.10,28.51,28.60,10831372,312669728.00
2016/07/08,28.56,28.67,28.28,28.50,6294489,179798832.00
2016/07/11,28.75,29.04,28.32,28.69,9602550,276383264.00
2016/07/12,28.78,29.76,28.58,29.70,14941769,438508512.00
2016/07/13,29.75,30.09,29.28,29.35,9675550,287620544.00
2016/07/14,29.25,29.60,29.09,29.34,5244507,154197360.00
2016/07/15,29.35,29.40,28.87,28.94,5226951,152294896.00
2016/07/18,29.02,29.27,28.86,28.88,4228447,123152720.00
2016/07/19,29.05,29.15,28.60,29.12,4893625,141597856.00
2016/07/20,29.01,29.24,28.85,28.94,2696423,78518488.00
2016/07/21,28.91,29.23,28.83,28.89,4202985,122379816.00
2016/07/22,29.00,29.02,28.32,28.41,5006492,143569216.00
2016/07/25,28.40,28.97,28.28,28.59,5317205,153395360.00
2016/07/26,28.60,29.05,28.50,28.89,4938686,143235360.00
2016/07/27,29.02,29.69,28.02,29.41,16252400,475439456.00
2016/07/28,29.04,30.64,29.04,30.42,20888246,627594944.00
2016/07/29,30.30,30.30,29.46,29.55,11980875,358480256.00
2016/08/01,29.60,29.60,28.53,28.93,7928268,229574512.00
2016/08/02,28.80,29.29,28.80,29.26,7133116,207759472.00
2016/08/03,28.96,29.26,28.96,29.22,4671750,136486080.00
2016/08/04,29.23,29.23,28.48,28.73,7103935,204589232.00
2016/08/05,28.75,29.20,28.64,28.87,5204731,151331024.00
2016/08/08,28.89,29.18,28.87,29.06,4021868,117063440.00
2016/08/09,29.03,29.22,28.79,29.05,5216028,151767808.00
2016/08/10,29.12,29.16,28.83,28.84,4047820,117707648.00
2016/08/11,28.84,28.93,28.40,28.41,4691300,134776816.00
2016/08/12,28.41,28.70,28.31,28.66,5064367,144722208.00
2016/08/15,28.20,28.88,28.08,28.66,17474936,500825568.00
2016/08/16,28.70,29.60,28.69,29.23,14280032,418583872.00
2016/08/17,29.32,29.62,29.02,29.15,8684462,254656736.00
2016/08/18,29.23,29.51,29.06,29.21,6364949,186860384.00
2016/08/19,29.25,29.43,29.10,29.28,5581919,163802432.00
2016/08/22,29.30,29.86,29.28,29.38,9011748,267428064.00
2016/08/23,29.40,30.13,29.29,30.03,13405675,400570624.00
2016/08/24,30.04,30.10,29.69,29.79,5714397,171042832.00
2016/08/25,29.90,30.34,29.64,30.05,9764207,294016992.00
2016/08/26,29.94,30.09,29.63,29.69,6213286,185903904.00
2016/08/29,29.62,29.64,29.05,29.30,6650754,195505792.00
2016/08/30,29.41,29.42,28.81,28.90,8380416,243903168.00
2016/08/31,28.92,29.06,28.80,28.99,3071104,89112464.00
2016/09/01,29.01,29.09,28.80,28.91,3981065,115556512.00
2016/09/02,28.80,29.41,28.75,29.38,7605685,222917936.00
2016/09/05,29.68,30.28,29.47,29.87,10867066,326097184.00
2016/09/06,29.89,30.06,29.40,30.00,6077427,181648544.00
2016/09/07,30.09,30.09,29.60,29.85,5309827,159076048.00
2016/09/08,29.87,29.90,29.51,29.82,3378087,100600128.00
2016/09/09,29.88,29.88,29.49,29.58,5225748,155185168.00
2016/09/12,29.15,29.25,28.25,28.71,12576570,361514592.00
2016/09/13,28.71,28.80,28.46,28.75,3268237,93885632.00
2016/09/14,28.60,28.70,28.22,28.30,4713301,134418448.00
2016/09/19,28.24,28.55,28.18,28.37,5609561,159698720.00
2016/09/20,28.39,28.45,28.18,28.31,3945773,111988792.00
2016/09/21,28.30,28.39,28.20,28.26,3553254,100844616.00
2016/09/22,28.40,28.60,28.34,28.39,3832068,109407736.00
2016/09/23,28.41,28.73,28.36,28.50,3365484,96410864.00
2016/09/26,28.51,28.57,27.58,27.60,5859573,164702416.00
2016/09/27,27.60,27.76,27.29,27.53,4287903,118326120.00
2016/09/28,27.65,27.73,27.40,27.45,4303378,119055776.00
2016/09/29,27.52,28.15,27.51,27.98,6981103,195495456.00
2016/09/30,27.82,28.29,27.78,27.97,5111852,143476576.00
2016/10/10,27.99,28.17,27.92,28.05,6961700,195765232.00
2016/10/11,28.08,28.58,28.04,28.43,8557421,243073920.00
2016/10/12,28.40,28.58,27.90,28.45,4670055,132716080.00
2016/10/13,28.49,28.49,27.99,28.04,5865789,165529216.00
2016/10/14,28.02,28.02,27.73,27.91,3708261,103650008.00
2016/10/17,27.94,28.05,27.59,27.60,6270100,175065008.00
2016/10/18,27.56,27.95,27.56,27.92,4456806,124335376.00
2016/10/19,28.03,28.03,27.74,27.77,3997135,111668368.00
2016/10/20,27.79,27.87,27.70,27.73,3864065,107675968.00
2016/10/21,27.78,27.91,27.63,27.76,3727951,103786728.00
2016/10/24,27.70,28.01,27.70,27.94,3912178,109645584.00
2016/10/25,27.98,28.11,27.82,27.97,5194113,145747776.00
2016/10/26,28.04,28.06,27.78,27.99,4507170,126391032.00
2016/10/27,27.44,27.47,26.41,26.54,28151898,759621376.00
2016/10/28,26.57,26.86,26.13,26.64,14273639,380863456.00
2016/10/31,26.93,27.22,26.82,26.99,8452842,229109520.00
2016/11/01,26.92,27.09,26.79,26.99,4490013,121443776.00
2016/11/02,26.99,27.00,26.78,26.82,3305320,89143392.00
2016/11/03,26.86,27.12,26.75,27.03,5445210,147702656.00
2016/11/04,27.03,27.15,26.96,27.07,3380615,91802856.00
2016/11/07,27.08,27.15,26.84,27.01,4641596,125609240.00
2016/11/08,27.05,27.56,27.04,27.33,7895599,216843344.00
2016/11/09,27.42,27.42,26.90,27.14,4215672,115004352.00
2016/11/10,27.72,28.09,27.71,27.80,11293028,316246176.00
2016/11/11,27.78,27.78,27.47,27.74,6414676,177639760.00
2016/11/14,27.75,28.04,27.60,27.99,6804295,190340416.00
2016/11/15,27.92,27.92,27.60,27.76,4147545,115393200.00
2016/11/16,27.87,27.87,27.58,27.62,4141307,115206648.00
2016/11/17,27.69,27.72,27.47,27.64,3392031,93958400.00
2016/11/18,27.71,27.71,27.47,27.51,2442494,67554768.00
2016/11/21,27.50,27.63,27.43,27.51,4034303,111412464.00
2016/11/22,27.56,27.78,27.51,27.74,3785484,105191624.00
2016/11/23,27.83,28.07,27.71,27.76,6556021,183496688.00
2016/11/24,27.84,27.95,27.68,27.90,6537821,182613264.00
2016/11/25,28.08,28.81,27.91,28.47,8787738,250844160.00
2016/11/28,29.00,29.08,27.98,28.23,19661107,560326464.00
2016/11/29,28.05,28.10,27.60,27.64,10767978,300976192.00
2016/11/30,27.81,28.44,27.76,27.98,10351792,291857856.00
2016/12/01,27.77,28.09,27.60,27.91,6078166,170108464.00
2016/12/02,27.80,27.98,27.51,27.56,7025764,195463888.00
2016/12/05,27.39,27.46,27.05,27.40,5157663,141218608.00
2016/12/06,27.40,27.45,27.15,27.20,3124180,85521200.00
2016/12/07,27.16,27.42,27.15,27.42,2638367,72284744.00
2016/12/08,27.45,27.49,27.21,27.29,3360192,92122048.00
2016/12/09,27.22,27.58,27.22,27.33,4181100,114935568.00
2016/12/12,27.32,27.36,26.46,26.77,8354700,224973056.00
2016/12/13,26.80,26.87,26.38,26.58,3788190,101013704.00
2016/12/14,26.43,26.75,26.43,26.50,2495088,66575192.00
2016/12/15,26.51,26.66,26.40,26.61,2960739,78895856.00
2016/12/16,26.60,26.84,26.50,26.59,2616565,69983808.00
2016/12/19,26.70,26.72,26.54,26.58,2175141,58080888.00
2016/12/20,26.72,26.72,26.34,26.41,3503839,92978824.00
2016/12/21,26.47,26.59,26.39,26.53,3138025,83490256.00
2016/12/22,26.42,26.55,26.35,26.47,1795351,47632268.00
2016/12/23,26.50,26.78,26.38,26.59,2842682,75929152.00
2016/12/26,26.56,26.58,26.15,26.56,2651992,70146360.00
2016/12/27,26.58,26.70,26.41,26.67,1927918,51495088.00
2016/12/28,26.67,27.11,26.60,26.89,4065901,109811072.00
2016/12/29,26.90,27.00,26.70,26.81,2521109,67946600.00
2016/12/30,26.82,27.34,26.82,27.01,4523996,122995008.00
2017/01/03,27.17,27.17,26.89,26.98,3561469,96517472.00
2017/01/04,26.99,27.07,26.81,26.91,5800491,156789792.00
2017/01/05,26.89,27.00,26.72,26.81,4965326,133778528.00
2017/01/06,26.76,26.76,26.26,26.30,7393884,196461696.00
2017/01/09,26.27,26.44,26.25,26.38,3055121,80778024.00
2017/01/10,26.36,27.06,26.29,26.82,7289747,195822784.00
2017/01/11,26.72,26.84,26.38,26.42,4145104,110635456.00
2017/01/12,26.41,26.51,25.89,25.92,5811778,152650880.00
2017/01/13,25.90,26.00,25.55,25.66,4621956,119456944.00
2017/01/16,25.69,25.91,25.16,25.79,8667039,222051312.00
2017/01/17,25.75,25.93,25.57,25.78,2787226,71977248.00
2017/01/18,25.78,25.92,25.62,25.87,2166013,56129040.00
2017/01/19,25.79,26.95,25.65,26.51,10722397,285051168.00
2017/01/20,26.51,26.76,26.40,26.49,3191694,85180552.00
2017/01/23,26.53,26.74,26.49,26.58,2463482,65760408.00
2017/01/24,26.60,26.70,26.49,26.68,2570303,68666984.00
2017/01/25,26.70,26.90,26.69,26.78,2833082,76166984.00
2017/01/26,26.78,27.12,26.78,27.11,3917065,105991664.00
2017/02/03,27.06,27.17,26.90,27.14,2891642,78453536.00
2017/02/06,27.06,27.19,27.03,27.10,2731620,74343600.00
2017/02/07,27.10,27.98,27.05,27.61,8155588,226000432.00
2017/02/08,27.60,27.96,27.33,27.93,6448011,179722112.00
2017/02/09,27.98,28.11,27.82,28.03,5866211,164958448.00
2017/02/10,28.03,28.05,27.73,27.78,3591539,100399440.00
2017/02/13,27.70,28.05,27.66,28.00,3916543,109830304.00
2017/02/14,28.01,28.10,27.73,27.84,2156217,60256884.00
2017/02/15,27.84,27.95,27.49,27.50,2843368,78971296.00
2017/02/16,27.51,28.88,27.30,28.29,7955746,225044592.00
2017/02/17,28.34,28.69,28.08,28.14,5968390,170143088.00
2017/02/20,28.14,28.30,28.07,28.17,2680973,75893400.00
2017/02/21,28.21,28.35,28.00,28.04,3706115,104533064.00
2017/02/22,28.14,28.77,28.00,28.53,11076571,317474080.00
2017/02/23,28.54,28.54,28.25,28.43,3358545,95581272.00
2017/02/24,28.42,28.80,28.25,28.67,3806045,109132648.00
2017/02/27,28.58,28.81,28.41,28.49,2762175,79378568.00
2017/02/28,28.47,28.90,28.42,28.59,3434231,98959856.00
2017/03/01,28.69,28.69,28.26,28.30,2240378,63888620.00
2017/03/02,28.40,28.45,28.13,28.15,2139132,60715516.00
2017/03/03,28.13,28.26,28.05,28.15,2066594,58365852.00
2017/03/06,28.15,28.61,28.15,28.49,2969147,84699232.00
2017/03/07,28.50,28.64,28.34,28.62,2410116,68985720.00
2017/03/08,28.60,28.64,28.38,28.55,2802091,80192104.00
2017/03/09,28.56,28.86,28.51,28.84,5391268,155105072.00
2017/03/10,28.80,28.85,28.41,28.43,3634522,104312064.00
2017/03/13,28.44,28.48,28.17,28.20,6358306,180374192.00
2017/03/14,28.21,28.47,28.04,28.45,4626941,131350712.00
2017/03/15,28.50,28.62,28.33,28.60,3332539,95414808.00
2017/03/16,28.60,28.76,28.54,28.63,3613285,103796336.00
2017/03/17,28.60,28.85,28.60,28.78,4105885,118459712.00
2017/03/20,28.79,29.54,28.73,29.50,7767910,227606688.00
2017/03/21,29.43,30.15,29.43,29.85,8007674,240249504.00
2017/03/22,29.75,30.15,29.35,30.02,8036550,239949632.00
2017/03/23,29.97,30.20,29.74,29.93,5236041,157335936.00
2017/03/24,29.98,30.95,29.91,30.40,9821865,301163680.00
2017/03/27,30.59,31.00,30.35,30.45,7929759,244360608.00
2017/03/28,30.45,30.60,29.88,30.22,5959625,180616336.00
2017/03/29,30.21,30.35,29.80,29.95,6619960,198849024.00
2017/03/30,29.95,30.20,29.50,29.80,4762530,142332416.00
2017/03/31,29.80,30.08,29.69,30.05,3104467,93269552.00
2017/04/05,29.91,30.27,29.65,29.75,3568332,107084816.00
2017/04/06,29.76,29.88,29.24,29.46,4995894,147592960.00
2017/04/07,29.34,29.61,29.29,29.54,2450482,72511504.00
2017/04/10,29.42,30.00,29.22,29.86,3931462,117273040.00
2017/04/11,29.90,30.19,29.25,29.56,4424648,131572472.00
2017/04/12,29.57,29.90,29.35,29.68,3353060,99747592.00
2017/04/13,29.62,30.19,29.51,29.79,3528724,105854664.00
2017/04/14,29.85,30.15,29.56,29.78,3216907,96306744.00
2017/04/17,29.78,29.87,29.10,29.23,3239614,95863008.00
2017/04/18,29.12,29.40,28.80,28.87,2609069,76362752.00
2017/04/19,28.81,29.15,28.51,29.04,3005680,86977832.00
2017/04/20,28.90,29.78,28.85,29.56,3327701,98068688.00
2017/04/21,29.50,29.98,29.40,29.82,3003867,89661040.00
2017/04/24,29.76,29.85,28.98,29.21,2409457,70995496.00
2017/04/25,29.24,29.75,29.24,29.73,2365752,70129024.00
2017/04/26,29.78,30.28,29.41,30.14,4618981,139068400.00
2017/04/27,30.28,30.50,29.81,30.12,4065865,123111408.00
2017/04/28,29.90,30.28,29.86,30.04,2058037,62195008.00
2017/05/02,30.03,30.20,29.00,29.04,5732325,168296976.00
2017/05/03,28.89,28.89,28.28,28.56,4980534,142568176.00
2017/05/04,28.49,28.72,28.41,28.66,1911839,54857460.00
2017/05/05,28.50,28.60,28.05,28.20,5436868,153984848.00
2017/05/08,28.19,28.45,28.00,28.19,2823208,80076288.00
2017/05/09,28.18,28.47,28.10,28.36,3193411,90716448.00
2017/05/10,28.39,28.56,28.29,28.31,2790911,79663984.00
2017/05/11,28.09,28.42,27.92,28.31,3526050,99633208.00
2017/05/12,28.34,28.72,28.25,28.59,2511095,71981872.00
2017/05/15,28.59,28.86,28.40,28.49,1498379,42923712.00
2017/05/16,28.49,28.83,28.32,28.82,2157414,61983432.00
2017/05/17,28.82,28.90,28.67,28.72,1431229,41264464.00
2017/05/18,28.72,28.80,28.45,28.52,1593256,45807544.00
2017/05/19,28.42,29.38,28.42,29.28,3733626,108357328.00
2017/05/22,29.15,29.67,29.10,29.26,2723062,80232640.00
2017/05/23,29.15,29.52,28.78,28.90,3972657,115987928.00
2017/05/24,28.80,29.06,28.45,28.61,3533336,101494112.00
2017/05/25,28.62,28.95,28.52,28.81,2799671,80715816.00
2017/05/26,28.76,28.82,28.57,28.60,1835995,52833316.00
2017/05/31,28.64,28.82,28.14,28.28,2709457,77308016.00
2017/06/01,28.28,28.42,27.96,28.01,1963803,55611336.00
2017/06/02,28.12,28.20,27.20,27.60,4117027,114162032.00
2017/06/05,27.49,27.72,27.48,27.51,2006307,55543756.00
2017/06/06,27.45,27.54,27.29,27.50,1650776,45415732.00
2017/06/07,27.57,27.94,27.52,27.91,2570036,71839944.00
2017/06/08,27.90,28.25,27.86,28.07,2579882,72772432.00
2017/06/09,28.29,28.43,27.71,28.42,10831259,304764064.00
2017/06/12,28.27,28.37,28.01,28.06,6023477,170196896.00
2017/06/13,28.12,28.70,28.02,28.58,4057792,115741456.00
2017/06/14,28.50,29.02,28.39,28.60,3045751,87678944.00
2017/06/15,28.56,28.93,28.55,28.65,1930845,55608216.00
2017/06/16,28.65,28.85,28.59,28.83,1343287,38650832.00
2017/06/19,28.80,31.19,28.63,30.84,12627330,381159360.00
2017/06/20,30.74,30.99,30.06,30.19,7658757,233981360.00
2017/06/21,30.40,30.62,30.12,30.52,3440785,105002344.00
2017/06/22,30.50,32.23,30.25,30.65,13322899,418569184.00
2017/06/23,30.72,31.40,30.70,31.20,6264624,194587584.00
2017/06/26,31.52,32.58,31.35,31.87,11307919,362938496.00
2017/06/27,31.88,32.02,31.50,31.82,4014119,127540512.00
2017/06/28,31.75,32.05,31.20,31.38,5241085,165752848.00
2017/06/29,31.37,31.77,31.26,31.67,4280190,134859104.00
2017/06/30,31.69,32.65,31.50,32.45,6329745,204169344.00
2017/07/03,32.50,32.55,31.81,32.09,4252487,136517664.00
2017/07/04,32.19,32.19,30.81,30.98,8563326,268301120.00
2017/07/05,31.00,31.45,30.88,31.27,4532917,141301840.00
2017/07/06,31.35,31.64,31.18,31.55,4450047,139901504.00
2017/07/07,31.55,31.55,30.72,31.12,5861153,181784736.00
2017/07/10,31.09,31.65,30.95,31.30,3797010,118943400.00
2017/07/11,31.30,31.85,31.18,31.55,3774705,118839896.00
2017/07/12,31.48,31.75,30.82,30.97,3734562,116387512.00
2017/07/13,30.99,31.41,30.47,31.35,4389731,135920912.00
2017/07/14,31.17,31.30,30.66,30.91,2447739,75655920.00
2017/07/17,30.81,30.81,30.00,30.05,4323749,130886736.00
2017/07/18,30.04,30.54,30.00,30.50,2479977,74979272.00
2017/07/19,30.50,30.74,30.21,30.54,2887871,88031552.00
2017/07/20,30.61,31.10,30.55,30.97,2652459,82016136.00
2017/07/21,30.70,30.87,30.38,30.40,2699468,82696392.00
2017/07/24,30.42,30.55,29.81,30.22,4219949,127157520.00
2017/07/25,30.30,31.40,30.15,31.35,4368904,135056096.00
2017/07/26,31.16,31.41,30.75,30.94,3498928,108361584.00
2017/07/27,30.89,31.32,30.65,30.84,2951134,91215648.00
2017/07/28,30.75,31.37,30.68,30.76,3166200,97980336.00
2017/08/02,31.16,31.16,31.16,31.16,0,0.00
数据来源:通达信
