600215 长春经开 日线 前复权
      日期	    开盘	    最高	    最低	    收盘	    成交量	    成交额
2010/10/08,4.93,5.04,4.89,5.02,3883344,25374740.00
2010/10/11,5.03,5.16,5.01,5.12,5943362,39613936.00
2010/10/12,5.12,5.16,5.06,5.12,5564319,37209928.00
2010/10/13,5.12,5.24,5.09,5.22,9333025,63262840.00
2010/10/14,5.20,5.22,5.04,5.06,7005871,47000312.00
2010/10/15,5.03,5.07,4.92,4.93,6959563,45468844.00
2010/10/18,4.96,5.19,4.92,5.14,8144565,54150812.00
2010/10/19,5.16,5.22,5.10,5.22,7781239,52582216.00
2010/10/20,5.12,5.12,4.96,5.08,8034606,53165332.00
2010/10/21,5.07,5.30,4.99,5.22,10103319,67836552.00
2010/10/22,5.16,5.24,5.14,5.18,7425120,50395760.00
2010/10/25,5.19,5.29,5.15,5.24,8605826,58917404.00
2010/10/26,5.24,5.39,5.19,5.36,11686656,80807864.00
2010/10/27,5.34,5.39,5.21,5.22,8832558,61323872.00
2010/10/28,5.20,5.26,5.16,5.23,4869245,33153246.00
2010/10/29,5.20,5.35,5.16,5.19,4923153,33584384.00
2010/11/01,5.24,5.33,5.21,5.25,7208896,49527820.00
2010/11/02,5.25,5.33,5.22,5.30,8865894,61098776.00
2010/11/03,5.32,5.83,5.32,5.82,38477256,288315232.00
2010/11/10,6.03,6.41,5.83,6.41,19351445,159967504.00
2010/11/11,6.82,6.82,6.14,6.19,46529572,389898656.00
2010/11/12,6.09,6.09,5.59,5.67,24660710,188250032.00
2010/11/15,5.72,5.82,5.52,5.77,13966753,104085520.00
2010/11/16,5.78,5.84,5.44,5.56,11237792,83419152.00
2010/11/17,5.51,5.66,5.45,5.63,7436250,54266596.00
2010/11/18,5.70,5.74,5.55,5.69,5891272,43448304.00
2010/11/19,5.69,5.79,5.59,5.77,8113970,60390784.00
2010/11/22,5.72,5.93,5.68,5.86,9901092,75089056.00
2010/11/23,5.84,5.84,5.49,5.59,6986895,51641468.00
2010/11/24,5.53,5.66,5.52,5.65,4832307,35454248.00
2010/11/25,5.68,5.81,5.63,5.79,6693171,50277872.00
2010/11/26,5.76,5.85,5.62,5.66,5739715,42947572.00
2010/11/29,5.64,5.75,5.56,5.68,4029825,29894768.00
2010/11/30,5.65,5.76,5.40,5.51,5949551,43396444.00
2010/12/01,5.51,5.56,5.45,5.52,3078163,22159932.00
2010/12/02,5.57,5.62,5.52,5.52,3449367,25116948.00
2010/12/03,5.59,5.96,5.53,5.86,10862402,82308152.00
2010/12/06,5.96,5.96,5.68,5.81,6064997,45977548.00
2010/12/07,5.78,5.79,5.56,5.76,4242136,31418214.00
2010/12/08,5.73,5.85,5.70,5.71,3463880,26146960.00
2010/12/09,5.69,6.03,5.64,5.97,10132713,77476224.00
2010/12/10,5.89,5.98,5.83,5.95,6428648,49703432.00
2010/12/13,5.99,6.11,5.92,6.00,7736814,60640272.00
2010/12/14,5.97,6.08,5.94,6.04,6505152,51013664.00
2010/12/15,6.05,6.20,5.96,6.12,8370676,66921448.00
2010/12/16,6.09,6.36,6.07,6.24,9102841,74429632.00
2010/12/17,6.21,6.28,6.12,6.19,5022033,40529648.00
2010/12/20,6.16,6.26,5.89,6.06,6628037,52609120.00
2010/12/21,6.06,6.66,6.06,6.51,20448165,174933728.00
2010/12/22,6.38,6.52,6.23,6.28,9640249,80031936.00
2010/12/23,6.28,6.31,6.09,6.10,5194069,41962568.00
2010/12/24,6.11,6.47,6.11,6.42,10252139,85160512.00
2010/12/28,6.19,6.27,5.95,6.08,7817275,62489012.00
2010/12/29,6.09,6.18,5.97,6.10,3583433,28439190.00
2010/12/30,6.10,6.33,6.06,6.19,4623043,37651336.00
2010/12/31,6.24,6.55,6.21,6.50,8922974,75387800.00
2011/01/04,6.50,6.61,6.36,6.50,7432217,63217292.00
2011/01/05,6.52,6.62,6.38,6.57,6957660,58987032.00
2011/01/06,6.57,6.59,6.39,6.44,3777907,31954216.00
2011/01/07,6.43,6.52,6.34,6.39,4483676,37619112.00
2011/01/10,6.40,6.79,6.39,6.64,15338551,133118728.00
2011/01/11,6.57,6.81,6.52,6.79,10233396,89454104.00
2011/01/12,6.72,6.87,6.64,6.82,11053249,97911544.00
2011/01/13,6.79,7.12,6.75,7.08,11827078,107456928.00
2011/01/14,7.05,7.42,6.91,7.32,22331633,211627008.00
2011/01/17,7.26,7.55,7.06,7.35,19421664,185311904.00
2011/01/18,7.26,7.36,6.96,7.25,12157328,113536656.00
2011/01/19,7.22,7.52,7.01,7.36,11913858,113042912.00
2011/01/21,7.13,7.28,6.96,7.13,11436545,105944720.00
2011/01/24,7.09,7.63,7.03,7.58,16383316,158809440.00
2011/01/25,7.74,7.92,6.83,6.89,18437520,176953952.00
2011/01/26,6.82,7.06,6.59,7.04,8992811,80450728.00
2011/01/27,6.86,6.99,6.70,6.90,9486553,85190704.00
2011/01/28,6.86,7.45,6.79,7.28,10254770,95174624.00
2011/01/31,7.36,7.72,7.29,7.63,11749983,115266024.00
2011/02/01,7.65,7.75,7.51,7.66,8167115,81574624.00
2011/02/09,7.47,7.66,7.36,7.57,6601253,64818596.00
2011/02/10,7.55,8.12,7.45,8.09,15910835,164960064.00
2011/02/11,8.00,8.43,7.93,8.11,25186264,269761344.00
2011/02/14,8.10,8.10,7.82,7.89,17188504,177205200.00
2011/02/15,7.87,8.04,7.74,7.97,21848385,224465392.00
2011/02/16,7.93,8.03,7.82,7.96,10922672,112803400.00
2011/02/17,8.06,8.12,7.83,8.06,12762468,132625424.00
2011/02/18,8.06,8.17,7.90,7.94,11515733,120773280.00
2011/02/21,7.82,7.87,7.59,7.82,15604199,157431744.00
2011/02/22,7.82,7.82,7.49,7.51,11888758,118238376.00
2011/02/23,7.47,7.82,7.38,7.72,11179560,111165888.00
2011/02/24,7.75,7.77,7.52,7.66,7647160,76461432.00
2011/02/25,7.61,7.69,7.53,7.59,5243184,52010924.00
2011/02/28,7.61,7.79,7.47,7.73,9313527,93058352.00
2011/03/01,7.76,7.76,7.62,7.66,6558765,65756712.00
2011/03/02,7.66,7.66,7.42,7.48,7251764,71097968.00
2011/03/03,7.49,7.62,7.44,7.50,4846860,47555520.00
2011/03/04,7.50,7.61,7.42,7.56,5230417,51397656.00
2011/03/07,7.57,7.64,7.36,7.42,12688434,123379744.00
2011/03/08,7.44,7.46,7.19,7.28,9419699,89654376.00
2011/03/09,7.26,7.39,7.12,7.35,10302120,97699632.00
2011/03/10,7.30,7.66,7.29,7.55,15618126,153610960.00
2011/03/11,7.55,7.79,7.42,7.60,13316844,132680152.00
2011/03/14,7.51,7.62,7.47,7.54,6405804,62972472.00
2011/03/15,7.52,7.52,7.09,7.27,8486019,80244720.00
2011/03/16,7.24,7.36,7.20,7.29,4553813,43293128.00
2011/03/17,7.25,7.31,7.03,7.08,6434761,60126896.00
2011/03/18,7.12,7.29,7.11,7.16,4540390,42548312.00
2011/03/21,7.16,7.30,7.11,7.20,4782475,44956588.00
2011/03/22,7.21,7.27,7.05,7.12,3563970,33185856.00
2011/03/23,7.12,7.26,7.09,7.16,5988346,56137704.00
2011/03/24,7.16,7.21,7.12,7.16,4782064,44610692.00
2011/03/25,7.17,7.33,7.17,7.29,6804377,64459180.00
2011/03/28,7.36,7.40,7.24,7.29,5681810,54260388.00
2011/03/29,7.32,7.59,7.28,7.54,12112710,118543600.00
2011/03/30,7.51,7.54,7.36,7.43,7223451,70154136.00
2011/03/31,7.43,7.52,7.36,7.47,5474175,53127200.00
2011/04/01,7.42,7.76,7.42,7.69,11553896,114972080.00
2011/04/06,7.69,7.87,7.57,7.65,10161492,102378624.00
2011/04/07,7.66,7.74,7.52,7.72,6594344,65555068.00
2011/04/08,7.73,7.77,7.61,7.62,5561576,55627736.00
2011/04/11,7.60,7.66,7.43,7.46,6234507,61106432.00
2011/04/12,7.43,7.49,7.39,7.49,4572682,44384640.00
2011/04/13,7.46,7.59,7.43,7.55,4083542,40073104.00
2011/04/14,7.56,7.56,7.46,7.51,3108106,30440480.00
2011/04/15,7.51,7.74,7.48,7.72,8851806,88146728.00
2011/04/18,7.69,7.86,7.62,7.66,10432488,105432272.00
2011/04/19,7.66,7.74,7.55,7.60,6255862,62304008.00
2011/04/20,7.62,7.70,7.52,7.61,5140109,51034588.00
2011/04/21,7.65,8.12,7.65,7.86,13525606,139505088.00
2011/04/22,7.85,7.85,7.65,7.66,7587256,76330704.00
2011/04/25,7.63,7.66,7.17,7.20,9498784,91245280.00
2011/04/26,7.14,7.19,6.92,6.98,6322956,58049520.00
2011/04/27,7.05,7.09,6.82,6.92,4066047,37056652.00
2011/04/28,6.94,7.00,6.80,6.81,3184000,28692668.00
2011/04/29,6.87,6.92,6.66,6.89,2939615,26167164.00
2011/05/03,6.90,7.00,6.86,6.97,2197491,19946922.00
2011/05/04,6.96,7.02,6.86,6.90,2852168,25890520.00
2011/05/05,6.89,6.97,6.82,6.93,1872997,16945692.00
2011/05/06,6.89,6.97,6.80,6.97,2372597,21288242.00
2011/05/09,6.96,7.01,6.91,6.97,2447670,22251132.00
2011/05/10,6.97,7.14,6.93,7.10,3269221,30164004.00
2011/05/11,7.12,7.17,7.04,7.10,2788628,25880020.00
2011/05/12,7.05,7.12,6.98,6.99,2231937,20582924.00
2011/05/13,6.98,7.05,6.86,6.97,2912370,26464588.00
2011/05/16,6.96,7.02,6.94,6.98,1959466,17864870.00
2011/05/17,6.95,7.06,6.93,6.96,2840610,25946806.00
2011/05/18,6.92,6.99,6.82,6.95,2946061,26614772.00
2011/05/20,6.95,6.98,6.86,6.92,2094289,18880100.00
2011/05/23,6.91,6.91,6.45,6.51,3281419,28650762.00
2011/05/24,6.51,6.51,6.28,6.42,2515806,20993296.00
2011/05/25,6.42,6.48,6.32,6.34,1636464,13695874.00
2011/05/26,6.36,6.45,6.34,6.39,1737401,14483163.00
2011/05/27,6.43,6.51,6.28,6.28,2505012,20964000.00
2011/05/30,6.13,6.26,6.07,6.11,1492548,12007816.00
2011/05/31,6.11,6.26,6.10,6.26,1128735,9122696.00
2011/06/01,6.26,6.36,6.24,6.34,1841564,15175472.00
2011/06/02,6.28,6.28,6.16,6.21,2307530,18744200.00
2011/06/03,6.14,6.31,6.12,6.26,1064431,6698198.00
2011/06/07,6.13,6.34,6.13,6.33,1874608,11764678.00
2011/06/08,6.28,6.36,6.23,6.32,1288372,8148632.00
2011/06/09,6.33,6.33,6.15,6.18,2397156,14993939.00
2011/06/10,6.15,6.27,6.10,6.22,1817260,11317497.00
2011/06/13,6.22,6.22,6.09,6.12,2139319,13164353.00
2011/06/14,6.13,6.26,6.10,6.23,2089500,13026439.00
2011/06/15,6.19,6.24,6.13,6.17,1938799,12027371.00
2011/06/16,6.10,6.16,6.01,6.09,2263362,13816831.00
2011/06/17,6.05,6.08,5.88,5.89,2731891,16398855.00
2011/06/20,5.86,5.96,5.56,5.66,4047754,23272524.00
2011/06/21,5.71,5.81,5.67,5.76,2042802,11773147.00
2011/06/22,5.80,5.91,5.75,5.79,2316741,13556407.00
2011/06/23,5.79,5.93,5.70,5.88,2538563,14857584.00
2011/06/24,5.90,6.06,5.83,6.06,4258098,25618540.00
2011/06/27,6.04,6.12,5.97,6.11,4677629,28498596.00
2011/06/28,6.08,6.19,6.02,6.14,3589839,22031568.00
2011/06/29,6.14,6.14,5.99,6.10,3852593,23416628.00
2011/06/30,6.08,6.18,6.04,6.14,4866697,29974960.00
2011/07/01,6.10,6.39,6.09,6.27,6380829,40178880.00
2011/07/04,6.30,6.37,6.25,6.35,3721132,23646756.00
2011/07/05,6.34,6.42,6.29,6.34,3312385,21160052.00
2011/07/06,6.32,6.44,6.29,6.36,4339796,27780190.00
2011/07/07,6.37,6.42,6.30,6.40,4962523,31699566.00
2011/07/08,6.47,7.02,6.47,6.62,9734822,65425788.00
2011/07/11,6.52,6.74,6.32,6.71,4482382,29471062.00
2011/07/12,6.58,6.72,6.54,6.56,3908171,25989852.00
2011/07/13,6.56,6.67,6.53,6.63,3564062,23687186.00
2011/07/14,6.63,6.67,6.50,6.57,4379455,28943968.00
2011/07/15,6.57,6.57,6.37,6.41,4898635,31670508.00
2011/07/18,6.42,6.55,6.38,6.46,3306169,21474498.00
2011/07/19,6.44,6.51,6.35,6.48,3120920,20101642.00
2011/07/21,6.48,6.48,6.35,6.39,2328135,14944834.00
2011/07/22,6.49,6.54,6.37,6.40,2793029,18021496.00
2011/07/25,6.39,6.39,5.97,6.00,3952381,24319724.00
2011/07/26,6.00,6.00,5.87,5.92,2726795,16186125.00
2011/07/27,5.92,5.99,5.77,5.96,2082959,12408862.00
2011/07/28,5.90,6.02,5.83,6.02,2228288,13239745.00
2011/07/29,6.01,6.05,5.84,5.92,2350781,14013162.00
2011/08/01,5.92,6.08,5.88,6.06,2988488,18083732.00
2011/08/02,6.04,6.16,5.92,6.13,4823827,29356282.00
2011/08/03,6.09,6.18,6.05,6.06,2745141,16827740.00
2011/08/04,6.07,6.13,6.02,6.06,1888453,11524481.00
2011/08/05,5.87,5.91,5.79,5.88,2246824,13234530.00
2011/08/08,5.85,5.85,5.30,5.46,3629898,20266820.00
2011/08/09,5.35,5.46,5.12,5.35,3430851,18234812.00
2011/08/10,5.47,5.61,5.41,5.45,3117523,17184988.00
2011/08/11,5.32,5.57,5.27,5.54,3030200,16692545.00
2011/08/12,5.58,5.77,5.57,5.70,3981682,22800656.00
2011/08/15,5.70,5.91,5.65,5.84,3659363,21355628.00
2011/08/16,5.86,5.94,5.75,5.91,4885150,28798356.00
2011/08/17,5.90,6.27,5.81,6.16,11546545,70596008.00
2011/08/18,6.04,6.18,5.95,5.95,7372893,45127864.00
2011/08/19,5.81,5.83,5.61,5.70,3766894,21661562.00
2011/08/22,5.70,5.79,5.65,5.67,1521279,8734759.00
2011/08/23,5.67,5.81,5.67,5.80,1718150,9923815.00
2011/08/24,5.80,6.00,5.80,5.98,3893746,23149412.00
2011/08/25,5.86,6.07,5.86,6.04,3368556,20313576.00
2011/08/26,5.99,6.29,5.98,6.23,7325775,45389596.00
2011/08/29,6.18,6.47,6.08,6.25,12698151,80016792.00
2011/08/30,6.24,6.27,6.06,6.10,4064597,25282366.00
2011/08/31,6.05,6.25,6.05,6.14,2666954,16456900.00
2011/09/01,6.15,6.24,6.09,6.12,3121598,19365376.00
2011/09/02,6.07,6.30,5.94,6.27,6671716,41227536.00
2011/09/05,6.25,6.35,5.97,6.05,10743096,67033976.00
2011/09/06,5.95,6.02,5.70,5.84,4246835,25009368.00
2011/09/07,5.86,5.99,5.79,5.97,2314031,13741664.00
2011/09/08,6.01,6.05,5.84,5.85,2380227,14213021.00
2011/09/13,5.69,5.77,5.60,5.68,2018157,11491489.00
2011/09/14,5.70,5.84,5.62,5.82,1844326,10624320.00
2011/09/15,5.82,5.88,5.74,5.74,1565389,9148311.00
2011/09/16,5.80,5.86,5.74,5.75,1189025,6907251.00
2011/09/19,5.74,5.74,5.55,5.56,1710070,9635921.00
2011/09/20,5.56,5.69,5.54,5.62,1110076,6252904.00
2011/09/21,5.63,5.80,5.60,5.78,1596011,9217429.00
2011/09/22,5.73,5.82,5.60,5.61,1786836,10298508.00
2011/09/23,5.48,5.75,5.47,5.75,2325673,13153523.00
2011/09/26,5.70,5.78,5.57,5.59,1290460,7360110.00
2011/09/27,5.63,5.74,5.58,5.67,1522875,8663759.00
2011/09/28,5.73,5.75,5.53,5.55,1461251,8317912.00
2011/09/29,5.51,5.52,5.34,5.35,1596219,8708787.00
2011/09/30,5.37,5.42,5.33,5.35,999461,5392832.00
2011/10/10,5.38,5.42,5.27,5.30,824793,4422370.00
2011/10/11,5.42,5.47,5.26,5.32,1350970,7276464.00
2011/10/12,5.29,5.50,5.25,5.47,1536090,8360749.00
2011/10/13,5.47,5.60,5.45,5.52,1348180,7488530.00
2011/10/14,5.49,5.56,5.46,5.49,1181105,6537107.00
2011/10/17,5.50,5.55,5.46,5.47,751152,4145594.00
2011/10/18,5.43,5.87,5.37,5.72,5702055,31929028.00
2011/10/19,5.66,5.77,5.60,5.62,5685459,32442096.00
2011/10/20,5.56,5.56,5.35,5.37,2034554,11060521.00
2011/10/21,5.33,5.42,5.25,5.26,1043410,5592086.00
2011/10/24,5.26,5.43,5.20,5.41,1543773,8273499.00
2011/10/25,5.40,5.55,5.36,5.51,1818837,10000506.00
2011/10/26,5.43,5.59,5.40,5.47,1948367,10809053.00
2011/10/27,5.48,5.55,5.43,5.46,1595643,8780115.00
2011/10/28,5.51,5.62,5.51,5.57,2669778,14926272.00
2011/10/31,5.56,5.64,5.54,5.60,2195664,12371155.00
2011/11/01,5.53,5.64,5.53,5.58,1641433,9216201.00
2011/11/02,5.40,5.59,5.40,5.59,2576129,14265057.00
2011/11/03,5.59,5.72,5.58,5.70,4792059,27309086.00
2011/11/04,5.70,5.88,5.66,5.79,6004185,34851848.00
2011/11/07,5.77,5.79,5.64,5.70,3707714,21328316.00
2011/11/08,5.69,5.92,5.69,5.89,7001173,40912192.00
2011/11/09,5.87,5.95,5.81,5.94,4924534,29151066.00
2011/11/10,5.87,5.93,5.72,5.78,6348064,37237144.00
2011/11/11,5.82,5.84,5.71,5.76,2301386,13359000.00
2011/11/14,5.77,5.93,5.72,5.85,3829767,22355168.00
2011/11/15,5.82,5.89,5.80,5.84,4169156,24537820.00
2011/11/16,5.81,5.83,5.61,5.63,3786190,21702088.00
2011/11/17,5.63,5.71,5.60,5.63,1392198,7884413.00
2011/11/18,5.62,5.62,5.35,5.37,2658248,14600526.00
2011/11/21,5.41,5.55,5.40,5.53,2514960,13826104.00
2011/11/22,5.51,5.72,5.42,5.61,6371686,35782060.00
2011/11/23,5.60,5.70,5.48,5.66,3985480,22452404.00
2011/11/24,5.61,5.79,5.53,5.78,4316152,24692468.00
2011/11/25,5.72,5.86,5.67,5.70,8500137,49057876.00
2011/11/28,5.71,5.72,5.45,5.48,4211340,23345636.00
2011/11/29,5.52,5.55,5.41,5.50,2475853,13627044.00
2011/11/30,5.47,5.48,5.14,5.21,2493712,13328075.00
2011/12/01,5.37,5.44,5.28,5.28,1952824,10528211.00
2011/12/02,5.23,5.31,5.20,5.30,1156246,6110185.00
2011/12/05,5.33,5.33,5.18,5.19,801898,4214623.00
2011/12/06,5.19,5.23,5.13,5.16,795869,4140202.00
2011/12/07,5.16,5.21,5.13,5.17,655657,3408470.00
2011/12/08,5.17,5.17,4.99,5.09,1711739,8731892.00
2011/12/09,5.05,5.13,5.04,5.08,866396,4424771.00
2011/12/12,5.06,5.10,5.00,5.00,682805,3456717.00
2011/12/13,4.97,4.97,4.75,4.79,1897181,9279545.00
2011/12/14,4.79,4.85,4.78,4.79,1049509,5067764.00
2011/12/15,4.79,4.79,4.56,4.57,1619794,7590395.00
2011/12/16,4.50,4.67,4.50,4.67,1355700,6257675.00
2011/12/19,4.65,4.65,4.47,4.61,1320556,6063937.00
2011/12/20,4.64,4.69,4.57,4.58,993621,4635084.00
2011/12/21,4.61,4.66,4.42,4.43,969926,4433088.00
2011/12/22,4.38,4.40,4.19,4.23,1725267,7396713.00
2011/12/23,4.27,4.34,4.20,4.27,1039883,4473497.00
2011/12/26,4.24,4.32,4.23,4.27,742064,3203559.00
2011/12/27,4.30,4.30,4.19,4.22,712558,3036781.00
2011/12/28,4.18,4.25,4.07,4.23,807476,3378285.00
2011/12/29,4.23,4.27,4.19,4.22,732326,3117390.00
2011/12/30,4.23,4.28,4.22,4.25,761062,3258566.00
2012/01/04,4.27,4.32,4.18,4.18,512400,2193022.00
2012/01/05,4.17,4.21,4.03,4.04,824643,3417896.00
2012/01/06,4.07,4.07,3.90,4.01,1502773,5966137.00
2012/01/09,4.02,4.19,3.99,4.17,1017142,4209335.00
2012/01/10,4.16,4.39,4.16,4.35,2292661,9928981.00
2012/01/11,4.35,4.37,4.27,4.32,1330564,5789729.00
2012/01/12,4.32,4.42,4.28,4.32,1248862,5463948.00
2012/01/13,4.34,4.48,4.13,4.46,2402563,10423440.00
2012/01/16,4.37,4.42,4.27,4.38,1768642,7769401.00
2012/01/18,4.55,4.64,4.36,4.37,2518912,11450111.00
2012/01/19,4.32,4.48,4.27,4.43,1416474,6296035.00
2012/01/20,4.43,4.59,4.38,4.52,1894670,8564216.00
2012/01/30,4.48,4.89,4.43,4.81,6601321,30935172.00
2012/01/31,4.73,4.82,4.63,4.65,6679952,31717072.00
2012/02/01,4.65,4.68,4.54,4.57,1562058,7221473.00
2012/02/02,4.54,5.03,4.53,4.81,2795333,13331677.00
2012/02/03,4.76,4.84,4.73,4.80,2185010,10540952.00
2012/02/06,4.81,4.92,4.76,4.84,5427799,26367516.00
2012/02/07,4.83,4.83,4.62,4.70,2363353,11141010.00
2012/02/08,4.65,4.81,4.65,4.77,1712259,8170459.00
2012/02/09,4.75,4.82,4.74,4.75,1842467,8875672.00
2012/02/10,4.77,4.82,4.74,4.78,2229294,10738381.00
2012/02/13,4.73,4.82,4.69,4.76,2297343,11021695.00
2012/02/14,4.76,4.85,4.74,4.77,2565630,12394727.00
2012/02/15,4.77,4.86,4.73,4.85,3942251,19094462.00
2012/02/16,4.86,4.94,4.80,4.86,2916590,14262640.00
2012/02/17,4.87,4.90,4.76,4.82,1625217,7870810.00
2012/02/20,4.86,4.90,4.77,4.79,2726195,13298127.00
2012/02/21,4.75,4.82,4.74,4.82,1667177,8029052.00
2012/02/22,4.82,4.95,4.81,4.94,3829261,18832418.00
2012/02/23,4.91,4.93,4.85,4.89,3020194,14877187.00
2012/02/24,4.90,5.07,4.88,5.03,5896271,29605800.00
2012/02/27,5.05,5.08,5.00,5.01,4977459,25217952.00
2012/02/28,4.98,5.01,4.86,4.92,3342522,16526664.00
2012/02/29,4.88,5.07,4.86,4.96,4365443,21774048.00
2012/03/01,4.98,5.02,4.92,4.95,1607453,8021688.00
2012/03/02,4.94,5.09,4.92,5.08,4176430,21151300.00
2012/03/05,5.08,5.14,5.06,5.13,4752142,24394092.00
2012/03/06,5.13,5.15,5.02,5.13,6063276,31152420.00
2012/03/07,5.10,5.38,5.03,5.10,7613855,39654180.00
2012/03/08,5.08,5.12,5.05,5.08,4476677,22854928.00
2012/03/09,5.08,5.11,5.05,5.10,2545248,13006420.00
2012/03/12,5.11,5.12,5.01,5.05,2686016,13663991.00
2012/03/13,5.05,5.08,5.01,5.07,2132053,10827025.00
2012/03/14,5.07,5.11,4.73,4.76,4952888,24704608.00
2012/03/15,4.76,4.82,4.57,4.58,2983882,14005490.00
2012/03/16,4.61,4.68,4.57,4.68,2110150,9849999.00
2012/03/19,4.67,4.72,4.62,4.71,2597202,12230522.00
2012/03/20,4.67,4.71,4.62,4.63,1659899,7794206.00
2012/03/21,4.64,4.69,4.54,4.61,2251678,10411892.00
2012/03/22,4.61,4.68,4.59,4.62,1502398,7016893.00
2012/03/23,4.63,4.63,4.49,4.50,1809002,8296515.00
2012/03/26,4.50,4.54,4.46,4.49,1178603,5326478.00
2012/03/27,4.52,4.54,4.43,4.45,1096090,4943078.00
2012/03/28,4.47,4.47,4.24,4.27,2525482,11043455.00
2012/03/29,4.26,4.26,4.11,4.18,1921497,8135545.00
2012/03/30,4.18,4.22,4.15,4.18,1410227,5951069.00
2012/04/05,4.21,4.28,4.17,4.28,1483175,6337474.00
2012/04/06,4.28,4.53,4.26,4.40,2697008,11945427.00
2012/04/09,4.40,4.43,4.32,4.34,1311285,5783442.00
2012/04/10,4.34,4.39,4.20,4.38,2742258,11861784.00
2012/04/11,4.36,4.48,4.32,4.42,2586110,11485849.00
2012/04/12,4.45,4.52,4.41,4.50,2728240,12296248.00
2012/04/16,4.49,4.76,4.45,4.67,4392672,20462268.00
2012/04/17,4.66,4.72,4.50,4.52,3474708,16105349.00
2012/04/18,4.54,4.68,4.48,4.64,3021323,14019566.00
2012/04/19,4.62,4.81,4.58,4.66,4070703,19233816.00
2012/04/20,4.65,4.87,4.61,4.77,3651419,17455800.00
2012/04/24,4.69,4.91,4.55,4.81,6034742,28880004.00
2012/04/25,5.27,5.29,5.26,5.29,10410676,55352856.00
2012/04/26,5.65,5.77,5.21,5.22,25749098,142364592.00
2012/04/27,4.97,5.14,4.78,4.91,11143484,55941588.00
2012/05/02,4.98,5.01,4.80,4.94,6243757,30798810.00
2012/05/03,4.89,4.94,4.83,4.88,3208009,15765224.00
2012/05/04,4.85,4.93,4.85,4.90,3094983,15207546.00
2012/05/07,4.87,5.07,4.85,5.02,5647030,28267648.00
2012/05/08,4.99,5.15,4.98,5.07,7104543,36334944.00
2012/05/09,5.05,5.17,4.98,5.02,5777342,29445352.00
2012/05/10,5.01,5.07,4.93,4.95,2974293,14961947.00
2012/05/11,4.95,5.01,4.83,4.83,2495227,12304874.00
2012/05/14,4.87,4.95,4.85,4.86,2941800,14525395.00
2012/05/15,4.81,4.87,4.77,4.84,2189026,10590239.00
2012/05/16,4.83,4.90,4.72,4.76,1920913,9317487.00
2012/05/17,4.76,4.88,4.75,4.85,2260250,10963333.00
2012/05/18,4.85,5.14,4.84,5.12,10843843,55013408.00
2012/05/21,5.10,5.23,5.02,5.15,11092407,57318960.00
2012/05/22,5.20,5.20,5.00,5.08,6386158,32540296.00
2012/05/23,5.09,5.27,5.08,5.18,8055172,41922284.00
2012/05/24,5.18,5.20,5.01,5.03,4133116,21104076.00
2012/05/28,4.99,5.05,4.80,5.03,3168353,15716076.00
2012/05/29,5.00,5.33,4.97,5.32,9905193,51814072.00
2012/05/30,5.27,5.42,5.23,5.25,7209921,38387804.00
2012/05/31,5.15,5.25,5.06,5.18,4232073,22060996.00
2012/06/01,5.18,5.47,5.13,5.27,6822145,36587716.00
2012/06/04,5.21,5.21,4.89,4.93,5243750,26713072.00
2012/06/05,4.99,5.01,4.91,4.99,3836713,19123116.00
2012/06/06,4.97,5.01,4.83,4.91,2373912,11753962.00
2012/06/07,4.96,5.01,4.85,4.88,2711272,13494001.00
2012/06/08,4.97,5.02,4.80,4.87,3042590,15007794.00
2012/06/11,4.87,4.99,4.82,4.96,1693314,8356696.00
2012/06/12,4.92,4.96,4.84,4.88,1902874,9346481.00
2012/06/13,4.91,5.01,4.88,5.01,2929663,14665513.00
2012/06/14,4.99,5.02,4.95,4.96,1734521,8700465.00
2012/06/15,4.94,5.01,4.82,4.92,2231450,10999305.00
2012/06/18,4.93,4.97,4.91,4.93,1514548,7525810.00
2012/06/19,4.94,4.96,4.81,4.82,3599128,17601380.00
2012/06/21,4.83,4.90,4.55,4.58,4498141,21159116.00
2012/06/25,4.58,4.59,4.43,4.47,1918129,8674941.00
2012/06/26,4.45,4.52,4.42,4.48,1738803,7836415.00
2012/06/27,4.49,4.53,4.46,4.47,1160659,5250838.00
2012/06/28,4.51,4.52,4.34,4.34,1693896,7524112.00
2012/06/29,4.37,4.45,4.28,4.42,1376262,6055548.00
2012/07/02,4.47,4.49,4.41,4.45,1420260,6373026.00
2012/07/03,4.46,4.54,4.42,4.50,1475930,6675394.00
2012/07/04,4.47,4.52,4.40,4.42,2289568,10211919.00
2012/07/05,4.43,4.44,4.31,4.35,1571990,6900973.00
2012/07/06,4.39,4.47,4.35,4.45,1539781,6840578.00
2012/07/09,4.42,4.44,4.29,4.32,1452038,6375619.00
2012/07/10,4.32,4.42,4.27,4.32,1283699,5587382.00
2012/07/11,4.34,4.37,4.29,4.33,836780,3645549.00
2012/07/12,4.33,4.36,4.23,4.35,1974728,8543140.00
2012/07/13,4.31,4.35,4.27,4.28,1084991,4715093.00
2012/07/16,4.31,4.31,4.04,4.04,1865651,7795518.00
2012/07/17,4.09,4.21,4.08,4.19,1430229,5976835.00
2012/07/18,4.19,4.28,4.10,4.26,2129740,8980516.00
2012/07/19,4.24,4.33,4.22,4.26,1570919,6780466.00
2012/07/20,4.25,4.32,4.24,4.27,748110,3223484.00
2012/07/23,4.26,4.26,4.15,4.19,871510,3674822.00
2012/07/24,4.21,4.28,4.17,4.25,837583,3557441.00
2012/07/25,4.23,4.61,4.21,4.41,4523961,20121076.00
2012/07/26,4.27,4.41,4.26,4.30,2404423,10462131.00
2012/07/27,4.31,4.33,4.24,4.25,1069350,4609258.00
2012/07/30,4.24,4.27,4.07,4.08,1089655,4546943.00
2012/07/31,4.07,4.12,3.99,4.04,812459,3314513.00
2012/08/01,4.07,4.14,4.05,4.09,905182,3736952.00
2012/08/02,4.07,4.17,4.07,4.08,936963,3876707.00
2012/08/03,4.10,4.15,4.07,4.15,959701,3976608.00
2012/08/06,4.20,4.32,4.19,4.31,2886652,12453099.00
2012/08/07,4.29,4.34,4.28,4.32,1889441,8200910.00
2012/08/08,4.33,4.35,4.27,4.30,1059450,4595364.00
2012/08/09,4.29,4.56,4.26,4.42,4163981,18586978.00
2012/08/10,4.40,4.49,4.34,4.38,2551802,11329722.00
2012/08/13,4.37,4.45,4.28,4.29,1673331,7344288.00
2012/08/14,4.27,4.57,4.18,4.45,4167415,18386580.00
2012/08/15,4.90,4.90,4.90,4.90,4440524,21891784.00
2012/08/16,5.27,5.27,4.74,4.85,30844735,157083136.00
2012/08/17,4.57,4.67,4.47,4.59,16295831,74747400.00
2012/08/20,4.53,4.67,4.45,4.54,7373550,33650200.00
2012/08/21,4.47,4.62,4.45,4.55,7044396,32144806.00
2012/08/22,4.51,4.52,4.38,4.40,6205194,27767440.00
2012/08/23,4.40,4.45,4.37,4.43,4397372,19538860.00
2012/08/24,4.37,4.40,4.19,4.21,5962819,25704174.00
2012/08/27,4.20,4.21,4.14,4.15,2937987,12328993.00
2012/08/28,4.13,4.24,4.13,4.19,2205501,9276659.00
2012/08/29,4.20,4.20,4.12,4.13,2510391,10531158.00
2012/08/30,4.13,4.16,4.04,4.11,2635488,10878540.00
2012/08/31,4.09,4.16,4.08,4.14,1207200,5021333.00
2012/09/03,4.14,4.22,4.13,4.21,1918021,8104787.00
2012/09/04,4.21,4.31,4.18,4.23,3608044,15406764.00
2012/09/05,4.29,4.30,4.21,4.27,2930184,12540107.00
2012/09/06,4.26,4.46,4.23,4.44,6221063,27224428.00
2012/09/07,4.42,4.56,4.35,4.51,8789418,39610384.00
2012/09/10,4.46,4.54,4.43,4.45,4758384,21435512.00
2012/09/11,4.45,4.46,4.34,4.39,3259500,14353389.00
2012/09/12,4.40,4.44,4.37,4.43,3191584,14164986.00
2012/09/13,4.43,4.43,4.28,4.31,4013590,17679128.00
2012/09/14,4.34,4.36,4.27,4.31,2446135,10639399.00
2012/09/17,4.32,4.33,4.15,4.16,2219619,9419368.00
2012/09/18,4.15,4.20,4.13,4.17,877563,3683024.00
2012/09/19,4.17,4.23,4.17,4.21,1146378,4845093.00
2012/09/20,4.19,4.20,4.07,4.08,1699291,7061662.00
2012/09/21,4.08,4.14,4.08,4.13,1260381,5220534.00
2012/09/24,4.12,4.28,4.05,4.22,2494094,10487736.00
2012/09/25,4.19,4.37,4.17,4.23,3363085,14492953.00
2012/09/26,4.32,4.50,4.20,4.21,6591162,28885964.00
2012/09/27,4.10,4.28,4.09,4.23,3819672,16081333.00
2012/09/28,4.19,4.27,4.17,4.25,2818092,12012525.00
2012/10/08,4.25,4.29,4.18,4.21,2017771,8584747.00
2012/10/09,4.23,4.31,4.13,4.30,3618490,15438005.00
2012/10/10,4.28,4.40,4.26,4.37,3547659,15465979.00
2012/10/11,4.36,4.37,4.27,4.29,2252970,9798554.00
2012/10/12,4.28,4.33,4.23,4.31,1800923,7781074.00
2012/10/15,4.34,4.35,4.25,4.30,1667778,7218418.00
2012/10/16,4.30,4.38,4.27,4.31,2575293,11232574.00
2012/10/17,4.31,4.35,4.21,4.25,2562442,11000623.00
2012/10/18,4.26,4.34,4.23,4.32,3248255,14069599.00
2012/10/19,4.32,4.39,4.31,4.35,3420716,14984731.00
2012/10/22,4.32,4.36,4.28,4.35,2792419,12136739.00
2012/10/23,4.36,4.45,4.33,4.36,4004292,17699116.00
2012/10/24,4.33,4.44,4.31,4.41,3338008,14719256.00
2012/10/25,4.41,4.46,4.31,4.32,3691832,16320974.00
2012/10/26,4.31,4.34,4.20,4.31,3391201,14577782.00
2012/10/29,4.28,4.30,4.21,4.23,1648380,7049562.00
2012/10/30,4.20,4.40,4.18,4.28,2577813,11160024.00
2012/10/31,4.26,4.28,4.20,4.23,1906944,8117216.00
2012/11/01,4.25,4.39,4.23,4.34,4164949,18170504.00
2012/11/02,4.35,4.48,4.33,4.45,6904377,30718526.00
2012/11/05,4.42,4.45,4.37,4.38,2921400,12934147.00
2012/11/06,4.38,4.60,4.28,4.55,10586279,47801688.00
2012/11/07,4.46,4.50,4.42,4.45,6277828,28163820.00
2012/11/08,4.40,4.43,4.30,4.30,3316574,14544871.00
2012/11/09,4.28,4.33,4.25,4.28,1974421,8501963.00
2012/11/12,4.31,4.37,4.28,4.36,2169872,9440773.00
2012/11/13,4.34,4.36,4.21,4.21,2312548,9937224.00
2012/11/14,4.22,4.25,4.17,4.24,1711613,7265040.00
2012/11/15,4.23,4.34,4.18,4.22,2592511,11135449.00
2012/11/16,4.22,4.24,4.13,4.21,2548286,10708337.00
2012/11/19,4.19,4.28,4.15,4.27,2373996,10102936.00
2012/11/20,4.28,4.28,4.20,4.21,2002520,8545993.00
2012/11/21,4.23,4.27,4.17,4.26,2651180,11310836.00
2012/11/22,4.25,4.29,4.22,4.23,1454844,6228045.00
2012/11/23,4.24,4.27,4.21,4.23,839721,3588018.00
2012/11/26,4.23,4.25,4.17,4.20,1131887,4794173.00
2012/11/27,4.20,4.20,4.05,4.06,2047730,8447228.00
2012/11/28,4.06,4.07,3.96,3.99,1604692,6469015.00
2012/11/29,3.99,4.03,3.88,3.91,1414600,5658163.00
2012/11/30,3.89,4.00,3.88,3.99,1525786,6090430.00
2012/12/03,3.97,4.03,3.89,3.90,1612989,6427979.00
2012/12/04,3.90,3.98,3.87,3.96,1185762,4674648.00
2012/12/05,3.96,4.11,3.93,4.06,2646771,10821488.00
2012/12/06,4.07,4.15,4.06,4.13,2938850,12166544.00
2012/12/07,4.12,4.55,4.09,4.55,14488831,65020232.00
2012/12/10,4.65,4.65,4.41,4.47,15415825,70043592.00
2012/12/11,4.46,4.58,4.42,4.47,10485072,47597392.00
2012/12/12,4.44,4.87,4.37,4.67,17122450,79014856.00
2012/12/13,4.69,4.69,4.47,4.49,7329022,33673064.00
2012/12/14,4.47,4.64,4.46,4.60,9286808,42780416.00
2012/12/17,4.58,4.68,4.52,4.57,8558345,39556304.00
2012/12/18,4.57,4.62,4.51,4.54,5450534,25028032.00
2012/12/19,4.51,4.57,4.50,4.54,3974521,18146296.00
2012/12/20,4.52,4.53,4.34,4.42,5479417,24478508.00
2012/12/21,4.42,4.47,4.37,4.44,3130333,13941202.00
2012/12/24,4.44,4.47,4.40,4.46,2597329,11627593.00
2012/12/25,4.44,4.61,4.42,4.58,7337097,33651696.00
2012/12/26,4.57,4.64,4.54,4.58,7389638,34065408.00
2012/12/27,4.59,4.61,4.46,4.54,6021127,27446452.00
2012/12/28,4.52,4.65,4.52,4.64,7419683,34315076.00
2012/12/31,4.65,4.70,4.58,4.66,6522917,30518296.00
2013/01/04,4.68,4.71,4.53,4.59,5024296,23206654.00
2013/01/07,4.57,4.62,4.53,4.61,2899838,13381293.00
2013/01/08,4.61,4.81,4.56,4.68,7231839,34016832.00
2013/01/09,4.65,4.67,4.59,4.64,4682055,21806548.00
2013/01/10,4.65,4.71,4.60,4.64,4418207,20697192.00
2013/01/11,4.63,4.64,4.47,4.51,4217767,19375374.00
2013/01/14,4.47,4.62,4.46,4.60,3759465,17294792.00
2013/01/15,4.60,4.71,4.55,4.68,6988073,32621160.00
2013/01/16,4.70,4.82,4.65,4.72,9716810,46292904.00
2013/01/17,4.70,4.74,4.63,4.68,3690279,17345228.00
2013/01/18,4.68,4.86,4.67,4.82,10081404,48551400.00
2013/01/21,4.84,4.89,4.77,4.84,5557350,26936780.00
2013/01/22,4.84,4.86,4.67,4.73,5922929,28369176.00
2013/01/23,4.73,4.78,4.63,4.74,3341111,15815333.00
2013/01/24,4.73,4.80,4.57,4.58,6540759,30865160.00
2013/01/25,4.58,4.63,4.55,4.58,2134270,9859440.00
2013/01/28,4.55,4.71,4.55,4.70,3153602,14803520.00
2013/01/29,4.70,4.88,4.68,4.85,7256569,35049452.00
2013/01/30,4.86,4.86,4.72,4.81,3744137,18054738.00
2013/01/31,4.77,4.77,4.68,4.70,4856866,23037446.00
2013/02/01,4.69,4.74,4.69,4.71,3878543,18377360.00
2013/02/04,4.72,4.79,4.70,4.77,4016219,19114480.00
2013/02/05,4.79,4.90,4.75,4.83,7265304,35413072.00
2013/02/06,4.82,5.07,4.79,4.99,8805802,43543536.00
2013/02/07,4.96,4.97,4.85,4.88,5747682,28327046.00
2013/02/08,4.90,4.96,4.89,4.89,4127649,20411782.00
2013/02/18,4.90,4.92,4.82,4.89,3770977,18500468.00
2013/02/19,4.89,4.90,4.78,4.81,2687150,13070464.00
2013/02/20,4.82,4.92,4.78,4.91,2924703,14244640.00
2013/02/21,4.86,4.86,4.71,4.75,4367456,20994296.00
2013/02/22,4.76,4.78,4.72,4.73,2288341,10914670.00
2013/02/25,4.71,4.76,4.71,4.74,1775343,8454941.00
2013/02/26,4.73,4.75,4.62,4.65,2680899,12691487.00
2013/02/27,4.64,4.70,4.62,4.67,1716410,8036954.00
2013/02/28,4.69,4.75,4.62,4.75,3117545,14780874.00
2013/03/01,4.75,4.75,4.68,4.74,2620848,12443939.00
2013/03/04,4.65,4.65,4.40,4.43,5928431,27036494.00
2013/03/05,4.39,4.49,4.39,4.48,3294488,14751933.00
2013/03/06,4.48,4.54,4.47,4.50,2814659,12752587.00
2013/03/07,4.49,4.54,4.45,4.52,2920014,13253585.00
2013/03/08,4.52,4.53,4.48,4.49,1382444,6266135.00
2013/03/11,4.49,4.53,4.48,4.49,1717340,7779384.00
2013/03/12,4.49,4.53,4.35,4.39,3017341,13487705.00
2013/03/13,4.37,4.53,4.32,4.46,2611223,11611489.00
2013/03/14,4.42,4.50,4.42,4.44,1304026,5850927.00
2013/03/15,4.44,4.49,4.38,4.39,1567555,7001992.00
2013/03/18,4.42,4.48,4.38,4.39,1438526,6388058.00
2013/03/19,4.38,4.43,4.34,4.42,1259105,5572749.00
2013/03/20,4.42,4.49,4.38,4.49,2202207,9885212.00
2013/03/21,4.47,4.53,4.45,4.51,2309133,10455598.00
2013/03/22,4.51,4.51,4.45,4.48,1699925,7667481.00
2013/03/25,4.48,4.71,4.45,4.61,5256058,24084312.00
2013/03/26,4.54,4.57,4.47,4.52,3997201,18188744.00
2013/03/27,4.52,4.76,4.50,4.62,5844963,27267460.00
2013/03/28,4.53,4.78,4.49,4.73,10382602,48781656.00
2013/03/29,4.71,4.81,4.64,4.73,9570797,45607416.00
2013/04/01,4.70,4.85,4.67,4.82,9257839,44605380.00
2013/04/02,4.80,4.96,4.76,4.90,11963121,58572476.00
2013/04/03,4.87,4.90,4.68,4.71,7656362,36791560.00
2013/04/08,4.64,4.64,4.50,4.58,5295595,24336502.00
2013/04/09,4.57,4.64,4.56,4.63,3301885,15310631.00
2013/04/10,4.65,4.65,4.51,4.53,3136058,14377005.00
2013/04/11,4.52,4.57,4.50,4.54,1861650,8507886.00
2013/04/12,4.53,4.57,4.49,4.49,1408119,6427429.00
2013/04/15,4.47,4.50,4.43,4.47,2107717,9456466.00
2013/04/16,4.43,4.51,4.37,4.50,2010815,8984596.00
2013/04/17,4.55,4.71,4.53,4.59,4730559,21941842.00
2013/04/18,4.54,4.64,4.52,4.56,2844105,13074135.00
2013/04/19,4.53,4.65,4.53,4.61,3152240,14601399.00
2013/04/22,4.57,4.62,4.53,4.56,2210243,10143435.00
2013/04/23,4.55,4.63,4.52,4.62,3995943,18415228.00
2013/04/24,4.55,4.55,4.42,4.55,3718427,16831948.00
2013/04/25,4.51,4.52,4.37,4.39,2993147,13349268.00
2013/04/26,4.40,4.43,4.32,4.34,1936059,8515033.00
2013/05/02,4.33,4.41,4.31,4.40,1447460,6371351.00
2013/05/03,4.40,4.46,4.40,4.42,1303250,5816481.00
2013/05/06,4.45,4.51,4.41,4.47,1772401,7944578.00
2013/05/07,4.49,4.49,4.44,4.46,998291,4484328.00
2013/05/08,4.46,4.49,4.44,4.48,1322817,5940243.00
2013/05/09,4.47,4.47,4.35,4.38,1854772,8230130.00
2013/05/10,4.39,4.46,4.38,4.45,1654394,7344999.00
2013/05/13,4.44,4.44,4.38,4.43,1412591,6275270.00
2013/05/14,4.42,4.42,4.32,4.35,1513790,6645644.00
2013/05/15,4.35,4.39,4.31,4.38,1539498,6757012.00
2013/05/16,4.38,4.45,4.33,4.45,2127073,9427056.00
2013/05/17,4.45,4.55,4.45,4.51,3916314,17782778.00
2013/05/20,4.51,4.56,4.47,4.51,2804060,12753663.00
2013/05/21,4.50,4.57,4.50,4.57,2566118,11738546.00
2013/05/22,4.58,4.59,4.52,4.56,2808461,12883429.00
2013/05/23,4.56,4.57,4.49,4.50,3178585,14490097.00
2013/05/24,4.50,4.54,4.48,4.54,2799874,12724049.00
2013/05/27,4.54,4.56,4.50,4.55,2066039,9413761.00
2013/05/28,4.55,4.62,4.50,4.60,3046491,14008103.00
2013/05/29,4.59,4.65,4.58,4.61,2997825,13943225.00
2013/05/30,4.63,4.64,4.58,4.63,2797682,12968955.00
2013/05/31,4.64,4.67,4.58,4.61,2746342,12775498.00
2013/06/03,4.63,4.66,4.58,4.61,2883666,13437277.00
2013/06/04,4.61,4.62,4.48,4.50,2179442,9956887.00
2013/06/05,4.47,4.51,4.43,4.45,1679749,7549143.00
2013/06/06,4.46,4.81,4.43,4.62,10073291,47406920.00
2013/06/07,4.60,4.67,4.48,4.52,5495458,25408304.00
2013/06/13,4.47,4.47,4.30,4.35,3220354,14145181.00
2013/06/14,4.35,4.40,4.32,4.40,2301640,10111601.00
2013/06/17,4.40,4.42,4.33,4.36,1457108,6389992.00
2013/06/18,4.36,4.38,4.31,4.33,1906228,8316525.00
2013/06/19,4.33,4.33,4.17,4.25,1992297,8511748.00
2013/06/20,4.25,4.29,4.14,4.16,1414147,5995664.00
2013/06/21,4.14,4.21,4.10,4.17,1287728,5387600.00
2013/06/24,4.17,4.17,3.90,3.97,1743591,7096672.00
2013/06/25,3.93,4.00,3.58,3.83,2858147,10904523.00
2013/06/26,3.82,3.93,3.67,3.86,1468897,5633017.00
2013/06/27,4.07,4.25,3.99,4.02,10081731,42292644.00
2013/06/28,3.93,4.13,3.80,3.97,5521301,22018610.00
2013/07/01,3.95,3.95,3.81,3.93,3640124,14167599.00
2013/07/02,3.93,3.93,3.84,3.90,2328415,9114670.00
2013/07/03,3.88,3.89,3.75,3.81,2078148,8007014.00
2013/07/04,3.82,3.88,3.78,3.84,2168281,8398933.00
2013/07/05,3.85,3.91,3.83,3.86,2259147,8820284.00
2013/07/08,3.89,3.91,3.76,3.77,2972171,11443166.00
2013/07/09,3.73,3.80,3.67,3.76,1205244,4572306.00
2013/07/10,3.76,3.88,3.75,3.87,1775887,6851425.00
2013/07/11,3.90,4.01,3.85,3.97,3696742,14712423.00
2013/07/12,3.97,4.09,3.93,3.98,3322457,13407305.00
2013/07/15,3.96,4.01,3.91,3.99,2581512,10293367.00
2013/07/16,3.97,4.01,3.92,3.99,2019585,8049394.00
2013/07/17,3.99,4.07,3.95,4.02,3655367,14793383.00
2013/07/18,3.98,4.01,3.88,3.89,2880058,11390059.00
2013/07/19,3.90,3.95,3.81,3.82,2126678,8310165.00
2013/07/22,3.79,3.88,3.79,3.87,1076473,4157783.00
2013/07/23,3.87,3.99,3.87,3.97,2585645,10220574.00
2013/07/24,3.94,3.98,3.90,3.94,1662604,6576693.00
2013/07/25,3.94,3.98,3.88,3.90,1126712,4433710.00
2013/07/26,3.88,3.92,3.83,3.88,1106733,4306457.00
2013/07/29,3.84,3.87,3.77,3.80,1653851,6336481.00
2013/07/30,3.79,3.86,3.78,3.83,1106770,4248613.00
2013/07/31,3.84,3.93,3.83,3.83,1148739,4468729.00
2013/08/01,3.83,3.92,3.83,3.91,1666010,6517521.00
2013/08/02,3.95,4.07,3.92,4.06,5276031,21278492.00
2013/08/05,4.09,4.09,3.99,4.07,3862994,15718878.00
2013/08/06,4.06,4.10,4.04,4.09,2706071,11074557.00
2013/08/07,4.07,4.12,4.02,4.08,3280071,13424888.00
2013/08/08,4.08,4.08,4.02,4.02,1083201,4400596.00
2013/08/09,4.02,4.06,4.00,4.04,1303694,5282935.00
2013/08/12,4.04,4.12,4.02,4.10,2444603,10035576.00
2013/08/13,4.12,4.12,4.09,4.12,1480503,6107895.00
2013/08/14,4.12,4.15,4.06,4.07,2090841,8617743.00
2013/08/15,4.07,4.17,4.05,4.14,4601989,19048460.00
2013/08/16,4.12,4.19,4.08,4.14,5342776,22225688.00
2013/08/19,4.15,4.21,4.11,4.17,3584217,15011437.00
2013/08/20,4.16,4.21,4.14,4.18,3266513,13688408.00
2013/08/21,4.20,4.20,4.11,4.15,1629632,6769560.00
2013/08/22,4.15,4.20,4.14,4.20,3361221,14091753.00
2013/08/23,4.20,4.21,4.08,4.15,5230582,21877028.00
2013/08/26,4.16,4.20,4.13,4.19,1875807,7854989.00
2013/08/27,4.19,4.22,4.16,4.20,2595194,10930208.00
2013/08/28,4.32,4.38,4.24,4.24,18026209,77896368.00
2013/08/29,4.19,4.21,4.09,4.14,7515295,31300820.00
2013/08/30,4.16,4.25,4.11,4.22,6237447,26210554.00
2013/09/02,4.18,4.22,4.08,4.16,3890382,16143820.00
2013/09/03,4.15,4.44,4.13,4.39,12042598,52256428.00
2013/09/04,4.58,4.70,4.30,4.34,12305862,54510056.00
2013/09/05,4.27,4.30,4.21,4.25,6771441,28914110.00
2013/09/06,4.25,4.30,4.22,4.27,3404590,14593810.00
2013/09/09,4.26,4.37,4.26,4.33,5408994,23547564.00
2013/09/10,4.38,4.52,4.36,4.44,8012945,35703260.00
2013/09/11,4.42,4.49,4.30,4.41,7449877,32983912.00
2013/09/12,4.39,4.51,4.33,4.48,5878162,26252726.00
2013/09/13,4.46,4.55,4.40,4.45,3917037,17597196.00
2013/09/16,4.42,4.46,4.35,4.36,4528663,19913808.00
2013/09/17,4.38,4.54,4.30,4.33,5779463,25565296.00
2013/09/18,4.31,4.36,4.20,4.30,3629796,15547005.00
2013/09/23,4.30,4.38,4.26,4.35,3173203,13819783.00
2013/09/24,4.33,4.34,4.28,4.30,2495381,10786866.00
2013/09/25,4.30,4.62,4.26,4.42,8194858,36196920.00
2013/09/26,4.38,4.41,4.22,4.24,4194497,18162546.00
2013/09/27,4.24,4.26,4.15,4.18,3137681,13249934.00
2013/09/30,4.15,4.24,4.15,4.20,1682501,7113576.00
2013/10/08,4.21,4.34,4.17,4.32,2510580,10827278.00
2013/10/09,4.34,4.48,4.34,4.39,4430508,19610404.00
2013/10/10,4.36,4.44,4.30,4.32,4121814,18088916.00
2013/10/11,4.37,4.47,4.33,4.43,4348417,19192054.00
2013/10/14,4.41,4.58,4.41,4.49,7096067,32084466.00
2013/10/15,4.50,4.60,4.43,4.54,6868493,31183816.00
2013/10/16,4.48,4.51,4.30,4.35,5925950,26098648.00
2013/10/17,4.38,4.40,4.30,4.34,2860372,12517912.00
2013/10/18,4.32,4.36,4.28,4.33,2097365,9102704.00
2013/10/21,4.33,4.44,4.30,4.40,3014811,13210572.00
2013/10/22,4.39,4.44,4.32,4.41,3926543,17314668.00
2013/10/23,4.42,4.44,4.27,4.28,3537497,15456262.00
2013/10/24,4.29,4.31,4.24,4.25,1652500,7087500.00
2013/10/25,4.25,4.27,4.15,4.19,2210290,9378406.00
2013/10/28,4.19,4.26,4.18,4.25,1180910,5001886.00
2013/10/29,4.23,4.23,3.99,4.05,4901623,20174112.00
2013/10/30,4.03,4.12,4.02,4.11,1641039,6720627.00
2013/10/31,4.10,4.17,4.10,4.12,1723741,7174967.00
2013/11/01,4.12,4.19,4.10,4.17,1809719,7556029.00
2013/11/04,4.17,4.21,4.11,4.11,2041967,8509612.00
2013/11/05,4.13,4.15,4.06,4.15,2333232,9624103.00
2013/11/06,4.13,4.14,3.98,4.11,3149040,12936999.00
2013/11/07,4.07,4.10,4.03,4.05,1604575,6550139.00
2013/11/08,4.05,4.06,3.98,4.01,1741466,7019345.00
2013/11/11,4.00,4.02,3.94,4.02,1057486,4237638.00
2013/11/12,4.02,4.16,4.01,4.09,1699029,7001229.00
2013/11/13,4.07,4.07,3.98,3.98,1638610,6601117.00
2013/11/14,4.00,4.07,3.94,4.02,1994232,8002049.00
2013/11/15,4.01,4.10,4.00,4.07,2296442,9372739.00
2013/11/18,4.07,4.16,4.07,4.13,2346679,9713897.00
2013/11/19,4.13,4.16,4.11,4.16,2325489,9672183.00
2013/11/20,4.13,4.18,4.12,4.16,2224351,9275981.00
2013/11/21,4.16,4.18,4.11,4.13,2237437,9315750.00
2013/11/22,4.14,4.16,4.11,4.12,1684460,6986841.00
2013/11/25,4.12,4.21,4.12,4.15,3083828,12893691.00
2013/11/26,4.13,4.23,4.13,4.21,4236693,17884690.00
2013/11/27,4.21,4.45,4.16,4.43,12573529,54800640.00
2013/11/28,4.41,4.42,4.31,4.34,10887642,47534256.00
2013/11/29,4.31,4.33,4.25,4.28,4726427,20343792.00
2013/12/02,4.20,4.21,4.05,4.07,5400363,22463534.00
2013/12/03,4.07,4.14,4.06,4.14,2993395,12337553.00
2013/12/04,4.13,4.32,4.11,4.24,5457868,23214292.00
2013/12/05,4.22,4.32,4.18,4.29,3554509,15149967.00
2013/12/06,4.26,4.32,4.25,4.26,2083340,8949082.00
2013/12/09,4.26,4.27,4.23,4.24,1728691,7381885.00
2013/12/10,4.24,4.27,4.21,4.22,1903460,8099924.00
2013/12/11,4.23,4.23,4.17,4.18,2051135,8661225.00
2013/12/12,4.20,4.22,4.17,4.19,1333234,5627615.00
2013/12/13,4.18,4.23,4.16,4.21,1331188,5620989.00
2013/12/16,4.22,4.23,4.12,4.13,1890660,7909353.00
2013/12/17,4.11,4.16,4.10,4.13,1420253,5884575.00
2013/12/18,4.13,4.20,4.11,4.16,1748249,7319089.00
2013/12/19,4.16,4.16,4.04,4.06,2468357,10161952.00
2013/12/20,4.07,4.08,3.98,4.02,1635669,6607258.00
2013/12/23,4.03,4.03,3.95,3.98,1008363,4031460.00
2013/12/24,3.98,4.03,3.96,3.97,1036476,4157146.00
2013/12/25,3.97,4.02,3.97,4.01,764420,3064740.00
2013/12/26,4.01,4.03,3.91,3.91,1417995,5625334.00
2013/12/27,3.91,3.98,3.91,3.95,1060854,4204732.00
2013/12/30,3.96,4.02,3.96,4.01,1399230,5608768.00
2013/12/31,3.98,4.02,3.97,3.99,1096641,4404368.00
2014/01/02,4.04,4.07,4.01,4.07,2101491,8541978.00
2014/01/03,4.06,4.06,4.00,4.01,911780,3680711.00
2014/01/06,3.99,4.00,3.88,3.89,1504070,5937311.00
2014/01/07,3.89,3.92,3.87,3.91,932810,3658208.00
2014/01/08,3.91,3.93,3.87,3.89,705289,2762828.00
2014/01/09,3.88,3.93,3.78,3.84,1098770,4298435.00
2014/01/10,3.86,3.86,3.73,3.79,2308436,8780875.00
2014/01/13,3.78,3.82,3.77,3.77,1233906,4705533.00
2014/01/14,3.79,3.96,3.77,3.95,3623489,14246398.00
2014/01/15,3.94,3.96,3.89,3.90,1087944,4287012.00
2014/01/16,3.92,3.96,3.89,3.93,1081513,4280526.00
2014/01/17,3.89,3.94,3.88,3.93,1006899,3958640.00
2014/01/20,3.92,3.94,3.88,3.92,602859,2371318.00
2014/01/21,3.92,3.97,3.90,3.92,538520,2127370.00
2014/01/22,3.92,3.99,3.89,3.97,1813515,7234812.00
2014/01/23,3.97,4.01,3.94,3.96,1493880,5957944.00
2014/01/24,3.97,4.05,3.94,4.02,2278395,9179001.00
2014/01/27,4.01,4.02,3.95,4.01,1267402,5066407.00
2014/01/28,3.99,4.00,3.93,3.95,2176925,8651781.00
2014/01/29,3.94,3.98,3.93,3.94,758038,3012947.00
2014/01/30,3.94,3.96,3.91,3.91,821101,3242610.00
2014/02/07,3.90,3.92,3.87,3.92,814500,3184759.00
2014/02/10,3.92,4.01,3.92,3.99,2077023,8289368.00
2014/02/11,3.99,4.05,3.97,4.04,2412813,9759586.00
2014/02/12,4.06,4.13,4.04,4.13,3327388,13618823.00
2014/02/13,4.14,4.14,4.04,4.10,2690059,11016786.00
2014/02/14,4.16,4.32,4.16,4.20,8071301,34288356.00
2014/02/17,4.16,4.21,4.14,4.17,2469344,10327639.00
2014/02/18,4.18,4.18,4.10,4.11,3219476,13331197.00
2014/02/19,4.12,4.15,4.09,4.13,2400084,9942007.00
2014/02/20,4.14,4.14,4.08,4.09,2320033,9587690.00
2014/02/21,4.09,4.09,4.00,4.03,3585669,14544347.00
2014/02/24,3.99,4.00,3.78,3.91,3044854,11981033.00
2014/02/25,3.91,3.91,3.80,3.81,2917112,11328296.00
2014/02/26,3.82,4.18,3.80,3.92,3987765,15805914.00
2014/02/27,3.94,3.95,3.83,3.84,2185721,8544775.00
2014/02/28,3.88,3.89,3.81,3.88,1268505,4923963.00
2014/03/03,3.90,3.95,3.83,3.94,2289801,8970435.00
2014/03/04,3.91,4.13,3.90,3.99,2864716,11514203.00
2014/03/05,4.02,4.02,3.94,3.96,1133191,4516983.00
2014/03/06,3.94,4.00,3.91,3.98,1898884,7566571.00
2014/03/07,3.98,4.10,3.96,4.07,4452320,18088560.00
2014/03/10,4.02,4.03,3.85,3.90,2590090,10269507.00
2014/03/11,3.89,3.93,3.82,3.88,2604856,10128279.00
2014/03/12,3.87,3.96,3.84,3.89,1730200,6791117.00
2014/03/13,3.91,3.95,3.88,3.95,1257509,4952861.00
2014/03/14,3.93,3.94,3.88,3.91,1160110,4558794.00
2014/03/17,3.92,4.00,3.89,3.98,2035732,8092235.00
2014/03/18,3.97,4.02,3.94,4.00,1295714,5187344.00
2014/03/19,3.99,3.99,3.90,3.95,2629702,10370708.00
2014/03/20,3.95,3.99,3.90,3.91,2226519,8854913.00
2014/03/21,3.92,4.02,3.86,4.01,2461735,9809185.00
2014/03/24,4.00,4.10,3.99,4.06,4677467,19069332.00
2014/03/25,4.04,4.10,4.01,4.03,2411406,9828036.00
2014/03/26,4.02,4.06,3.99,4.04,2060461,8318442.00
2014/03/27,4.02,4.15,3.98,4.09,5725762,23450376.00
2014/03/28,4.08,4.09,3.94,3.98,4692592,18957616.00
2014/03/31,4.01,4.01,3.92,3.96,1838474,7317141.00
2014/04/01,3.95,4.02,3.94,3.97,1977189,7893178.00
2014/04/02,3.98,4.11,3.97,4.04,5086437,20757116.00
2014/04/03,4.06,4.12,4.00,4.05,3193465,12991934.00
2014/04/04,4.03,4.06,4.00,4.05,1704776,6924462.00
2014/04/08,4.05,4.08,4.03,4.07,1954982,7972353.00
2014/04/09,4.07,4.08,4.03,4.07,2307117,9401248.00
2014/04/10,4.07,4.10,4.04,4.09,2403556,9821370.00
2014/04/11,4.06,4.08,4.04,4.07,2326607,9492829.00
2014/04/14,4.05,4.07,4.03,4.07,2331480,9481612.00
2014/04/15,4.07,4.13,4.04,4.09,3970045,16321323.00
2014/04/16,4.06,4.11,4.04,4.10,1660200,6812681.00
2014/04/17,4.10,4.17,4.07,4.15,4614956,19157612.00
2014/04/18,4.12,4.22,4.11,4.20,4929969,20681644.00
2014/04/21,4.21,4.22,4.07,4.09,3869269,16117217.00
2014/04/22,4.08,4.12,4.04,4.09,3245009,13257732.00
2014/04/23,4.07,4.17,4.05,4.13,2577311,10643618.00
2014/04/24,4.14,4.16,4.07,4.08,1934844,7969940.00
2014/04/25,4.03,4.05,3.84,3.84,6274309,24787778.00
2014/04/28,3.84,3.85,3.74,3.75,3420871,12989114.00
2014/04/29,3.77,3.84,3.64,3.79,1899324,7194269.00
2014/04/30,3.80,3.82,3.74,3.81,1709967,6493225.00
2014/05/05,3.79,3.85,3.78,3.83,1908098,7318756.00
2014/05/06,3.84,3.87,3.81,3.82,1644882,6341717.00
2014/05/07,3.80,3.82,3.72,3.73,2406348,9102758.00
2014/05/08,3.73,3.80,3.72,3.77,1407363,5336075.00
2014/05/09,3.76,3.78,3.74,3.76,1089341,4115725.00
2014/05/12,3.78,3.83,3.77,3.82,1535888,5887212.00
2014/05/13,3.83,3.84,3.80,3.83,1119439,4303953.00
2014/05/14,3.84,3.86,3.82,3.84,1104700,4269272.00
2014/05/15,3.84,3.84,3.75,3.75,1029600,3914037.00
2014/05/16,3.75,3.81,3.74,3.77,777705,2941081.00
2014/05/19,3.77,3.80,3.75,3.79,1162255,4402884.00
2014/05/20,3.79,3.80,3.75,3.77,774618,2939304.00
2014/05/21,3.75,3.80,3.74,3.78,729707,2764073.00
2014/05/22,3.78,3.81,3.77,3.80,1698065,6477614.00
2014/05/23,3.80,3.86,3.80,3.83,2051842,7892914.00
2014/05/26,3.84,3.93,3.80,3.86,2194749,8514860.00
2014/05/27,3.86,3.87,3.82,3.84,1280401,4941378.00
2014/05/28,3.82,3.85,3.81,3.85,1426945,5492424.00
2014/05/29,3.86,3.87,3.78,3.81,1426741,5491853.00
2014/05/30,3.80,3.83,3.79,3.82,882446,3380091.00
2014/06/03,3.82,3.86,3.80,3.82,1724924,6651954.00
2014/06/04,3.83,3.83,3.77,3.78,1344848,5134547.00
2014/06/05,3.79,3.83,3.77,3.81,1649647,6307601.00
2014/06/06,3.81,3.81,3.77,3.80,1536530,5847287.00
2014/06/09,3.80,3.82,3.77,3.78,764069,2914734.00
2014/06/10,3.79,3.82,3.77,3.81,1084419,4140692.00
2014/06/11,3.78,3.82,3.78,3.82,946031,3609749.00
2014/06/12,3.80,3.81,3.78,3.80,780872,2980254.00
2014/06/13,3.80,3.83,3.78,3.82,1672394,6401299.00
2014/06/16,3.82,3.86,3.80,3.85,1598601,6164216.00
2014/06/17,3.85,3.85,3.79,3.81,1123334,4310805.00
2014/06/18,3.81,3.81,3.74,3.77,1456168,5523453.00
2014/06/19,3.76,3.78,3.66,3.68,1964941,7352765.00
2014/06/20,3.72,3.72,3.63,3.68,2781273,10232228.00
2014/06/23,3.67,3.69,3.66,3.69,1573200,5816219.00
2014/06/24,3.69,3.72,3.66,3.70,4334415,16028247.00
2014/06/25,3.69,3.70,3.67,3.68,1702002,6296157.00
2014/06/26,3.69,3.78,3.68,3.74,4229326,15822586.00
2014/06/27,3.73,3.77,3.70,3.75,3315043,12455093.00
2014/06/30,3.75,3.78,3.73,3.77,2816087,10635414.00
2014/07/01,3.79,3.86,3.76,3.83,4804650,18467004.00
2014/07/02,3.83,3.85,3.80,3.84,2087947,8044625.00
2014/07/03,3.83,3.92,3.82,3.86,2946956,11454778.00
2014/07/04,3.86,3.88,3.83,3.85,1703454,6601589.00
2014/07/07,3.85,3.85,3.82,3.84,1556581,5981193.00
2014/07/08,3.83,3.86,3.81,3.86,1153205,4431750.00
2014/07/09,3.86,3.86,3.79,3.82,1947661,7474523.00
2014/07/10,3.82,3.85,3.80,3.82,1811232,6942789.00
2014/07/11,3.84,3.86,3.81,3.85,1848781,7117033.00
2014/07/14,3.86,3.90,3.83,3.90,2464690,9575025.00
2014/07/15,3.89,3.93,3.88,3.91,2300647,8994953.00
2014/07/16,3.90,3.94,3.89,3.91,2301886,9017414.00
2014/07/17,3.90,3.91,3.85,3.87,1521280,5919997.00
2014/07/18,3.89,3.96,3.89,3.94,4517597,17834332.00
2014/07/21,3.94,3.99,3.91,3.95,2946070,11644895.00
2014/07/22,3.95,3.99,3.92,3.94,3869902,15328600.00
2014/07/23,3.94,3.96,3.91,3.96,2652717,10474148.00
2014/07/24,3.96,4.19,3.95,4.16,17007527,69995368.00
2014/07/25,4.13,4.44,4.04,4.38,25429660,107673816.00
2014/07/28,4.32,4.38,4.24,4.32,15639866,67422816.00
2014/07/29,4.30,4.56,4.29,4.44,19058948,84568112.00
2014/07/30,4.44,4.54,4.35,4.50,13932691,62309844.00
2014/07/31,4.45,4.49,4.39,4.43,7799523,34623812.00
2014/08/01,4.42,4.42,4.19,4.19,24313947,103921248.00
2014/08/04,4.19,4.31,4.17,4.28,10028536,42644280.00
2014/08/05,4.25,4.31,4.22,4.29,8376407,35827936.00
2014/08/06,4.27,4.32,4.21,4.28,7556539,32340828.00
2014/08/07,4.27,4.30,4.24,4.25,5650203,24153284.00
2014/08/08,4.23,4.29,4.23,4.26,4289875,18321774.00
2014/08/11,4.25,4.32,4.24,4.31,7099280,30501284.00
2014/08/12,4.29,4.33,4.28,4.32,3772204,16254150.00
2014/08/13,4.32,4.33,4.26,4.30,3660032,15769315.00
2014/08/14,4.30,4.41,4.27,4.31,6996782,30446828.00
2014/08/15,4.29,4.37,4.29,4.34,4425997,19240400.00
2014/08/18,4.33,4.42,4.33,4.40,5213074,22919264.00
2014/08/19,4.40,4.46,4.37,4.46,5786391,25626976.00
2014/08/20,4.51,4.89,4.49,4.69,26697933,126037808.00
2014/08/21,4.62,4.68,4.53,4.64,11423918,52635440.00
2014/08/22,4.64,4.68,4.57,4.64,6482475,30065456.00
2014/08/25,4.65,4.67,4.49,4.50,8794338,40025448.00
2014/08/26,4.48,4.56,4.41,4.44,4784331,21419658.00
2014/08/27,4.45,4.53,4.41,4.50,3735939,16762490.00
2014/08/28,4.47,4.48,4.34,4.36,4988958,21971862.00
2014/08/29,4.35,4.43,4.35,4.42,2365164,10420630.00
2014/09/01,4.41,4.58,4.41,4.56,4043482,18277248.00
2014/09/02,4.59,4.61,4.53,4.59,4653950,21319062.00
2014/09/03,4.59,4.66,4.55,4.63,5974349,27552772.00
2014/09/04,4.66,4.66,4.59,4.64,5643381,26196312.00
2014/09/05,4.64,4.70,4.59,4.70,7033059,32844248.00
2014/09/09,4.70,4.73,4.67,4.68,4540079,21363724.00
2014/09/10,4.67,4.71,4.59,4.69,7043049,32885634.00
2014/09/11,4.79,4.95,4.68,4.75,15382449,74498544.00
2014/09/12,4.70,4.87,4.70,4.87,9242385,44304064.00
2014/09/15,4.87,4.96,4.82,4.92,9003121,44377936.00
2014/09/16,4.93,5.02,4.72,4.74,10039774,49428980.00
2014/09/17,4.77,5.22,4.73,5.22,19556478,99156888.00
2014/09/18,5.34,5.67,5.23,5.34,46808931,253776640.00
2014/09/19,5.19,5.34,5.15,5.33,20812100,109533040.00
2014/09/22,5.23,5.29,5.03,5.05,16289411,83863976.00
2014/09/23,5.09,5.15,5.05,5.11,11074786,56628448.00
2014/09/24,5.09,5.18,5.05,5.17,10000168,51411912.00
2014/09/25,5.19,5.31,5.12,5.18,10453865,54561700.00
2014/09/26,5.16,5.33,4.80,5.29,13237474,68672784.00
2014/09/29,5.29,5.36,5.25,5.33,11706191,62273160.00
2014/09/30,5.35,5.47,5.27,5.42,10326264,55433132.00
2014/10/08,5.46,5.60,5.35,5.52,10700420,58812268.00
2014/10/09,5.59,5.96,5.56,5.60,18287859,104091328.00
2014/10/10,5.62,5.83,5.51,5.71,14696742,83892088.00
2014/10/13,5.67,5.72,5.49,5.60,9109704,50905444.00
2014/10/14,5.58,5.65,5.50,5.54,6869661,38341328.00
2014/10/15,5.54,5.65,5.52,5.59,5971425,33425660.00
2014/10/16,5.57,5.58,5.40,5.42,6977649,38622152.00
2014/10/17,5.42,5.46,5.15,5.23,8632348,45570504.00
2014/10/20,5.27,5.37,5.23,5.32,3738335,19920296.00
2014/10/21,5.32,5.34,5.22,5.24,3739228,19760292.00
2014/10/22,5.24,5.38,5.17,5.20,4602120,24403238.00
2014/10/23,5.18,5.24,4.99,5.04,6366446,32330568.00
2014/10/24,5.03,5.11,5.01,5.07,2802765,14222587.00
2014/10/27,5.03,5.11,5.02,5.09,2040485,10388383.00
2014/10/28,5.12,5.27,5.12,5.25,3957156,20679052.00
2014/10/29,5.26,5.34,5.22,5.29,6493691,34382784.00
2014/10/30,5.29,5.47,5.24,5.33,8334532,44833384.00
2014/10/31,5.31,5.56,5.31,5.49,11398661,62223828.00
2014/11/03,5.50,6.04,5.43,5.93,27784313,160839712.00
2014/11/04,5.86,6.03,5.73,5.92,22737320,133566416.00
2014/11/05,5.89,6.03,5.75,6.01,14681402,86414472.00
2014/11/06,5.96,6.00,5.76,5.86,13078430,76742896.00
2014/11/07,5.86,5.98,5.79,5.84,10462861,61525760.00
2014/11/10,5.84,5.88,5.76,5.83,7329971,42647812.00
2014/11/11,5.83,5.99,5.50,5.60,14592091,85234704.00
2014/11/12,5.64,5.87,5.63,5.82,7918481,45768424.00
2014/11/13,5.79,6.40,5.66,6.40,42602821,268281824.00
2014/11/14,6.26,6.29,6.03,6.09,28756637,177342592.00
2014/11/17,6.09,6.14,5.84,5.93,11822160,70788496.00
2014/11/18,5.93,6.19,5.93,6.15,12240995,74977232.00
2014/11/19,6.15,6.25,6.06,6.20,8697895,53654132.00
2014/11/20,6.18,6.19,6.04,6.18,9940671,60845216.00
2014/11/21,6.12,6.19,6.09,6.16,6072030,37413736.00
2014/11/24,6.16,6.27,6.15,6.18,10896306,67661384.00
2014/11/25,6.20,6.41,6.14,6.26,11759109,74043544.00
2014/11/26,6.22,6.29,6.07,6.12,9520314,58627264.00
2014/11/27,6.13,6.18,6.05,6.10,8064054,49361472.00
2014/11/28,6.09,6.18,6.03,6.13,7660034,46762672.00
2014/12/01,6.13,6.13,5.98,5.98,9139557,55168924.00
2014/12/02,6.00,6.15,5.97,6.08,7626163,46672428.00
2014/12/03,6.09,6.23,6.08,6.22,12736282,78646168.00
2014/12/04,6.30,6.53,6.26,6.32,15951043,101213752.00
2014/12/05,6.33,6.34,5.99,6.06,11304913,68979480.00
2014/12/08,6.10,6.12,5.89,5.96,11281483,67570616.00
2014/12/09,5.96,5.97,5.36,5.52,16300540,94263824.00
2014/12/10,5.54,5.70,5.49,5.69,5924461,33242616.00
2014/12/11,5.70,5.88,5.64,5.84,6718927,38936080.00
2014/12/12,5.85,5.97,5.79,5.86,4777279,28126204.00
2014/12/15,5.81,5.90,5.76,5.88,4499487,26312200.00
2014/12/16,5.88,6.02,5.83,5.90,6173221,36697384.00
2014/12/17,5.89,5.92,5.70,5.75,5015091,28992924.00
2014/12/18,5.78,5.96,5.75,5.81,6153933,36125832.00
2014/12/19,5.81,5.83,5.54,5.77,5577398,31965386.00
2014/12/22,5.73,5.75,5.33,5.41,10938099,59675632.00
2014/12/23,5.46,5.49,5.35,5.40,4961503,26977520.00
2014/12/24,5.33,5.48,5.33,5.47,4454790,24158054.00
2014/12/25,5.47,5.64,5.44,5.60,4523212,25215872.00
2014/12/26,5.63,5.70,5.52,5.67,4200813,23685012.00
2014/12/29,5.70,5.71,5.50,5.56,5670322,31828776.00
2014/12/30,5.54,5.61,5.44,5.45,3763403,20887972.00
2014/12/31,5.49,5.60,5.40,5.58,3879189,21326044.00
2015/01/05,5.56,5.73,5.55,5.72,6954121,39574328.00
2015/01/06,5.67,5.72,5.59,5.67,4458908,25205868.00
2015/01/07,5.67,5.78,5.64,5.77,5779092,33052138.00
2015/01/08,5.77,5.86,5.71,5.72,5122047,29632838.00
2015/01/09,5.73,5.81,5.67,5.67,4647270,26694964.00
2015/01/12,5.66,5.67,5.42,5.45,4117555,22690894.00
2015/01/13,5.49,5.54,5.39,5.51,3246665,17793472.00
2015/01/14,5.57,5.89,5.51,5.84,10617741,61112360.00
2015/01/15,5.83,6.04,5.71,5.96,11341698,67031188.00
2015/01/16,5.90,5.90,5.77,5.86,7320519,42659524.00
2015/01/19,5.74,5.88,5.44,5.60,7230834,41225468.00
2015/01/20,5.62,5.78,5.62,5.77,3705134,21160452.00
2015/01/21,5.77,6.03,5.71,5.93,9411038,55587784.00
2015/01/22,5.89,6.18,5.85,6.11,12475947,75448368.00
2015/01/23,6.09,6.43,6.02,6.32,17046300,106588448.00
2015/01/26,6.32,6.32,6.11,6.25,14691567,91309984.00
2015/01/27,6.24,6.30,6.14,6.25,10279454,64236692.00
2015/01/28,6.25,6.25,6.06,6.06,7906487,48568188.00
2015/01/29,6.01,6.15,5.97,6.02,5633106,34102180.00
2015/01/30,6.02,6.09,5.95,6.03,5156391,31115436.00
2015/02/02,5.99,6.17,5.88,6.13,7272558,44361020.00
2015/02/03,6.11,6.22,6.06,6.11,6412349,39345728.00
2015/02/04,6.10,6.13,6.03,6.12,5106783,31172336.00
2015/02/05,6.19,6.23,6.02,6.06,5896300,35957404.00
2015/02/06,6.19,6.19,5.88,5.89,8209263,49591196.00
2015/02/09,5.81,5.88,5.62,5.69,5591246,32347308.00
2015/02/10,5.68,5.83,5.64,5.80,3466432,19953800.00
2015/02/11,5.82,6.00,5.81,5.88,4521354,26812856.00
2015/02/12,5.84,5.92,5.79,5.88,4791393,28041780.00
2015/02/13,6.04,6.14,5.99,6.04,7572516,46066472.00
2015/02/16,6.04,6.26,6.00,6.10,7908902,48602632.00
2015/02/17,6.08,6.16,6.04,6.15,4300200,26349428.00
2015/02/25,6.14,6.34,6.11,6.24,7570953,47334260.00
2015/02/26,6.27,6.27,6.16,6.24,4980795,30997622.00
2015/02/27,6.25,6.28,6.17,6.20,6011103,37476280.00
2015/03/02,6.27,6.66,6.22,6.44,16581103,107416760.00
2015/03/03,6.41,6.68,6.40,6.48,13481930,88344640.00
2015/03/04,6.48,6.80,6.44,6.78,16018056,106879224.00
2015/03/05,6.77,6.86,6.61,6.75,10732853,71987304.00
2015/03/06,6.69,7.19,6.69,6.91,19044573,133003896.00
2015/03/09,6.91,7.17,6.81,7.12,11555437,80746864.00
2015/03/10,7.12,7.41,7.06,7.35,14256322,104171368.00
2015/03/11,7.33,7.40,7.20,7.29,11147230,81278808.00
2015/03/12,7.31,7.35,6.97,7.04,10990407,78441600.00
2015/03/13,7.10,7.26,6.99,7.14,6640304,47453504.00
2015/03/16,7.12,7.29,7.09,7.24,12241217,88295824.00
2015/03/17,7.25,7.31,7.14,7.23,12892734,93301712.00
2015/03/18,7.23,7.55,7.16,7.44,17324212,127690576.00
2015/03/19,7.45,7.75,7.37,7.48,14723081,111468296.00
2015/03/20,7.50,8.23,7.50,8.23,26120008,209088672.00
2015/03/23,8.29,8.44,8.13,8.29,22174120,183350656.00
2015/03/24,8.39,8.83,8.09,8.59,23746895,199236784.00
2015/03/25,8.59,8.75,8.41,8.50,15774068,135112080.00
2015/03/26,8.37,8.49,8.09,8.31,16394219,135584752.00
2015/03/27,8.27,8.88,8.16,8.84,16927709,147098768.00
2015/03/30,8.79,9.34,8.65,9.09,17868307,162712928.00
2015/03/31,9.21,9.27,8.79,8.91,14268437,127160480.00
2015/04/01,8.91,9.04,8.81,8.98,8761081,78322240.00
2015/04/02,8.87,9.01,8.74,8.92,12028341,106656288.00
2015/04/03,8.92,9.59,8.80,9.31,16829800,156037744.00
2015/04/07,9.29,9.39,9.05,9.37,15450062,142944960.00
2015/04/08,9.29,9.40,9.01,9.14,12055522,110542584.00
2015/04/09,9.13,9.17,8.74,8.97,11158261,100075792.00
2015/04/10,9.00,9.36,9.00,9.27,13252212,122444296.00
2015/04/13,9.63,10.20,9.63,10.20,38501205,388163744.00
2015/04/14,10.24,10.29,9.87,9.96,27074317,272073472.00
2015/04/15,9.93,9.93,9.51,9.54,14307131,139196352.00
2015/04/16,9.40,10.23,9.29,10.01,18756171,185867744.00
2015/04/17,9.98,10.17,9.94,9.99,15683641,157454016.00
2015/04/20,9.99,9.99,9.36,9.41,17351065,167024704.00
2015/04/21,9.41,9.98,9.37,9.69,10446647,101476696.00
2015/04/22,9.69,10.19,9.64,10.08,18412468,184196672.00
2015/04/23,10.00,10.11,9.84,9.97,13745808,136797184.00
2015/04/24,9.89,10.44,9.68,10.33,21981813,222126272.00
2015/04/27,10.33,11.09,10.33,10.57,25355411,271748608.00
2015/04/28,10.58,10.67,9.99,10.06,19240213,195240688.00
2015/04/29,9.90,10.46,9.82,10.28,12889611,131338528.00
2015/04/30,10.30,10.66,10.07,10.62,16652009,172987376.00
2015/05/04,10.59,11.47,10.51,11.28,21948265,244417440.00
2015/05/05,11.28,11.54,10.79,10.90,17823939,199284208.00
2015/05/06,10.86,11.14,10.49,10.69,11348665,123643560.00
2015/05/07,10.77,10.78,10.03,10.44,13789079,141812576.00
2015/05/08,10.49,10.69,10.19,10.67,14982771,155829440.00
2015/05/11,11.14,11.39,10.60,11.33,17108086,188842816.00
2015/05/12,11.45,11.94,11.19,11.85,18467351,212983488.00
2015/05/13,11.69,12.88,11.57,12.44,21059214,260604800.00
2015/05/14,12.19,12.71,11.99,12.48,16539881,204981888.00
2015/05/15,12.45,13.28,12.11,13.19,18088451,229994944.00
2015/05/18,12.99,14.51,12.68,14.00,26613573,374563264.00
2015/05/19,13.96,14.79,13.61,14.17,16613918,236823632.00
2015/05/20,14.24,14.37,13.79,14.09,17883591,251115568.00
2015/05/21,13.90,14.43,13.60,14.19,14257816,200696080.00
2015/05/22,14.19,14.62,14.10,14.22,14329965,204802384.00
2015/05/25,14.22,14.57,13.99,14.50,23887318,340841056.00
2015/05/26,14.38,15.79,14.14,15.58,34022242,500559296.00
2015/05/27,15.29,15.68,14.72,15.06,20622617,313076768.00
2015/05/28,15.03,15.03,13.55,13.55,30415801,430539424.00
2015/05/29,12.99,13.49,12.19,13.14,23958411,311365472.00
2015/06/01,13.18,13.85,12.99,13.64,16550453,223236544.00
2015/06/02,13.74,14.14,13.48,14.05,18143857,250975040.00
2015/06/03,14.07,14.87,13.99,14.49,23089898,332437888.00
2015/06/04,14.50,14.57,13.05,13.95,17638861,244679600.00
2015/06/05,14.04,14.49,13.70,14.27,22541925,319977920.00
2015/06/08,14.31,14.46,13.60,13.94,21954457,306273280.00
2015/06/09,13.92,14.48,13.69,14.05,24146100,341849440.00
2015/06/10,14.07,14.39,13.69,14.37,23421019,328949408.00
2015/06/11,14.34,15.53,14.24,15.28,40461500,605027456.00
2015/06/12,15.39,16.31,15.29,15.55,38079908,598887808.00
2015/06/15,15.54,16.69,14.97,16.37,38551511,615633216.00
2015/06/16,16.18,16.58,15.57,15.95,24331425,390719264.00
2015/06/17,15.87,15.87,14.39,15.59,24848157,377382368.00
2015/06/18,15.66,15.69,14.69,14.78,19496989,295143392.00
2015/06/19,14.04,14.49,13.30,13.30,19991343,277617952.00
2015/06/23,13.29,13.57,11.97,12.86,19948983,249948832.00
2015/06/24,12.89,13.19,11.99,13.14,18492886,237470112.00
2015/06/25,13.08,13.59,12.66,12.81,21718742,284205984.00
2015/06/26,12.24,12.24,11.53,11.53,20571177,240746320.00
2015/06/29,11.74,11.99,10.38,10.71,22459159,241839728.00
2015/06/30,10.48,10.94,9.63,10.86,30673457,311456992.00
2015/07/01,10.59,10.83,9.77,10.36,26290639,272658528.00
2015/07/02,10.59,11.20,9.69,10.09,33963646,362017952.00
2015/07/03,9.64,9.64,9.08,9.08,34659247,316321824.00
2015/07/06,9.77,9.86,8.17,8.17,20611142,183792624.00
2015/07/07,7.35,7.35,7.35,7.35,2373000,17465280.00
2015/07/10,7.90,8.09,7.90,8.09,16249387,130575368.00
2015/07/13,8.74,8.90,8.19,8.90,29797055,260352240.00
2015/07/14,9.01,9.59,8.57,8.79,35904663,329723328.00
2015/07/15,8.49,8.69,7.91,8.02,28292263,232167520.00
2015/07/16,7.86,8.39,7.29,8.37,22954925,184522928.00
2015/07/17,8.53,9.19,8.29,8.98,26453612,230608944.00
2015/07/20,9.29,9.34,8.79,9.18,32443035,296599648.00
2015/07/21,8.99,9.68,8.79,9.43,27079737,249925056.00
2015/07/22,9.30,9.44,8.98,9.25,20262053,186782448.00
2015/07/23,9.23,9.94,9.05,9.68,28008016,265268304.00
2015/07/24,9.73,9.99,9.26,9.41,26171709,254256016.00
2015/07/27,9.01,9.32,8.47,8.47,16234854,146188704.00
2015/07/28,7.79,8.23,7.62,7.77,31521370,245221072.00
2015/07/29,7.97,8.28,7.40,8.20,19810667,154884352.00
2015/07/30,8.28,8.77,7.96,8.10,22099713,186478880.00
2015/07/31,8.09,8.32,7.79,8.03,12247881,98604696.00
2015/08/03,8.05,8.07,7.41,7.61,10464849,80935400.00
2015/08/04,7.65,8.19,7.59,8.18,11932242,94575664.00
2015/08/05,8.13,8.31,7.94,7.99,11104663,90296152.00
2015/08/06,7.77,8.20,7.49,7.99,8618374,68607840.00
2015/08/07,8.28,8.48,8.20,8.43,17775378,149137152.00
2015/08/10,8.44,8.97,8.37,8.82,21307966,185029376.00
2015/08/11,8.76,9.24,8.71,9.15,23943715,216447968.00
2015/08/12,8.98,9.38,8.89,9.00,20673778,188577088.00
2015/08/13,8.85,9.73,8.81,9.62,27041973,251932784.00
2015/08/14,9.62,10.58,9.47,10.58,38656450,383292416.00
2015/08/17,10.59,11.64,10.59,11.64,40474913,453329632.00
2015/08/18,11.90,12.36,10.48,10.48,40928698,469019712.00
2015/08/19,9.70,11.45,9.43,11.21,36073848,372864896.00
2015/08/20,10.99,11.19,10.09,10.09,25817886,276792000.00
2015/08/21,9.75,9.99,9.14,9.50,15413646,148282592.00
2015/08/24,9.00,9.17,8.55,8.55,12428156,107593976.00
2015/08/25,7.75,8.09,7.69,7.69,13448420,104232920.00
2015/08/26,7.80,7.99,6.92,6.92,16976801,126529304.00
2015/08/27,7.09,7.35,6.64,7.34,13458904,96040176.00
2015/08/28,7.54,8.08,7.36,8.08,12707743,98668528.00
2015/08/31,8.17,8.57,8.13,8.34,19404699,161361504.00
2015/09/01,8.24,8.24,7.51,7.51,11939386,91813152.00
2015/09/02,6.94,7.95,6.77,6.92,12180866,87204616.00
2015/09/07,7.14,7.49,6.90,7.06,9870079,71127552.00
2015/09/08,6.94,7.51,6.89,7.48,9790300,69988376.00
2015/09/09,7.52,7.96,7.37,7.78,12135236,93577488.00
2015/09/10,7.59,7.91,7.50,7.59,8120169,62678396.00
2015/09/11,7.59,7.81,7.49,7.69,6059000,46457352.00
2015/09/14,7.84,7.91,6.92,6.97,9851745,72381552.00
2015/09/15,6.69,6.86,6.27,6.27,8498530,55598968.00
2015/09/16,6.27,6.90,6.20,6.87,10776156,70387888.00
2015/09/17,6.89,7.25,6.62,6.74,10541769,72712232.00
2015/09/18,6.78,7.09,6.68,7.04,9087445,62974992.00
2015/09/21,6.87,7.30,6.87,7.27,9554114,67781968.00
2015/09/22,7.27,7.69,7.17,7.61,14392259,108025176.00
2015/09/23,7.34,7.82,7.34,7.54,9706566,73286200.00
2015/09/24,7.55,7.94,7.54,7.73,10434163,80441032.00
2015/09/25,7.68,7.81,7.33,7.49,11950300,90676088.00
2015/09/28,7.61,7.66,7.29,7.58,4554953,34254212.00
2015/09/29,7.40,7.49,7.23,7.36,6848356,50468044.00
2015/09/30,7.43,8.10,7.38,8.10,19291156,153397168.00
2015/10/08,8.11,8.79,8.09,8.66,20037571,169741856.00
2015/10/09,8.49,9.07,8.44,8.91,15393928,134380096.00
2015/10/12,9.09,9.44,8.91,9.05,27854330,254143088.00
2015/10/13,8.95,9.10,8.78,9.08,18499261,165755408.00
2015/10/14,9.05,9.05,8.65,8.76,14352077,127371464.00
2015/10/15,8.69,9.17,8.66,9.08,16810022,148669424.00
2015/10/16,9.07,9.39,8.85,9.22,14383242,130785072.00
2015/10/19,9.00,9.11,8.77,8.98,18246050,163897712.00
2015/10/20,8.91,9.37,8.59,9.20,23405295,208257504.00
2015/10/21,9.10,9.37,8.32,8.38,27812494,249612096.00
2015/10/22,8.38,8.64,8.17,8.57,16765511,141846768.00
2015/10/23,8.52,8.87,8.46,8.74,15587185,135099440.00
2015/10/26,8.87,8.94,8.55,8.83,13847040,121416184.00
2015/10/27,8.89,9.71,8.80,9.71,46325393,433898464.00
2015/10/28,9.44,9.56,8.99,9.08,32057692,298284096.00
2015/10/29,9.02,9.27,8.98,9.19,13596251,124060928.00
2015/10/30,9.16,9.16,8.85,9.01,10625516,96099680.00
2015/11/02,8.71,9.38,8.70,8.91,11424242,103558728.00
2015/11/03,8.98,9.09,8.71,8.97,10771377,96453912.00
2015/11/04,8.97,9.38,8.97,9.31,15239521,140584272.00
2015/11/05,9.22,9.67,9.10,9.32,23887761,223003248.00
2015/11/06,9.42,10.02,9.27,9.82,33707581,327463552.00
2015/11/09,9.58,9.77,9.47,9.66,20844729,200430992.00
2015/11/10,9.52,9.70,9.44,9.52,18328257,175222896.00
2015/11/11,9.49,9.79,9.46,9.69,14767377,142466912.00
2015/11/12,9.74,9.79,9.36,9.47,14150124,135080816.00
2015/11/13,9.44,9.44,9.10,9.25,10764193,100065856.00
2015/11/16,8.79,9.53,8.77,9.50,12099949,111929776.00
2015/11/17,9.53,9.79,9.47,9.60,18779801,180338368.00
2015/11/18,9.60,9.79,9.36,9.41,13886856,132986832.00
2015/11/19,9.59,9.79,9.41,9.57,14368538,137483280.00
2015/11/20,9.59,10.47,9.51,10.19,32755463,328109792.00
2015/11/23,10.04,10.18,9.90,9.99,19269171,192816944.00
2015/11/24,10.00,10.04,9.65,9.96,12791475,126275952.00
2015/11/25,9.89,10.08,9.81,9.96,12364311,123017144.00
2015/11/26,9.97,10.05,9.79,9.85,11686032,115928648.00
2015/11/27,9.83,10.00,8.99,9.05,14557740,139568624.00
2015/11/30,9.17,9.21,8.28,8.81,13064781,115055624.00
2015/12/01,8.87,9.23,8.69,9.05,10083278,90891248.00
2015/12/02,9.12,9.12,8.59,9.00,8735765,77777080.00
2015/12/03,9.03,9.28,8.96,9.19,7559601,68792472.00
2015/12/04,9.00,9.28,8.99,9.08,8360515,76253312.00
2015/12/07,9.11,9.99,9.10,9.99,22040799,218369024.00
2015/12/08,10.14,10.65,9.92,9.95,43767637,447194240.00
2015/12/09,9.66,10.03,9.62,9.79,15836163,155248160.00
2015/12/10,9.79,10.40,9.76,10.16,19959243,203021936.00
2015/12/11,10.19,10.24,9.87,9.90,10541102,105347472.00
2015/12/14,9.69,10.41,9.59,10.32,18231453,185176768.00
2015/12/15,10.32,10.48,10.21,10.35,12482719,129256696.00
2015/12/16,10.35,10.40,10.04,10.18,12747959,129783280.00
2015/12/17,10.14,10.77,10.14,10.71,23491691,245353280.00
2015/12/18,10.52,11.36,10.49,11.27,23609791,257909760.00
2015/12/21,11.17,12.00,11.03,11.22,23658431,270608832.00
2015/12/22,11.33,11.67,11.22,11.32,14204351,162229888.00
2015/12/23,11.33,11.41,10.88,11.00,11389774,127551744.00
2015/12/24,11.01,11.44,10.77,11.39,13387370,149384832.00
2015/12/25,11.39,12.17,11.39,11.88,16129500,191035184.00
2015/12/28,11.90,12.04,11.35,11.37,14167700,166888288.00
2015/12/29,11.37,11.70,11.21,11.61,10490909,120637848.00
2015/12/30,11.76,11.76,11.27,11.47,8728675,100127384.00
2015/12/31,11.69,11.70,11.10,11.13,9538214,108327008.00
2016/01/04,11.13,11.21,10.02,10.04,8664600,91785496.00
2016/01/05,9.07,9.98,9.04,9.66,14777828,141099184.00
2016/01/06,9.66,9.94,9.59,9.89,7382279,72291208.00
2016/01/07,9.60,9.72,8.90,8.92,3057100,28284460.00
2016/01/08,9.01,9.34,8.27,8.75,16572028,146170064.00
2016/01/11,8.67,8.84,7.87,7.87,11111624,92058656.00
2016/01/12,7.80,8.17,7.18,7.46,14819349,111933848.00
2016/01/13,7.47,7.67,7.24,7.38,9456028,70775272.00
2016/01/14,7.19,7.67,6.99,7.51,7267055,53377692.00
2016/01/15,7.58,7.80,7.16,7.19,7987836,59846856.00
2016/01/18,6.98,7.45,6.77,7.29,7373485,52594180.00
2016/01/19,7.19,7.95,7.19,7.91,11618657,88298976.00
2016/01/20,7.76,7.97,7.58,7.66,9918586,76837104.00
2016/01/21,7.53,7.75,7.22,7.25,6368059,47818500.00
2016/01/22,7.13,7.74,7.13,7.44,4408132,32452672.00
2016/01/25,7.54,7.57,7.36,7.43,6775270,50544144.00
2016/01/26,7.38,7.42,6.69,6.69,9557363,67130176.00
2016/01/27,6.75,6.83,6.05,6.55,9388625,59666964.00
2016/01/28,6.42,6.54,5.89,6.09,6536850,40971592.00
2016/01/29,6.11,6.42,5.95,6.24,8970752,55887032.00
2016/02/01,6.29,6.39,6.18,6.24,6072078,38200276.00
2016/02/02,6.28,6.64,6.27,6.57,5738400,37414084.00
2016/02/03,6.52,6.95,6.51,6.89,7729609,52364908.00
2016/02/04,6.91,7.19,6.84,7.08,5191909,36636440.00
2016/02/05,7.12,7.28,6.93,6.97,5402321,38339212.00
2016/02/15,6.77,7.49,6.65,7.47,8270620,59716176.00
2016/02/16,7.59,7.67,7.39,7.64,13140043,99441168.00
2016/02/17,7.50,7.61,7.36,7.55,9755122,73219248.00
2016/02/18,7.53,7.62,7.35,7.38,7920877,59206168.00
2016/02/19,7.29,7.42,7.27,7.36,4645603,34153988.00
2016/02/22,7.48,7.74,7.44,7.54,9353732,70920600.00
2016/02/23,7.54,7.55,7.21,7.33,8210389,60478620.00
2016/02/24,7.34,7.45,7.14,7.42,7973962,58474776.00
2016/02/25,7.39,7.43,6.68,6.69,10868365,75808816.00
2016/02/26,6.77,6.84,6.49,6.71,7403952,49492072.00
2016/02/29,6.69,6.69,6.19,6.41,6538925,41581248.00
2016/03/01,6.49,6.61,6.29,6.59,7267095,47117316.00
2016/03/02,6.59,7.16,6.54,7.14,12139885,83265936.00
2016/03/03,7.09,7.65,7.05,7.44,15812949,116470224.00
2016/03/04,7.22,7.39,6.79,6.95,9335051,66579792.00
2016/06/16,7.17,7.59,6.61,6.70,41795563,296810304.00
2016/06/17,6.62,6.73,6.50,6.61,18979492,125748672.00
2016/06/20,6.50,6.57,6.30,6.38,14127876,90765208.00
2016/06/21,6.42,6.55,6.37,6.42,10672010,69143208.00
2016/06/22,6.46,6.56,6.39,6.56,9264503,60113008.00
2016/06/23,6.55,6.56,6.41,6.48,7407075,48197276.00
2016/06/24,6.51,6.52,6.32,6.39,9552252,61294208.00
2016/06/27,6.37,6.60,6.30,6.58,10248591,66518028.00
2016/06/28,6.56,6.67,6.50,6.65,9208358,60542008.00
2016/06/29,6.71,6.79,6.66,6.71,9209280,61953428.00
2016/06/30,6.74,7.09,6.68,7.06,14722255,101031200.00
2016/07/01,7.01,7.05,6.88,6.90,8849937,61758932.00
2016/07/04,6.85,7.02,6.82,6.95,9256817,64163264.00
2016/07/05,6.91,7.09,6.91,7.01,11809153,82704848.00
2016/07/06,7.01,7.04,6.93,7.02,7333115,51207192.00
2016/07/07,7.00,7.26,6.88,7.10,15351163,108026800.00
2016/07/08,7.02,7.12,6.90,7.06,12219812,85730896.00
2016/07/11,7.03,7.09,6.99,6.99,7139004,50292448.00
2016/07/12,7.01,7.07,6.92,7.03,9188160,64385384.00
2016/07/13,7.04,7.14,7.03,7.10,9646348,68314816.00
2016/07/14,7.10,7.17,7.05,7.15,7713326,54879396.00
2016/07/15,7.14,7.17,7.07,7.10,5211224,37064812.00
2016/07/18,7.10,7.13,7.00,7.02,5864435,41358144.00
2016/07/19,7.02,7.10,6.97,7.06,5277587,37076656.00
2016/07/20,7.08,7.21,7.05,7.16,10803985,77090680.00
2016/07/21,7.13,7.25,7.10,7.21,11882912,85242488.00
2016/07/22,7.21,7.23,7.14,7.17,9601974,68944136.00
2016/07/25,7.13,7.23,7.10,7.20,8136244,58450088.00
2016/07/26,7.27,7.54,7.26,7.37,17584769,129947824.00
2016/07/27,7.33,7.34,6.87,7.02,17308520,123042696.00
2016/07/28,6.98,7.04,6.82,6.99,8129901,56420724.00
2016/07/29,7.01,7.05,6.93,6.97,5391705,37622792.00
2016/08/01,6.94,6.94,6.71,6.88,5970902,40611192.00
2016/08/02,6.88,6.94,6.85,6.94,3989689,27470422.00
2016/08/03,6.90,7.13,6.90,7.08,8463576,59650672.00
2016/08/04,7.05,7.15,6.95,7.14,8394195,59385696.00
2016/08/05,7.13,7.72,7.06,7.50,31193939,231784592.00
2016/08/08,7.41,7.67,7.31,7.61,19491598,147090384.00
2016/08/09,7.58,7.67,7.42,7.61,14395602,108617816.00
2016/08/10,7.57,8.00,7.52,7.93,27158312,211807232.00
2016/08/11,8.00,8.00,7.56,7.62,19646275,152481184.00
2016/08/12,7.58,8.04,7.45,8.00,26658806,206749824.00
2016/08/15,7.90,8.30,7.88,8.07,26572904,214994448.00
2016/08/16,8.03,8.16,7.94,7.98,15912962,127413920.00
2016/08/17,8.00,8.04,7.76,7.87,12549068,98551368.00
2016/08/18,7.88,8.09,7.80,7.93,14002807,111399200.00
2016/08/19,7.89,7.90,7.76,7.76,9497600,74067032.00
2016/08/22,7.76,7.83,7.68,7.71,8744404,67797504.00
2016/08/23,7.71,7.91,7.71,7.79,9140738,71573624.00
2016/08/24,7.81,7.87,7.66,7.71,6587865,51001008.00
2016/08/25,7.70,7.70,7.40,7.49,10158063,76344344.00
2016/08/26,7.52,7.60,7.47,7.49,6820030,51337056.00
2016/08/29,7.52,7.75,7.50,7.58,10200402,77916424.00
2016/08/30,7.59,7.95,7.50,7.93,15230957,118876768.00
2016/08/31,7.85,7.94,7.73,7.87,12531527,98317152.00
2016/09/01,7.83,7.89,7.70,7.73,11252613,87659680.00
2016/09/02,7.68,7.76,7.56,7.59,10832894,82813176.00
2016/09/05,7.62,7.70,7.58,7.68,5427042,41475424.00
2016/09/06,7.70,7.76,7.57,7.74,7356464,56477188.00
2016/09/07,7.74,7.94,7.74,7.87,13004221,102323768.00
2016/09/08,7.89,7.97,7.83,7.96,9456743,74650600.00
2016/09/09,7.93,8.07,7.88,7.91,11077240,88344384.00
2016/09/12,7.75,7.79,7.53,7.55,10643419,81538320.00
2016/09/13,7.58,7.82,7.54,7.80,8656276,66289056.00
2016/09/14,7.74,7.89,7.67,7.86,7465328,58360848.00
2016/09/19,7.87,7.95,7.82,7.92,6247707,49287336.00
2016/09/20,7.92,7.95,7.82,7.88,6686422,52738888.00
2016/09/21,7.93,8.51,7.92,8.26,29303725,241375120.00
2016/09/22,8.28,8.40,8.18,8.24,18881146,156273264.00
2016/09/23,8.24,8.39,8.14,8.30,15949225,131819616.00
2016/09/26,8.51,8.54,8.00,8.05,15787779,131393992.00
2016/09/27,7.90,8.18,7.90,8.06,10303215,83076104.00
2016/09/28,8.02,8.20,8.02,8.13,9308691,75713456.00
2016/09/29,8.15,8.23,8.12,8.13,7846540,64125088.00
2016/09/30,8.11,8.30,8.11,8.26,9267930,76285368.00
2016/10/10,8.33,8.44,8.14,8.26,17320095,142178560.00
2016/10/11,8.23,8.81,8.19,8.69,21288389,180265952.00
2016/10/12,8.60,8.65,8.41,8.63,13986826,119399448.00
2016/10/13,8.63,8.70,8.52,8.68,9860264,84916144.00
2016/10/14,8.68,8.99,8.64,8.72,19429982,171263296.00
2016/10/17,8.68,8.71,8.42,8.46,14226614,121383024.00
2016/10/18,8.43,8.63,8.40,8.61,8242609,70211072.00
2016/10/19,8.76,8.82,8.58,8.64,12206816,105946312.00
2016/10/20,8.60,8.63,8.38,8.51,12775581,108523104.00
2016/10/21,8.57,8.58,8.39,8.45,6942571,58830464.00
2016/10/24,8.45,8.59,8.42,8.54,6060458,51608372.00
2016/10/25,8.60,8.74,8.53,8.61,6726383,58023344.00
2016/10/26,8.61,8.67,8.52,8.64,7474053,64227036.00
2016/10/27,8.64,9.00,8.60,8.87,14199688,125327864.00
2016/10/28,8.86,8.86,8.59,8.60,13782982,119861568.00
2016/10/31,8.51,8.61,8.35,8.45,8413577,71045712.00
2016/11/01,8.45,8.50,8.42,8.48,6938927,58719984.00
2016/11/02,8.46,8.52,8.40,8.44,7010127,59356580.00
2016/11/03,8.41,8.63,8.34,8.57,9687251,81997672.00
2016/11/04,8.53,8.58,8.44,8.44,5080296,43135812.00
2016/11/07,8.46,8.68,8.42,8.62,9187480,78906048.00
2016/11/08,8.72,9.17,8.68,8.87,21459938,191414480.00
2016/11/09,8.81,8.93,8.61,8.79,13334274,117401608.00
2016/11/10,8.89,9.02,8.82,8.98,8998151,80249064.00
2016/11/11,9.03,9.41,8.94,9.21,16323680,150285552.00
2016/11/14,9.19,9.27,9.11,9.20,9333153,85693136.00
2016/11/15,9.21,9.29,9.11,9.20,7041311,64687816.00
2016/11/16,9.17,9.21,9.05,9.10,7164903,65365680.00
2016/11/17,9.25,9.35,9.10,9.18,9009169,83050592.00
2016/11/18,9.11,9.24,9.11,9.15,6707519,61470120.00
2016/11/21,9.20,9.56,9.16,9.50,15076557,142508496.00
2016/11/22,9.44,9.93,9.40,9.47,24060022,232840224.00
2016/11/23,9.54,9.72,9.41,9.52,12119240,115674368.00
2016/11/24,9.54,9.72,9.46,9.68,10145087,97851448.00
2016/11/25,9.76,9.80,9.40,9.64,12144707,116324208.00
2016/11/28,9.64,9.68,9.31,9.36,14288907,134639168.00
2016/11/29,9.38,9.40,9.10,9.12,13478999,124282648.00
2016/11/30,9.11,9.65,9.02,9.59,16188129,152248448.00
2016/12/01,9.54,9.77,9.45,9.58,9345919,89512064.00
2016/12/02,9.60,9.63,9.29,9.31,6659598,62594892.00
2016/12/05,9.20,9.66,9.15,9.58,11968868,113422984.00
2016/12/06,9.73,9.80,9.55,9.66,12418647,120318456.00
2016/12/07,9.63,10.44,9.63,10.20,22056228,221276496.00
2016/12/08,10.29,10.50,10.10,10.49,18018391,186003744.00
2016/12/09,10.40,11.49,10.38,11.22,40351400,448050432.00
2016/12/30,12.34,12.34,12.34,12.34,2275631,28081288.00
2017/01/03,13.57,13.57,13.57,13.57,1234633,16753970.00
2017/01/04,14.93,14.93,14.79,14.93,22645437,338013152.00
2017/01/20,13.44,15.40,13.44,13.44,75273730,1032578496.00
2017/01/23,13.00,14.78,12.85,14.04,90860041,1281177088.00
2017/01/24,13.62,13.67,12.64,12.87,72698357,952768000.00
2017/01/25,12.61,12.76,11.92,12.03,47577425,580664064.00
2017/01/26,12.00,12.17,11.61,11.68,33312294,393904416.00
2017/02/03,11.77,11.97,11.70,11.86,27081409,320951808.00
2017/02/06,11.88,12.14,11.48,12.06,36498560,430075040.00
2017/02/07,11.92,12.23,11.88,12.15,30359921,366276992.00
2017/02/08,12.05,12.65,12.03,12.35,37056990,457462304.00
2017/02/09,12.38,12.78,12.16,12.29,33539137,417838048.00
2017/02/10,12.16,12.20,11.91,12.06,23867925,287069664.00
2017/02/13,12.05,12.07,11.71,11.92,18456180,218914080.00
2017/02/14,11.92,12.28,11.85,12.25,22969345,278515168.00
2017/02/15,12.27,12.27,11.54,11.72,23443179,279170336.00
2017/02/16,11.65,11.83,11.55,11.75,12960905,151622416.00
2017/02/17,11.76,11.79,11.12,11.46,18346824,210593488.00
2017/02/20,11.36,11.57,11.18,11.41,10646639,120778976.00
2017/02/21,11.46,11.86,11.35,11.58,14660631,170974576.00
2017/02/22,11.67,11.86,11.51,11.77,13222792,155001440.00
2017/02/23,11.85,11.85,11.40,11.49,12652414,146136224.00
2017/02/24,11.52,11.52,11.31,11.39,7945092,90506504.00
2017/02/27,11.46,11.56,11.22,11.35,10535573,120072040.00
2017/02/28,11.41,11.61,11.35,11.57,9246636,106263496.00
2017/03/01,11.60,11.62,11.40,11.44,7979335,91680568.00
2017/03/02,11.48,11.57,11.00,11.03,10858032,122352360.00
2017/03/03,11.04,11.18,10.90,11.02,9003992,99406232.00
2017/03/06,11.07,11.56,11.01,11.53,13300717,150862064.00
2017/03/07,11.49,11.52,11.34,11.38,7785754,88864344.00
2017/03/08,11.40,11.56,11.34,11.48,8058157,92455384.00
2017/03/09,11.51,12.63,11.42,12.63,30904759,370402496.00
2017/03/10,12.76,13.17,12.63,12.91,50459980,651097664.00
2017/03/13,12.79,12.90,12.26,12.49,24929625,310505888.00
2017/03/14,12.50,12.58,12.10,12.30,19673887,242674960.00
2017/03/15,12.30,12.32,12.02,12.19,12487273,151817264.00
2017/03/16,12.30,12.51,12.13,12.40,15095862,186425696.00
2017/03/17,12.35,12.44,11.91,11.94,18290922,222014064.00
2017/03/20,12.03,12.37,11.92,12.19,11292352,137636912.00
2017/03/21,12.22,12.23,11.97,12.09,8055023,97177680.00
2017/03/22,12.07,13.30,11.94,13.30,34211551,433673568.00
2017/03/23,13.10,13.38,12.69,12.94,33392292,433667104.00
2017/03/24,12.85,14.18,12.71,13.49,45615346,616712320.00
2017/03/27,13.40,13.96,13.03,13.58,28958275,391231072.00
2017/03/28,13.50,14.20,13.36,13.71,24000920,331376928.00
2017/03/29,13.60,13.74,13.19,13.22,19375611,258598976.00
2017/03/30,13.20,13.46,12.73,12.79,15145209,198302976.00
2017/03/31,12.74,13.61,12.74,13.32,16764228,222679488.00
2017/04/05,13.44,13.65,12.98,13.58,16350096,219106912.00
2017/04/06,13.58,13.84,13.35,13.59,14621530,199035024.00
2017/04/07,13.59,14.20,13.41,14.17,25552185,356179008.00
2017/04/10,14.08,14.43,13.85,13.91,18207478,255593488.00
2017/04/11,13.86,13.99,13.39,13.78,17547303,239983024.00
2017/04/12,13.76,14.39,13.62,14.23,18841978,265223712.00
2017/04/13,14.32,14.62,14.01,14.06,16727382,238445136.00
2017/04/14,13.98,14.24,13.77,14.05,12263683,172305024.00
2017/04/17,13.87,13.92,13.41,13.55,13055326,178379232.00
2017/04/18,13.55,13.78,12.52,12.62,14217791,187992624.00
2017/04/19,12.69,12.79,11.80,12.36,16252621,197720416.00
2017/04/20,12.36,12.63,12.23,12.36,7712175,95821528.00
2017/04/21,12.70,13.56,12.44,12.55,16278919,210679760.00
2017/04/24,12.41,12.54,11.35,11.63,15466983,183326384.00
2017/04/25,11.69,11.86,11.42,11.46,7916547,91830000.00
2017/04/26,11.46,11.67,11.17,11.20,7554820,86047584.00
2017/04/27,11.20,11.82,11.00,11.51,10620299,121092624.00
2017/04/28,11.41,11.79,11.27,11.49,7799602,89741336.00
2017/05/02,11.48,11.52,11.29,11.40,4399094,50047344.00
2017/05/03,11.41,11.47,11.11,11.30,5853672,65951288.00
2017/05/04,11.30,11.63,11.21,11.59,7362037,84427056.00
2017/05/05,11.50,11.57,11.33,11.40,5148781,58906504.00
2017/05/08,11.40,11.45,11.22,11.27,4468600,50612700.00
2017/05/09,11.30,11.36,11.03,11.20,4818770,53883332.00
2017/05/10,11.09,11.25,10.45,10.52,8992060,97326800.00
2017/05/11,10.40,10.40,9.48,9.99,14084540,140200912.00
2017/05/12,9.88,10.06,9.72,9.82,6337417,62483680.00
2017/05/15,9.81,9.96,9.80,9.85,3137371,30967748.00
2017/05/16,9.82,10.00,9.41,9.97,5759321,55875144.00
2017/05/17,10.01,10.73,9.99,10.43,7903749,82500856.00
2017/05/18,10.33,10.60,10.20,10.28,4601300,47922040.00
2017/05/19,10.29,10.72,10.29,10.56,4935769,52080848.00
2017/05/22,10.55,10.57,10.16,10.19,3994209,41332060.00
2017/05/23,10.25,10.29,9.70,9.81,4000920,39914336.00
2017/05/24,9.79,10.18,9.60,10.13,3947942,39200788.00
2017/05/25,10.10,10.30,9.96,10.18,3437835,34898824.00
2017/05/26,10.21,10.49,10.21,10.26,2771858,28591944.00
2017/05/31,10.31,10.45,9.98,10.02,3345832,34320220.00
2017/06/01,10.02,10.14,9.85,9.92,2791910,27890676.00
2017/06/02,9.95,10.19,9.68,10.12,3238631,32104904.00
2017/06/05,10.02,10.20,10.02,10.15,1977208,20011624.00
2017/06/06,10.19,10.19,10.03,10.09,2092200,21143140.00
2017/06/07,10.13,10.40,10.10,10.37,3688311,38010016.00
2017/06/08,10.38,10.45,10.25,10.29,2366701,24424080.00
2017/06/09,10.28,10.33,10.15,10.23,2424857,24792952.00
2017/06/12,10.19,10.24,9.82,9.90,5068110,50697872.00
2017/06/13,9.93,10.08,9.77,10.01,3177876,31638156.00
2017/06/14,10.01,10.18,9.95,10.15,3128400,31554040.00
2017/06/15,10.14,10.37,10.06,10.19,4855301,49743964.00
2017/06/16,10.32,10.32,10.07,10.17,3019306,30720524.00
2017/06/19,10.15,10.18,10.06,10.16,2525899,25582260.00
2017/06/20,10.17,10.29,10.13,10.21,3344390,34138840.00
2017/06/21,10.21,10.52,10.15,10.49,5433241,56077128.00
2017/06/22,10.44,10.49,10.16,10.21,4719500,48881452.00
2017/06/23,10.16,10.24,10.00,10.20,2888697,29276868.00
2017/06/26,10.17,10.46,10.16,10.28,4750285,49208000.00
2017/06/27,10.29,11.31,10.19,10.90,10099571,107068224.00
2017/06/28,10.80,11.22,10.64,10.98,9638884,105230688.00
2017/06/29,10.89,11.16,10.70,10.75,7674807,83796016.00
2017/06/30,10.72,11.15,10.70,10.94,6278963,68478352.00
2017/07/03,10.85,11.30,10.85,11.24,7857741,87616144.00
2017/07/04,11.32,11.63,11.25,11.45,10267130,117666304.00
2017/07/05,11.45,11.55,11.29,11.43,6328269,72243904.00
2017/07/06,11.45,11.65,11.29,11.63,6338101,72762272.00
2017/07/07,11.65,11.78,11.52,11.62,6107547,71344976.00
2017/07/10,11.55,11.72,11.20,11.61,8108862,92321496.00
2017/07/11,11.43,11.58,11.29,11.40,3966653,45392632.00
2017/07/12,11.44,11.49,11.02,11.38,5213969,58542868.00
2017/07/13,11.31,11.39,11.10,11.36,4424678,49635132.00
2017/07/14,11.36,11.44,11.23,11.29,2556127,28988460.00
2017/07/17,11.25,11.26,10.18,10.21,7395901,78984688.00
2017/07/18,10.10,10.53,10.02,10.40,5274907,54205980.00
2017/07/19,10.37,10.65,10.29,10.52,4366605,45932252.00
2017/07/20,10.61,10.64,10.45,10.48,3397970,35789020.00
2017/07/21,10.49,10.78,10.41,10.47,4400469,46691700.00
2017/07/24,10.47,10.52,10.25,10.40,3756178,38922560.00
2017/07/25,10.38,10.41,10.20,10.23,3426166,35224292.00
2017/07/26,10.23,10.35,10.15,10.22,4241704,43336548.00
2017/07/27,10.21,10.38,10.10,10.30,3311800,33953452.00
2017/07/28,10.25,10.44,10.25,10.38,2912400,30241166.00
2017/08/02,10.32,10.32,10.32,10.32,0,0.00
数据来源:通达信
