601238 广汽集团 日线 前复权
      日期	    开盘	    最高	    最低	    收盘	    成交量	    成交额
2012/03/29,8.69,9.44,8.00,8.09,153671101,1494620288.00
2012/03/30,8.09,8.26,7.36,7.41,43431582,383016256.00
2012/04/05,7.41,7.52,7.13,7.50,29847426,251199536.00
2012/04/06,7.47,8.08,7.26,7.93,39224256,343598464.00
2012/04/09,7.74,7.85,7.47,7.48,21836041,191111664.00
2012/04/10,7.34,7.64,7.22,7.59,17837854,151600864.00
2012/04/11,7.39,7.75,7.32,7.47,18063029,156309040.00
2012/04/12,7.40,7.64,7.32,7.61,17338469,149371056.00
2012/04/13,7.60,7.66,7.51,7.53,16142765,140236480.00
2012/04/16,7.43,7.44,7.27,7.33,14799666,125358480.00
2012/04/17,7.33,7.41,7.19,7.26,12576695,105581648.00
2012/04/18,7.28,7.54,7.25,7.46,15667297,133494832.00
2012/04/19,7.49,7.57,7.33,7.36,11677922,99845032.00
2012/04/23,7.42,7.47,7.26,7.29,11187740,94352328.00
2012/04/24,7.24,7.36,6.78,6.98,15112399,123157056.00
2012/04/25,6.95,7.06,6.87,7.03,11758049,94900080.00
2012/04/26,6.99,7.02,6.90,6.94,9368137,75587760.00
2012/04/27,6.95,7.34,6.91,7.19,16939439,140815696.00
2012/05/02,7.24,7.73,7.19,7.58,24544355,210388832.00
2012/05/03,7.49,7.55,7.36,7.45,13761233,117726544.00
2012/05/04,7.41,7.54,7.34,7.43,9356618,80022560.00
2012/05/07,7.37,7.42,7.24,7.33,12320550,103872448.00
2012/05/08,7.33,7.51,7.15,7.42,12897421,109061136.00
2012/05/09,7.34,7.36,7.21,7.22,7295439,61142916.00
2012/05/10,7.27,7.32,7.10,7.23,6391720,53163792.00
2012/05/11,7.19,7.29,7.13,7.16,4692899,38995104.00
2012/05/14,7.23,7.33,7.07,7.08,7273994,60367956.00
2012/05/15,7.03,7.17,6.96,7.15,5446436,44532836.00
2012/05/16,7.10,7.15,6.93,6.94,5132830,41716400.00
2012/05/17,6.95,7.13,6.93,7.10,7057816,57567156.00
2012/05/18,6.99,7.05,6.91,6.95,5179765,41824496.00
2012/05/21,6.95,7.01,6.89,6.92,3511399,28253958.00
2012/05/22,6.97,7.04,6.95,7.01,4050014,32804980.00
2012/05/23,6.98,7.03,6.93,7.02,4148992,33559612.00
2012/05/24,6.99,7.01,6.89,6.91,4277130,34462212.00
2012/05/25,6.92,6.95,6.72,6.75,5735341,45476812.00
2012/05/28,6.64,7.25,6.58,7.20,16955151,136114224.00
2012/05/29,7.14,7.34,7.09,7.21,15639187,130236640.00
2012/05/30,7.17,7.24,7.10,7.13,7185899,59376232.00
2012/05/31,7.08,7.09,6.93,6.96,8410673,68219360.00
2012/06/01,6.94,7.02,6.84,6.88,4618435,37136768.00
2012/06/04,6.75,6.98,6.64,6.65,7835773,61782964.00
2012/06/05,6.67,6.74,6.59,6.69,3634629,28284080.00
2012/06/06,6.69,6.74,6.55,6.63,4973499,38550208.00
2012/06/07,6.75,6.78,6.55,6.58,4929891,38281668.00
2012/06/08,6.67,6.71,6.47,6.51,7205298,55507040.00
2012/06/11,6.53,6.64,6.47,6.61,5357691,41143340.00
2012/06/12,6.56,6.59,6.49,6.51,3644205,27836348.00
2012/06/13,6.52,6.63,6.50,6.61,11248614,86195816.00
2012/06/14,6.61,6.72,6.55,6.58,8065132,62583380.00
2012/06/15,6.60,6.63,6.52,6.58,5371663,41297368.00
2012/06/18,6.61,6.87,6.61,6.75,12651534,99626840.00
2012/06/19,6.70,6.81,6.69,6.80,7251878,56989240.00
2012/06/20,6.81,6.84,6.71,6.75,3293542,25926496.00
2012/06/25,6.64,6.65,6.44,6.46,5141439,39488644.00
2012/06/26,6.44,6.70,6.42,6.58,5500902,42294800.00
2012/06/27,6.59,6.80,6.54,6.67,6996470,54672920.00
2012/06/28,6.66,6.75,6.53,6.54,2291266,17669744.00
2012/06/29,6.53,6.63,6.48,6.59,2067326,15860484.00
2012/07/02,6.52,6.55,5.88,5.98,20401908,147093424.00
2012/07/03,5.96,6.03,5.85,5.92,10094503,71310512.00
2012/07/04,5.94,6.00,5.83,5.87,8871968,62175276.00
2012/07/05,5.86,5.86,5.65,5.71,6496323,44461448.00
2012/07/06,5.75,6.17,5.74,6.13,19501449,138364144.00
2012/07/09,6.07,6.14,5.89,5.90,4536368,32291976.00
2012/07/10,5.90,6.07,5.89,5.94,4030944,28733980.00
2012/07/11,5.95,6.21,5.95,6.12,6411059,46433672.00
2012/07/12,6.18,6.24,5.99,6.20,5152084,37342908.00
2012/07/13,6.15,6.30,6.13,6.27,4895515,36058780.00
2012/07/16,6.20,6.26,5.90,5.94,2368318,16966184.00
2012/07/17,5.90,6.17,5.89,6.16,2809563,20254048.00
2012/07/18,6.15,6.28,6.09,6.21,3259921,23889402.00
2012/07/19,6.23,6.34,6.22,6.31,2287984,16944626.00
2012/07/20,6.29,6.29,6.14,6.14,1568973,11442579.00
2012/07/23,6.11,6.60,6.06,6.41,4628485,34764748.00
2012/07/24,6.39,6.39,6.19,6.33,2401212,17768886.00
2012/07/25,6.38,6.40,6.28,6.31,1438580,10453858.00
2012/07/26,6.29,6.45,6.27,6.43,2434169,17828536.00
2012/07/27,6.42,6.55,6.38,6.52,3287386,24310168.00
2012/07/30,6.48,6.54,6.35,6.43,1741977,12830888.00
2012/07/31,6.43,6.45,6.26,6.38,2512588,18321910.00
2012/08/01,6.38,6.58,6.32,6.54,3329238,24738134.00
2012/08/02,6.52,6.53,6.37,6.44,1810717,13322924.00
2012/08/03,6.44,6.55,6.30,6.54,2770593,20433460.00
2012/08/06,6.49,6.66,6.44,6.58,2861195,21423412.00
2012/08/07,6.55,6.63,6.54,6.57,1716296,12850629.00
2012/08/08,6.57,6.57,6.42,6.45,1860842,13728855.00
2012/08/09,6.48,6.48,6.30,6.42,1880060,13745080.00
2012/08/10,6.42,6.47,6.30,6.31,1994772,14501525.00
2012/08/13,6.34,6.34,6.16,6.17,1994676,14247432.00
2012/08/14,6.10,6.40,6.10,6.40,2375508,17129180.00
2012/08/15,6.38,6.38,6.23,6.26,1376363,9909802.00
2012/08/16,6.18,6.34,6.18,6.24,487650,3493853.00
2012/08/17,6.24,6.27,6.17,6.21,591320,4205281.00
2012/08/20,6.21,6.22,6.07,6.13,1305137,9178499.00
2012/08/21,6.07,6.20,6.07,6.14,1190500,8408177.00
2012/08/22,6.17,6.20,5.77,5.84,6927337,47084388.00
2012/08/23,5.83,5.87,5.77,5.85,1832634,12329203.00
2012/08/24,5.85,5.85,5.64,5.67,2278392,15096748.00
2012/08/27,5.67,5.69,5.30,5.33,2845860,18112216.00
2012/08/28,5.37,5.43,5.24,5.28,4521293,28090168.00
2012/08/29,5.28,5.33,5.20,5.22,2266407,13999227.00
2012/08/30,5.22,5.26,5.09,5.18,1722643,10500828.00
2012/08/31,5.19,5.26,5.15,5.24,1229627,7540040.00
2012/09/03,5.24,5.30,5.20,5.26,2851549,17569654.00
2012/09/04,5.28,5.30,5.02,5.05,3122824,18903542.00
2012/09/05,5.01,5.07,4.93,4.96,3199247,18854300.00
2012/09/06,4.96,5.01,4.93,4.96,4631382,27165502.00
2012/09/07,5.00,5.33,4.96,5.18,20350091,122757248.00
2012/09/10,5.17,5.19,5.08,5.17,16165753,97618080.00
2012/09/11,5.13,5.13,4.96,5.03,17325760,102503000.00
2012/09/12,5.04,5.07,4.86,4.97,21376154,125615840.00
2012/09/13,4.96,5.00,4.86,4.86,17077340,99569992.00
2012/09/14,4.93,5.01,4.87,4.98,17469543,102394864.00
2012/09/17,4.92,4.93,4.50,4.62,25774158,143528800.00
2012/09/18,4.53,4.61,4.49,4.58,16681376,90638672.00
2012/09/19,4.55,4.65,4.53,4.58,7449891,40955288.00
2012/09/20,4.58,4.59,4.31,4.37,11471708,61544628.00
2012/09/21,4.40,4.46,4.37,4.43,8689423,46381736.00
2012/09/24,4.36,4.41,4.27,4.33,10132253,53143344.00
2012/09/25,4.32,4.36,4.22,4.23,7108180,36880576.00
2012/09/26,4.20,4.26,4.09,4.12,7216055,36466936.00
2012/09/27,4.10,4.29,4.06,4.23,10978434,55740672.00
2012/09/28,4.17,4.44,4.15,4.41,16912590,87675280.00
2012/10/08,4.34,4.36,4.23,4.28,12256267,63518608.00
2012/10/09,4.27,4.44,4.27,4.39,13972616,73554096.00
2012/10/10,4.36,4.57,4.34,4.52,21618056,116586448.00
2012/10/11,4.48,4.49,4.36,4.40,10210217,54453564.00
2012/10/12,4.41,4.47,4.32,4.35,6176261,32240152.00
2012/10/15,4.33,4.35,4.18,4.23,7292209,37064704.00
2012/10/16,4.24,4.30,4.19,4.24,4021149,20482536.00
2012/10/17,4.21,4.27,4.17,4.23,5296589,26769344.00
2012/10/18,4.24,4.34,4.24,4.32,9400178,48396200.00
2012/10/19,4.33,4.41,4.29,4.39,11181131,58171608.00
2012/10/22,4.36,4.42,4.32,4.40,7266741,37938308.00
2012/10/23,4.41,4.59,4.37,4.49,19634020,104838128.00
2012/10/24,4.44,4.59,4.41,4.55,14154501,75767480.00
2012/10/25,4.58,4.58,4.39,4.39,12655239,67481088.00
2012/10/26,4.40,4.43,4.21,4.26,8003439,40957976.00
2012/10/29,4.24,4.34,4.21,4.26,4562807,23362560.00
2012/10/30,4.28,4.30,4.22,4.23,4594509,23423476.00
2012/10/31,4.24,4.26,4.20,4.26,2910380,14756974.00
2012/11/01,4.25,4.36,4.24,4.35,6225090,32140840.00
2012/11/02,4.34,4.39,4.30,4.35,5558396,28769834.00
2012/11/05,4.35,4.41,4.33,4.38,5218516,27175096.00
2012/11/06,4.38,4.42,4.27,4.33,4452911,23069228.00
2012/11/07,4.33,4.50,4.29,4.45,10152104,53446808.00
2012/11/08,4.44,4.44,4.26,4.27,7243455,37430736.00
2012/11/09,4.26,4.28,4.19,4.22,4227003,21434704.00
2012/11/12,4.27,4.29,4.24,4.27,2423566,12357725.00
2012/11/13,4.26,4.26,4.14,4.15,3449009,17360764.00
2012/11/14,4.16,4.21,4.15,4.20,2450253,12296202.00
2012/11/15,4.17,4.20,4.03,4.18,6892594,34242412.00
2012/11/16,4.14,4.14,4.06,4.09,3064976,15099876.00
2012/11/19,4.09,4.13,4.05,4.11,2678918,13204096.00
2012/11/20,4.12,4.14,4.06,4.09,2499340,12346695.00
2012/11/21,4.08,4.20,4.07,4.18,3001028,14965864.00
2012/11/22,4.16,4.22,4.12,4.19,4516784,22681428.00
2012/11/23,4.19,4.30,4.17,4.28,6293319,32111752.00
2012/11/26,4.28,4.44,4.28,4.34,7875947,40889072.00
2012/11/27,4.34,4.34,4.19,4.22,4930861,25073888.00
2012/11/28,4.16,4.18,4.09,4.15,2561703,12765442.00
2012/11/29,4.17,4.54,4.13,4.34,9281873,48314496.00
2012/11/30,4.32,4.51,4.32,4.47,12709884,67266456.00
2012/12/03,4.43,4.52,4.28,4.30,6834208,35844444.00
2012/12/04,4.29,4.72,4.27,4.70,16990920,91542888.00
2012/12/05,4.64,4.88,4.60,4.79,24416400,136540704.00
2012/12/06,4.71,4.79,4.65,4.71,11319995,62828052.00
2012/12/07,4.73,4.90,4.71,4.80,17443964,98573784.00
2012/12/10,4.77,4.84,4.71,4.79,14904612,83690192.00
2012/12/11,4.78,5.00,4.68,4.89,17008187,96926976.00
2012/12/12,4.86,4.94,4.77,4.91,10322893,58745300.00
2012/12/13,4.84,4.88,4.75,4.78,6619798,37388448.00
2012/12/14,4.80,5.01,4.68,4.90,15996885,91653472.00
2012/12/17,4.88,5.23,4.83,5.14,23028608,135305664.00
2012/12/18,5.06,5.20,4.99,5.06,11984485,71064400.00
2012/12/19,5.06,5.24,4.97,5.11,14469507,86282008.00
2012/12/20,5.06,5.11,4.97,5.02,9101505,53362844.00
2012/12/21,5.03,5.20,4.98,5.05,10081640,59714700.00
2012/12/24,5.02,5.26,4.92,5.16,9606441,57355344.00
2012/12/25,5.13,5.37,5.04,5.33,14841365,90307288.00
2012/12/26,5.34,5.43,5.25,5.35,9516777,58644776.00
2012/12/27,5.36,5.39,5.24,5.25,8037465,49191572.00
2012/12/28,5.22,5.34,5.21,5.32,7766480,47583796.00
2012/12/31,5.33,5.36,5.21,5.27,8491517,51966396.00
2013/01/04,5.31,5.33,5.18,5.23,8306932,50591036.00
2013/01/07,5.21,5.26,5.17,5.20,7345742,44447240.00
2013/01/08,5.23,5.34,5.21,5.30,10687836,65561072.00
2013/01/09,5.29,5.42,5.16,5.38,12393527,76205256.00
2013/01/10,5.34,5.59,5.29,5.51,14215886,89452272.00
2013/01/11,5.51,5.53,5.18,5.27,8958816,55427224.00
2013/01/14,5.17,5.36,5.14,5.33,13167071,80610192.00
2013/01/15,5.32,5.44,5.22,5.38,13840846,85144784.00
2013/01/16,5.33,5.35,5.17,5.23,7775051,47401704.00
2013/01/17,5.23,5.25,4.96,5.03,8460445,50265872.00
2013/01/18,5.03,5.23,5.02,5.16,8257227,49258976.00
2013/01/21,5.18,5.28,5.10,5.25,6935257,42066760.00
2013/01/22,5.24,5.24,5.05,5.09,6028086,36113956.00
2013/01/23,5.11,5.14,4.87,5.01,8639225,50486936.00
2013/01/24,5.01,5.09,4.88,4.91,5771289,33767224.00
2013/01/25,4.91,5.02,4.86,4.97,4019068,23277056.00
2013/01/28,4.94,5.55,4.88,5.55,22062127,135968864.00
2013/01/29,5.75,5.98,5.57,5.85,31085914,206298272.00
2013/01/30,5.79,6.22,5.71,6.03,22275505,151943264.00
2013/01/31,5.96,5.97,5.79,5.88,12583206,84359488.00
2013/02/01,5.81,5.91,5.64,5.80,12540056,83134120.00
2013/02/04,5.77,6.01,5.65,5.76,13091992,87242832.00
2013/02/05,5.76,5.81,5.62,5.71,8965435,58794816.00
2013/02/06,5.69,5.89,5.66,5.86,8371929,55406128.00
2013/02/07,5.81,6.00,5.75,5.92,6840200,45916564.00
2013/02/08,6.00,6.30,5.86,6.13,11375241,79153344.00
2013/02/18,6.10,6.21,5.96,5.99,8069384,55752296.00
2013/02/19,6.04,6.04,5.62,5.72,8599508,56487600.00
2013/02/20,5.73,5.81,5.63,5.77,5055624,33220084.00
2013/02/21,5.67,5.72,5.41,5.46,6000112,38141320.00
2013/02/22,5.48,5.52,5.36,5.45,4675923,29444660.00
2013/02/25,5.48,5.52,5.37,5.43,3974963,24950130.00
2013/02/26,5.38,5.46,5.34,5.34,3655243,22792174.00
2013/02/27,5.34,5.51,5.34,5.47,4065142,25451122.00
2013/02/28,5.46,5.57,5.40,5.55,6091278,38604164.00
2013/03/01,5.55,5.61,5.39,5.49,5919679,37478716.00
2013/03/04,5.43,5.44,4.86,4.97,10142407,60224540.00
2013/03/05,4.97,5.05,4.92,5.01,6362806,37011576.00
2013/03/06,5.03,5.11,4.97,5.07,5379777,31648508.00
2013/03/07,5.02,5.17,5.01,5.12,5390526,32006942.00
2013/03/08,5.12,5.23,5.01,5.06,4303525,25686964.00
2013/03/11,5.01,5.03,4.90,5.00,2214225,12891887.00
2013/03/12,4.96,5.05,4.82,4.89,2787078,16072566.00
2013/03/13,4.88,4.94,4.66,4.74,4402085,24577808.00
2013/03/14,4.71,4.81,4.71,4.81,2397072,13470022.00
2013/03/15,4.83,4.98,4.69,4.82,4371535,24954628.00
2013/03/18,4.85,4.91,4.66,4.72,4533707,25626832.00
2013/03/19,4.82,4.83,4.61,4.74,3127803,17309768.00
2013/03/20,4.74,5.30,4.74,5.30,16878194,100136600.00
2013/03/21,5.36,5.46,5.19,5.28,11512248,70994040.00
2013/03/22,5.18,5.28,5.11,5.24,5585163,33743232.00
2013/03/25,5.22,5.34,5.17,5.24,4749754,28934532.00
2013/03/26,5.20,5.24,5.00,5.13,4021076,23903840.00
2013/03/27,5.11,5.26,5.09,5.12,3144937,18972580.00
2013/03/28,5.07,5.07,4.77,4.88,3107106,17887064.00
2013/03/29,5.01,5.05,4.87,4.90,3013547,17474252.00
2013/04/01,4.76,4.94,4.75,4.92,3408711,19355408.00
2013/04/02,4.91,4.95,4.80,4.84,2381068,13589957.00
2013/04/03,4.84,4.86,4.75,4.78,1792528,10085893.00
2013/04/08,4.76,4.76,4.56,4.65,4384512,23937384.00
2013/04/09,4.66,4.78,4.62,4.74,3396746,18810310.00
2013/04/10,4.74,4.80,4.68,4.70,2867702,15969778.00
2013/04/11,4.82,5.16,4.82,4.91,6391200,37110040.00
2013/04/12,4.91,4.92,4.76,4.77,4500024,25426076.00
2013/04/15,4.76,5.01,4.76,4.86,4391652,25192672.00
2013/04/16,4.93,5.06,4.84,5.04,4367617,25390536.00
2013/04/17,5.00,5.11,4.97,5.08,3291328,19349880.00
2013/04/18,5.03,5.10,4.97,5.01,2549581,14968135.00
2013/04/19,5.08,5.21,5.00,5.19,4352757,25969144.00
2013/04/22,5.17,5.28,5.09,5.28,4084095,24650526.00
2013/04/23,5.27,5.27,5.00,5.04,3821672,22670056.00
2013/04/24,5.01,5.19,4.99,5.08,6436144,38090904.00
2013/04/25,5.08,5.15,4.94,4.97,3781888,22305004.00
2013/04/26,4.97,5.04,4.89,4.89,3869404,22498080.00
2013/05/02,4.81,4.84,4.72,4.76,4460732,25071100.00
2013/05/03,4.78,5.23,4.76,5.10,6111362,35771832.00
2013/05/06,5.11,5.36,5.04,5.27,6534242,39568516.00
2013/05/07,5.30,5.41,5.21,5.33,7196613,44380296.00
2013/05/08,5.42,5.62,5.30,5.42,10901039,68645984.00
2013/05/09,5.40,5.49,5.27,5.32,5730962,35575424.00
2013/05/10,5.34,5.94,5.33,5.94,10799069,72009744.00
2013/05/13,6.25,6.62,6.19,6.46,30800252,222570768.00
2013/05/14,6.37,6.45,6.10,6.25,13069666,92606032.00
2013/05/15,6.21,6.24,5.92,6.10,10771954,74028560.00
2013/05/16,6.16,6.18,5.96,6.04,11532975,79418120.00
2013/05/17,5.97,6.20,5.91,6.13,11233954,77606480.00
2013/05/20,6.08,6.15,5.96,6.12,9766591,67163944.00
2013/05/21,6.11,6.33,5.96,6.24,12492435,88051464.00
2013/05/22,6.24,6.95,6.19,6.95,14863722,113356616.00
2013/05/23,7.24,7.35,6.78,6.79,22053736,173920048.00
2013/05/24,6.80,7.55,6.66,7.48,25905852,211178880.00
2013/05/27,7.36,8.31,7.19,8.31,23574209,208316656.00
2013/05/28,8.56,8.85,8.16,8.37,28263252,263877248.00
2013/05/29,8.26,9.29,8.17,9.29,40494481,401721760.00
2013/05/30,8.96,9.36,8.71,9.15,36585754,362079808.00
2013/05/31,9.04,9.04,8.30,8.33,28633641,269776160.00
2013/06/03,8.32,8.54,8.10,8.35,23261860,212256624.00
2013/06/04,8.34,8.34,7.68,8.03,23346765,206011104.00
2013/06/05,7.98,8.14,7.89,8.05,13971119,123813296.00
2013/06/06,7.94,8.21,7.71,7.79,18691110,164176656.00
2013/06/07,7.80,7.87,7.41,7.63,22769786,192273776.00
2013/06/13,7.46,7.49,6.93,7.18,19056503,152042096.00
2013/06/14,7.28,7.45,7.17,7.35,16751411,136673408.00
2013/06/17,7.26,7.50,7.11,7.41,16477046,134505296.00
2013/06/18,7.44,7.73,7.36,7.60,19780005,165736992.00
2013/06/19,7.54,7.54,7.22,7.46,12134537,99986248.00
2013/06/20,7.34,7.39,7.07,7.12,10585674,85562856.00
2013/06/21,6.89,7.29,6.76,7.10,9808746,77107688.00
2013/06/24,7.06,7.07,6.31,6.32,12789181,95258464.00
2013/06/25,6.19,6.64,5.82,6.52,17399269,123656800.00
2013/06/26,6.42,6.71,6.37,6.69,14458709,106929480.00
2013/06/27,6.66,6.82,6.43,6.45,14912343,111833672.00
2013/06/28,6.26,6.76,6.26,6.52,8309672,60947568.00
2013/07/01,6.37,6.76,6.28,6.74,9876725,73943520.00
2013/07/02,6.79,6.92,6.66,6.91,8211959,62559352.00
2013/07/03,6.84,6.84,6.49,6.69,10807286,80993752.00
2013/07/04,6.64,7.04,6.44,6.86,15425436,117737408.00
2013/07/05,6.85,7.01,6.74,6.75,9528484,73169816.00
2013/07/08,6.60,7.09,6.30,6.98,20094650,154310016.00
2013/07/09,6.87,7.54,6.85,7.36,17274344,140493552.00
2013/07/10,7.16,7.54,7.16,7.53,9492320,78481344.00
2013/07/11,7.50,7.96,7.38,7.56,10783734,91530872.00
2013/07/12,7.56,7.75,7.26,7.28,9394752,77818648.00
2013/07/15,7.44,7.58,7.33,7.47,6684691,55256288.00
2013/07/16,7.49,7.76,7.30,7.70,11028090,92962176.00
2013/07/17,7.61,7.72,7.45,7.46,3984269,33401256.00
2013/07/18,7.36,7.56,7.26,7.34,4600064,37591768.00
2013/07/19,7.36,7.46,6.88,6.89,5596728,44760084.00
2013/07/22,6.86,7.02,6.73,6.94,4237713,32583772.00
2013/07/23,6.94,7.18,6.88,7.13,5570021,43869980.00
2013/07/24,7.11,7.16,6.71,6.98,7868749,60852236.00
2013/07/25,6.96,7.03,6.78,6.82,3630716,28048764.00
2013/07/26,6.82,6.86,6.59,6.62,3639720,27309264.00
2013/07/29,6.63,6.65,6.19,6.24,7191260,51139620.00
2013/07/30,6.22,6.31,6.06,6.25,5595605,39307328.00
2013/07/31,6.24,6.35,6.15,6.28,5800722,41075560.00
2013/08/01,6.34,6.46,6.21,6.44,6159396,44143736.00
2013/08/02,6.41,6.48,6.31,6.32,6355336,45724480.00
2013/08/05,6.32,6.92,6.20,6.90,13686648,100045376.00
2013/08/06,6.78,7.66,6.70,7.55,23542937,189731936.00
2013/08/07,7.47,8.09,7.31,7.67,21896954,187237424.00
2013/08/08,7.58,7.97,7.49,7.54,14372918,122458936.00
2013/08/09,7.57,7.76,7.24,7.44,12926966,106958768.00
2013/08/12,7.42,7.58,7.24,7.49,17097421,140704256.00
2013/08/13,7.42,7.42,7.21,7.30,14620219,118403232.00
2013/08/14,7.37,7.66,7.33,7.37,15954289,132375504.00
2013/08/15,7.28,7.37,7.08,7.10,10180530,81463384.00
2013/08/16,7.05,7.35,6.98,6.98,7128791,56594744.00
2013/08/19,6.84,7.11,6.82,7.04,4843463,37962068.00
2013/08/20,7.02,7.51,6.98,7.48,15137447,123092736.00
2013/08/21,7.49,7.49,7.28,7.41,5850027,47903336.00
2013/08/22,7.36,7.50,7.28,7.36,4854655,39860460.00
2013/08/23,7.38,7.46,7.07,7.35,6715035,54247100.00
2013/08/26,7.30,7.63,7.28,7.62,9944711,82570144.00
2013/08/27,7.59,7.59,7.38,7.45,4958541,40993296.00
2013/08/28,7.36,7.36,7.13,7.22,6730091,54143804.00
2013/08/29,7.22,7.28,7.16,7.24,3437008,27615680.00
2013/08/30,7.18,7.22,7.01,7.02,4521739,35732636.00
2013/09/02,7.07,7.58,7.07,7.51,12038412,98946608.00
2013/09/03,7.57,8.24,7.51,7.74,15417320,133715232.00
2013/09/04,7.66,8.11,7.56,7.88,12118139,105834080.00
2013/09/05,7.89,7.95,7.64,7.71,5729567,49249732.00
2013/09/06,7.71,8.03,7.62,8.01,8643955,75475136.00
2013/09/09,7.98,8.43,7.97,8.27,13927195,126051472.00
2013/09/10,8.26,8.27,8.01,8.13,8214956,73482088.00
2013/09/11,8.03,8.38,7.80,8.20,8632166,77344616.00
2013/09/12,8.18,8.18,7.96,7.99,5483838,48552632.00
2013/09/13,7.89,8.06,7.75,7.80,4846696,42016584.00
2013/09/16,7.78,7.95,7.61,7.73,5001512,43026120.00
2013/09/17,7.73,7.86,7.56,7.62,5903913,50430996.00
2013/09/18,7.66,7.78,7.40,7.56,4643818,38638132.00
2013/09/23,7.57,7.73,7.54,7.66,7557116,63842204.00
2013/09/24,7.63,7.66,7.34,7.43,9781933,80711424.00
2013/09/25,7.44,7.51,7.29,7.35,6069884,49659996.00
2013/09/26,7.36,7.41,7.14,7.18,5725283,46115128.00
2013/09/27,7.18,7.27,7.16,7.23,3359445,26965534.00
2013/09/30,7.33,7.35,7.23,7.29,3186184,25778900.00
2013/10/08,7.33,7.42,7.13,7.38,4963695,39854300.00
2013/10/09,7.38,7.44,7.30,7.44,9339118,75904792.00
2013/10/10,7.48,7.49,7.36,7.40,7106521,58211880.00
2013/10/11,7.40,7.79,7.36,7.74,12582350,105047720.00
2013/10/14,7.74,7.98,7.61,7.70,12068916,103493088.00
2013/10/15,7.73,7.83,7.62,7.81,8324308,70534272.00
2013/10/16,7.76,7.82,7.35,7.43,7066248,58771492.00
2013/10/17,7.49,7.57,7.35,7.42,4216931,34617540.00
2013/10/18,7.34,7.53,7.33,7.47,3213424,26316382.00
2013/10/21,7.46,7.68,7.39,7.64,5136906,42917064.00
2013/10/22,7.64,7.65,7.48,7.56,4085703,33952672.00
2013/10/23,7.56,7.61,7.24,7.38,5825591,47490820.00
2013/10/24,7.38,7.68,7.25,7.53,5136159,42451052.00
2013/10/25,7.45,7.57,7.20,7.28,4861530,39394824.00
2013/10/28,7.29,7.31,7.17,7.20,2711626,21681944.00
2013/10/29,7.28,7.29,6.54,6.74,6580845,50230756.00
2013/10/30,6.76,7.23,6.64,7.16,5779738,44730736.00
2013/10/31,7.26,7.68,7.24,7.53,13096018,108197760.00
2013/11/01,7.50,7.79,7.34,7.64,6657416,55906444.00
2013/11/04,7.64,7.99,7.64,7.66,9620506,82526080.00
2013/11/05,7.68,8.04,7.64,7.94,13105173,113767680.00
2013/11/06,7.89,8.01,7.79,7.84,6813649,58869284.00
2013/11/07,7.91,7.91,7.55,7.63,3313436,27935874.00
2013/11/08,7.63,8.03,7.55,7.76,6076033,52008176.00
2013/11/11,7.67,8.10,7.52,8.09,10483645,90931568.00
2013/11/12,8.08,8.44,8.03,8.07,10039150,89911296.00
2013/11/13,7.99,8.33,7.82,8.04,7503675,66208160.00
2013/11/14,7.94,8.69,7.93,8.63,13574775,123850368.00
2013/11/15,8.57,8.69,8.44,8.49,10017151,93275240.00
2013/11/18,8.42,8.67,8.39,8.55,9008609,83540936.00
2013/11/19,8.59,8.94,8.51,8.76,11887084,113729072.00
2013/11/20,8.92,9.02,8.50,8.77,7911678,74575336.00
2013/11/21,8.64,8.73,8.35,8.36,8591079,79115200.00
2013/11/22,8.39,8.72,8.29,8.69,7884609,73395032.00
2013/11/25,8.57,8.60,8.17,8.18,11559015,105401424.00
2013/11/26,8.05,8.44,7.77,8.35,12491572,109584080.00
2013/11/27,8.17,8.49,7.96,8.42,7738298,70030304.00
2013/11/28,8.36,8.54,8.27,8.32,4756242,43584160.00
2013/11/29,8.34,8.42,8.14,8.23,5118868,46361264.00
2013/12/02,8.13,8.18,7.82,7.87,6111703,53281404.00
2013/12/03,7.86,8.16,7.84,8.11,3839156,33857408.00
2013/12/04,8.14,8.70,8.00,8.55,10989739,101601032.00
2013/12/05,8.53,8.84,8.46,8.75,8259225,78116984.00
2013/12/06,8.89,8.94,8.55,8.61,5447758,51723428.00
2013/12/09,8.69,8.89,8.39,8.51,8807995,82858768.00
2013/12/10,8.53,8.62,8.32,8.46,5425762,49965588.00
2013/12/11,8.36,8.44,8.24,8.37,3779678,34362172.00
2013/12/12,8.34,8.44,8.26,8.36,3816555,34746208.00
2013/12/13,8.31,8.33,8.18,8.20,3814012,34355044.00
2013/12/16,8.20,8.24,7.94,7.96,4286224,37597288.00
2013/12/17,7.96,8.02,7.89,7.97,3154833,27503612.00
2013/12/18,8.04,8.04,7.89,7.91,1772879,15430842.00
2013/12/19,7.98,8.09,7.76,7.79,2590690,22404064.00
2013/12/20,7.84,7.89,7.46,7.60,4707542,39364824.00
2013/12/23,7.60,7.69,7.36,7.60,3324803,27641212.00
2013/12/24,7.63,7.91,7.60,7.88,5819326,49914804.00
2013/12/25,7.77,7.94,7.77,7.89,3289813,28360422.00
2013/12/26,7.89,7.91,7.61,7.78,2815025,23936934.00
2013/12/27,7.64,7.91,7.64,7.76,4393685,37491052.00
2013/12/30,7.79,7.80,7.51,7.57,4323460,36123896.00
2013/12/31,7.39,7.62,7.39,7.48,4616630,38151344.00
2014/01/02,7.47,7.50,7.15,7.22,9789944,78701984.00
2014/01/03,7.14,7.26,6.80,7.08,9469202,73044680.00
2014/01/06,7.09,7.27,6.99,7.23,10668624,83965016.00
2014/01/07,7.22,7.34,6.92,7.03,5594907,43753724.00
2014/01/08,7.03,7.13,6.82,6.90,4619656,35496592.00
2014/01/09,6.90,6.94,6.69,6.70,7624968,57447700.00
2014/01/10,6.67,6.72,6.52,6.55,3011277,22143428.00
2014/01/13,6.58,6.64,6.32,6.39,5115971,36750876.00
2014/01/14,6.42,6.73,6.41,6.64,7033024,51801432.00
2014/01/15,6.59,6.70,6.43,6.61,4864908,35561908.00
2014/01/16,6.59,6.78,6.55,6.68,4974955,36976884.00
2014/01/17,6.64,6.64,6.48,6.51,3870734,28249724.00
2014/01/20,6.54,6.59,6.41,6.43,3709633,26884118.00
2014/01/21,6.40,6.59,6.40,6.51,3348706,24296940.00
2014/01/22,6.55,6.86,6.48,6.83,7818799,58541920.00
2014/01/23,6.84,6.95,6.76,6.88,5414668,41419636.00
2014/01/24,6.91,7.01,6.83,6.91,3855680,29683446.00
2014/01/27,6.87,6.87,6.75,6.81,2917248,22074276.00
2014/01/28,6.80,6.93,6.71,6.93,5844370,44176748.00
2014/01/29,7.01,7.03,6.84,6.90,4841874,37100440.00
2014/01/30,6.83,6.94,6.72,6.74,2912329,21927692.00
2014/02/07,6.65,6.72,6.51,6.71,3255216,23966716.00
2014/02/10,6.71,7.27,6.71,7.25,12063748,95131728.00
2014/02/11,7.33,7.41,7.04,7.18,8773599,70014240.00
2014/02/12,7.18,7.28,7.09,7.20,5682328,45067648.00
2014/02/13,7.17,7.44,7.14,7.21,9121350,73496112.00
2014/02/14,7.20,7.26,7.06,7.17,6318234,49839612.00
2014/02/17,7.20,7.96,7.15,7.96,31709726,268089472.00
2014/02/18,7.96,8.01,7.70,7.82,20295823,173933936.00
2014/02/19,7.80,7.86,7.58,7.69,14465696,122045296.00
2014/02/20,7.73,7.74,7.34,7.37,13043655,107741152.00
2014/02/21,7.40,7.55,7.21,7.48,11929196,96973104.00
2014/02/24,7.38,7.39,7.00,7.17,10772849,85130936.00
2014/02/25,7.12,7.17,6.75,6.88,9770351,75877776.00
2014/02/26,6.82,7.05,6.75,6.98,7706940,59152040.00
2014/02/27,6.98,7.34,6.91,6.93,12755379,100046808.00
2014/02/28,6.86,7.00,6.75,6.96,7964365,60767572.00
2014/03/03,6.95,7.18,6.86,7.10,8437409,66134464.00
2014/03/04,7.08,7.11,6.90,7.01,6476360,50284980.00
2014/03/05,7.05,7.16,6.97,7.04,6873627,53763952.00
2014/03/06,7.01,7.04,6.77,7.01,6860520,52489128.00
2014/03/07,7.02,7.04,6.84,6.92,5564939,42813904.00
2014/03/10,6.85,6.85,6.45,6.53,7305104,53979760.00
2014/03/11,6.51,6.58,6.41,6.55,4388398,31813656.00
2014/03/12,6.54,6.56,6.39,6.49,4088767,29549716.00
2014/03/13,6.49,6.59,6.44,6.59,3597683,26255080.00
2014/03/14,6.51,6.59,6.41,6.45,3585786,25959980.00
2014/03/17,6.44,6.63,6.43,6.60,4076483,29813268.00
2014/03/18,6.61,6.71,6.57,6.65,4368923,32428588.00
2014/03/19,6.67,6.67,6.51,6.62,3756600,27500734.00
2014/03/20,6.64,6.64,6.43,6.45,5332729,38931544.00
2014/03/21,6.43,6.61,6.34,6.61,9003536,65065856.00
2014/03/24,6.58,6.81,6.57,6.72,7148549,53347884.00
2014/03/25,6.69,6.86,6.66,6.80,6310053,47612220.00
2014/03/26,6.79,6.86,6.74,6.83,6412303,48622892.00
2014/03/27,6.86,6.86,6.67,6.71,3553516,26723936.00
2014/03/28,6.73,6.90,6.64,6.64,12255451,92143368.00
2014/03/31,6.64,6.64,6.44,6.50,4859984,35497512.00
2014/04/01,6.50,6.67,6.47,6.63,3541165,26076622.00
2014/04/02,6.59,6.75,6.59,6.69,3177832,23611298.00
2014/04/03,6.68,6.78,6.64,6.70,4980458,37232180.00
2014/04/04,6.68,6.77,6.68,6.73,2802634,21008532.00
2014/04/08,6.74,6.88,6.69,6.87,7304650,55381800.00
2014/04/09,6.90,7.13,6.90,6.97,7289755,56570892.00
2014/04/10,6.96,7.06,6.86,7.00,6031885,46565376.00
2014/04/11,7.02,7.09,6.90,6.92,5024012,38762392.00
2014/04/14,6.85,7.05,6.85,7.03,5003226,38802048.00
2014/04/15,7.06,7.06,6.87,6.89,3674258,28235752.00
2014/04/16,6.90,6.91,6.81,6.83,3654800,27815336.00
2014/04/17,6.84,6.97,6.78,6.93,4694361,35984524.00
2014/04/18,6.94,6.97,6.79,6.89,3200989,24451726.00
2014/04/21,6.87,6.87,6.64,6.65,3458604,26004346.00
2014/04/22,6.64,6.68,6.50,6.64,3118046,22891644.00
2014/04/23,6.64,6.65,6.56,6.64,1857495,13680255.00
2014/04/24,6.62,6.66,6.54,6.58,1946089,14306717.00
2014/04/25,6.62,6.67,6.50,6.51,1809816,13254833.00
2014/04/28,6.50,6.60,6.42,6.47,2483670,18011348.00
2014/04/29,6.56,6.59,6.42,6.57,2941727,21364770.00
2014/04/30,6.54,6.61,6.50,6.59,2810095,20577740.00
2014/05/05,6.54,6.59,6.47,6.58,3052340,22205064.00
2014/05/06,6.61,6.69,6.57,6.62,3243571,23996860.00
2014/05/07,6.61,6.61,6.50,6.55,2270401,16599542.00
2014/05/08,6.55,6.65,6.53,6.57,2173029,15970266.00
2014/05/09,6.62,6.62,6.48,6.51,1738394,12662726.00
2014/05/12,6.60,6.67,6.54,6.64,3251845,23986842.00
2014/05/13,6.69,6.69,6.62,6.63,2172225,16085965.00
2014/05/14,6.60,6.64,6.57,6.59,1589442,11699370.00
2014/05/15,6.58,6.58,6.48,6.48,2181826,15901159.00
2014/05/16,6.47,6.54,6.44,6.50,2561182,18538760.00
2014/05/19,6.54,6.58,6.44,6.47,1291139,9333187.00
2014/05/20,6.49,6.53,6.45,6.46,1323283,9587829.00
2014/05/21,6.41,6.51,6.39,6.51,2123180,15328040.00
2014/05/22,6.49,6.55,6.44,6.44,2259211,16393910.00
2014/05/23,6.44,6.47,6.41,6.47,1530477,11019944.00
2014/05/26,6.54,6.62,6.49,6.54,2683565,19612524.00
2014/05/27,6.53,6.57,6.47,6.48,1924825,13997843.00
2014/05/28,6.51,6.54,6.43,6.53,2377359,17252944.00
2014/05/29,6.52,6.56,6.42,6.46,2422326,17615256.00
2014/05/30,6.50,6.53,6.45,6.53,1748204,12697335.00
2014/06/03,6.53,6.56,6.50,6.52,1383573,10095403.00
2014/06/04,6.53,6.56,6.45,6.47,2315974,16790910.00
2014/06/05,6.46,6.50,6.45,6.48,1497326,10834046.00
2014/06/06,6.50,6.57,6.46,6.50,2156937,15668331.00
2014/06/09,6.50,6.53,6.44,6.44,2697833,19501108.00
2014/06/10,6.49,6.50,6.43,6.49,2364611,17111094.00
2014/06/11,6.49,6.59,6.44,6.58,4047147,29528370.00
2014/06/12,6.61,6.62,6.50,6.51,2327459,16999548.00
2014/06/13,6.51,6.79,6.47,6.73,8220275,60947164.00
2014/06/16,6.69,6.77,6.67,6.71,4306922,32221382.00
2014/06/17,6.69,6.72,6.60,6.60,3260308,24121982.00
2014/06/18,6.64,6.83,6.61,6.75,9275463,69717616.00
2014/06/19,6.75,6.79,6.59,6.62,4187076,31210216.00
2014/06/20,6.62,6.81,6.58,6.79,4217315,31429666.00
2014/06/23,6.74,6.85,6.70,6.77,3207387,24163908.00
2014/06/24,6.74,6.88,6.74,6.82,4864865,36918640.00
2014/06/25,6.82,6.82,6.69,6.71,2676475,20063552.00
2014/06/26,6.75,6.82,6.72,6.78,2784276,20954852.00
2014/06/27,6.79,6.82,6.72,6.77,3344024,25210580.00
2014/06/30,6.75,6.80,6.66,6.77,4558217,34191912.00
2014/07/01,6.79,6.82,6.70,6.75,2869459,21500554.00
2014/07/02,6.74,6.76,6.66,6.68,4196265,31249936.00
2014/07/03,6.70,6.99,6.69,6.98,11017612,84121248.00
2014/07/04,6.98,7.01,6.86,6.98,5526848,42548544.00
2014/07/07,6.94,7.01,6.86,6.95,4105381,31592492.00
2014/07/08,7.07,7.07,6.90,7.00,4307978,33389848.00
2014/07/09,6.95,7.00,6.85,6.90,4000245,30645428.00
2014/07/10,6.96,7.12,6.94,6.99,5650487,43948972.00
2014/07/11,7.00,7.08,6.86,6.94,7410334,56978636.00
2014/07/14,7.02,7.71,6.91,7.57,24822846,201527280.00
2014/07/15,7.44,7.57,7.34,7.56,11539490,94748920.00
2014/07/16,7.47,7.47,7.29,7.31,5111563,41551748.00
2014/07/17,7.35,7.38,7.07,7.17,4882477,38700876.00
2014/07/18,7.15,7.24,7.10,7.14,3759102,29835548.00
2014/07/21,7.12,7.20,7.04,7.16,4103850,32461778.00
2014/07/22,7.15,7.42,7.12,7.35,7671159,61815900.00
2014/07/23,7.29,7.34,7.04,7.08,7442784,59038176.00
2014/07/24,7.14,7.24,7.07,7.12,5304876,41359300.00
2014/07/25,7.18,7.33,7.10,7.30,6061002,48025868.00
2014/07/28,7.32,7.49,7.30,7.40,7412239,59849744.00
2014/07/29,7.41,7.56,7.34,7.41,7874623,63918556.00
2014/07/30,7.37,7.52,7.37,7.49,5351085,43397192.00
2014/07/31,7.47,7.52,7.41,7.50,4203984,34164296.00
2014/08/01,7.46,7.52,7.33,7.34,5741227,46354592.00
2014/08/04,7.35,7.52,7.28,7.46,7133992,57590956.00
2014/08/05,7.58,7.84,7.57,7.62,14646119,122373616.00
2014/08/06,7.54,7.89,7.50,7.82,13196959,110949424.00
2014/08/07,7.83,7.85,7.62,7.69,6803248,57166200.00
2014/08/08,7.70,7.77,7.54,7.64,5125146,42521440.00
2014/08/11,7.66,7.70,7.56,7.65,10554134,87432608.00
2014/08/12,7.62,7.69,7.54,7.66,6460771,53417640.00
2014/08/13,7.66,7.70,7.48,7.55,7008547,57618272.00
2014/08/14,7.55,7.79,7.52,7.59,11460374,95691888.00
2014/08/15,7.55,7.67,7.49,7.60,6082959,50037164.00
2014/08/18,7.60,7.69,7.55,7.61,5427048,44856192.00
2014/08/19,7.64,7.71,7.61,7.67,6158246,51289320.00
2014/08/20,7.68,7.77,7.61,7.67,6302084,52587996.00
2014/08/21,7.66,7.68,7.34,7.49,8231585,67074452.00
2014/08/22,7.49,7.49,7.33,7.45,5730184,46201692.00
2014/08/25,7.44,7.44,7.33,7.36,3507982,28153288.00
2014/08/26,7.35,7.42,7.22,7.26,3687236,29445650.00
2014/08/27,7.33,7.33,7.22,7.31,4057833,32202510.00
2014/08/28,7.32,7.32,7.19,7.26,3474495,27512040.00
2014/08/29,7.26,7.39,7.20,7.33,5490982,43787884.00
2014/09/01,7.35,7.54,7.34,7.45,10827145,87728472.00
2014/09/02,7.44,7.51,7.39,7.49,6493922,52648936.00
2014/09/03,7.53,7.71,7.48,7.64,16148009,133975544.00
2014/09/04,7.61,7.67,7.54,7.64,11828008,97420880.00
2014/09/05,7.66,7.68,7.55,7.64,7960825,65839480.00
2014/09/09,7.69,7.70,7.55,7.63,7511649,62100896.00
2014/09/10,7.59,7.65,7.55,7.61,7905062,65285488.00
2014/09/11,7.61,7.74,7.56,7.59,10611360,88018832.00
2014/09/12,7.59,7.74,7.56,7.68,11890326,98920520.00
2014/09/15,7.67,7.76,7.58,7.65,12960606,107543704.00
2014/09/16,7.64,7.66,7.40,7.48,13569213,110962104.00
2014/09/17,7.47,7.69,7.41,7.62,10159829,83559296.00
2014/09/18,7.63,7.89,7.59,7.71,18516190,155521504.00
2014/09/19,7.70,7.76,7.64,7.73,7805612,65280216.00
2014/09/22,7.73,7.73,7.51,7.55,6171563,51071904.00
2014/09/23,7.53,7.61,7.47,7.57,5413047,44403156.00
2014/09/24,7.52,7.72,7.46,7.65,12119675,100035528.00
2014/09/25,7.64,7.69,7.53,7.61,9144529,75864888.00
2014/09/26,7.59,7.71,7.55,7.65,7870803,65443752.00
2014/09/29,7.66,7.72,7.54,7.64,11651268,96496128.00
2014/09/30,7.68,7.83,7.65,7.81,18912475,159192976.00
2014/10/08,7.80,7.88,7.74,7.85,13058847,110728576.00
2014/10/09,7.88,7.88,7.74,7.78,10492317,88701160.00
2014/10/10,7.82,7.82,7.63,7.68,8355241,69254448.00
2014/10/13,7.68,7.81,7.63,7.78,6611190,54967208.00
2014/10/14,7.78,7.80,7.62,7.67,6711428,55585448.00
2014/10/15,7.66,7.70,7.53,7.62,7234980,59169092.00
2014/10/16,7.57,7.66,7.51,7.51,6793711,55522984.00
2014/10/17,7.50,7.63,7.34,7.58,7529412,60839672.00
2014/10/20,7.54,7.62,7.52,7.59,4943405,40378288.00
2014/10/21,7.59,7.60,7.44,7.44,4159245,33692416.00
2014/10/22,7.46,7.46,7.20,7.21,11540519,91428488.00
2014/10/23,7.25,7.33,7.07,7.09,8058950,62561392.00
2014/10/24,7.10,7.14,7.05,7.09,4836497,37110428.00
2014/10/27,7.09,7.16,7.07,7.13,3947912,30361048.00
2014/10/28,7.14,7.28,7.14,7.26,6282680,48962940.00
2014/10/29,7.27,7.33,7.20,7.30,9421224,73854384.00
2014/10/30,7.29,7.38,7.25,7.31,9322551,73562840.00
2014/10/31,7.32,7.33,7.16,7.22,20677788,161220752.00
2014/11/03,7.22,7.29,7.22,7.29,13235175,103684184.00
2014/11/04,7.29,7.40,7.25,7.40,18438620,145795536.00
2014/11/05,7.39,7.48,7.30,7.44,15424060,123067944.00
2014/11/06,7.45,7.49,7.40,7.44,11245435,90128984.00
2014/11/07,7.42,7.44,7.30,7.32,8356608,66293080.00
2014/11/10,7.48,7.51,7.28,7.44,15447560,122873512.00
2014/11/11,7.47,7.47,7.20,7.26,11149455,88458440.00
2014/11/12,7.21,7.39,7.18,7.35,5112703,40322880.00
2014/11/13,7.32,7.45,7.24,7.41,8068453,64125560.00
2014/11/14,7.37,7.40,7.28,7.31,6176155,48844976.00
2014/11/17,7.34,7.41,7.27,7.29,6415403,50716584.00
2014/11/18,7.29,7.34,7.27,7.30,4278388,33688412.00
2014/11/19,7.30,7.33,7.21,7.29,4383681,34358396.00
2014/11/20,7.28,7.34,7.23,7.27,3310835,26048224.00
2014/11/21,7.32,7.45,7.32,7.41,9315490,74315744.00
2014/11/24,7.45,7.51,7.38,7.47,12853773,103306424.00
2014/11/25,7.47,7.55,7.45,7.55,9531218,77054712.00
2014/11/26,7.54,7.62,7.46,7.52,9401857,76335736.00
2014/11/27,7.55,7.62,7.53,7.56,12759524,103986792.00
2014/11/28,7.54,7.68,7.47,7.58,15438590,125914352.00
2014/12/01,7.60,7.75,7.55,7.73,19870113,163467328.00
2014/12/02,7.65,7.86,7.60,7.76,17183399,142578736.00
2014/12/03,7.75,8.12,7.72,7.93,28664161,242588576.00
2014/12/04,7.90,8.17,7.87,8.12,27360832,235216800.00
2014/12/05,8.08,8.47,7.63,7.91,25576884,220107552.00
2014/12/08,7.89,8.22,7.62,8.17,23860583,206737648.00
2014/12/09,8.18,8.60,7.92,8.04,34917220,309660288.00
2014/12/10,8.01,8.30,7.92,8.27,21014923,183413232.00
2014/12/11,8.21,8.53,8.01,8.42,55804735,489751200.00
2014/12/12,8.60,8.61,8.12,8.25,49187122,435302272.00
2014/12/15,8.24,8.25,8.10,8.20,18761130,164219648.00
2014/12/16,8.19,8.30,8.12,8.21,21736919,190988160.00
2014/12/17,8.21,8.47,8.10,8.24,28452823,251594768.00
2014/12/18,8.16,8.32,8.10,8.22,19978696,175564672.00
2014/12/19,8.18,8.32,7.90,8.22,26173024,227313840.00
2014/12/22,8.27,8.28,7.93,8.01,19477741,169512960.00
2014/12/23,8.01,8.28,7.94,8.04,15232886,132299280.00
2014/12/24,8.04,8.10,7.90,8.02,11253920,96448808.00
2014/12/25,8.04,8.22,7.99,8.20,11258997,98022896.00
2014/12/26,8.24,8.24,8.05,8.14,17729807,154319680.00
2014/12/29,8.20,8.62,8.11,8.33,38091517,337929088.00
2014/12/30,8.16,8.27,8.07,8.08,16726323,146008256.00
2014/12/31,8.07,8.16,7.95,8.10,11115148,95964288.00
2015/01/05,8.13,8.51,8.13,8.43,34788187,311177088.00
2015/01/06,8.37,8.87,8.32,8.56,51306429,473864608.00
2015/01/07,8.52,8.55,8.33,8.50,19948988,179937840.00
2015/01/08,8.52,8.57,8.27,8.33,15495377,138903280.00
2015/01/09,8.30,8.42,8.08,8.09,24420779,216872608.00
2015/01/12,8.04,8.05,7.78,7.88,15396285,130718376.00
2015/01/13,7.93,7.98,7.85,7.95,7754221,65911864.00
2015/01/14,7.92,8.00,7.81,7.84,8764648,74588880.00
2015/01/15,7.84,7.99,7.84,7.98,7607162,64839336.00
2015/01/16,7.97,8.05,7.92,7.97,13742100,117695120.00
2015/01/19,7.78,7.78,7.22,7.43,16895247,138527472.00
2015/01/20,7.47,7.65,7.45,7.63,9101310,74116176.00
2015/01/21,7.63,7.82,7.59,7.80,12713466,105489992.00
2015/01/22,7.80,7.84,7.72,7.81,11382824,95185056.00
2015/01/23,7.82,7.85,7.70,7.75,8842200,73889736.00
2015/01/26,7.74,7.86,7.72,7.85,8581399,71877544.00
2015/01/27,7.84,8.09,7.84,7.97,15831369,135316528.00
2015/01/28,7.94,7.94,7.80,7.86,8122390,68560320.00
2015/01/29,7.80,7.84,7.71,7.74,6176590,51539896.00
2015/01/30,7.77,7.86,7.72,7.75,6845823,57320744.00
2015/02/02,7.70,7.71,7.62,7.65,6230100,51339832.00
2015/02/03,7.65,7.72,7.63,7.71,6728615,55556080.00
2015/02/04,7.72,7.82,7.69,7.71,9206546,76651288.00
2015/02/05,7.79,7.80,7.61,7.62,10123786,83685568.00
2015/02/06,7.59,7.65,7.45,7.50,5755267,46817872.00
2015/02/09,7.49,7.58,7.46,7.55,3690500,29928204.00
2015/02/10,7.55,7.67,7.53,7.66,5582534,45642428.00
2015/02/11,7.68,7.71,7.63,7.67,4250880,35106080.00
2015/02/12,7.67,7.77,7.67,7.73,5931393,49277160.00
2015/02/13,7.77,7.83,7.74,7.79,7890226,66055392.00
2015/02/16,7.79,7.86,7.77,7.82,6121825,51427388.00
2015/02/17,7.82,7.99,7.82,7.92,10416500,88545184.00
2015/02/25,7.92,7.97,7.85,7.88,5237779,44487148.00
2015/02/26,7.88,7.98,7.82,7.97,6885663,58555468.00
2015/02/27,8.01,8.01,7.90,7.91,7955008,67814488.00
2015/03/02,7.98,8.11,7.92,8.10,15037056,129710384.00
2015/03/03,8.08,8.08,7.92,7.97,10674401,91629480.00
2015/03/04,8.07,8.19,7.95,8.11,13110932,113055736.00
2015/03/05,8.13,8.48,8.08,8.42,39325765,350069344.00
2015/03/06,8.46,8.81,8.34,8.42,41957956,383432320.00
2015/03/09,8.37,8.67,8.34,8.60,23452506,214649584.00
2015/03/10,8.63,8.76,8.52,8.57,17895590,164786112.00
2015/03/11,8.65,8.65,8.31,8.35,19442292,175132960.00
2015/03/12,8.32,8.57,8.30,8.54,15114417,136070256.00
2015/03/13,8.53,8.57,8.39,8.53,11390842,103374320.00
2015/03/16,8.53,8.72,8.52,8.65,28447671,261614000.00
2015/03/17,8.67,8.75,8.56,8.72,21564762,199349712.00
2015/03/18,8.70,9.41,8.68,9.22,37047488,359783936.00
2015/03/19,9.20,9.29,9.05,9.23,21326974,208197024.00
2015/03/20,9.23,9.75,9.17,9.50,28098435,284323904.00
2015/03/23,9.60,9.72,9.42,9.51,22145305,223613712.00
2015/03/24,9.47,9.50,9.05,9.27,24854429,244868496.00
2015/03/25,9.33,9.50,9.22,9.41,22006261,218573520.00
2015/03/26,9.32,9.35,9.15,9.25,20768248,204028336.00
2015/03/27,9.27,9.32,9.15,9.21,16246575,159432016.00
2015/03/30,9.25,9.57,9.24,9.50,27218527,271760512.00
2015/03/31,9.47,9.53,9.22,9.25,22473246,223870896.00
2015/04/01,9.24,9.55,9.17,9.49,27580207,275845056.00
2015/04/02,9.51,10.03,9.47,9.99,35008204,363957312.00
2015/04/03,9.92,10.22,9.80,9.98,25597000,270348448.00
2015/04/07,10.00,10.11,9.92,10.06,20974060,221974800.00
2015/04/08,10.08,10.16,9.74,9.97,23568584,248391936.00
2015/04/09,9.90,9.98,9.47,9.67,21255587,217483840.00
2015/04/10,9.62,9.82,9.60,9.80,19895138,205122848.00
2015/04/13,9.85,10.02,9.71,9.95,21813369,228024384.00
2015/04/14,9.94,10.12,9.77,9.98,19956699,209835072.00
2015/04/15,9.97,10.36,9.87,10.15,29957998,321814048.00
2015/04/16,10.16,10.33,9.72,10.27,23328958,248314096.00
2015/04/17,10.32,10.76,10.25,10.56,33104834,368221248.00
2015/04/20,10.43,10.64,10.07,10.10,31965024,348508544.00
2015/04/21,10.10,10.47,10.10,10.46,20846358,226675936.00
2015/04/22,10.48,11.04,10.48,10.91,31042946,354456160.00
2015/04/23,10.95,11.47,10.95,11.18,35188628,415839104.00
2015/04/24,10.92,11.85,10.82,11.64,33159175,400057408.00
2015/04/27,11.72,12.86,11.64,12.86,49921523,647082048.00
2015/04/28,12.84,12.84,12.02,12.30,34537743,446113120.00
2015/04/29,12.10,12.53,11.79,12.43,23007436,295090528.00
2015/04/30,12.41,12.82,11.92,11.97,19956928,258551888.00
2015/05/04,11.92,12.43,11.84,12.11,15630818,198841920.00
2015/05/05,12.13,12.13,11.12,11.24,19226166,233593472.00
2015/05/06,11.24,11.42,10.45,10.76,16146871,188435904.00
2015/05/07,10.72,10.85,10.48,10.62,11623702,130518960.00
2015/05/08,10.72,11.07,10.65,11.01,15016076,172066832.00
2015/05/11,11.12,12.11,10.93,12.08,27209954,330503392.00
2015/05/12,11.87,12.14,11.70,11.90,20145927,251684944.00
2015/05/13,11.85,12.18,11.64,12.00,18630745,231799840.00
2015/05/14,12.02,12.44,11.88,12.14,17312780,221132128.00
2015/05/15,12.02,12.02,11.52,11.58,12395246,152095728.00
2015/05/18,11.53,11.53,11.21,11.27,12501891,148725840.00
2015/05/19,11.25,11.80,11.08,11.65,13440327,162954032.00
2015/05/20,11.68,11.89,11.56,11.58,18835657,231728272.00
2015/05/21,11.52,11.78,11.25,11.77,13905429,167965376.00
2015/05/22,11.82,12.75,11.64,12.47,29355470,370639744.00
2015/05/25,13.71,13.71,12.82,12.88,38474549,524122336.00
2015/05/26,13.10,13.22,12.62,13.01,33192752,448392448.00
2015/05/27,12.98,12.98,12.56,12.81,25370217,337743616.00
2015/05/28,12.72,13.02,11.62,11.67,29112008,381876256.00
2015/05/29,11.66,11.90,10.97,11.35,21262281,255601056.00
2015/06/01,11.42,12.12,11.42,12.08,21490835,267276288.00
2015/06/02,12.10,12.58,11.96,12.55,23623323,302832672.00
2015/06/03,12.62,12.71,12.08,12.39,23479392,305111616.00
2015/06/04,12.40,12.75,11.21,12.51,27294304,349026176.00
2015/06/05,12.77,13.82,12.43,13.82,57566001,785739776.00
2015/06/08,14.02,14.61,13.77,14.24,46209844,685723392.00
2015/06/09,14.43,14.50,13.99,14.31,26693600,395874400.00
2015/06/10,14.15,14.76,13.92,14.63,25341057,382365248.00
2015/06/11,14.70,14.72,14.12,14.26,25098800,373493056.00
2015/06/12,14.26,14.41,14.05,14.20,19496892,288827296.00
2015/06/15,14.20,15.68,14.02,15.27,60229406,942627648.00
2015/06/16,14.90,16.62,14.40,16.08,53112046,839740288.00
2015/06/17,16.12,17.15,15.72,16.67,37295234,639887168.00
2015/06/18,16.70,17.75,16.25,17.38,36932420,655532416.00
2015/06/19,17.40,17.52,16.25,16.83,38126162,662501248.00
2015/06/23,16.29,16.56,15.09,16.10,27497289,446689760.00
2015/06/24,16.17,17.22,15.47,16.13,33526885,558894464.00
2015/06/25,15.82,16.62,15.60,16.14,31340865,522686624.00
2015/06/26,15.42,15.58,14.47,14.47,19329381,297843232.00
2015/06/29,15.00,15.30,12.97,14.12,28217072,410465216.00
2015/06/30,13.82,15.00,12.65,14.72,27054988,390817440.00
2015/07/01,14.77,15.01,13.52,14.30,27013265,408783392.00
2015/07/02,14.41,15.42,12.87,14.51,27372528,402445472.00
2015/07/03,14.02,14.93,13.21,14.38,21767304,322225056.00
2015/07/06,15.72,15.72,12.94,14.55,34617111,513956384.00
2015/07/07,13.82,14.27,13.04,13.04,16801045,235529200.00
2015/07/08,11.68,11.68,11.68,11.68,521500,6393590.00
2015/07/09,10.45,12.91,10.45,12.91,34703065,424280064.00
2015/07/10,12.94,14.26,12.94,14.26,23991205,351201120.00
2015/07/13,14.50,15.52,13.87,15.47,33361657,518017216.00
2015/07/14,15.17,16.41,14.62,15.29,28535325,451481248.00
2015/07/15,15.29,16.40,14.92,15.57,31903536,518784224.00
2015/07/16,15.62,16.12,14.77,15.92,20349142,331711392.00
2015/07/17,16.10,17.07,15.67,16.92,30010028,512554176.00
2015/07/20,16.92,17.31,15.98,16.96,27653634,475347008.00
2015/07/21,16.58,17.34,16.38,16.87,18342821,318732192.00
2015/07/22,16.95,16.97,15.85,16.82,18319867,310748160.00
2015/07/23,16.58,18.50,16.47,17.62,24138826,433940832.00
2015/07/24,17.70,19.04,17.50,18.70,32146437,610475776.00
2015/07/27,18.28,19.48,16.78,18.44,27067516,514518336.00
2015/07/28,17.40,19.00,17.05,18.94,25847569,486391744.00
2015/07/29,18.85,20.88,18.00,19.11,22588766,439712928.00
2015/07/30,18.84,18.95,17.82,18.46,15274147,289005088.00
2015/07/31,18.15,18.63,17.92,18.29,9931977,186731904.00
2015/08/03,17.97,18.60,16.50,17.24,13025147,234292800.00
2015/08/04,17.00,18.62,16.92,18.61,14528671,270169728.00
2015/08/05,18.80,18.82,18.31,18.65,11778971,223999248.00
2015/08/06,18.63,19.20,18.08,18.67,11726268,226740976.00
2015/08/07,18.70,19.18,18.46,19.08,13606307,263789568.00
2015/08/10,19.09,19.73,18.53,19.39,49893816,974340416.00
2015/08/11,19.20,19.29,17.98,18.41,63281287,1203541632.00
2015/08/12,18.20,18.88,17.48,18.47,33132827,623072256.00
2015/08/13,18.50,18.70,18.02,18.22,23154879,434786208.00
2015/08/14,18.35,20.08,18.16,19.38,43561370,852355456.00
2015/08/17,19.49,20.50,19.02,20.47,38121641,773535936.00
2015/08/18,20.50,20.65,18.37,18.83,38785623,769023232.00
2015/08/19,18.50,19.69,17.90,19.35,27626591,539053888.00
2015/08/20,19.45,19.58,18.67,19.02,15119455,295129024.00
2015/08/21,19.03,19.45,18.01,18.79,13522633,261136688.00
2015/08/24,18.20,18.21,16.86,16.86,9480112,165941936.00
2015/08/25,15.12,18.38,15.12,15.12,17638014,281536352.00
2015/08/26,15.70,16.67,14.50,15.83,22934124,376113792.00
2015/08/27,16.22,16.90,15.56,16.88,13675381,229035312.00
2015/08/28,17.18,17.98,16.87,17.95,14812084,265268032.00
2015/08/31,17.82,18.00,17.02,17.73,10026291,179975856.00
2015/09/01,17.75,18.10,15.91,15.91,11389300,192161424.00
2015/09/02,14.61,16.36,14.27,15.91,12366616,196590128.00
2015/09/07,16.10,16.68,15.71,15.98,6903958,114495224.00
2015/09/08,16.19,16.70,15.26,16.66,6712500,111746568.00
2015/09/09,16.65,17.60,16.50,17.56,10879361,191976896.00
2015/09/10,17.50,17.90,17.10,17.59,8929503,161517136.00
2015/09/11,17.68,18.37,17.50,17.87,10862200,200750320.00
2015/09/14,18.20,18.67,16.67,17.61,10358357,188950192.00
2015/09/15,17.30,17.37,16.55,16.86,5608254,97299400.00
2015/09/16,16.86,18.60,16.86,18.60,17312715,318108608.00
2015/09/17,18.60,19.49,17.88,18.02,22925322,441032320.00
2015/09/18,18.22,18.48,17.70,18.30,9011622,167818560.00
2015/09/21,18.30,18.63,18.02,18.52,8164783,153856688.00
2015/09/22,18.40,19.18,18.30,18.56,13073248,250878464.00
2015/09/23,18.50,18.65,18.13,18.17,6688021,126090200.00
2015/09/24,18.10,18.60,18.05,18.38,5648234,106586536.00
2015/09/25,18.20,18.43,17.40,17.64,6263100,114385216.00
2015/09/28,17.73,18.00,17.15,17.83,4088086,74436344.00
2015/09/29,17.83,18.28,17.56,17.84,4743647,87393920.00
2015/09/30,18.09,18.29,17.50,17.68,8142573,148657376.00
2015/10/08,18.10,18.60,17.92,18.16,10815684,202320528.00
2015/10/09,18.20,19.33,17.84,18.86,11305980,214920064.00
2015/10/12,18.98,20.67,18.84,20.16,16553192,332763488.00
2015/10/13,20.09,20.09,18.96,19.01,27711258,546380992.00
2015/10/14,18.95,19.27,18.64,18.77,10412802,200636416.00
2015/10/15,18.67,19.23,18.47,19.03,11194465,216585104.00
2015/10/16,19.13,19.78,18.94,19.42,14472679,284494304.00
2015/10/19,19.36,20.02,19.28,19.66,12630116,253459584.00
2015/10/20,19.87,19.87,19.22,19.43,6587747,130437200.00
2015/10/21,19.37,19.37,17.56,17.83,10295596,194292128.00
2015/10/22,17.84,18.39,17.75,18.21,4949727,91720768.00
2015/10/23,18.41,18.77,18.09,18.58,5167530,97411344.00
2015/10/26,18.94,18.98,18.46,18.56,7654965,146250096.00
2015/10/27,18.43,19.68,18.23,19.65,11802832,230493008.00
2015/10/28,19.74,19.86,19.28,19.59,8746837,174821808.00
2015/10/29,19.58,20.56,19.48,20.26,8874470,182128464.00
2015/10/30,20.26,20.96,19.83,20.44,7428425,155003040.00
2015/11/02,20.20,20.90,19.68,19.92,6492655,134743088.00
2015/11/03,19.78,20.38,19.48,19.69,3523515,71539952.00
2015/11/04,19.58,20.86,19.56,20.54,6866693,142778480.00
2015/11/05,20.60,22.07,20.39,22.01,15064441,327642624.00
2015/11/06,22.08,23.23,21.73,22.73,15133630,346710048.00
2015/11/09,22.88,23.80,22.58,22.98,14224854,335855392.00
2015/11/10,22.49,23.10,22.04,22.35,17316936,393473568.00
2015/11/11,22.38,23.06,22.24,22.76,9282550,213820480.00
2015/11/12,22.88,23.43,22.33,23.32,9999641,232691920.00
2015/11/13,22.91,24.38,22.78,23.73,10094391,245472336.00
2015/11/16,23.27,23.93,22.88,23.70,5391983,128293472.00
2015/11/17,23.83,24.43,22.88,23.04,6632144,160053008.00
2015/11/18,23.13,23.58,22.84,22.86,4687706,110501960.00
2015/11/19,22.88,23.27,22.38,23.10,3651069,84771312.00
2015/11/20,23.27,23.28,22.18,22.41,5673291,131163744.00
2015/11/23,21.88,22.38,21.88,22.05,4800221,107879920.00
2015/11/24,22.06,22.53,21.89,22.20,3848227,87567688.00
2015/11/25,22.05,22.78,22.05,22.51,3209397,73456368.00
2015/11/26,22.65,22.65,21.74,21.75,6815471,152552112.00
2015/11/27,21.38,21.97,19.77,20.26,5497197,117551160.00
2015/11/30,20.08,20.55,18.88,20.50,5480149,111179240.00
2015/12/01,20.69,20.74,19.98,20.12,3376278,70083768.00
2015/12/02,20.12,20.96,20.12,20.83,4023632,84655720.00
2015/12/03,21.08,21.46,20.84,21.31,3820621,82576648.00
2015/12/04,21.23,21.99,21.03,21.64,4711773,103922800.00
2015/12/07,21.76,21.94,21.15,21.67,2813973,62131376.00
2015/12/08,21.49,21.81,21.46,21.68,2721274,59959396.00
2015/12/09,21.67,21.88,21.28,21.39,3773173,82701184.00
2015/12/10,21.39,21.46,20.91,21.20,3208178,69187120.00
2015/12/11,21.20,21.57,20.58,20.65,3520086,76016048.00
2015/12/14,20.63,21.69,20.43,21.55,4960354,107151992.00
2015/12/15,21.48,22.13,21.35,21.91,2718081,60687656.00
2015/12/16,21.80,22.28,21.70,21.98,2406327,53814092.00
2015/12/17,21.99,22.27,21.88,22.04,3350245,75203560.00
2015/12/18,22.08,22.23,21.88,22.09,3189127,71739160.00
2015/12/21,22.03,22.08,21.59,21.79,3766970,83534448.00
2015/12/22,21.88,22.03,21.71,21.85,2835485,63161172.00
2015/12/23,21.87,24.08,21.80,24.08,13589573,325461056.00
2015/12/24,24.08,24.33,22.36,22.58,12183949,287017984.00
2015/12/25,22.82,23.55,22.64,22.89,5082000,119425624.00
2015/12/28,22.88,22.91,21.91,22.15,4759074,107813680.00
2015/12/29,22.08,22.38,22.08,22.34,2558272,57983712.00
2015/12/30,22.35,22.48,22.14,22.39,1971742,44866520.00
2015/12/31,22.44,22.56,21.98,22.15,2372472,53743900.00
2016/01/04,22.15,22.43,19.91,19.93,2509658,54740684.00
2016/01/05,19.61,21.50,18.61,20.72,5620132,116417008.00
2016/01/06,20.72,21.83,20.72,21.81,3957592,86265616.00
2016/01/07,21.62,21.62,19.88,20.01,524304,10983130.00
2016/01/08,21.08,21.96,19.78,21.63,4232559,90749576.00
2016/01/11,21.28,21.43,19.75,20.21,4856998,100891744.00
2016/01/12,20.32,20.46,19.18,20.17,4472838,90750160.00
2016/01/13,19.98,20.57,19.18,19.46,3077387,62318312.00
2016/01/14,19.18,19.86,18.13,19.65,4061756,78523200.00
2016/01/15,19.85,19.87,18.35,18.72,3301714,63921004.00
2016/01/18,18.60,19.38,18.10,19.13,2817594,54471088.00
2016/01/19,19.03,20.81,18.83,20.33,3332667,67660904.00
2016/01/20,20.35,20.58,19.92,20.36,2524433,52372596.00
2016/01/21,20.28,20.48,19.96,20.04,2077411,42839568.00
2016/01/22,20.08,20.23,18.96,19.62,3102910,61798640.00
2016/01/25,19.62,20.17,19.48,19.83,1362923,27585750.00
2016/01/26,19.53,20.08,18.58,18.90,1960235,38592524.00
2016/01/27,18.92,19.68,18.28,18.96,1944556,37260728.00
2016/01/28,19.15,19.23,18.26,18.34,1127230,21557104.00
2016/01/29,18.38,19.58,18.36,19.39,2149345,41842752.00
2016/02/01,19.40,19.64,18.98,19.27,1284619,25366484.00
2016/02/02,19.27,20.18,19.27,19.90,1689869,34185528.00
2016/02/03,19.96,19.96,19.02,19.79,1401134,27961684.00
2016/02/04,19.80,20.58,19.80,19.95,1873190,38776432.00
2016/02/05,19.91,20.08,19.53,19.92,1372273,27740900.00
2016/02/15,18.98,19.91,18.98,19.83,790022,15905450.00
2016/02/16,19.68,20.56,19.68,20.40,1558778,32425104.00
2016/02/17,20.58,20.93,20.30,20.52,1656073,34746872.00
2016/02/18,20.58,21.35,20.55,20.87,2499412,53481356.00
2016/02/19,20.73,21.07,20.66,20.79,1080589,22945112.00
2016/02/22,20.86,21.26,20.85,21.05,2147158,45984736.00
2016/02/23,21.08,21.12,20.13,20.67,1209021,25585112.00
2016/02/24,20.58,20.86,20.11,20.52,1527291,31795050.00
2016/02/25,20.58,20.73,18.58,19.27,2333201,46705636.00
2016/02/26,19.27,19.93,18.58,19.50,2612150,51031860.00
2016/02/29,19.18,19.45,17.76,18.25,2292640,43103608.00
2016/03/01,18.23,18.57,18.08,18.38,1361710,25586296.00
2016/03/02,18.38,19.07,18.28,19.00,1741963,33500328.00
2016/03/03,18.88,19.22,18.83,18.85,1634876,31744020.00
2016/03/04,18.78,19.05,18.46,18.50,1576903,30149592.00
2016/03/07,18.60,19.08,18.34,18.57,1653070,31472674.00
2016/03/08,18.40,18.87,17.68,18.74,2044810,38513968.00
2016/03/09,18.58,18.58,18.16,18.36,935064,17499208.00
2016/03/10,18.42,18.66,18.08,18.42,1202215,22686404.00
2016/03/11,18.18,18.53,18.18,18.40,751701,14139206.00
2016/03/14,18.48,19.02,18.48,18.85,1691668,32530674.00
2016/03/15,18.73,18.74,18.48,18.52,898797,17101372.00
2016/03/16,18.52,18.75,18.19,18.25,838344,15756692.00
2016/03/17,18.27,18.58,18.27,18.54,1418262,26790696.00
2016/03/18,18.64,19.16,18.56,18.98,2509325,48448508.00
2016/03/21,18.99,20.16,18.99,20.09,3367619,67355656.00
2016/03/22,20.12,20.12,19.68,19.76,2034066,41241116.00
2016/03/23,19.74,20.09,19.62,19.89,1409405,28704628.00
2016/03/24,19.93,19.95,19.38,19.42,1525604,30465414.00
2016/03/25,19.23,19.78,19.23,19.51,1127745,22606904.00
2016/03/28,19.60,19.78,19.48,19.52,966764,19428508.00
2016/03/29,19.52,19.78,19.02,19.54,1511817,29822420.00
2016/03/30,19.54,20.03,19.51,20.00,1707538,34464364.00
2016/03/31,20.01,20.57,19.74,20.20,1915263,39367640.00
2016/04/01,20.01,20.36,19.58,20.19,1346891,27474068.00
2016/04/05,20.08,21.65,19.99,21.53,3809353,80854384.00
2016/04/06,22.38,22.38,20.87,20.88,2740748,59464072.00
2016/04/07,20.98,21.02,20.28,20.54,1780041,37347004.00
2016/04/08,20.58,20.58,19.99,20.31,1354508,27955148.00
2016/04/11,20.37,20.98,20.37,20.92,2038908,43181592.00
2016/04/12,21.05,21.05,20.48,20.64,1295120,27327448.00
2016/04/13,20.64,21.37,20.60,21.12,2212215,47441480.00
2016/04/14,21.18,21.58,20.90,21.22,1393795,30084554.00
2016/04/15,21.00,21.47,21.00,21.19,1459930,31553884.00
2016/04/18,20.97,21.42,20.66,20.86,1344264,28767570.00
2016/04/19,20.98,21.33,20.98,21.24,1229450,26573556.00
2016/04/20,21.24,23.41,20.71,22.25,4408901,97510840.00
2016/04/21,22.08,22.11,21.24,21.46,3318534,73495136.00
2016/04/22,21.46,22.05,21.25,21.88,1857902,40964484.00
2016/04/25,21.83,21.96,21.34,21.89,2238806,49533960.00
2016/04/26,21.73,21.92,21.08,21.53,2675814,58544908.00
2016/04/27,21.33,21.43,21.05,21.08,1443571,31196136.00
2016/04/28,21.02,21.76,21.02,21.46,1951348,42673144.00
2016/04/29,21.46,22.18,21.19,21.98,3908707,87120344.00
2016/05/03,21.99,22.78,21.99,22.59,8953646,205562016.00
2016/05/04,22.78,23.10,22.56,22.63,4608114,107191432.00
2016/05/05,22.66,23.58,22.66,22.83,2233932,52203764.00
2016/05/06,22.60,23.56,22.60,22.78,4811164,112670664.00
2016/05/09,22.58,23.51,22.18,23.15,4367884,102109336.00
2016/05/10,23.06,25.13,22.96,24.13,8755523,215500000.00
2016/05/11,23.89,24.23,23.61,23.91,3826537,93084056.00
2016/05/12,23.67,24.29,23.67,24.27,4572281,112201632.00
2016/05/13,24.47,24.47,23.06,23.54,5512579,132478624.00
2016/05/16,23.34,23.72,22.90,23.52,3290818,77929280.00
2016/05/17,23.38,23.93,23.18,23.64,3258372,78219048.00
2016/05/18,23.54,24.06,23.28,23.77,3132008,75288128.00
2016/05/19,23.91,23.95,22.68,22.88,4825429,114227320.00
2016/05/20,22.66,22.98,21.83,22.47,4175693,95221280.00
2016/05/23,22.48,22.83,22.24,22.53,1769162,40641224.00
2016/05/24,22.61,22.83,22.33,22.69,1862888,42919500.00
2016/05/25,22.49,22.82,22.33,22.48,1885931,43264616.00
2016/05/26,22.55,22.78,22.19,22.58,1727523,39654472.00
2016/05/27,22.78,22.95,22.53,22.61,1678269,38807288.00
2016/05/30,22.67,22.87,22.51,22.61,1542907,35637320.00
2016/05/31,22.62,23.58,22.61,23.32,4681085,110507024.00
2016/06/01,23.78,23.86,23.16,23.52,4722048,112581360.00
2016/06/02,23.58,23.69,23.18,23.33,3620580,86425256.00
2016/06/03,23.44,23.56,22.82,23.47,3848555,90454544.00
2016/06/06,23.48,23.56,23.03,23.19,2534652,59854856.00
2016/06/07,23.21,23.26,22.80,22.98,2667467,62317908.00
2016/06/08,23.11,23.18,22.38,22.48,4843806,111951368.00
2016/06/13,22.34,22.34,21.63,21.67,2724157,60974684.00
2016/06/14,21.67,21.95,21.58,21.80,1455212,32220422.00
2016/06/15,21.76,22.43,21.58,22.31,3336528,74991744.00
2016/06/16,22.28,22.45,21.94,22.03,2321370,52340992.00
2016/06/17,22.00,22.57,21.78,22.07,6049056,137057904.00
2016/06/20,22.22,22.43,21.79,22.04,1552721,34832036.00
2016/06/21,22.17,22.18,21.30,21.54,1836947,40601808.00
2016/06/22,21.51,21.79,21.21,21.55,1563350,34003596.00
2016/06/23,21.66,21.78,21.33,21.56,1225044,26693366.00
2016/06/24,21.45,22.18,21.21,21.72,3753578,82160952.00
2016/06/27,21.80,23.00,21.70,22.93,4623387,105133008.00
2016/06/28,22.95,23.38,22.75,23.16,2853258,66750736.00
2016/06/29,23.24,23.50,22.80,23.18,2778711,65119708.00
2016/06/30,23.15,23.24,22.60,23.19,2232317,51916892.00
2016/07/01,23.03,23.63,22.92,23.25,1944977,45874588.00
2016/07/04,23.16,23.88,22.92,23.69,4585564,109044624.00
2016/07/05,23.69,24.20,22.70,23.38,3168630,75526696.00
2016/07/06,23.16,24.20,23.07,24.19,5070870,122557720.00
2016/07/07,24.19,24.67,24.01,24.53,3506618,86684016.00
2016/07/08,23.70,24.19,22.05,22.05,23263086,527680032.00
2016/07/11,21.87,22.14,21.15,21.82,7037330,154786368.00
2016/07/12,21.59,21.99,21.30,21.32,14850237,323683776.00
2016/07/13,21.39,22.16,21.34,22.07,9369454,207736160.00
2016/07/14,22.08,22.45,21.79,22.30,7036201,158232512.00
2016/07/15,22.33,22.88,22.29,22.51,7260763,166215392.00
2016/07/18,22.42,23.00,22.36,22.95,6405704,148183520.00
2016/07/19,23.02,23.30,22.82,23.20,3716957,87066472.00
2016/07/20,23.13,23.79,23.04,23.57,3427880,81731832.00
2016/07/21,23.68,24.06,23.24,23.58,6136024,147684144.00
2016/07/22,23.54,23.98,23.20,23.44,2597157,61634556.00
2016/07/25,23.47,23.69,23.25,23.64,4399350,105075560.00
2016/07/26,23.49,23.97,23.49,23.84,2400396,57916716.00
2016/07/27,23.84,24.20,22.76,23.36,4216220,99843872.00
2016/07/28,23.39,23.68,23.01,23.52,3295353,78201168.00
2016/07/29,23.32,23.84,23.20,23.38,3535440,83938280.00
2016/08/01,23.20,23.51,23.00,23.25,3248449,76315968.00
2016/08/02,23.24,23.55,23.01,23.54,4315284,101655904.00
2016/08/03,23.55,24.05,23.35,24.03,3859762,92886112.00
2016/08/04,24.13,24.29,23.72,23.95,2922684,70813592.00
2016/08/05,23.95,24.37,23.80,24.09,3232486,78997448.00
2016/08/08,24.25,24.95,24.20,24.92,6086694,152130336.00
2016/08/09,24.94,25.27,24.47,25.22,6698970,167908000.00
2016/08/10,25.03,25.60,24.85,25.51,4757861,120795552.00
2016/08/11,25.40,25.97,25.20,25.54,4021556,104033808.00
2016/08/12,25.53,25.69,25.12,25.67,4836425,124391952.00
2016/08/15,25.36,25.36,24.21,25.03,8081917,203576256.00
2016/08/16,24.72,24.72,23.70,23.76,10285556,250607440.00
2016/08/17,23.74,23.91,22.80,23.89,8460310,200348656.00
2016/08/18,23.57,23.83,23.38,23.59,3142124,75176192.00
2016/08/19,23.66,24.19,23.66,23.86,4239580,102624440.00
2016/08/22,23.59,23.60,23.02,23.09,3588534,84377168.00
2016/08/23,23.09,23.55,23.00,23.22,2171096,50934320.00
2016/08/24,23.19,23.33,22.99,23.26,2206633,51659240.00
2016/08/25,23.29,23.47,23.01,23.39,2471540,58354964.00
2016/08/26,23.38,23.64,23.32,23.36,1555978,36919108.00
2016/08/29,23.21,23.47,22.98,23.10,2194304,51640256.00
2016/08/30,23.10,23.25,23.00,23.08,1961225,45889904.00
2016/08/31,23.10,23.17,22.71,22.82,2356345,54556656.00
2016/09/01,22.94,22.94,21.31,21.89,9214004,205656640.00
2016/09/02,21.79,21.89,21.53,21.87,4696647,103457064.00
2016/09/05,21.97,22.48,21.95,22.14,4651853,104623032.00
2016/09/06,22.20,22.45,22.13,22.39,3342869,75662104.00
2016/09/07,22.43,22.93,22.43,22.90,3775774,87097912.00
2016/09/08,22.95,23.00,22.80,22.95,3297513,76494448.00
2016/09/09,23.05,23.10,22.85,23.08,3407390,79303536.00
2016/09/12,22.70,23.00,22.32,22.84,3499701,80080552.00
2016/09/13,22.79,22.94,22.61,22.93,2745972,63445344.00
2016/09/14,22.90,23.18,22.70,23.17,3664898,85189600.00
2016/09/19,23.00,23.15,22.70,23.09,3205287,74489856.00
2016/09/20,23.03,23.03,22.37,22.86,3457982,79491352.00
2016/09/21,22.29,22.68,22.22,22.54,4982389,113219840.00
2016/09/22,22.20,22.48,22.19,22.40,3619816,82042720.00
2016/09/23,22.36,22.47,21.89,22.15,4121630,92367600.00
2016/09/26,22.20,22.20,21.72,21.91,3254605,72249384.00
2016/09/27,21.73,21.95,21.52,21.94,2869305,63334532.00
2016/09/28,21.94,22.03,21.78,21.89,1847426,40967108.00
2016/09/29,21.90,22.00,21.65,21.82,2885498,63917312.00
2016/09/30,21.85,22.04,21.55,22.00,4542929,100201296.00
2016/10/10,22.04,22.18,21.90,22.16,4032716,89984640.00
2016/10/11,22.16,22.19,21.97,22.02,2545552,56898348.00
2016/10/12,22.01,22.03,21.85,21.89,1838662,40893848.00
2016/10/13,21.89,21.96,21.68,21.78,2341813,51705524.00
2016/10/14,21.77,21.85,21.65,21.84,2544581,56031464.00
2016/10/17,21.90,22.22,21.90,22.14,4715929,105876544.00
2016/11/01,24.38,24.38,22.28,22.89,17443549,412060800.00
2016/11/02,23.01,23.07,22.58,22.61,5476692,125769640.00
2016/11/03,22.71,23.18,22.52,23.06,6612178,152630000.00
2016/11/04,22.93,25.11,22.93,24.59,14729637,362156384.00
2016/11/07,24.48,25.60,24.39,25.27,14325173,363523776.00
2016/11/08,25.28,25.86,25.03,25.20,8327591,213683552.00
2016/11/09,25.20,25.42,24.73,25.16,5159428,130643728.00
2016/11/10,25.32,25.66,24.76,24.97,4842684,122716240.00
2016/11/11,24.92,25.13,24.44,24.69,3879555,96617544.00
2016/11/14,24.76,25.36,24.66,25.26,4639744,117340192.00
2016/11/15,25.78,25.78,24.89,25.38,3184615,81140640.00
2016/11/16,25.39,25.39,24.74,24.93,3254533,81843480.00
2016/11/17,24.68,25.06,24.57,24.90,2012214,50297328.00
2016/11/18,24.90,25.03,24.68,24.97,1609762,40471756.00
2016/11/21,24.97,25.16,24.81,24.91,2032972,51242324.00
2016/11/22,25.08,25.08,24.74,24.95,2265238,56909028.00
2016/11/23,24.95,25.13,24.78,25.03,3003897,75653568.00
2016/11/24,25.03,25.23,24.78,25.06,2860481,72254320.00
2016/11/25,25.12,25.16,24.79,25.02,2443525,61604580.00
2016/11/28,24.83,25.12,24.83,25.04,1918065,48254120.00
2016/11/29,25.05,25.76,24.92,25.02,4642905,118188448.00
2016/11/30,24.88,25.13,24.44,24.92,2679155,67205680.00
2016/12/01,24.92,25.26,24.76,25.08,3305311,83126232.00
2016/12/02,25.18,25.18,24.28,24.56,3463160,86268552.00
2016/12/05,24.40,24.76,23.68,23.91,2452375,59507032.00
2016/12/06,23.69,24.17,23.68,24.14,1604934,38629280.00
2016/12/07,24.06,24.76,23.93,24.63,1869176,45966632.00
2016/12/08,24.63,24.75,24.43,24.67,2274364,56403164.00
2016/12/09,24.67,24.77,24.09,24.18,1673700,41199464.00
2016/12/12,24.12,24.38,22.78,23.35,3711300,87457088.00
2016/12/13,22.83,23.56,22.71,23.25,2488155,57888952.00
2016/12/14,23.37,23.55,22.95,23.26,1731097,40534176.00
2016/12/15,23.26,23.43,22.98,23.28,1367192,32037464.00
2016/12/16,23.29,23.53,23.04,23.25,1945030,45594088.00
2016/12/19,23.27,23.27,22.76,22.90,1692600,39114136.00
2016/12/20,22.76,23.08,22.68,22.87,2220878,51257168.00
2016/12/21,22.88,23.16,22.28,23.00,2772611,64027832.00
2016/12/22,23.00,23.05,22.73,23.00,1884945,43518804.00
2016/12/23,23.00,23.00,22.66,22.82,1531293,35228440.00
2016/12/26,22.84,22.88,22.51,22.84,2040868,46859952.00
2016/12/27,22.86,23.54,22.84,23.31,8288610,194311728.00
2016/12/28,23.12,23.66,22.78,22.99,5579600,130376616.00
2016/12/29,22.99,23.08,22.80,22.92,2749310,63550328.00
2016/12/30,22.98,23.11,22.77,22.95,1801345,41656636.00
2017/01/03,23.07,23.09,22.83,22.98,1451897,33656932.00
2017/01/04,23.03,23.06,22.68,22.97,1391183,32060192.00
2017/01/05,22.96,22.96,22.69,22.93,1741186,40197076.00
2017/01/06,23.02,23.02,22.68,22.69,2133102,49153032.00
2017/01/09,22.78,22.87,22.51,22.54,2984516,68342392.00
2017/01/10,22.63,22.97,22.43,22.47,3562771,81581736.00
2017/01/11,22.62,22.93,22.30,22.92,2368023,54453436.00
2017/01/12,22.97,23.08,22.78,23.06,2194953,50913792.00
2017/01/13,23.08,24.18,22.86,24.11,8433900,201114464.00
2017/01/16,24.08,24.66,23.06,24.51,9370117,228228512.00
2017/01/17,24.16,24.58,23.71,24.15,2297274,55954480.00
2017/01/18,24.11,24.15,23.70,23.77,1835934,44183608.00
2017/01/19,23.83,23.87,23.26,23.53,1851010,43794264.00
2017/01/20,23.48,23.74,23.28,23.55,2125725,50228236.00
2017/01/23,23.55,23.78,23.37,23.39,1862906,44155888.00
2017/01/24,23.39,23.39,23.10,23.20,1342413,31412184.00
2017/01/25,23.28,23.50,22.93,23.32,1559823,36725284.00
2017/01/26,23.46,23.58,23.21,23.53,1098889,25895824.00
2017/02/03,23.58,23.73,23.10,23.35,1329035,31306388.00
2017/02/06,23.42,23.92,23.35,23.89,3648686,87086312.00
2017/02/07,23.78,24.06,23.64,23.69,2133009,51288128.00
2017/02/08,23.53,23.85,23.40,23.76,1547299,36854364.00
2017/02/09,23.87,24.12,23.77,23.86,1849750,44680836.00
2017/02/10,23.94,23.98,23.60,23.92,1543293,37150644.00
2017/02/13,23.98,24.30,23.90,24.26,2238589,54512792.00
2017/02/14,24.31,24.32,24.13,24.21,1511970,36951224.00
2017/02/15,24.21,24.44,24.01,24.12,2036654,49703944.00
2017/02/16,24.14,24.63,24.05,24.49,2373193,58263784.00
2017/02/17,24.48,24.69,24.13,24.18,2041160,50003536.00
2017/02/20,24.27,25.25,24.27,25.10,5696682,143234784.00
2017/02/21,25.58,27.48,25.23,26.76,15023235,397606112.00
2017/02/22,26.33,26.42,25.31,25.52,15101342,393077632.00
2017/02/23,25.65,25.65,25.05,25.12,5931160,151526576.00
2017/02/24,25.17,25.28,24.88,25.07,4222588,106881368.00
2017/02/27,25.31,25.55,25.04,25.09,7409724,188749408.00
2017/02/28,25.03,25.56,25.03,25.53,5158476,131995320.00
2017/03/01,25.38,25.77,25.30,25.34,6437523,165814672.00
2017/03/02,25.39,25.97,25.16,25.18,8125764,209084768.00
2017/03/03,25.17,25.48,25.03,25.30,4689175,119406000.00
2017/03/06,25.38,25.88,25.23,25.26,7391072,189880112.00
2017/03/07,25.38,26.05,25.26,26.03,10446200,271021184.00
2017/03/08,26.00,26.24,25.88,25.97,5128789,134747536.00
2017/03/09,25.94,26.07,25.65,25.70,3529717,91887016.00
2017/03/10,25.59,26.06,25.59,26.02,2275349,59254392.00
2017/03/13,25.98,26.32,25.82,25.84,5031945,132062496.00
2017/03/14,25.83,26.15,25.79,25.89,2136937,55812440.00
2017/03/15,25.78,25.93,25.60,25.69,2866465,74447928.00
2017/03/16,25.68,25.94,25.52,25.66,2523833,65365156.00
2017/03/17,25.73,25.78,25.17,25.68,4839897,124461672.00
2017/03/20,25.54,25.78,25.47,25.68,2092912,54136140.00
2017/03/21,25.69,25.81,25.48,25.67,1753455,45304056.00
2017/03/22,25.66,25.66,25.28,25.45,2938348,75365496.00
2017/03/23,25.40,25.59,25.30,25.57,1972361,50682020.00
2017/03/24,25.59,26.13,25.59,26.00,6634700,173889664.00
2017/03/27,26.13,26.65,26.13,26.35,5685325,151511600.00
2017/03/28,26.48,26.55,26.17,26.46,3415475,90618120.00
2017/03/29,26.45,26.56,26.21,26.35,2884483,76625904.00
2017/03/30,26.34,26.44,25.59,25.75,3475345,90632056.00
2017/03/31,25.75,26.11,25.63,26.04,2383886,62125136.00
2017/04/05,25.90,26.28,25.78,25.97,2779380,72890624.00
2017/04/06,25.80,26.02,25.55,25.70,3245916,84268112.00
2017/04/07,25.65,25.79,25.12,25.31,5665374,144900192.00
2017/04/10,25.28,25.46,24.90,25.03,3492248,88653400.00
2017/04/11,25.16,25.24,24.58,25.04,3528441,88771080.00
2017/04/12,25.04,25.19,24.75,25.05,2540801,63949196.00
2017/04/13,25.18,25.18,24.77,25.07,2959496,74470136.00
2017/04/14,25.05,25.26,24.98,25.13,1976737,50066668.00
2017/04/17,25.14,25.19,24.83,25.07,2958250,74573688.00
2017/04/18,24.99,25.15,24.16,24.80,2907056,72291752.00
2017/04/19,24.69,24.86,24.61,24.79,1602580,39963332.00
2017/04/20,24.89,25.19,24.79,25.16,2209239,55730924.00
2017/04/21,25.16,25.38,25.00,25.01,3501754,88990736.00
2017/04/24,24.96,25.25,24.54,24.58,2612549,65152672.00
2017/04/25,24.68,24.96,24.66,24.75,2023505,50563640.00
2017/04/26,24.90,25.16,24.79,25.11,2266896,57052296.00
2017/04/27,25.11,26.12,24.89,25.29,10051707,258307232.00
2017/04/28,25.28,25.51,24.98,25.28,3975225,101512328.00
2017/05/02,25.83,26.04,25.29,25.50,4820409,124734224.00
2017/05/03,25.42,26.27,25.32,26.24,11726677,307331904.00
2017/05/04,26.10,26.45,25.99,26.27,13116921,347212512.00
2017/05/05,25.83,26.68,25.79,26.53,10543070,281461920.00
2017/05/08,26.36,26.77,26.30,26.31,9098838,243401856.00
2017/05/09,26.46,27.03,26.29,26.43,7253100,194667104.00
2017/05/10,26.32,26.60,25.78,25.95,7482306,197769760.00
2017/05/11,25.78,26.06,25.33,25.75,3861544,100052384.00
2017/05/12,25.76,26.18,25.60,26.08,4199757,109987744.00
2017/05/15,26.18,26.47,26.01,26.16,5040661,133152056.00
2017/05/16,26.22,26.30,25.95,26.21,6566198,173179040.00
2017/05/17,26.21,26.78,26.21,26.77,12902672,345935136.00
2017/05/18,26.59,26.88,26.48,26.78,18214581,490952000.00
2017/05/19,26.78,26.87,26.46,26.75,15294502,410613856.00
2017/05/22,26.73,26.73,25.59,25.66,10693043,280831296.00
2017/05/23,25.73,25.73,24.73,24.79,10567512,265623680.00
2017/05/24,24.78,25.21,24.68,25.17,7099323,178152576.00
2017/05/25,25.15,25.20,24.66,25.07,7818811,196484944.00
2017/05/26,25.07,25.42,24.99,25.38,7957141,203082224.00
2017/05/31,25.63,25.96,25.48,25.65,5546097,143861024.00
2017/06/01,25.55,25.71,25.16,25.17,3192882,82095008.00
2017/06/02,25.20,26.33,25.20,25.98,14232274,371101088.00
2017/06/05,26.09,26.50,26.00,26.34,11944170,317250048.00
2017/06/06,26.38,26.68,26.26,26.48,10391275,278268640.00
2017/06/07,26.59,26.61,26.40,26.57,12654272,338668608.00
2017/06/08,26.57,26.69,26.35,26.63,13435225,359806240.00
2017/06/09,26.66,27.03,26.59,26.98,15210220,410248800.00
2017/06/12,27.03,27.28,26.86,27.10,14183294,387244320.00
2017/06/13,27.20,27.55,27.00,27.50,17460506,475930176.00
2017/06/14,27.46,28.33,27.30,27.78,18738574,522409920.00
2017/06/15,27.57,28.20,27.45,27.81,11820414,329469952.00
2017/06/16,27.75,28.01,27.57,27.92,10251869,285052896.00
2017/06/19,27.99,28.09,27.82,28.03,12469225,348986656.00
2017/06/20,28.06,28.43,27.99,28.18,9500196,267325792.00
2017/06/21,28.16,28.20,27.63,27.88,12909542,360348736.00
2017/06/22,27.92,28.02,27.26,27.38,15014444,415745888.00
2017/06/23,27.47,27.80,27.20,27.79,5863600,161300832.00
2017/06/26,27.85,27.97,27.65,27.83,11775082,327459936.00
2017/06/27,27.88,27.94,27.48,27.58,10827341,300355168.00
2017/06/28,27.66,27.79,27.31,27.35,9208356,253057696.00
2017/06/29,27.45,27.55,25.52,26.14,27652959,727069568.00
2017/06/30,25.90,26.25,25.40,26.06,12125935,314587744.00
2017/07/03,26.00,26.00,25.42,25.76,19741726,505369216.00
2017/07/04,25.60,26.06,25.55,26.03,9099164,235342272.00
2017/07/05,26.25,26.33,26.01,26.25,11503891,301272064.00
2017/07/06,26.30,26.72,26.26,26.61,13321650,354084992.00
2017/07/07,26.70,26.73,26.41,26.71,6606507,175936992.00
2017/07/10,26.55,26.70,25.75,25.82,15104247,392653824.00
2017/07/11,25.81,26.20,25.81,25.90,7150406,185680064.00
2017/07/12,25.84,26.34,25.82,26.27,9374891,244536544.00
2017/07/13,26.31,26.45,25.88,26.27,6906927,180485360.00
2017/07/14,26.34,26.34,26.09,26.18,4281600,112012312.00
2017/07/17,26.16,26.26,25.50,26.03,11060911,287181248.00
2017/07/18,26.09,26.09,25.80,25.91,5624629,145636672.00
2017/07/19,25.87,26.33,25.81,26.07,8373923,217426976.00
2017/07/20,25.94,26.20,25.94,26.09,8653742,225531792.00
2017/07/21,26.10,26.57,26.08,26.53,8891078,234617920.00
2017/07/24,26.51,26.95,26.31,26.46,7718274,204750512.00
2017/07/25,26.37,26.58,26.01,26.02,5607530,147197968.00
2017/07/26,26.03,26.32,25.80,25.86,9821090,254744496.00
2017/07/27,25.87,26.05,25.61,25.97,3879716,100304456.00
2017/07/28,25.96,26.22,25.81,26.14,5145300,133899376.00
2017/08/02,26.46,26.46,26.46,26.46,0,0.00
数据来源:通达信
