600303 曙光股份 日线 前复权
      日期	    开盘	    最高	    最低	    收盘	    成交量	    成交额
2010/10/08,8.60,8.72,8.45,8.57,4299140,88862952.00
2010/10/11,8.57,8.57,8.17,8.24,7915674,157039168.00
2010/10/12,8.19,8.53,8.12,8.26,7157366,142564160.00
2010/10/13,8.14,8.24,7.84,7.95,11500380,219149904.00
2010/10/14,7.99,7.99,7.46,7.49,10610660,193096768.00
2010/10/15,7.57,7.79,7.56,7.75,11895911,216812544.00
2010/10/18,7.59,7.73,7.48,7.52,6763307,121678048.00
2010/10/19,7.49,8.01,7.49,7.98,6897818,128197360.00
2010/10/20,7.84,8.28,7.78,8.08,13047731,252818064.00
2010/10/21,8.07,8.22,7.96,8.10,8528539,165096784.00
2010/10/22,8.10,8.27,8.08,8.13,6433528,125681312.00
2010/10/25,8.24,8.52,8.24,8.47,14299970,288817632.00
2010/10/26,8.48,8.49,8.07,8.34,14215433,281220480.00
2010/10/27,8.26,8.57,8.19,8.24,15149356,304922400.00
2010/10/28,8.20,8.65,8.15,8.60,13461465,271705312.00
2010/10/29,8.60,8.87,8.52,8.70,13184562,276675552.00
2010/11/01,8.77,8.82,8.60,8.71,9626547,201993872.00
2010/11/02,8.70,8.79,8.41,8.49,11255466,233085424.00
2010/11/03,8.45,8.49,8.15,8.20,6761580,134431152.00
2010/11/04,8.21,8.32,8.12,8.30,7693344,151740176.00
2010/11/05,8.34,8.40,8.22,8.37,7930103,157257968.00
2010/11/08,8.39,8.80,8.29,8.71,10970373,225046560.00
2010/11/09,8.67,8.82,8.57,8.65,7915318,165553264.00
2010/11/10,8.60,8.64,8.22,8.34,21982038,437955072.00
2010/11/11,8.26,9.11,8.15,9.07,37277466,792885888.00
2010/11/12,8.90,9.13,8.30,8.55,26940230,563774464.00
2010/11/15,8.57,8.95,8.37,8.80,15751368,329856992.00
2010/11/16,8.81,8.98,8.30,8.32,14273038,296437312.00
2010/11/17,7.89,8.09,7.55,7.57,14012591,257342304.00
2010/11/18,7.57,7.67,7.30,7.58,8689991,154698272.00
2010/11/19,7.65,7.69,7.37,7.66,8665938,156115008.00
2010/11/22,7.56,8.03,7.48,7.93,12740054,235834656.00
2010/11/23,7.85,7.94,7.64,7.76,7902084,146394448.00
2010/11/24,7.71,7.93,7.66,7.89,5744783,107061088.00
2010/11/25,8.15,8.56,8.06,8.07,17593254,348273760.00
2010/11/26,8.10,8.49,8.10,8.32,17831446,353957216.00
2010/11/29,8.38,8.47,8.22,8.25,17341506,346661728.00
2010/12/08,7.93,8.16,7.87,8.03,7695592,125918344.00
2010/12/09,7.96,8.03,7.65,7.71,5497524,87640920.00
2010/12/10,7.62,7.81,7.59,7.75,5537659,87113000.00
2010/12/13,7.72,7.92,7.72,7.90,7308138,117055352.00
2010/12/14,7.93,8.35,7.92,8.21,10916435,182735600.00
2010/12/15,8.12,8.44,8.11,8.26,11599556,196922576.00
2010/12/16,8.16,8.40,8.16,8.20,8776615,148433040.00
2010/12/17,8.17,8.22,7.96,8.07,8307075,136979536.00
2010/12/20,8.06,8.14,7.61,7.81,9440859,151667200.00
2010/12/21,7.85,7.93,7.68,7.91,5537708,88591944.00
2010/12/22,7.89,7.90,7.67,7.73,6725335,106739408.00
2010/12/23,7.73,7.73,7.54,7.55,4608244,71850048.00
2010/12/24,7.51,7.53,7.13,7.20,6557086,98365632.00
2010/12/27,7.19,7.31,6.76,6.81,7578225,109987528.00
2010/12/28,6.81,6.87,6.48,6.56,6711964,91679656.00
2010/12/29,6.61,6.85,6.56,6.82,5466158,75895336.00
2010/12/30,6.78,7.16,6.77,7.11,8518535,122886072.00
2010/12/31,7.09,7.25,7.02,7.21,6352925,93218040.00
2011/01/04,7.22,7.59,7.21,7.57,15006775,227698528.00
2011/01/05,7.50,7.95,7.42,7.94,20332769,324891296.00
2011/01/06,7.91,8.06,7.55,7.63,27064872,435138304.00
2011/01/07,7.66,7.99,7.55,7.96,23344256,370828928.00
2011/01/10,7.89,8.14,7.70,7.73,11176188,182244448.00
2011/01/11,7.61,7.89,7.56,7.66,7372792,116731872.00
2011/01/12,7.66,7.91,7.62,7.82,5482090,87478728.00
2011/01/13,7.84,8.23,7.84,8.16,19142531,317682720.00
2011/01/14,8.12,8.34,7.97,8.26,14446397,241388128.00
2011/01/17,8.12,8.35,7.70,8.11,15225052,251096960.00
2011/01/18,8.09,8.63,7.94,8.56,18699618,318769152.00
2011/01/19,8.47,8.76,8.42,8.64,19946690,350911136.00
2011/01/20,8.53,9.04,8.46,8.69,20234308,362243712.00
2011/01/21,8.62,9.25,8.59,9.22,23166760,423867168.00
2011/01/24,10.06,10.06,8.69,8.71,44711698,851520832.00
2011/01/25,8.44,8.44,7.96,8.26,24434675,409340128.00
2011/01/26,8.17,8.73,8.17,8.44,14122822,245973120.00
2011/01/27,8.39,8.88,8.28,8.86,16007669,284804192.00
2011/01/28,8.85,9.23,8.72,9.10,15137815,277040064.00
2011/01/31,9.10,9.11,8.87,8.96,13716231,251602688.00
2011/02/01,8.98,9.02,8.71,8.83,11702281,210946416.00
2011/02/09,8.76,8.96,8.65,8.72,10635954,190859808.00
2011/02/10,8.71,9.51,8.62,9.36,20592162,384942400.00
2011/02/11,9.36,9.46,9.19,9.41,14543459,276482752.00
2011/02/14,9.41,9.67,9.32,9.53,17787866,345414944.00
2011/02/15,9.50,9.75,9.43,9.46,15331504,299799552.00
2011/02/16,9.40,10.29,9.40,10.12,23515241,474527744.00
2011/02/17,10.12,10.41,10.03,10.26,14049896,292872992.00
2011/02/18,10.19,10.61,10.12,10.29,13370561,281730976.00
2011/02/21,10.15,10.81,10.15,10.64,12529472,269122112.00
2011/02/22,10.65,10.70,9.82,9.90,20091587,414973440.00
2011/02/23,9.85,10.20,9.80,10.05,14390553,293669440.00
2011/02/24,9.99,10.03,9.67,9.89,9758712,195781488.00
2011/02/25,9.89,9.99,9.74,9.97,6832779,137634320.00
2011/02/28,9.95,10.29,9.76,10.20,10903942,223992768.00
2011/03/01,10.16,10.24,9.79,9.90,11616140,237020912.00
2011/03/02,9.81,10.00,9.75,9.97,6950311,140095568.00
2011/03/03,9.94,10.26,9.85,9.96,9313287,191245344.00
2011/03/04,9.98,10.13,9.81,10.11,8639327,175514960.00
2011/03/07,10.15,10.25,10.04,10.20,10492798,217173632.00
2011/03/08,10.19,10.69,10.13,10.67,17337763,370459072.00
2011/03/09,10.71,11.50,10.71,11.11,22255236,505371648.00
2011/03/10,11.01,11.21,10.86,11.01,10813312,243678560.00
2011/03/11,10.94,11.48,10.91,11.15,13926644,320406592.00
2011/03/14,11.09,11.45,10.70,10.78,14698083,328230752.00
2011/03/15,10.71,10.91,10.22,10.90,13335577,285074144.00
2011/03/16,10.84,11.01,10.68,10.88,7487635,165097888.00
2011/03/17,10.71,10.73,10.32,10.43,8358408,179136928.00
2011/03/18,10.52,10.69,10.52,10.59,5440201,117636680.00
2011/03/21,10.58,10.69,10.42,10.56,3942984,84750296.00
2011/03/22,10.62,10.93,10.31,10.92,8321137,180174624.00
2011/03/23,10.83,11.10,10.79,11.00,6393190,143077520.00
2011/03/24,10.96,11.16,10.44,10.54,12496232,272771040.00
2011/03/25,10.37,10.76,10.36,10.64,6942005,149638528.00
2011/03/28,10.71,10.90,10.61,10.86,8901086,195340256.00
2011/03/29,10.89,11.03,10.62,10.77,11011076,242112912.00
2011/03/30,10.72,10.85,10.37,10.40,6767789,146146688.00
2011/03/31,10.41,10.54,10.03,10.06,6637852,138434528.00
2011/04/01,10.06,10.23,9.84,10.11,6383532,130718416.00
2011/04/06,10.05,10.21,9.91,10.00,5511132,112442160.00
2011/04/07,10.06,10.28,10.00,10.20,5083677,105183040.00
2011/04/08,10.19,10.48,10.06,10.45,7686810,161216400.00
2011/04/11,10.45,10.47,10.04,10.07,8268055,171534544.00
2011/04/12,10.04,10.12,9.94,10.01,3799191,77654048.00
2011/04/13,10.01,10.13,9.81,10.11,6002997,121761984.00
2011/04/14,10.08,10.19,10.00,10.03,3983468,81945320.00
2011/04/15,9.98,10.31,9.98,10.30,7010521,145425280.00
2011/04/18,10.28,10.44,10.15,10.23,5403348,113134232.00
2011/04/20,10.18,10.83,10.11,10.69,10772058,231805296.00
2011/04/21,10.70,11.44,10.69,11.19,18180385,412790496.00
2011/04/22,11.26,11.28,10.92,10.96,9358624,210226592.00
2011/04/25,10.82,10.91,10.21,10.25,9065280,193847472.00
2011/04/26,10.17,10.42,10.15,10.32,6535513,136990672.00
2011/04/27,10.39,10.42,9.76,9.88,9848266,200935520.00
2011/04/28,9.89,9.98,9.31,9.46,8072829,158824320.00
2011/04/29,9.54,9.71,9.44,9.68,4027596,78932480.00
2011/05/03,9.69,9.95,9.50,9.89,4680550,92464616.00
2011/05/04,9.84,9.84,9.50,9.52,5035260,98529408.00
2011/05/05,9.48,9.64,9.44,9.58,3022099,58882392.00
2011/05/06,9.42,9.89,9.38,9.84,7531636,148281376.00
2011/05/09,9.81,10.00,9.79,9.96,5381991,108874520.00
2011/05/10,9.95,10.04,9.84,10.02,3444332,69747408.00
2011/05/11,9.97,10.05,9.84,9.94,3857690,78189528.00
2011/05/12,9.87,10.14,9.84,10.11,7286667,148873920.00
2011/05/13,10.21,10.26,9.79,9.95,8248498,167540688.00
2011/05/16,9.91,10.09,9.86,10.01,4021248,81915696.00
2011/05/17,10.01,10.06,9.73,9.78,4148124,83344760.00
2011/05/18,9.76,9.96,9.59,9.62,5428797,107873200.00
2011/05/19,9.83,10.58,9.72,9.87,11992109,121794600.00
2011/05/20,9.74,9.74,9.34,9.44,11617492,111900512.00
2011/05/23,9.45,9.50,8.80,8.86,9926575,91431904.00
2011/05/24,8.79,8.79,8.31,8.75,7196746,62959172.00
2011/05/25,8.81,9.08,8.55,8.62,7468950,67102912.00
2011/05/26,8.69,8.83,8.27,8.31,8468783,73349856.00
2011/05/27,8.30,8.38,7.69,7.70,10469509,84423208.00
2011/05/30,7.65,7.90,7.60,7.70,6423372,50823632.00
2011/05/31,7.72,7.99,7.65,7.97,6109854,48842896.00
2011/06/01,8.00,8.40,7.89,8.29,11729863,97882672.00
2011/06/02,8.13,8.24,7.90,8.14,8923844,73564800.00
2011/06/03,8.11,8.32,8.06,8.21,6583657,55107668.00
2011/06/07,8.23,8.36,8.16,8.23,4892269,41061396.00
2011/06/08,8.26,8.51,8.26,8.49,10056756,86053760.00
2011/06/09,8.37,8.48,8.09,8.11,8701473,73258856.00
2011/06/10,8.10,8.12,7.76,7.97,7557815,60823556.00
2011/06/13,7.87,8.00,7.84,7.99,3625547,29229904.00
2011/06/14,7.98,8.32,7.95,8.23,6888111,57330576.00
2011/06/15,8.24,8.31,8.04,8.05,4587546,38084856.00
2011/06/16,7.96,8.31,7.87,7.98,8002090,65848296.00
2011/06/17,7.91,8.06,7.85,7.86,4746054,38516872.00
2011/06/20,7.86,7.96,7.73,7.80,4095282,32758872.00
2011/06/21,7.80,7.95,7.80,7.93,3393075,27296304.00
2011/06/22,7.94,7.98,7.82,7.89,3529623,28363472.00
2011/06/23,7.83,8.10,7.82,8.06,5365767,43693772.00
2011/06/24,8.07,8.70,8.05,8.41,16991305,145551664.00
2011/06/27,8.47,8.57,8.31,8.43,9977046,85853240.00
2011/06/28,8.44,8.49,8.25,8.40,7010009,59595704.00
2011/06/29,8.35,8.51,8.28,8.29,6344563,54175004.00
2011/06/30,8.27,8.49,8.26,8.40,7803383,66908568.00
2011/07/01,8.42,9.24,8.41,8.79,21179741,190351616.00
2011/07/04,8.81,9.55,8.81,9.54,29815055,281776992.00
2011/07/05,9.50,9.52,9.26,9.34,22010656,209417616.00
2011/07/06,9.31,9.50,9.11,9.30,17600126,166159424.00
2011/07/07,9.31,9.43,9.15,9.20,14416093,135389040.00
2011/07/08,9.15,9.27,9.12,9.18,7218071,67337416.00
2011/07/11,9.15,9.18,8.96,9.10,12322762,113619328.00
2011/07/12,9.03,9.03,8.75,8.76,11171876,100877000.00
2011/07/13,8.75,9.03,8.73,8.98,8210470,74727440.00
2011/07/14,8.96,9.05,8.77,8.90,10600633,96008320.00
2011/07/15,8.90,9.02,8.85,9.00,8791964,80150608.00
2011/07/18,9.05,9.18,9.00,9.11,11625486,107592184.00
2011/07/19,9.07,9.08,8.82,8.92,6903947,62584256.00
2011/07/20,8.93,9.05,8.81,8.90,6380293,57726468.00
2011/07/21,8.91,8.94,8.60,8.60,11475623,101549480.00
2011/07/22,8.61,8.78,8.61,8.72,6167000,54605972.00
2011/07/25,8.75,8.81,8.30,8.39,9283955,80599136.00
2011/07/26,8.37,8.51,8.30,8.46,4664675,40011280.00
2011/07/27,8.43,8.54,8.28,8.49,4874612,41835916.00
2011/07/28,8.37,8.41,8.19,8.28,5469705,46103872.00
2011/07/29,8.28,8.34,8.14,8.23,3668136,30773636.00
2011/08/01,8.21,8.29,8.16,8.26,3642901,30539870.00
2011/08/02,8.24,8.24,7.95,8.11,5015846,41151256.00
2011/08/03,7.95,8.22,7.95,8.07,3794749,31182580.00
2011/08/04,8.10,8.31,8.10,8.18,4173456,34877072.00
2011/08/05,7.85,8.04,7.76,7.93,5617453,45503644.00
2011/08/08,7.76,7.85,7.17,7.21,10022308,76185160.00
2011/08/09,7.01,7.30,6.66,7.20,8703555,62039424.00
2011/08/10,7.35,7.45,7.18,7.22,6060214,45281180.00
2011/08/11,6.95,7.21,6.95,7.16,11107319,80476920.00
2011/08/12,7.25,7.34,7.13,7.17,13414424,98852488.00
2011/08/15,7.18,7.37,7.16,7.31,11580237,85917080.00
2011/08/16,7.32,7.39,7.16,7.22,8917471,66235816.00
2011/08/17,7.19,7.27,7.10,7.12,7740233,56581068.00
2011/08/18,7.18,7.18,6.84,6.87,7657660,54531144.00
2011/08/19,6.71,6.83,6.65,6.82,5877048,40577636.00
2011/08/22,6.85,6.96,6.78,6.85,3568980,25034708.00
2011/08/23,6.90,7.00,6.82,6.99,4772094,33820080.00
2011/08/24,7.03,7.08,6.92,6.93,4610674,32994496.00
2011/08/25,6.98,7.22,6.89,7.17,10750821,77360680.00
2011/08/26,7.12,7.23,7.00,7.10,10289893,74443216.00
2011/08/29,7.05,7.08,6.83,6.86,13133245,92761288.00
2011/08/30,6.93,6.95,6.71,6.72,10467760,73307312.00
2011/08/31,6.68,6.76,6.61,6.72,7005531,47825156.00
2011/09/01,6.74,6.80,6.65,6.70,5013348,34527272.00
2011/09/02,6.70,6.81,6.62,6.78,6322838,43478204.00
2011/09/05,6.83,7.47,6.82,7.47,63668885,476970560.00
2011/09/06,7.27,7.52,7.19,7.38,37415362,280430464.00
2011/09/07,7.37,7.68,7.29,7.66,44837328,344266464.00
2011/09/08,7.68,7.76,7.48,7.50,26652989,206172912.00
2011/09/09,7.43,7.56,7.29,7.39,17211767,130172528.00
2011/09/13,7.25,7.25,6.95,7.09,17527734,127143168.00
2011/09/14,7.12,7.81,7.11,7.81,41005162,314560608.00
2011/09/15,7.92,8.43,7.77,8.21,64008353,526412864.00
2011/09/16,8.15,8.36,8.11,8.19,36545972,305415520.00
2011/09/19,8.15,8.79,7.98,8.51,48661931,417030304.00
2011/09/20,8.35,8.72,8.22,8.56,39848678,344084832.00
2011/09/21,8.48,9.43,8.40,9.43,100350021,943212096.00
2011/09/22,9.32,9.53,9.03,9.20,65163609,613865472.00
2011/09/23,9.00,9.32,8.78,9.15,55019091,508601184.00
2011/09/26,9.00,9.42,8.92,8.94,43187172,403112320.00
2011/09/27,8.96,9.11,8.49,8.83,44990474,400908096.00
2011/09/28,8.82,8.93,8.26,8.33,29522445,258846688.00
2011/09/29,8.23,8.62,8.05,8.14,36514997,310295584.00
2011/09/30,8.15,8.34,7.77,8.21,31121225,255758672.00
2011/10/10,8.20,8.43,7.96,8.42,25718225,215856976.00
2011/10/11,8.65,8.73,7.96,8.17,32284496,277399584.00
2011/10/12,8.11,9.00,7.85,8.93,54830493,480246432.00
2011/10/13,8.83,9.32,8.70,9.14,60407004,554113792.00
2011/10/14,9.04,9.25,8.87,9.14,35163335,323521376.00
2011/10/17,9.07,9.27,8.90,9.05,26111235,239787232.00
2011/10/18,8.95,8.96,8.22,8.27,36798841,320085856.00
2011/10/19,8.30,8.51,8.21,8.32,17844475,151747936.00
2011/10/20,8.29,8.29,7.88,8.05,19231042,157243968.00
2011/10/21,8.02,8.13,7.85,7.88,13140690,106958280.00
2011/10/24,7.86,7.94,7.20,7.88,24109467,188213136.00
2011/10/25,7.84,8.23,7.75,8.16,22493910,184571392.00
2011/10/26,8.04,8.61,7.96,8.40,34293333,290687008.00
2011/10/27,8.34,8.45,8.03,8.08,22661424,189675152.00
2011/10/28,8.18,8.32,7.95,8.23,29562053,244746368.00
2011/10/31,8.25,8.95,8.18,8.72,47661410,418453792.00
2011/11/01,8.63,9.53,8.56,9.32,83830849,783590528.00
2011/11/02,9.10,9.48,8.94,9.44,57771932,542193472.00
2011/11/03,9.35,9.49,9.15,9.20,46951102,443202624.00
2011/11/04,9.25,9.65,9.06,9.20,41045204,390240416.00
2011/11/07,9.14,9.23,8.95,9.06,20287319,186773168.00
2011/11/08,8.98,9.50,8.98,9.48,40849640,385121216.00
2011/11/09,9.52,9.61,9.18,9.49,29617585,282279424.00
2011/11/10,9.33,9.33,9.05,9.05,28096789,261636800.00
2011/11/11,9.13,9.26,8.75,9.05,26933785,246437696.00
2011/11/14,9.14,9.94,9.12,9.78,65457724,643415424.00
2011/11/15,9.79,10.04,9.68,9.78,48901775,488003776.00
2011/11/16,9.73,9.74,9.16,9.25,40958614,392335392.00
2011/11/17,9.25,9.44,9.18,9.23,23439408,221426128.00
2011/11/18,9.11,9.19,8.86,8.96,24330140,223001152.00
2011/11/21,8.95,9.33,8.92,9.20,19930304,185383840.00
2011/11/22,9.03,9.17,8.90,9.06,14473209,132718024.00
2011/11/23,9.09,9.21,8.65,8.79,20428539,185931680.00
2011/11/24,8.60,8.98,8.47,8.91,20665669,184147088.00
2011/11/25,8.87,8.94,8.67,8.74,11589861,103517040.00
2011/11/28,8.83,9.00,8.72,8.80,11410834,102779984.00
2011/11/29,8.95,9.04,8.76,9.03,20174329,183234320.00
2011/11/30,9.03,9.03,8.15,8.37,24172868,212288720.00
2011/12/01,8.75,8.85,8.49,8.52,16691930,147152336.00
2011/12/02,8.50,8.50,8.03,8.09,13693116,114292352.00
2011/12/05,8.10,8.13,7.81,7.86,9380624,75707344.00
2011/12/06,7.80,7.99,7.73,7.91,8331288,66838904.00
2011/12/07,7.91,7.99,7.80,7.95,8079424,65178052.00
2011/12/08,7.96,8.07,7.58,7.96,12039202,96977040.00
2011/12/09,7.86,7.98,7.75,7.79,7241574,57835440.00
2011/12/12,7.85,8.02,7.83,7.84,9421541,75885488.00
2011/12/13,7.70,7.75,7.41,7.44,11803162,90675728.00
2011/12/14,7.35,7.53,7.14,7.17,8268315,61592700.00
2011/12/15,7.05,7.08,6.80,6.86,11242508,79674800.00
2011/12/16,6.92,7.20,6.80,7.16,10842354,77327144.00
2011/12/19,7.13,7.30,7.00,7.27,13243774,96946032.00
2011/12/20,7.24,7.35,7.15,7.16,8705825,64478364.00
2011/12/21,7.23,7.29,6.89,6.91,7848585,56908504.00
2011/12/22,6.76,6.98,6.58,6.89,9750792,67422320.00
2011/12/23,6.79,7.10,6.77,6.97,7510071,53458264.00
2011/12/26,6.97,7.14,6.90,7.01,8929435,64051104.00
2011/12/27,6.96,6.97,6.60,6.68,9436940,65274672.00
2011/12/28,6.65,6.78,6.55,6.75,5666679,38646472.00
2011/12/29,6.65,6.82,6.63,6.74,5492294,37902272.00
2011/12/30,6.80,6.93,6.77,6.85,6542698,45846252.00
2012/01/04,6.95,7.09,6.78,6.82,8946761,63423508.00
2012/01/05,6.74,7.05,6.65,6.71,12310416,86512648.00
2012/01/06,6.55,6.80,6.26,6.77,10888421,72411864.00
2012/01/09,6.75,7.15,6.67,7.14,13916579,98981072.00
2012/01/10,7.10,7.50,7.05,7.41,19535051,145380528.00
2012/01/11,7.41,7.61,7.25,7.34,15855232,119895232.00
2012/01/12,7.25,7.45,7.22,7.33,10426160,78028336.00
2012/01/13,7.32,7.35,6.95,6.99,12514881,90736816.00
2012/01/16,6.97,7.05,6.82,6.86,6834153,48255464.00
2012/01/17,6.85,7.28,6.81,7.23,12970028,93729592.00
2012/01/18,7.19,7.40,7.00,7.04,10430946,76786816.00
2012/01/19,7.01,7.14,6.95,7.05,6382244,45954272.00
2012/01/20,6.93,6.93,6.34,6.65,26300428,176629984.00
2012/01/30,6.63,6.63,6.45,6.49,10612676,70831208.00
2012/01/31,6.49,6.56,6.45,6.52,7340198,48848592.00
2012/02/01,6.52,6.57,6.42,6.43,7837556,51983992.00
2012/02/02,6.45,6.52,6.37,6.51,8784840,57935772.00
2012/02/03,6.51,6.62,6.46,6.60,10841667,72822792.00
2012/02/06,6.64,7.18,6.57,7.08,28174278,200177056.00
2012/02/07,6.99,7.00,6.80,6.86,15571690,109606392.00
2012/02/08,6.75,7.00,6.75,6.98,14037795,99296464.00
2012/02/09,6.96,7.10,6.93,7.00,17737361,127310336.00
2012/02/10,7.03,7.05,6.93,6.97,10748744,76576488.00
2012/02/13,6.95,7.11,6.87,7.03,12807053,91800760.00
2012/02/14,7.02,7.32,6.95,7.17,21131227,154260416.00
2012/02/15,7.11,7.29,7.03,7.23,18525031,135758160.00
2012/02/16,7.23,7.40,7.15,7.25,18431225,136690400.00
2012/02/17,7.27,7.34,7.03,7.10,15304918,111476904.00
2012/02/20,7.21,7.23,7.04,7.05,11046478,80281904.00
2012/02/21,7.03,7.10,6.96,7.10,9423078,67726496.00
2012/02/23,7.35,7.59,7.20,7.26,29799588,223139776.00
2012/02/24,7.26,7.30,7.16,7.28,18516318,136704320.00
2012/02/27,7.37,7.72,7.36,7.52,38075289,294210432.00
2012/02/28,7.45,7.73,7.43,7.69,32311887,251225664.00
2012/02/29,7.65,7.65,7.45,7.45,16798009,128968296.00
2012/03/01,7.37,7.45,7.31,7.38,12503395,94172512.00
2012/03/02,7.38,7.53,7.35,7.52,11539237,87814144.00
2012/03/05,7.55,7.60,7.41,7.42,12222833,93334944.00
2012/03/06,7.38,7.43,7.23,7.24,11649812,86526856.00
2012/03/07,7.17,7.37,7.13,7.30,10770141,79730776.00
2012/03/08,7.30,7.42,7.30,7.38,10446138,78492864.00
2012/03/09,7.41,7.44,7.29,7.42,9941400,74750400.00
2012/03/12,7.44,7.59,7.38,7.55,15223080,116182440.00
2012/03/13,7.56,7.63,7.50,7.57,11092077,85372480.00
2012/03/14,7.60,7.69,7.00,7.09,24343303,184453568.00
2012/03/15,7.07,7.14,6.65,6.81,16025534,112815448.00
2012/03/16,6.81,6.99,6.75,6.98,9812408,69042768.00
2012/03/19,6.96,7.50,6.86,7.31,19656363,144390128.00
2012/03/20,7.24,7.28,6.99,7.01,10576246,76882712.00
2012/03/21,7.05,7.13,6.91,7.05,6935103,49587160.00
2012/03/22,6.99,7.16,6.99,7.06,6998919,50609528.00
2012/03/23,7.00,7.06,6.88,6.89,7083177,50251780.00
2012/03/26,6.90,6.92,6.77,6.85,5326705,37187196.00
2012/03/27,6.89,7.08,6.87,6.94,6775274,48374512.00
2012/03/28,6.95,6.95,6.56,6.58,8595938,58996232.00
2012/03/29,6.55,6.72,6.46,6.57,6461007,43572012.00
2012/03/30,6.60,6.65,6.44,6.54,5217774,34868472.00
2012/04/05,6.52,6.72,6.52,6.69,6376339,43328904.00
2012/04/06,6.72,6.80,6.63,6.70,6611632,45534280.00
2012/04/09,6.65,6.67,6.55,6.56,4853225,32791728.00
2012/04/10,6.55,6.67,6.41,6.66,4993955,33336038.00
2012/04/11,6.59,6.82,6.50,6.81,8323949,56985052.00
2012/04/12,6.77,7.02,6.74,6.99,15464350,109378904.00
2012/04/13,6.99,7.03,6.94,6.97,9686476,69045096.00
2012/04/16,6.92,7.11,6.89,7.06,8935152,64088176.00
2012/04/18,7.04,7.32,7.04,7.31,19416086,142951808.00
2012/04/19,7.45,7.45,6.99,7.06,28081668,205856160.00
2012/04/20,6.97,7.05,6.91,6.94,23025811,163319648.00
2012/04/23,6.96,6.97,6.70,6.70,20887314,145308672.00
2012/04/24,6.68,6.80,6.49,6.77,14325004,97398088.00
2012/04/25,6.77,6.79,6.62,6.75,11439442,78310568.00
2012/04/26,6.74,6.99,6.70,6.80,13707014,95828200.00
2012/04/27,6.55,6.61,6.35,6.37,24767342,163623424.00
2012/05/02,6.45,6.50,6.34,6.36,16090321,105119008.00
2012/05/03,6.45,6.52,6.37,6.41,13792679,90712424.00
2012/05/04,6.43,6.49,6.35,6.46,13253763,87031456.00
2012/05/07,6.44,6.58,6.40,6.57,12239055,81426672.00
2012/05/08,6.56,6.64,6.51,6.56,9415428,63237904.00
2012/05/09,6.51,6.52,6.38,6.39,8893191,58456376.00
2012/05/10,6.39,6.45,6.36,6.43,6122983,40192848.00
2012/05/11,6.45,6.46,6.37,6.38,5229857,34309664.00
2012/05/14,6.41,6.45,6.34,6.35,5679492,37114696.00
2012/05/15,6.33,6.33,6.08,6.17,10978347,69458352.00
2012/05/16,6.17,6.17,5.96,5.99,8315007,51412996.00
2012/05/17,5.99,6.14,5.99,6.14,6149077,38339660.00
2012/05/18,6.07,6.13,6.02,6.04,4052133,25166884.00
2012/05/21,6.04,6.09,6.00,6.08,3640222,22419352.00
2012/05/22,6.09,6.13,6.05,6.11,5160446,32028884.00
2012/05/23,6.12,6.13,5.91,5.95,7421427,45242236.00
2012/05/24,5.95,5.98,5.76,5.79,10778913,64158028.00
2012/05/25,5.79,5.82,5.44,5.46,15232237,86427152.00
2012/05/28,5.44,5.65,5.19,5.61,12181007,67109232.00
2012/05/29,5.62,5.82,5.61,5.76,15892708,93115064.00
2012/05/30,5.77,5.79,5.64,5.66,9413494,54512352.00
2012/05/31,5.60,5.73,5.55,5.62,6816771,39252096.00
2012/06/01,5.60,5.69,5.60,5.64,5206162,29982988.00
2012/06/04,5.55,5.55,5.34,5.35,7359347,40804232.00
2012/06/05,5.36,5.45,5.29,5.33,4197570,22909740.00
2012/06/06,5.33,5.39,5.22,5.29,4699527,25454642.00
2012/06/07,5.35,5.38,5.21,5.24,5201756,27966546.00
2012/06/08,5.28,5.32,5.16,5.20,5616730,30029424.00
2012/06/11,5.20,5.25,5.14,5.24,6083330,32334468.00
2012/06/12,5.21,5.23,5.13,5.15,5152403,27199668.00
2012/06/13,5.15,5.24,5.11,5.23,12979925,68493952.00
2012/06/14,5.21,5.76,5.20,5.76,68478281,397387520.00
2012/06/15,5.64,5.78,5.60,5.73,37579730,218009152.00
2012/06/18,5.72,5.77,5.65,5.74,19268574,112235928.00
2012/06/19,5.74,5.74,5.57,5.73,18535199,106761520.00
2012/06/20,5.69,5.94,5.62,5.62,29645553,174552864.00
2012/06/21,5.57,5.58,5.38,5.43,16345425,90752584.00
2012/06/25,5.45,5.64,5.30,5.42,15862158,88755088.00
2012/06/26,5.33,5.62,5.31,5.56,14413085,80625768.00
2012/06/27,5.55,5.65,5.41,5.42,11506181,64433476.00
2012/06/28,5.38,5.45,5.16,5.18,11281073,60919680.00
2012/06/29,5.11,5.41,4.91,5.39,18967128,100511824.00
2012/07/02,5.36,5.59,5.26,5.51,22733542,126096856.00
2012/07/03,5.44,6.07,5.41,6.07,60114275,359013632.00
2012/07/04,6.03,6.23,5.91,6.09,82759713,509931392.00
2012/07/05,6.02,6.14,5.95,6.05,43714391,268250320.00
2012/07/06,6.02,6.18,5.83,6.09,27857898,170455376.00
2012/07/09,6.02,6.06,5.91,6.01,22533639,137318528.00
2012/07/10,5.94,6.21,5.92,5.99,50538913,312820608.00
2012/07/11,5.92,6.16,5.90,6.08,38441538,237485904.00
2012/07/12,6.12,6.35,6.00,6.25,59596396,372954016.00
2012/07/13,6.21,6.26,5.97,5.99,41392801,257438752.00
2012/07/16,5.94,5.96,5.38,5.38,34544630,194621696.00
2012/07/17,5.15,5.37,5.13,5.23,22643151,121423912.00
2012/07/18,5.23,5.76,5.09,5.76,44468704,249321008.00
2012/07/19,5.84,6.03,5.70,5.83,52504071,313894976.00
2012/07/20,5.82,5.94,5.72,5.89,20159228,120129616.00
2012/07/23,5.81,6.03,5.63,5.65,32593004,193378080.00
2012/07/24,5.49,6.23,5.40,6.22,65907898,405768256.00
2012/07/25,6.18,6.33,6.09,6.14,60443861,381659552.00
2012/07/26,6.10,6.18,5.91,6.02,19603678,121145568.00
2012/07/27,6.05,6.33,5.97,6.23,57209040,360611296.00
2012/07/30,6.09,6.29,5.88,6.11,35455719,221262528.00
2012/07/31,6.02,6.27,5.89,6.13,25445442,158099472.00
2012/08/01,6.05,6.37,6.01,6.20,55252052,350245760.00
2012/08/09,6.03,6.36,5.57,6.08,50784519,309267680.00
2012/08/10,5.95,6.13,5.89,6.10,28618174,175124640.00
2012/08/13,5.97,6.16,5.92,5.95,22805559,140121456.00
2012/08/14,5.91,6.25,5.90,6.23,47360333,295820000.00
2012/08/15,6.58,6.58,6.05,6.06,63852249,411629120.00
2012/08/16,5.89,5.99,5.69,5.74,30192414,180190176.00
2012/08/17,5.65,5.78,5.61,5.73,14619987,84645448.00
2012/08/20,5.69,5.83,5.64,5.75,11624735,68127720.00
2012/08/21,5.67,5.82,5.67,5.72,14999513,87664928.00
2012/08/22,5.67,5.72,5.43,5.47,23690359,133176064.00
2012/08/23,5.45,5.55,5.44,5.50,10390714,58214452.00
2012/08/24,5.48,5.48,5.22,5.25,16879232,91583424.00
2012/08/27,5.21,5.35,5.10,5.27,11208917,60038296.00
2012/08/28,5.27,5.51,5.27,5.41,15312816,84688488.00
2012/08/29,5.36,5.49,5.20,5.25,11219691,61367352.00
2012/08/30,5.19,5.30,4.99,5.16,9925090,52320720.00
2012/08/31,5.16,5.22,5.12,5.16,5559925,29320688.00
2012/09/03,5.16,5.28,5.14,5.28,7534367,40259360.00
2012/09/04,5.31,5.31,5.10,5.13,9483877,50148288.00
2012/09/05,5.10,5.13,5.01,5.09,8231997,42600788.00
2012/09/06,5.10,5.18,5.07,5.15,6876945,35999944.00
2012/09/07,5.21,5.41,5.18,5.36,18104364,98371336.00
2012/09/10,5.39,5.43,5.29,5.40,14686806,80460648.00
2012/09/11,5.37,5.59,5.29,5.53,21762802,121295416.00
2012/09/12,5.53,5.54,5.40,5.47,13136332,73221016.00
2012/09/13,5.47,5.49,5.29,5.30,10730745,59002592.00
2012/09/14,5.36,5.39,5.21,5.30,9969315,53927784.00
2012/09/17,5.29,5.35,5.11,5.11,9201886,49010400.00
2012/09/18,5.09,5.16,5.05,5.14,4678995,24491144.00
2012/09/19,5.15,5.22,5.10,5.16,4325108,22751002.00
2012/09/20,5.18,5.18,4.91,4.92,8978063,46112584.00
2012/09/21,4.92,4.95,4.81,4.82,8760272,43748044.00
2012/09/24,4.80,4.87,4.69,4.84,5934438,29159360.00
2012/09/25,4.84,4.88,4.75,4.77,5168352,25425038.00
2012/09/26,4.76,4.84,4.55,4.56,6460845,30930696.00
2012/09/27,4.56,4.68,4.47,4.62,9883820,46403224.00
2012/09/28,4.58,4.83,4.54,4.77,8329000,40147148.00
2012/10/08,4.79,4.80,4.66,4.69,5402055,26072584.00
2012/10/09,4.70,4.83,4.69,4.80,7596231,37162104.00
2012/10/10,4.82,5.03,4.81,4.94,14382499,72738632.00
2012/10/11,4.95,4.98,4.79,4.79,9353948,46706904.00
2012/10/12,4.79,4.87,4.70,4.77,5748121,28153366.00
2012/10/15,4.79,4.85,4.65,4.70,4630318,22330760.00
2012/10/16,4.71,4.77,4.65,4.71,4002748,19324864.00
2012/10/17,4.71,4.74,4.61,4.68,5298924,25334280.00
2012/10/18,4.67,4.80,4.67,4.78,7844053,38190484.00
2012/10/19,4.78,4.90,4.78,4.82,8349412,41343776.00
2012/10/22,4.74,4.84,4.71,4.81,5555872,27141902.00
2012/10/23,4.80,4.98,4.80,4.83,12780701,63819292.00
2012/10/24,4.80,5.03,4.80,4.99,18597918,93866800.00
2012/10/25,4.97,4.99,4.81,4.82,13214148,66162756.00
2012/10/26,4.81,4.81,4.58,4.61,10162070,48426956.00
2012/10/29,4.60,4.71,4.51,4.58,5594058,26408432.00
2012/10/30,4.55,4.63,4.54,4.59,4340499,20361550.00
2012/10/31,4.59,4.63,4.52,4.56,4362779,20334832.00
2012/11/01,4.53,4.68,4.53,4.64,7224566,34207260.00
2012/11/02,4.64,4.70,4.63,4.69,5939701,28384768.00
2012/11/05,4.69,4.72,4.63,4.68,4775446,22848272.00
2012/11/06,4.68,4.70,4.55,4.61,4208911,19882376.00
2012/11/07,4.60,4.66,4.58,4.65,3572094,16921466.00
2012/11/08,4.62,4.65,4.50,4.55,6899705,32310508.00
2012/11/09,4.54,4.57,4.49,4.51,3633156,16821044.00
2012/11/12,4.53,4.56,4.50,4.55,3291808,15282984.00
2012/11/13,4.54,4.56,4.32,4.33,6782718,30603180.00
2012/11/14,4.33,4.40,4.33,4.35,3716680,16588854.00
2012/11/15,4.38,4.63,4.38,4.45,10124849,46720960.00
2012/11/16,4.39,4.47,4.36,4.40,4860384,21905124.00
2012/11/19,4.40,4.45,4.35,4.42,3508548,15828573.00
2012/11/20,4.44,4.51,4.38,4.38,3452893,15647350.00
2012/11/21,4.38,4.43,4.26,4.43,4957303,22096232.00
2012/11/22,4.39,4.40,4.32,4.33,3390099,15117036.00
2012/11/23,4.31,4.37,4.29,4.32,3356972,14899273.00
2012/11/26,4.31,4.33,4.17,4.17,4555290,19816818.00
2012/11/27,4.17,4.17,3.91,3.92,5854703,24186908.00
2012/11/28,3.92,3.92,3.69,3.73,6169459,23990340.00
2012/11/29,3.76,3.81,3.69,3.70,4429599,17114540.00
2012/11/30,3.74,3.80,3.68,3.79,3361443,12989922.00
2012/12/03,3.79,3.81,3.68,3.69,3170299,12218552.00
2012/12/04,3.65,3.79,3.60,3.76,4457104,16929448.00
2012/12/05,3.74,3.92,3.73,3.88,8763208,34789680.00
2012/12/06,3.88,3.93,3.85,3.87,4786023,19123488.00
2012/12/07,3.88,3.96,3.85,3.95,7054429,28465348.00
2012/12/10,3.95,4.04,3.92,4.01,8179053,33564016.00
2012/12/11,4.01,4.01,3.94,3.96,6267415,25590712.00
2012/12/12,3.96,4.02,3.95,4.00,6069563,24844744.00
2012/12/13,3.99,4.01,3.88,3.88,5847961,23678460.00
2012/12/14,3.87,4.22,3.87,4.14,14811531,61464840.00
2012/12/17,4.11,4.22,4.10,4.15,12981627,55429016.00
2012/12/18,4.14,4.18,4.08,4.09,9143823,38671220.00
2012/12/19,4.10,4.29,4.08,4.22,14864951,64125660.00
2012/12/20,4.21,4.21,4.09,4.16,8907734,37890724.00
2012/12/21,4.16,4.25,4.11,4.13,9579910,41033672.00
2012/12/24,4.13,4.29,4.12,4.24,13015617,56419344.00
2012/12/25,4.20,4.32,4.19,4.30,15563926,68124888.00
2012/12/26,4.28,4.35,4.24,4.30,11222561,49290648.00
2012/12/27,4.31,4.31,4.21,4.22,8775590,38329664.00
2012/12/28,4.21,4.27,4.20,4.25,6662419,28963412.00
2012/12/31,4.23,4.29,4.23,4.27,7611506,33262912.00
2013/01/04,4.29,4.32,4.16,4.19,9060091,39232516.00
2013/01/07,4.19,4.21,4.15,4.20,7826775,33557080.00
2013/01/08,4.19,4.37,4.18,4.36,18238593,79907904.00
2013/01/09,4.33,4.55,4.31,4.42,24396498,110616592.00
2013/01/10,4.40,4.45,4.36,4.42,11970164,53963032.00
2013/01/14,4.29,4.47,4.00,4.44,25927519,115481504.00
2013/01/15,4.45,4.64,4.37,4.58,30134221,138574464.00
2013/01/16,4.57,4.59,4.42,4.56,19456268,89826320.00
2013/01/17,4.57,4.59,4.43,4.46,11490556,53044524.00
2013/01/18,4.45,4.52,4.40,4.50,11097943,50801496.00
2013/01/21,4.49,4.66,4.47,4.55,20566944,96203848.00
2013/01/22,4.52,4.58,4.36,4.40,14996442,68703552.00
2013/01/23,4.37,4.45,4.30,4.38,8404487,37582508.00
2013/01/24,4.37,4.43,4.19,4.22,12172179,53823664.00
2013/01/25,4.20,4.37,4.19,4.26,8234993,36213592.00
2013/01/28,4.26,4.41,4.24,4.40,9486439,42408752.00
2013/01/29,4.40,4.47,4.39,4.42,8582487,38890028.00
2013/01/30,4.43,4.43,4.30,4.38,12793487,57145912.00
2013/01/31,4.34,4.58,4.30,4.49,26227086,119734080.00
2013/02/01,4.49,4.63,4.46,4.59,28472068,132729312.00
2013/02/04,4.56,4.63,4.52,4.57,16356821,76387480.00
2013/02/05,4.51,4.61,4.45,4.59,12727830,59111580.00
2013/02/06,4.58,4.62,4.51,4.53,9007217,42046684.00
2013/02/07,4.53,4.63,4.51,4.63,13030809,61260548.00
2013/02/08,4.62,4.79,4.58,4.71,20239257,97397056.00
2013/02/18,4.72,4.75,4.64,4.64,14598737,69904312.00
2013/02/19,4.65,4.68,4.50,4.52,14289321,67092208.00
2013/02/20,4.55,4.61,4.50,4.59,9683388,45229620.00
2013/02/21,4.56,4.57,4.40,4.42,11647335,53293748.00
2013/02/22,4.40,4.47,4.39,4.40,8387740,38055032.00
2013/02/25,4.41,4.45,4.38,4.42,5655946,25571966.00
2013/02/26,4.41,4.46,4.34,4.36,7036106,31724294.00
2013/02/27,4.39,4.42,4.28,4.33,7550940,33583876.00
2013/02/28,4.35,4.44,4.31,4.44,6897111,31111244.00
2013/03/01,4.44,4.50,4.41,4.49,8227768,37496412.00
2013/03/04,4.45,4.47,4.32,4.36,8409770,37876616.00
2013/03/05,4.35,4.53,4.35,4.52,14588140,66846480.00
2013/03/06,4.52,4.60,4.49,4.59,15236918,71194512.00
2013/03/07,4.57,4.70,4.55,4.63,18788485,89202848.00
2013/03/08,4.66,4.69,4.56,4.57,10666964,50472104.00
2013/03/11,4.61,4.61,4.52,4.56,6713548,31408560.00
2013/03/12,4.54,4.66,4.39,4.47,11865470,55013180.00
2013/03/13,4.45,4.46,4.38,4.44,6278007,28455528.00
2013/03/14,4.44,4.90,4.44,4.90,40137819,196421968.00
2013/03/15,4.99,5.06,4.82,4.84,75513747,380966304.00
2013/03/18,4.72,4.84,4.68,4.75,26625110,129654328.00
2013/03/19,4.71,4.78,4.55,4.72,23317381,110850104.00
2013/03/20,4.72,5.19,4.67,5.05,62596599,319597504.00
2013/03/21,4.97,5.13,4.93,5.05,36291528,185838976.00
2013/03/22,5.01,5.09,4.96,5.03,21096124,108167232.00
2013/03/25,5.02,5.07,4.87,4.88,17690906,89539912.00
2013/03/26,4.87,5.16,4.85,5.09,35680441,184241136.00
2013/03/27,5.09,5.14,4.97,5.01,20675293,106590784.00
2013/03/28,4.99,4.99,4.76,4.77,19641775,97194912.00
2013/03/29,4.76,4.86,4.74,4.77,10632828,52099848.00
2013/04/01,4.84,4.91,4.79,4.87,10406096,51725488.00
2013/04/02,4.85,4.95,4.71,4.73,12291720,60497472.00
2013/04/09,4.70,5.07,4.58,5.03,24907196,124290208.00
2013/04/10,4.95,5.11,4.94,5.04,20563384,105630104.00
2013/04/11,5.05,5.29,5.05,5.18,41860955,222100928.00
2013/04/12,5.14,5.25,4.97,5.00,20348652,105915264.00
2013/04/15,4.97,5.38,4.94,5.28,35413583,188132336.00
2013/04/16,5.20,5.28,5.09,5.24,22327463,118078288.00
2013/04/17,5.23,5.27,5.09,5.18,18204968,95868784.00
2013/04/18,5.13,5.31,5.06,5.29,21505720,113640168.00
2013/04/19,5.24,5.35,5.23,5.27,27055668,146228992.00
2013/04/22,5.19,5.21,5.09,5.16,19266035,101204264.00
2013/04/23,5.15,5.35,5.06,5.06,25311739,134311472.00
2013/04/24,5.06,5.26,4.95,5.25,23521446,123218360.00
2013/04/25,5.15,5.15,4.92,4.92,24711255,126940064.00
2013/04/26,4.92,4.99,4.48,4.52,19574490,92757616.00
2013/05/02,4.47,4.55,4.43,4.51,7373564,33310242.00
2013/05/03,4.53,4.64,4.51,4.57,9966117,45832072.00
2013/05/06,4.57,4.59,4.45,4.54,21014462,95042720.00
2013/05/07,4.53,4.72,4.49,4.66,17944228,83413040.00
2013/05/08,4.63,4.76,4.59,4.65,14633504,68717328.00
2013/05/09,4.65,4.86,4.58,4.73,21046785,99853480.00
2013/05/10,4.71,4.92,4.70,4.88,23930944,116484592.00
2013/05/13,4.89,4.93,4.77,4.82,14340388,69923384.00
2013/05/14,4.80,4.86,4.63,4.76,13853109,66024636.00
2013/05/15,4.75,4.75,4.65,4.71,8972430,42358228.00
2013/05/16,4.77,4.80,4.71,4.77,10819724,51803404.00
2013/05/17,4.76,4.77,4.63,4.73,15658504,73972696.00
2013/05/20,4.74,4.78,4.68,4.77,15201906,72458288.00
2013/05/21,4.78,4.80,4.73,4.77,15306536,73353480.00
2013/05/22,4.78,4.91,4.77,4.87,20924063,102141760.00
2013/05/23,4.87,4.87,4.69,4.70,13559535,65046348.00
2013/05/24,4.70,4.79,4.66,4.78,10816407,51429172.00
2013/05/27,4.78,4.86,4.71,4.83,12413416,60060408.00
2013/05/28,4.83,4.84,4.71,4.81,12713286,61015224.00
2013/05/29,4.81,5.02,4.77,4.95,32095265,158841776.00
2013/05/30,4.95,4.97,4.84,4.89,16927038,83483376.00
2013/05/31,4.88,4.92,4.75,4.78,13524043,65800472.00
2013/06/03,4.78,4.82,4.76,4.80,6972928,33610960.00
2013/06/04,4.78,4.79,4.58,4.60,11919662,55821440.00
2013/06/05,4.60,4.64,4.58,4.62,6618789,30702120.00
2013/06/06,4.60,4.76,4.59,4.60,8214643,38599408.00
2013/06/07,4.59,4.62,4.42,4.47,7822851,35446404.00
2013/06/13,4.53,4.53,4.22,4.28,5821730,25349980.00
2013/06/14,4.32,4.34,4.23,4.28,8302693,35654544.00
2013/06/17,4.29,4.30,4.21,4.24,7009875,29979794.00
2013/06/18,4.26,4.34,4.23,4.29,5001185,21568280.00
2013/06/19,4.25,4.25,4.05,4.17,10520669,43605156.00
2013/06/20,4.12,4.12,4.00,4.00,5734173,23464916.00
2013/06/21,3.92,3.98,3.88,3.95,5253122,20806264.00
2013/06/24,3.96,3.97,3.57,3.61,7420997,28052648.00
2013/06/25,3.60,3.64,3.25,3.48,11517610,39826232.00
2013/06/26,3.54,3.65,3.47,3.56,12193384,43573796.00
2013/06/27,3.57,3.61,3.46,3.47,8476629,30136660.00
2013/06/28,3.49,3.52,3.37,3.45,6707404,23420594.00
2013/07/01,3.45,3.49,3.40,3.48,5368327,18754972.00
2013/07/02,3.49,3.56,3.48,3.54,6724567,23862016.00
2013/07/03,3.53,3.54,3.41,3.47,8237380,28654610.00
2013/07/04,3.45,3.63,3.41,3.53,8863869,31470052.00
2013/07/05,3.55,3.63,3.55,3.58,8847425,31983336.00
2013/07/08,3.56,3.56,3.37,3.41,6717883,23337588.00
2013/07/09,3.39,3.44,3.37,3.41,3432245,11795028.00
2013/07/10,3.42,3.52,3.39,3.51,5665807,19753692.00
2013/07/11,3.49,3.65,3.49,3.61,11694307,42364804.00
2013/07/12,3.61,3.63,3.53,3.55,8251787,29730344.00
2013/07/15,3.91,3.91,3.91,3.91,6084551,23973132.00
2013/07/16,4.12,4.25,3.97,4.20,45108389,188554016.00
2013/07/17,4.12,4.13,4.01,4.02,20065409,82170192.00
2013/07/18,3.97,4.08,3.95,4.02,11541826,46862452.00
2013/07/19,4.04,4.04,3.82,3.85,12278592,48524260.00
2013/07/22,3.79,3.87,3.72,3.86,8219782,31490688.00
2013/07/23,3.93,3.95,3.88,3.92,8493349,33450588.00
2013/07/24,3.92,3.94,3.79,3.89,7297162,28466524.00
2013/07/25,3.88,3.90,3.82,3.85,5726845,22202860.00
2013/07/26,3.85,3.85,3.78,3.84,4688185,18034240.00
2013/07/29,3.82,3.82,3.73,3.76,5107549,19378644.00
2013/07/30,3.76,3.80,3.68,3.78,4277211,16207061.00
2013/07/31,3.79,3.84,3.76,3.78,3823009,14629549.00
2013/08/01,3.78,3.88,3.75,3.86,6477050,24975752.00
2013/08/02,3.88,3.88,3.82,3.84,5656095,21933748.00
2013/08/05,3.84,3.94,3.84,3.92,6176309,24218676.00
2013/08/06,3.92,4.01,3.88,3.98,9616809,38322368.00
2013/08/07,3.97,3.97,3.85,3.87,8032223,31712864.00
2013/08/08,3.90,3.90,3.84,3.86,5715041,22276354.00
2013/08/09,3.89,3.90,3.82,3.87,4980141,19376404.00
2013/08/12,3.89,3.95,3.89,3.95,8749519,34583784.00
2013/08/13,3.95,3.98,3.92,3.97,6272178,24983084.00
2013/08/14,3.95,4.02,3.94,3.96,9625186,38624852.00
2013/08/15,3.94,3.95,3.86,3.86,6938796,27365336.00
2013/08/16,3.83,3.95,3.79,3.80,6707946,26144956.00
2013/08/19,3.77,3.83,3.73,3.83,4532959,17301104.00
2013/08/20,3.82,3.85,3.77,3.78,3772548,14475945.00
2013/08/21,3.79,3.81,3.74,3.79,3561043,13513498.00
2013/08/22,3.78,3.83,3.76,3.78,3985995,15259064.00
2013/08/23,3.78,3.82,3.70,3.77,5133377,19483688.00
2013/08/26,3.77,3.85,3.77,3.85,4905411,18886452.00
2013/08/27,3.86,3.97,3.86,3.96,10251239,40593072.00
2013/08/28,3.94,3.96,3.89,3.94,6712394,26598140.00
2013/08/29,3.94,3.96,3.90,3.92,5717934,22574310.00
2013/08/30,3.91,4.00,3.89,3.94,9032790,35920136.00
2013/09/02,3.96,4.06,3.96,4.05,12031265,48685284.00
2013/09/03,4.04,4.07,4.00,4.05,9090531,36894976.00
2013/09/04,4.05,4.05,3.97,3.99,8268830,33303620.00
2013/09/05,4.01,4.01,3.94,3.95,5346231,21347836.00
2013/09/06,3.95,4.14,3.91,4.13,19590774,80163752.00
2013/09/09,4.12,4.19,4.08,4.14,15144225,63030508.00
2013/09/10,4.15,4.18,4.07,4.16,11776547,49044784.00
2013/09/11,4.16,4.54,4.13,4.32,30658260,134506880.00
2013/09/12,4.27,4.40,4.24,4.32,13395616,58351028.00
2013/09/13,4.33,4.33,4.21,4.30,11113698,47660024.00
2013/09/16,4.28,4.43,4.26,4.33,11738945,51192800.00
2013/09/17,4.25,4.33,4.18,4.21,10051898,42942916.00
2013/09/18,4.25,4.32,4.16,4.23,7007769,29856858.00
2013/09/23,4.24,4.37,4.24,4.33,10430595,45245444.00
2013/09/24,4.33,4.33,4.23,4.26,7058264,30334184.00
2013/09/25,4.25,4.40,4.20,4.30,10468797,45255616.00
2013/09/26,4.30,4.45,4.30,4.34,18533028,81522608.00
2013/09/27,4.36,4.40,4.25,4.37,9101864,39696540.00
2013/09/30,4.37,4.40,4.31,4.39,9657005,42439204.00
2013/10/08,4.40,4.68,4.36,4.60,24080716,110832192.00
2013/10/09,4.65,4.77,4.57,4.70,18621051,87951072.00
2013/10/10,4.72,4.72,4.57,4.70,11731636,54826088.00
2013/10/11,4.70,4.97,4.63,4.88,22164750,107830512.00
2013/10/14,4.88,5.01,4.77,4.84,16586476,81217544.00
2013/10/15,4.79,5.02,4.72,4.99,20771378,102276792.00
2013/10/16,4.97,5.10,4.87,4.93,21878895,109258720.00
2013/10/17,4.99,5.09,4.84,5.01,25300480,126775560.00
2013/10/18,5.00,5.03,4.82,4.84,13232711,65513664.00
2013/10/21,4.82,4.98,4.72,4.97,19507219,95876336.00
2013/10/22,4.95,5.06,4.87,4.94,18923114,94339112.00
2013/10/23,4.96,5.07,4.86,4.96,16021916,80041304.00
2013/10/24,4.94,5.01,4.82,4.89,10020930,49419512.00
2013/10/25,4.87,5.13,4.83,4.93,16134998,80530616.00
2013/10/28,4.91,4.95,4.43,4.43,19531997,90162928.00
2013/10/29,4.37,4.38,3.98,4.11,26212233,108834312.00
2013/10/30,4.07,4.16,4.00,4.11,10352938,42693896.00
2013/10/31,4.10,4.42,4.07,4.31,14956011,64169564.00
2013/11/01,4.30,4.44,4.18,4.29,9439859,41070244.00
2013/11/04,4.28,4.47,4.27,4.32,7321444,32107316.00
2013/11/05,4.32,4.45,4.23,4.40,7379548,32381044.00
2013/11/06,4.35,4.50,4.35,4.43,8902323,39676884.00
2013/11/07,4.43,4.45,4.27,4.31,5582460,24423252.00
2013/11/08,4.27,4.34,4.25,4.26,3103444,13414406.00
2013/11/11,4.27,4.62,4.25,4.41,8846911,39309820.00
2013/11/12,4.41,4.44,4.37,4.42,3844455,17039640.00
2013/11/13,4.42,4.49,4.34,4.35,6042293,26837510.00
2013/11/14,4.42,4.45,4.28,4.44,8397499,37102192.00
2013/11/15,4.39,4.61,4.38,4.54,10156040,46427160.00
2013/11/18,4.57,4.73,4.55,4.67,9933593,46340428.00
2013/11/19,4.67,4.82,4.64,4.78,9958599,47535280.00
2013/11/20,4.80,4.90,4.71,4.84,6763295,32548840.00
2013/11/21,4.85,4.89,4.75,4.83,5305499,25679042.00
2013/11/22,4.86,4.87,4.75,4.79,5420248,26123716.00
2013/11/25,4.76,4.82,4.62,4.75,8544851,40828912.00
2013/11/26,4.72,4.92,4.69,4.83,7286919,35170968.00
2013/11/27,4.87,4.97,4.80,4.90,9894942,48373656.00
2013/11/28,4.88,4.92,4.83,4.86,5642569,27683996.00
2013/11/29,4.92,4.94,4.82,4.88,6725855,32981724.00
2013/12/02,4.77,4.82,4.62,4.68,11098334,52492828.00
2013/12/03,4.65,4.84,4.63,4.79,8466110,40685272.00
2013/12/04,4.74,4.87,4.74,4.80,8651558,41687320.00
2013/12/05,4.77,4.94,4.77,4.90,18468836,90616600.00
2013/12/06,4.91,4.93,4.82,4.89,7965799,39089268.00
2013/12/09,4.89,4.95,4.81,4.82,5538359,27053472.00
2013/12/10,4.84,5.02,4.78,5.01,21334830,105908912.00
2013/12/11,4.97,5.05,4.85,4.94,13734040,68035776.00
2013/12/12,4.92,4.99,4.86,4.87,8431058,41672280.00
2013/12/13,4.86,5.08,4.82,5.03,19332016,97134032.00
2013/12/16,4.97,5.00,4.82,4.91,14184177,69950424.00
2013/12/17,4.92,4.92,4.48,4.69,16492996,77926880.00
2013/12/18,4.66,4.77,4.59,4.68,6428167,30224518.00
2013/12/19,4.70,4.73,4.52,4.52,7113698,32910568.00
2013/12/20,4.52,4.58,4.39,4.47,5916531,26680202.00
2013/12/23,4.43,4.53,4.40,4.47,3938778,17730624.00
2013/12/24,4.47,4.72,4.45,4.55,8933847,40838276.00
2013/12/25,4.54,4.55,4.47,4.53,5686371,25820456.00
2013/12/26,4.57,4.57,4.25,4.30,8793832,38812064.00
2013/12/27,4.27,4.48,4.27,4.39,9504579,41639740.00
2013/12/30,4.40,4.41,4.27,4.29,8652869,37670824.00
2013/12/31,4.27,4.30,4.17,4.22,7869220,33588320.00
2014/01/02,4.22,4.27,4.20,4.26,5837983,24901216.00
2014/01/03,4.25,4.25,4.11,4.17,6697869,28031864.00
2014/01/06,4.17,4.17,4.05,4.08,3799450,15613462.00
2014/01/07,4.10,4.24,4.07,4.21,5677292,23962652.00
2014/01/08,4.21,4.24,4.07,4.10,5163678,21563386.00
2014/01/09,4.11,4.26,4.05,4.12,4982759,20797368.00
2014/01/10,4.08,4.18,4.02,4.08,4183938,17247896.00
2014/01/13,4.09,4.11,3.83,3.85,9094299,35796240.00
2014/01/14,3.89,3.95,3.79,3.91,6082493,23871844.00
2014/01/15,3.88,3.92,3.84,3.92,4169960,16264423.00
2014/01/16,3.92,4.00,3.86,3.95,3973016,15800867.00
2014/01/17,3.94,4.03,3.92,3.97,4747469,19017020.00
2014/01/20,4.00,4.07,3.91,4.03,5212946,21156928.00
2014/01/21,4.03,4.09,4.00,4.05,5220101,21370504.00
2014/01/22,4.08,4.15,4.03,4.15,5890963,24278502.00
2014/01/23,4.15,4.19,4.10,4.13,4471138,18631504.00
2014/01/24,4.13,4.21,4.12,4.15,6047546,25313596.00
2014/01/27,3.95,4.14,3.87,4.13,10435598,42525080.00
2014/01/28,4.12,4.19,4.05,4.13,6402925,26624840.00
2014/01/29,4.09,4.13,4.00,4.06,7850929,31969408.00
2014/01/30,4.06,4.08,4.01,4.04,3548276,14421073.00
2014/02/07,4.04,4.21,4.01,4.18,5331115,22270914.00
2014/02/10,4.21,4.60,4.21,4.60,23975475,108687176.00
2014/02/11,4.65,4.75,4.51,4.58,23512155,109400880.00
2014/02/12,4.58,4.72,4.51,4.56,14810163,68355232.00
2014/02/13,4.60,4.67,4.47,4.49,14106721,64969820.00
2014/02/14,4.47,4.54,4.42,4.48,8587524,38590348.00
2014/02/17,4.51,4.65,4.45,4.62,13656036,62588464.00
2014/02/18,4.61,4.61,4.47,4.50,8700775,39632188.00
2014/02/19,4.52,4.61,4.43,4.49,8463667,38440148.00
2014/02/20,4.47,4.52,4.32,4.39,10044568,44456176.00
2014/02/21,4.41,4.48,4.36,4.43,7498963,33330330.00
2014/02/24,4.48,4.53,4.43,4.49,14289606,64415052.00
2014/02/25,4.60,4.62,4.17,4.26,14019286,62894080.00
2014/02/26,4.23,4.47,4.17,4.37,9728017,42079296.00
2014/02/27,4.37,4.47,4.24,4.28,11914371,52515360.00
2014/02/28,4.25,4.29,4.10,4.26,9117346,38561980.00
2014/03/03,4.24,4.37,4.22,4.27,11216288,48411000.00
2014/03/04,4.25,4.33,4.18,4.29,10100177,43307360.00
2014/03/05,4.27,4.46,4.26,4.35,14930607,65551680.00
2014/03/06,4.34,4.38,4.23,4.26,10075706,43409072.00
2014/03/07,4.30,4.48,4.23,4.45,18936523,83191872.00
2014/03/10,4.35,4.37,4.16,4.17,12111983,51854356.00
2014/03/11,4.12,4.19,4.08,4.13,5754649,23952292.00
2014/03/12,4.11,4.14,3.99,4.12,6305091,25882354.00
2014/03/13,4.12,4.13,4.06,4.10,6064469,24992400.00
2014/03/14,4.08,4.08,4.01,4.05,4366870,17760572.00
2014/03/17,4.03,4.16,4.03,4.13,3692920,15283184.00
2014/03/18,4.13,4.31,4.12,4.23,9392859,39930340.00
2014/03/19,4.17,4.18,4.10,4.15,6277794,26175388.00
2014/03/20,4.17,4.17,4.07,4.07,4189731,17403530.00
2014/03/21,4.07,4.16,4.04,4.13,4326729,17859218.00
2014/03/24,4.13,4.18,4.10,4.18,6292934,26328948.00
2014/03/25,4.16,4.20,4.10,4.11,9299652,38771580.00
2014/03/26,4.12,4.15,4.10,4.13,4769359,19809496.00
2014/03/27,4.11,4.13,4.03,4.04,5335194,21881996.00
2014/03/28,4.09,4.09,3.97,3.99,7512019,30383738.00
2014/03/31,3.99,4.02,3.92,3.92,4954209,19688584.00
2014/04/01,3.93,3.99,3.92,3.99,2889644,11536838.00
2014/04/02,4.00,4.02,3.97,3.99,3542266,14247302.00
2014/04/03,3.97,3.99,3.92,3.95,5450404,21635262.00
2014/04/04,3.92,3.98,3.92,3.97,3210974,12801248.00
2014/04/08,3.97,4.03,3.94,4.01,4454929,17976118.00
2014/04/09,4.02,4.04,3.98,4.01,5511101,22227792.00
2014/04/10,4.01,4.10,3.97,4.04,9769760,39666988.00
2014/04/11,4.01,4.03,3.98,4.01,6952695,28006408.00
2014/04/14,4.01,4.04,3.99,4.01,4663693,18874188.00
2014/04/15,4.03,4.03,3.96,3.98,4472061,17977042.00
2014/04/16,3.97,4.00,3.95,3.96,4261116,17046924.00
2014/04/17,3.96,3.98,3.95,3.95,3672422,14648522.00
2014/04/18,3.95,3.98,3.94,3.97,3567847,14224781.00
2014/04/21,3.92,3.96,3.91,3.91,4531349,17977380.00
2014/04/22,3.91,3.93,3.83,3.86,5689643,22205620.00
2014/04/23,3.86,3.89,3.83,3.88,2414225,9385202.00
2014/04/24,3.87,3.96,3.87,3.90,3520670,13942440.00
2014/04/25,3.91,3.94,3.79,3.81,3062154,11882974.00
2014/04/28,3.81,3.82,3.57,3.59,5796970,21467368.00
2014/04/29,3.59,3.63,3.53,3.61,3041075,10984859.00
2014/04/30,3.65,3.70,3.58,3.66,2099524,7742200.00
2014/05/05,3.66,3.69,3.55,3.63,3531394,12859495.00
2014/05/06,3.63,3.66,3.59,3.64,2513088,9193030.00
2014/05/07,3.63,3.63,3.54,3.54,2623419,9476632.00
2014/05/08,3.52,3.60,3.52,3.59,3600800,12968883.00
2014/05/09,3.59,3.62,3.48,3.51,3588150,12802065.00
2014/05/12,3.56,3.62,3.54,3.60,5054287,18275256.00
2014/05/13,3.59,3.63,3.58,3.62,3059846,11127328.00
2014/05/14,3.62,3.63,3.59,3.62,2235392,8135240.00
2014/05/15,3.62,3.62,3.47,3.51,3586301,12825017.00
2014/05/16,3.51,3.53,3.42,3.49,3193315,11163391.00
2014/05/19,3.49,3.50,3.42,3.45,3809692,13268401.00
2014/05/20,3.47,3.53,3.47,3.49,2882549,10174268.00
2014/05/21,3.49,3.53,3.44,3.52,2344150,8254464.00
2014/05/22,3.52,3.59,3.51,3.52,2896336,10350366.00
2014/05/23,3.53,3.58,3.52,3.57,2956412,10594366.00
2014/05/26,3.61,3.65,3.59,3.62,3913705,14247491.00
2014/05/27,3.60,3.62,3.56,3.57,2517942,9092971.00
2014/05/28,3.56,3.62,3.55,3.61,2581869,9335361.00
2014/05/29,3.61,3.64,3.55,3.56,2573573,9321579.00
2014/05/30,3.56,3.59,3.51,3.54,2735334,9780909.00
2014/06/03,3.55,3.57,3.52,3.55,2136973,7638527.00
2014/06/04,3.55,3.55,3.46,3.48,2768734,9760257.00
2014/06/05,3.47,3.53,3.46,3.53,2056512,7254637.00
2014/06/06,3.51,3.53,3.47,3.50,2175809,7672058.00
2014/06/09,3.50,3.51,3.47,3.48,1789293,6288416.00
2014/06/10,3.49,3.51,3.47,3.51,2257877,7958121.00
2014/06/11,3.51,3.51,3.47,3.50,2294300,8080543.00
2014/06/12,3.50,3.85,3.47,3.77,23185562,86673096.00
2014/06/13,3.72,3.80,3.69,3.74,12111599,45681560.00
2014/06/16,3.76,3.79,3.65,3.74,10888514,40914668.00
2014/06/17,3.74,3.75,3.68,3.73,5526737,20719004.00
2014/06/18,3.73,3.75,3.68,3.72,6044409,22607944.00
2014/06/19,3.71,3.74,3.51,3.57,7724458,28269012.00
2014/06/20,3.54,3.63,3.54,3.60,3141586,11362823.00
2014/06/23,3.60,3.66,3.57,3.59,4853865,17668132.00
2014/06/24,3.60,3.64,3.58,3.61,3707146,13509464.00
2014/06/25,3.61,3.97,3.61,3.97,16850095,66608524.00
2014/06/26,4.14,4.27,4.02,4.20,50108265,208164208.00
2014/06/27,4.13,4.32,4.08,4.31,34099139,144111568.00
2014/06/30,4.27,4.59,4.22,4.45,38008201,168928528.00
2014/07/01,4.46,4.53,4.32,4.44,22861028,101991440.00
2014/07/02,4.41,4.42,4.28,4.36,18913328,82630656.00
2014/07/03,4.37,4.43,4.30,4.36,14746784,64838568.00
2014/07/04,4.36,4.39,4.29,4.30,12772636,55770200.00
2014/07/07,4.28,4.39,4.21,4.35,12709683,55259816.00
2014/07/08,4.35,4.35,4.22,4.30,8691473,37458508.00
2014/07/09,4.33,4.40,4.23,4.26,11470358,49938092.00
2014/07/10,4.36,4.62,4.31,4.40,27143310,121829424.00
2014/07/11,4.35,4.39,4.28,4.35,9400943,41041004.00
2014/07/14,4.36,4.79,4.34,4.79,22436401,106392568.00
2014/07/15,5.27,5.27,5.08,5.27,36121053,191199744.00
2014/07/16,5.32,5.32,4.74,4.77,58672245,294993440.00
2014/07/17,4.71,4.76,4.54,4.66,31026831,144899456.00
2014/07/18,4.57,4.73,4.55,4.56,17746421,82761752.00
2014/07/21,4.56,4.59,4.44,4.52,10692088,48556528.00
2014/07/22,4.57,4.94,4.57,4.79,38592153,185870400.00
2014/07/23,4.75,4.90,4.65,4.86,26639370,128036600.00
2014/07/24,4.84,4.86,4.67,4.79,12252501,58933964.00
2014/07/25,4.80,4.85,4.72,4.81,9512439,45858444.00
2014/07/28,4.81,4.86,4.74,4.84,15008237,72553168.00
2014/07/29,4.87,5.10,4.78,4.93,20441382,101419784.00
2014/07/30,4.89,5.03,4.82,4.94,15752858,78352640.00
2014/07/31,4.92,5.07,4.91,4.97,14094537,70764328.00
2014/08/01,5.05,5.14,4.83,4.87,18127304,91166600.00
2014/08/04,4.83,5.04,4.79,4.92,12207940,60675164.00
2014/08/05,4.86,4.92,4.74,4.81,18500467,89599376.00
2014/08/06,4.84,4.85,4.76,4.84,10033459,48701920.00
2014/08/07,4.85,4.96,4.77,4.78,13949275,68292784.00
2014/08/08,4.76,4.81,4.63,4.70,16670351,78743528.00
2014/08/11,4.68,4.78,4.68,4.78,8596484,41021192.00
2014/08/12,4.79,4.90,4.72,4.88,14775856,71749584.00
2014/08/13,4.87,4.92,4.80,4.90,10728042,52519320.00
2014/08/14,4.89,5.21,4.84,5.01,33224613,168674528.00
2014/08/15,4.94,5.10,4.94,5.05,17074028,86741856.00
2014/08/18,5.06,5.15,5.02,5.13,15772418,80732888.00
2014/08/19,5.12,5.28,5.05,5.18,17188615,89667384.00
2014/08/20,5.21,5.26,5.06,5.07,16589188,86065048.00
2014/08/21,5.07,5.11,4.97,5.08,10829315,54811288.00
2014/08/22,5.08,5.11,5.00,5.07,8553299,43521900.00
2014/08/25,5.06,5.10,5.00,5.02,9563280,48498024.00
2014/08/26,5.01,5.02,4.87,4.90,9109249,45339032.00
2014/08/27,4.87,4.93,4.85,4.91,3865176,19055428.00
2014/08/28,4.91,5.04,4.90,4.97,6743363,33726468.00
2014/08/29,4.97,5.03,4.97,5.00,3596231,18060968.00
2014/09/01,5.03,5.07,5.00,5.05,5836218,29603714.00
2014/09/02,5.08,5.09,5.02,5.08,7499320,38129608.00
2014/09/03,5.08,5.15,5.07,5.13,10847382,55808688.00
2014/09/04,5.16,5.17,5.01,5.07,12798077,65153564.00
2014/09/05,5.07,5.11,5.02,5.09,8299376,42254652.00
2014/09/09,5.09,5.60,5.03,5.45,32837571,177343792.00
2014/09/10,5.35,5.61,5.32,5.56,26275036,144905552.00
2014/09/11,5.55,5.60,5.35,5.44,15714598,86709936.00
2014/09/12,5.42,5.60,5.40,5.57,12953312,71925864.00
2014/09/15,5.55,5.85,5.53,5.68,17450106,99914576.00
2014/09/16,5.70,5.80,5.44,5.50,17862176,100995848.00
2014/09/17,5.48,5.82,5.33,5.70,17158398,96545664.00
2014/09/18,5.65,5.73,5.58,5.68,9885869,56150260.00
2014/09/19,5.67,5.83,5.63,5.81,12946315,75114888.00
2014/09/22,5.77,5.92,5.65,5.84,14282159,82681192.00
2014/09/23,5.86,6.17,5.76,6.08,21692027,131815208.00
2014/09/24,6.02,6.31,5.99,6.09,21477195,132963280.00
2014/09/25,6.12,6.20,6.05,6.09,12241405,75103392.00
2014/09/26,6.05,6.11,5.90,6.03,9810278,58994040.00
2014/09/29,6.03,6.12,5.99,6.01,10606117,64310812.00
2014/09/30,6.01,6.06,5.92,5.98,11932672,71711616.00
2014/10/08,6.07,6.09,5.98,6.03,14100857,85363192.00
2014/10/09,6.04,6.41,6.03,6.31,19891060,124849328.00
2014/10/10,6.30,6.44,6.13,6.31,12881781,81382880.00
2014/10/13,6.29,6.29,5.96,6.09,19585428,119195360.00
2014/10/14,6.08,6.16,5.98,6.03,8623767,52531680.00
2014/10/15,5.97,6.01,5.75,5.89,15427760,91064464.00
2014/10/16,5.77,6.09,5.77,5.94,12301122,73831552.00
2014/10/17,5.94,6.05,5.81,5.91,9329349,55348360.00
2014/10/20,5.93,6.20,5.93,6.13,14413424,88447232.00
2014/10/21,6.13,6.25,5.97,6.00,10608949,64973556.00
2014/10/22,5.97,6.05,5.87,5.88,6162255,36759136.00
2014/10/23,5.87,5.92,5.60,5.63,7144512,41331196.00
2014/10/24,5.63,5.76,5.63,5.66,5302125,30385404.00
2014/10/27,5.69,6.00,5.66,5.98,9903963,58229328.00
2014/10/28,6.08,6.35,5.95,6.23,22308981,137238000.00
2014/10/29,6.24,6.24,6.07,6.21,20532891,127114784.00
2014/10/30,6.13,6.40,6.13,6.37,28981772,182544544.00
2014/10/31,6.42,6.52,6.13,6.20,23052364,145419248.00
2014/11/03,6.20,6.21,6.02,6.14,15169362,93106336.00
2014/11/04,6.11,6.20,6.06,6.15,10325852,63713432.00
2014/11/05,6.14,6.35,6.08,6.35,20568949,129587336.00
2014/11/06,6.33,6.33,6.19,6.23,8607599,53994684.00
2014/11/07,6.28,6.28,6.08,6.12,9791543,60579168.00
2014/11/10,6.12,6.15,6.05,6.13,9687108,59325340.00
2014/11/11,6.14,6.16,5.76,5.81,16925994,100711256.00
2014/11/12,5.81,5.98,5.73,5.97,6703875,39549088.00
2014/11/13,5.95,6.07,5.74,5.99,10489640,62416704.00
2014/11/14,5.92,5.92,5.77,5.86,6195495,36450748.00
2014/11/17,5.87,5.91,5.73,5.77,9478904,55293480.00
2014/11/18,5.77,5.85,5.72,5.83,7614335,44294700.00
2014/11/19,5.80,5.88,5.78,5.84,5781722,33938528.00
2014/11/20,5.83,5.96,5.82,5.89,6561687,38875500.00
2014/11/21,5.85,5.93,5.81,5.88,6410180,37816296.00
2014/11/24,5.96,5.99,5.85,5.89,9251644,54823164.00
2014/11/25,5.88,6.06,5.77,6.04,17667793,105201920.00
2014/11/26,6.02,6.03,5.93,5.99,12089255,72572136.00
2014/11/27,5.99,6.04,5.94,6.00,11484099,69034384.00
2014/11/28,6.00,6.10,5.93,6.04,18310647,110620056.00
2014/12/01,6.03,6.04,5.90,5.92,11875734,71137480.00
2014/12/02,5.90,5.96,5.88,5.93,11067906,65885496.00
2014/12/03,5.92,6.00,5.90,5.98,14247550,85186880.00
2014/12/04,5.98,6.13,5.95,6.10,20832366,127051664.00
2014/12/05,6.13,6.13,5.67,5.87,25277542,149433488.00
2014/12/08,5.72,5.77,5.38,5.62,33679964,188331680.00
2014/12/09,5.60,5.60,5.31,5.34,33477388,182380112.00
2014/12/10,5.30,5.44,5.11,5.43,17661807,94264368.00
2014/12/11,5.43,5.52,5.35,5.50,19341498,105926808.00
2014/12/12,5.52,5.60,5.50,5.60,14648637,81775016.00
2014/12/15,5.58,5.84,5.54,5.80,24243686,138958944.00
2014/12/16,5.80,5.97,5.77,5.93,37607467,223042800.00
2014/12/17,5.89,5.98,5.72,5.89,30615449,181040528.00
2014/12/18,5.83,5.92,5.81,5.86,24647172,144664112.00
2014/12/19,5.82,5.82,5.51,5.59,16821335,95395376.00
2014/12/22,5.57,5.57,5.23,5.28,14785661,79802840.00
2014/12/23,5.29,5.53,5.25,5.37,19561693,106103096.00
2014/12/24,5.33,5.45,5.33,5.41,8588619,46438808.00
2014/12/25,5.41,5.49,5.37,5.44,9688411,52737312.00
2014/12/26,5.41,5.44,5.37,5.40,8900694,48313472.00
2014/12/29,5.41,5.41,5.23,5.27,12259383,65124824.00
2014/12/30,5.27,5.47,5.10,5.38,17037996,90578296.00
2014/12/31,5.54,5.92,5.15,5.92,66017145,385379136.00
2015/01/05,5.85,5.85,5.54,5.74,42493645,244119088.00
2015/01/06,5.66,5.92,5.56,5.72,26375792,151936848.00
2015/01/07,5.72,5.81,5.61,5.74,17147630,98353312.00
2015/01/08,5.74,5.74,5.58,5.61,11540935,65470984.00
2015/01/09,5.60,5.61,5.44,5.45,12532149,69801664.00
2015/01/12,5.39,5.39,5.21,5.28,12610575,67044572.00
2015/01/13,5.27,5.39,5.26,5.35,7330680,39361044.00
2015/01/14,5.34,5.51,5.32,5.38,8253758,45037324.00
2015/01/15,5.38,5.46,5.37,5.44,6177543,33692944.00
2015/01/16,5.47,5.48,5.40,5.45,6815757,37273056.00
2015/01/19,5.35,5.38,5.18,5.22,10239722,54563996.00
2015/01/20,5.22,5.45,5.22,5.40,9141121,49270464.00
2015/01/21,5.39,5.51,5.38,5.51,12000995,65827116.00
2015/01/22,5.51,5.61,5.48,5.58,10914590,60997444.00
2015/01/23,5.58,5.59,5.47,5.52,11237200,62370524.00
2015/01/26,5.52,5.56,5.47,5.56,13302911,73806336.00
2015/01/27,5.57,5.64,5.51,5.61,15756738,88404208.00
2015/01/28,5.62,5.68,5.56,5.63,15606100,88432232.00
2015/01/29,5.57,5.58,5.49,5.51,9802003,54480124.00
2015/01/30,5.53,5.60,5.51,5.52,7745212,43178056.00
2015/02/02,5.48,5.48,5.38,5.42,6611309,36046688.00
2015/02/03,5.44,5.51,5.41,5.47,7634984,41861548.00
2015/02/04,5.52,5.52,5.40,5.42,7537924,41372072.00
2015/02/05,5.47,5.48,5.37,5.37,6793394,37036160.00
2015/02/06,5.36,5.37,5.22,5.23,7752448,41088184.00
2015/02/09,5.26,5.28,5.22,5.25,3857645,20392528.00
2015/02/10,5.25,5.30,5.23,5.26,4652134,24623736.00
2015/02/11,5.29,5.34,5.26,5.33,4579935,24431996.00
2015/02/12,5.34,5.39,5.32,5.37,4366453,23518204.00
2015/02/13,5.38,5.48,5.38,5.46,6485971,35534920.00
2015/02/16,5.49,5.57,5.47,5.51,7538819,41746800.00
2015/02/17,5.51,5.63,5.51,5.63,13062200,73520880.00
2015/02/25,5.63,5.65,5.53,5.57,10300818,57659624.00
2015/02/26,5.55,5.66,5.53,5.65,11882835,66866072.00
2015/02/27,5.72,6.22,5.72,6.22,68176380,421111104.00
2015/03/02,6.26,6.85,6.20,6.59,98531012,645958272.00
2015/03/03,6.59,6.69,6.43,6.50,48033593,315753760.00
2015/03/04,6.46,6.79,6.42,6.70,38891110,257004512.00
2015/03/05,6.67,6.70,6.48,6.58,28334998,187271968.00
2015/03/06,6.58,6.60,6.29,6.39,29288618,189124656.00
2015/03/09,6.22,6.45,6.22,6.42,23215011,148158528.00
2015/03/10,6.43,6.53,6.36,6.46,19974345,129456072.00
2015/03/11,6.46,6.49,6.34,6.36,17088456,109732032.00
2015/03/12,6.29,6.35,6.09,6.17,29509798,183353040.00
2015/03/13,6.17,6.33,6.14,6.31,20498133,129078264.00
2015/03/16,6.37,6.44,6.30,6.42,24444907,156939104.00
2015/03/17,6.44,6.55,6.37,6.49,35064860,228010064.00
2015/03/18,6.49,7.14,6.45,7.14,75576454,524604928.00
2015/03/19,7.10,7.36,6.92,7.14,58734250,421551936.00
2015/03/20,7.12,7.21,7.07,7.16,25165395,179762912.00
2015/03/23,7.14,7.55,7.12,7.42,43698420,323399808.00
2015/03/24,7.48,7.72,7.05,7.36,41042995,304508480.00
2015/03/25,7.37,7.43,7.10,7.26,31598109,229760672.00
2015/03/26,7.17,7.37,7.12,7.24,23333605,169670544.00
2015/03/27,7.25,7.46,7.22,7.34,26458226,195803232.00
2015/03/30,7.47,7.51,7.27,7.35,28228139,208615616.00
2015/03/31,7.38,7.44,7.19,7.26,24663698,180429776.00
2015/04/01,7.23,7.62,7.17,7.52,41089369,306046272.00
2015/04/02,7.66,7.74,7.49,7.63,36142429,275454720.00
2015/04/03,7.48,8.27,7.38,8.07,52981200,414658016.00
2015/04/07,8.02,8.33,7.92,8.15,41062575,335191552.00
2015/04/08,8.17,8.46,7.97,8.30,46587292,384604032.00
2015/04/09,8.32,8.37,7.87,8.06,40370529,327718016.00
2015/04/10,7.98,8.23,7.87,8.10,35767607,289182912.00
2015/04/13,8.11,8.27,7.97,8.18,42852702,349813696.00
2015/04/14,8.23,8.24,8.03,8.11,36082529,294074048.00
2015/04/15,8.10,8.10,7.58,7.65,42719162,335456032.00
2015/04/16,7.55,7.64,7.27,7.63,46220434,345923232.00
2015/04/17,7.65,7.80,7.65,7.76,41809441,324030880.00
2015/04/20,7.75,7.75,7.48,7.49,40299753,307798304.00
2015/04/21,7.49,7.93,7.47,7.89,41105978,321892384.00
2015/06/02,8.68,8.68,8.68,8.68,606712,5284462.00
2015/06/03,9.55,9.55,9.55,9.55,377509,3616536.00
2015/06/04,10.51,10.51,10.51,10.51,1794087,18909676.00
2015/06/05,11.56,11.56,11.56,11.56,1268747,14704778.00
2015/06/08,12.72,12.72,11.34,11.37,137690811,1641670656.00
2015/06/09,10.99,11.77,10.81,11.37,65349100,737245952.00
2015/06/10,11.26,12.17,11.02,11.90,73634611,862830144.00
2015/06/11,11.77,12.41,11.68,12.05,63652000,770080704.00
2015/06/12,12.07,13.26,11.78,13.26,83582822,1050288384.00
2015/06/15,13.41,14.05,12.97,13.04,97341761,1310950400.00
2015/06/16,12.68,12.85,11.87,12.12,51033730,632331200.00
2015/06/17,12.12,12.87,11.95,12.73,54782425,679904128.00
2015/06/18,12.57,12.95,11.77,11.88,42956092,535636192.00
2015/06/19,11.27,11.64,10.69,10.69,36155426,399156352.00
2015/06/23,10.63,10.92,9.62,10.38,42860108,436237280.00
2015/06/24,10.53,10.74,10.15,10.59,38766220,408454080.00
2015/06/25,10.67,10.76,9.79,10.00,31640565,329491168.00
2015/06/26,9.73,9.73,9.00,9.00,29588903,273601024.00
2015/06/29,9.26,9.36,8.10,8.10,42740124,365766592.00
2015/06/30,8.09,8.91,7.32,8.89,49232226,401100800.00
2015/07/01,8.87,9.42,8.33,8.52,44811455,404572704.00
2015/07/02,8.67,8.84,7.72,7.86,35219916,293637216.00
2015/07/03,7.52,8.21,7.08,7.16,38057730,285599072.00
2015/07/13,7.88,7.88,7.88,7.88,1765695,13966647.00
2015/07/14,8.67,8.67,8.67,8.67,3206993,27900840.00
2015/07/15,8.85,8.85,7.80,7.80,36552302,295792864.00
2015/07/16,7.10,8.04,7.10,7.68,30076220,230491728.00
2015/07/17,7.68,8.33,7.58,8.15,32767883,262563488.00
2015/07/20,8.21,8.41,7.85,8.09,37475707,306133152.00
2015/07/21,7.97,8.41,7.78,8.27,35873026,294360416.00
2015/07/22,8.45,8.65,8.15,8.56,44310933,375710752.00
2015/07/23,8.45,8.86,8.42,8.79,44491294,386020992.00
2015/07/24,8.82,8.96,8.37,8.49,44856649,392753792.00
2015/07/27,8.23,8.47,7.64,7.64,32902226,267679952.00
2015/07/28,6.94,7.47,6.87,7.08,38007885,270323808.00
2015/07/29,7.22,7.49,6.93,7.47,23468569,169091504.00
2015/07/30,7.37,7.64,7.17,7.24,25227747,189173760.00
2015/07/31,7.07,7.23,6.88,7.04,19757788,140103008.00
2015/08/03,6.98,7.05,6.37,6.56,16761893,112521232.00
2015/08/04,6.57,7.16,6.57,7.14,19796992,136499920.00
2015/08/05,7.10,7.23,6.89,7.01,18291228,129835248.00
2015/08/06,7.03,7.71,6.89,7.71,67185282,512031232.00
2015/08/07,7.83,7.96,7.47,7.91,67311554,520255872.00
2015/08/10,7.90,8.32,7.78,8.21,51985587,420054816.00
2015/08/11,8.16,8.26,7.92,8.06,41167917,334722912.00
2015/08/12,7.92,8.07,7.77,7.79,27950822,221992256.00
2015/08/13,7.76,8.21,7.71,8.18,34191418,274039744.00
2015/08/14,8.22,8.28,8.08,8.19,34733418,284962624.00
2015/08/17,8.22,8.72,8.04,8.52,44993450,378084960.00
2015/08/18,8.51,8.63,7.67,7.67,37027080,301192320.00
2015/08/19,7.65,8.37,6.97,8.04,39914662,307954528.00
2015/08/20,7.89,8.51,7.83,8.01,38241433,311398688.00
2015/08/21,7.82,7.89,7.21,7.26,25178373,191092704.00
2015/08/24,6.87,6.92,6.53,6.53,19019651,126617928.00
2015/08/25,5.93,6.10,5.87,5.87,17067547,101595704.00
2015/08/26,5.96,6.27,5.32,5.54,27610341,161592448.00
2015/08/27,5.67,5.94,5.52,5.82,21042929,120946232.00
2015/08/28,5.94,6.41,5.84,6.41,33752787,211027152.00
2015/08/31,6.42,6.62,6.20,6.22,41949874,269671264.00
2015/09/01,6.10,6.10,5.60,5.61,22867368,132591968.00
2015/09/02,5.47,5.83,5.34,5.35,17982857,100053080.00
2015/09/07,5.47,5.73,5.37,5.50,13050810,73265784.00
2015/09/08,5.51,5.84,5.48,5.81,11885100,67484936.00
2015/09/09,5.88,6.24,5.81,6.23,25852703,158568336.00
2015/09/10,6.09,6.20,5.93,5.96,18913802,115443352.00
2015/09/11,5.98,6.11,5.96,6.06,13500600,81793552.00
2015/09/14,6.08,6.22,5.45,5.45,20594694,119094792.00
2015/09/15,5.22,5.41,4.99,5.01,13885128,72561416.00
2015/09/16,5.07,5.51,5.07,5.46,15860592,84248656.00
2015/09/17,5.47,5.63,5.26,5.30,17673962,97916960.00
2015/09/18,5.33,5.44,5.27,5.38,10443937,56255460.00
2015/09/21,5.37,5.61,5.29,5.58,12219787,67348352.00
2015/09/22,5.59,5.71,5.50,5.63,16717138,94364808.00
2015/09/23,5.52,5.91,5.48,5.64,22166643,127356536.00
2015/09/24,5.72,5.80,5.59,5.79,18516370,106450712.00
2015/09/25,5.71,5.82,5.47,5.54,13736800,78001736.00
2015/09/28,5.54,5.96,5.48,5.90,26509744,154453504.00
2015/09/29,5.77,5.90,5.70,5.84,19967482,116168632.00
2015/09/30,5.95,6.06,5.74,5.75,14257765,83989504.00
2015/10/08,5.94,6.30,5.85,6.16,26201921,159049920.00
2015/10/09,6.25,6.32,6.07,6.21,26333546,163992640.00
2015/10/12,6.22,6.55,6.17,6.47,31187536,200647712.00
2015/10/13,6.40,6.72,6.36,6.61,23854818,156372752.00
2015/10/14,6.60,6.65,6.40,6.47,20528849,133848712.00
2015/10/15,6.42,6.63,6.40,6.62,16500942,108818664.00
2015/10/16,6.70,6.79,6.46,6.65,20032635,133366992.00
2015/10/19,6.65,7.14,6.48,6.92,34582325,237281664.00
2015/10/20,6.92,6.92,6.74,6.90,22462747,154071680.00
2015/10/21,6.83,6.90,6.22,6.36,25094499,166060992.00
2015/10/22,6.29,6.53,6.22,6.48,25479631,163033296.00
2015/10/23,6.62,6.70,6.49,6.63,28311317,187742752.00
2015/10/26,6.69,6.95,6.63,6.82,34598285,236538432.00
2015/10/27,6.79,7.15,6.57,7.07,43976851,305904928.00
2015/10/28,6.91,7.29,6.86,7.04,48830360,347670400.00
2015/10/29,7.06,7.22,6.93,7.09,27845456,198170784.00
2015/10/30,7.02,7.12,6.92,6.97,19148200,134921376.00
2015/11/02,6.82,6.92,6.67,6.69,21047433,143537296.00
2015/11/03,6.70,6.76,6.52,6.63,16070567,107231256.00
2015/11/04,6.67,7.00,6.67,6.99,22878749,158071040.00
2015/11/05,7.01,7.14,6.93,7.03,28364530,200474496.00
2015/11/06,6.97,7.22,6.97,7.17,28554297,204224080.00
2015/11/09,7.11,7.42,7.02,7.33,30918344,224923840.00
2015/11/10,7.27,7.72,7.19,7.66,37296491,280597792.00
2015/11/11,8.43,8.43,8.43,8.43,16622132,140623232.00
2015/11/12,9.28,9.28,9.28,9.28,6072324,56533336.00
2015/11/13,10.21,10.21,9.67,10.21,167737990,1688439552.00
2015/11/16,10.24,11.23,10.24,11.23,88445140,962288768.00
2015/11/17,11.97,12.36,11.54,11.88,140895403,1691449088.00
2015/11/18,11.75,12.27,11.23,11.72,77616212,914745024.00
2015/11/19,11.68,12.90,11.39,12.90,88542753,1081316352.00
2015/11/20,14.19,14.19,13.81,14.19,71631740,1014958400.00
2015/11/25,14.11,15.61,13.48,15.61,57022393,844858496.00
2015/11/26,16.22,17.17,16.22,17.17,70461263,1201106688.00
2015/11/27,16.47,16.96,15.45,15.45,78589730,1260546176.00
2015/11/30,15.47,16.06,14.29,16.00,101705296,1541832064.00
2015/12/01,15.37,15.52,14.40,14.40,52495475,778605184.00
2015/12/02,13.80,14.51,13.39,14.09,78318103,1096607360.00
2015/12/03,14.08,15.05,13.97,14.36,65245104,942475136.00
2015/12/04,14.11,15.06,14.04,14.24,42821875,623869056.00
2015/12/07,14.60,15.40,14.10,14.91,55788978,822504000.00
2015/12/08,14.47,14.51,13.87,14.06,48677178,688415488.00
2015/12/09,14.02,14.92,13.48,14.51,63040151,904031424.00
2015/12/10,14.47,14.47,13.39,13.87,48373584,674564928.00
2015/12/11,13.57,13.92,12.97,13.11,36413062,489750080.00
2015/12/14,13.02,13.47,12.83,13.45,27600680,363539008.00
2015/12/15,13.67,14.72,13.67,14.64,56869340,804532352.00
2015/12/16,14.72,15.47,14.59,14.66,47352416,709097664.00
2015/12/17,15.22,15.97,14.70,15.36,48101997,736956288.00
2015/12/18,14.97,15.17,14.59,14.63,32340362,480431520.00
2015/12/21,14.62,14.90,14.07,14.32,26560261,381601760.00
2015/12/22,14.36,14.87,14.17,14.52,26960194,392196704.00
2015/12/23,14.57,14.66,13.84,13.88,31253922,442325184.00
2015/12/24,13.77,14.22,13.44,14.08,19400292,268913248.00
2015/12/25,14.12,14.68,14.01,14.38,21478400,309509472.00
2015/12/28,14.38,15.10,14.02,14.13,33679636,491585152.00
2015/12/29,14.02,14.47,13.60,14.45,22793469,319516704.00
2015/12/30,14.43,14.97,14.33,14.74,25472832,374295232.00
2015/12/31,14.63,16.07,14.61,15.32,52690446,805768640.00
2016/01/04,15.25,15.52,13.79,13.79,31374621,463292704.00
2016/01/05,12.47,14.39,12.47,13.22,41860214,553169664.00
2016/01/06,13.27,13.70,12.83,13.37,24731785,326513184.00
2016/01/07,12.77,12.95,12.03,12.03,6064400,75648984.00
2016/01/08,12.27,12.36,10.82,10.82,58227513,661066304.00
2016/01/11,10.60,11.29,9.99,10.40,49496682,536160096.00
2016/01/12,10.67,11.44,10.47,11.44,64621763,727819968.00
2016/01/13,11.37,11.53,10.78,10.95,57102753,637122048.00
2016/01/14,10.42,12.05,10.07,11.80,41830982,476601536.00
2016/01/15,11.49,12.75,11.49,11.96,36406821,442251840.00
2016/01/18,11.57,12.51,11.38,12.08,23837165,290570752.00
2016/01/19,12.12,12.87,11.97,12.57,28594157,358829760.00
2016/01/20,12.48,13.17,12.40,12.77,25031040,321924672.00
2016/01/21,12.37,12.87,11.65,11.66,34304314,422880896.00
2016/01/22,11.93,12.15,11.27,11.96,17836863,210819280.00
2016/01/25,11.77,11.77,10.76,10.76,56318164,623296832.00
2016/01/26,10.87,11.07,9.78,10.04,52750961,560462592.00
2016/01/27,10.07,10.22,9.09,9.70,34733465,332842336.00
2016/01/28,9.57,9.62,8.73,8.73,28094916,255420112.00
2016/01/29,8.68,9.57,8.57,9.53,35605651,329152896.00
2016/02/01,9.27,9.55,8.87,9.15,25301850,233922432.00
2016/02/02,9.09,10.07,9.09,9.93,30186106,297684800.00
2016/02/03,9.67,10.45,9.52,10.24,27052537,271280032.00
2016/02/04,10.17,11.12,10.16,10.97,27342636,297337216.00
2016/02/05,10.86,11.27,10.70,10.76,21603957,238547328.00
2016/02/15,10.48,11.15,10.38,10.89,15898804,172703696.00
2016/02/16,10.89,11.37,10.87,11.04,25667970,286166528.00
2016/02/17,11.04,11.96,10.77,11.71,32543049,372940896.00
2016/02/18,11.57,11.82,11.19,11.37,25397975,293424928.00
2016/02/19,11.29,11.49,11.15,11.47,13627548,154451056.00
2016/02/22,11.67,11.78,11.38,11.62,23331605,270514528.00
2016/02/23,11.56,11.56,10.76,11.07,28204268,313097632.00
2016/02/24,10.92,11.17,10.50,11.11,18443027,200617584.00
2016/02/25,11.40,11.47,10.00,10.06,27171390,293348544.00
2016/02/26,10.32,10.33,9.52,9.93,18490557,183888656.00
2016/02/29,9.78,9.95,8.97,9.07,17691535,163408080.00
2016/03/01,9.07,9.35,8.71,9.25,19127849,173943312.00
2016/03/02,9.25,10.04,9.15,9.98,20726271,201953152.00
2016/03/03,10.00,10.33,9.87,9.91,21224142,214366848.00
2016/03/04,9.78,10.05,8.98,9.51,21230796,203368112.00
2016/03/07,9.57,9.96,9.57,9.90,19749788,194271312.00
2016/03/08,9.78,10.89,9.17,10.80,35178043,363043456.00
2016/03/09,10.82,11.05,10.25,10.54,25294222,270493600.00
2016/03/10,10.72,10.86,9.88,10.01,23357991,243466544.00
2016/03/11,9.83,10.32,9.65,10.15,14075162,142258656.00
2016/03/14,10.27,10.90,10.19,10.66,24468521,259884416.00
2016/03/15,10.58,11.73,10.54,11.60,60701216,701694848.00
2016/03/16,11.64,11.67,10.88,11.25,44830684,509336928.00
2016/03/17,11.27,12.38,11.27,12.38,23213475,282650112.00
2016/03/18,13.62,13.62,13.62,13.62,21586824,294660160.00
2016/03/21,14.47,14.89,13.67,14.49,86733613,1230883840.00
2016/03/24,13.67,14.42,13.42,14.09,96997892,1352523264.00
2016/03/25,13.77,13.92,12.68,13.02,79701572,1051309120.00
2016/03/28,13.01,13.74,12.77,13.15,65752900,875796032.00
2016/03/29,12.98,13.12,12.07,12.45,58843090,737150272.00
2016/03/30,12.60,13.36,12.42,13.25,58401585,749006720.00
2016/03/31,13.35,13.37,12.68,12.84,50055763,647983872.00
2016/04/01,12.66,12.75,12.02,12.44,39299714,486021696.00
2016/04/05,12.73,13.62,12.73,13.38,74808918,985057856.00
2016/04/06,13.21,13.36,12.87,13.15,52720516,690729216.00
2016/04/07,13.26,13.26,12.73,12.89,42462427,553409408.00
2016/04/08,12.70,12.90,12.47,12.77,29728751,376951392.00
2016/04/11,12.92,13.12,12.60,12.91,55591381,716206528.00
2016/04/12,12.63,12.70,11.97,12.17,57104009,697772736.00
2016/04/13,12.12,12.42,12.06,12.16,46811158,572913920.00
2016/04/14,11.98,12.41,11.76,12.32,63980799,772903360.00
2016/04/15,12.24,12.25,12.03,12.13,28380955,344906208.00
2016/04/18,11.97,12.17,11.75,12.06,30213220,361195872.00
2016/04/19,12.13,12.37,12.03,12.32,44704596,548917632.00
2016/04/20,12.37,12.47,11.14,11.32,48846957,577180096.00
2016/04/21,11.18,11.56,11.02,11.08,30005135,340532096.00
2016/04/22,11.10,11.28,10.75,11.26,26318159,290236160.00
2016/04/25,11.17,11.17,10.67,10.87,21922854,239186640.00
2016/04/26,10.89,11.74,10.88,11.46,36862028,421058880.00
2016/04/27,11.47,12.05,11.39,11.68,42421701,499810528.00
2016/04/28,11.82,11.82,10.97,11.37,33855049,384797952.00
2016/04/29,11.36,11.36,11.12,11.24,15736189,177361280.00
2016/05/03,11.32,12.09,11.03,12.01,39850408,467321760.00
2016/05/04,11.85,12.32,11.78,12.09,42087019,510022752.00
2016/05/05,12.11,12.23,11.93,12.20,26163882,317152864.00
2016/05/06,12.20,12.27,11.38,11.44,36653342,433421792.00
2016/05/09,11.10,11.25,10.68,10.75,25946264,284698560.00
2016/05/10,10.77,11.10,10.72,10.91,19341938,210985168.00
2016/05/11,10.97,11.06,10.57,10.67,17405100,187791872.00
2016/05/12,10.54,10.88,10.17,10.86,19088021,202295520.00
2016/05/13,10.82,11.05,10.57,10.69,18299327,197215376.00
2016/05/16,10.56,11.27,10.40,11.13,27970434,305063840.00
2016/05/17,11.06,11.36,10.87,11.02,32189235,358673376.00
2016/05/18,10.87,10.90,10.36,10.51,23960650,254688112.00
2016/05/19,10.55,10.76,10.40,10.49,16571623,175900544.00
2016/05/20,10.28,10.70,10.22,10.60,17216913,181997648.00
2016/05/23,10.62,11.17,10.62,10.91,24155532,263195680.00
2016/05/24,11.23,11.71,11.16,11.18,53294624,606024000.00
2016/05/25,11.12,11.31,10.88,11.00,28752309,320176768.00
2016/05/26,10.90,11.14,10.59,11.11,22522563,244221184.00
2016/05/27,10.97,11.21,10.92,11.02,21619254,239584304.00
2016/05/30,10.87,11.00,10.72,10.79,16339872,177687648.00
2016/05/31,10.85,11.55,10.83,11.42,38149087,429700160.00
2016/06/01,11.55,11.83,11.36,11.49,45172068,524036224.00
2016/06/02,11.37,11.55,11.29,11.50,29605941,339079584.00
2016/06/03,11.53,11.54,11.36,11.41,23218606,266415168.00
2016/06/06,11.42,12.17,11.39,12.12,58810592,699732928.00
2016/06/07,12.08,13.34,11.97,12.93,119843858,1553113472.00
2016/06/08,12.61,12.93,12.36,12.65,67308216,852744512.00
2016/06/13,12.40,13.15,12.00,12.08,63639205,811896768.00
2016/06/14,11.90,12.45,11.59,11.96,41177122,492899392.00
2016/06/15,11.76,13.16,11.65,13.16,65103548,831529664.00
2016/06/16,13.43,13.56,12.88,13.04,101524979,1341710336.00
2016/06/17,13.04,13.40,12.67,12.93,61098751,796254784.00
2016/06/20,13.06,13.62,12.88,13.41,69927057,932883008.00
2016/06/21,14.17,14.47,12.75,12.93,90446200,1235449344.00
2016/06/22,13.13,13.17,12.67,13.08,52965164,685186496.00
2016/06/23,12.97,13.06,12.47,12.64,46446647,592268416.00
2016/06/24,12.47,13.83,12.32,13.29,87850260,1149083264.00
2016/06/27,13.37,14.62,13.37,14.62,114686471,1636741120.00
2016/06/28,14.62,15.73,14.60,14.86,113628832,1717998336.00
2016/06/29,14.77,15.25,14.41,15.15,58019050,862407936.00
2016/06/30,15.01,15.09,14.57,14.82,36588367,541837440.00
2016/07/01,14.65,14.96,13.65,13.99,100543658,1418514176.00
2016/07/04,13.67,14.02,13.38,13.98,75021761,1033440384.00
2016/07/05,13.93,14.44,13.70,14.29,72520721,1020860992.00
2016/07/06,14.16,14.22,13.85,13.91,46117330,646572032.00
2016/07/07,13.80,14.17,13.67,13.99,46703397,651636800.00
2016/07/08,13.96,13.97,13.62,13.70,42694314,588604480.00
2016/07/11,13.53,13.55,12.98,13.09,74437233,983202624.00
2016/07/12,13.08,13.21,12.67,13.15,50141350,652241280.00
2016/07/13,13.18,13.25,13.02,13.17,32224882,424718464.00
2016/07/14,13.18,13.31,12.97,13.23,36275738,478092032.00
2016/07/15,13.16,13.23,12.92,12.98,28245585,368787360.00
2016/07/18,12.90,13.11,12.72,13.05,28741206,372411712.00
2016/07/19,13.00,13.32,12.86,13.28,30403673,398528992.00
2016/07/20,13.32,13.41,13.07,13.10,30310236,402832192.00
2016/07/21,13.07,13.17,12.92,12.98,26030971,339480576.00
2016/07/22,13.10,13.10,12.75,12.77,21214781,273647584.00
2016/07/25,12.79,12.87,12.63,12.70,16563569,211376208.00
2016/07/26,12.64,12.93,12.64,12.91,17147378,220140896.00
2016/07/27,12.90,13.13,12.04,12.33,38639792,489185728.00
2016/07/28,12.33,12.48,11.86,12.09,27626977,336203936.00
2016/07/29,12.10,12.17,11.74,11.83,19516859,232924800.00
2016/08/01,11.79,11.80,11.04,11.37,20089356,228064128.00
2016/08/02,11.37,11.57,11.34,11.52,12310616,141335200.00
2016/08/03,11.47,11.61,11.42,11.53,11563494,133487240.00
2016/08/04,11.56,11.82,11.30,11.77,27232294,315212768.00
2016/08/05,11.68,11.73,11.54,11.54,14173729,165201888.00
2016/08/08,11.46,11.61,11.26,11.56,18188602,208108608.00
2016/08/09,11.56,11.79,11.47,11.78,19947516,233472976.00
2016/08/10,11.72,11.90,11.62,11.65,16762860,197358736.00
2016/08/11,11.57,11.72,11.38,11.40,14478634,167276720.00
2016/08/12,11.39,11.55,11.27,11.54,11290213,129541008.00
2016/08/15,11.57,11.93,11.49,11.86,26396198,311381568.00
2016/08/16,11.87,12.11,11.80,11.91,25633630,307569696.00
2016/08/17,11.83,12.04,11.79,11.93,19386409,231707024.00
2016/08/18,11.93,12.07,11.83,11.86,17408700,208029728.00
2016/08/19,11.08,11.46,11.08,11.31,64668468,730623424.00
2016/08/22,11.16,11.27,11.11,11.14,23223630,260109712.00
2016/08/23,11.16,11.22,11.09,11.18,16755613,187399872.00
2016/08/24,11.20,11.23,11.07,11.16,15631685,174506320.00
2016/08/25,11.07,11.10,10.87,11.00,17158639,188642240.00
2016/08/26,11.27,11.90,11.27,11.55,59236669,690104128.00
2016/08/29,11.57,11.57,11.30,11.53,27881896,319984384.00
2016/08/30,11.47,11.53,11.34,11.43,18654526,213424784.00
2016/08/31,11.44,11.48,11.29,11.36,14966560,170205008.00
2016/09/01,11.37,11.45,11.28,11.29,14126326,161046048.00
2016/09/02,11.26,11.26,11.08,11.16,15025609,168095936.00
2016/09/05,11.13,11.23,11.10,11.14,11500298,128633736.00
2016/09/06,11.15,11.31,10.98,11.30,18623765,208437536.00
2016/09/07,11.53,11.85,11.36,11.41,44115206,513529312.00
2016/09/08,11.32,11.45,11.28,11.42,16391820,186901696.00
2016/09/09,11.42,11.79,11.34,11.50,31898621,371144608.00
2016/09/12,11.17,11.32,11.08,11.15,20746641,232808544.00
2016/09/13,11.23,11.27,11.09,11.19,12616927,141000880.00
2016/09/14,11.13,11.13,10.98,11.05,12138604,134539664.00
2016/09/19,11.05,11.16,11.05,11.11,7984967,88916032.00
2016/09/20,11.11,11.12,10.98,11.05,8313400,91987728.00
2016/09/21,11.07,11.10,11.01,11.05,8147812,90262352.00
2016/09/22,11.12,11.15,11.00,11.03,10489151,116392744.00
2016/09/23,11.01,11.06,10.91,10.92,12666914,139314384.00
2016/09/26,10.88,10.90,10.43,10.49,17858464,190293200.00
2016/09/27,10.43,10.53,10.33,10.52,11097864,116191928.00
2016/09/28,10.50,10.50,10.36,10.37,8052213,84168256.00
2016/09/29,10.39,10.43,10.27,10.28,9775365,101492112.00
2016/09/30,10.29,10.33,10.26,10.31,7354606,75942560.00
2016/10/10,10.34,10.69,10.34,10.67,14971130,159000032.00
2016/10/11,10.67,10.68,10.53,10.65,10720810,113949200.00
2016/10/12,10.66,10.84,10.57,10.72,12396016,132920672.00
2016/10/13,10.72,10.80,10.58,10.64,9821655,105055312.00
2016/10/14,10.65,10.65,10.49,10.55,9762339,103191480.00
2016/10/17,10.57,10.59,10.35,10.39,11998600,126145720.00
2016/10/18,10.39,10.66,10.37,10.65,16909763,179566272.00
2016/10/19,10.69,10.72,10.54,10.59,11177543,118785688.00
2016/10/20,10.60,10.81,10.51,10.72,19442150,208065984.00
2016/10/21,10.74,10.74,10.50,10.57,12457620,132276312.00
2016/10/24,10.50,10.66,10.50,10.59,10731109,114047392.00
2016/10/25,10.59,10.79,10.57,10.70,14166532,151532656.00
2016/10/26,10.72,10.76,10.58,10.61,12780789,136670400.00
2016/10/27,10.60,10.61,10.48,10.53,10075336,106342192.00
2016/10/28,10.55,10.60,10.43,10.44,10132292,106698944.00
2016/10/31,10.37,10.37,10.30,10.35,9947526,103088104.00
2016/11/01,10.37,10.46,10.33,10.44,10262612,106947088.00
2016/11/02,10.37,10.43,10.29,10.30,11904878,123449104.00
2016/11/03,10.28,10.39,10.25,10.32,12451823,128854720.00
2016/11/04,10.33,10.43,10.28,10.40,12751048,132397536.00
2016/11/07,10.38,10.39,10.29,10.31,7721771,79945656.00
2016/11/08,10.35,10.79,10.31,10.49,24836389,262774560.00
2016/11/09,10.47,10.48,10.27,10.34,18871059,195773632.00
2016/11/10,10.39,10.46,10.35,10.44,14531385,151776448.00
2016/11/11,10.43,10.51,10.35,10.49,14291989,149201104.00
2016/11/14,10.44,10.54,10.41,10.50,11974369,125959456.00
2016/11/15,10.53,10.54,10.44,10.51,10783538,113240800.00
2016/11/16,10.53,10.61,10.48,10.57,15914775,168251568.00
2016/11/17,10.56,10.57,10.43,10.49,10007458,105209576.00
2016/11/18,10.48,10.49,10.35,10.39,10215305,106778208.00
2016/11/21,10.37,10.42,10.34,10.38,7652722,79692040.00
2016/11/22,10.39,10.43,10.34,10.43,10615796,110524160.00
2016/11/23,10.42,10.45,10.36,10.37,9954032,103843392.00
2016/11/24,10.41,10.46,10.32,10.34,10089167,105174088.00
2016/11/25,10.33,10.36,10.02,10.23,13299430,135898400.00
2016/11/28,10.21,10.25,10.12,10.16,10673959,108916544.00
2016/11/29,10.15,10.15,10.02,10.04,14206559,143538848.00
2016/11/30,10.06,10.15,10.03,10.08,8667490,87508688.00
2016/12/01,10.08,10.14,10.03,10.10,10042612,101490696.00
2016/12/02,10.09,10.09,9.78,9.79,16288453,162106720.00
2016/12/05,9.74,9.74,9.57,9.62,9843197,95227288.00
2016/12/06,9.66,9.76,9.60,9.70,7519514,72983944.00
2016/12/07,9.70,9.79,9.64,9.76,6388283,62322888.00
2016/12/08,9.76,9.76,9.63,9.64,7351580,71367376.00
2016/12/09,9.62,9.65,9.50,9.53,8886100,85124432.00
2016/12/12,9.53,9.57,8.97,8.99,17182500,157848016.00
2016/12/13,9.03,9.03,8.80,8.99,9121854,81967848.00
2016/12/14,8.99,9.08,8.82,8.99,8599215,77526376.00
2017/01/17,9.89,9.89,9.89,9.89,3666188,36368584.00
2017/01/18,10.88,10.88,10.88,10.88,4333308,47276392.00
2017/01/19,11.97,11.97,11.23,11.61,153778205,1799215616.00
2017/01/20,11.27,11.78,11.08,11.58,85657286,978036736.00
2017/01/23,11.47,11.97,11.20,11.25,57855411,661520320.00
2017/01/24,11.14,11.52,10.85,11.36,69861741,785858688.00
2017/01/25,11.25,11.52,10.76,10.78,51269752,570777344.00
2017/01/26,10.69,10.81,10.61,10.68,21847341,234287440.00
2017/02/03,10.68,10.91,10.61,10.73,14198795,153081392.00
2017/02/06,10.69,10.82,10.67,10.80,15921036,171719984.00
2017/02/07,10.78,11.25,10.70,10.93,38048062,418590496.00
2017/02/08,10.72,11.17,10.43,10.95,45620075,496333632.00
2017/02/09,10.77,11.11,10.72,10.92,28196151,308302464.00
2017/02/10,10.93,11.06,10.48,10.51,48063475,517569952.00
2017/02/13,10.67,10.74,10.52,10.66,18424364,196288304.00
2017/02/14,10.62,10.67,10.24,10.33,32834149,343106720.00
2017/02/15,10.33,10.40,10.13,10.16,18614638,191463152.00
2017/02/16,10.18,10.25,10.13,10.21,10902816,111467000.00
2017/02/17,10.18,10.22,9.90,9.90,22892388,229797552.00
2017/02/20,9.90,9.98,9.82,9.96,12491150,124196288.00
2017/02/21,9.94,10.14,9.93,10.12,13322215,134396208.00
2017/02/22,10.13,10.25,10.04,10.17,14846295,151252448.00
2017/02/23,10.30,10.35,10.18,10.23,17058800,175535616.00
2017/02/24,10.15,10.20,10.08,10.16,9819703,99771384.00
2017/02/27,10.16,10.84,10.14,10.66,51310246,547090176.00
2017/02/28,10.55,10.72,10.39,10.61,22803896,240451440.00
2017/03/01,11.05,11.16,10.62,10.66,31008531,336897216.00
2017/03/02,10.58,10.77,10.52,10.54,14482273,154075040.00
2017/03/03,10.62,10.62,10.48,10.60,9502300,100740040.00
2017/03/06,10.60,10.66,10.44,10.55,10841626,114399696.00
2017/03/07,10.52,10.54,10.38,10.46,10842804,113508072.00
2017/03/08,10.41,10.52,10.23,10.25,12077081,125201504.00
2017/03/09,10.24,10.31,10.19,10.29,7960123,81902832.00
2017/03/10,10.28,10.38,10.23,10.31,8511935,87889448.00
2017/03/13,10.31,10.31,10.14,10.29,6207051,63723432.00
2017/03/14,10.26,10.47,10.21,10.28,11205408,116102672.00
2017/03/15,10.21,10.29,10.12,10.12,10235184,104498744.00
2017/03/16,10.12,10.23,10.12,10.18,7670725,78157200.00
2017/03/17,10.18,10.22,10.12,10.17,7618422,77698688.00
2017/03/20,10.16,10.26,10.13,10.19,6727305,68754496.00
2017/03/21,10.37,10.42,10.22,10.24,10136082,104689512.00
2017/03/22,10.12,10.12,9.98,10.03,9343377,94143872.00
2017/03/23,10.07,10.11,9.83,9.92,10713893,107047536.00
2017/03/24,9.96,10.07,9.87,10.04,10078308,100521456.00
2017/03/27,10.01,10.03,9.89,9.94,8030102,80137040.00
2017/03/28,9.92,10.02,9.92,9.97,4872830,48675744.00
2017/03/29,9.98,10.04,9.89,9.90,6158010,61408232.00
2017/03/30,9.93,9.93,9.55,9.70,12111228,117804792.00
2017/03/31,9.70,9.72,9.59,9.66,5121532,49505904.00
2017/04/05,9.68,9.82,9.60,9.80,7032659,68700584.00
2017/04/06,9.75,9.80,9.69,9.71,6622489,64632644.00
2017/04/07,9.72,9.94,9.65,9.88,11386904,111944976.00
2017/04/10,9.86,10.23,9.80,10.02,16653091,168056544.00
2017/04/11,9.99,10.13,9.80,9.95,11197922,111552192.00
2017/04/12,9.96,10.05,9.87,9.90,6457846,64429716.00
2017/04/13,9.91,10.24,9.91,10.18,19884328,202354960.00
2017/04/14,10.12,10.12,9.87,9.90,13140264,131340104.00
2017/04/17,9.88,9.90,9.63,9.65,7057241,68666472.00
2017/04/18,9.67,9.72,9.42,9.43,8026900,76792352.00
2017/04/19,9.40,9.41,8.94,9.02,12486563,113768112.00
2017/04/20,9.06,9.10,8.88,8.91,6591213,59325648.00
2017/04/21,8.92,9.03,8.92,8.97,3893882,35055984.00
2017/04/24,9.03,9.03,8.63,8.67,5573659,49098472.00
2017/04/25,8.71,8.76,8.65,8.68,3708519,32359396.00
2017/04/26,8.72,8.80,8.62,8.67,5913167,51595712.00
2017/04/27,8.67,8.83,8.45,8.73,7598181,65808244.00
2017/04/28,8.93,9.60,8.85,9.33,21967963,205028256.00
2017/05/02,9.27,9.95,9.17,9.83,23625990,228365376.00
2017/05/03,9.88,9.92,9.69,9.80,14659812,143928640.00
2017/05/04,9.80,9.83,9.65,9.71,9318742,91155384.00
2017/05/05,9.67,10.37,9.67,10.09,25564203,260349760.00
2017/05/08,10.03,10.27,9.83,9.90,14825815,149096256.00
2017/05/09,9.86,9.86,9.43,9.75,14317332,138901952.00
2017/05/10,9.73,9.85,9.53,9.54,9670635,94334384.00
2017/05/11,9.55,9.55,8.97,9.26,12980849,120430352.00
2017/05/12,9.25,10.12,9.14,9.98,21660887,211948368.00
2017/05/15,9.99,10.12,9.72,9.74,16298004,161471632.00
2017/05/16,9.96,10.44,9.95,10.19,27673612,283392928.00
2017/05/17,10.17,10.24,10.03,10.08,13917031,140985712.00
2017/05/18,10.01,10.19,9.86,10.17,14374311,144176512.00
2017/05/19,10.19,10.25,10.03,10.07,10028800,101574704.00
2017/05/22,10.00,10.06,9.69,9.77,10284360,102225240.00
2017/05/23,10.15,10.31,9.75,9.83,18211223,182927984.00
2017/05/24,9.65,9.69,9.07,9.68,13249049,125858552.00
2017/05/25,9.63,10.10,9.61,9.90,10934308,107493920.00
2017/05/26,9.85,10.16,9.85,10.08,12297375,123259920.00
2017/05/31,10.08,10.28,9.95,9.96,11371565,114783480.00
2017/06/01,10.10,10.40,10.01,10.23,29810963,305421216.00
2017/06/02,10.18,10.31,9.87,10.30,26301058,265635904.00
2017/06/05,10.31,10.38,10.20,10.35,17541100,180610192.00
2017/06/06,10.34,10.34,10.20,10.29,11988660,122998344.00
2017/06/07,10.29,10.36,10.22,10.36,15688033,161784208.00
2017/06/08,10.32,10.55,10.15,10.19,20138650,208669792.00
2017/06/09,10.23,10.27,10.12,10.23,11131507,113336896.00
2017/06/12,10.22,10.22,9.98,10.01,12503291,126022336.00
2017/06/13,10.09,10.19,9.92,10.14,10254754,103395768.00
2017/06/14,10.15,10.45,10.11,10.35,24012747,248485936.00
2017/06/15,10.30,10.38,10.24,10.33,14661959,151354464.00
2017/06/16,10.34,10.48,10.23,10.27,10864023,112452632.00
2017/06/19,10.38,10.64,10.28,10.63,26643068,279910176.00
2017/06/20,10.66,10.75,10.45,10.59,19737023,209064048.00
2017/06/21,10.60,10.63,10.45,10.52,12472848,130901544.00
2017/06/22,10.52,10.53,10.23,10.25,15760613,163382880.00
2017/06/23,10.10,10.23,10.00,10.15,11819203,119566816.00
2017/06/26,10.16,10.33,10.16,10.30,8643285,88694744.00
2017/06/27,10.30,10.36,10.21,10.28,7180827,73866808.00
2017/06/28,10.26,10.40,10.20,10.28,11938502,122897536.00
2017/06/29,10.26,10.34,10.22,10.30,6808550,70025496.00
2017/06/30,10.24,10.24,10.08,10.22,8586477,87347976.00
2017/07/03,10.23,10.25,10.10,10.22,7308250,74330600.00
2017/07/04,10.21,10.25,10.14,10.20,6071645,61877988.00
2017/07/05,10.21,10.24,10.16,10.23,7918732,80803568.00
2017/07/06,10.22,10.22,10.11,10.16,10508550,106788160.00
2017/07/07,10.13,10.48,10.13,10.42,23946920,247755600.00
2017/07/10,10.41,10.42,10.22,10.36,14045327,144922464.00
2017/07/11,10.40,10.60,10.37,10.38,21062675,220699408.00
2017/07/12,10.33,10.33,10.10,10.22,13882078,141267440.00
2017/07/13,10.20,10.22,10.10,10.17,7037402,71539288.00
2017/07/14,10.16,10.27,10.11,10.22,7292955,74317144.00
2017/07/17,10.20,10.22,9.74,9.80,16287749,162125776.00
2017/07/18,9.73,9.88,9.63,9.81,8879386,86709432.00
2017/07/19,9.77,10.10,9.74,10.06,10963878,109295416.00
2017/07/20,10.00,10.83,9.99,10.64,42530985,450300960.00
2017/07/21,10.58,11.69,10.52,11.53,90126395,1019121536.00
2017/07/24,11.40,12.12,11.32,11.44,96145700,1127287552.00
2017/07/25,11.28,11.82,11.03,11.75,65632278,751174272.00
2017/07/26,11.59,12.34,11.40,11.95,82110198,969777024.00
2017/07/27,11.94,12.15,11.21,11.54,65365956,764416768.00
2017/07/28,11.47,11.65,11.28,11.36,39162700,447299072.00
2017/08/02,11.21,11.21,11.21,11.21,0,0.00
数据来源:通达信
