600328 兰太实业 日线 前复权
      日期	    开盘	    最高	    最低	    收盘	    成交量	    成交额
2010/10/08,11.79,12.02,11.55,11.59,20598725,245868304.00
2010/10/11,11.55,12.17,11.48,11.79,18448494,221162016.00
2010/10/12,11.68,12.10,11.58,11.98,15462963,186764544.00
2010/10/13,12.00,12.55,11.46,12.16,20119265,245366000.00
2010/10/14,12.06,12.35,11.65,11.80,16611755,201724912.00
2010/10/15,11.71,12.95,11.63,12.82,27022577,342191136.00
2010/10/18,13.04,13.14,12.11,12.27,23263131,297689632.00
2010/10/19,12.21,12.63,12.13,12.43,12160322,152137232.00
2010/10/20,12.04,12.39,11.90,12.04,15755363,193388816.00
2010/10/21,12.04,12.53,12.03,12.52,13230355,165387344.00
2010/10/22,12.53,12.71,12.26,12.50,13076078,165733440.00
2010/10/25,12.60,13.05,12.38,13.04,18223139,236866880.00
2010/10/26,13.08,13.81,12.90,13.44,20202915,274658976.00
2010/10/27,13.33,13.82,13.05,13.08,16327393,221795728.00
2010/10/28,13.00,13.66,12.95,13.47,12512526,169348528.00
2010/10/29,13.47,14.62,13.35,14.24,20868420,298108000.00
2010/11/01,14.35,15.68,14.35,15.68,23551562,365524800.00
2010/11/02,16.65,17.26,16.30,16.39,43608348,742082176.00
2010/11/03,16.41,17.83,15.66,15.81,39523710,669329920.00
2010/11/04,15.71,17.15,15.55,16.76,29927029,493109728.00
2010/11/05,17.20,17.20,16.21,16.48,23329151,389076640.00
2010/11/08,16.35,16.40,15.75,16.20,17958251,290350336.00
2010/11/09,16.10,16.42,15.83,16.38,14191803,231550512.00
2010/11/10,16.24,16.75,16.05,16.59,14210036,236123712.00
2010/11/11,16.38,17.33,16.15,16.24,20568135,349425760.00
2010/11/12,15.86,16.22,14.60,14.60,25573631,393758432.00
2010/11/15,14.70,14.84,13.73,14.52,13185664,189459248.00
2010/11/16,14.40,14.40,13.05,13.10,14706302,204176336.00
2010/11/17,12.82,13.53,12.75,12.95,10920887,145830656.00
2010/11/18,13.32,13.47,12.95,13.30,8808881,117947552.00
2010/11/19,13.50,14.04,13.15,14.03,12755095,174027456.00
2010/11/22,14.03,14.51,13.79,14.20,12638450,181133040.00
2010/11/23,13.90,14.10,13.06,13.46,10524578,143830528.00
2010/11/24,13.23,14.20,13.16,14.12,10766522,150096288.00
2010/11/25,14.16,14.64,14.16,14.35,10787747,157157824.00
2010/11/26,14.20,14.50,13.86,14.04,8458252,120657944.00
2010/11/29,13.90,13.98,13.55,13.75,7291031,101025200.00
2010/11/30,13.71,13.95,12.75,13.35,10242891,137538944.00
2010/12/01,13.25,13.58,13.06,13.45,6017012,81032752.00
2010/12/02,13.67,13.75,13.29,13.30,6502414,88887744.00
2010/12/03,13.34,13.43,12.95,13.08,4870939,64634744.00
2010/12/06,13.11,13.23,12.91,13.10,4201572,55520400.00
2010/12/07,13.08,13.49,12.91,13.43,5624934,75074592.00
2010/12/08,13.35,13.60,13.18,13.23,5231939,70986536.00
2010/12/09,13.06,13.21,12.80,12.86,5691068,74372184.00
2010/12/10,13.00,13.40,12.80,13.25,5014832,66423072.00
2010/12/13,13.30,14.55,13.30,14.33,16058447,228456960.00
2010/12/14,14.34,14.53,14.07,14.45,11576294,167989408.00
2010/12/15,14.45,15.18,14.31,14.46,14902107,222245728.00
2010/12/17,14.54,14.65,14.25,14.58,7291341,106027936.00
2010/12/20,14.65,15.18,14.25,15.04,16175056,242589920.00
2010/12/21,15.06,15.07,14.63,15.00,8662189,130038288.00
2010/12/22,14.91,15.15,14.70,14.72,9225175,139353024.00
2010/12/23,14.54,14.68,13.99,14.04,8066417,116423080.00
2010/12/24,13.87,13.89,13.06,13.47,8133294,110548144.00
2010/12/27,13.33,13.61,12.66,12.83,8852104,118136632.00
2010/12/28,12.70,12.73,12.18,12.25,6742496,84920256.00
2010/12/29,12.25,12.49,12.25,12.48,3542523,44325092.00
2010/12/30,12.47,12.54,12.19,12.41,4773082,59747856.00
2010/12/31,12.48,13.16,12.42,13.13,5697134,74108312.00
2011/01/04,13.53,13.59,13.18,13.39,6720669,90816248.00
2011/01/05,13.23,14.32,13.15,14.21,13240078,185533888.00
2011/01/06,14.01,14.03,13.83,13.92,7414558,104324400.00
2011/01/07,13.85,14.09,13.45,13.56,6843620,95321816.00
2011/01/10,13.50,13.50,12.85,12.95,4993653,66716432.00
2011/01/11,12.86,13.12,12.66,13.03,4170405,54325448.00
2011/01/12,13.08,13.15,12.72,12.99,3305478,43227864.00
2011/01/13,13.09,13.17,12.88,13.04,2712416,35704576.00
2011/01/14,13.01,13.01,12.61,12.62,3174235,40861808.00
2011/01/17,12.54,12.54,12.05,12.07,3558426,44072396.00
2011/01/18,12.05,12.23,11.91,12.21,1944688,23890020.00
2011/01/19,12.21,12.73,12.07,12.69,3311609,41939400.00
2011/01/20,12.67,12.67,12.08,12.09,3365753,41915492.00
2011/01/21,12.11,12.51,12.08,12.36,2828022,35304796.00
2011/01/24,12.36,12.51,11.83,11.93,3465303,42228772.00
2011/01/25,11.93,11.93,11.21,11.32,3192806,36850304.00
2011/01/26,11.24,11.61,11.24,11.54,1888788,21967468.00
2011/01/27,11.50,12.05,11.27,11.73,3518163,42029748.00
2011/01/28,11.74,12.00,11.67,11.94,2112229,25398448.00
2011/01/31,12.04,12.31,11.85,12.21,2803378,34359084.00
2011/02/01,12.30,12.72,12.28,12.46,4826090,61312752.00
2011/02/09,12.23,12.68,12.15,12.29,3255117,40812080.00
2011/02/10,12.25,12.66,12.09,12.65,4190770,52732596.00
2011/02/11,12.58,12.91,12.57,12.66,4393761,56597104.00
2011/02/14,12.66,13.03,12.60,12.97,6126656,79878112.00
2011/02/15,12.93,13.17,12.78,12.92,7066765,92829312.00
2011/02/16,12.90,13.17,12.82,13.15,5662363,74620888.00
2011/02/17,13.19,13.60,13.05,13.58,9892246,133664600.00
2011/02/18,13.60,13.63,13.13,13.23,7367412,99150432.00
2011/02/21,13.11,14.32,13.05,14.15,13268457,185632128.00
2011/02/22,14.11,14.62,13.67,13.77,14216758,202126016.00
2011/02/23,13.70,14.36,13.58,14.29,13226865,188644240.00
2011/02/24,14.20,14.28,13.94,14.20,7269541,103567128.00
2011/02/25,14.22,14.22,13.89,14.04,6106361,86696400.00
2011/02/28,14.00,14.23,13.91,14.17,6907556,98534464.00
2011/03/01,14.15,14.25,13.89,13.96,6931609,98449952.00
2011/03/02,13.90,13.92,13.35,13.63,7621596,105001328.00
2011/03/03,13.55,13.77,13.37,13.39,4943933,67803960.00
2011/03/04,13.45,13.85,13.39,13.82,4631768,63698500.00
2011/03/07,13.87,14.14,13.82,14.13,7967611,112755088.00
2011/03/08,14.15,14.42,14.03,14.18,7313201,105050464.00
2011/03/09,14.21,14.28,13.95,14.12,5781487,82209656.00
2011/03/10,14.05,14.05,13.65,13.66,5377243,75104736.00
2011/03/11,13.47,13.81,13.47,13.55,3894198,53740412.00
2011/03/14,14.01,14.30,13.55,14.15,10936546,155461392.00
2011/03/15,14.30,15.58,14.30,15.58,51080031,790224704.00
2011/03/16,15.75,16.73,15.56,15.70,58858965,952023488.00
2011/03/17,16.70,17.29,16.11,17.29,77724039,1328042880.00
2011/03/18,15.67,16.54,15.55,15.55,60625645,966111040.00
2011/03/21,15.05,15.05,14.28,14.34,34084968,501507808.00
2011/03/22,14.26,14.48,14.01,14.35,19514021,280644192.00
2011/03/23,14.36,14.36,13.96,14.20,19307571,275348832.00
2011/03/24,14.21,14.53,14.09,14.32,21022980,304240640.00
2011/03/25,14.34,14.34,13.98,14.14,20245975,289083968.00
2011/03/28,14.15,14.29,13.88,14.11,19856349,282433312.00
2011/03/29,14.09,14.42,13.99,14.35,21745705,312400192.00
2011/03/30,14.25,14.30,13.56,13.61,18457061,257470432.00
2011/03/31,13.65,13.75,12.95,13.01,13611558,182388752.00
2011/04/01,12.93,13.17,12.88,13.12,6599059,87187360.00
2011/04/06,13.20,13.64,13.20,13.45,10364578,140850416.00
2011/04/07,13.35,13.43,13.16,13.31,7233299,97163568.00
2011/04/08,13.29,13.56,13.15,13.48,7840457,106355600.00
2011/04/11,13.50,13.50,13.15,13.18,8578119,115393856.00
2011/04/12,13.16,13.31,13.07,13.16,5680840,75719200.00
2011/04/13,13.14,13.25,12.95,13.24,5795740,76834256.00
2011/04/14,13.25,13.30,13.08,13.21,5037992,67282728.00
2011/04/15,13.16,13.67,13.13,13.61,14232537,193769760.00
2011/04/18,13.62,13.65,13.41,13.51,8157796,111372080.00
2011/04/19,13.49,13.49,13.00,13.08,9456184,126005920.00
2011/04/20,13.04,13.32,13.04,13.16,5353380,71341792.00
2011/04/21,13.24,13.45,13.10,13.41,7514948,101006952.00
2011/04/22,13.35,13.40,12.96,13.05,8823888,116864560.00
2011/04/25,13.08,13.08,12.44,12.46,7623747,97178368.00
2011/04/26,12.44,12.59,12.05,12.14,5194567,64366004.00
2011/04/27,12.22,12.29,11.98,12.10,4175275,51275996.00
2011/04/28,11.88,12.19,11.64,11.65,3928364,47467760.00
2011/04/29,11.73,11.95,11.67,11.93,2884709,34656280.00
2011/05/03,11.95,12.44,11.95,12.33,4157637,51399640.00
2011/05/04,12.25,12.28,11.87,11.98,3586356,43767772.00
2011/05/05,11.92,12.08,11.88,11.98,2073651,25176840.00
2011/05/06,11.96,12.32,11.86,12.15,4195005,51668512.00
2011/05/09,12.15,12.64,12.15,12.29,4285582,53760192.00
2011/05/10,12.32,12.49,12.10,12.38,5884670,73403720.00
2011/05/11,12.56,13.63,12.55,13.63,35913023,492219456.00
2011/05/12,13.40,14.00,13.34,13.63,42364495,585869760.00
2011/05/13,13.60,14.01,13.49,13.95,29745831,414185536.00
2011/05/16,13.85,13.85,13.48,13.61,15509445,213797168.00
2011/05/17,13.62,13.62,12.57,12.78,17264276,226398672.00
2011/05/18,12.70,12.89,12.58,12.70,7991274,102870488.00
2011/05/20,12.73,12.73,12.25,12.38,8757643,110257272.00
2011/05/23,12.27,12.29,11.75,11.78,9583525,116050928.00
2011/05/24,11.73,12.05,11.68,12.01,5424035,65531616.00
2011/05/25,11.98,12.01,11.76,11.92,4672688,56218572.00
2011/05/26,11.98,12.25,11.89,12.10,6835292,83440664.00
2011/05/27,12.08,12.08,11.25,11.31,8081784,94260792.00
2011/05/30,11.24,11.28,10.84,10.86,4745720,53267996.00
2011/05/31,10.75,11.16,10.75,11.11,3575851,39671032.00
2011/06/01,11.13,11.24,10.99,11.19,3689878,41664008.00
2011/06/02,10.94,11.80,10.85,11.62,9207728,105515264.00
2011/06/03,11.49,11.95,11.35,11.65,9927435,117604000.00
2011/06/07,11.45,11.84,11.35,11.75,6686838,78845752.00
2011/06/08,11.63,11.70,11.35,11.60,6065471,70801040.00
2011/06/09,11.55,11.59,11.05,11.06,5340519,61159832.00
2011/06/10,10.97,11.14,10.81,11.04,4739086,52642568.00
2011/06/13,10.97,11.31,10.97,11.23,3608133,40919132.00
2011/06/14,11.35,11.52,11.26,11.44,4536515,52563648.00
2011/06/15,11.39,11.67,11.30,11.54,6980536,81629112.00
2011/06/16,11.66,12.52,11.66,11.72,16257645,197591200.00
2011/06/17,11.37,11.43,10.96,11.06,8617988,97683824.00
2011/06/20,10.95,11.03,10.75,10.97,4159622,45834984.00
2011/06/21,10.97,11.16,10.88,11.15,3199725,35780168.00
2011/07/06,12.28,12.28,12.28,12.28,1122022,13946733.00
2011/07/07,13.52,13.52,12.51,13.07,34817189,464321280.00
2011/07/08,12.85,13.02,12.57,12.61,13242234,170836032.00
2011/07/11,12.55,12.78,12.46,12.63,7165111,91751952.00
2011/07/12,12.57,12.57,12.37,12.44,6500861,81903536.00
2011/07/13,12.46,12.74,12.46,12.66,7635341,97531384.00
2011/07/14,12.69,12.72,12.45,12.56,7047425,89645048.00
2011/07/15,12.54,12.73,12.48,12.69,6402992,81966928.00
2011/07/18,12.71,12.91,12.65,12.70,5594465,72287176.00
2011/07/19,12.70,12.70,12.39,12.44,4446734,56041760.00
2011/07/20,12.46,12.63,12.40,12.55,3228156,40771520.00
2011/07/21,12.55,12.61,12.19,12.20,3514431,43980372.00
2011/07/22,12.28,12.77,12.23,12.74,8117079,102838920.00
2011/07/25,12.66,12.96,12.36,12.43,10266919,131667264.00
2011/07/26,12.47,13.31,12.47,13.27,24739050,326084576.00
2011/07/27,13.14,14.07,13.10,13.94,27410975,373508928.00
2011/07/28,13.67,13.97,13.27,13.78,18437297,253928080.00
2011/07/29,13.67,13.81,13.24,13.26,10868064,147829120.00
2011/08/01,13.21,13.66,12.97,13.46,8761433,118619496.00
2011/08/02,13.37,13.42,12.99,13.31,7209724,95907856.00
2011/08/03,13.16,13.90,13.05,13.72,14973664,205376832.00
2011/08/04,13.63,13.81,13.50,13.51,7330043,100999816.00
2011/08/05,13.02,13.22,12.88,13.16,11686484,154636528.00
2011/08/08,13.02,13.12,12.00,12.13,10354592,130726616.00
2011/08/09,11.68,12.15,11.41,11.95,6386835,76007552.00
2011/08/10,12.32,12.43,11.98,12.01,6789563,83751392.00
2011/08/11,11.69,12.29,11.62,12.24,6405447,77729056.00
2011/08/12,12.36,12.52,12.23,12.36,6236717,77917792.00
2011/08/15,12.41,12.62,12.32,12.56,7327569,92673928.00
2011/08/16,12.63,12.69,12.34,12.38,6544136,82662864.00
2011/08/17,12.32,12.38,12.07,12.17,5764501,70983936.00
2011/08/18,12.20,12.23,11.77,11.79,4981219,60098992.00
2011/08/19,11.52,11.74,11.45,11.73,4041010,47395176.00
2011/08/22,11.76,11.87,11.65,11.67,3171987,37709264.00
2011/08/23,11.71,12.03,11.57,11.99,4183966,50130012.00
2011/08/24,12.09,12.49,12.02,12.37,8557106,106024416.00
2011/08/25,12.33,12.54,12.25,12.54,11000861,137618176.00
2011/08/26,12.42,12.62,12.28,12.43,7825676,98163808.00
2011/08/29,12.35,12.35,12.06,12.07,4525357,55665020.00
2011/08/30,12.17,12.43,12.05,12.09,6311507,77991600.00
2011/08/31,12.09,12.19,11.92,12.14,2786582,34037304.00
2011/09/01,12.14,12.20,11.88,11.90,2850942,34653116.00
2011/09/02,11.88,11.96,11.59,11.61,2777260,32903224.00
2011/09/05,11.42,11.83,11.37,11.59,4704191,55158656.00
2011/09/06,11.57,11.69,11.49,11.66,1517588,17799428.00
2011/09/07,11.69,12.02,11.66,12.02,5025946,60324156.00
2011/09/08,12.02,12.08,11.73,11.74,3070520,36999396.00
2011/09/09,11.67,11.97,11.67,11.74,2021447,24086456.00
2011/09/13,11.57,11.57,11.15,11.21,5156824,58987268.00
2011/09/14,11.32,11.37,11.08,11.36,2734636,31092502.00
2011/09/15,11.39,11.47,11.27,11.38,2093846,24096244.00
2011/09/16,11.42,11.53,11.34,11.35,1693045,19572196.00
2011/09/19,11.26,11.26,10.96,11.05,1705900,19142900.00
2011/09/20,10.97,11.41,10.97,11.35,2772894,31556530.00
2011/09/21,11.32,11.72,11.32,11.66,4577100,53629552.00
2011/09/22,11.52,11.62,11.17,11.18,3490255,40386144.00
2011/09/23,10.99,11.41,10.95,11.37,2152585,24378896.00
2011/09/26,11.27,11.51,11.20,11.33,2095437,24074404.00
2011/09/27,11.42,11.55,11.37,11.48,2876450,33366516.00
2011/09/28,11.55,11.60,10.87,11.05,2912593,33254278.00
2011/09/29,11.04,11.11,10.58,10.60,3151548,34715180.00
2011/09/30,10.79,10.79,10.50,10.65,1448449,15615182.00
2011/10/10,10.63,10.72,10.42,10.43,1433049,15287453.00
2011/10/11,10.82,10.82,10.37,10.50,2020490,21608968.00
2011/10/12,10.49,10.83,10.25,10.81,2475273,26698204.00
2011/10/13,10.82,10.97,10.72,10.88,3246472,35772780.00
2011/10/14,10.85,10.99,10.77,10.91,1852188,20429368.00
2011/10/17,10.92,11.11,10.92,10.93,2125772,23670504.00
2011/10/18,10.83,10.87,10.54,10.55,2027219,21899520.00
2011/10/19,10.66,10.67,10.42,10.51,1128930,12033067.00
2011/10/20,10.57,10.57,10.17,10.47,3296668,34419016.00
2011/10/21,10.37,10.53,10.22,10.45,1776458,18667740.00
2011/10/24,10.35,11.04,9.96,10.70,6797115,72139144.00
2011/10/25,10.57,10.84,10.22,10.67,10061991,107308752.00
2011/10/26,10.47,10.68,10.32,10.56,6131697,65342104.00
2011/10/27,10.53,10.66,10.40,10.44,3539918,37710248.00
2011/10/28,10.61,10.88,10.52,10.81,7058065,76602552.00
2011/10/31,10.78,10.83,10.63,10.75,4315234,46888016.00
2011/11/01,10.60,11.05,10.57,10.97,6687990,73372240.00
2011/11/02,10.83,11.01,10.65,11.00,7550708,83114296.00
2011/11/03,11.05,11.27,10.95,10.97,8882838,99920408.00
2011/11/04,11.02,11.12,10.78,10.98,5981964,66236824.00
2011/11/07,10.92,11.05,10.86,10.92,3492742,38677760.00
2011/11/08,10.92,11.17,10.88,10.95,4244047,47294848.00
2011/11/09,11.00,11.13,10.87,11.07,4176640,46506248.00
2011/11/10,10.95,10.99,10.57,10.70,4400615,48439256.00
2011/11/11,10.78,10.85,10.68,10.73,2355033,25675978.00
2011/11/14,10.80,11.00,10.79,10.99,3363155,37240752.00
2011/11/15,10.99,11.12,10.93,11.04,3990780,44611208.00
2011/11/16,11.10,11.10,10.75,10.80,4115401,45387924.00
2011/11/17,10.77,10.89,10.58,10.62,3079523,33362860.00
2011/11/18,10.53,10.59,10.16,10.20,3277182,34327008.00
2011/11/21,10.20,10.31,10.17,10.29,1719409,17823524.00
2011/11/22,10.22,10.37,10.08,10.33,1818455,18884280.00
2011/11/23,10.46,10.64,10.29,10.31,3806302,40373008.00
2011/11/24,10.20,10.28,10.09,10.19,2045654,21065288.00
2011/11/25,10.21,10.24,9.98,10.03,2225277,22760836.00
2011/11/28,10.12,10.15,9.97,10.09,1577093,16038283.00
2011/11/29,10.19,10.25,10.09,10.24,2327467,23995254.00
2011/11/30,10.24,10.24,9.35,9.49,4043278,39834920.00
2011/12/01,9.82,9.85,9.64,9.64,3420781,33801860.00
2011/12/02,9.57,9.57,9.26,9.27,2513816,23908160.00
2011/12/05,9.25,9.32,8.87,8.93,2243207,20599288.00
2011/12/06,8.90,9.03,8.84,8.97,1379563,12504992.00
2011/12/07,9.10,9.12,8.94,9.01,1058673,9678073.00
2011/12/08,9.03,9.09,8.80,8.96,1569288,14231539.00
2011/12/09,8.87,9.06,8.87,8.98,1000608,9112597.00
2011/12/12,8.97,9.15,8.94,9.14,1801761,16533913.00
2011/12/13,9.07,9.07,8.75,8.77,2218159,19988692.00
2011/12/14,8.77,8.80,8.15,8.21,3263533,27954556.00
2011/12/15,8.17,8.17,7.77,7.78,3102326,24910812.00
2011/12/16,7.84,8.06,7.78,8.04,1559458,12527498.00
2011/12/19,8.03,8.03,7.74,7.95,1806839,14483040.00
2011/12/20,8.01,8.12,7.90,8.02,2046390,16747104.00
2011/12/21,8.18,8.18,7.85,7.86,1561616,12705290.00
2011/12/22,7.71,7.76,7.35,7.63,2502686,19174260.00
2011/12/23,7.63,7.84,7.55,7.76,1813633,14215534.00
2011/12/26,7.75,7.86,7.68,7.75,1320305,10443551.00
2011/12/27,7.69,8.07,7.67,7.84,2902206,23231400.00
2011/12/28,7.72,7.87,7.56,7.87,2116177,16550602.00
2011/12/29,7.82,7.97,7.78,7.85,1305053,10462517.00
2011/12/30,7.86,8.01,7.86,7.97,1272876,10284094.00
2012/01/04,8.01,8.07,7.60,7.61,1655551,13232089.00
2012/01/05,7.62,7.65,7.26,7.32,2131083,16191483.00
2012/01/06,7.33,7.50,7.16,7.50,1453722,10834132.00
2012/01/09,7.46,7.92,7.33,7.85,2281215,17834944.00
2012/01/10,7.82,8.29,7.79,8.24,4442792,36594896.00
2012/01/11,8.19,8.34,8.13,8.20,3836976,32026224.00
2012/01/12,8.20,8.31,8.07,8.23,3404992,28371798.00
2012/01/13,8.20,8.22,7.90,8.03,3334090,27206626.00
2012/01/16,7.92,8.03,7.76,7.77,2248419,18037826.00
2012/01/17,7.85,8.37,7.80,8.37,4558817,37832788.00
2012/01/18,8.42,8.72,8.18,8.37,4937903,42278300.00
2012/01/19,8.26,8.55,8.19,8.53,3767048,32198622.00
2012/01/20,8.53,8.60,8.40,8.44,2200727,18936466.00
2012/01/30,8.39,8.56,8.38,8.38,2214719,19030736.00
2012/01/31,8.38,8.40,8.13,8.32,1674894,14076815.00
2012/02/01,8.25,8.36,8.22,8.24,1450008,12202090.00
2012/02/02,8.27,8.47,8.22,8.46,2139433,18147904.00
2012/02/03,8.47,8.62,8.39,8.54,3285543,28446734.00
2012/02/06,8.62,8.65,8.49,8.59,3148046,27384056.00
2012/02/07,8.50,8.52,8.31,8.35,2707696,23041940.00
2012/02/08,8.35,8.64,8.30,8.62,3599850,31126372.00
2012/02/10,8.56,8.79,8.54,8.75,5869869,51777180.00
2012/02/13,8.79,8.80,8.68,8.79,4740675,42106168.00
2012/02/14,8.87,9.16,8.85,8.91,6226819,56831196.00
2012/02/15,8.85,9.02,8.75,9.00,4532487,40970228.00
2012/02/16,8.95,9.12,8.80,9.02,4344834,39539816.00
2012/02/17,9.01,9.07,8.79,9.03,3251265,29524004.00
2012/02/20,9.25,9.25,8.94,8.94,4107950,37741308.00
2012/02/21,8.90,9.29,8.83,9.16,6215416,57282868.00
2012/02/22,9.15,9.24,9.09,9.22,4603912,42875916.00
2012/02/23,9.22,9.30,9.11,9.24,4563195,42660192.00
2012/02/24,9.23,9.32,9.14,9.28,5198187,48677908.00
2012/02/27,9.29,9.85,9.27,9.31,7546718,72491632.00
2012/02/28,9.37,9.49,9.27,9.42,5621638,53445968.00
2012/02/29,9.43,9.73,9.40,9.62,7006060,67885464.00
2012/03/01,9.52,10.08,9.50,9.91,11075173,110889128.00
2012/03/02,9.96,10.25,9.83,10.22,10057031,102828752.00
2012/03/05,10.37,11.22,10.33,10.49,13617620,147607536.00
2012/03/06,10.49,10.98,10.48,10.82,11272581,122559792.00
2012/03/07,10.65,10.85,10.47,10.49,9152452,98656088.00
2012/03/08,10.51,10.66,10.37,10.61,6075880,64758024.00
2012/03/09,10.64,10.80,10.51,10.63,6835019,73773232.00
2012/03/12,10.72,10.86,10.45,10.65,6142391,66019184.00
2012/03/13,10.70,10.84,10.54,10.81,7268540,78975344.00
2012/03/14,10.81,10.99,9.86,9.96,10611499,112309448.00
2012/03/15,9.91,10.74,9.85,10.60,10937799,113918632.00
2012/03/16,10.55,10.97,10.54,10.89,10809259,118326696.00
2012/03/19,10.95,11.25,10.87,11.10,7936755,88648720.00
2012/03/20,11.07,11.09,10.69,10.82,5463448,59930744.00
2012/03/21,10.87,11.51,10.67,11.48,13203776,149134048.00
2012/03/22,11.42,11.57,11.18,11.25,7252445,83266944.00
2012/03/23,11.15,11.15,10.56,10.68,7960432,87338240.00
2012/03/26,10.74,10.74,10.24,10.39,5314648,56483372.00
2012/03/27,10.50,10.57,10.33,10.36,2995460,31721314.00
2012/03/28,10.33,10.33,9.36,9.56,8465777,83973664.00
2012/03/29,9.45,9.66,9.24,9.46,4530695,43471676.00
2012/03/30,9.47,9.69,9.27,9.50,3665760,35368680.00
2012/04/05,9.51,10.01,9.47,9.93,4912904,48874156.00
2012/04/06,9.87,10.21,9.83,10.08,4406730,44866112.00
2012/04/09,10.09,10.17,9.81,9.84,3336391,33626112.00
2012/04/10,9.82,10.03,9.45,10.02,4344493,42693848.00
2012/04/11,9.77,10.01,9.68,9.92,2695684,26994660.00
2012/04/12,10.00,10.17,9.83,10.12,4254319,43196160.00
2012/04/13,10.18,10.34,10.08,10.26,4008081,41429660.00
2012/04/16,10.15,10.18,10.02,10.09,2995470,30624748.00
2012/04/17,10.05,10.08,9.75,9.78,3874425,38810448.00
2012/04/18,9.77,10.06,9.69,10.01,4013917,40332660.00
2012/04/19,10.03,10.27,9.97,10.17,4426240,45461860.00
2012/04/20,10.14,10.24,10.06,10.17,3586655,36917256.00
2012/04/23,10.08,10.22,10.05,10.08,2944860,30222540.00
2012/04/24,9.94,10.16,9.67,9.93,4292660,42846720.00
2012/04/25,9.73,9.97,9.45,9.86,6725235,66120284.00
2012/04/26,9.86,9.98,9.74,9.92,5487999,54760888.00
2012/04/27,9.89,10.06,9.73,9.93,5795818,58180656.00
2012/05/02,9.92,10.32,9.92,10.25,7071623,72607192.00
2012/05/03,10.30,10.32,10.07,10.21,4691928,48304832.00
2012/05/04,10.12,10.21,10.03,10.12,2777639,28483924.00
2012/05/07,10.10,10.10,9.80,9.89,4646438,46639116.00
2012/05/08,9.87,10.00,9.78,9.87,3248731,32482772.00
2012/05/09,9.79,9.80,9.42,9.44,5324578,51671952.00
2012/05/10,9.44,9.67,9.44,9.53,2747165,26530934.00
2012/05/11,9.57,9.60,9.37,9.38,2309881,22155442.00
2012/05/14,9.50,9.53,9.26,9.31,1993941,18951608.00
2012/05/15,9.29,9.29,8.87,9.07,2898982,26540362.00
2012/05/16,9.03,9.07,8.89,8.91,2161936,19633716.00
2012/05/18,8.95,9.15,8.89,8.97,3349114,30602310.00
2012/05/21,9.03,9.06,8.54,8.73,3075694,27254440.00
2012/05/22,8.76,8.89,8.67,8.86,2477405,22042640.00
2012/05/23,8.81,9.15,8.78,9.01,2929204,26724092.00
2012/05/24,8.97,9.11,8.85,8.86,2238475,20400900.00
2012/05/25,8.94,8.94,8.75,8.75,1280624,11453876.00
2012/05/28,8.75,8.91,8.47,8.90,2827611,24834858.00
2012/05/29,8.90,9.02,8.81,9.02,3187583,28993664.00
2012/05/30,8.97,9.23,8.95,9.10,3307325,30455454.00
2012/05/31,9.06,9.09,8.97,9.02,1950523,17832888.00
2012/06/01,9.23,9.49,9.03,9.13,4225933,39671468.00
2012/06/04,8.90,8.92,8.67,8.69,2975756,26621998.00
2012/06/05,8.69,8.78,8.53,8.58,1555872,13634002.00
2012/06/06,8.68,8.75,8.39,8.44,1759926,15290602.00
2012/06/07,8.57,8.65,8.38,8.41,1142140,9824581.00
2012/06/08,8.53,8.53,8.25,8.27,1554558,13279582.00
2012/06/11,8.26,8.45,8.26,8.44,1175882,9982724.00
2012/06/12,8.40,8.44,8.31,8.34,1227819,10413782.00
2012/06/13,8.44,8.45,8.23,8.44,1410552,11996126.00
2012/06/14,8.37,8.50,8.35,8.38,1515305,12946050.00
2012/06/15,8.42,8.45,8.13,8.30,1827103,15435561.00
2012/06/18,8.37,8.51,8.37,8.49,1777702,15248001.00
2012/06/19,8.50,8.50,8.26,8.33,1501204,12732426.00
2012/06/20,8.34,8.40,8.28,8.31,892808,7551031.00
2012/06/21,8.27,8.34,8.05,8.10,1693261,14027858.00
2012/06/25,8.05,8.05,7.75,7.77,1597176,12780001.00
2012/06/26,7.75,7.92,7.60,7.87,1267140,9996950.00
2012/06/27,7.87,7.92,7.72,7.81,1084325,8624465.00
2012/06/28,7.85,8.59,7.81,7.96,1952474,15985345.00
2012/06/29,7.89,8.02,7.76,8.01,1436285,11513764.00
2012/07/02,8.17,8.19,8.02,8.05,923000,7565269.00
2012/07/03,8.02,8.10,7.98,8.03,1061916,8687056.00
2012/07/04,8.07,8.24,7.90,8.20,2026950,16663520.00
2012/07/05,8.10,8.10,7.85,7.87,1696947,13679943.00
2012/07/06,7.96,7.97,7.71,7.94,1357932,10814142.00
2012/07/09,7.87,8.35,7.78,8.30,6160925,51040628.00
2012/07/10,8.20,8.80,8.19,8.64,7268611,62841360.00
2012/07/11,8.59,9.45,8.50,9.35,13176967,120336040.00
2012/07/12,9.02,9.50,8.95,9.25,19184012,176785280.00
2012/07/13,8.95,9.17,8.45,8.56,13118165,116437264.00
2012/07/16,8.38,8.50,7.96,8.44,8238853,69072288.00
2012/07/17,8.37,8.99,8.07,8.93,9432828,82791944.00
2012/07/18,8.85,9.02,8.63,8.89,7401461,66356880.00
2012/07/19,8.80,9.50,8.76,9.26,17832121,164206864.00
2012/07/20,9.14,9.18,8.92,8.99,13564397,124377496.00
2012/07/23,8.85,9.22,8.53,8.77,9947492,88376896.00
2012/07/24,8.60,9.05,8.55,8.71,5073465,44698516.00
2012/07/25,8.68,8.78,8.30,8.35,3754012,32215076.00
2012/07/26,8.35,8.39,8.03,8.03,3354647,27869382.00
2012/07/27,8.03,8.10,7.99,8.03,2253805,18340720.00
2012/07/30,8.07,8.13,7.80,7.86,2122708,16975410.00
2012/07/31,7.84,7.84,7.48,7.53,2490671,19136552.00
2012/08/01,7.53,7.70,7.52,7.64,1398368,10812510.00
2012/08/02,7.67,7.70,7.56,7.59,1026775,7929979.00
2012/08/03,7.70,7.92,7.70,7.82,2336453,18512368.00
2012/08/06,7.71,8.05,7.70,7.98,2380021,18981758.00
2012/08/07,7.92,8.10,7.92,8.02,2395681,19452696.00
2012/08/08,8.05,8.15,7.95,8.02,2017865,16429270.00
2012/08/09,8.01,8.06,7.86,8.05,2544782,20577682.00
2012/08/10,8.05,8.06,7.94,7.98,1865426,15092838.00
2012/08/13,7.98,7.99,7.60,7.65,1893762,14986219.00
2012/08/14,7.65,7.77,7.51,7.76,1763023,13699253.00
2012/08/15,7.75,7.83,7.68,7.69,856367,6730533.00
2012/08/16,7.69,7.84,7.61,7.79,1237243,9714588.00
2012/08/17,7.92,8.19,7.91,7.94,2669171,21648350.00
2012/08/20,7.90,8.13,7.82,8.12,3236776,26286064.00
2012/08/21,8.08,8.21,8.00,8.03,2928398,23954050.00
2012/08/22,8.05,8.10,7.89,7.96,1983138,15977002.00
2012/08/23,7.96,8.00,7.85,7.98,1713076,13766009.00
2012/08/24,7.97,7.97,7.75,7.76,1641783,13032576.00
2012/08/27,7.71,7.72,7.41,7.42,1873961,14304028.00
2012/08/28,7.47,7.58,7.38,7.48,968297,7320840.00
2012/08/29,7.54,7.56,7.42,7.42,795546,6036016.00
2012/08/30,7.41,7.52,7.28,7.34,1234744,9227877.00
2012/08/31,7.38,7.38,7.25,7.33,874169,6478784.00
2012/09/03,7.35,7.46,7.23,7.42,705272,5279273.00
2012/09/04,7.48,7.53,7.35,7.39,752219,5663405.00
2012/09/05,7.38,7.46,7.25,7.39,736575,5514290.00
2012/09/06,7.45,7.55,7.41,7.45,552881,4174799.00
2012/09/07,7.50,7.78,7.48,7.70,2391341,18566072.00
2012/09/10,7.65,7.80,7.65,7.78,1774328,13906534.00
2012/09/11,7.72,7.76,7.64,7.70,1449312,11292292.00
2012/09/12,7.72,7.87,7.71,7.79,2133134,16806872.00
2012/09/13,7.76,7.83,7.68,7.68,1722263,13576358.00
2012/09/14,7.80,7.82,7.64,7.72,1593190,12482164.00
2012/09/17,7.69,8.08,7.51,7.78,4127851,32687762.00
2012/09/18,7.55,7.70,7.55,7.62,1898508,14645258.00
2012/09/19,7.61,7.70,7.57,7.63,1207166,9327415.00
2012/09/20,7.63,7.63,7.36,7.39,1807225,13708660.00
2012/09/21,7.30,7.47,7.30,7.32,794228,5959911.00
2012/09/24,7.21,7.38,7.21,7.37,662437,4909908.00
2012/09/25,7.36,7.48,7.21,7.37,1244799,9277818.00
2012/09/26,7.40,7.40,7.15,7.18,1005608,7396871.00
2012/09/27,7.10,7.42,7.10,7.27,1331818,9836336.00
2012/09/28,7.30,7.54,7.30,7.51,2117394,15964787.00
2012/10/08,7.54,7.55,7.44,7.53,1199904,9117699.00
2012/10/09,7.56,7.72,7.46,7.69,1765398,13713008.00
2012/10/10,7.67,7.70,7.58,7.70,1421554,11032544.00
2012/10/11,7.61,7.68,7.49,7.54,1486433,11421410.00
2012/10/12,7.54,7.60,7.37,7.52,1087682,8250259.00
2012/10/15,7.50,7.51,7.37,7.45,727956,5469399.00
2012/10/16,7.48,7.54,7.40,7.47,756354,5725650.00
2012/10/17,7.50,7.72,7.47,7.68,2839501,22002516.00
2012/10/18,7.66,7.72,7.60,7.68,2197113,17064038.00
2012/10/19,7.68,7.72,7.60,7.65,1168887,9063804.00
2012/10/22,7.58,7.66,7.55,7.65,830098,6401982.00
2012/10/23,7.61,7.73,7.61,7.68,1289938,10024480.00
2012/10/24,7.61,7.68,7.56,7.59,1251492,9665888.00
2012/10/25,7.85,7.91,7.58,7.58,2724610,21383766.00
2012/10/26,7.42,7.48,7.06,7.11,3392469,24779416.00
2012/10/29,7.11,7.19,7.07,7.10,879419,6344604.00
2012/10/30,7.09,7.15,7.07,7.14,1151861,8299809.00
2012/10/31,7.11,7.56,7.11,7.48,2862733,21435522.00
2012/11/01,7.49,7.53,7.35,7.41,2625279,19728664.00
2012/11/02,7.34,7.41,7.33,7.40,933946,6973151.00
2012/11/05,7.50,7.57,7.41,7.42,1335477,10127081.00
2012/11/06,7.43,7.44,7.11,7.29,1301008,9548497.00
2012/11/07,7.28,7.31,7.20,7.28,707697,5203011.00
2012/11/08,7.14,7.27,7.06,7.08,1129060,8142913.00
2012/11/09,7.09,7.12,7.05,7.07,548280,3935012.00
2012/11/12,7.07,7.15,7.07,7.15,665398,4794108.00
2012/11/13,7.15,7.15,6.99,7.00,771653,5528208.00
2012/11/14,7.07,7.07,6.93,7.05,622921,4431505.00
2012/11/15,7.02,7.06,6.82,6.85,606239,4284284.00
2012/11/16,6.87,6.92,6.71,6.73,813115,5607499.00
2012/11/19,6.69,6.69,6.35,6.56,1553164,10195079.00
2012/11/20,6.65,6.65,6.43,6.45,846974,5606755.00
2012/11/21,6.45,6.56,6.38,6.53,841090,5520956.00
2012/11/22,6.53,6.53,6.38,6.42,648912,4258136.00
2012/11/23,6.42,6.47,6.40,6.44,592967,3877789.00
2012/11/26,6.44,6.49,6.41,6.43,570159,3734427.00
2012/11/27,6.44,6.44,5.91,5.93,1250980,7774014.00
2012/11/28,6.03,6.03,5.67,5.71,1468765,8652306.00
2012/11/29,5.71,5.76,5.50,5.57,1258312,7247352.00
2012/11/30,5.59,5.64,5.54,5.59,1217363,6930226.00
2012/12/03,5.51,5.59,5.28,5.29,1598878,8796845.00
2012/12/04,5.26,5.39,5.21,5.39,1350331,7284170.00
2012/12/05,5.37,5.69,5.28,5.61,1940836,10960054.00
2012/12/06,5.56,5.64,5.53,5.59,956249,5431566.00
2012/12/07,5.60,5.74,5.55,5.73,1717267,9924150.00
2012/12/10,6.12,6.25,5.92,5.98,3124542,19047160.00
2012/12/11,5.98,6.12,5.92,5.94,2586137,15834183.00
2012/12/12,5.90,6.00,5.86,5.93,1204409,7253366.00
2012/12/13,5.93,5.93,5.75,5.76,1621119,9590981.00
2012/12/14,5.80,6.01,5.74,6.00,2582666,15588941.00
2012/12/17,6.00,6.18,6.00,6.10,2488306,15430919.00
2012/12/18,6.15,6.17,6.06,6.10,1792193,11127333.00
2012/12/19,6.09,6.19,6.04,6.09,1272808,7871414.00
2012/12/20,6.09,6.10,5.93,6.06,2006627,12271450.00
2012/12/21,6.02,6.16,6.02,6.07,1844212,11432369.00
2012/12/24,6.05,6.16,6.03,6.07,1546834,9565190.00
2012/12/25,6.07,6.27,5.98,6.22,3544406,22176116.00
2012/12/26,6.17,6.29,6.15,6.29,2795080,17665004.00
2012/12/27,6.32,6.89,6.20,6.58,7514331,49754116.00
2012/12/28,6.50,6.59,6.45,6.55,3291996,21772310.00
2012/12/31,6.59,6.62,6.48,6.53,2177611,14449157.00
2013/01/04,6.57,6.59,6.37,6.43,2127080,13950518.00
2013/01/07,6.43,6.55,6.41,6.54,1826264,12010845.00
2013/01/08,6.62,6.82,6.55,6.65,3823161,25948138.00
2013/01/09,6.66,6.72,6.56,6.63,2829971,19035172.00
2013/01/10,6.67,6.83,6.67,6.80,3621373,24810020.00
2013/01/11,6.87,6.95,6.56,6.58,3450178,23662408.00
2013/01/14,6.50,6.74,6.49,6.70,2528463,17063428.00
2013/01/15,6.75,6.90,6.70,6.88,4396105,30473024.00
2013/01/16,6.86,7.02,6.72,6.90,4514228,31481018.00
2013/01/17,6.89,6.90,6.72,6.79,2269871,15631797.00
2013/01/18,6.75,6.90,6.71,6.85,2585701,17914428.00
2013/01/21,6.84,6.94,6.80,6.85,2553026,17743326.00
2013/01/22,6.88,6.88,6.61,6.64,2759755,18898204.00
2013/01/23,6.62,6.70,6.48,6.61,2153264,14388247.00
2013/01/24,6.58,6.79,6.49,6.53,3292476,22185944.00
2013/01/25,6.58,6.69,6.46,6.67,2907215,19440500.00
2013/01/28,6.65,7.11,6.64,7.06,7712745,54047496.00
2013/01/29,7.04,7.15,7.01,7.03,7245680,52013776.00
2013/01/30,7.00,7.07,6.90,6.99,3894034,27557868.00
2013/01/31,6.99,6.99,6.84,6.91,2594063,18122256.00
2013/02/01,6.85,7.05,6.81,6.97,2658864,18708452.00
2013/02/04,6.97,7.06,6.85,6.98,2847398,20096588.00
2013/02/05,6.98,7.14,6.90,7.13,4203620,29951616.00
2013/02/06,7.15,7.33,7.11,7.25,5431194,39818540.00
2013/02/07,7.25,7.25,7.09,7.21,2976214,21662344.00
2013/02/08,7.21,7.34,7.06,7.28,2835284,20859076.00
2013/02/18,7.28,7.62,7.19,7.59,5720124,43212160.00
2013/02/19,7.61,7.72,7.44,7.69,10874607,84004512.00
2013/02/20,7.64,7.75,7.56,7.73,4160662,32375464.00
2013/02/21,7.72,7.85,7.57,7.73,11911784,93001720.00
2013/02/22,7.72,7.87,7.32,7.47,13205425,101853664.00
2013/02/25,7.30,7.45,7.24,7.45,4564054,34036720.00
2013/02/26,7.45,7.50,7.33,7.43,3465846,26068932.00
2013/02/27,7.43,8.07,7.40,7.59,14363159,109655408.00
2013/02/28,7.47,7.68,7.24,7.46,8926382,67015080.00
2013/03/01,7.41,7.41,7.27,7.36,4532821,33720576.00
2013/03/04,7.31,7.31,6.68,6.75,5134695,36372364.00
2013/03/05,6.80,6.89,6.73,6.88,2713370,18750880.00
2013/03/06,6.88,6.96,6.85,6.95,2697526,18890752.00
2013/03/07,6.98,7.07,6.91,6.98,3225805,22850804.00
2013/03/08,6.94,7.02,6.82,6.87,1908246,13424294.00
2013/03/11,6.87,6.91,6.80,6.84,1237186,8594770.00
2013/03/12,6.89,6.99,6.65,6.75,2804527,19391578.00
2013/03/13,6.77,6.80,6.51,6.59,1660434,11113924.00
2013/03/14,6.58,6.62,6.52,6.60,1296195,8671395.00
2013/03/15,6.56,6.72,6.51,6.56,1457195,9796016.00
2013/03/18,6.58,6.59,6.30,6.34,1850935,12115676.00
2013/03/19,6.33,6.49,6.10,6.44,1851255,11972063.00
2013/03/20,6.35,6.61,6.35,6.60,1882007,12426760.00
2013/03/21,6.60,6.68,6.54,6.65,1717449,11539637.00
2013/03/22,6.60,6.67,6.60,6.65,1291038,8695538.00
2013/03/25,6.67,6.77,6.63,6.71,2064663,14061740.00
2013/03/26,6.73,6.73,6.50,6.57,2618193,17388160.00
2013/03/27,6.54,6.59,6.47,6.51,1576831,10439809.00
2013/03/28,6.49,6.49,6.27,6.27,2047006,13181350.00
2013/03/29,6.27,6.36,6.18,6.19,1395719,8884258.00
2013/04/01,6.19,6.30,6.19,6.27,917720,5835820.00
2013/04/02,6.27,6.32,6.21,6.23,1263759,8039850.00
2013/04/03,6.26,6.28,6.13,6.18,1200036,7572163.00
2013/04/08,6.11,6.27,6.06,6.27,1547361,9678703.00
2013/04/09,6.25,6.45,6.12,6.42,1851221,11906170.00
2013/04/10,6.39,6.50,6.34,6.49,1742016,11362937.00
2013/04/11,6.50,6.54,6.35,6.36,1013955,6617407.00
2013/04/12,6.34,6.41,6.30,6.34,687369,4422088.00
2013/04/15,6.33,6.33,6.12,6.15,769959,4838604.00
2013/04/16,6.15,6.25,6.09,6.24,1016834,6378069.00
2013/04/17,6.24,6.33,6.17,6.29,1066601,6778937.00
2013/04/18,6.22,6.34,6.20,6.20,785826,4985228.00
2013/04/19,6.19,6.45,6.19,6.43,2061652,13297735.00
2013/04/22,6.42,6.48,6.31,6.44,1250142,8133218.00
2013/04/23,6.50,6.57,6.29,6.33,2442494,16001627.00
2013/04/24,6.28,6.43,6.21,6.35,1256136,8092425.00
2013/04/25,6.33,6.39,6.15,6.15,1300617,8300587.00
2013/04/26,6.31,6.34,6.21,6.24,1284991,8182152.00
2013/05/02,6.22,6.39,6.16,6.39,1453212,9302388.00
2013/05/03,6.73,7.04,6.61,7.04,11709810,82181896.00
2013/05/06,7.23,7.63,7.22,7.40,18919495,141523232.00
2013/05/07,7.25,7.35,7.12,7.20,9141124,66861760.00
2013/07/31,6.47,6.68,6.47,6.54,17951858,119202448.00
2013/08/01,6.45,6.61,6.28,6.60,14273871,93100744.00
2013/08/02,6.50,6.63,6.47,6.51,9245378,61279248.00
2013/08/05,6.40,6.48,6.32,6.47,6878273,44690840.00
2013/08/06,6.45,6.62,6.38,6.61,8503914,56053696.00
2013/08/07,6.59,6.67,6.45,6.48,7778029,51825772.00
2013/08/08,6.45,6.48,6.35,6.37,5833811,37905540.00
2013/08/09,6.37,6.60,6.34,6.59,7456822,48968360.00
2013/08/12,6.62,6.69,6.52,6.68,8632006,57841468.00
2013/08/13,6.68,6.68,6.56,6.57,7427281,49735628.00
2013/08/14,6.57,6.62,6.51,6.58,5513409,36764028.00
2013/08/15,6.53,6.62,6.40,6.42,5036319,33380544.00
2013/08/16,6.32,6.55,6.14,6.16,6491601,41791632.00
2013/08/19,6.10,6.24,6.05,6.21,5377660,33664208.00
2013/08/20,6.20,6.25,6.15,6.19,3541612,22303892.00
2013/08/21,6.20,6.23,6.15,6.22,2211256,13919368.00
2013/08/22,6.22,6.33,6.21,6.30,3374978,21552096.00
2013/08/23,6.38,6.38,6.04,6.16,5200747,32786174.00
2013/08/26,6.14,6.23,6.13,6.23,3993478,25150156.00
2013/08/27,6.24,6.33,6.21,6.32,4576423,29172672.00
2013/08/28,6.26,6.41,6.26,6.34,9094119,58656208.00
2013/08/29,6.35,6.40,6.29,6.32,4398551,28324068.00
2013/08/30,6.40,6.54,6.35,6.44,8586003,56120248.00
2013/09/02,6.42,6.54,6.36,6.51,6417296,42149896.00
2013/09/03,6.56,6.58,6.47,6.53,4896730,32364006.00
2013/09/04,6.53,6.54,6.40,6.46,5898256,38650168.00
2013/09/05,6.48,6.51,6.43,6.44,4172429,27406484.00
2013/09/06,6.43,6.51,6.40,6.50,4429962,29054962.00
2013/09/09,6.52,6.59,6.47,6.54,7039835,46737848.00
2013/09/10,6.54,6.59,6.51,6.57,7645589,50837272.00
2013/09/11,6.60,6.75,6.55,6.67,9566626,64505584.00
2013/09/12,6.62,6.73,6.61,6.71,7432389,50366976.00
2013/09/13,6.69,6.74,6.56,6.61,5917375,39784920.00
2013/09/16,6.63,6.66,6.52,6.55,4114287,27478140.00
2013/09/17,6.56,6.57,6.45,6.46,3149209,20796980.00
2013/09/18,6.43,6.67,6.43,6.66,5219965,34863084.00
2013/09/23,6.65,6.79,6.62,6.76,6914079,47244044.00
2013/09/24,6.75,6.75,6.58,6.64,5104560,34453256.00
2013/09/25,6.63,6.74,6.60,6.61,4383854,29627952.00
2013/09/26,6.61,6.65,6.49,6.50,3849138,25554700.00
2013/09/27,6.51,6.69,6.50,6.68,3880188,25973116.00
2013/09/30,6.68,6.77,6.61,6.64,4474422,30332030.00
2013/10/08,6.66,6.67,6.49,6.64,3482871,23229812.00
2013/10/09,6.61,6.69,6.57,6.69,3766284,25347884.00
2013/10/10,6.69,6.85,6.65,6.75,7517109,51498340.00
2013/10/11,6.77,6.85,6.71,6.80,6066752,41744404.00
2013/10/14,6.82,6.84,6.75,6.81,5085147,35064916.00
2013/10/15,6.82,6.95,6.76,6.84,5643941,39222404.00
2013/10/16,6.81,6.88,6.58,6.63,4862818,33143340.00
2013/10/17,6.65,6.79,6.64,6.70,4062418,27643262.00
2013/10/18,6.73,6.91,6.66,6.90,5080038,34983892.00
2013/10/21,6.86,7.07,6.77,7.02,10152489,71736216.00
2013/10/22,7.01,7.22,6.91,7.20,11803642,84454976.00
2013/10/23,7.11,7.19,6.96,6.97,8562064,61343472.00
2013/10/24,6.97,7.17,6.91,7.01,4744436,33912156.00
2013/10/25,7.04,7.10,6.92,7.03,6142033,43750920.00
2013/10/28,7.03,7.07,6.93,6.99,3099646,21985736.00
2013/10/29,6.99,7.24,6.53,6.74,9888150,69379072.00
2013/10/30,6.71,6.78,6.56,6.76,5039837,34099692.00
2013/10/31,6.70,6.95,6.62,6.77,4724575,32485366.00
2013/11/01,6.77,6.77,6.63,6.68,2276491,15459035.00
2013/11/04,6.63,6.75,6.63,6.75,2010779,13662820.00
2013/11/05,6.68,6.77,6.56,6.73,2595196,17598848.00
2013/11/06,6.73,6.88,6.68,6.76,3912903,27028580.00
2013/11/07,6.78,6.78,6.62,6.64,2388726,16204944.00
2013/11/08,6.60,6.68,6.36,6.38,3719984,24613652.00
2013/11/11,6.40,6.52,6.35,6.48,1740204,11371052.00
2013/11/12,6.48,6.55,6.42,6.52,1764080,11625265.00
2013/11/13,6.52,6.52,6.31,6.33,1782349,11608479.00
2013/11/14,6.31,6.63,6.26,6.44,2123071,13824962.00
2013/11/15,6.43,6.59,6.35,6.51,3012023,19904660.00
2013/11/18,6.52,6.65,6.50,6.64,3610130,24182086.00
2013/11/19,6.68,6.69,6.55,6.63,2430858,16337889.00
2013/11/20,6.65,6.76,6.63,6.72,2867851,19477068.00
2013/11/21,6.68,6.69,6.60,6.65,2514350,16959104.00
2013/11/22,6.67,6.84,6.65,6.69,3514374,24015884.00
2013/11/25,6.65,6.75,6.63,6.65,2608679,17698340.00
2013/11/26,6.63,6.70,6.60,6.62,2012407,13580983.00
2013/11/27,6.72,7.03,6.70,6.93,8737226,60944524.00
2013/11/28,6.89,7.08,6.89,6.94,6323621,44635096.00
2013/11/29,6.95,7.05,6.93,6.95,4106158,29067700.00
2013/12/02,6.79,6.92,6.51,6.63,5487117,37505996.00
2013/12/03,6.60,7.01,6.57,6.99,5908264,41179476.00
2013/12/04,6.92,7.20,6.92,7.17,9036338,64824740.00
2013/12/05,7.10,7.15,7.04,7.06,3613031,25945144.00
2013/12/06,7.04,7.17,7.02,7.05,3269639,23509964.00
2013/12/09,7.06,7.16,7.02,7.05,2765519,19831656.00
2013/12/10,7.04,7.13,7.00,7.02,3498896,25024478.00
2013/12/11,7.07,7.08,6.85,6.91,3133213,22000234.00
2013/12/12,6.89,7.03,6.87,6.92,2137486,15055012.00
2013/12/13,6.92,6.98,6.86,6.93,1602410,11260469.00
2013/12/16,6.93,7.03,6.82,6.86,1895975,13311321.00
2013/12/17,6.84,7.01,6.80,6.98,2862580,20087580.00
2013/12/18,6.98,7.04,6.94,7.02,2681143,19022584.00
2013/12/19,7.04,7.07,6.84,6.90,2134076,15059185.00
2013/12/20,6.90,6.93,6.75,6.77,1925294,13315593.00
2013/12/23,6.79,6.85,6.61,6.67,2069834,14045356.00
2013/12/24,6.70,6.75,6.59,6.67,1826278,12390639.00
2013/12/25,6.67,6.71,6.61,6.70,1561466,10572618.00
2013/12/26,6.70,6.70,6.41,6.41,3748791,24787860.00
2013/12/27,6.71,7.06,6.60,7.06,8339441,59200168.00
2013/12/30,7.21,7.21,6.97,6.99,9348919,66988504.00
2013/12/31,6.90,7.05,6.88,6.93,3373749,23837220.00
2014/01/02,6.90,7.03,6.90,6.98,2430465,17185100.00
2014/01/03,6.97,6.97,6.78,6.81,2923765,20275940.00
2014/01/06,6.79,6.82,6.59,6.65,2283236,15445704.00
2014/01/07,6.59,6.77,6.55,6.60,1892384,12796921.00
2014/01/08,6.59,6.69,6.56,6.60,1618582,10870136.00
2014/01/09,6.60,6.76,6.57,6.62,2205672,14928499.00
2014/01/10,6.60,6.63,6.44,6.47,1810940,11971027.00
2014/01/13,6.48,6.55,6.42,6.48,1238041,8141437.00
2014/01/14,6.46,6.63,6.43,6.62,1358982,9054554.00
2014/01/15,6.62,6.63,6.54,6.62,1011579,6757715.00
2014/01/16,6.62,6.73,6.57,6.66,1446639,9811432.00
2014/01/17,6.64,6.67,6.51,6.56,1486164,9908647.00
2014/01/20,6.53,6.61,6.48,6.54,941911,6263418.00
2014/01/21,6.59,6.69,6.55,6.68,1453012,9785779.00
2014/01/22,6.70,6.88,6.66,6.83,2298599,15884339.00
2014/01/23,6.83,6.85,6.76,6.79,1705556,11779023.00
2014/01/24,6.77,6.93,6.76,6.89,2442697,17014688.00
2014/01/27,6.84,6.88,6.79,6.82,1770250,12277161.00
2014/01/28,6.82,6.99,6.81,6.95,2619099,18357368.00
2014/01/29,6.97,6.97,6.89,6.95,1991523,13999592.00
2014/01/30,6.86,6.98,6.80,6.89,1489089,10383841.00
2014/02/07,6.83,6.98,6.81,6.94,2008854,14053453.00
2014/02/10,6.96,7.15,6.95,7.08,4000963,28678788.00
2014/02/11,7.05,7.13,7.02,7.07,3299819,23669596.00
2014/02/12,7.11,7.14,6.99,7.13,4672637,33451036.00
2014/02/13,7.10,7.12,6.95,6.96,3838175,27430736.00
2014/02/14,6.98,7.10,6.90,7.10,3827832,27233446.00
2014/02/17,7.10,7.29,7.10,7.26,7070220,51771548.00
2014/02/18,7.26,7.38,7.15,7.27,6183140,45587212.00
2014/02/19,7.25,7.34,7.17,7.33,4862629,35690852.00
2014/02/20,7.32,7.64,7.17,7.40,10776202,81156440.00
2014/02/21,7.36,7.52,7.21,7.34,5685784,42284196.00
2014/02/24,7.26,7.28,7.09,7.16,5567770,40323640.00
2014/02/25,7.17,7.53,7.14,7.22,8985500,66488728.00
2014/02/26,7.39,7.95,7.39,7.68,19025494,148627136.00
2014/02/27,7.57,7.77,7.53,7.64,10392037,80371072.00
2014/02/28,7.60,7.61,7.19,7.58,9218041,69316072.00
2014/03/03,7.45,7.75,7.44,7.74,6489731,50135120.00
2014/03/04,7.70,7.78,7.57,7.68,5602270,43454060.00
2014/03/05,7.70,7.71,7.46,7.48,5229897,39991784.00
2014/03/06,7.47,7.57,7.33,7.52,3426424,25867830.00
2014/03/07,7.51,7.60,7.28,7.30,4966015,37410292.00
2014/03/10,7.22,7.22,6.96,7.03,6058176,43387768.00
2014/03/11,6.99,7.10,6.94,7.08,3481324,24900374.00
2014/03/12,7.04,7.15,6.91,7.05,2923681,20817648.00
2014/03/13,7.68,7.77,7.43,7.48,15784222,121756576.00
2014/03/14,7.39,8.24,7.28,8.24,37310461,306586976.00
2014/03/17,8.20,8.39,8.06,8.33,29427919,244755136.00
2014/03/18,8.23,8.30,8.07,8.10,18302664,151293792.00
2014/03/19,8.14,8.57,8.08,8.27,20546212,173160720.00
2014/03/20,8.15,8.15,7.77,7.81,13701310,110875184.00
2014/03/21,7.83,8.16,7.79,8.10,11698722,94662048.00
2014/03/24,8.02,8.31,7.94,8.06,12480926,102938176.00
2014/03/25,8.06,8.16,7.90,7.99,8745907,70860192.00
2014/03/26,7.98,8.23,7.93,8.21,9795522,80779424.00
2014/03/27,8.18,8.25,7.84,7.87,9257757,74899744.00
2014/03/28,7.81,7.97,7.42,7.50,7832827,61004660.00
2014/03/31,7.50,7.55,7.26,7.53,3966311,29868202.00
2014/04/01,7.53,7.65,7.43,7.64,2670981,20519508.00
2014/04/02,7.61,7.66,7.43,7.48,3027723,23112282.00
2014/04/03,7.47,7.58,7.41,7.49,2662045,20194828.00
2014/04/04,7.44,7.58,7.31,7.57,2639686,19951432.00
2014/04/08,7.65,8.04,7.65,8.00,8231741,65462104.00
2014/04/09,7.91,7.99,7.87,7.95,5639942,45254124.00
2014/04/10,7.93,7.98,7.81,7.95,5728479,45736156.00
2014/04/11,7.92,7.92,7.73,7.78,3354671,26513338.00
2014/04/14,7.84,7.99,7.82,7.89,3863341,30895184.00
2014/04/15,7.90,7.90,7.65,7.70,4417560,34681064.00
2014/04/16,7.67,7.76,7.63,7.68,2770867,21535108.00
2014/04/17,7.69,7.76,7.62,7.64,2526414,19697308.00
2014/04/18,7.64,7.70,7.58,7.67,2252104,17414692.00
2014/04/21,7.66,8.21,7.64,7.99,11650432,93867216.00
2014/04/22,7.93,7.96,7.67,7.77,7699909,60888572.00
2014/04/23,7.79,8.41,7.71,8.30,16491013,136246784.00
2014/04/24,8.20,8.59,8.06,8.07,16383916,137549632.00
2014/04/25,7.96,7.98,7.33,7.34,14018879,108698720.00
2014/04/28,7.29,7.55,7.16,7.18,6401093,47468964.00
2014/04/29,7.19,7.30,7.04,7.28,4052553,29488780.00
2014/04/30,7.26,7.42,7.22,7.30,3485089,25885610.00
2014/05/05,7.30,7.45,7.11,7.44,4056367,29830996.00
2014/05/06,7.34,7.57,7.30,7.41,4656084,35133600.00
2014/05/07,7.37,7.37,7.18,7.19,3128802,23040216.00
2014/05/08,7.17,7.32,7.10,7.25,2741134,20172748.00
2014/05/09,7.25,7.28,7.08,7.14,2719027,19739216.00
2014/05/12,7.21,7.40,7.18,7.38,4132838,30713580.00
2014/05/13,7.35,7.43,7.32,7.41,2823989,21092950.00
2014/05/14,7.41,7.42,7.31,7.33,2002879,14930181.00
2014/05/15,7.34,7.38,7.10,7.11,2576685,18933890.00
2014/05/16,7.10,7.21,7.08,7.19,2226618,16129573.00
2014/05/19,7.28,7.57,7.27,7.32,5728332,42955904.00
2014/05/20,7.32,7.59,7.31,7.56,7935865,60138272.00
2014/05/21,7.42,7.58,7.33,7.52,5047525,38215576.00
2014/05/22,7.52,7.63,7.41,7.42,4258448,32379670.00
2014/05/23,7.43,7.46,7.23,7.45,4102123,30526440.00
2014/05/26,7.48,7.50,7.38,7.47,2794553,21073598.00
2014/05/27,7.46,7.46,7.25,7.26,3845199,28668672.00
2014/05/28,7.27,7.35,7.22,7.34,2617011,19315768.00
2014/05/29,7.35,7.38,7.22,7.22,2229850,16473736.00
2014/05/30,7.25,7.32,7.20,7.30,2065955,15240450.00
2014/06/03,7.30,7.37,7.27,7.28,1801061,13370096.00
2014/06/04,7.25,7.28,7.10,7.16,2397472,17432092.00
2014/06/05,7.12,7.24,7.12,7.23,1393377,10158281.00
2014/06/06,7.21,7.25,7.12,7.16,1755779,12768025.00
2014/06/09,7.14,7.20,7.09,7.10,1563429,11310530.00
2014/06/10,7.15,7.30,7.10,7.23,2407480,17561860.00
2014/06/11,7.19,7.28,7.15,7.27,1958099,14338148.00
2014/06/12,7.26,7.26,7.16,7.21,1529681,11186040.00
2014/06/13,7.25,7.43,7.22,7.38,4631099,34526800.00
2014/06/16,7.49,7.49,7.36,7.38,4302652,32356540.00
2014/06/17,7.38,7.58,7.33,7.36,5853289,44130464.00
2014/06/18,7.34,7.37,7.22,7.23,3263462,24104148.00
2014/06/19,7.20,7.26,7.00,7.01,4669485,33594756.00
2014/06/20,7.03,7.07,6.97,7.05,2032491,14471822.00
2014/06/23,7.09,7.15,7.03,7.09,2011546,14463058.00
2014/06/24,7.10,7.27,7.05,7.25,3291317,23909756.00
2014/06/25,7.20,7.21,7.11,7.14,2074677,15030199.00
2014/06/26,7.14,7.26,7.12,7.25,2919762,21321118.00
2014/06/27,7.23,7.36,7.18,7.31,3861690,28513076.00
2014/06/30,7.31,7.42,7.28,7.35,3267382,24386060.00
2014/07/01,7.35,7.39,7.30,7.33,2600643,19242592.00
2014/07/02,7.33,7.47,7.32,7.43,3247181,24248532.00
2014/07/03,7.43,7.48,7.36,7.38,3659273,27404436.00
2014/07/04,7.40,7.47,7.35,7.43,3076314,23035928.00
2014/07/07,7.42,7.54,7.40,7.48,4985166,37645588.00
2014/07/08,7.50,7.67,7.40,7.59,5388190,41022392.00
2014/07/09,7.55,7.62,7.44,7.52,5163696,39249936.00
2014/07/10,7.50,7.65,7.45,7.57,4011463,30676318.00
2014/07/11,7.59,7.73,7.54,7.66,4934956,38130392.00
2014/07/14,7.63,7.88,7.61,7.78,5627581,44056036.00
2014/07/15,7.74,7.87,7.64,7.72,4727374,36819928.00
2014/07/16,7.71,8.16,7.64,7.96,13758495,109599072.00
2014/07/17,7.83,7.85,7.68,7.82,7830666,61414112.00
2014/07/18,7.78,8.18,7.74,7.99,10653471,86390296.00
2014/07/21,8.06,8.18,7.89,8.01,7273287,58894492.00
2014/07/22,8.02,8.61,7.96,8.42,17670788,148270208.00
2014/07/23,8.33,8.40,8.17,8.33,10279661,85620448.00
2014/07/24,8.27,8.38,8.03,8.08,8685486,71388080.00
2014/07/25,8.10,8.31,8.08,8.14,7861819,64699588.00
2014/07/28,8.18,8.28,8.09,8.20,7157346,59063272.00
2014/07/29,8.20,8.31,8.15,8.28,6973353,57958680.00
2014/07/30,8.21,8.26,8.07,8.14,7521062,61731320.00
2014/07/31,8.12,8.30,8.12,8.23,6331755,52544952.00
2014/08/01,8.23,8.43,8.10,8.13,7257875,60496672.00
2014/08/04,8.25,8.95,8.21,8.95,19436018,171058976.00
2014/08/05,9.07,9.20,8.77,8.90,23923324,216087104.00
2014/08/06,8.82,8.93,8.68,8.85,8785507,77800408.00
2014/08/07,8.81,8.86,8.63,8.64,7503444,66175892.00
2014/08/08,8.64,8.78,8.58,8.72,5839220,51265120.00
2014/08/11,8.72,8.90,8.68,8.84,6705286,59574556.00
2014/08/12,8.84,9.04,8.77,8.84,6140878,55038488.00
2014/08/13,8.84,8.84,8.45,8.70,11640012,101234328.00
2014/08/14,8.66,8.74,8.56,8.68,6870528,60069588.00
2014/08/15,8.68,8.75,8.61,8.69,6080786,53312332.00
2014/08/18,8.74,8.89,8.71,8.88,6429538,57218564.00
2014/08/19,8.89,8.89,8.71,8.83,5785437,51282152.00
2014/08/20,8.83,9.18,8.81,8.89,10249304,93118624.00
2014/08/21,8.91,8.91,8.70,8.89,5434061,48229600.00
2014/08/22,8.87,9.28,8.80,9.13,11398552,104261808.00
2014/08/25,9.08,9.25,8.96,8.96,6387117,58422896.00
2014/08/26,8.97,8.98,8.53,8.57,8230234,72192272.00
2014/08/27,8.58,8.71,8.54,8.62,4189435,36363248.00
2014/08/28,8.44,8.46,8.23,8.27,9139908,76704744.00
2014/08/29,8.23,8.33,8.18,8.32,3023775,25262296.00
2014/09/01,8.33,8.49,8.28,8.49,4099850,34776736.00
2014/09/02,8.50,8.58,8.48,8.58,4977131,42829720.00
2014/09/03,8.63,8.88,8.63,8.75,7601319,67342488.00
2014/09/04,8.69,8.85,8.68,8.79,4940913,43714392.00
2014/09/05,8.77,8.81,8.65,8.77,5277569,46479996.00
2014/09/09,8.76,8.84,8.69,8.79,5059277,44632612.00
2014/09/10,8.81,8.86,8.65,8.85,5926542,52469652.00
2014/09/11,8.85,8.96,8.71,8.77,7242816,64569576.00
2014/09/12,8.79,9.03,8.79,8.98,7419976,66853564.00
2014/09/15,9.02,9.14,8.94,9.11,8596815,78422736.00
2014/09/16,9.09,9.09,8.61,8.70,9073171,81231176.00
2014/09/17,8.69,8.78,8.56,8.76,4191472,36702432.00
2014/09/18,8.79,8.84,8.66,8.82,3749569,33181152.00
2014/09/19,8.83,9.25,8.80,9.11,9704161,88766856.00
2014/09/22,9.04,9.35,9.03,9.13,9424142,87285512.00
2014/09/23,9.11,9.53,9.11,9.50,13687943,129349824.00
2014/09/24,9.43,10.28,9.36,9.81,17200403,170187744.00
2014/09/25,9.83,10.07,9.64,9.68,11612180,115035544.00
2014/09/26,9.61,10.06,9.59,9.81,8001818,79492560.00
2014/09/29,10.05,10.13,9.84,9.89,7149578,71537728.00
2014/09/30,9.89,10.04,9.71,10.00,9612928,95207552.00
2014/10/08,9.88,9.98,9.84,9.94,5683152,56669392.00
2014/10/09,9.97,10.03,9.75,9.91,5852446,58283208.00
2014/10/10,9.93,9.93,9.55,9.72,7215967,70716088.00
2014/10/13,9.71,9.79,9.50,9.78,5696021,55257836.00
2014/10/14,9.71,10.07,9.66,10.04,10314602,102883040.00
2014/10/15,10.01,10.44,9.86,10.32,12370832,126490608.00
2014/10/16,10.29,10.60,10.04,10.28,10310624,107141928.00
2014/10/17,10.23,10.44,9.90,10.30,13242457,135386384.00
2014/10/20,10.24,11.28,10.24,10.74,21466056,229803680.00
2014/10/21,10.60,10.98,10.46,10.67,20310275,217677472.00
2014/10/22,10.47,10.81,10.03,10.13,17764635,185645792.00
2014/10/23,10.01,10.11,9.57,9.77,10110984,99223000.00
2014/10/24,9.68,9.93,9.64,9.80,3715848,36581636.00
2014/10/27,9.76,10.06,9.65,9.98,5307446,52703316.00
2014/10/28,10.00,10.69,9.88,10.45,15626605,162192368.00
2014/10/29,10.34,10.61,10.27,10.47,15070051,158315168.00
2014/10/30,10.49,10.94,10.47,10.50,18252843,196016128.00
2014/10/31,10.64,10.83,10.26,10.41,13391320,141669728.00
2014/11/03,10.21,10.69,10.11,10.63,11886975,125370152.00
2014/11/04,10.56,10.68,10.41,10.51,7971375,84501104.00
2014/11/05,10.45,10.51,10.25,10.35,6156435,64176652.00
2014/11/06,10.25,10.52,10.15,10.43,7704969,80018856.00
2014/11/07,10.44,10.66,10.18,10.21,11660662,122756784.00
2014/11/10,10.21,10.46,10.14,10.40,6638348,69129136.00
2014/11/11,10.39,10.42,9.61,9.66,11927811,118936672.00
2014/11/12,9.67,9.86,9.61,9.80,4985468,48916792.00
2014/11/13,9.81,9.87,9.63,9.69,5198801,50961976.00
2014/11/14,9.63,9.67,9.29,9.37,6118323,58028280.00
2014/11/17,9.41,9.53,9.33,9.42,3629471,34569020.00
2014/11/18,9.42,9.60,9.38,9.59,3702542,35431424.00
2014/11/19,9.53,9.71,9.50,9.66,4179772,40427592.00
2014/11/20,9.62,10.43,9.54,10.30,18747674,191389840.00
2014/11/21,10.29,10.70,10.17,10.30,20670592,217838560.00
2014/11/24,10.35,10.42,10.08,10.37,10910341,112291048.00
2014/11/25,10.32,10.50,10.24,10.42,9714246,101534720.00
2014/11/26,10.42,10.42,10.16,10.27,10354080,106906832.00
2014/11/27,10.33,10.35,10.04,10.15,9055249,92647808.00
2014/11/28,10.06,10.06,9.75,9.92,10804764,107716984.00
2014/12/01,9.90,10.04,9.77,10.03,7011274,69742736.00
2014/12/02,10.07,10.28,10.07,10.14,9497813,97449200.00
2014/12/03,10.15,10.25,10.01,10.24,8290746,84587616.00
2014/12/04,10.28,10.52,10.22,10.45,14856531,154889120.00
2014/12/05,10.43,10.44,9.82,9.96,12440279,126199968.00
2014/12/08,9.83,9.91,9.73,9.85,7397005,73190224.00
2014/12/09,9.85,9.92,9.35,9.38,9938372,96132952.00
2014/12/10,9.28,9.60,9.28,9.59,4693495,44777780.00
2014/12/11,9.66,9.72,9.49,9.62,5061217,48999784.00
2014/12/12,9.63,9.70,9.57,9.70,5103998,49491548.00
2014/12/15,9.69,9.87,9.61,9.86,6167505,60638324.00
2014/12/16,9.84,9.87,9.63,9.74,4960969,48673732.00
2014/12/17,9.69,9.72,9.44,9.49,5958542,57229172.00
2014/12/18,9.53,9.69,9.50,9.55,3717797,35933804.00
2014/12/19,9.59,9.68,9.35,9.47,4591314,43957728.00
2014/12/22,9.43,9.51,8.73,8.80,7287101,66351972.00
2014/12/23,8.82,9.01,8.73,8.80,3573147,31920968.00
2014/12/24,8.82,9.07,8.78,9.04,3206877,28857004.00
2014/12/25,9.04,9.45,8.95,9.27,6270381,58508232.00
2014/12/26,9.18,9.37,9.09,9.17,3768637,34781376.00
2014/12/29,9.18,9.20,8.88,8.90,3891076,35079740.00
2014/12/30,8.89,8.97,8.75,8.79,2405171,21403716.00
2014/12/31,8.80,8.92,8.75,8.88,2296704,20471798.00
2015/01/05,8.93,9.28,8.89,9.26,6567456,60606012.00
2015/01/06,9.15,9.39,9.10,9.30,5048625,47198372.00
2015/01/07,9.37,10.13,9.24,9.86,10426533,101390296.00
2015/01/08,9.74,9.89,9.49,9.60,10512438,102721944.00
2015/01/09,9.59,9.72,9.44,9.46,5245835,50785436.00
2015/01/12,9.46,9.48,9.15,9.17,3057298,28497520.00
2015/01/13,9.22,9.27,9.14,9.23,1862497,17294632.00
2015/01/14,9.24,9.27,9.08,9.13,1874381,17385904.00
2015/01/15,9.18,9.34,9.12,9.30,2355834,21984244.00
2015/01/16,9.40,9.64,9.30,9.33,6213356,59113244.00
2015/01/19,9.16,9.22,8.79,8.84,4338773,39495984.00
2015/01/20,8.85,9.12,8.85,9.12,3313105,30140356.00
2015/01/21,9.19,9.39,9.10,9.33,6055985,56794740.00
2015/01/22,9.33,9.46,9.26,9.38,5998152,56688532.00
2015/01/23,9.40,9.48,9.35,9.36,4712100,44684544.00
2015/01/26,9.36,9.60,9.29,9.56,5340587,51053084.00
2015/01/27,9.59,9.86,9.56,9.80,9734800,95487424.00
2015/01/28,9.65,9.69,9.54,9.55,6110969,59041660.00
2015/01/29,9.53,9.77,9.46,9.71,5370358,52382036.00
2015/01/30,9.63,9.77,9.53,9.60,6308359,61480332.00
2015/02/02,9.53,9.98,9.44,9.85,11927782,118423208.00
2015/02/03,9.85,10.08,9.78,10.00,12290259,122884640.00
2015/02/10,9.93,9.93,9.43,9.59,9929565,96165808.00
2015/02/11,9.61,9.62,9.40,9.59,7221657,69061712.00
2015/02/12,9.59,9.70,9.54,9.68,4947628,47987856.00
2015/02/13,9.68,10.08,9.68,9.92,8113386,80747520.00
2015/02/16,9.93,10.22,9.93,10.09,6557394,66849192.00
2015/02/17,10.10,10.20,9.99,10.11,5221300,53122236.00
2015/02/25,10.17,10.28,10.06,10.11,5132096,52442148.00
2015/02/26,10.12,10.23,10.00,10.22,7514466,76751480.00
2015/02/27,10.17,10.33,10.08,10.26,11610299,119445600.00
2015/03/02,10.27,10.35,10.19,10.34,8865818,91673200.00
2015/03/03,10.28,10.58,10.19,10.39,13175365,137684608.00
2015/03/04,10.40,10.77,10.31,10.74,14657002,155970752.00
2015/03/05,10.73,11.26,10.62,11.09,22620170,250710576.00
2015/03/06,11.03,11.75,10.79,11.32,20536187,232550352.00
2015/03/09,11.23,11.44,11.04,11.31,9491088,107608856.00
2015/03/10,11.38,12.24,11.30,12.23,18602637,223191328.00
2015/03/11,12.12,12.58,11.96,12.13,19266450,237650704.00
2015/03/12,12.01,12.21,11.52,11.79,12688710,151075952.00
2015/03/13,11.79,12.02,11.61,11.91,6575806,78345928.00
2015/03/16,12.02,12.53,11.93,12.38,13000172,160249536.00
2015/03/17,12.36,12.44,11.93,12.13,12929234,157466304.00
2015/03/18,12.03,12.27,11.93,12.16,12024162,146542800.00
2015/03/19,12.13,12.77,12.08,12.70,17927275,224559776.00
2015/03/20,12.68,12.72,12.40,12.49,10286466,129512464.00
2015/03/23,12.69,12.69,12.29,12.39,10889505,135666480.00
2015/03/24,12.43,12.48,11.80,12.00,12726258,154605664.00
2015/03/25,12.00,12.23,11.95,12.14,7758452,94450264.00
2015/03/26,12.06,12.23,11.95,12.12,8426191,102410720.00
2015/03/27,12.07,12.63,12.03,12.55,17291225,216337984.00
2015/03/30,12.68,12.68,12.33,12.44,11854507,148352736.00
2015/03/31,12.43,12.63,12.22,12.33,12254912,153342368.00
2015/04/01,12.35,12.51,12.13,12.49,11287718,140216848.00
2015/04/02,12.49,13.74,12.39,13.56,24983388,328110400.00
2015/04/03,13.56,13.76,13.14,13.50,18167600,244375776.00
2015/04/07,13.60,13.83,13.39,13.61,20265343,276808032.00
2015/04/08,13.73,14.31,13.34,14.08,25002020,348370560.00
2015/04/09,14.21,14.21,13.11,13.89,15193738,208695344.00
2015/04/10,13.75,14.41,13.73,14.13,15311343,217163568.00
2015/04/13,14.42,15.52,13.94,14.27,15613928,223859744.00
2015/04/14,14.21,14.29,13.88,14.13,12220212,172621024.00
2015/04/15,14.11,14.41,13.83,13.97,15020923,214209696.00
2015/04/16,13.88,14.43,13.34,14.16,18606038,263256864.00
2015/04/17,14.25,14.81,13.64,13.70,26839506,381596800.00
2015/04/20,13.33,13.42,12.62,12.73,20006167,263252656.00
2015/04/21,12.63,13.02,12.59,13.01,10800183,139602832.00
2015/04/22,13.13,13.83,13.03,13.69,24385169,330903392.00
2015/04/23,13.70,14.13,13.54,13.84,25080042,349557472.00
2015/04/24,13.53,14.81,13.53,14.47,30410530,433483808.00
2015/04/27,14.88,15.52,14.19,14.75,30865517,459906112.00
2015/04/28,14.68,15.22,14.22,14.61,18288116,268173776.00
2015/04/29,14.63,15.70,14.28,15.33,29360144,446474272.00
2015/04/30,15.39,15.91,14.63,14.68,21583404,329977728.00
2015/05/04,14.43,14.71,14.23,14.62,10666322,155117664.00
2015/05/05,14.72,14.81,13.61,13.76,10910412,155762464.00
2015/05/06,13.93,14.11,13.45,13.75,9713869,134289760.00
2015/05/07,13.74,13.75,12.84,13.00,7449227,99550952.00
2015/05/08,13.23,13.43,12.96,13.42,10240498,136219488.00
2015/05/11,13.71,14.77,13.43,14.77,18561520,263774016.00
2015/05/12,15.03,16.23,14.56,15.65,36683558,571066176.00
2015/05/13,15.68,16.13,15.33,15.38,27772961,437057312.00
2015/05/14,15.83,16.37,14.92,15.42,28672431,448267008.00
2015/05/15,15.43,16.97,15.13,16.97,42157657,697539648.00
2015/05/18,17.19,18.47,16.20,16.63,64117401,1085995776.00
2015/05/19,16.45,16.73,16.13,16.25,29118167,477419424.00
2015/05/20,16.30,16.77,16.25,16.40,23976388,397736992.00
2015/05/21,16.54,16.61,16.08,16.39,23166332,378532992.00
2015/05/22,16.39,17.28,16.27,16.76,29242127,487037824.00
2015/05/25,16.53,17.36,16.44,17.19,28705152,490581664.00
2015/05/26,17.28,18.92,17.04,18.92,31062583,563694016.00
2015/05/27,19.06,19.43,18.21,18.70,31033719,588589568.00
2015/05/28,18.63,19.08,16.83,16.90,22375372,407397984.00
2015/05/29,17.07,17.39,15.81,16.70,18101325,304887360.00
2015/06/01,17.02,18.32,16.93,18.13,18957737,338582336.00
2015/06/02,18.38,18.65,17.84,18.63,18425654,339179648.00
2015/06/03,18.63,19.45,18.22,19.03,21997833,418353184.00
2015/06/04,19.03,19.13,17.24,18.53,15792778,290334976.00
2015/06/05,18.61,19.21,18.31,18.93,19662537,370794816.00
2015/06/08,18.81,20.83,18.74,19.90,24310749,489136800.00
2015/06/09,20.12,20.93,19.43,20.93,21290300,430289088.00
2015/06/10,20.53,22.23,20.11,21.31,21728959,470501024.00
2015/06/11,21.05,22.96,20.94,22.90,20800700,465199008.00
2015/06/12,22.92,23.48,22.33,22.46,20325810,465481280.00
2015/06/15,22.48,23.43,21.93,22.22,15813906,356434624.00
2015/06/16,22.08,22.43,20.86,21.14,14421503,313438656.00
2015/06/17,21.14,21.52,19.44,21.01,14100667,288371584.00
2015/06/18,21.02,21.64,20.02,20.15,11606380,244623520.00
2015/06/19,19.43,19.93,18.13,18.13,11634602,221747152.00
2015/06/23,18.13,18.62,16.32,17.83,13828629,242402688.00
2015/06/24,17.78,18.89,17.78,18.67,12595294,232428272.00
2015/06/25,18.53,19.53,17.55,18.02,14530643,275352256.00
2015/06/26,16.93,17.52,16.21,16.21,12772096,213646736.00
2015/06/29,17.23,17.23,14.58,14.58,14385305,221024176.00
2015/06/30,14.58,15.61,13.12,15.43,16566492,235639632.00
2015/07/01,15.11,15.81,13.88,13.89,13804802,208112784.00
2015/07/02,13.83,13.83,12.49,12.49,16602627,212849360.00
2015/07/03,11.40,12.20,11.23,11.23,12819401,146722720.00
2015/07/06,12.33,12.33,10.10,10.10,16858000,186120720.00
2015/07/07,9.23,9.43,9.08,9.08,5216700,47867692.00
2015/07/10,9.99,9.99,9.73,9.99,6154601,61651728.00
2015/07/13,11.00,11.00,10.86,11.00,12282502,135592592.00
2015/07/14,11.88,12.11,11.29,12.11,33510789,398115168.00
2015/07/15,11.53,11.87,10.89,10.89,14897959,167425808.00
2015/07/16,9.80,11.29,9.80,10.60,17120208,181805824.00
2015/07/17,10.74,11.55,10.55,11.43,17462055,195524176.00
2015/07/20,11.49,11.92,11.22,11.60,17378220,202813296.00
2015/07/21,11.41,12.77,11.12,12.77,27772140,340290304.00
2015/07/22,12.89,13.44,12.11,13.24,30567080,390765472.00
2015/07/23,13.53,14.09,13.05,13.52,25304665,348105536.00
2015/07/24,13.42,14.09,12.77,12.99,19896448,269736032.00
2015/07/27,11.95,13.38,11.69,11.69,25904393,323012128.00
2015/07/28,10.76,11.78,10.52,11.00,24419236,269816992.00
2015/07/29,11.30,11.69,10.24,11.62,19031226,209951840.00
2015/07/30,11.22,11.83,10.84,10.96,16665990,191570416.00
2015/07/31,10.64,11.24,10.49,10.77,11188531,121778264.00
2015/08/03,10.54,11.37,10.44,11.30,20147054,219380592.00
2015/08/04,11.44,12.44,11.00,12.43,29616775,346819776.00
2015/08/05,12.34,12.48,11.71,11.99,22330809,271261760.00
2015/08/06,11.60,12.15,11.54,12.04,11678823,140107312.00
2015/08/07,12.09,13.25,12.01,13.25,28918635,370237760.00
2015/08/10,13.25,14.04,12.99,13.74,38603846,522661984.00
2015/08/11,13.64,13.89,13.33,13.52,29472781,402368928.00
2015/08/12,13.20,14.58,13.17,13.99,30674426,433776352.00
2015/08/13,13.99,15.40,13.84,15.40,35822484,522777888.00
2015/08/14,15.84,16.95,15.84,16.95,21510791,356290944.00
2015/08/17,17.23,18.65,16.89,17.71,53223692,960201728.00
2015/08/18,17.40,17.90,15.93,15.93,34196994,568405568.00
2015/08/19,14.77,16.48,14.33,16.01,31785337,477247680.00
2015/08/20,15.33,16.14,14.54,14.62,22138673,340976960.00
2015/08/21,14.25,14.82,13.28,13.50,18558054,260819808.00
2015/08/24,12.91,12.91,12.14,12.14,6320700,77673768.00
2015/08/25,10.92,11.32,10.92,10.92,11573357,127541136.00
2015/08/26,10.92,11.51,9.82,9.82,18318626,194111696.00
2015/08/27,10.17,10.81,9.55,10.81,17098617,177130768.00
2015/08/28,11.24,11.90,11.04,11.90,21432442,250030528.00
2015/08/31,11.75,12.79,11.44,11.67,18454181,226222464.00
2015/09/01,11.85,11.85,10.50,10.50,15163592,166497184.00
2015/09/02,9.74,11.38,9.62,10.00,12574784,131984888.00
2015/09/07,10.44,10.93,10.13,10.43,11039836,117072504.00
2015/09/08,10.33,11.48,10.14,11.48,12198700,133812200.00
2015/09/09,11.92,12.33,11.60,12.24,15784242,191195744.00
2015/09/10,11.82,12.82,11.74,12.21,16542683,203840288.00
2015/09/11,12.20,12.86,11.96,12.81,16065500,202659696.00
2015/09/14,13.34,13.71,11.52,11.52,24098930,307190784.00
2015/09/15,10.57,11.37,10.36,10.36,14884722,161018784.00
2015/09/16,10.74,11.40,10.46,11.40,14466272,160067232.00
2015/09/17,11.64,12.40,11.44,11.47,20349686,244589808.00
2015/09/18,11.65,12.62,11.65,12.62,17821577,217010736.00
2015/09/21,12.54,13.12,12.23,13.09,21146323,268239904.00
2015/09/22,12.94,13.10,12.54,12.70,16454372,211329520.00
2015/09/23,12.24,12.63,12.02,12.22,13890442,172006080.00
2015/09/24,12.27,12.89,12.09,12.84,14230951,178522048.00
2015/09/25,12.84,13.49,12.25,12.59,18663100,242033680.00
2015/09/28,12.46,12.81,12.11,12.75,10627406,133608824.00
2015/09/29,12.24,12.44,12.05,12.12,9115774,112296128.00
2015/09/30,12.12,12.37,11.94,12.00,7487335,91110960.00
2015/10/08,12.54,12.83,12.26,12.65,10581462,133914520.00
2015/10/09,12.62,13.24,12.46,12.94,12297107,158857680.00
2015/10/12,12.95,13.77,12.82,13.44,22791776,303876928.00
2015/10/13,13.15,13.79,13.04,13.57,16407297,221027008.00
2015/10/14,13.43,13.92,13.04,13.06,14261987,191350352.00
2015/10/15,12.88,13.69,12.86,13.61,18308084,246214800.00
2015/10/16,13.82,13.86,13.29,13.72,16467785,224787552.00
2015/10/19,13.94,14.27,13.44,13.75,17778673,247466384.00
2015/10/20,13.78,13.88,13.33,13.80,12209642,166669568.00
2015/10/21,13.82,14.11,12.41,12.41,20267266,272117216.00
2015/10/22,12.22,12.90,11.76,12.76,19705429,245855728.00
2015/10/23,12.79,13.14,12.57,12.92,19472447,250775776.00
2015/10/26,13.13,13.24,12.82,12.95,13293013,174200144.00
2015/10/27,12.74,12.94,12.01,12.79,13527727,169596352.00
2015/10/28,12.72,13.78,12.60,13.14,20876119,279131200.00
2015/10/29,13.14,13.73,13.02,13.54,18516530,250572944.00
2015/10/30,13.45,14.13,13.32,13.79,23389630,325282240.00
2015/11/02,13.44,14.37,13.44,13.62,19654673,275535232.00
2015/11/03,13.62,13.91,12.94,13.56,16336360,221718688.00
2015/11/04,13.64,14.70,13.56,14.68,24901332,355954784.00
2015/11/05,14.68,15.29,14.11,14.22,33586300,489871072.00
2015/11/06,14.15,14.69,14.14,14.50,25991305,375785376.00
2015/11/09,14.30,14.74,14.14,14.35,17118969,247139520.00
2015/11/10,14.16,14.44,13.82,14.39,17108306,243401440.00
2015/11/11,14.29,14.87,14.06,14.84,21856889,318053280.00
2015/11/12,15.44,15.63,14.17,14.63,17744990,264193664.00
2015/11/13,14.44,14.92,13.79,14.59,18249097,260456992.00
2015/11/16,14.44,15.14,14.17,15.07,21133521,314433952.00
2015/11/17,15.09,15.59,14.81,14.98,21567847,329315936.00
2015/11/18,15.03,15.24,14.73,15.03,17305820,260804448.00
2015/11/19,14.83,15.91,14.75,15.88,23364222,361383776.00
2015/11/20,15.94,16.40,15.65,16.36,24653690,398286400.00
2015/11/23,17.21,17.21,15.79,16.20,20264351,332190816.00
2015/11/24,16.07,16.07,15.47,15.95,9988133,158517456.00
2015/11/25,15.95,16.09,15.75,15.90,10480000,167058528.00
2015/11/26,15.94,16.20,15.72,16.08,11975580,192113424.00
2015/11/27,15.92,16.07,14.47,15.08,14997558,230985568.00
2015/11/30,15.04,15.32,14.21,14.97,19093332,280224064.00
2015/12/01,14.84,15.07,14.62,14.98,9121173,136183984.00
2015/12/02,14.98,15.22,14.34,14.99,11643997,173496416.00
2015/12/03,14.88,16.50,14.88,16.50,36871527,589335168.00
2015/12/04,16.42,16.87,16.24,16.71,29401954,488424000.00
2015/12/07,16.74,16.86,16.41,16.81,19900453,332004672.00
2015/12/08,16.59,17.19,16.14,16.59,28358591,477203552.00
2015/12/09,16.13,17.04,15.89,16.42,23227908,384587488.00
2015/12/10,15.96,16.09,15.21,15.41,24205597,380525344.00
2015/12/11,15.34,16.32,14.63,15.71,15942231,240717504.00
2015/12/14,15.19,15.93,15.19,15.80,11137847,174764064.00
2015/12/15,15.80,15.91,15.51,15.58,10096418,159074128.00
2015/12/16,15.64,15.89,15.50,15.65,11470673,180196592.00
2015/12/17,15.74,16.14,15.65,15.87,17485623,278259136.00
2015/12/18,15.85,15.99,15.56,15.66,9388252,148387824.00
2015/12/21,15.47,15.60,15.22,15.37,9368960,144361984.00
2015/12/22,15.36,16.01,15.24,15.79,12579735,197724240.00
2015/12/23,15.79,16.17,15.54,15.93,14589327,232861104.00
2015/12/24,15.89,16.20,15.65,15.92,10800862,172486592.00
2015/12/25,16.09,16.41,15.89,16.32,17066900,277172544.00
2015/12/28,16.29,16.39,15.33,15.64,18248904,290993504.00
2015/12/29,15.44,15.64,15.34,15.52,8104731,126043080.00
2015/12/30,15.54,15.70,15.16,15.28,12006784,185368032.00
2015/12/31,15.29,15.38,14.88,14.90,8334798,127002408.00
2016/01/04,14.77,14.87,13.44,13.46,9780200,139037760.00
2016/01/05,12.59,13.48,12.24,13.34,12279904,159965584.00
2016/01/06,13.55,13.93,13.24,13.57,7598836,102950984.00
2016/01/07,13.31,13.54,12.21,12.48,2034528,25807004.00
2016/01/08,13.06,13.17,12.34,13.01,8726532,112845048.00
2016/01/11,12.72,12.90,11.70,12.22,7823570,97251424.00
2016/01/12,12.02,12.32,11.72,12.27,6188567,75430520.00
2016/01/13,12.27,12.54,11.45,11.47,4858413,59517288.00
2016/01/14,10.84,11.94,10.54,11.80,5998249,68611488.00
2016/01/15,11.64,11.91,11.05,11.37,6202279,70808048.00
2016/01/18,11.15,12.14,10.83,12.01,13029626,149016720.00
2016/01/19,11.90,12.39,11.64,12.33,10377638,125925480.00
2016/01/20,12.02,12.57,11.86,12.45,11723229,145000880.00
2016/01/21,12.39,12.80,11.82,12.34,11600907,143188016.00
2016/01/22,12.22,12.56,11.95,12.36,8685202,107416216.00
2016/01/25,12.64,13.20,12.36,13.12,18659281,238813456.00
2016/01/26,12.89,13.34,11.80,11.85,17309864,218933776.00
2016/01/27,11.90,12.51,11.24,12.36,15448928,184775056.00
2016/01/28,12.15,12.55,12.02,12.38,13364379,165346016.00
2016/01/29,12.31,12.89,12.11,12.71,14033660,176268784.00
2016/02/01,12.44,12.77,12.14,12.62,12953197,162742016.00
2016/02/02,12.56,12.87,12.54,12.72,15833267,201841136.00
2016/02/03,12.44,12.55,12.19,12.50,8068469,100247520.00
2016/02/04,12.65,13.29,12.54,12.99,22079480,286036736.00
2016/02/05,12.93,13.35,12.75,13.29,19596740,257411984.00
2016/02/15,12.87,13.54,12.79,13.35,12940302,171999936.00
2016/02/16,13.49,13.68,13.27,13.49,16172771,219311600.00
2016/02/17,13.39,14.42,13.19,13.92,27108133,376285504.00
2016/02/18,13.96,14.07,13.44,13.46,13925506,191313984.00
2016/02/19,13.44,13.59,13.24,13.56,12307205,166506224.00
2016/02/22,13.64,14.03,13.51,13.63,17661969,243119296.00
2016/02/23,13.54,13.79,13.13,13.45,11492742,155328512.00
2016/02/24,13.34,13.75,13.08,13.49,13374003,180688976.00
2016/02/25,13.39,13.42,12.14,12.46,16609872,211471584.00
2016/02/26,12.50,12.94,12.29,12.78,15665514,199512448.00
2016/02/29,12.69,12.74,11.50,11.84,14551101,172423376.00
2016/03/01,11.90,12.32,11.72,12.28,14740863,179025360.00
2016/03/02,12.28,12.79,12.15,12.56,26343858,329941056.00
2016/03/03,12.39,12.67,12.21,12.30,15109492,189509568.00
2016/03/04,12.21,12.46,11.44,12.15,13457093,162876720.00
2016/03/07,12.32,12.64,12.14,12.46,16625689,207258352.00
2016/03/08,12.43,12.75,11.96,12.58,15776397,197736432.00
2016/03/09,12.31,12.88,11.94,12.70,19872711,250088064.00
2016/03/10,12.60,12.86,12.37,12.44,20033390,253616080.00
2016/03/11,12.21,12.66,11.98,12.56,15405809,189861168.00
2016/03/14,12.64,12.83,12.46,12.63,22698331,288212480.00
2016/03/15,12.44,12.69,12.25,12.64,15669743,196406960.00
2016/03/16,12.68,12.73,12.14,12.55,20991472,262834608.00
2016/03/17,12.42,12.74,12.38,12.69,21408116,270150112.00
2016/03/18,12.63,13.02,12.57,12.89,23320144,299204256.00
2016/03/21,12.92,13.07,12.75,12.98,19823713,257569584.00
2016/03/22,12.85,12.99,12.65,12.69,13648393,176177488.00
2016/03/23,12.74,12.74,12.39,12.60,11386536,143291056.00
2016/03/24,12.48,12.81,12.39,12.40,11072526,140579936.00
2016/03/25,12.25,12.45,12.16,12.44,8555421,105848832.00
2016/03/28,12.45,12.61,12.24,12.26,7450397,92973120.00
2016/03/29,12.26,12.28,11.74,11.83,6943756,83674792.00
2016/03/30,11.94,12.12,11.84,12.11,7246591,87343200.00
2016/03/31,12.17,12.39,12.08,12.19,7771170,95665440.00
2016/04/01,12.52,12.67,12.17,12.64,20557923,257107696.00
2016/04/05,12.44,12.77,12.43,12.69,14088013,179054768.00
2016/04/06,12.56,13.02,12.54,12.77,15081071,194960224.00
2016/04/07,12.94,12.97,12.37,12.39,11081208,139749856.00
2016/04/08,12.23,12.36,12.14,12.30,5811026,71384432.00
2016/04/11,12.34,12.53,12.34,12.43,6456564,80754224.00
2016/04/12,12.33,12.34,11.96,12.25,8163758,99705328.00
2016/04/13,12.29,12.58,12.25,12.41,9515432,118879848.00
2016/04/14,12.52,12.52,12.20,12.37,10284631,127352080.00
2016/04/15,12.35,12.47,12.23,12.43,8307867,103035440.00
2016/04/18,12.45,13.08,12.45,12.85,23327118,300175168.00
2016/04/19,12.76,13.01,12.64,12.75,12680795,162951296.00
2016/04/20,12.79,12.84,11.77,11.99,13662135,168259040.00
2016/04/21,11.93,12.23,11.79,11.81,9994215,120263480.00
2016/04/22,11.74,12.02,11.67,11.85,4876449,58069040.00
2016/04/25,12.01,12.31,11.98,12.13,11346319,138177344.00
2016/04/26,12.14,12.20,11.86,12.19,7002735,85002592.00
2016/04/27,12.09,12.28,11.99,12.03,6291165,76908600.00
2016/04/28,12.08,12.39,11.87,12.34,9295482,113460712.00
2016/04/29,12.20,12.39,12.12,12.24,7214546,89047432.00
2016/05/03,12.29,12.58,12.19,12.49,12988699,161637312.00
2016/05/04,12.37,12.56,12.36,12.47,7936647,99380576.00
2016/05/05,12.44,12.53,12.30,12.44,5099204,63593952.00
2016/05/06,12.94,13.55,12.57,12.60,42005200,547937216.00
2016/05/09,12.34,12.34,11.33,11.33,21101698,246682096.00
2016/05/10,11.22,11.35,10.79,10.90,13863290,153048704.00
2016/05/11,10.99,11.03,10.56,10.69,9451115,102283856.00
2016/05/12,10.50,10.53,10.11,10.44,9400913,97535112.00
2016/05/13,10.41,10.55,10.27,10.35,5940046,62246852.00
2016/05/16,10.20,10.52,10.18,10.50,6045826,63475564.00
2016/05/17,10.49,10.61,10.34,10.44,7513294,79231800.00
2016/05/18,10.26,10.43,9.82,9.89,9719761,97981152.00
2016/05/19,9.91,10.11,9.91,9.96,5750021,57949848.00
2016/05/20,9.85,10.07,9.80,10.02,5374054,53841480.00
2016/05/23,10.02,10.18,10.00,10.17,5878331,59768500.00
2016/05/24,10.15,10.15,9.92,9.96,5332585,53664072.00
2016/05/25,10.08,10.12,9.90,10.01,4391350,44183656.00
2016/05/26,10.06,10.09,9.76,10.01,4936440,49259800.00
2016/05/27,10.00,10.04,9.91,10.00,4180257,41987772.00
2016/05/30,9.92,10.02,9.79,9.94,3585943,35792668.00
2016/05/31,10.07,10.59,10.05,10.50,13943267,145625824.00
2016/06/01,10.38,10.52,10.36,10.40,9637896,101059368.00
2016/06/02,10.35,10.49,10.33,10.48,5924914,62104096.00
2016/06/03,10.54,10.62,10.45,10.54,7296477,77281856.00
2016/06/06,10.56,10.61,10.39,10.46,5665010,59621704.00
2016/06/07,10.47,10.62,10.46,10.51,6109579,64706080.00
2016/06/08,10.51,10.56,10.34,10.41,4990708,52349260.00
2016/06/13,10.32,10.33,9.89,9.91,6339464,64548360.00
2016/06/14,9.92,9.98,9.82,9.92,3935055,39186288.00
2016/06/15,9.85,10.23,9.83,10.17,6461397,65652128.00
2016/06/16,10.15,10.66,10.13,10.44,12030128,126206736.00
2016/06/17,10.42,10.53,10.33,10.45,8003959,83892600.00
2016/06/20,10.33,10.41,10.10,10.31,5594635,57681620.00
2016/06/21,10.35,10.51,10.27,10.38,8078947,84451392.00
2016/06/22,10.38,10.46,10.30,10.44,6036220,63162864.00
2016/06/23,10.42,10.45,10.22,10.39,6414182,66669308.00
2016/06/24,10.42,10.46,9.90,10.18,7275178,74970240.00
2016/06/27,10.09,10.39,10.05,10.36,5255894,54418088.00
2016/06/28,10.32,10.89,10.24,10.84,14936878,160394624.00
2016/06/29,11.32,11.93,11.20,11.23,25763849,301045312.00
2016/06/30,11.44,12.31,11.44,11.96,27212992,328501056.00
2016/07/01,11.75,11.99,11.58,11.73,12941792,153386928.00
2016/07/04,11.69,12.91,11.69,12.91,32185124,409063488.00
2016/07/05,13.24,14.21,13.11,13.86,44545572,621326080.00
2016/07/06,13.84,14.41,13.74,14.14,23624388,333976224.00
2016/07/07,14.03,15.56,13.83,14.78,26890670,404212832.00
2016/07/08,15.23,16.24,14.79,16.20,25411800,403706912.00
2016/07/11,16.20,16.78,15.40,15.68,24921712,398223968.00
2016/07/12,15.93,15.93,14.85,15.65,20801593,319659392.00
2016/07/13,15.54,15.63,15.09,15.42,12854682,197902112.00
2016/07/14,15.44,15.58,14.87,15.12,15724017,240081152.00
2016/07/15,15.18,15.51,15.04,15.25,13674043,209911792.00
2016/07/18,15.24,15.25,14.10,14.35,21685910,315097056.00
2016/07/19,14.47,14.52,14.14,14.45,12351792,177880416.00
2016/07/20,14.60,14.82,14.39,14.49,11354610,166583616.00
2016/07/21,14.48,14.65,14.15,14.34,8061194,115878320.00
2016/07/22,14.37,14.91,14.20,14.68,15305051,224581280.00
2016/07/25,14.72,14.84,14.44,14.66,9047351,132767256.00
2016/07/26,14.54,14.79,14.45,14.72,6080629,89522976.00
2016/07/27,14.74,14.93,13.24,13.24,26089642,359336000.00
2016/07/28,13.24,13.31,12.43,13.01,23740560,306197344.00
2016/07/29,12.92,12.97,12.65,12.77,12602712,161995920.00
2016/08/01,12.81,13.02,12.60,12.91,12890336,166417696.00
2016/08/02,12.83,13.28,12.77,13.21,9644406,126487544.00
2016/08/03,13.21,14.14,13.15,13.74,14470205,199606064.00
2016/08/04,13.74,13.86,13.44,13.65,5094556,69479616.00
2016/08/05,13.64,13.73,13.24,13.45,8062357,108927952.00
2016/08/08,13.38,13.55,13.20,13.54,5876006,78934640.00
2016/08/09,13.59,13.85,13.44,13.69,7864229,108123984.00
2016/08/10,13.59,13.83,13.36,13.42,6372685,87217600.00
2016/08/11,13.42,13.52,13.25,13.32,4538411,60880968.00
2016/08/12,13.35,13.67,13.24,13.45,5830421,79045096.00
2016/08/15,13.43,13.74,13.15,13.66,9460998,128361808.00
2016/08/16,13.69,14.11,13.57,14.02,9730431,135282240.00
2016/08/17,13.96,14.10,13.71,13.89,5787684,80536704.00
2016/08/18,13.89,14.89,13.78,14.36,14816194,214265728.00
2016/08/19,14.33,14.77,14.19,14.37,8852131,128593536.00
2016/08/22,14.32,14.37,13.81,13.88,8598616,120677616.00
2016/08/23,13.88,14.09,13.74,14.00,5308185,74141008.00
2016/08/24,14.12,14.78,14.08,14.40,12593040,183085120.00
2016/08/25,13.99,14.56,13.76,14.52,9284198,131593072.00
2016/08/26,14.52,14.60,14.25,14.29,7176093,104030704.00
2016/08/29,14.14,14.23,13.84,14.00,5663081,79370888.00
2016/08/30,13.98,14.08,13.89,13.99,3470816,48674624.00
2016/08/31,13.93,14.02,13.74,13.76,5738824,79665808.00
2016/09/01,13.82,13.92,13.48,13.53,6204145,84935808.00
2016/09/02,13.46,13.62,13.46,13.54,2899279,39444648.00
2016/09/05,13.55,13.80,13.55,13.65,4601717,63245412.00
2016/09/06,13.64,13.76,13.49,13.74,5650987,77263280.00
2016/09/07,13.74,13.76,13.55,13.61,5742835,78814904.00
2016/09/08,13.60,13.74,13.60,13.66,2592865,35607788.00
2016/09/09,13.64,14.84,13.62,14.51,18703877,269749792.00
2016/09/12,14.18,14.49,13.80,13.84,12229408,173699600.00
2016/09/13,13.85,14.08,13.70,13.86,6202087,86352944.00
2016/09/14,13.84,13.84,13.33,13.35,5888767,79818088.00
2016/09/19,13.37,13.58,13.34,13.43,5070147,68539360.00
2016/09/20,13.43,13.47,13.04,13.19,4476584,59534000.00
2016/09/21,13.20,13.33,13.15,13.22,2971299,39565172.00
2016/09/22,13.25,13.49,13.25,13.27,2936485,39405048.00
2016/09/23,13.39,13.48,13.27,13.38,3266239,43914568.00
2016/09/26,13.34,13.49,12.04,13.17,3889381,52183432.00
2016/09/27,12.96,13.42,12.96,13.31,4603594,61347100.00
2016/09/28,13.17,13.73,13.15,13.48,6413781,86862168.00
2016/09/29,13.34,13.46,13.22,13.25,3967941,53210400.00
2016/09/30,13.44,13.50,13.26,13.36,1903193,25611844.00
2016/10/10,14.12,14.29,13.64,13.82,10533920,147089552.00
2016/10/11,13.82,13.94,13.55,13.76,7732667,106694320.00
2016/10/12,13.76,14.44,13.74,14.28,17786924,252149952.00
2016/10/13,14.22,14.26,13.99,14.09,8780351,124518200.00
2016/10/14,14.01,14.07,13.76,13.90,6328159,88078400.00
2016/10/17,13.93,14.01,13.62,13.67,4994988,69391344.00
2016/10/18,13.64,13.87,13.55,13.86,4940625,67983696.00
2016/10/19,13.82,13.90,13.72,13.78,3999587,55404904.00
2016/10/20,13.78,13.83,13.58,13.64,6327074,86750528.00
2016/10/21,13.64,13.72,13.41,13.47,4316135,58696800.00
2016/10/24,13.51,13.63,13.45,13.56,3825140,52029296.00
2016/10/25,13.56,13.77,13.54,13.75,5912932,81204904.00
2016/10/26,13.72,13.75,13.44,13.51,5682399,77253744.00
2016/10/27,13.54,13.54,13.13,13.22,8055196,107178464.00
2016/10/28,13.16,13.31,12.95,12.98,5968582,78744656.00
2016/10/31,13.01,13.17,12.94,13.09,4019177,52795112.00
2016/11/01,13.12,13.18,13.04,13.18,4299301,56638736.00
2016/11/02,13.17,13.22,13.06,13.12,3222033,42560216.00
2016/11/03,13.12,13.25,13.08,13.15,3588667,47538308.00
2016/11/04,13.17,13.28,13.07,13.11,3332936,44092704.00
2016/11/07,13.12,13.41,13.08,13.34,5550241,73936392.00
2016/11/08,13.42,13.44,13.24,13.31,3564893,47633700.00
2016/11/09,13.34,13.40,13.15,13.23,5040514,67214528.00
2016/11/10,13.31,13.50,13.30,13.43,7171707,96628160.00
2016/11/11,13.46,13.83,13.37,13.79,12130125,166170000.00
2016/11/14,13.73,13.89,13.48,13.60,9561297,131014528.00
2016/11/15,13.60,13.79,13.56,13.68,6308460,86789264.00
2016/11/16,13.67,13.74,13.55,13.59,3955273,54091364.00
2016/11/17,13.55,13.70,13.45,13.63,4383973,59752088.00
2016/11/18,13.66,13.66,13.42,13.43,4160300,56490424.00
2016/11/21,13.43,13.70,13.39,13.63,4959338,67761984.00
2016/11/22,13.59,13.86,13.56,13.82,8363841,115433184.00
2016/11/23,13.84,13.90,13.59,13.62,5420756,74724344.00
2016/11/24,13.57,14.41,13.57,14.14,18459579,261288928.00
2016/11/25,13.99,14.10,13.69,13.97,9452356,131886528.00
2016/11/28,13.98,14.22,13.82,14.16,11194647,157643552.00
2016/11/29,14.24,14.30,13.83,13.87,9403679,132512608.00
2016/11/30,13.76,14.02,13.60,13.95,6663635,92336000.00
2016/12/01,13.97,13.98,13.80,13.82,4092261,56944144.00
2016/12/02,13.84,13.85,13.20,13.25,7414164,100615632.00
2016/12/05,13.09,13.31,12.97,13.15,3763193,49635552.00
2016/12/06,13.14,13.34,12.99,13.02,3990916,52716424.00
2016/12/07,13.04,13.21,13.01,13.16,3606308,47512300.00
2016/12/08,13.20,13.26,13.08,13.13,4394654,58074056.00
2016/12/09,13.17,13.25,13.02,13.21,4732900,62432332.00
2016/12/12,13.21,13.21,12.29,12.36,7086400,90620528.00
2016/12/13,12.37,12.52,12.32,12.42,3460315,43183316.00
2016/12/14,12.51,12.90,12.42,12.61,6596009,84103168.00
2016/12/15,12.54,12.77,12.47,12.59,3543053,44856656.00
2016/12/16,12.59,12.80,12.54,12.73,2900273,37079024.00
2016/12/19,12.73,13.11,12.64,12.84,5034681,65078204.00
2016/12/20,12.82,13.02,12.72,12.81,3652468,47168780.00
2016/12/21,12.83,13.02,12.83,12.98,3293743,42734792.00
2016/12/22,12.99,13.39,12.98,13.23,7188839,95284800.00
2016/12/23,13.20,13.33,12.92,12.98,4240577,55644008.00
2016/12/26,12.92,12.92,12.66,12.89,3204248,41154928.00
2016/12/27,12.95,13.24,12.84,13.13,5346041,70172552.00
2016/12/28,13.12,13.12,12.90,13.04,3645230,47577056.00
2016/12/29,13.03,13.04,12.75,12.76,3795294,48936552.00
2016/12/30,12.79,13.21,12.79,13.06,6265943,82258384.00
2017/01/03,13.06,13.26,13.01,13.23,5454968,71947752.00
2017/01/04,13.22,13.32,13.06,13.24,5341709,70854848.00
2017/01/05,13.22,13.62,13.15,13.42,9748016,131929320.00
2017/01/06,13.46,13.72,13.27,13.61,8516067,115565376.00
2017/01/09,13.62,13.99,13.54,13.61,9348151,128940552.00
2017/01/10,13.61,13.91,13.29,13.77,8983845,122932240.00
2017/01/11,13.80,13.80,13.30,13.41,6852405,92701040.00
2017/01/12,13.29,13.37,13.06,13.17,6095770,80945416.00
2017/01/13,13.20,13.28,12.63,12.64,4693301,61088200.00
2017/01/16,12.64,12.74,11.61,12.05,6064647,74513416.00
2017/01/17,11.92,12.24,11.84,12.19,3576515,43639768.00
2017/01/18,12.22,12.26,12.04,12.10,2256401,27516456.00
2017/01/19,12.10,12.10,11.75,11.77,3475775,41491012.00
2017/01/20,11.79,12.01,11.67,11.98,2518160,30165218.00
2017/01/23,11.98,12.22,11.94,12.14,2245391,27298800.00
2017/01/24,12.06,12.21,12.06,12.19,1893392,23132508.00
2017/01/25,12.25,12.28,11.94,12.03,3764745,45483660.00
2017/01/26,11.97,12.19,11.97,12.15,2202473,26843796.00
2017/02/03,12.22,12.28,12.04,12.27,2198905,26900980.00
2017/02/06,12.23,12.23,11.20,11.68,28430121,327818752.00
2017/02/07,11.51,11.58,11.42,11.52,14011760,161693744.00
2017/02/08,11.52,11.74,11.49,11.70,14085131,164315456.00
2017/02/09,11.69,11.82,11.61,11.77,10338109,121525328.00
2017/02/10,11.72,11.94,11.72,11.79,7255197,86008072.00
2017/02/13,11.77,11.86,11.72,11.82,6460089,76523824.00
2017/02/14,11.86,12.09,11.80,11.98,10879566,130810736.00
2017/02/15,11.96,12.22,11.84,11.99,9455173,114331584.00
2017/02/16,11.86,12.22,11.86,12.20,11388425,137183712.00
2017/02/17,12.25,12.50,12.00,12.27,14125895,174176464.00
2017/02/20,12.19,12.33,12.10,12.24,10347371,126824448.00
2017/02/21,12.27,12.62,12.26,12.38,13760153,171936080.00
2017/02/22,12.32,12.42,12.26,12.40,7918743,98121928.00
2017/02/23,12.38,12.38,12.17,12.27,9009585,111036472.00
2017/02/24,12.36,12.68,12.29,12.33,12343195,154117344.00
2017/02/27,12.26,12.34,12.16,12.21,7476059,91984336.00
2017/02/28,12.17,12.41,12.16,12.38,8525071,105499808.00
2017/03/01,12.38,12.54,12.28,12.43,9724807,121217744.00
2017/03/02,12.37,12.47,12.22,12.24,6210261,77043944.00
2017/03/03,12.20,12.36,12.17,12.34,5614167,69319352.00
2017/03/06,12.34,12.39,12.25,12.39,8140217,100969632.00
2017/03/07,12.39,12.47,12.31,12.37,5398248,67019396.00
2017/03/08,12.34,12.39,12.27,12.33,6658205,82464728.00
2017/03/09,12.31,12.31,11.99,12.02,9313630,113300632.00
2017/03/10,12.00,12.05,11.84,11.91,7106368,85116688.00
2017/03/13,11.89,12.05,11.79,12.02,4251668,51025484.00
2017/03/14,12.05,12.09,11.94,12.05,3957091,47758552.00
2017/03/15,12.02,12.03,11.91,11.94,3754770,45133952.00
2017/03/16,11.99,12.17,11.97,12.16,5428359,65928884.00
2017/03/17,12.13,12.47,12.11,12.33,14186467,175990976.00
2017/03/20,12.37,12.49,12.23,12.38,10346597,128495736.00
2017/03/21,12.38,12.51,12.30,12.50,8844638,110368272.00
2017/03/22,12.38,12.69,12.37,12.57,9339603,117820312.00
2017/03/23,12.61,12.65,12.28,12.40,9097834,113601744.00
2017/03/24,12.34,12.48,12.10,12.18,10119876,124430192.00
2017/03/27,12.18,12.39,12.13,12.38,7719060,95321072.00
2017/03/28,12.36,12.46,12.26,12.36,6022886,74840128.00
2017/03/29,12.34,12.54,12.20,12.39,10843992,134988320.00
2017/03/30,12.31,12.39,11.86,11.88,14515716,175920288.00
2017/03/31,11.93,12.07,11.86,11.98,4270462,51231488.00
2017/04/05,11.98,12.11,11.90,12.10,6585942,79442488.00
2017/04/06,12.08,13.14,12.07,12.85,28888290,368482048.00
2017/04/07,12.85,13.36,12.78,13.23,29723941,391822752.00
2017/04/10,13.17,13.39,13.03,13.28,19387727,257342752.00
2017/04/11,13.23,13.34,12.99,13.28,13109712,173847600.00
2017/04/12,13.24,13.98,13.08,13.62,25707336,353164128.00
2017/04/13,13.56,13.97,13.43,13.71,13708469,188966720.00
2017/04/14,13.76,14.24,13.48,13.69,28061589,391274560.00
2017/04/17,13.63,13.71,13.24,13.41,16075567,216903376.00
2017/04/18,13.54,13.78,13.28,13.53,12542498,170592512.00
2017/04/19,13.42,13.47,12.97,13.17,15162218,200105024.00
2017/04/20,13.17,13.69,13.09,13.61,16344289,219306560.00
2017/04/21,13.49,13.59,13.04,13.09,9613673,128572904.00
2017/04/24,13.02,13.03,12.02,12.16,21085363,263659424.00
2017/04/25,12.06,12.41,11.93,12.18,9335194,113974592.00
2017/04/26,12.15,12.42,12.12,12.35,5754585,71205288.00
2017/04/27,12.35,12.91,12.19,12.77,10797477,136778000.00
2017/04/28,12.75,12.92,12.65,12.84,6120205,78569696.00
2017/05/02,12.80,12.80,12.47,12.68,8548185,108368072.00
2017/05/03,12.64,12.71,12.43,12.53,6836462,86151024.00
2017/05/04,12.46,12.52,12.09,12.16,8823820,108910176.00
2017/05/05,12.19,12.38,12.14,12.25,8530219,105217976.00
2017/05/08,12.07,12.07,11.34,11.37,15268968,178858464.00
2017/05/09,11.34,11.68,11.24,11.57,9458820,109041672.00
2017/05/10,11.58,11.62,11.12,11.13,8242300,94337272.00
2017/05/11,10.99,11.42,10.87,11.40,7591381,84786664.00
2017/05/12,11.37,11.44,11.20,11.38,4433700,50395872.00
2017/05/15,11.44,11.44,11.14,11.20,3771615,42677180.00
2017/05/16,11.13,11.48,10.90,11.43,8338890,93345752.00
2017/05/17,11.35,11.62,11.33,11.46,6702452,77202680.00
2017/05/18,11.30,11.41,11.08,11.11,7663198,86652456.00
2017/05/19,11.15,11.26,11.06,11.18,4557000,51089500.00
2017/05/22,11.15,11.20,10.63,10.73,8685734,95292216.00
2017/05/23,10.64,10.82,10.17,10.26,8510846,89636632.00
2017/05/24,10.24,10.44,10.07,10.42,5801042,60003772.00
2017/05/25,10.34,10.61,10.24,10.60,5873905,61659696.00
2017/05/26,10.55,10.72,10.52,10.54,4204755,44832564.00
2017/05/31,10.72,10.79,10.51,10.57,4481002,47863848.00
2017/06/01,10.52,10.57,10.24,10.37,4413157,46230596.00
2017/06/02,10.36,10.55,10.16,10.52,4407355,45843088.00
2017/06/05,10.66,10.69,10.53,10.66,3812127,40662088.00
2017/06/06,10.59,10.72,10.56,10.71,2836776,30402592.00
2017/06/07,10.64,10.91,10.64,10.89,6458311,70185448.00
2017/06/08,10.86,10.91,10.73,10.84,6139102,66720960.00
2017/06/09,10.82,11.09,10.78,11.03,7422001,81709264.00
2017/06/12,11.05,11.28,10.75,10.85,8319260,92268296.00
2017/06/13,10.80,11.06,10.74,10.99,5197066,57202788.00
2017/06/14,11.16,11.39,11.05,11.09,8016216,90105192.00
2017/06/15,11.10,11.31,11.04,11.22,6798563,76299776.00
2017/06/16,11.14,11.24,11.09,11.18,4851110,54431508.00
2017/06/19,11.18,11.28,11.06,11.28,4860266,54768504.00
2017/06/20,11.27,11.34,11.18,11.21,4247553,48116164.00
2017/06/21,11.21,11.42,11.12,11.32,6905057,78343720.00
2017/06/22,11.24,11.32,10.95,11.04,7413460,82984184.00
2017/06/23,11.51,11.93,11.10,11.33,18937223,218275200.00
2017/06/26,11.21,11.42,11.13,11.40,9981689,113336120.00
2017/06/27,11.44,11.72,11.35,11.52,12240391,142104992.00
2017/06/28,11.48,11.51,11.34,11.43,6837631,78415216.00
2017/06/29,11.44,11.58,11.38,11.48,6442844,74255864.00
2017/06/30,11.47,11.62,11.39,11.58,7244201,83817952.00
2017/07/03,11.60,11.87,11.55,11.75,8682569,102143152.00
2017/07/04,11.74,12.00,11.70,11.82,8677708,103381280.00
2017/07/05,11.82,11.93,11.71,11.92,7034264,83486488.00
2017/07/06,11.94,12.17,11.86,12.12,11754439,142101904.00
2017/07/07,12.14,12.28,11.95,12.23,11011294,134179672.00
2017/07/10,12.45,13.01,12.32,12.43,23420298,296296960.00
2017/07/11,12.28,13.42,12.22,12.76,29736379,382707936.00
2017/07/12,12.71,13.43,12.69,13.27,31082304,409368416.00
2017/07/13,13.24,13.81,12.96,13.18,31719497,425718144.00
2017/07/14,13.20,13.48,12.88,13.21,24930820,327121088.00
2017/07/17,13.24,13.29,12.30,12.59,30561492,392741696.00
2017/08/02,12.59,12.59,12.59,12.59,0,0.00
数据来源:通达信
