600694 大商股份 日线 前复权
      日期	    开盘	    最高	    最低	    收盘	    成交量	    成交额
2010/10/08,53.34,55.04,53.03,53.04,4699855,275427104.00
2010/10/11,53.03,53.29,47.54,49.99,8850473,487905248.00
2010/10/12,49.34,50.05,47.99,48.74,5731279,306925696.00
2010/10/13,48.47,49.04,47.87,48.96,6103729,325840416.00
2010/10/14,49.04,49.37,46.44,46.99,6391745,336734784.00
2010/10/15,47.00,48.89,46.03,47.98,5038069,265297744.00
2010/10/18,48.04,48.19,45.35,47.83,7196114,367880832.00
2010/10/19,47.64,50.84,46.67,50.09,5152669,278236896.00
2010/10/20,49.14,52.24,49.04,50.99,6340980,354076480.00
2010/10/21,50.99,51.23,48.34,48.76,4699674,255444976.00
2010/10/22,48.42,49.49,47.82,47.98,2306961,123720848.00
2010/10/25,47.92,49.64,47.42,49.02,3757694,201245280.00
2010/10/26,48.84,48.84,46.84,47.20,6077881,319092000.00
2010/10/27,46.95,48.66,46.94,48.60,2531056,133119808.00
2010/10/28,48.63,51.01,48.61,49.24,5087766,279364480.00
2010/10/29,49.54,50.79,48.29,50.57,2593284,141887728.00
2010/11/01,51.04,53.44,50.89,53.20,3877453,224484208.00
2010/11/02,53.14,53.24,51.84,52.32,2869712,165088848.00
2010/11/03,52.02,53.04,51.04,52.83,2502594,142282448.00
2010/11/04,52.53,53.72,52.04,52.59,1972482,113729640.00
2010/11/05,52.44,53.26,51.02,52.85,2907252,166100784.00
2010/11/08,52.95,53.19,50.73,51.63,4716309,265062992.00
2010/11/09,51.34,51.44,49.92,50.23,3825293,212104176.00
2010/11/10,50.54,53.84,49.84,53.48,6155502,350885472.00
2010/11/11,52.85,53.94,52.34,52.80,3387238,197192304.00
2010/11/12,52.34,52.48,50.04,50.97,3339016,186239520.00
2010/11/15,50.99,53.72,48.81,53.70,4078192,234107808.00
2010/11/16,53.74,56.44,51.20,52.91,4113440,243710608.00
2010/11/17,52.27,52.74,49.55,49.90,1765732,99945312.00
2010/11/18,50.09,51.11,47.54,50.57,1475719,80011360.00
2010/11/19,50.59,51.54,48.55,51.27,1263770,69243048.00
2010/11/22,50.92,51.70,49.29,49.65,3034924,167473168.00
2010/11/23,49.44,49.66,47.94,48.03,2811442,150366240.00
2010/11/24,47.99,49.29,47.99,48.85,1856152,99744672.00
2010/11/25,48.85,50.44,48.56,50.14,1597831,87332232.00
2010/11/26,49.71,49.84,48.93,49.52,1106207,59981192.00
2010/11/29,49.52,51.24,49.04,49.88,1291738,71482408.00
2010/11/30,49.63,50.32,47.00,48.55,1994118,105801216.00
2010/12/02,48.77,49.78,48.09,48.36,1440106,77735232.00
2010/12/03,48.36,48.54,46.89,47.04,1608705,84294768.00
2010/12/06,47.04,47.43,45.04,47.04,2280730,116506272.00
2010/12/07,46.48,47.84,44.54,47.01,1130872,57403112.00
2010/12/08,46.84,46.84,45.90,46.00,1582609,81039328.00
2010/12/09,45.55,45.55,44.04,44.28,2498087,124851888.00
2010/12/10,44.14,46.54,44.14,45.82,3032128,154002912.00
2010/12/13,46.50,47.62,45.84,47.34,2974214,154737488.00
2010/12/14,47.34,47.77,46.54,46.93,988748,51223408.00
2010/12/15,46.93,47.04,46.06,46.31,971039,49974084.00
2010/12/16,46.24,46.76,45.87,46.02,839461,42896264.00
2010/12/17,45.76,46.44,45.76,46.04,723942,36883400.00
2010/12/20,47.00,47.00,44.84,45.67,988698,50314508.00
2010/12/21,45.68,46.04,44.94,45.42,1327748,66917888.00
2010/12/22,45.43,45.54,43.74,44.15,1995576,98471336.00
2010/12/23,44.22,44.24,42.65,43.19,1839744,88820824.00
2010/12/24,42.84,43.56,42.34,43.07,1277864,61358060.00
2010/12/27,42.98,43.52,41.54,41.71,1671203,79711840.00
2010/12/28,42.04,42.04,40.72,40.91,2066130,95367448.00
2010/12/29,41.64,42.54,40.56,42.05,1092702,51326960.00
2010/12/30,42.15,42.82,40.84,41.17,2105318,98669088.00
2010/12/31,41.04,42.52,40.86,42.43,2640804,122681896.00
2011/01/04,42.24,44.07,41.44,44.05,2816631,133184232.00
2011/01/05,43.59,44.44,42.86,44.26,1594392,77222496.00
2011/01/06,44.05,45.03,43.05,44.25,1582369,77243432.00
2011/01/07,43.54,45.02,43.34,43.77,1197598,59054112.00
2011/01/10,43.82,44.04,42.09,42.45,1408627,67016748.00
2011/01/11,42.13,43.04,41.51,42.29,1284479,60547628.00
2011/01/12,42.32,42.47,41.24,41.82,1055422,49366212.00
2011/01/13,41.95,43.09,41.34,42.79,971386,46064408.00
2011/01/14,42.64,43.34,42.14,42.66,1061953,50659576.00
2011/01/17,41.98,44.29,40.84,41.83,2012125,96320168.00
2011/01/18,41.01,43.02,40.85,42.26,1443565,66635568.00
2011/01/19,42.04,43.84,41.54,43.83,2380294,114371152.00
2011/01/20,43.85,43.85,41.86,42.35,1448375,69251936.00
2011/01/21,42.54,43.01,41.05,41.25,1706435,79973224.00
2011/01/24,40.84,41.33,37.04,38.93,2622349,115049976.00
2011/01/25,38.77,38.78,35.20,36.49,4512331,187319136.00
2011/01/26,36.07,37.22,35.84,37.02,2359020,98228144.00
2011/01/27,37.05,38.00,35.86,37.66,2784996,116664560.00
2011/01/28,37.40,38.04,37.09,37.84,1733418,73963440.00
2011/01/31,37.34,39.20,37.22,39.03,1114533,48525720.00
2011/02/01,38.94,39.88,38.64,39.18,549071,24331458.00
2011/02/09,38.74,39.71,38.45,39.25,725068,31782048.00
2011/02/11,39.25,41.32,39.24,40.24,1982701,89707064.00
2011/02/14,40.34,41.56,39.59,41.48,1636043,74686720.00
2011/02/15,41.42,41.54,40.13,40.22,2552956,116274656.00
2011/02/16,40.14,40.42,39.23,39.77,1672904,74618640.00
2011/02/17,39.97,40.24,39.54,39.91,2048049,91772072.00
2011/02/18,39.95,39.96,38.74,39.02,1605100,70847792.00
2011/02/21,38.44,39.34,38.37,39.21,1791969,78516656.00
2011/02/22,39.14,39.50,38.04,38.97,1422515,62405284.00
2011/02/23,38.64,39.51,38.54,39.02,1063394,46874604.00
2011/02/24,38.85,39.34,37.90,37.97,1585157,68868008.00
2011/02/25,38.19,38.19,36.94,37.39,3701518,156225296.00
2011/02/28,37.24,38.00,37.15,37.94,1815894,77289296.00
2011/03/01,37.89,39.84,37.44,39.83,3138605,138980304.00
2011/03/02,39.84,40.24,38.47,40.02,1891316,84077224.00
2011/03/03,39.85,41.08,39.39,40.47,3001828,136306880.00
2011/03/04,40.40,40.53,39.72,40.21,1269002,57150264.00
2011/03/07,40.21,40.45,39.44,39.65,2794376,125256080.00
2011/03/08,39.69,40.59,39.63,40.43,1879678,84963920.00
2011/03/09,40.83,41.59,40.44,41.40,1883892,86928480.00
2011/03/10,41.26,41.26,39.84,40.06,1988670,90006024.00
2011/03/11,40.06,40.64,39.49,39.57,1214689,54665208.00
2011/03/14,39.49,40.89,39.49,40.88,2017566,91011728.00
2011/03/15,40.85,40.85,38.84,39.53,1569454,69723720.00
2011/03/16,39.55,40.24,39.07,40.08,1036186,46080772.00
2011/03/17,39.70,39.70,37.73,38.24,1828406,79875040.00
2011/03/18,38.83,39.08,37.86,38.19,1384913,60151328.00
2011/03/21,38.31,39.31,37.74,38.00,1506344,65166008.00
2011/03/22,37.80,38.59,37.65,38.26,735323,31812084.00
2011/03/23,38.25,38.54,37.84,38.31,1399414,60199216.00
2011/03/24,38.34,38.45,37.74,37.88,1209711,51930760.00
2011/03/25,38.03,38.04,36.97,37.44,2486838,105161272.00
2011/03/28,37.54,37.82,35.24,35.45,4239934,173805536.00
2011/03/29,35.61,35.71,34.86,35.43,2938433,118074408.00
2011/03/30,35.39,35.39,34.85,35.00,1726273,69061968.00
2011/03/31,34.99,35.99,34.82,35.68,2021092,81122192.00
2011/04/01,35.77,35.84,34.64,35.02,1387885,55471696.00
2011/04/06,34.92,35.04,33.79,34.15,1891506,73885896.00
2011/04/07,34.17,35.26,33.74,34.52,2571790,102192008.00
2011/04/08,34.44,35.11,34.30,34.79,3712410,146876960.00
2011/04/11,34.74,35.32,34.24,34.37,2465406,97801032.00
2011/04/12,34.57,35.04,34.45,34.92,1861017,73857968.00
2011/04/13,34.94,35.41,34.87,35.33,3879064,155915136.00
2011/04/14,35.44,35.80,34.94,35.69,3685057,148905536.00
2011/04/15,35.52,35.84,34.94,35.60,2387096,96196576.00
2011/04/18,35.51,36.14,35.20,35.93,2064685,83983264.00
2011/04/20,35.93,36.12,35.34,35.89,1783371,72401736.00
2011/04/21,35.88,36.03,35.11,35.33,2178475,88103880.00
2011/04/22,35.32,35.33,33.64,34.21,4345091,170910352.00
2011/04/25,38.13,38.13,37.54,38.13,10854829,467646880.00
2011/04/26,39.04,40.33,38.57,39.55,14421265,641908224.00
2011/04/27,38.96,40.94,38.07,39.98,8661071,387302400.00
2011/04/28,39.74,39.94,38.82,39.13,2797663,123717808.00
2011/04/29,38.87,40.03,37.54,39.52,2548754,111733904.00
2011/05/03,39.64,39.84,38.33,39.75,2054742,90557888.00
2011/05/04,39.14,41.51,38.80,41.05,5825734,263637152.00
2011/05/05,40.54,41.34,40.04,40.63,4376023,200668080.00
2011/05/06,40.21,41.93,39.58,40.81,3568693,164819200.00
2011/05/09,40.54,41.91,40.24,41.47,3009845,139298592.00
2011/05/10,41.69,42.33,40.55,41.02,2552003,117674512.00
2011/05/11,40.74,41.18,39.46,40.60,3931856,177416256.00
2011/05/12,40.05,42.05,39.55,41.05,4252685,195245888.00
2011/05/13,40.74,40.99,40.04,40.62,2415108,109531256.00
2011/05/16,40.11,41.34,40.04,40.22,2720163,124710784.00
2011/05/17,40.05,40.06,38.89,38.95,3571365,157719728.00
2011/05/18,38.54,39.19,38.24,39.04,2718368,118148496.00
2011/05/19,38.97,39.14,37.84,38.33,1872256,81349232.00
2011/05/20,38.05,38.63,37.56,38.38,998359,43192288.00
2011/05/23,37.84,38.74,37.55,38.19,1593809,68395072.00
2011/05/24,38.19,38.25,35.09,37.13,1775996,74534976.00
2011/05/25,36.29,36.95,36.28,36.41,1239267,51537016.00
2011/05/26,36.81,36.93,35.22,35.54,1458353,59494928.00
2011/05/27,35.64,35.83,33.92,35.20,2379570,94347960.00
2011/05/30,35.02,35.34,34.44,35.27,1037798,41541672.00
2011/05/31,34.59,35.44,34.16,35.17,1759336,69743192.00
2011/06/01,35.04,35.45,34.64,35.23,1203804,48231012.00
2011/06/02,34.89,35.57,34.46,35.19,1340423,53490652.00
2011/06/03,35.04,36.84,34.56,36.46,1194290,48683792.00
2011/06/07,36.05,36.51,35.94,36.22,854402,35087440.00
2011/06/08,36.04,36.22,35.44,35.92,1105294,45112008.00
2011/06/09,35.92,36.23,35.26,35.65,770958,31264660.00
2011/06/10,35.65,36.19,35.35,35.82,1268876,51910464.00
2011/06/13,35.62,35.62,34.54,35.25,648734,25922052.00
2011/06/14,35.04,35.43,34.60,34.83,3515392,140214432.00
2011/06/15,34.82,35.03,33.52,33.56,4045473,157606176.00
2011/06/16,33.34,33.64,30.94,33.32,5690103,211395856.00
2011/06/17,32.53,32.88,32.26,32.67,1475700,55397040.00
2011/06/20,32.05,32.66,30.95,31.26,2739982,99853248.00
2011/06/21,31.40,32.42,30.62,32.10,2399285,87109888.00
2011/06/22,31.92,32.72,31.44,32.30,1432565,53057880.00
2011/06/23,32.04,33.24,31.75,32.83,1177955,44292364.00
2011/06/24,32.84,33.69,32.59,33.43,1742471,66690272.00
2011/06/27,33.56,33.98,33.19,33.93,2188536,84428576.00
2011/06/28,33.96,34.02,32.87,33.48,1131095,43344496.00
2011/06/29,33.48,33.63,33.00,33.15,837121,31934494.00
2011/06/30,33.07,33.90,32.90,33.27,1551089,59530336.00
2011/07/01,33.53,33.68,32.87,33.25,1562778,59543808.00
2011/07/04,33.48,34.70,33.44,34.64,1772542,69781000.00
2011/07/05,34.90,35.04,34.44,34.75,1128289,44913320.00
2011/07/06,35.02,35.02,33.74,34.79,968557,38240248.00
2011/07/07,34.95,36.72,34.70,35.84,2304935,94182312.00
2011/07/08,35.52,36.24,35.52,35.86,1404365,57548880.00
2011/07/11,35.94,37.22,35.34,36.83,1406769,58421148.00
2011/07/12,36.64,36.64,35.75,35.93,1863152,76298120.00
2011/07/13,35.73,37.49,35.73,36.85,2178984,91091728.00
2011/07/14,36.85,37.70,36.85,37.39,3559479,150617744.00
2011/07/15,38.04,39.22,37.59,38.69,3156432,137487712.00
2011/07/18,38.34,39.48,38.34,39.05,2638261,116379736.00
2011/07/19,38.84,39.34,38.14,39.04,1076384,47185756.00
2011/07/20,39.54,39.54,38.23,38.57,1341557,58717024.00
2011/07/21,38.81,39.02,37.93,38.46,2062792,89271848.00
2011/07/22,38.46,38.73,37.37,38.03,1191368,51077012.00
2011/07/25,37.18,37.63,36.04,37.03,2765855,115724672.00
2011/07/26,36.79,37.34,36.55,36.90,1444103,60641164.00
2011/07/27,36.00,37.24,36.00,36.78,1377885,57164200.00
2011/07/28,36.40,37.64,36.05,37.46,1407883,59585224.00
2011/07/29,37.23,37.83,36.04,36.73,1093461,45657464.00
2011/08/01,36.53,37.03,36.02,36.41,1383542,57360704.00
2011/08/02,35.85,36.42,35.60,36.15,1496375,61309244.00
2011/08/03,35.84,37.50,35.72,37.29,987947,41449856.00
2011/08/04,37.53,37.53,36.29,36.63,1321889,54918012.00
2011/08/05,36.04,37.21,35.62,36.72,2647164,110048040.00
2011/08/08,36.37,38.64,35.92,37.33,7167752,305017472.00
2011/08/09,36.06,38.94,35.04,38.59,5026821,213919776.00
2011/08/10,40.54,41.44,38.59,38.68,10921381,491370912.00
2011/08/11,38.72,40.76,38.04,40.75,6731205,302293920.00
2011/08/12,41.04,41.67,40.39,41.14,2826574,130007888.00
2011/08/15,41.14,42.49,40.64,41.97,4683241,220334608.00
2011/08/16,41.48,41.96,40.69,41.11,2545450,117182904.00
2011/08/17,41.04,41.04,40.14,40.84,907201,41354112.00
2011/08/18,40.52,41.87,40.38,41.36,985876,45552056.00
2011/08/19,40.45,42.31,39.94,42.04,1849970,84275184.00
2011/08/22,41.93,41.93,39.17,39.66,2874267,128892528.00
2011/08/23,39.66,39.83,39.04,39.32,767934,33998216.00
2011/08/24,39.34,40.24,39.04,39.05,929586,41250520.00
2011/08/25,39.29,41.13,39.03,40.94,2771282,126454584.00
2011/08/26,40.94,41.13,39.94,40.09,1633774,74304440.00
2011/08/29,39.54,42.49,39.40,41.86,2619767,120175928.00
2011/08/30,41.65,42.34,40.84,41.21,1443190,67748280.00
2011/08/31,41.04,41.51,40.39,41.13,551791,25255178.00
2011/09/01,41.53,42.42,40.44,40.53,3147538,146594496.00
2011/09/02,40.54,41.06,39.58,39.85,997697,45129120.00
2011/09/05,39.35,40.02,38.94,39.59,1486603,65897820.00
2011/09/06,39.04,39.82,38.04,38.63,924277,40523008.00
2011/09/07,39.04,39.89,38.19,39.65,964139,42328340.00
2011/09/08,39.20,40.03,38.86,38.87,447409,19894616.00
2011/09/09,39.24,39.99,38.24,39.22,714825,31440472.00
2011/09/13,38.26,39.44,37.54,39.35,1415201,61174984.00
2011/09/14,38.74,39.14,37.69,38.68,860606,37261180.00
2011/09/15,38.47,39.42,38.17,38.69,482146,21092000.00
2011/09/16,39.19,39.32,38.54,38.78,200680,8791469.00
2011/09/19,38.54,39.04,38.10,38.78,577647,25090572.00
2011/09/20,38.24,38.83,37.95,38.37,507998,22044820.00
2011/09/21,38.37,39.81,38.04,39.27,986758,43401608.00
2011/09/22,39.23,39.43,38.05,38.15,381376,16648858.00
2011/09/23,37.74,38.99,35.06,37.77,1006301,42397576.00
2011/09/26,36.15,38.20,36.14,37.06,697776,29759264.00
2011/09/27,37.34,37.92,36.84,37.10,807684,34156200.00
2011/09/28,37.25,38.15,36.54,37.25,1650840,70221712.00
2011/09/29,37.25,37.25,36.04,36.16,749756,31158672.00
2011/09/30,35.85,36.65,35.20,35.24,925313,37811620.00
2011/10/10,35.24,35.53,33.16,33.82,1387115,53715064.00
2011/10/11,34.55,34.89,32.12,33.72,2140940,82190904.00
2011/10/12,33.05,36.03,33.05,35.34,968004,38173736.00
2011/10/13,34.74,35.28,34.35,35.03,1567905,62562360.00
2011/10/14,34.59,35.33,34.24,34.87,360789,14349214.00
2011/10/17,34.94,35.32,34.45,35.25,320742,12788880.00
2011/10/18,35.16,35.28,34.26,34.57,643828,25555040.00
2011/10/19,34.75,35.04,34.04,34.25,446487,17610656.00
2011/10/20,33.34,34.16,32.44,32.59,618034,23416932.00
2011/10/21,32.59,33.92,32.14,32.33,845597,31888286.00
2011/10/24,32.27,34.24,32.27,33.74,1256869,48244976.00
2011/10/25,33.64,34.94,32.83,34.22,1010410,39042424.00
2011/10/26,34.45,35.94,34.30,35.68,1872385,75469952.00
2011/10/27,35.68,36.03,35.22,35.61,597967,24138148.00
2011/10/28,36.23,37.00,35.04,36.07,1423122,57906896.00
2011/10/31,35.56,37.34,35.56,36.37,1718890,71393776.00
2011/11/01,36.58,37.34,36.04,37.21,2161380,90803152.00
2011/11/02,37.03,38.52,36.35,38.41,1982516,83659352.00
2011/11/03,38.36,38.73,36.45,36.68,2591381,110543800.00
2011/11/04,37.34,38.04,36.72,37.37,1871112,78573648.00
2011/11/07,36.24,37.54,36.24,37.02,1136445,47491732.00
2011/11/08,37.42,37.42,36.54,36.75,867159,36238212.00
2011/11/09,36.74,37.52,36.72,37.07,798959,33565424.00
2011/11/10,36.37,37.32,36.37,36.88,534528,22419528.00
2011/11/11,37.00,37.09,36.55,36.89,360651,15133204.00
2011/11/14,37.03,37.34,36.74,36.81,1759718,73635184.00
2011/11/15,36.81,37.00,35.59,36.01,1690036,69127456.00
2011/11/16,35.84,35.94,34.92,35.25,1494083,60018312.00
2011/11/17,35.19,35.47,34.98,35.03,1125782,45242536.00
2011/11/18,34.84,35.40,34.76,35.22,1117578,44672280.00
2011/11/21,35.20,35.64,34.84,35.30,677664,27245388.00
2011/11/22,35.74,35.74,34.94,35.01,486183,19482998.00
2011/11/23,35.01,35.22,34.24,34.68,796054,31594124.00
2011/11/25,34.43,35.02,34.40,34.41,818181,32417638.00
2011/11/28,34.74,34.74,34.05,34.23,536233,21071824.00
2011/11/29,34.25,34.67,34.06,34.55,528860,20820760.00
2011/11/30,34.23,34.63,33.74,34.06,1159429,45381144.00
2011/12/01,34.34,35.14,34.04,34.05,2339469,92531904.00
2011/12/02,33.70,34.02,32.37,32.70,1919927,72581688.00
2011/12/05,33.02,33.02,30.77,31.38,1279830,46846348.00
2011/12/06,31.22,31.24,30.64,31.07,1632846,58648964.00
2011/12/07,31.12,31.26,30.04,30.55,694317,24819084.00
2011/12/08,30.59,30.78,29.80,29.82,2671436,93673600.00
2011/12/09,29.39,29.80,27.25,28.48,7203976,238690992.00
2011/12/12,28.47,28.47,27.74,28.04,2211711,73091280.00
2011/12/13,27.94,28.30,27.24,27.77,1251768,40953464.00
2011/12/14,27.42,28.18,27.22,27.49,1689854,55457796.00
2011/12/15,27.73,27.76,26.96,27.07,676975,21801776.00
2011/12/16,27.07,27.41,26.39,27.19,2258264,71773048.00
2011/12/19,27.04,27.19,26.39,26.85,2291657,72552232.00
2011/12/20,26.39,27.84,26.39,27.68,1718272,55772616.00
2011/12/21,27.84,27.92,26.42,26.48,789417,25311672.00
2011/12/22,26.48,27.23,25.16,27.07,2335563,72691344.00
2011/12/23,27.04,27.37,26.54,27.23,1822311,57989112.00
2011/12/26,26.86,27.03,25.04,26.82,1282005,40241616.00
2011/12/27,26.80,27.62,26.04,26.56,1744128,56047344.00
2011/12/28,26.83,27.84,25.63,27.23,2791405,86978328.00
2011/12/29,27.02,27.44,26.70,27.26,1207794,38758240.00
2011/12/30,27.32,29.64,27.04,28.32,3455457,113342656.00
2012/01/04,28.24,28.27,26.94,27.06,1038350,33762328.00
2012/01/05,27.06,27.06,25.22,25.33,1187435,36718996.00
2012/01/06,25.04,25.22,23.24,24.72,1418900,41695152.00
2012/01/09,24.19,25.34,24.19,25.24,1337384,39775996.00
2012/01/10,25.26,26.61,24.94,26.11,3618256,111124696.00
2012/01/12,25.90,25.92,24.34,24.52,4137357,123510384.00
2012/01/13,24.29,24.58,22.58,22.86,4726201,132943512.00
2012/01/16,22.53,22.53,20.39,20.66,5180462,135557104.00
2012/01/17,20.24,22.81,20.24,22.22,3131027,82592384.00
2012/01/18,22.04,22.53,21.45,21.53,1680647,45632284.00
2012/01/19,21.54,22.53,21.54,22.24,1468394,39937368.00
2012/01/20,22.48,23.34,22.24,23.20,1114637,31051720.00
2012/01/30,23.39,23.52,22.04,23.20,2050589,57086248.00
2012/01/31,23.18,23.32,22.65,23.14,640983,17893064.00
2012/02/01,22.86,23.44,22.66,22.78,856418,24067348.00
2012/02/02,22.75,23.16,21.99,23.04,834927,23181496.00
2012/02/03,23.04,23.38,22.84,23.24,1288028,36232808.00
2012/02/06,23.25,24.52,23.25,23.94,2947384,85675616.00
2012/02/07,23.90,24.20,23.64,23.87,1100785,31683452.00
2012/02/08,23.87,24.48,23.45,24.17,1656410,47774908.00
2012/02/09,24.18,24.44,23.88,24.10,1230557,35770320.00
2012/02/10,23.90,24.52,23.84,24.02,1591461,46296688.00
2012/02/13,23.44,24.64,23.44,24.53,1465003,42773440.00
2012/02/14,24.53,24.68,24.33,24.40,947875,27900016.00
2012/02/15,24.40,25.42,24.10,25.34,2268630,67656800.00
2012/02/16,25.22,25.67,24.75,25.11,1558407,46775552.00
2012/02/17,25.43,25.53,24.62,24.72,828923,24748476.00
2012/02/20,25.23,25.23,24.62,24.71,2117416,63188420.00
2012/02/21,24.89,24.89,24.44,24.79,847259,25040216.00
2012/02/22,24.74,25.14,24.52,25.10,3166840,94309384.00
2012/02/23,25.28,26.10,25.05,25.92,3050983,93672184.00
2012/02/24,25.84,26.41,25.64,26.32,2305471,71530816.00
2012/02/27,26.32,26.83,25.84,25.93,2825497,88389432.00
2012/02/28,25.96,26.24,25.46,25.80,1698448,52235464.00
2012/02/29,25.80,25.80,25.19,25.32,962652,29216452.00
2012/03/01,25.31,25.68,25.05,25.39,693212,21065744.00
2012/03/02,25.54,25.81,25.17,25.75,1414586,43122160.00
2012/03/05,25.78,26.13,25.72,25.83,2102823,65025728.00
2012/03/06,25.84,26.02,24.72,25.04,1889797,56857008.00
2012/03/07,24.99,25.01,24.37,24.56,2490346,73851912.00
2012/03/08,24.61,25.04,24.44,24.73,1485329,44196740.00
2012/03/09,24.89,25.89,24.84,25.82,2051568,62231344.00
2012/03/12,25.79,26.89,25.79,26.66,3380783,106436552.00
2012/03/13,26.72,27.14,26.21,27.04,1671028,52837988.00
2012/03/14,27.09,28.02,26.25,26.82,4891860,157574064.00
2012/03/15,26.80,27.28,26.34,27.04,4096782,130261232.00
2012/03/16,27.04,27.13,25.83,26.52,6219433,195111120.00
2012/03/19,26.39,27.14,26.00,26.54,4110807,128928048.00
2012/03/20,26.22,26.91,25.39,25.43,2121823,65874872.00
2012/03/21,25.19,25.44,22.40,23.34,12601586,355630944.00
2012/03/22,23.14,24.05,22.85,23.31,7410431,210491696.00
2012/03/23,23.29,23.43,22.54,22.85,2811551,78434088.00
2012/03/26,22.91,23.34,22.91,23.14,2427030,68084544.00
2012/03/27,23.16,24.31,23.16,23.91,3856769,111065296.00
2012/03/28,23.84,24.13,22.94,23.32,3525827,100762112.00
2012/03/29,23.32,23.32,22.49,22.61,1442169,39968784.00
2012/03/30,22.68,23.42,22.68,23.32,2250092,63035524.00
2012/04/05,23.40,23.90,23.40,23.82,3257871,92878768.00
2012/04/06,23.74,24.62,23.48,24.32,3442169,100337096.00
2012/04/09,24.28,25.17,23.95,24.28,7228787,214613696.00
2012/04/10,24.34,25.52,24.04,25.38,5627221,166523392.00
2012/04/11,25.32,26.56,24.98,25.95,5359378,166455632.00
2012/04/12,25.95,26.42,25.44,26.07,4082454,126499712.00
2012/04/13,26.12,26.64,25.84,25.95,2886539,90317024.00
2012/04/16,25.94,26.24,25.33,25.94,1369505,42098812.00
2012/04/17,26.00,26.26,25.53,25.94,1989711,61407692.00
2012/04/18,26.12,28.02,26.10,27.75,3782485,123015816.00
2012/04/19,27.58,28.15,27.34,27.92,2475157,81449488.00
2012/04/20,27.65,28.83,27.65,27.95,2951836,98049200.00
2012/04/23,27.79,28.24,27.46,27.73,2262285,74523408.00
2012/04/24,27.27,27.73,25.99,27.04,4924687,156450400.00
2012/04/25,30.24,30.24,30.24,30.24,757425,26661360.00
2012/04/26,33.76,33.76,31.24,33.57,21856649,832045952.00
2012/05/02,32.04,32.72,29.72,31.16,13982498,500050336.00
2012/05/03,30.96,31.11,30.34,30.93,4016799,143441088.00
2012/05/04,30.97,32.34,30.23,32.18,4427114,160158576.00
2012/05/07,31.59,32.24,31.54,31.83,4602159,169455984.00
2012/05/08,31.92,33.23,31.80,32.75,3875428,145237632.00
2012/05/09,32.45,32.59,31.46,31.60,2278609,84123840.00
2012/05/10,31.60,31.86,30.69,30.92,2676263,96553688.00
2012/05/11,30.56,30.83,30.14,30.21,2294030,81096600.00
2012/05/14,30.27,30.49,29.54,29.60,2661146,92786824.00
2012/05/15,29.23,29.57,28.99,29.21,1980093,67686432.00
2012/05/16,29.22,30.37,28.99,29.17,3089706,106751784.00
2012/05/17,29.14,30.36,29.14,30.22,1615981,56368312.00
2012/05/18,30.01,30.01,29.05,29.13,1715000,58885620.00
2012/05/21,29.17,29.44,28.54,29.02,1731852,58675920.00
2012/05/22,29.32,29.50,28.85,29.13,2497585,85133488.00
2012/05/23,29.24,29.39,28.73,29.18,1694244,57606524.00
2012/05/24,29.24,29.82,29.07,29.48,1705412,58557960.00
2012/05/25,29.44,29.64,27.56,28.20,4139558,136672768.00
2012/05/28,28.44,29.39,27.65,29.23,1825069,60597876.00
2012/05/29,28.97,29.42,28.62,28.95,1996839,67022000.00
2012/05/30,28.94,29.04,28.04,28.09,2437641,80280728.00
2012/05/31,28.04,28.31,27.64,28.21,1292874,42257804.00
2012/06/01,28.36,29.41,28.34,29.04,3379583,113741296.00
2012/06/04,28.40,28.44,27.55,27.86,1571209,51305912.00
2012/06/05,27.81,28.30,27.65,28.04,924962,30165736.00
2012/06/06,28.05,28.30,27.79,28.25,1698883,55679076.00
2012/06/07,28.36,29.11,28.36,28.77,1980473,66362280.00
2012/06/08,28.85,29.19,28.79,28.88,1839703,61846296.00
2012/06/11,28.99,29.51,28.83,29.48,2340559,79037816.00
2012/06/12,29.24,29.47,28.99,29.33,1103865,37443408.00
2012/06/13,29.40,30.14,29.40,30.09,1284892,44358684.00
2012/06/14,30.11,30.39,29.35,29.85,2086710,72016328.00
2012/06/15,30.05,30.05,28.84,28.99,1528726,51785496.00
2012/06/18,28.99,29.93,28.99,29.33,1493224,50887568.00
2012/06/19,29.33,29.51,28.64,29.33,1330330,44971696.00
2012/06/20,29.32,29.84,28.87,29.15,1525911,52076568.00
2012/06/21,29.05,29.30,28.47,29.07,1190341,39820656.00
2012/06/25,28.99,29.42,28.14,28.57,1232110,41238904.00
2012/06/26,28.57,28.82,28.04,28.81,726767,24023664.00
2012/06/27,28.81,28.81,28.13,28.74,953795,31617168.00
2012/06/28,28.74,28.74,28.02,28.33,1342613,44393288.00
2012/06/29,28.10,29.04,27.64,28.79,1482231,48543800.00
2012/07/02,28.79,29.04,28.22,28.41,1216498,40363532.00
2012/07/03,28.34,29.68,28.25,29.41,2281694,77340672.00
2012/07/04,29.41,30.33,29.41,30.05,1522217,52650232.00
2012/07/05,29.84,29.96,28.96,29.19,1000870,34029432.00
2012/07/06,29.17,29.44,28.35,29.33,1637578,55271452.00
2012/07/09,29.15,29.19,28.36,28.43,2254237,75356576.00
2012/07/10,28.32,28.61,28.14,28.55,785041,25959372.00
2012/07/11,28.53,29.89,28.36,29.87,1140827,38803456.00
2012/07/12,29.84,30.24,29.59,29.93,1580287,54687208.00
2012/07/13,29.90,30.14,29.44,29.66,979672,33743776.00
2012/07/16,29.66,30.07,28.56,29.22,967681,32681872.00
2012/07/17,28.85,29.34,27.96,28.43,1491206,49577256.00
2012/07/18,28.38,28.79,27.85,28.55,2101636,69637840.00
2012/07/19,28.68,28.94,28.22,28.55,598529,19899248.00
2012/07/20,28.57,28.83,28.41,28.68,1089066,36155672.00
2012/07/23,28.17,29.62,27.69,29.53,1779674,60407888.00
2012/07/24,29.44,30.91,29.34,30.77,3080681,107896560.00
2012/07/25,30.72,31.77,30.62,30.84,2265161,81066536.00
2012/07/26,30.53,31.14,30.24,30.57,1336023,47333472.00
2012/07/27,30.82,33.61,29.74,33.49,8583231,318173440.00
2012/07/30,33.34,33.84,31.64,32.29,4038732,150265744.00
2012/07/31,32.39,33.69,31.65,32.25,2818656,104776984.00
2012/08/01,32.24,32.82,31.86,32.50,2150989,79833048.00
2012/08/02,32.50,32.73,31.89,32.45,1449378,53252728.00
2012/08/03,32.32,32.44,31.78,32.24,1035532,38046936.00
2012/08/06,31.64,32.80,31.64,32.72,1963176,72236600.00
2012/08/07,32.84,33.04,31.85,32.07,1488498,54967028.00
2012/08/08,32.13,32.71,31.89,32.18,1352555,50056656.00
2012/08/09,31.88,32.43,31.88,32.37,1173992,43238124.00
2012/08/10,32.39,33.22,32.07,32.55,1339045,49901768.00
2012/08/13,32.53,33.90,32.03,33.47,3425390,129584720.00
2012/08/14,33.50,34.33,33.27,34.11,3186055,122929616.00
2012/08/15,34.54,34.83,33.84,34.38,2811971,109708952.00
2012/08/16,34.20,35.01,33.94,34.93,2647312,104558224.00
2012/08/17,34.99,36.53,34.57,35.93,3754480,151649440.00
2012/08/20,35.93,36.35,35.12,35.53,2873597,116500752.00
2012/08/21,35.61,37.99,35.61,37.93,6584591,276761024.00
2012/08/22,37.93,38.06,36.87,37.26,2746864,115254048.00
2012/08/23,37.69,38.39,36.44,37.08,3747527,157594160.00
2012/08/24,38.34,39.21,34.54,34.78,6300795,257897488.00
2012/08/27,34.37,35.77,34.04,34.73,2821665,112230976.00
2012/08/28,34.35,35.23,32.84,34.68,3411598,131004600.00
2012/08/29,34.22,35.44,33.64,34.33,2025233,80000448.00
2012/08/30,34.53,34.79,33.44,33.46,1563574,60555608.00
2012/08/31,33.39,33.94,32.64,32.97,2131984,80674384.00
2012/09/03,32.94,34.14,32.83,33.21,1957975,74915248.00
2012/09/04,33.16,33.51,31.84,32.57,3695592,136946944.00
2012/09/05,32.35,33.22,32.00,33.17,2396012,89890624.00
2012/09/06,33.23,33.53,32.36,32.95,1751493,65580352.00
2012/09/07,33.34,34.62,33.02,34.08,3009177,116030536.00
2012/09/10,33.83,34.69,33.65,34.62,3260920,126510136.00
2012/09/11,34.34,35.42,34.24,35.12,3202224,127406984.00
2012/09/12,35.44,36.12,34.49,35.21,1776543,70547456.00
2012/09/13,35.14,35.64,34.64,34.68,1907545,75901680.00
2012/09/14,35.32,35.34,34.35,34.64,1473007,58007840.00
2012/09/17,34.94,34.96,32.84,33.29,2303708,88677088.00
2012/09/18,33.05,33.09,32.34,32.70,1484407,55384508.00
2012/09/19,32.84,33.78,32.56,33.19,2304718,87284424.00
2012/09/20,32.75,33.66,32.42,32.68,1576609,59285088.00
2012/09/21,32.49,33.72,32.44,33.65,1675165,63595064.00
2012/09/24,33.81,35.20,33.52,34.49,1617482,63667568.00
2012/09/25,34.39,34.66,33.85,33.93,1156035,45017112.00
2012/09/26,34.33,34.33,32.52,32.78,908621,34278960.00
2012/09/27,32.75,33.54,32.54,32.77,2325414,87557440.00
2012/09/28,32.39,34.34,32.27,33.88,2736056,102682184.00
2012/10/08,33.87,34.24,33.14,33.46,1243513,47636280.00
2012/10/09,33.66,35.49,33.61,35.33,3293513,130045840.00
2012/10/10,35.33,36.33,34.94,35.50,1854594,75021664.00
2012/10/11,35.49,36.13,35.02,35.54,1496166,60164512.00
2012/10/12,36.04,36.64,35.49,35.83,1606234,65553032.00
2012/10/15,35.89,37.70,35.75,36.74,2497208,102797072.00
2012/10/16,36.71,37.04,35.35,35.78,1703707,69671192.00
2012/10/17,35.94,36.84,35.47,36.59,2043178,83534256.00
2012/10/18,36.84,37.99,36.69,37.48,3041253,128608120.00
2012/10/19,37.48,38.53,37.26,38.13,2002962,85422904.00
2012/10/22,37.93,38.29,37.21,37.71,1418486,59923652.00
2012/10/23,37.71,37.99,35.39,35.67,2475517,101506968.00
2012/10/24,35.35,36.73,34.62,35.17,2515710,101292352.00
2012/10/25,34.34,34.34,31.19,31.70,12184034,445548640.00
2012/10/26,31.32,31.74,30.24,31.14,6653366,236328592.00
2012/10/29,30.64,31.83,30.36,30.74,3469935,124669752.00
2012/10/30,31.03,31.33,30.54,30.94,2314097,82330440.00
2012/10/31,31.09,31.09,29.35,30.75,4990990,172362592.00
2012/11/01,30.54,31.07,30.25,30.47,2729895,96560736.00
2012/11/02,30.49,31.19,30.40,31.07,2715752,96363784.00
2012/11/05,30.93,30.93,29.79,30.54,2426745,85045424.00
2012/11/06,30.31,31.13,30.14,31.03,2107878,74583560.00
2012/11/07,31.07,31.79,30.89,31.35,1492622,53696000.00
2012/11/08,31.09,31.09,30.14,30.16,1592321,56003536.00
2012/11/09,29.97,30.82,29.97,30.53,1426679,50232084.00
2012/11/12,30.70,30.70,28.22,28.33,2877551,97353072.00
2012/11/13,28.34,28.41,27.01,28.03,4085022,132084640.00
2012/11/14,27.75,28.01,27.22,27.47,1987269,63820044.00
2012/11/15,27.24,27.42,25.95,26.06,2644601,82829336.00
2012/11/16,26.06,26.52,25.86,26.12,1872508,57841048.00
2012/11/19,25.57,26.49,25.57,26.33,1519924,46751672.00
2012/11/20,26.33,26.66,24.94,24.95,3240772,97884216.00
2012/11/21,24.94,25.42,23.93,24.98,2379952,69685952.00
2012/11/22,24.83,24.91,24.14,24.49,1663006,48330992.00
2012/11/23,24.52,25.22,24.34,24.84,1260872,37155040.00
2012/11/26,24.84,24.99,24.45,24.64,896960,26309720.00
2012/11/27,24.42,24.73,23.99,24.28,1137503,33074488.00
2012/11/28,23.98,24.33,22.82,22.94,2595481,72602672.00
2012/11/29,22.94,23.39,22.76,22.96,1861990,51623464.00
2012/11/30,22.84,23.11,22.23,22.66,1788025,48715016.00
2012/12/03,22.61,22.84,21.36,21.55,2097471,56364140.00
2012/12/04,21.54,22.19,20.64,22.06,3507732,90423032.00
2012/12/05,21.85,23.84,21.68,23.65,4720993,131373128.00
2012/12/06,23.60,24.29,23.35,23.60,2252006,64101012.00
2012/12/07,23.70,24.79,23.45,24.64,3826274,110861512.00
2012/12/10,24.46,25.14,24.46,24.90,1911923,56510960.00
2012/12/11,24.87,24.88,24.38,24.65,1360216,39809952.00
2012/12/12,24.62,24.77,24.04,24.55,1094198,31802156.00
2012/12/13,24.54,24.54,23.65,23.98,1045601,30066666.00
2012/12/14,23.97,25.54,23.79,25.38,2623130,77517536.00
2012/12/17,25.31,26.32,25.29,25.40,2334092,70719432.00
2012/12/18,25.36,26.49,25.30,25.73,1834688,55872840.00
2012/12/19,25.81,26.08,25.31,25.57,1063131,32179144.00
2012/12/20,25.49,26.01,25.24,25.51,2444864,73863488.00
2012/12/21,25.52,26.70,25.43,26.39,3174240,97226048.00
2012/12/24,26.25,27.24,26.14,26.41,2804548,87961536.00
2012/12/25,26.34,27.18,26.02,26.74,2266722,71220560.00
2012/12/26,26.83,28.52,26.72,28.09,3261013,105012520.00
2012/12/27,28.27,28.69,27.67,28.59,2381740,78310040.00
2012/12/28,28.58,30.56,28.35,30.53,5908155,203516256.00
2012/12/31,30.34,31.25,29.73,30.61,5830809,204408624.00
2013/01/04,30.64,30.80,28.35,28.85,7063717,238089664.00
2013/01/07,28.34,29.60,28.22,28.54,4916231,165014352.00
2013/01/08,28.55,29.14,28.34,29.02,3710504,124295864.00
2013/01/09,29.02,29.54,28.56,29.00,3333219,112787712.00
2013/01/10,28.84,29.63,28.59,29.58,3586425,121225184.00
2013/01/11,29.57,29.64,28.74,29.28,3044187,103222440.00
2013/01/14,28.96,30.21,28.96,30.02,4169294,142985360.00
2013/01/15,30.13,30.13,29.39,29.61,5206804,178498720.00
2013/01/16,29.62,29.64,28.35,28.72,4114811,138450000.00
2013/01/17,28.83,28.83,27.26,27.33,7264124,235339200.00
2013/01/18,27.26,27.78,27.04,27.69,6517322,209296528.00
2013/01/21,27.69,27.76,27.31,27.55,4601989,147921584.00
2013/01/22,27.55,27.57,26.54,26.70,5896843,185943216.00
2013/01/23,26.66,27.09,26.17,27.01,3912705,122749520.00
2013/01/24,27.04,27.43,26.16,26.37,4743217,149485552.00
2013/01/25,26.34,27.68,26.14,27.33,4375927,139294528.00
2013/01/28,27.33,28.29,27.29,28.26,4789367,155496464.00
2013/01/29,28.31,28.52,27.81,28.15,4575054,149854304.00
2013/01/30,28.19,28.29,27.69,27.99,3486967,113626600.00
2013/01/31,29.95,30.64,28.94,29.22,9772647,334429568.00
2013/02/01,29.44,30.00,29.14,29.54,5885533,201938272.00
2013/02/04,29.87,30.70,29.87,30.54,6746601,236114560.00
2013/02/05,30.51,31.54,30.13,30.93,5531775,196060416.00
2013/02/06,31.02,31.60,30.62,30.81,3434407,122716704.00
2013/02/07,31.02,31.02,29.52,29.82,5292469,183172656.00
2013/02/08,30.54,32.92,30.54,32.44,9685838,358383520.00
2013/05/28,36.04,36.04,32.94,33.47,28753537,1121323392.00
2013/05/29,33.32,33.33,31.76,33.01,11558356,431402272.00
2013/05/30,32.54,33.34,32.22,32.33,6596246,245839872.00
2013/05/31,32.46,32.64,30.94,30.95,8199328,296664576.00
2013/06/03,30.71,32.42,30.10,31.91,8383390,304102848.00
2013/06/04,31.64,32.04,31.02,31.69,4629370,167947968.00
2013/06/05,31.69,32.15,30.98,31.14,4131798,149556496.00
2013/06/14,32.84,34.48,31.44,32.67,11247249,426574720.00
2013/06/17,32.34,32.84,31.30,31.53,5432956,198438896.00
2013/06/18,31.34,32.02,30.25,31.08,6319691,225459744.00
2013/06/19,30.95,30.95,29.26,29.59,5695345,190423840.00
2013/06/20,29.26,30.12,28.39,28.61,3658483,120187640.00
2013/06/21,28.19,28.54,27.29,28.09,3735903,118347632.00
2013/06/24,28.12,28.93,26.32,26.78,4318283,135235712.00
2013/06/25,26.67,27.31,24.44,26.33,5221211,154240880.00
2013/06/26,26.34,27.82,26.06,26.88,6642737,201703552.00
2013/06/27,26.89,27.23,25.24,25.29,10709666,318246848.00
2013/06/28,24.84,26.32,23.64,25.27,7254791,206506640.00
2013/07/01,24.13,24.94,23.30,24.48,7291667,204256864.00
2013/07/02,24.34,25.22,24.24,24.66,7860111,221960656.00
2013/07/03,24.66,25.82,24.43,25.78,9922749,286590304.00
2013/07/04,25.74,26.58,25.31,26.12,5755625,170734208.00
2013/07/05,26.00,26.24,25.29,25.41,4779787,140063504.00
2013/07/08,24.89,24.89,23.22,23.24,6261362,172924720.00
2013/07/09,22.96,23.45,22.35,22.48,4683311,123532360.00
2013/07/10,22.56,23.23,21.96,23.16,5875271,154716064.00
2013/07/11,23.20,24.49,22.94,24.03,6667716,182819584.00
2013/07/12,24.02,24.09,22.85,23.02,7152135,193525616.00
2013/07/15,23.02,23.52,22.89,23.51,5346283,143871024.00
2013/07/16,23.49,23.86,22.99,23.84,5578072,151084832.00
2013/07/17,23.75,23.87,23.15,23.29,4417859,120069520.00
2013/07/18,23.14,23.31,22.76,22.79,4257802,113243440.00
2013/07/19,22.86,24.24,22.65,23.59,7434921,202039984.00
2013/07/22,23.31,24.01,23.14,23.86,4356265,119255288.00
2013/07/23,23.94,24.44,23.62,24.26,6032435,167502080.00
2013/07/24,24.24,24.24,23.20,23.70,5517300,150637472.00
2013/07/25,23.64,23.73,23.09,23.19,3584147,96679856.00
2013/07/26,23.09,23.20,22.52,22.77,2828497,74964328.00
2013/07/29,22.77,22.77,21.94,21.99,3140731,81080400.00
2013/07/30,21.95,22.50,21.69,22.16,2828633,72872048.00
2013/07/31,22.42,22.60,22.13,22.16,2264318,58735724.00
2013/08/01,22.29,22.84,22.19,22.65,3106962,81762288.00
2013/08/02,22.73,23.00,22.45,22.49,3069254,80800352.00
2013/08/05,22.53,23.81,22.37,23.77,5747933,155972912.00
2013/08/06,23.56,24.28,23.44,24.04,4956733,136449536.00
2013/08/07,23.92,24.32,23.44,23.53,3862672,106431040.00
2013/08/08,23.56,23.75,23.20,23.51,2517003,68214088.00
2013/08/09,23.54,23.92,23.25,23.70,2906986,79470232.00
2013/08/12,23.84,24.27,23.78,24.27,4764124,132462168.00
2013/08/13,24.32,24.61,24.11,24.56,3545558,99584472.00
2013/08/14,24.55,24.70,23.95,24.05,3694008,103312896.00
2013/08/15,23.99,24.33,23.68,23.74,2766138,76511720.00
2013/08/16,23.54,24.33,23.34,23.48,3441611,94442112.00
2013/08/19,23.49,24.18,23.49,24.00,2799846,77330640.00
2013/08/20,23.89,24.19,23.71,23.77,2583145,71281336.00
2013/08/21,23.86,24.54,23.76,24.53,3248723,90636832.00
2013/08/22,24.44,24.81,24.29,24.57,3358723,94802272.00
2013/08/23,24.35,24.47,23.64,23.85,5176196,142706800.00
2013/08/26,23.94,24.12,23.52,24.07,3689745,101508640.00
2013/08/27,23.94,24.09,23.67,23.79,4298446,118117912.00
2013/08/28,23.67,23.67,22.69,22.74,7463503,198944032.00
2013/08/29,22.58,22.58,21.82,21.91,7868351,202250816.00
2013/08/30,21.91,22.52,21.80,22.33,4478283,116054192.00
2013/09/02,22.32,22.47,22.05,22.26,2692954,69656440.00
2013/09/03,22.33,22.85,22.24,22.80,3908890,102465440.00
2013/09/04,22.80,22.80,22.54,22.64,3510366,92260352.00
2013/09/05,22.63,22.94,22.53,22.78,3459403,91256056.00
2013/09/06,22.74,22.89,22.48,22.65,2988335,78481024.00
2013/09/09,22.69,23.21,22.44,23.05,5198726,137630736.00
2013/09/10,23.00,23.31,22.88,23.28,4190772,112531840.00
2013/09/11,23.36,24.90,23.36,24.81,11995723,334710624.00
2013/09/12,24.74,25.85,24.46,25.48,11358638,328477728.00
2013/09/13,25.54,26.29,25.14,25.26,10748721,316950336.00
2013/09/16,25.23,25.23,24.45,24.85,6555181,186557584.00
2013/09/17,24.79,25.46,24.26,24.32,5611506,160009648.00
2013/09/18,24.30,24.84,24.04,24.72,3361273,94890792.00
2013/09/23,24.76,25.22,24.74,25.13,4149472,118806336.00
2013/09/24,25.13,25.13,24.37,24.88,3978765,112840568.00
2013/09/25,24.94,27.70,24.94,27.07,12302475,373706016.00
2013/09/26,26.54,27.04,25.63,25.67,5789822,173253984.00
2013/09/27,25.74,26.23,25.19,25.46,4130285,120609040.00
2013/09/30,25.49,25.79,25.35,25.56,3119973,91221856.00
2013/10/08,25.44,26.23,24.94,25.75,4354328,127834184.00
2013/10/09,25.59,26.19,25.35,26.06,3991078,117676368.00
2013/10/10,25.84,27.44,25.84,26.51,6167184,187318656.00
2013/10/11,26.74,28.03,26.73,27.73,8180845,256349536.00
2013/10/14,27.94,28.84,27.52,28.09,8173704,260625520.00
2013/10/15,28.07,28.20,27.40,27.54,5010497,156932048.00
2013/10/16,27.46,28.02,25.87,26.23,6901659,209611760.00
2013/10/17,26.37,26.69,25.64,25.80,4266134,127084208.00
2013/10/18,25.69,26.01,25.34,25.86,2686550,78932056.00
2013/10/21,26.03,26.58,25.86,26.43,3532950,105755264.00
2013/10/22,26.38,27.03,25.59,25.70,3881393,115723512.00
2013/10/23,25.75,26.03,24.70,24.86,4533052,130646960.00
2013/10/24,24.84,25.17,24.46,24.92,2785986,79276520.00
2013/10/25,25.78,27.23,25.78,26.26,8094896,244149664.00
2013/10/28,26.69,26.99,25.66,25.73,4573080,136868384.00
2013/10/29,25.69,26.04,24.48,25.09,4577831,132360272.00
2013/10/30,25.14,25.96,24.84,25.94,3050536,88608232.00
2013/10/31,25.79,26.49,25.64,25.89,3145553,93454712.00
2013/11/01,25.96,26.14,25.22,25.59,2555365,74800896.00
2013/11/04,25.74,25.86,25.36,25.44,1789169,52305080.00
2013/11/05,25.36,25.86,24.94,25.84,2874086,83527304.00
2013/11/06,25.80,25.83,25.14,25.15,2540688,74128248.00
2013/11/07,25.10,25.26,24.84,24.86,1833753,52562628.00
2013/11/08,24.84,25.07,24.49,24.64,1979274,56243428.00
2013/11/11,24.50,24.84,24.37,24.59,1456970,41234924.00
2013/11/12,24.64,24.99,24.46,24.80,1971009,55889216.00
2013/11/13,24.72,24.72,23.61,23.63,3281563,91073000.00
2013/11/14,23.63,24.06,23.26,23.71,2498531,68292976.00
2013/11/15,23.79,24.53,23.62,24.22,3792840,105834184.00
2013/11/18,24.37,24.99,24.34,24.94,5538412,156530032.00
2013/11/19,24.95,25.53,24.85,25.21,4384191,126246776.00
2013/11/20,25.25,25.62,24.85,25.19,2729710,78358976.00
2013/11/21,25.21,25.32,24.74,25.19,2583499,73963800.00
2013/11/22,25.23,25.84,25.05,25.42,4239064,123708472.00
2013/11/25,25.32,25.71,24.84,24.94,3843684,111611112.00
2013/11/26,24.86,25.08,24.32,24.58,3974816,112294448.00
2013/11/27,24.51,24.94,24.48,24.84,3445093,97801432.00
2013/11/28,24.82,25.56,24.82,25.33,4284910,124125832.00
2013/11/29,25.37,25.74,25.29,25.44,4396117,128119432.00
2013/12/02,25.14,26.24,24.81,25.50,7129431,208153312.00
2013/12/03,25.49,26.84,25.49,26.57,8926994,266910016.00
2013/12/04,26.57,27.24,26.43,26.58,8732094,266673520.00
2013/12/05,26.62,27.04,26.37,26.88,5497058,166997760.00
2013/12/06,26.94,27.52,26.56,26.70,8174269,251415712.00
2013/12/09,26.56,26.90,26.24,26.67,5809906,175357648.00
2013/12/10,26.70,27.71,26.65,27.35,8395427,259933856.00
2013/12/11,27.14,27.29,26.29,26.69,6705463,204158464.00
2013/12/12,26.57,27.04,26.43,26.71,5038864,152922608.00
2013/12/13,26.46,26.92,26.28,26.60,4247369,128619672.00
2013/12/16,26.66,26.79,25.65,25.67,4574623,136066000.00
2013/12/17,25.64,25.82,25.34,25.61,3564539,104346264.00
2013/12/18,25.65,25.90,25.16,25.30,3068457,89812224.00
2013/12/19,25.44,25.59,24.84,24.93,3563026,102762528.00
2013/12/20,24.93,25.04,24.02,24.07,4794140,134668640.00
2013/12/23,24.17,24.45,23.84,24.19,3828613,106308072.00
2013/12/24,24.29,24.85,24.17,24.47,4069203,114541368.00
2013/12/25,24.39,25.19,24.32,25.15,4195614,119396352.00
2013/12/26,25.15,25.15,24.32,24.43,3385993,95815904.00
2013/12/27,24.40,25.01,24.34,24.90,3563391,101352512.00
2013/12/30,25.24,25.32,24.84,25.30,4330514,124464976.00
2013/12/31,25.10,25.47,24.94,25.22,3269146,94351616.00
2014/01/02,25.14,25.33,24.88,25.04,2889603,83114992.00
2014/01/03,24.85,25.00,24.25,24.36,4233066,119124824.00
2014/01/06,24.35,24.35,23.32,23.36,4191799,114191600.00
2014/01/07,23.22,23.61,23.01,23.25,3534883,95185104.00
2014/01/08,23.37,23.69,23.12,23.43,3415019,92398136.00
2014/01/09,23.37,23.48,22.72,22.81,4446531,119127832.00
2014/01/10,22.61,22.73,22.24,22.41,3008978,78660944.00
2014/01/13,22.43,22.78,22.30,22.55,2445777,63905412.00
2014/01/14,22.52,22.99,22.45,22.97,2466426,65047448.00
2014/01/15,22.95,23.06,22.51,22.64,3010240,79278456.00
2014/01/16,22.68,22.94,22.57,22.73,2933858,77372848.00
2014/01/17,22.67,22.67,22.02,22.19,3706013,95874744.00
2014/01/20,22.22,22.29,21.86,21.87,3330532,85454496.00
2014/01/21,22.04,22.29,21.89,22.04,5509164,141568256.00
2014/01/22,22.06,22.81,22.03,22.78,6799657,177814496.00
2014/01/23,22.64,22.92,22.53,22.71,4933745,130052096.00
2014/01/24,22.59,23.09,22.34,22.97,6190298,164376928.00
2014/01/27,22.70,23.03,22.65,22.78,4304273,114063688.00
2014/01/28,22.74,23.24,22.54,23.21,4206684,111529608.00
2014/01/29,23.54,24.58,23.49,24.21,9505554,263277632.00
2014/01/30,23.85,24.34,23.60,23.64,4103593,113181352.00
2014/02/07,23.45,23.80,23.10,23.60,4331031,117334464.00
2014/02/10,23.67,24.29,23.67,24.06,5421480,150010016.00
2014/02/11,24.19,24.69,23.97,24.22,6265538,175529600.00
2014/02/12,24.34,24.55,23.80,24.16,6798767,188543968.00
2014/02/13,24.16,24.19,23.52,23.55,6441914,176969856.00
2014/02/14,23.55,23.96,23.47,23.87,4815614,132017312.00
2014/02/17,23.94,24.35,23.92,24.32,6436624,178848208.00
2014/02/18,24.36,24.39,23.79,23.91,5169795,142859664.00
2014/02/19,23.84,24.21,23.56,24.18,4872386,134259552.00
2014/02/20,24.18,25.22,24.18,24.62,11772067,334770592.00
2014/02/21,24.61,24.77,23.72,24.09,6145689,170902336.00
2014/02/24,23.79,23.93,23.22,23.25,5659176,153231680.00
2014/02/25,23.27,23.63,22.37,22.57,5584573,149996528.00
2014/02/26,22.54,22.92,22.36,22.89,3399775,89461432.00
2014/02/27,23.04,23.04,22.40,22.44,3952831,104140944.00
2014/02/28,22.42,22.91,22.42,22.89,2982005,78509672.00
2014/03/03,22.94,23.33,22.72,23.10,4188479,111976384.00
2014/03/04,22.99,23.09,22.66,22.94,3136624,83291056.00
2014/03/05,23.04,23.29,22.72,23.05,3394738,90392224.00
2014/03/06,23.10,23.10,22.67,22.92,3015529,79937016.00
2014/03/07,22.99,23.12,22.73,22.75,2823493,74961880.00
2014/03/10,22.54,22.55,21.72,21.77,4606088,118360056.00
2014/03/11,21.83,22.12,21.61,21.90,2467288,62829876.00
2014/03/12,21.80,22.09,21.64,21.99,2566637,65546444.00
2014/03/13,21.99,22.32,21.75,22.20,3289053,84728856.00
2014/03/14,22.03,22.52,21.98,22.32,2585685,66914040.00
2014/03/17,22.51,22.51,22.11,22.42,2451676,63686128.00
2014/03/18,22.44,22.46,22.15,22.27,2715803,70511232.00
2014/03/19,22.19,22.21,21.84,22.04,2956479,75765224.00
2014/03/20,21.98,22.49,21.86,21.89,3005224,77654568.00
2014/03/21,21.83,22.59,21.72,22.47,3905213,100975704.00
2014/03/24,22.54,22.73,22.27,22.71,4119889,107800120.00
2014/03/25,22.63,22.80,22.49,22.58,3228806,84912608.00
2014/03/26,22.60,22.82,22.46,22.80,2777257,73041272.00
2014/03/27,22.70,22.85,22.50,22.56,2438014,64218212.00
2014/03/28,22.54,22.73,22.40,22.61,2805397,73662608.00
2014/03/31,22.71,23.20,22.62,22.97,4313805,114761704.00
2014/04/01,22.94,23.22,22.81,23.15,3239999,86661832.00
2014/04/02,23.19,23.30,23.03,23.30,2970784,79798288.00
2014/04/03,23.33,23.46,22.94,23.06,3284836,88154200.00
2014/04/04,23.06,23.82,22.91,23.72,4859324,132132848.00
2014/04/08,23.72,24.18,23.70,23.99,6006236,165561376.00
2014/04/09,24.10,24.43,23.90,24.20,6111320,170131184.00
2014/04/10,24.64,24.65,23.95,24.04,9929906,277882464.00
2014/04/11,24.04,25.14,24.04,24.70,10036813,285524288.00
2014/04/14,24.76,25.21,24.60,24.76,6629839,189263568.00
2014/04/15,24.84,24.84,23.97,24.02,6873951,191986368.00
2014/04/16,24.09,24.28,23.97,24.18,3435672,95499208.00
2014/04/17,24.32,24.43,23.94,23.98,3515099,97493840.00
2014/04/18,23.86,24.16,23.77,24.12,4484015,124145824.00
2014/04/21,23.99,24.30,23.85,23.95,4132812,114603752.00
2014/04/22,23.86,24.08,23.50,23.79,3211804,88202128.00
2014/04/23,23.79,23.90,23.44,23.51,3198315,87302944.00
2014/04/24,23.57,24.34,23.44,24.08,5025468,139125120.00
2014/04/25,24.11,24.84,24.04,24.21,7362173,207080528.00
2014/04/28,24.00,25.14,24.00,24.45,7574492,213758112.00
2014/04/29,24.54,24.84,24.15,24.73,6051004,170603200.00
2014/04/30,24.74,25.09,24.49,24.63,5245206,149245280.00
2014/05/05,24.57,24.63,24.09,24.51,5214423,145802320.00
2014/05/06,24.46,24.77,24.34,24.47,3968633,111942400.00
2014/05/07,24.34,24.34,23.74,23.76,3833745,105989544.00
2014/05/08,23.74,23.84,23.45,23.51,4759905,129887096.00
2014/05/09,23.59,23.64,23.21,23.43,2911017,78843656.00
2014/05/12,23.64,23.91,23.37,23.85,5213986,142572640.00
2014/05/13,23.84,23.88,23.50,23.64,3284080,89801808.00
2014/05/14,23.63,23.82,23.51,23.67,2323225,63419384.00
2014/05/15,23.67,23.72,23.12,23.14,2867794,77580576.00
2014/05/16,23.01,23.29,22.94,23.24,2271270,60777908.00
2014/05/19,23.22,23.22,22.75,22.88,2529423,67138984.00
2014/05/20,23.01,23.34,22.91,22.97,2631485,70327584.00
2014/05/21,22.89,23.32,22.82,23.29,2003362,53647940.00
2014/05/22,23.31,23.55,23.12,23.14,2649129,71599360.00
2014/05/23,23.20,23.29,22.93,23.24,2044347,54725112.00
2014/05/26,23.30,23.42,23.12,23.39,3153680,84987384.00
2014/05/27,23.38,23.48,23.14,23.22,2549558,68725968.00
2014/05/28,23.23,23.36,23.00,23.31,2664758,71569384.00
2014/05/29,23.32,23.41,22.97,22.99,2398106,64272064.00
2014/05/30,22.91,23.07,22.66,23.00,3814735,101243056.00
2014/06/03,22.98,23.16,22.92,22.94,3160380,84404336.00
2014/06/04,22.94,22.97,22.56,22.66,2534764,66799712.00
2014/06/05,22.66,22.86,22.57,22.84,2236732,58990028.00
2014/06/06,22.84,23.09,22.73,22.83,4366602,116103064.00
2014/06/09,22.83,22.96,22.77,22.81,2429267,64394012.00
2014/06/10,22.82,23.07,22.78,23.04,2791762,74288568.00
2014/06/11,23.11,23.68,23.05,23.61,6312182,171310912.00
2014/06/12,23.55,23.69,23.38,23.48,2983381,81054176.00
2014/06/13,23.45,23.86,23.45,23.79,5470861,149687760.00
2014/06/16,23.84,23.97,23.66,23.90,5656311,155475616.00
2014/06/17,23.92,23.96,23.36,23.39,4795681,124424776.00
2014/06/18,23.35,23.40,22.92,22.95,3756627,95960488.00
2014/06/19,23.01,23.26,22.59,22.67,3230679,81980424.00
2014/06/20,22.70,22.82,22.58,22.74,2222916,55902920.00
2014/06/23,22.80,22.85,22.59,22.68,3231722,81233280.00
2014/06/24,22.65,22.96,22.62,22.95,2485864,62793776.00
2014/06/25,22.92,22.93,22.75,22.81,1850452,46719616.00
2014/06/26,22.81,23.01,22.81,22.88,3197666,81040032.00
2014/06/27,22.89,23.14,22.79,23.00,3116997,79187896.00
2014/06/30,22.98,23.17,22.96,23.09,2920430,74518968.00
2014/07/01,23.13,23.15,22.94,23.01,2688309,68428752.00
2014/07/02,23.01,23.14,22.91,23.12,2980945,75851808.00
2014/07/03,23.31,23.65,23.21,23.34,5659277,146257696.00
2014/07/04,23.36,23.40,23.14,23.18,3252729,83458000.00
2014/07/07,23.18,23.25,22.86,22.93,3907959,99434480.00
2014/07/08,22.86,23.14,22.86,23.13,2931149,74596504.00
2014/07/09,23.05,23.10,22.71,22.73,3128345,79241184.00
2014/07/10,22.67,22.94,22.67,22.74,2577822,65040212.00
2014/07/11,22.73,23.02,22.68,22.95,2280968,57807052.00
2014/07/14,23.01,23.43,22.97,23.34,4833605,124264976.00
2014/07/15,23.34,23.40,23.14,23.33,3279126,84273808.00
2014/07/16,23.30,23.75,23.28,23.45,4706486,122204568.00
2014/07/17,23.44,23.46,23.06,23.15,3058496,78496072.00
2014/07/18,23.10,23.39,23.09,23.24,2252291,57930860.00
2014/07/21,23.25,23.51,23.24,23.44,2706300,69879200.00
2014/07/22,23.45,23.48,23.22,23.43,3936702,101589896.00
2014/07/23,23.39,23.49,23.24,23.28,4119984,106302360.00
2014/07/24,23.29,23.88,23.29,23.76,7655380,199481088.00
2014/07/25,23.83,23.97,23.68,23.93,4846019,127348584.00
2014/07/28,24.17,24.69,24.12,24.55,7677927,206977920.00
2014/07/29,24.56,24.91,24.46,24.52,6633973,179444784.00
2014/07/30,24.49,24.54,24.24,24.39,5106017,136988448.00
2014/07/31,24.40,25.00,24.40,24.82,5278305,143694960.00
2014/08/01,24.77,24.95,24.54,24.54,7135071,194093680.00
2014/08/04,24.62,24.88,24.49,24.84,6137509,166699168.00
2014/08/05,24.88,25.05,24.78,24.88,4547739,124273536.00
2014/08/06,24.88,25.83,24.68,25.44,8374993,232389040.00
2014/08/07,25.37,25.52,24.85,24.87,5934811,163878592.00
2014/08/08,24.87,24.95,24.68,24.76,4232936,115183512.00
2014/08/11,24.80,25.52,24.80,25.50,6212751,171397472.00
2014/08/12,25.42,25.42,25.12,25.24,4352080,120377152.00
2014/08/13,25.22,25.47,25.02,25.20,5010986,138584160.00
2014/08/14,25.22,25.25,24.67,24.75,5239836,143442832.00
2014/08/15,24.75,25.08,24.75,24.92,4823080,132116536.00
2014/08/18,24.97,25.40,24.97,25.27,4988242,137895680.00
2014/08/19,25.39,25.81,25.21,25.58,6864317,192114336.00
2014/08/20,25.61,25.79,25.39,25.62,4300756,120361792.00
2014/08/21,25.60,26.34,25.60,26.10,8980288,255585840.00
2014/08/22,26.09,26.09,25.51,25.74,8345836,235222704.00
2014/08/25,25.73,26.01,25.45,25.47,6029474,169909808.00
2014/08/26,25.42,25.51,25.06,25.19,5520100,152793360.00
2014/08/27,25.22,25.34,25.03,25.05,3748995,103408736.00
2014/08/28,25.06,25.25,24.84,24.95,3287807,90214992.00
2014/08/29,24.97,25.38,24.97,25.34,3439388,95034216.00
2014/09/01,25.37,25.93,25.35,25.77,5691795,159920272.00
2014/09/02,25.81,26.13,25.78,26.02,6411345,182348608.00
2014/09/03,26.12,26.30,25.76,25.94,8244066,235418256.00
2014/09/04,25.91,26.24,25.91,26.16,4825669,137696688.00
2014/09/05,26.26,26.34,25.97,26.22,5622164,160855184.00
2014/09/09,26.35,27.53,26.23,27.22,11663370,343935904.00
2014/09/10,27.07,27.43,26.96,27.33,6691283,198364032.00
2014/09/11,27.42,28.71,27.33,28.10,12371348,378539776.00
2014/09/12,27.91,28.29,27.72,27.95,7015334,213331600.00
2014/09/15,27.95,28.63,27.95,28.37,7696537,236702368.00
2014/09/16,28.34,28.51,26.91,27.04,10336109,310020480.00
2014/09/17,27.06,27.21,26.59,26.92,5511301,161418752.00
2014/09/18,26.96,27.12,26.74,26.92,4174030,122388248.00
2014/09/19,26.97,27.72,26.93,27.50,4378887,130514984.00
2014/09/22,27.49,27.49,26.34,26.56,5420582,158779440.00
2014/09/23,26.47,26.99,26.47,26.83,4157166,121301608.00
2014/09/24,26.94,27.41,26.68,27.36,4960897,146945808.00
2014/09/25,27.42,27.86,27.07,27.19,6587247,197465696.00
2014/09/26,27.15,28.23,27.06,27.97,6802981,206041232.00
2014/09/29,28.10,28.53,27.69,27.95,6857399,209653856.00
2014/09/30,28.01,28.23,27.76,27.97,4805780,146218560.00
2014/10/08,28.04,28.17,27.66,28.08,5730035,173841168.00
2014/10/09,28.06,28.51,27.84,28.00,6076728,185984368.00
2014/10/10,27.78,28.12,27.45,27.49,6983555,210627936.00
2014/10/13,27.36,27.36,26.75,27.08,5422075,159598448.00
2014/10/14,27.03,27.63,26.92,27.15,5449855,161604512.00
2014/10/15,27.16,27.70,26.94,27.66,5022438,149817328.00
2014/10/16,27.51,28.43,27.37,27.56,8656678,263603920.00
2014/10/17,27.69,28.04,26.95,27.43,5944763,177121696.00
2014/10/20,27.52,28.45,27.40,28.36,9644973,293754880.00
2014/10/21,28.36,30.10,28.27,29.03,14862736,472591680.00
2014/10/22,28.96,29.75,28.96,29.34,9945530,316870720.00
2014/10/23,29.14,29.50,28.16,28.47,9429486,293543776.00
2014/10/24,28.41,29.09,28.24,28.72,5937465,184651152.00
2014/10/27,28.74,28.84,28.23,28.55,4287301,132578544.00
2014/10/28,29.06,29.72,28.94,29.54,9335615,297292000.00
2014/10/29,29.86,30.34,29.41,29.63,11224797,362782592.00
2014/10/30,29.79,30.33,29.63,30.21,8841383,286796480.00
2014/10/31,30.34,30.90,30.23,30.71,9206740,303940416.00
2014/11/03,30.95,31.76,30.49,30.65,11570210,388667680.00
2014/11/04,30.56,31.14,29.91,30.23,9310123,306297696.00
2014/11/05,30.08,30.61,29.84,30.43,5212975,170313616.00
2014/11/06,30.46,30.84,30.04,30.48,4692435,154176080.00
2014/11/07,30.57,31.03,30.27,30.89,7418117,245832672.00
2014/11/10,31.17,31.43,30.58,31.12,7911145,264536352.00
2014/11/11,31.16,32.30,30.33,30.35,15868379,536117696.00
2014/11/12,30.26,31.00,29.76,30.91,7464018,245191696.00
2014/11/13,30.82,31.04,30.11,30.52,6487086,213577392.00
2014/11/14,30.47,30.49,29.84,30.14,5887615,191330960.00
2014/11/17,30.36,30.90,29.99,30.65,6324532,207753184.00
2014/11/18,30.56,30.76,30.39,30.56,4438412,146417296.00
2014/11/19,30.58,30.58,29.96,30.18,4604075,150339872.00
2014/11/20,30.18,30.21,29.57,29.87,4441987,143246768.00
2014/11/21,29.90,30.03,29.68,29.95,4548464,146843968.00
2014/11/24,30.22,30.66,30.08,30.51,8087124,265543264.00
2014/11/25,30.46,30.79,30.26,30.75,7998134,263425744.00
2014/11/26,30.84,30.90,30.48,30.70,6456491,213547168.00
2014/11/27,30.85,31.76,30.67,31.72,10842481,366253280.00
2014/11/28,31.74,32.25,31.36,31.65,9439055,322185216.00
2014/12/01,31.79,32.62,31.46,32.01,12847409,443711136.00
2014/12/02,32.05,32.64,31.90,32.46,9668120,335471584.00
2014/12/03,32.47,32.96,31.76,32.18,14390912,500130912.00
2014/12/04,32.20,33.09,32.07,32.90,10913846,382949504.00
2014/12/05,33.04,33.94,32.34,33.22,17804122,629430208.00
2014/12/08,33.16,36.79,32.72,36.77,21034265,808548352.00
2014/12/09,37.56,40.69,36.76,37.38,32270580,1332167680.00
2014/12/10,38.11,39.66,37.85,39.37,11519670,476495072.00
2014/12/11,38.91,43.36,38.26,42.71,14770897,643799104.00
2014/12/12,43.29,43.83,41.06,41.49,9428872,421489920.00
2014/12/15,41.39,42.80,40.55,41.64,9378816,414652864.00
2014/12/16,41.51,42.05,40.40,40.85,7745129,335480384.00
2014/12/17,40.75,41.80,40.38,41.00,6243005,271276352.00
2014/12/18,40.96,42.05,40.17,40.56,5243829,227811888.00
2014/12/19,41.06,42.03,39.57,41.06,8528066,369377440.00
2014/12/22,41.46,42.01,39.36,40.87,7839439,335954176.00
2014/12/23,40.86,40.86,39.41,39.53,6184753,262151664.00
2014/12/24,39.81,40.06,37.56,38.57,7862274,322940224.00
2014/12/25,39.01,39.76,38.68,39.39,4970323,207695088.00
2014/12/26,39.39,43.52,39.37,43.21,11247668,500762976.00
2014/12/29,44.06,47.04,43.85,45.45,12495705,597008448.00
2014/12/30,45.56,47.36,45.21,45.65,10295771,499791552.00
2014/12/31,45.76,46.04,44.11,45.49,6401684,304695936.00
2015/01/05,45.54,50.07,44.64,48.63,10626255,533191424.00
2015/01/06,47.99,49.85,47.66,48.52,6738483,344203296.00
2015/01/07,48.36,49.36,47.31,47.33,5843764,295121312.00
2015/01/08,46.88,47.71,45.51,45.58,5987938,292478016.00
2015/01/09,45.41,47.43,45.09,45.70,4936941,241568608.00
2015/01/12,45.77,46.56,44.18,45.14,4536460,216017840.00
2015/01/13,44.81,46.86,44.36,46.66,4102525,196994752.00
2015/01/14,46.66,48.96,46.26,47.46,4521940,226944288.00
2015/01/15,47.55,47.83,46.56,47.63,2950543,146499696.00
2015/01/16,47.72,48.05,46.66,47.30,3840834,190352240.00
2015/01/19,45.56,46.19,42.33,43.09,7767638,362786528.00
2015/01/20,43.61,44.73,43.43,44.01,6207824,289058624.00
2015/01/21,44.04,45.55,43.58,45.47,5348228,254064304.00
2015/01/22,45.56,46.21,44.68,46.09,4373582,209287680.00
2015/01/23,46.00,46.43,44.91,45.21,3375300,162940608.00
2015/01/26,45.08,46.07,44.64,45.67,3600333,171859840.00
2015/01/27,45.68,45.69,44.64,45.22,3685815,175399024.00
2015/01/28,44.98,46.04,44.86,45.23,3456433,165831872.00
2015/01/29,44.64,45.06,43.59,43.67,3673448,172386912.00
2015/01/30,43.56,44.12,42.06,42.63,4678558,212013920.00
2015/02/02,41.66,42.07,40.76,41.33,3863129,168957984.00
2015/02/03,41.67,42.94,41.56,42.68,4083077,182872832.00
2015/02/04,42.84,42.96,41.06,41.23,4005994,177042736.00
2015/02/05,41.86,42.11,40.36,40.50,3702867,161217472.00
2015/02/06,40.44,41.32,39.67,41.01,3385222,144765280.00
2015/02/09,41.01,41.01,39.19,39.37,6186806,261916864.00
2015/02/10,39.21,40.19,39.21,40.04,2692231,114035632.00
2015/02/11,40.16,42.00,40.02,41.50,3060474,133883424.00
2015/02/12,41.43,43.71,41.14,43.24,4639735,209227984.00
2015/02/13,43.36,43.53,42.56,42.68,4124348,187291408.00
2015/02/16,42.84,43.04,41.58,42.70,3141698,140739936.00
2015/02/17,42.76,44.25,42.56,43.09,4051400,186800864.00
2015/02/25,43.22,43.56,42.25,42.34,2235308,100576208.00
2015/02/26,42.29,44.03,42.03,43.84,2697693,122951816.00
2015/02/27,43.86,43.96,43.16,43.55,3297600,151645936.00
2015/03/02,44.03,44.84,43.47,43.70,4969568,230801952.00
2015/03/03,43.72,43.72,41.84,42.32,5590803,252376336.00
2015/03/04,42.16,42.56,41.49,42.46,5003186,221887504.00
2015/03/05,42.59,42.80,41.90,42.08,4970731,222826976.00
2015/03/06,42.08,42.80,41.51,41.59,3572524,159168576.00
2015/03/09,41.47,42.00,40.86,41.75,4484899,197281840.00
2015/03/10,41.74,46.17,41.57,45.90,10659648,496146016.00
2015/03/11,45.56,46.05,44.04,44.86,6708064,317982240.00
2015/03/12,44.79,45.96,44.36,45.77,5213580,247833472.00
2015/03/13,45.95,46.56,45.26,45.75,4120382,198960160.00
2015/03/16,46.15,46.56,45.18,46.47,5913885,285159936.00
2015/03/17,46.65,46.66,45.92,46.08,6825704,332388480.00
2015/03/18,45.91,46.52,45.91,46.46,5362809,261387904.00
2015/03/19,46.47,46.53,45.09,45.40,6536816,314314912.00
2015/03/20,45.49,45.53,44.38,44.43,9724761,459317760.00
2015/03/23,44.51,45.43,44.37,44.64,13468538,636725952.00
2015/03/24,44.85,47.34,44.85,47.28,16995570,828718400.00
2015/03/25,47.66,47.96,46.10,46.35,11591542,570447552.00
2015/03/26,46.41,47.72,45.95,46.64,7635551,376400448.00
2015/03/27,46.76,50.01,46.76,49.44,11459365,586894784.00
2015/03/30,50.59,54.53,49.56,52.97,11740059,641166784.00
2015/03/31,53.56,54.75,50.41,50.94,11800976,645592448.00
2015/04/01,50.91,52.55,50.91,51.71,6814734,369000256.00
2015/04/02,52.25,54.26,51.81,54.25,8966803,499479936.00
2015/04/03,53.54,58.42,53.24,57.09,12211400,717063488.00
2015/04/07,57.06,60.89,56.96,59.70,12154241,750179712.00
2015/04/08,59.73,60.89,57.59,58.84,11383474,701846656.00
2015/04/09,58.56,61.21,53.56,60.61,12317309,745838208.00
2015/04/10,60.54,66.54,59.78,65.60,8450974,562582912.00
2015/04/13,67.35,70.57,65.35,69.14,9017998,637152640.00
2015/04/14,69.54,70.14,67.06,67.49,8250722,584768448.00
2015/04/15,63.92,64.24,60.50,60.50,16858991,1080620544.00
2015/04/16,57.94,59.66,55.45,57.92,14726881,883248064.00
2015/04/17,58.35,59.34,57.54,57.66,10243809,620068992.00
2015/04/20,57.56,57.61,53.56,54.33,12584677,734864000.00
2015/04/21,54.34,57.44,54.34,57.36,9203827,539999296.00
2015/04/22,57.46,60.39,57.44,58.67,10061193,618529024.00
2015/04/23,58.62,58.66,57.03,57.13,10418043,623327168.00
2015/04/24,53.57,55.36,52.60,54.81,17302131,980857088.00
2015/04/27,54.82,56.11,54.56,55.29,10903469,628921344.00
2015/04/28,55.38,55.85,53.16,54.14,8802221,498090976.00
2015/04/29,54.36,55.91,53.47,55.82,8334950,479308832.00
2015/04/30,56.16,58.91,56.16,56.74,11132622,668332864.00
2015/05/04,56.76,57.06,54.54,56.45,6130189,359245920.00
2015/05/05,56.06,56.50,53.57,53.64,7346348,419497056.00
2015/05/06,53.69,54.55,51.56,51.96,5989717,333171776.00
2015/05/07,51.93,52.20,50.44,51.41,4445469,238295888.00
2015/05/08,51.98,53.63,51.98,53.57,5966823,329775200.00
2015/05/11,54.04,54.76,53.58,54.68,7583067,428772448.00
2015/05/12,54.71,54.76,53.68,54.04,8396637,475150656.00
2015/05/13,53.89,57.16,53.32,56.34,13234973,766152128.00
2015/05/14,56.26,56.93,54.57,55.19,9473553,548336064.00
2015/05/15,55.06,55.06,52.56,53.37,6341800,354401312.00
2015/05/18,52.56,53.36,52.14,52.71,6383042,352183392.00
2015/05/19,52.96,55.86,52.91,55.33,8210741,466481248.00
2015/05/20,56.06,60.16,55.33,59.84,17628154,1058004800.00
2015/05/21,59.76,60.36,58.36,60.07,11635154,720563968.00
2015/05/22,60.70,60.96,58.96,60.58,10666501,665382080.00
2015/05/25,60.01,62.95,59.57,61.69,10975758,704333376.00
2015/05/26,61.81,62.33,60.02,61.93,16486771,1044340544.00
2015/05/27,61.90,63.21,59.50,60.60,13131800,832667712.00
2015/05/28,60.46,60.51,54.30,54.30,16766557,1011765056.00
2015/05/29,54.24,55.08,50.86,52.71,14099193,779498624.00
2015/06/01,52.86,55.68,52.56,55.51,8501606,482209984.00
2015/06/02,55.56,58.06,54.76,57.87,10216557,597918400.00
2015/06/03,60.57,63.90,60.41,63.90,24567702,1605838976.00
2015/06/04,62.56,67.30,60.04,66.10,18367150,1233845888.00
2015/06/05,67.06,67.86,64.36,65.02,15074238,1027972608.00
2015/06/08,65.06,65.41,62.16,64.57,12551506,827043648.00
2015/06/09,65.66,68.97,63.05,68.59,16964700,1160906240.00
2015/06/10,68.04,68.76,65.69,67.28,8500746,594417024.00
2015/06/11,67.56,69.55,67.26,67.56,8674100,613250048.00
2015/06/12,67.77,69.03,66.06,66.99,10618346,739716352.00
2015/06/15,67.35,69.64,66.56,67.07,11312605,798627264.00
2015/06/16,67.84,67.95,62.58,63.52,9647889,646838720.00
2015/06/17,64.06,64.42,60.06,63.16,7654778,494086272.00
2015/06/18,63.21,68.56,61.89,64.10,10159503,689123776.00
2015/06/19,62.96,66.05,60.24,60.51,7871669,518311680.00
2015/06/23,60.51,62.54,55.56,61.63,6485193,402262400.00
2015/06/24,62.06,64.64,61.08,64.38,7229086,469153824.00
2015/06/25,64.93,67.04,63.16,63.57,7756244,524297440.00
2015/06/26,62.25,62.25,56.97,56.97,8372816,507936416.00
2015/06/29,58.19,58.23,51.16,51.16,9394958,508665664.00
2015/06/30,50.37,54.37,45.93,54.10,9894075,502899872.00
2015/07/01,52.82,54.91,48.57,48.77,8068023,437895808.00
2015/07/02,49.33,50.32,43.78,43.82,8865320,418842336.00
2015/07/03,41.82,45.49,39.33,40.81,8953191,383188608.00
2015/07/06,45.00,45.00,36.62,42.26,13541455,563431040.00
2015/07/07,40.00,41.32,37.92,37.92,12578550,503713248.00
2015/07/08,34.01,40.79,34.01,34.01,36877791,1348160128.00
2015/07/09,34.01,37.53,33.92,37.53,9800971,369271360.00
2015/07/10,39.84,41.40,39.84,41.40,4923834,208051856.00
2015/07/13,45.12,45.66,42.70,45.66,11832599,545514048.00
2015/07/14,44.82,50.34,43.88,46.46,13203023,643946880.00
2015/07/15,45.15,45.92,42.02,42.11,7925530,356228768.00
2015/07/16,42.11,44.62,38.83,43.09,8422387,363465280.00
2015/07/17,43.52,46.59,43.10,45.83,5364705,247025344.00
2015/07/20,46.03,48.82,45.85,47.20,7423460,358610304.00
2015/07/21,47.00,47.00,45.42,46.15,7828059,369804352.00
2015/07/22,45.82,46.12,44.50,45.79,5901272,275021056.00
2015/07/23,45.82,47.95,45.23,47.66,7536587,359764128.00
2015/07/24,47.37,49.32,47.30,47.60,9923081,491463296.00
2015/07/27,46.87,46.87,42.72,42.72,8153351,376866240.00
2015/07/28,41.82,43.09,38.92,41.27,11956513,502379968.00
2015/07/29,41.62,43.17,39.82,43.10,4433479,188519328.00
2015/07/30,42.62,43.32,41.67,41.82,4926918,216286576.00
2015/07/31,40.64,41.81,39.82,40.47,3606232,151790912.00
2015/08/03,39.92,40.30,37.32,37.97,7152584,283083008.00
2015/08/04,38.17,40.92,38.17,40.86,6249948,254970368.00
2015/08/05,40.72,41.44,39.91,40.05,5006609,209298848.00
2015/08/06,38.88,41.00,38.86,39.81,4648572,191997120.00
2015/08/07,40.07,41.19,39.89,41.11,6908261,289843648.00
2015/08/10,41.33,43.50,41.13,43.08,9889615,429857984.00
2015/08/11,44.32,47.51,44.32,47.51,23588305,1135945728.00
2015/08/12,45.95,46.32,44.33,44.38,13688338,637179392.00
2015/08/13,44.42,44.99,42.82,44.93,8799424,398270976.00
2015/08/14,44.93,45.81,44.43,44.79,6967688,322977088.00
2015/08/17,44.52,45.79,43.55,45.65,6182651,282951040.00
2015/08/18,45.62,45.70,40.97,40.97,10439001,463087680.00
2015/08/19,39.64,41.60,37.85,41.23,7745898,318587328.00
2015/08/20,40.32,41.09,38.87,38.95,5328915,219619312.00
2015/08/21,37.67,38.95,36.72,37.02,6078814,237454496.00
2015/08/24,35.02,35.62,33.20,33.21,15780016,545094208.00
2015/08/25,31.64,32.77,29.77,29.77,16194009,513083680.00
2015/08/26,30.02,32.07,29.57,30.37,10038666,318586304.00
2015/08/27,31.20,32.61,30.44,32.55,7250450,237489056.00
2015/08/28,33.32,34.67,32.84,34.62,8282833,287739456.00
2015/08/31,34.30,34.30,32.82,33.19,5282736,182523872.00
2015/09/01,33.21,33.21,30.83,31.35,5460805,181139904.00
2015/09/02,30.39,32.54,29.82,32.40,8426678,277241152.00
2015/09/07,32.37,34.02,31.82,32.37,5869066,202562000.00
2015/09/08,32.85,34.80,32.13,34.57,6194300,213298688.00
2015/09/09,34.82,36.23,34.33,35.36,8575214,313219776.00
2015/09/10,34.82,35.12,34.30,34.52,3777274,135503824.00
2015/09/11,34.47,35.01,34.32,34.59,2450200,87833248.00
2015/09/14,34.82,35.59,32.15,32.41,4727629,166676256.00
2015/09/15,32.02,32.49,30.89,31.12,3385510,111305168.00
2015/09/16,31.30,34.29,31.30,33.72,4238807,143909616.00
2015/09/17,33.67,34.33,33.01,33.02,4419769,153624320.00
2015/09/18,33.14,33.70,32.62,33.22,2675996,91525016.00
2015/09/21,32.64,34.13,32.32,34.01,3085460,107038736.00
2015/09/22,33.94,34.74,33.75,34.23,5037588,178530080.00
2015/09/23,33.72,34.01,33.13,33.28,3028211,105105336.00
2015/09/24,33.29,34.00,33.29,33.63,2585813,90143592.00
2015/09/25,33.62,33.74,32.05,32.57,3123400,106590960.00
2015/09/28,32.58,33.10,31.98,32.93,1597332,54010128.00
2015/09/29,32.50,32.77,32.22,32.44,1441602,48482992.00
2015/09/30,32.71,32.81,32.39,32.45,1497597,50553948.00
2015/10/08,33.52,33.80,32.53,32.74,12400326,426493376.00
2015/10/09,32.72,33.43,32.63,33.25,5747317,196977504.00
2015/10/12,33.49,35.32,33.42,35.02,10677649,380639072.00
2015/10/13,34.92,35.02,34.32,34.99,7611960,273286080.00
2015/10/14,34.77,34.90,34.18,34.21,6511755,232162048.00
2015/10/15,34.12,35.32,34.03,35.25,7285034,262495744.00
2015/10/16,35.46,35.89,34.91,35.87,8856781,324242624.00
2015/10/19,35.74,35.91,34.99,35.38,8331882,305345312.00
2015/10/20,35.32,36.02,34.95,35.86,10407970,382601568.00
2015/10/21,35.86,36.36,33.57,33.74,10637801,385916704.00
2015/10/22,33.85,34.92,33.57,34.61,7251723,256354304.00
2015/10/23,34.77,35.47,34.64,35.44,9263795,335404768.00
2015/10/26,35.92,36.98,35.63,36.76,12402981,465803968.00
2015/10/27,36.52,36.67,35.24,36.59,6592132,245234608.00
2015/10/28,35.35,35.75,34.59,34.72,12671518,460819744.00
2015/10/29,34.91,35.07,34.42,34.97,5921155,212696992.00
2015/10/30,34.73,34.82,33.95,34.47,5490979,195388432.00
2015/11/02,34.11,34.65,33.82,33.95,4807270,170343744.00
2015/11/03,33.82,34.10,33.17,33.37,6308526,218551840.00
2015/11/04,33.48,35.05,33.45,34.86,9484971,336647936.00
2015/11/05,34.70,36.15,34.54,35.64,15972324,585078016.00
2015/11/06,35.58,36.80,35.50,36.36,12282340,460804768.00
2015/11/09,36.43,36.76,35.73,36.53,14058953,527715040.00
2015/11/10,36.58,37.37,36.13,36.66,9864349,375237248.00
2015/11/11,36.33,36.66,36.25,36.64,7334724,275964480.00
2015/11/12,36.72,38.65,36.72,38.47,14833498,575334912.00
2015/11/13,37.85,38.47,36.72,37.03,13362577,516347616.00
2015/11/16,36.23,37.02,35.82,36.96,8733667,328545472.00
2015/11/17,37.23,37.77,36.70,36.90,9121408,350960960.00
2015/11/18,36.71,36.98,36.07,36.15,5972245,224714000.00
2015/11/19,36.36,36.88,36.19,36.85,4969677,187360448.00
2015/11/20,36.82,37.49,36.59,37.15,6975176,266267328.00
2015/11/23,37.19,37.20,36.35,36.50,7278054,276131392.00
2015/11/24,36.52,36.75,36.00,36.72,4596142,172636400.00
2015/11/25,36.63,39.58,36.56,38.86,15852224,627621440.00
2015/11/26,38.92,39.34,38.41,38.59,10310320,412584064.00
2015/11/27,38.47,40.45,36.82,37.69,16696901,670886784.00
2015/11/30,38.21,41.58,37.43,41.58,23175895,948324480.00
2015/12/01,41.62,43.80,41.12,42.68,24738797,1085251072.00
2015/12/02,42.62,45.15,40.70,43.77,18384413,813220864.00
2015/12/03,43.72,44.29,42.40,43.27,9715607,431136128.00
2015/12/04,43.31,45.51,42.94,45.00,13331186,608599296.00
2015/12/07,45.39,45.69,44.40,44.82,9053475,417202368.00
2015/12/08,44.57,44.65,42.48,42.83,8300758,367505600.00
2015/12/09,42.62,43.29,42.27,42.85,5133935,226040672.00
2015/12/10,43.12,44.58,41.70,42.02,6167743,274694304.00
2015/12/11,41.64,43.46,41.08,42.80,6247593,272102880.00
2015/12/14,44.48,47.20,43.82,46.36,12982953,604033152.00
2015/12/15,46.32,47.39,45.32,46.88,8782070,420174432.00
2015/12/16,47.07,51.12,47.07,50.11,12268655,623712768.00
2015/12/17,49.69,55.24,49.69,55.24,19420592,1073120704.00
2015/12/18,55.26,57.02,51.62,54.07,15556227,871189056.00
2015/12/21,55.42,59.58,55.41,58.64,17316326,1020582976.00
2015/12/22,59.82,62.59,57.84,59.06,26429886,1621845504.00
2015/12/23,58.43,62.72,58.43,59.45,20819765,1294265472.00
2015/12/24,58.12,58.28,54.63,54.82,14317345,813342080.00
2015/12/25,54.82,55.81,51.92,54.15,16489300,907326464.00
2015/12/28,53.81,53.82,51.25,51.48,16450616,876254208.00
2015/12/29,51.57,51.74,49.68,50.91,14480620,749794304.00
2015/12/30,51.52,52.02,50.12,51.55,13276919,693298944.00
2015/12/31,51.32,52.44,49.42,50.45,14517014,752633664.00
2016/01/04,49.79,50.17,45.29,45.29,11681295,566800896.00
2016/01/05,42.98,46.20,42.98,46.12,11988029,548571904.00
2016/01/06,45.70,46.40,44.32,46.09,11670337,544976256.00
2016/01/07,45.11,45.11,41.36,41.36,3264600,143441296.00
2016/01/08,42.42,43.92,39.83,42.31,13414334,582172288.00
2016/01/11,40.84,42.40,38.82,38.92,11524475,481650976.00
2016/01/12,39.44,41.72,38.44,40.70,12139341,504599680.00
2016/01/13,40.77,41.19,38.83,39.45,9318944,385924864.00
2016/01/14,37.82,42.09,37.44,41.86,10722304,446919648.00
2016/01/15,41.32,41.81,38.62,39.16,10600367,438988576.00
2016/01/18,38.33,40.67,38.33,39.87,6941718,284599392.00
2016/01/19,39.90,41.47,39.72,41.16,9332768,391366272.00
2016/01/20,40.90,41.07,39.42,39.71,9635004,399604288.00
2016/01/21,39.07,39.79,37.39,37.48,8465972,337753536.00
2016/01/22,38.02,38.21,36.33,37.64,7638300,294660096.00
2016/01/25,37.98,38.42,37.52,38.19,5832376,228033152.00
2016/01/26,37.62,37.78,34.25,34.25,8659852,322165024.00
2016/01/27,34.70,34.70,31.95,33.82,8052254,278712608.00
2016/01/28,33.23,34.09,32.03,32.88,6148614,212288672.00
2016/01/29,31.92,34.27,31.92,33.80,7099101,245395664.00
2016/02/01,33.47,33.76,32.53,33.22,4816558,165827040.00
2016/02/02,33.22,34.52,33.02,34.20,5362023,188789200.00
2016/02/03,33.72,34.27,33.42,34.12,4465945,156561456.00
2016/02/04,34.23,35.31,34.15,34.77,5153694,185224448.00
2016/02/05,34.85,36.51,34.57,36.18,8591733,317656960.00
2016/02/15,34.93,35.62,33.93,35.29,3819901,138406656.00
2016/02/16,35.27,36.58,35.27,36.35,4921456,183662528.00
2016/02/17,36.16,36.57,35.73,36.40,5184155,193301872.00
2016/02/18,36.76,36.82,35.73,35.78,4679366,174930944.00
2016/02/19,35.60,36.14,35.25,35.44,4455960,164048784.00
2016/02/22,35.86,36.90,35.52,36.81,6320761,236420256.00
2016/02/23,36.86,36.86,35.52,35.79,6162756,229227120.00
2016/02/24,35.67,35.99,35.04,35.92,4581212,168501536.00
2016/02/25,35.72,35.81,32.21,32.21,8737240,305562720.00
2016/02/26,32.69,33.68,32.52,33.39,6336249,217442784.00
2016/02/29,33.39,33.39,30.89,32.91,6591473,221143968.00
2016/03/01,33.02,34.41,32.62,34.26,4590027,160053856.00
2016/03/02,35.88,37.27,35.82,36.69,7969695,301081504.00
2016/03/03,36.72,38.31,36.17,37.71,10710154,407725728.00
2016/03/04,37.54,37.57,35.83,35.99,7256305,275234400.00
2016/03/07,36.35,37.02,36.13,36.89,5194268,197371072.00
2016/03/08,36.81,38.09,35.43,37.88,7366735,282161664.00
2016/03/09,37.62,39.20,36.88,38.36,7364988,289483552.00
2016/03/10,38.28,39.60,38.10,38.33,6422936,258224720.00
2016/03/11,37.62,39.55,37.40,39.41,6293700,252445280.00
2016/03/14,39.89,40.70,39.00,39.20,7738750,317908896.00
2016/03/15,38.86,39.20,37.85,38.07,4555186,179814880.00
2016/03/16,38.42,38.62,37.47,37.71,3496930,137303760.00
2016/03/17,37.90,38.78,37.67,38.63,4065685,160347184.00
2016/03/18,38.56,39.67,38.56,39.07,7895281,318642944.00
2016/03/21,39.30,39.67,38.77,39.30,9531564,384046176.00
2016/03/22,39.02,40.32,38.72,39.29,6341726,258343392.00
2016/03/23,38.99,39.50,38.63,39.14,6413873,257689952.00
2016/03/24,38.82,38.92,38.02,38.37,5906487,234270736.00
2016/03/25,38.25,39.27,38.25,39.25,4363639,174636720.00
2016/03/28,39.35,39.88,38.62,38.66,3832815,155203328.00
2016/03/29,38.70,38.92,36.77,36.92,4718104,182765600.00
2016/03/30,37.22,38.06,37.07,37.90,4859007,187988240.00
2016/03/31,38.02,38.62,37.75,38.20,3668434,144184160.00
2016/04/01,38.11,38.26,37.32,38.02,3336471,129795976.00
2016/04/05,38.07,39.32,38.06,39.14,5144927,206239600.00
2016/04/06,38.92,39.57,38.52,39.31,4850480,195361056.00
2016/04/07,38.52,38.81,37.30,37.66,10314019,403275712.00
2016/04/08,37.24,37.74,36.99,37.32,5195035,199606848.00
2016/04/11,37.70,38.02,37.32,37.70,4759537,185069952.00
2016/04/12,37.68,37.68,37.23,37.49,2840151,109725456.00
2016/04/13,37.70,38.27,37.61,37.83,4736549,185685008.00
2016/04/14,37.94,38.37,37.87,38.12,3535387,138894224.00
2016/04/15,38.32,38.32,37.88,38.24,2600275,102246784.00
2016/04/18,38.19,38.20,37.22,37.28,2953565,114605088.00
2016/04/19,37.63,37.78,37.00,37.47,2676527,103065168.00
2016/04/20,39.33,39.82,37.47,38.81,13931605,556019520.00
2016/04/21,38.12,39.31,38.12,38.61,10819611,431502176.00
2016/04/22,38.37,42.59,38.12,41.15,16983294,714586112.00
2016/04/25,40.65,43.32,40.32,42.99,13546966,584746176.00
2016/04/26,42.82,42.99,41.48,42.67,8160629,354220032.00
2016/04/27,42.33,42.61,41.33,41.39,7482520,322423200.00
2016/04/28,41.70,42.25,40.83,41.86,7424934,317879808.00
2016/04/29,41.37,41.60,40.50,40.52,6418814,271361888.00
2016/05/03,40.33,42.08,40.33,41.98,7613599,324801824.00
2016/05/04,42.00,43.66,41.63,42.96,9159019,404140768.00
2016/05/05,42.79,43.19,42.17,42.77,5039669,220816960.00
2016/05/06,42.80,43.22,39.74,39.87,8654075,370124256.00
2016/05/09,39.62,39.86,37.81,37.89,7613084,304308352.00
2016/05/10,38.43,39.79,38.43,38.90,8025482,322486752.00
2016/05/11,38.94,40.20,38.94,39.44,6626787,269981472.00
2016/05/12,38.82,39.20,37.81,38.94,4743518,188802192.00
2016/05/13,39.17,40.12,38.92,39.34,4754942,193639056.00
2016/05/16,38.97,39.66,38.50,39.42,4671721,188046688.00
2016/05/17,39.59,39.59,38.62,38.93,4898555,197413376.00
2016/05/18,38.62,38.64,36.37,37.04,7366504,283837568.00
2016/05/19,37.05,37.73,36.92,36.99,3559654,136852144.00
2016/05/20,36.44,37.07,36.33,36.91,3050035,115693464.00
2016/05/23,36.97,37.40,36.97,37.27,2950632,113247608.00
2016/05/24,37.11,37.27,36.63,36.81,2353638,89514144.00
2016/05/25,37.15,37.41,36.98,37.19,2454083,94220592.00
2016/05/26,37.18,37.20,36.30,36.94,2889299,109228672.00
2016/05/27,36.83,37.36,36.72,36.94,2272554,86757328.00
2016/05/30,36.81,36.91,36.52,36.62,3541975,134170152.00
2016/05/31,36.71,38.44,36.62,38.33,5954297,231807600.00
2016/06/01,38.13,38.39,37.87,37.99,4611950,181247072.00
2016/06/02,37.99,38.29,37.78,38.18,3600714,141201616.00
2016/06/03,38.20,38.77,37.94,38.50,4645130,183428432.00
2016/06/06,38.43,39.11,38.01,38.17,4616192,183295984.00
2016/06/07,38.19,38.77,38.05,38.73,3650030,144435296.00
2016/06/08,38.62,38.65,37.77,37.87,4086545,160482320.00
2016/06/13,37.47,37.47,36.52,36.55,4098639,156354784.00
2016/06/14,36.55,36.93,36.33,36.80,1537432,58115524.00
2016/06/15,36.42,37.79,36.34,37.46,3936968,151966528.00
2016/06/16,37.50,37.97,37.32,37.52,2578787,99916016.00
2016/06/17,37.68,38.09,37.29,37.57,3629624,141051872.00
2016/06/20,37.58,37.61,37.04,37.43,1838721,70769016.00
2016/06/21,37.65,38.22,37.45,37.85,4489997,175098080.00
2016/06/22,37.68,37.70,37.38,37.58,3011561,115141464.00
2016/06/23,37.61,37.83,37.32,37.43,2139487,81829920.00
2016/06/24,37.36,37.61,36.05,36.67,3899493,146837408.00
2016/06/27,36.20,37.30,36.20,37.22,3489504,131484928.00
2016/06/28,36.98,37.74,36.76,37.71,4040912,153708112.00
2016/06/29,38.09,38.22,37.65,37.74,4893799,189042144.00
2016/06/30,37.79,37.99,37.69,37.80,2670479,102971504.00
2016/07/01,37.89,38.24,37.75,37.95,3038537,117777344.00
2016/07/04,37.67,38.58,37.65,38.38,4316707,168477776.00
2016/07/05,38.38,38.52,38.13,38.33,4213060,164293456.00
2016/07/06,38.42,39.64,38.39,39.58,8313788,331131488.00
2016/07/07,39.68,39.88,38.94,39.27,6558539,263176208.00
2016/07/08,39.37,41.83,39.05,40.61,9597947,397045312.00
2016/07/11,40.68,41.70,40.11,40.52,7285796,303928736.00
2016/07/12,40.78,41.16,39.86,41.04,5639342,233139488.00
2016/07/13,41.04,41.50,40.79,40.95,4703951,196575968.00
2016/07/14,40.98,41.00,40.01,40.32,4401750,180502208.00
2016/07/15,40.56,40.56,39.98,40.19,2616319,107017264.00
2016/07/18,40.19,40.52,39.78,40.20,2752900,112760944.00
2016/07/19,40.18,40.37,38.93,39.48,4762720,190957856.00
2016/07/20,39.42,39.64,39.06,39.47,3418673,136832128.00
2016/07/21,39.39,39.64,39.12,39.29,3385472,135787856.00
2016/07/22,39.27,39.45,39.03,39.12,2472294,98765336.00
2016/07/25,38.93,39.55,38.91,39.43,2187419,87560464.00
2016/07/26,39.29,40.06,39.29,39.82,3527224,142908528.00
2016/07/27,39.82,39.95,37.78,38.36,6123758,242231104.00
2016/07/28,38.41,38.75,37.96,38.68,4117263,160456240.00
2016/07/29,38.49,40.06,38.48,39.49,6576047,264540048.00
2016/08/01,39.33,39.33,38.16,38.53,3213301,126207024.00
2016/08/02,38.43,38.73,38.33,38.72,1811858,71142264.00
2016/08/03,38.66,38.99,38.40,38.88,2301277,90903560.00
2016/08/04,38.92,38.96,38.31,38.83,2637558,103788992.00
2016/08/05,39.17,40.84,39.08,39.91,8215494,335049472.00
2016/08/08,39.98,41.67,39.66,41.12,9195874,383315488.00
2016/08/09,41.08,41.08,40.45,40.73,5158210,213730400.00
2016/08/10,40.76,41.03,40.30,40.37,4307396,178003856.00
2016/08/11,40.39,40.70,39.80,39.92,3736138,152730048.00
2016/08/12,39.87,42.08,39.87,41.79,9948074,415921088.00
2016/08/15,41.89,43.10,41.63,42.29,11871321,512090208.00
2016/08/16,42.28,44.28,42.28,42.42,12256259,540083584.00
2016/08/17,42.28,43.47,42.08,43.12,6721497,291539168.00
2016/08/18,43.30,47.22,43.27,45.51,17927966,822546944.00
2016/08/19,44.98,45.86,43.97,45.29,10687083,486508704.00
2016/08/22,44.78,45.26,44.29,44.48,7292086,331210528.00
2016/08/23,43.37,43.45,41.93,42.24,12230551,527987328.00
2016/08/24,42.14,42.43,41.51,41.92,6238567,266124656.00
2016/08/25,41.12,41.68,40.88,41.55,5817777,244183696.00
2016/08/26,41.90,41.90,40.93,41.13,5290738,223323744.00
2016/08/29,41.19,41.57,41.08,41.34,2790029,117131688.00
2016/08/30,41.34,41.64,41.08,41.27,2738409,115092368.00
2016/08/31,41.28,42.09,41.18,41.79,5000412,212268544.00
2016/09/01,41.83,41.83,40.78,40.80,4413384,185102816.00
2016/09/02,40.69,41.25,40.16,40.48,3083784,127665856.00
2016/09/05,40.66,41.07,40.59,40.81,2193793,91063704.00
2016/09/06,40.78,41.41,40.35,41.37,3201852,133471688.00
2016/09/07,41.41,41.61,40.91,40.98,3209589,134649952.00
2016/09/08,40.90,41.16,40.67,40.88,2311406,96073968.00
2016/09/09,40.79,41.23,40.63,40.69,2644244,110177064.00
2016/09/12,40.18,40.19,39.27,39.31,4148469,167239504.00
2016/09/13,39.55,39.72,39.31,39.51,2130104,85716792.00
2016/09/14,39.39,39.46,39.07,39.16,2482009,99152520.00
2016/09/19,39.25,39.79,39.24,39.62,2207473,88917992.00
2016/09/20,39.58,40.42,39.38,40.18,3559708,145055584.00
2016/09/21,40.18,40.24,39.90,40.19,1712867,69866096.00
2016/09/22,40.48,40.94,40.29,40.51,3702659,153310368.00
2016/09/23,40.58,40.97,40.48,40.67,2222912,92025128.00
2016/09/26,40.66,41.07,40.09,40.28,3562548,146845248.00
2016/09/27,40.00,40.40,39.96,40.24,2282440,93226160.00
2016/09/28,40.47,40.79,40.14,40.57,2567792,105767336.00
2016/09/29,40.78,41.23,40.58,40.78,3123707,130049960.00
2016/09/30,40.71,40.99,40.55,40.67,1780096,73783568.00
2016/10/10,40.93,41.37,40.69,41.35,3453820,144267248.00
2016/10/11,41.28,42.23,41.19,42.09,4687510,199522896.00
2016/10/12,41.85,41.99,41.59,41.77,2329449,98871520.00
2016/10/13,41.65,42.05,41.61,41.73,1960405,83228192.00
2016/10/14,41.68,41.87,41.20,41.48,2627442,110645416.00
2016/10/17,41.39,41.59,40.83,41.18,4455282,186638112.00
2016/10/18,41.02,41.58,40.88,41.57,2020053,84935864.00
2016/10/19,41.58,41.58,41.23,41.32,3132720,131950592.00
2016/10/20,41.26,41.60,41.26,41.49,1987181,83861408.00
2016/10/21,41.40,41.62,41.09,41.40,2813760,118297560.00
2016/10/24,41.38,42.01,41.19,41.83,3630762,154424416.00
2016/10/25,42.06,42.33,41.68,42.32,4284260,183079056.00
2016/10/26,42.36,42.46,41.99,42.15,3285512,140776032.00
2016/10/27,42.13,42.27,41.80,42.16,1922493,82226320.00
2016/10/28,42.22,42.36,41.83,41.84,2576927,110373376.00
2016/10/31,41.48,41.60,40.99,41.22,2792270,116982264.00
2016/11/01,41.22,43.46,41.19,43.35,7241651,315149696.00
2016/11/02,43.08,43.57,42.68,43.24,4735930,207700112.00
2016/11/03,43.00,44.27,42.98,43.34,5284529,235122016.00
2016/11/04,43.28,44.22,42.88,43.09,3714162,164197424.00
2016/11/07,43.10,43.36,42.57,42.87,2477141,107968944.00
2016/11/08,43.12,43.63,42.88,43.14,2411362,106013056.00
2016/11/09,43.27,43.75,42.30,42.97,4396717,193225504.00
2016/11/10,43.31,43.55,43.13,43.27,3676784,161895744.00
2016/11/11,43.46,44.25,43.27,43.29,5077514,225448704.00
2016/11/14,42.94,43.58,42.79,43.01,3936441,172534064.00
2016/11/15,42.98,43.12,42.63,43.12,2444382,106522016.00
2016/11/16,43.18,43.58,42.88,43.47,3002161,132118880.00
2016/11/17,43.48,44.15,42.88,43.96,4446056,197034672.00
2016/11/18,44.79,45.54,44.30,44.69,7956834,363144352.00
2016/11/21,44.68,46.77,44.58,46.75,11868801,554988352.00
2016/11/22,46.68,46.68,45.74,46.03,7446412,348701728.00
2016/11/23,45.94,47.08,45.18,45.52,6961161,325678944.00
2016/11/24,45.50,46.82,44.82,46.71,7612056,355128768.00
2016/11/25,46.71,48.18,45.89,46.33,9091113,433510368.00
2016/11/28,46.58,47.64,45.98,46.18,7694585,364379456.00
2016/11/29,46.16,47.88,45.80,47.66,10819131,517146304.00
2016/11/30,47.26,47.95,45.89,46.05,7570317,357681472.00
2016/12/01,46.43,49.15,46.13,48.25,13296474,645747200.00
2016/12/02,47.78,48.61,46.10,46.25,10174492,486627232.00
2016/12/05,43.98,44.66,41.75,42.59,12851290,562068352.00
2016/12/06,42.45,43.06,41.94,42.39,5933682,256210768.00
2016/12/07,42.28,43.43,41.79,43.21,5948161,259468736.00
2016/12/08,43.48,43.55,42.18,42.31,6273300,272162016.00
2016/12/09,42.19,43.27,42.09,42.58,5722500,249143024.00
2016/12/12,42.18,42.43,40.23,40.29,8422734,352574336.00
2016/12/13,40.31,40.78,39.86,40.51,3846591,157925184.00
2016/12/14,40.47,40.48,39.29,39.55,5451233,220628912.00
2016/12/15,39.55,40.15,39.33,39.89,4517171,182853440.00
2016/12/16,39.86,40.68,39.70,40.45,3752371,153873280.00
2016/12/19,40.27,40.38,39.83,39.99,2723925,111120000.00
2016/12/20,40.03,40.24,39.89,40.08,2284104,93101624.00
2016/12/21,40.19,40.57,40.19,40.34,2891069,118697856.00
2016/12/22,40.27,40.37,39.99,40.16,2290578,93674680.00
2016/12/23,40.29,40.30,39.44,39.53,2560475,103880512.00
2016/12/26,39.38,39.56,38.72,39.53,3000795,119472064.00
2016/12/27,39.41,39.83,39.29,39.63,2756566,111200576.00
2016/12/28,39.55,39.75,39.08,39.15,2522690,101100304.00
2016/12/29,39.22,39.22,38.80,39.00,3003866,119320040.00
2016/12/30,39.01,39.38,38.98,39.21,2756827,109991816.00
2017/01/03,39.28,40.01,39.28,39.98,2810867,113895360.00
2017/01/04,39.98,40.68,39.78,40.55,3786649,155423792.00
2017/01/05,40.53,40.68,40.19,40.56,2570276,105693688.00
2017/01/06,40.48,40.48,40.02,40.03,2885508,118098144.00
2017/01/09,39.83,40.51,39.83,40.45,1927123,79145976.00
2017/01/10,40.51,42.22,40.51,41.59,7966701,338051936.00
2017/01/11,41.24,41.56,40.73,40.78,2686059,112458176.00
2017/01/12,40.77,41.07,40.54,40.77,2049134,85115776.00
2017/01/13,40.78,41.17,40.26,40.27,1978901,82016528.00
2017/01/16,40.10,40.18,38.16,39.28,3720406,149224816.00
2017/01/17,39.09,39.83,38.90,39.80,2174644,87450080.00
2017/01/18,39.80,40.68,39.56,40.57,2673885,109674472.00
2017/01/19,40.33,40.72,40.21,40.36,1367553,56328088.00
2017/01/20,40.28,40.97,40.19,40.75,1609351,66725152.00
2017/01/23,40.75,41.12,40.56,40.98,1567030,65139380.00
2017/01/24,40.86,41.05,40.68,40.84,1624689,67529392.00
2017/01/25,40.86,40.96,40.56,40.66,1444102,59836512.00
2017/01/26,40.77,41.00,40.65,40.67,1383956,57422376.00
2017/02/03,40.70,40.70,39.81,39.90,1917194,78281200.00
2017/02/06,39.88,40.19,39.74,40.16,2245193,91556960.00
2017/02/07,40.18,40.35,39.93,40.18,1627311,66461752.00
2017/02/08,40.15,40.77,40.02,40.61,2249182,92663976.00
2017/02/09,40.62,40.86,40.44,40.78,2668887,110578912.00
2017/02/10,40.84,40.88,40.48,40.61,3029095,125457576.00
2017/02/13,40.60,41.02,40.29,40.83,2620783,108716928.00
2017/02/14,40.86,40.90,40.65,40.67,2154108,89292616.00
2017/02/15,40.71,40.75,40.46,40.50,2558864,105764328.00
2017/02/16,40.42,40.88,40.41,40.85,2687935,111409152.00
2017/02/17,40.92,41.16,40.50,40.57,2615464,108405424.00
2017/02/20,40.44,41.41,40.44,41.32,5235304,219166304.00
2017/02/21,41.36,42.06,41.34,41.79,4454052,189193264.00
2017/02/22,41.60,42.09,41.38,41.94,3282512,139530960.00
2017/02/23,41.94,41.94,41.36,41.60,2581081,109145320.00
2017/02/24,41.55,41.55,41.20,41.38,2071127,87172520.00
2017/02/27,41.40,41.53,41.18,41.41,2227690,93766672.00
2017/02/28,41.27,41.45,41.19,41.35,1826585,76784192.00
2017/03/01,41.41,41.57,41.09,41.22,2105411,88473936.00
2017/03/02,41.25,41.28,41.02,41.05,3127065,130831568.00
2017/03/03,40.95,40.98,40.41,40.97,2620627,108530704.00
2017/03/06,40.79,41.22,40.78,41.17,1960903,82029176.00
2017/03/07,41.13,41.47,41.01,41.12,2227170,93357504.00
2017/03/08,41.22,41.34,41.07,41.13,1620935,67961400.00
2017/03/09,41.14,41.17,40.42,40.47,2370229,97908224.00
2017/03/10,40.43,40.74,40.41,40.48,1287438,53155136.00
2017/03/13,40.61,41.23,40.32,41.19,3185604,132363448.00
2017/03/14,41.09,41.20,40.86,40.90,2002146,83647408.00
2017/03/15,40.74,41.48,40.74,41.24,2202916,92296176.00
2017/03/16,41.33,41.43,41.13,41.30,3949838,165940352.00
2017/03/17,41.39,41.88,40.85,40.94,4850074,204243024.00
2017/03/20,41.18,41.56,41.08,41.55,3469954,145885376.00
2017/03/21,41.63,42.64,41.31,42.27,6587407,281772928.00
2017/03/22,41.97,42.62,41.79,42.06,4681520,200915280.00
2017/03/23,42.22,42.39,40.26,40.90,11754251,492337888.00
2017/03/24,40.67,40.88,40.29,40.78,4947799,204636480.00
2017/03/27,40.77,41.05,40.43,40.69,3391244,140233824.00
2017/03/28,40.76,40.76,40.30,40.43,2200781,90666816.00
2017/03/29,40.57,40.77,40.28,40.64,3311561,136813456.00
2017/03/30,40.50,40.78,40.06,40.22,4427901,182101248.00
2017/03/31,40.38,41.03,40.30,41.01,3679080,152579840.00
2017/04/05,40.93,41.71,40.91,41.48,3713131,156651728.00
2017/04/06,41.41,41.59,40.98,41.46,3104999,130651408.00
2017/04/07,41.31,41.68,41.15,41.49,3033326,128280752.00
2017/04/10,41.28,42.00,41.13,41.71,4102920,173661920.00
2017/04/11,41.68,41.76,40.79,41.17,3679713,154564784.00
2017/04/12,41.03,41.14,40.50,40.56,2764052,114508368.00
2017/04/13,40.38,40.70,40.20,40.54,1921211,79281576.00
2017/04/14,40.26,40.64,40.26,40.29,1569755,64510728.00
2017/04/17,40.22,40.61,39.28,39.34,2800311,113465248.00
2017/04/18,39.38,39.78,39.25,39.29,1359110,54730824.00
2017/04/19,39.31,39.59,39.06,39.54,1577661,63159592.00
2017/04/20,39.41,40.16,39.28,39.96,1743904,70580528.00
2017/04/21,39.70,40.12,39.70,39.92,950575,38689216.00
2017/04/24,39.92,40.07,38.91,39.17,1886548,75295416.00
2017/04/25,39.17,39.46,38.80,38.82,1793523,71409032.00
2017/04/26,39.12,39.13,37.31,38.01,4224220,163263056.00
2017/04/27,37.44,37.81,36.88,37.60,3023519,115041784.00
2017/04/28,37.48,37.70,37.28,37.64,1250106,47808128.00
2017/05/02,37.66,38.63,37.66,38.26,2236096,87385000.00
2017/05/03,38.26,38.42,37.88,38.10,1380304,53685960.00
2017/05/04,38.03,38.35,37.80,37.90,1282403,49714612.00
2017/05/05,37.78,38.03,37.59,37.60,1096126,42249120.00
2017/05/08,37.44,37.75,37.26,37.28,1248439,47648556.00
2017/05/09,37.08,37.46,37.03,37.35,1138861,43279132.00
2017/05/10,37.48,37.48,36.10,36.13,2625998,98432048.00
2017/05/11,35.96,36.22,35.03,35.54,3997314,144130208.00
2017/05/12,35.52,35.56,35.19,35.37,2977959,107446352.00
2017/05/15,35.41,35.88,35.40,35.60,1479323,53792004.00
2017/05/16,35.63,36.34,35.29,36.29,1757061,64392372.00
2017/05/17,36.12,36.63,36.08,36.25,2056961,76302176.00
2017/05/18,36.08,36.33,36.03,36.12,1022395,37739224.00
2017/05/19,36.11,36.55,36.11,36.23,1181095,43800464.00
2017/05/22,36.75,37.51,36.75,37.11,3138799,119026160.00
2017/05/23,37.28,37.37,36.33,36.36,2167465,80929936.00
2017/05/24,36.38,36.78,35.58,36.46,1366213,50375784.00
2017/05/25,36.46,36.95,36.21,36.87,2042904,76279200.00
2017/05/26,36.79,37.17,36.79,36.95,1785469,67312080.00
2017/05/31,37.40,37.78,37.23,37.35,3424348,130868856.00
2017/06/01,37.29,37.38,36.89,36.91,1937699,73391664.00
2017/06/02,36.84,37.83,36.78,37.61,2695674,102970736.00
2017/06/05,37.61,37.76,37.39,37.70,1957298,75003384.00
2017/06/06,37.74,37.95,37.48,37.80,1671197,64261464.00
2017/06/07,37.67,38.18,37.67,38.11,2111367,81696208.00
2017/06/08,37.88,38.23,37.88,38.09,1411464,54787220.00
2017/06/09,38.13,38.65,38.08,38.45,2061574,80652472.00
2017/06/12,38.46,38.58,38.18,38.21,1650407,64452560.00
2017/06/13,38.16,38.53,38.04,38.40,1510097,58997904.00
2017/06/14,38.13,38.13,37.31,37.42,2899621,111168160.00
2017/06/15,37.40,37.73,37.36,37.62,2219076,85049568.00
2017/06/16,37.62,37.73,37.44,37.50,1123077,43013444.00
2017/06/19,37.50,37.73,37.45,37.64,1303721,49977940.00
2017/06/20,37.68,37.78,37.59,37.68,1216377,46693272.00
2017/06/21,37.83,38.18,37.69,38.13,3133589,121132624.00
2017/06/22,38.17,39.24,38.16,38.33,3956209,155931424.00
2017/06/23,38.38,38.74,38.28,38.72,3046357,119532384.00
2017/06/26,38.86,39.43,38.86,39.26,3151188,125818960.00
2017/06/27,39.26,39.42,38.92,39.02,2050088,81533112.00
2017/06/28,38.97,38.97,38.55,38.62,2043996,80498312.00
2017/06/29,38.85,38.85,38.52,38.64,1867836,72191616.00
2017/06/30,38.64,39.09,38.41,38.97,1512873,58701992.00
2017/07/03,38.75,38.99,38.56,38.79,1701297,65955156.00
2017/07/04,38.70,38.82,38.61,38.63,1224236,47336516.00
2017/07/05,38.81,39.66,38.66,39.51,3191933,125461600.00
2017/07/06,39.48,39.57,39.23,39.37,2012209,79292568.00
2017/07/07,39.40,39.77,39.29,39.56,2045594,80956504.00
2017/07/10,39.72,40.02,39.36,39.83,1721583,68320464.00
2017/07/11,39.78,40.15,39.71,39.83,2144164,85684008.00
2017/07/12,39.77,40.06,38.82,39.18,2015419,79260424.00
2017/07/13,39.27,39.60,39.06,39.58,1401819,55313208.00
2017/07/14,39.58,39.75,39.30,39.40,882494,34826576.00
2017/07/17,39.50,39.50,37.70,37.83,3085087,118613936.00
2017/07/18,37.90,38.37,37.73,38.31,1541758,58794040.00
2017/07/19,38.33,39.10,38.01,39.02,2053391,79230352.00
2017/07/20,39.03,40.06,38.82,39.81,2711902,107688976.00
2017/07/21,39.75,41.08,39.62,40.53,4254847,172776448.00
2017/07/24,40.43,41.14,40.16,40.48,3532463,143772352.00
2017/07/25,40.31,40.67,39.95,40.25,2562627,103181592.00
2017/07/26,40.03,41.10,40.03,41.05,3106473,126492592.00
2017/07/27,41.04,41.05,40.32,40.50,2220978,90107352.00
2017/07/28,40.50,40.88,40.30,40.60,1875800,76229752.00
2017/08/02,40.70,40.70,40.70,40.70,0,0.00
数据来源:通达信
